Gen 0
float_yankdup,integer_swap,vector_float_conj,vector_float_conc,vector_float_occurrencesof,vector_float_replacefirst,vector_float_rest,vector_float_p,vector_float_s,vector_float_r,vector_float_first,integer_fromfloat,vector_float_last,vector_float_d,float_sw,exec_yankd,vector_float_n,exec_do*tim,exec_yankdup,exec_yank,integer_mu,vector_float_remove,vector_float_fir,exec_do*vector_float,float_r,vector_float_stackdep,vector_float_dup,vector_float_subvec,float_i,exec_do*range,integer_yankd,float_m,integer_rot,float_a,float_c,float_d,integer_stackdep,float_s,vector_float_occurrences,exec_stackdepth,vector_float_swap,vector_float_reverse,float_stackdepth,float_max,exec_do*vector_flo,float_min,vector_float_rot,float_rot,exec_shove,vector_float_pushall,float_stackdep,float_sub,vector_float_sho,integer_div,integer_mult,integer_min,float_shove,integer_flush,float_inc,in1,integer_yank,integer_fromflo,vector_float_yankdup,float_ya,vector_float_butla,integer_sw,float_pop,exec_d,float_yankd,integer_max,exec_dup,exec_k,float_frominteger,float_mult,exec_noop,exec_p,exec_r,exec_s,vector_float_butlast,integer_flu,exec_y,float_mod,integer_ya,integer_yankdup,exec_stackdep,exec_do*ran,vector_float_index,vector_float_pop,exec_do*cou,vector_float_ta,vector_float_flu,float_add,exec_do*times,integer_shove,float_tan,vector_float_la,vector_float_indexof,float_sho,float_frominteg,integer_dup,vector_float_stackdepth,exec_sho,vector_float_replace,exec_swap,vector_float_rever,autoconstructive_integer_ra,exec_sw,integer_add,exec_flush,float_flu,float_cos,exec_flu,integer_mod,float_div,vector_float_leng,integer_inc,vector_float_yank,exec_rot,vector_float_flush,float_dec,vector_float_set,integer_pop,vector_float_shove,exec_pop,vector_float_take,vector_float_concat,vector_float_pusha,vector_float_ya,vector_float_remo,float_sin,autoconstructive_integer_rand,vector_float_length,exec_do*count,integer_sub,float_mu,exec_no,vector_float_re,float_dup,integer_r,integer_sho,vector_float_yankd,integer_stackdepth,integer_dec,exec,vector_float_replacefir,vector_float_nth,float_swap,vector_float_co,exec_ya,float_yank,float_flush,float_t,integer_d,integer_a,integer_m,integer_i,vector_float_subv,integer_s,integer_p,vector_float_repla,vector_float_sw
0.213786213786,0.193806193806,0.196803196803,0.00599400599401,0.220779220779,0.208791208791,0.190809190809,0.003996003996,0.013986013986,0.004995004995,0.187812187812,0.192807192807,0.203796203796,0.003996003996,0.002997002997,0.00699300699301,0.003996003996,0.003996003996,0.212787212787,0.193806193806,0.001998001998,0.190809190809,0.00899100899101,0.196803196803,0.00599400599401,0.004995004995,0.211788211788,0.208791208791,0.004995004995,0.198801198801,0.001998001998,0.012987012987,0.198801198801,0.004995004995,0.003996003996,0.022977022977,0.00599400599401,0.012987012987,0.00699300699301,0.192807192807,0.213786213786,0.211788211788,0.195804195804,0.204795204795,0.001998001998,0.185814185814,0.218781218781,0.20979020979,0.198801198801,0.220779220779,0.00699300699301,0.210789210789,0.00999000999001,0.208791208791,0.196803196803,0.194805194805,0.197802197802,0.203796203796,0.182817182817,0.205794205794,0.195804195804,0.004995004995,0.186813186813,0.004995004995,0.004995004995,0.00899100899101,0.187812187812,0.003996003996,0.00899100899101,0.205794205794,0.18981018981,0.200799200799,0.206793206793,0.1998001998,0.196803196803,0.002997002997,0.00899100899101,0.18981018981,0.213786213786,0.003996003996,0.195804195804,0.185814185814,0.00999000999001,0.200799200799,0.00699300699301,0.003996003996,0.004995004995,0.207792207792,0.001998001998,0.00599400599401,0.002997002997,0.195804195804,0.18981018981,0.192807192807,0.186813186813,0.000999000999001,0.191808191808,0.010989010989,0.00999000999001,0.197802197802,0.193806193806,0.003996003996,0.212787212787,0.1998001998,0.00899100899101,0.000999000999001,0.00899100899101,0.190809190809,0.202797202797,0.00999000999001,0.186813186813,0.00599400599401,0.1998001998,0.204795204795,0.00899100899101,0.198801198801,0.211788211788,0.214785214785,0.184815184815,0.204795204795,0.194805194805,0.186813186813,0.197802197802,0.18981018981,0.188811188811,0.210789210789,0.00599400599401,0.00699300699301,0.001998001998,0.186813186813,0.191808191808,0.192807192807,0.190809190809,0.204795204795,0.001998001998,0.00699300699301,0.004995004995,0.204795204795,0.004995004995,0.003996003996,0.004995004995,0.204795204795,0.17982017982,0.013986013986,0.00699300699301,0.204795204795,0.186813186813,0.003996003996,0.003996003996,0.194805194805,0.1998001998,0.00999000999001,0.020979020979,0.00599400599401,0.022977022977,0.00599400599401,0.004995004995,0.001998001998,0.00699300699301,0.00599400599401,0.00699300699301
Gen 1
float_yankdup,integer_swap,vector_float_conj,vector_float_conc,vector_float_occurrencesof,vector_float_replacefirst,vector_float_rest,vector_float_p,vector_float_s,vector_float_r,vector_float_first,integer_fromfloat,vector_float_last,vector_float_d,float_sw,exec_yankd,vector_float_n,exec_do*tim,exec_yankdup,exec_yank,integer_mu,vector_float_remove,vector_float_fir,exec_do*vector_float,float_r,vector_float_stackdep,vector_float_dup,vector_float_subvec,float_i,exec_do*range,integer_yankd,float_m,integer_rot,float_a,float_c,float_d,integer_stackdep,float_s,vector_float_occurrences,exec_stackdepth,vector_float_swap,vector_float_reverse,float_stackdepth,float_max,exec_do*vector_flo,float_min,vector_float_rot,float_rot,exec_shove,vector_float_pushall,float_stackdep,float_sub,vector_float_sho,integer_div,integer_mult,integer_min,float_shove,integer_flush,float_inc,in1,integer_yank,integer_fromflo,vector_float_yankdup,float_ya,vector_float_butla,integer_sw,float_pop,exec_d,float_yankd,integer_max,exec_dup,exec_k,float_frominteger,float_mult,exec_noop,exec_p,exec_r,exec_s,vector_float_butlast,integer_flu,exec_y,float_mod,integer_ya,integer_yankdup,exec_stackdep,exec_do*ran,vector_float_index,vector_float_pop,exec_do*cou,vector_float_ta,vector_float_flu,float_add,exec_do*times,integer_shove,float_tan,vector_float_la,vector_float_indexof,float_sho,float_frominteg,integer_dup,vector_float_stackdepth,exec_sho,vector_float_replace,exec_swap,vector_float_rever,autoconstructive_integer_ra,exec_sw,integer_add,exec_flush,float_flu,float_cos,exec_flu,integer_mod,float_div,vector_float_leng,integer_inc,vector_float_yank,exec_rot,vector_float_flush,float_dec,vector_float_set,integer_pop,vector_float_shove,exec_pop,vector_float_take,vector_float_concat,vector_float_pusha,vector_float_ya,vector_float_remo,float_sin,autoconstructive_integer_rand,vector_float_length,exec_do*count,integer_sub,float_mu,exec_no,vector_float_re,float_dup,integer_r,integer_sho,vector_float_yankd,integer_stackdepth,integer_dec,exec,vector_float_replacefir,vector_float_nth,float_swap,vector_float_co,exec_ya,float_yank,float_flush,float_t,integer_d,integer_a,integer_m,integer_i,vector_float_subv,integer_s,integer_p,vector_float_repla,vector_float_sw
0.0769615192404,0.163418290855,0.116941529235,0.00149925037481,0.136431784108,0.100949525237,0.0754622688656,0.000999500249875,0.00499750124938,0.00299850074963,0.0714642678661,0.108445777111,0.0809595202399,0.00299850074963,0.00149925037481,0.00349825087456,0.00149925037481,0.000999500249875,0.118940529735,0.0464767616192,0.00299850074963,0.102448775612,0.00649675162419,0.110444777611,0.00249875062469,0.00149925037481,0.0849575212394,0.134432783608,0.00149925037481,0.128435782109,0.00149925037481,0.00499750124938,0.141429285357,0.00849575212394,0.00149925037481,0.0164917541229,0.00549725137431,0.000499750124938,0.00299850074963,0.146426786607,0.176911544228,0.0904547726137,0.106946526737,0.134432783608,0.000499750124938,0.0944527736132,0.11744127936,0.156421789105,0.115942028986,0.0894552723638,0.00199900049975,0.124437781109,0.000999500249875,0.0644677661169,0.11844077961,0.0924537731134,0.108445777111,0.100949525237,0.0854572713643,0.194402798601,0.112943528236,0.00549725137431,0.11644177911,0.000499750124938,0.000499750124938,0.007996001999,0.0829585207396,0.000999500249875,0.00599700149925,0.113943028486,0.159420289855,0.102448775612,0.150424787606,0.095952023988,0.0774612693653,0.000999500249875,0.00299850074963,0.144427786107,0.140929535232,0.00149925037481,0.111944027986,0.150924537731,0.00299850074963,0.131434282859,0.00199900049975,0.0169915042479,0.000999500249875,0.134932533733,0.0,0.000499750124938,0.00149925037481,0.135932033983,0.11644177911,0.0549725137431,0.134932533733,0.00199900049975,0.100449775112,0.000999500249875,0.0324837581209,0.0524737631184,0.118940529735,0.000499750124938,0.0729635182409,0.15692153923,0.00199900049975,0.0039980009995,0.000999500249875,0.102948525737,0.0219890054973,0.00499750124938,0.0664667666167,0.000499750124938,0.11844077961,0.0769615192404,0.000999500249875,0.103448275862,0.103948025987,0.150424787606,0.0914542728636,0.148925537231,0.107446276862,0.111944027986,0.150924537731,0.130934532734,0.106946526737,0.114942528736,0.000499750124938,0.00149925037481,0.00199900049975,0.0724637681159,0.107946026987,0.12343828086,0.110944527736,0.0664667666167,0.00549725137431,0.000999500249875,0.00149925037481,0.0409795102449,0.00549725137431,0.00199900049975,0.00549725137431,0.07996001999,0.100949525237,0.0299850074963,0.000999500249875,0.114942528736,0.0914542728636,0.00149925037481,0.0119940029985,0.106946526737,0.115942028986,0.00199900049975,0.0164917541229,0.00249875062469,0.0124937531234,0.00349825087456,0.0129935032484,0.000499750124938,0.00199900049975,0.00499750124938,0.00199900049975
Gen 2
float_yankdup,integer_swap,vector_float_conj,vector_float_conc,vector_float_occurrencesof,vector_float_replacefirst,vector_float_rest,vector_float_p,vector_float_s,vector_float_r,vector_float_first,integer_fromfloat,vector_float_last,vector_float_d,float_sw,exec_yankd,vector_float_n,exec_do*tim,exec_yankdup,exec_yank,integer_mu,vector_float_remove,vector_float_fir,exec_do*vector_float,float_p,float_r,vector_float_stackdep,vector_float_dup,vector_float_subvec,float_i,exec_do*range,integer_yankd,float_m,integer_rot,float_a,float_c,float_d,integer_stackdep,float_s,vector_float_occurrences,exec_stackdepth,vector_float_swap,vector_float_reverse,float_stackdepth,float_max,exec_do*vector_flo,float_min,vector_float_rot,float_rot,exec_shove,vector_float_pushall,float_stackdep,float_sub,vector_float_sho,integer_div,integer_mult,integer_min,float_shove,integer_flush,float_inc,in1,integer_yank,integer_fromflo,vector_float_yankdup,float_ya,vector_float_butla,integer_sw,float_pop,exec_d,float_yankd,integer_max,exec_dup,exec_k,float_frominteger,float_mult,exec_noop,exec_p,exec_r,exec_s,vector_float_butlast,integer_flu,exec_y,float_mod,integer_ya,integer_yankdup,exec_stackdep,exec_do*ran,vector_float_index,vector_float_pop,exec_do*cou,vector_float_ta,vector_float_flu,float_add,exec_do*times,integer_shove,float_tan,vector_float_la,vector_float_indexof,float_sho,float_frominteg,integer_dup,vector_float_stackdepth,exec_sho,vector_float_replace,exec_swap,vector_float_rever,autoconstructive_integer_ra,exec_sw,integer_add,exec_flush,float_flu,float_cos,exec_flu,integer_mod,float_div,vector_float_leng,integer_inc,vector_float_yank,exec_rot,vector_float_flush,float_dec,vector_float_set,integer_pop,vector_float_shove,exec_pop,vector_float_take,vector_float_concat,vector_float_pusha,vector_float_ya,vector_float_remo,float_sin,autoconstructive_integer_rand,vector_float_length,exec_do*count,integer_sub,float_mu,exec_no,vector_float_re,float_dup,integer_r,integer_sho,vector_float_yankd,integer_stackdepth,integer_dec,exec,vector_float_replacefir,vector_float_nth,float_swap,vector_float_co,exec_ya,float_yank,float_flush,float_t,integer_d,integer_a,integer_m,integer_i,vector_float_subv,integer_s,integer_p,vector_float_repla,vector_float_sw
0.0299900033322,0.144285238254,0.0439853382206,0.00133288903699,0.114628457181,0.0706431189603,0.0286571142952,0.000999666777741,0.000999666777741,0.000999666777741,0.0713095634788,0.0803065644785,0.032322559147,0.0056647784072,0.00133288903699,0.00133288903699,0.000333222259247,0.00133288903699,0.0786404531823,0.0439853382206,0.0,0.0953015661446,0.00733088970343,0.0999666777741,0.000333222259247,0.00233255581473,0.000666444518494,0.0529823392203,0.0519826724425,0.00266577807398,0.0696434521826,0.00133288903699,0.0146617794069,0.0559813395535,0.00166611129623,0.000666444518494,0.0056647784072,0.00166611129623,0.00166611129623,0.00166611129623,0.140286571143,0.115628123959,0.049983338887,0.0956347884039,0.086304565145,0.000999666777741,0.0766411196268,0.0829723425525,0.140953015661,0.0529823392203,0.0456514495168,0.000666444518494,0.0503165611463,0.00166611129623,0.0779740086638,0.0669776741086,0.0766411196268,0.0676441186271,0.0556481172942,0.0806397867378,0.118293902033,0.0649783405531,0.00633122292569,0.0739753415528,0.00199933355548,0.0,0.00399866711096,0.0669776741086,0.00233255581473,0.0,0.0629790069977,0.14161946018,0.111629456848,0.123292235921,0.102965678107,0.0329890036654,0.00199933355548,0.00333222259247,0.118627124292,0.104965011663,0.00299900033322,0.108963678774,0.129290236588,0.000666444518494,0.083638787071,0.00299900033322,0.0049983338887,0.000666444518494,0.107630789737,0.0,0.000333222259247,0.00233255581473,0.0583138953682,0.0789736754415,0.0359880039987,0.0973008997001,0.000666444518494,0.0523158947018,0.000666444518494,0.0169943352216,0.0356547817394,0.0693102299234,0.000999666777741,0.0603132289237,0.10163278907,0.00166611129623,0.00266577807398,0.00199933355548,0.0649783405531,0.00899700099967,0.00466511162946,0.0393202265911,0.0,0.0693102299234,0.0443185604798,0.000999666777741,0.0899700099967,0.0886371209597,0.106631122959,0.0759746751083,0.127957347551,0.0689770076641,0.04865044985,0.107964011996,0.130623125625,0.0473175608131,0.0626457847384,0.000333222259247,0.00266577807398,0.00166611129623,0.0293235588137,0.0679773408864,0.0709763412196,0.0933022325891,0.0803065644785,0.00299900033322,0.000333222259247,0.000333222259247,0.0409863378874,0.00599800066644,0.00299900033322,0.00633122292569,0.0549816727757,0.0709763412196,0.0189936687771,0.00299900033322,0.0689770076641,0.0589803398867,0.000999666777741,0.00366544485172,0.0956347884039,0.0546484505165,0.000333222259247,0.00533155614795,0.00333222259247,0.0049983338887,0.00333222259247,0.0056647784072,0.00133288903699,0.000666444518494,0.00766411196268,0.00133288903699
Gen 3
float_yankdup,integer_swap,vector_float_conj,vector_float_conc,vector_float_occurrencesof,vector_float_replacefirst,vector_float_rest,vector_float_p,vector_float_s,vector_float_r,vector_float_first,integer_fromfloat,vector_float_last,vector_float_d,float_sw,exec_yankd,vector_float_n,exec_do*tim,exec_yankdup,exec_yank,integer_mu,vector_float_remove,vector_float_fir,exec_do*vector_float,float_p,float_r,vector_float_stackdep,vector_float_dup,vector_float_subvec,float_i,exec_do*range,integer_yankd,float_m,integer_rot,float_a,float_c,float_d,integer_stackdep,float_s,vector_float_occurrences,exec_stackdepth,vector_float_swap,vector_float_reverse,float_stackdepth,float_max,exec_do*vector_flo,float_min,vector_float_rot,float_rot,exec_shove,vector_float_pushall,float_stackdep,float_sub,vector_float_sho,integer_div,integer_mult,integer_min,float_shove,integer_flush,float_inc,in1,integer_yank,integer_fromflo,vector_float_yankdup,float_ya,vector_float_butla,integer_sw,float_pop,exec_d,float_yankd,integer_max,exec_dup,exec_k,float_frominteger,float_mult,exec_noop,exec_p,exec_r,exec_s,vector_float_butlast,integer_flu,exec_y,float_mod,integer_ya,integer_yankdup,exec_stackdep,exec_do*ran,vector_float_index,vector_float_pop,exec_do*cou,vector_float_ta,vector_float_flu,float_add,exec_do*times,integer_shove,float_tan,vector_float_la,vector_float_indexof,float_sho,float_frominteg,integer_dup,vector_float_stackdepth,exec_sho,vector_float_replace,exec_swap,vector_float_rever,autoconstructive_integer_ra,exec_sw,integer_add,exec_flush,float_flu,float_cos,exec_flu,integer_mod,float_div,vector_float_leng,integer_inc,vector_float_yank,exec_rot,vector_float_flush,float_dec,vector_float_set,integer_pop,vector_float_shove,exec_pop,vector_float_take,vector_float_concat,vector_float_pusha,vector_float_ya,vector_float_remo,float_sin,autoconstructive_integer_rand,vector_float_length,exec_do*count,integer_sub,float_mu,exec_no,vector_float_re,float_dup,integer_r,integer_sho,vector_float_yankd,integer_stackdepth,integer_dec,exec,vector_float_replacefir,vector_float_nth,float_swap,vector_float_co,exec_ya,float_yank,float_flush,float_t,integer_d,integer_a,integer_m,integer_i,vector_float_subv,integer_s,integer_p,vector_float_repla,vector_float_sw
0.0169957510622,0.131967008248,0.0439890027493,0.000749812546863,0.110222444389,0.0747313171707,0.0177455636091,0.000499875031242,0.000999750062484,0.000999750062484,0.0632341914521,0.0564858785304,0.0299925018745,0.00299925018745,0.000749812546863,0.0,0.000499875031242,0.00124968757811,0.0634841289678,0.0364908772807,0.00124968757811,0.0972256935766,0.0047488127968,0.0919770057486,0.000249937515621,0.00174956260935,0.000499875031242,0.0572356910772,0.0437390652337,0.00174956260935,0.056735816046,0.00149962509373,0.0112471882029,0.0462384403899,0.000999750062484,0.0,0.00249937515621,0.000249937515621,0.000999750062484,0.00124968757811,0.13696575856,0.115221194701,0.0427393151712,0.10047488128,0.078480379905,0.00199950012497,0.0667333166708,0.0589852536866,0.116970757311,0.0452386903274,0.0372406898275,0.00174956260935,0.0479880029993,0.00199950012497,0.071232191952,0.0499875031242,0.0684828792802,0.0579855036241,0.0409897525619,0.0962259435141,0.107973006748,0.0667333166708,0.00124968757811,0.0562359410147,0.00324918770307,0.000249937515621,0.00199950012497,0.0539865033742,0.000499875031242,0.000499875031242,0.0487378155461,0.127218195451,0.10047488128,0.115971007248,0.0837290677331,0.034991252187,0.00299925018745,0.00249937515621,0.0922269432642,0.0994751312172,0.00224943764059,0.111222194451,0.117970507373,0.00224943764059,0.0747313171707,0.00299925018745,0.00499875031242,0.00149962509373,0.0864783804049,0.000749812546863,0.000999750062484,0.0034991252187,0.0499875031242,0.0544863784054,0.0467383154211,0.0899775056236,0.000749812546863,0.0339915021245,0.000499875031242,0.0212446888278,0.0207448137966,0.0604848787803,0.00149962509373,0.0529867533117,0.0932266933267,0.000999750062484,0.000499875031242,0.00274931267183,0.0472381904524,0.00549862534366,0.000749812546863,0.0247438140465,0.000249937515621,0.0569857535616,0.0387403149213,0.0034991252187,0.0782304423894,0.0734816295926,0.10447388153,0.0564858785304,0.115971007248,0.0544863784054,0.0489877530617,0.108972756811,0.118220444889,0.0409897525619,0.0559860034991,0.000499875031242,0.00149962509373,0.00224943764059,0.0249937515621,0.0614846288428,0.0614846288428,0.0902274431392,0.0817295676081,0.000999750062484,0.00174956260935,0.000749812546863,0.0239940014996,0.00324918770307,0.000249937515621,0.00749812546863,0.0457385653587,0.0562359410147,0.0134966258435,0.00424893776556,0.0629842539365,0.0552361909523,0.00124968757811,0.000999750062484,0.0832291927018,0.0432391902024,0.00149962509373,0.00374906273432,0.0034991252187,0.00249937515621,0.00174956260935,0.00649837540615,0.000749812546863,0.00174956260935,0.00799800049988,0.00299925018745
Gen 4
float_yankdup,integer_swap,vector_float_conj,vector_float_conc,vector_float_occurrencesof,vector_float_replacefirst,vector_float_rest,vector_float_p,vector_float_s,vector_float_r,vector_float_first,integer_fromfloat,vector_float_last,vector_float_d,float_sw,exec_yankd,vector_float_n,exec_do*tim,exec_yankdup,exec_yank,integer_mu,vector_float_remove,vector_float_fir,exec_do*vector_float,float_p,float_r,vector_float_stackdep,vector_float_dup,vector_float_subvec,float_i,exec_do*range,integer_yankd,float_m,integer_rot,float_a,float_c,float_d,integer_stackdep,float_s,vector_float_occurrences,exec_stackdepth,vector_float_swap,vector_float_reverse,float_stackdepth,float_max,exec_do*vector_flo,float_min,vector_float_rot,float_rot,exec_shove,vector_float_pushall,float_stackdep,float_sub,vector_float_sho,integer_div,integer_mult,integer_min,float_shove,integer_flush,float_inc,in1,integer_yank,integer_fromflo,vector_float_yankdup,float_ya,vector_float_butla,integer_sw,float_pop,exec_d,float_yankd,integer_max,exec_dup,exec_k,float_frominteger,float_mult,exec_noop,exec_p,exec_r,exec_s,vector_float_butlast,integer_flu,exec_y,float_mod,integer_ya,integer_yankdup,exec_stackdep,exec_do*ran,vector_float_index,vector_float_pop,exec_do*cou,vector_float_ta,vector_float_flu,float_add,exec_do*times,integer_shove,float_tan,vector_float_la,vector_float_indexof,float_sho,float_frominteg,integer_dup,vector_float_stackdepth,exec_sho,vector_float_replace,exec_swap,vector_float_rever,autoconstructive_integer_ra,exec_sw,integer_add,exec_flush,float_flu,float_cos,exec_flu,integer_mod,float_div,vector_float_leng,integer_inc,vector_float_yank,exec_rot,vector_float_flush,float_dec,vector_float_set,integer_pop,vector_float_shove,exec_pop,vector_float_take,vector_float_concat,vector_float_pusha,vector_float_ya,vector_float_remo,float_sin,autoconstructive_integer_rand,vector_float_length,exec_do*count,integer_sub,float_mu,exec_no,vector_float_re,float_dup,integer_r,integer_sho,vector_float_yankd,integer_stackdepth,integer_dec,exec,vector_float_replacefir,vector_float_nth,float_swap,vector_float_co,exec_ya,float_yank,float_flush,float_t,integer_d,integer_a,integer_m,integer_i,vector_float_subv,integer_s,integer_p,vector_float_repla,vector_float_sw
0.0133973205359,0.115576884623,0.0385922815437,0.000799840031994,0.0895820835833,0.0703859228154,0.0199960007998,0.000399920015997,0.000399920015997,0.000199960007998,0.0575884823035,0.0595880823835,0.0303939212158,0.00199960007998,0.00159968006399,0.000199960007998,0.000399920015997,0.00419916016797,0.0619876024795,0.0353929214157,0.000199960007998,0.0847830433913,0.00439912017596,0.0723855228954,0.000999800039992,0.00199960007998,0.00119976004799,0.0485902819436,0.0413917216557,0.00279944011198,0.0571885622875,0.00139972005599,0.00799840031994,0.0383923215357,0.000599880023995,0.000399920015997,0.00399920015997,0.000399920015997,0.000999800039992,0.00299940011998,0.116576684663,0.0973805238952,0.0361927614477,0.0831833633273,0.0657868426315,0.00179964007199,0.0547890421916,0.0571885622875,0.106178764247,0.0397920415917,0.0385922815437,0.000199960007998,0.0433913217357,0.000799840031994,0.0653869226155,0.0489902019596,0.0517896420716,0.0559888022396,0.0359928014397,0.0859828034393,0.100979804039,0.0607878424315,0.00239952009598,0.0623875224955,0.00299940011998,0.000399920015997,0.00279944011198,0.0567886422715,0.00139972005599,0.000199960007998,0.0441911617676,0.110777844431,0.0935812837433,0.100579884023,0.0863827234553,0.0395920815837,0.00279944011198,0.00239952009598,0.0707858428314,0.0835832833433,0.00179964007199,0.0975804839032,0.101379724055,0.00139972005599,0.0643871225755,0.00499900019996,0.00379924015197,0.0,0.0677864427115,0.000599880023995,0.000199960007998,0.00299940011998,0.0413917216557,0.0493901219756,0.0437912417516,0.0661867626475,0.000199960007998,0.0355928814237,0.000999800039992,0.0139972005599,0.0265946810638,0.0539892021596,0.000599880023995,0.0525894821036,0.0743851229754,0.000599880023995,0.000999800039992,0.00139972005599,0.0447910417916,0.00779844031194,0.000799840031994,0.0269946010798,0.0,0.0677864427115,0.0387922415517,0.00599880023995,0.0795840831834,0.0597880423915,0.0859828034393,0.0603879224155,0.0963807238552,0.0593881223755,0.0409918016397,0.0869826034793,0.0975804839032,0.0393921215757,0.0531893621276,0.000399920015997,0.00139972005599,0.000999800039992,0.0261947610478,0.0705858828234,0.0595880823835,0.0677864427115,0.0597880423915,0.00139972005599,0.000399920015997,0.0,0.0211957608478,0.00239952009598,0.00179964007199,0.00779844031194,0.0505898820236,0.0579884023195,0.0101979604079,0.000999800039992,0.0589882023595,0.0535892821436,0.000399920015997,0.000199960007998,0.0751849630074,0.0445910817836,0.00559888022396,0.00259948010398,0.00159968006399,0.00379924015197,0.000799840031994,0.00359928014397,0.000599880023995,0.00139972005599,0.00439912017596,0.00199960007998
Gen 5
float_yankdup,integer_swap,vector_float_conj,vector_float_conc,vector_float_occurrencesof,vector_float_replacefirst,vector_float_rest,vector_float_p,vector_float_s,vector_float_r,vector_float_first,integer_fromfloat,vector_float_last,vector_float_d,float_sw,exec_yankd,vector_float_n,exec_do*tim,exec_yankdup,exec_yank,integer_mu,vector_float_remove,vector_float_fir,exec_do*vector_float,float_p,float_r,vector_float_stackdep,vector_float_dup,vector_float_subvec,float_i,exec_do*range,integer_yankd,float_m,integer_rot,float_a,float_c,float_d,integer_stackdep,float_s,vector_float_occurrences,exec_stackdepth,vector_float_swap,vector_float_reverse,float_stackdepth,float_max,exec_do*vector_flo,float_min,vector_float_rot,float_rot,exec_shove,vector_float_pushall,float_stackdep,float_sub,vector_float_sho,integer_div,integer_mult,integer_min,float_shove,integer_flush,float_inc,in1,integer_yank,integer_fromflo,vector_float_yankdup,float_ya,vector_float_butla,integer_sw,float_pop,exec_d,float_yankd,integer_max,exec_dup,exec_k,float_frominteger,float_mult,exec_noop,exec_p,exec_r,exec_s,vector_float_butlast,integer_flu,exec_y,float_mod,integer_ya,integer_yankdup,exec_stackdep,exec_do*ran,vector_float_index,vector_float_pop,exec_do*cou,vector_float_ta,vector_float_flu,float_add,exec_do*times,integer_shove,float_tan,vector_float_la,vector_float_indexof,float_sho,float_frominteg,integer_dup,vector_float_stackdepth,exec_sho,vector_float_replace,exec_swap,vector_float_rever,autoconstructive_integer_ra,exec_sw,integer_add,exec_flush,float_flu,float_cos,exec_flu,integer_mod,float_div,vector_float_leng,integer_inc,vector_float_yank,exec_rot,vector_float_flush,float_dec,vector_float_set,integer_pop,vector_float_shove,exec_pop,vector_float_take,vector_float_concat,vector_float_pusha,vector_float_ya,vector_float_remo,float_sin,autoconstructive_integer_rand,vector_float_length,exec_do*count,integer_sub,float_mu,exec_no,vector_float_re,float_dup,integer_r,integer_sho,vector_float_yankd,integer_stackdepth,integer_dec,exec,vector_float_replacefir,vector_float_nth,float_swap,vector_float_co,exec_ya,float_yank,float_flush,float_t,integer_d,integer_a,integer_m,integer_i,vector_float_subv,integer_s,integer_p,vector_float_repla,vector_float_sw
0.00816530578237,0.0961506415597,0.0309948341943,0.000333277787035,0.0764872521246,0.0596567238794,0.0136643892685,0.000333277787035,0.000833194467589,0.000166638893518,0.0513247792035,0.0494917513748,0.0226628895184,0.000333277787035,0.000499916680553,0.000333277787035,0.000833194467589,0.00249958340277,0.0558240293284,0.0369938343609,0.00249958340277,0.0771538076987,0.00299950008332,0.0586568905182,0.000999833361106,0.00133311114814,0.000666555574071,0.042492917847,0.0341609731711,0.000666555574071,0.0486585569072,0.000833194467589,0.00549908348609,0.0351608065322,0.000333277787035,0.000333277787035,0.0028328611898,0.000833194467589,0.00133311114814,0.00249958340277,0.0956507248792,0.0868188635227,0.0298283619397,0.0741543076154,0.0494917513748,0.00266622229628,0.0444925845692,0.0506582236294,0.0873187802033,0.0318280286619,0.0348275287452,0.000499916680553,0.0404932511248,0.00216630561573,0.0586568905182,0.0356607232128,0.0428261956341,0.0496583902683,0.0326612231295,0.0816530578237,0.0844859190135,0.0476587235461,0.00249958340277,0.0533244459257,0.00216630561573,0.0018330278287,0.00216630561573,0.0484919180137,0.000999833361106,0.000833194467589,0.0378270288285,0.094317613731,0.0719880019997,0.0829861689718,0.0643226128979,0.0339943342776,0.00249958340277,0.00149975004166,0.0539910014998,0.0734877520413,0.00199966672221,0.0779870021663,0.0853191134811,0.000666555574071,0.0433261123146,0.00383269455091,0.00299950008332,0.000666555574071,0.0596567238794,0.000499916680553,0.0,0.00149975004166,0.0394934177637,0.0368271954674,0.042492917847,0.0578236960507,0.000499916680553,0.0288285285786,0.00116647225462,0.00933177803699,0.032827862023,0.046658890185,0.000333277787035,0.0464922512915,0.0613231128145,0.000999833361106,0.00116647225462,0.00299950008332,0.0411598066989,0.00583236127312,0.00133311114814,0.0304949175137,0.000166638893518,0.0498250291618,0.0361606398934,0.00249958340277,0.0641559740043,0.04215964006,0.0803199466756,0.046658890185,0.079820029995,0.0521579736711,0.0336610564906,0.0788201966339,0.0754874187635,0.0383269455091,0.0463256123979,0.000499916680553,0.00216630561573,0.00216630561573,0.023829361773,0.055990668222,0.0508248625229,0.0584902516247,0.0521579736711,0.000999833361106,0.000666555574071,0.0,0.0168305282453,0.00216630561573,0.000499916680553,0.00399933344443,0.0434927512081,0.051491418097,0.00816530578237,0.000833194467589,0.0498250291618,0.041826362273,0.00149975004166,0.000833194467589,0.0576570571571,0.0403266122313,0.00399933344443,0.00216630561573,0.000666555574071,0.00199966672221,0.00116647225462,0.00166638893518,0.000499916680553,0.000166638893518,0.0056657223796,0.00266622229628
Gen 6
float_yankdup,integer_swap,vector_float_conj,vector_float_conc,vector_float_occurrencesof,vector_float_replacefirst,vector_float_rest,vector_float_p,vector_float_s,vector_float_r,vector_float_first,integer_fromfloat,vector_float_last,vector_float_d,float_sw,exec_yankd,vector_float_n,exec_do*tim,exec_yankdup,exec_yank,integer_mu,vector_float_remove,vector_float_fir,exec_do*vector_float,float_p,float_r,vector_float_stackdep,vector_float_dup,vector_float_subvec,float_i,exec_do*range,integer_yankd,float_m,integer_rot,float_a,float_c,float_d,integer_stackdep,float_s,vector_float_occurrences,exec_stackdepth,vector_float_swap,vector_float_reverse,float_stackdepth,float_max,exec_do*vector_flo,float_min,vector_float_rot,float_rot,exec_shove,vector_float_pushall,float_stackdep,float_sub,vector_float_sho,integer_div,integer_mult,integer_min,float_shove,integer_flush,float_inc,in1,integer_yank,integer_fromflo,vector_float_yankdup,float_ya,vector_float_butla,integer_sw,float_pop,exec_d,float_yankd,integer_max,exec_dup,exec_k,float_frominteger,float_mult,exec_noop,exec_p,exec_r,exec_s,vector_float_butlast,integer_flu,exec_y,float_mod,integer_ya,integer_yankdup,exec_stackdep,exec_do*ran,vector_float_index,vector_float_pop,exec_do*cou,vector_float_ta,vector_float_flu,float_add,exec_do*times,integer_shove,float_tan,vector_float_la,vector_float_indexof,float_sho,float_frominteg,integer_dup,vector_float_stackdepth,exec_sho,vector_float_replace,exec_swap,vector_float_rever,autoconstructive_integer_ra,exec_sw,integer_add,exec_flush,float_flu,float_cos,exec_flu,integer_mod,float_div,vector_float_leng,integer_inc,vector_float_yank,exec_rot,vector_float_flush,float_dec,vector_float_set,integer_pop,vector_float_shove,exec_pop,vector_float_take,vector_float_concat,vector_float_pusha,vector_float_ya,vector_float_remo,float_sin,autoconstructive_integer_rand,vector_float_length,exec_do*count,integer_sub,float_mu,exec_no,vector_float_re,float_dup,integer_r,integer_sho,vector_float_yankd,integer_stackdepth,integer_dec,exec,vector_float_replacefir,vector_float_nth,float_swap,vector_float_co,exec_ya,float_yank,float_flush,float_t,integer_d,integer_a,integer_m,integer_i,vector_float_subv,integer_s,integer_p,vector_float_repla,vector_float_sw
0.00871304099414,0.0809884302243,0.0269961434081,0.00128553063848,0.0692758177403,0.0565633480931,0.0139980002857,0.000999857163262,0.000428510212827,0.000142836737609,0.0514212255392,0.0418511641194,0.0217111841166,0.000714183688045,0.000999857163262,0.000142836737609,0.00114269390087,0.00514212255392,0.0454220825596,0.0367090415655,0.00171404085131,0.0694186544779,0.00199971432652,0.0555634909299,0.000428510212827,0.000857020425653,0.000571346950436,0.0382802456792,0.0291386944722,0.000857020425653,0.044565062134,0.00128553063848,0.00471361234109,0.0304242251107,0.000857020425653,0.000285673475218,0.00357091844022,0.000142836737609,0.000428510212827,0.00185687758892,0.0874160834167,0.0735609198686,0.0274246536209,0.0652763890873,0.0468504499357,0.000714183688045,0.0405656334809,0.0424225110698,0.0804170832738,0.0287101842594,0.0334237966005,0.00114269390087,0.0388515926296,0.00214255106413,0.0549921439794,0.0341379802885,0.0359948578774,0.0435652049707,0.0292815312098,0.0722753892301,0.0762748178832,0.044565062134,0.00242822453935,0.0492786744751,0.00142836737609,0.000857020425653,0.00228538780174,0.0434223682331,0.00114269390087,0.00142836737609,0.0352806741894,0.0805599200114,0.0677046136266,0.0759891444079,0.0572775317812,0.0345664905014,0.0015712041137,0.000714183688045,0.0505642051136,0.0627053278103,0.00199971432652,0.0727038994429,0.0752749607199,0.000999857163262,0.0437080417083,0.00442793886588,0.00285673475218,0.000571346950436,0.0484216540494,0.000428510212827,0.000142836737609,0.000714183688045,0.0364233680903,0.03285244965,0.0429938580203,0.0508498785888,0.000571346950436,0.0279960005713,0.000571346950436,0.00757034709327,0.0285673475218,0.0421368375946,0.000142836737609,0.0487073275246,0.0559920011427,0.000428510212827,0.00114269390087,0.0031424082274,0.0361376946151,0.00785602056849,0.000999857163262,0.0277103270961,0.000285673475218,0.0468504499357,0.0355663476646,0.00171404085131,0.0617054706471,0.0431366947579,0.0657048993001,0.0418511641194,0.073418083131,0.0475646336238,0.0312812455364,0.0677046136266,0.073418083131,0.0331381231253,0.0444222253964,0.000571346950436,0.00199971432652,0.00228538780174,0.0211398371661,0.051135552064,0.0444222253964,0.053706613341,0.0489930009999,0.00171404085131,0.000285673475218,0.000142836737609,0.0171404085131,0.000142836737609,0.000428510212827,0.003285244965,0.0402799600057,0.0449935723468,0.00728467361805,0.00128553063848,0.044565062134,0.0389944293672,0.00114269390087,0.000428510212827,0.0557063276675,0.0362805313527,0.0031424082274,0.00228538780174,0.00114269390087,0.00242822453935,0.000857020425653,0.00185687758892,0.000428510212827,0.000714183688045,0.00228538780174,0.0015712041137
Gen 7
float_yankdup,integer_swap,vector_float_conj,vector_float_conc,vector_float_occurrencesof,vector_float_replacefirst,vector_float_rest,vector_float_p,vector_float_s,vector_float_r,vector_float_first,integer_fromfloat,vector_float_last,vector_float_d,float_sw,exec_yankd,vector_float_n,exec_do*tim,exec_yankdup,exec_yank,integer_mu,vector_float_remove,vector_float_fir,exec_do*vector_float,float_p,float_r,vector_float_stackdep,vector_float_dup,vector_float_subvec,float_i,exec_do*range,integer_yankd,float_m,integer_rot,float_a,float_c,float_d,integer_stackdep,float_s,vector_float_occurrences,exec_stackdepth,vector_float_swap,vector_float_reverse,float_stackdepth,float_max,exec_do*vector_flo,float_min,vector_float_rot,float_rot,exec_shove,vector_float_pushall,float_stackdep,float_sub,vector_float_sho,integer_div,integer_mult,integer_min,float_shove,integer_flush,float_inc,in1,integer_yank,integer_fromflo,vector_float_yankdup,float_ya,vector_float_butla,integer_sw,float_pop,exec_d,float_yankd,integer_max,exec_dup,exec_k,float_frominteger,float_mult,exec_noop,exec_p,exec_r,exec_s,vector_float_butlast,integer_flu,exec_y,float_mod,integer_ya,integer_yankdup,exec_stackdep,exec_do*ran,vector_float_index,vector_float_pop,exec_do*cou,vector_float_ta,vector_float_flu,float_add,exec_do*times,integer_shove,float_tan,vector_float_la,vector_float_indexof,float_sho,float_frominteg,integer_dup,vector_float_stackdepth,exec_sho,vector_float_replace,exec_swap,vector_float_rever,autoconstructive_integer_ra,exec_sw,integer_add,exec_flush,float_flu,float_cos,exec_flu,integer_mod,float_div,vector_float_leng,integer_inc,vector_float_yank,exec_rot,vector_float_flush,float_dec,vector_float_set,integer_pop,vector_float_shove,exec_pop,vector_float_take,vector_float_concat,vector_float_pusha,vector_float_ya,vector_float_remo,float_sin,autoconstructive_integer_rand,vector_float_length,exec_do*count,integer_sub,float_mu,exec_no,vector_float_re,float_dup,integer_r,integer_sho,vector_float_yankd,integer_stackdepth,integer_dec,exec,vector_float_replacefir,vector_float_nth,float_swap,vector_float_co,exec_ya,float_yank,float_flush,float_t,integer_d,integer_a,integer_m,integer_i,vector_float_subv,integer_s,integer_p,vector_float_repla,vector_float_sw
0.00699912510936,0.0674915635546,0.0208723909511,0.000624921884764,0.053118360205,0.0427446569179,0.0121234845644,0.000374953130859,0.000249968753906,0.000249968753906,0.0412448443945,0.0323709536308,0.0192475940507,0.000624921884764,0.00137482814648,0.000624921884764,0.000624921884764,0.00399950006249,0.0381202349706,0.0273715785527,0.000749906261717,0.0589926259218,0.00174978127734,0.0493688288964,0.000374953130859,0.000499937507812,0.000499937507812,0.0284964379453,0.023872015998,0.00087489063867,0.0367454068241,0.000624921884764,0.00437445319335,0.0228721409824,0.000624921884764,0.000124984376953,0.00249968753906,0.000499937507812,0.000374953130859,0.00137482814648,0.0733658292713,0.0642419697538,0.0201224846894,0.0536182977128,0.0402449693788,0.000999875015623,0.0359955005624,0.0337457817773,0.0633670791151,0.0221222347207,0.0251218597675,0.00199975003125,0.0272465941757,0.00187476565429,0.0441194850644,0.0246219222597,0.0297462817148,0.0333708286464,0.0208723909511,0.0614923134608,0.0604924384452,0.0356205474316,0.00199975003125,0.0366204224472,0.000749906261717,0.000624921884764,0.0021247344082,0.0307461567304,0.00087489063867,0.00112485939258,0.0302462192226,0.0673665791776,0.0563679540057,0.0654918135233,0.0422447194101,0.0256217972753,0.00162479690039,0.000374953130859,0.0387451568554,0.0543682039745,0.00162479690039,0.0616172978378,0.0613673290839,0.000999875015623,0.0348706411699,0.00312460942382,0.00224971878515,0.000374953130859,0.0414948131484,0.000124984376953,0.000374953130859,0.000249968753906,0.0279965004374,0.023997000375,0.0357455318085,0.0447444069491,0.000124984376953,0.0228721409824,0.000374953130859,0.00562429696288,0.0229971253593,0.0331208598925,0.000124984376953,0.0363704536933,0.0453693288339,0.000374953130859,0.000624921884764,0.00224971878515,0.0244969378828,0.00687414073241,0.000374953130859,0.0201224846894,0.000124984376953,0.0337457817773,0.0253718285214,0.00187476565429,0.0447444069491,0.0331208598925,0.0523684539433,0.0307461567304,0.0591176102987,0.0402449693788,0.0252468441445,0.0569928758905,0.0546181727284,0.0283714535683,0.0314960629921,0.00112485939258,0.00112485939258,0.00362454693163,0.015873015873,0.0418697662792,0.0353705786777,0.0441194850644,0.0408698912636,0.00087489063867,0.000374953130859,0.000374953130859,0.0109986251719,0.000499937507812,0.000249968753906,0.00124984376953,0.029246344207,0.0336207974003,0.00774903137108,0.000999875015623,0.0307461567304,0.0329958755156,0.00137482814648,0.000624921884764,0.0409948756405,0.0294963129609,0.0021247344082,0.00312460942382,0.00087489063867,0.00112485939258,0.000999875015623,0.00187476565429,0.000749906261717,0.000249968753906,0.00174978127734,0.00137482814648
Gen 8
float_yankdup,integer_swap,vector_float_conj,vector_float_conc,vector_float_occurrencesof,vector_float_replacefirst,vector_float_rest,vector_float_p,vector_float_s,vector_float_r,vector_float_first,integer_fromfloat,vector_float_last,vector_float_d,float_sw,exec_yankd,vector_float_n,exec_do*tim,exec_yankdup,exec_yank,integer_mu,vector_float_remove,vector_float_fir,exec_do*vector_float,float_p,float_r,vector_float_stackdep,vector_float_dup,vector_float_subvec,float_i,exec_do*range,integer_yankd,float_m,integer_rot,float_a,float_c,float_d,integer_stackdep,float_s,vector_float_occurrences,exec_stackdepth,vector_float_swap,vector_float_reverse,float_stackdepth,float_max,exec_do*vector_flo,float_min,vector_float_rot,float_rot,exec_shove,vector_float_pushall,float_stackdep,float_sub,vector_float_sho,integer_div,integer_mult,integer_min,float_shove,integer_flush,float_inc,in1,integer_yank,integer_fromflo,vector_float_yankdup,float_ya,vector_float_butla,integer_sw,float_pop,exec_d,float_yankd,integer_max,exec_dup,exec_k,float_frominteger,float_mult,exec_noop,exec_p,exec_r,exec_s,vector_float_butlast,integer_flu,exec_y,float_mod,integer_ya,integer_yankdup,exec_stackdep,exec_do*ran,vector_float_index,vector_float_pop,exec_do*cou,vector_float_ta,vector_float_flu,float_add,exec_do*times,integer_shove,float_tan,vector_float_la,vector_float_indexof,float_sho,float_frominteg,integer_dup,vector_float_stackdepth,exec_sho,vector_float_replace,exec_swap,vector_float_rever,autoconstructive_integer_ra,exec_sw,integer_add,exec_flush,float_flu,float_cos,exec_flu,integer_mod,float_div,vector_float_leng,integer_inc,vector_float_yank,exec_rot,vector_float_flush,float_dec,vector_float_set,integer_pop,vector_float_shove,exec_pop,vector_float_take,vector_float_concat,vector_float_pusha,vector_float_ya,vector_float_remo,float_sin,autoconstructive_integer_rand,vector_float_length,exec_do*count,integer_sub,float_mu,exec_no,vector_float_re,float_dup,integer_r,integer_sho,vector_float_yankd,integer_stackdepth,integer_dec,exec,vector_float_replacefir,vector_float_nth,float_swap,vector_float_co,exec_ya,float_yank,float_flush,float_t,integer_d,integer_a,integer_m,integer_i,vector_float_subv,integer_s,integer_p,vector_float_repla,vector_float_sw
0.00566603710699,0.0586601488723,0.0156649261193,0.000777691367626,0.0414398400178,0.0381068770137,0.0088879013443,0.00088879013443,0.000666592600822,0.000555493834018,0.0359960004444,0.0301077658038,0.0137762470837,0.000111098766804,0.000555493834018,0.000111098766804,0.00088879013443,0.0028885679369,0.0348850127764,0.0229974447284,0.00122208643484,0.0476613709588,0.00233307410288,0.0396622597489,0.000111098766804,0.00088879013443,0.0,0.0224419508943,0.0202199755583,0.00088879013443,0.0287745806022,0.000555493834018,0.00355516053772,0.0166648150206,0.000555493834018,0.000222197533607,0.00266637040329,0.000222197533607,0.000555493834018,0.000999888901233,0.0609932229752,0.0529941117654,0.0128874569492,0.0433285190534,0.0327741362071,0.000777691367626,0.0301077658038,0.0272191978669,0.0547716920342,0.0145539384513,0.0191089878902,0.000999888901233,0.0211087656927,0.00199977780247,0.0397733585157,0.0198866792579,0.023775136096,0.025441617598,0.018109098989,0.0501055438285,0.053216309299,0.0285523830685,0.00111098766804,0.0335518275747,0.00088879013443,0.000111098766804,0.00144428396845,0.0283301855349,0.00199977780247,0.000555493834018,0.0223308521275,0.0552160871014,0.0454393956227,0.055438284635,0.0397733585157,0.0238862348628,0.00155538273525,0.000222197533607,0.0296633707366,0.041884235085,0.00133318520164,0.0519942228641,0.0505499388957,0.000555493834018,0.0273302966337,0.00255527163648,0.00144428396845,0.000222197533607,0.0326630374403,0.000222197533607,0.000333296300411,0.00122208643484,0.0225530496611,0.018109098989,0.0323297411399,0.0343295189423,0.000111098766804,0.0158871236529,0.000555493834018,0.00322186423731,0.0211087656927,0.0239973336296,0.000333296300411,0.0315520497722,0.0374402844128,0.00088879013443,0.000222197533607,0.00244417286968,0.0199977780247,0.00488834573936,0.000333296300411,0.0159982224197,0.0,0.0301077658038,0.018664592823,0.000666592600822,0.0392178646817,0.0272191978669,0.0433285190534,0.0264415064993,0.0499944450617,0.0347739140096,0.0173314076214,0.0436618153538,0.0448839017887,0.0251083212976,0.0257749138985,0.00111098766804,0.00211087656927,0.00177758026886,0.011332074214,0.0339962226419,0.028885679369,0.0344406177091,0.0342184201755,0.00133318520164,0.000333296300411,0.000111098766804,0.0088879013443,0.000333296300411,0.000333296300411,0.00177758026886,0.02433062993,0.0287745806022,0.0061104321742,0.000777691367626,0.0291078769026,0.0263304077325,0.00088879013443,0.000111098766804,0.0321075436063,0.0231085434952,0.00111098766804,0.00155538273525,0.00088879013443,0.00111098766804,0.000333296300411,0.00144428396845,0.000444395067215,0.000333296300411,0.00199977780247,0.000999888901233
Gen 9
float_yankdup,integer_swap,vector_float_conj,vector_float_conc,vector_float_occurrencesof,vector_float_replacefirst,vector_float_rest,vector_float_p,vector_float_s,vector_float_r,vector_float_first,integer_fromfloat,vector_float_last,vector_float_d,float_sw,exec_yankd,vector_float_n,exec_do*tim,exec_yankdup,exec_yank,integer_mu,vector_float_remove,vector_float_fir,exec_do*vector_float,float_p,float_r,vector_float_stackdep,vector_float_dup,vector_float_subvec,float_i,exec_do*range,integer_yankd,float_m,integer_rot,float_a,float_c,float_d,integer_stackdep,float_s,vector_float_occurrences,exec_stackdepth,vector_float_swap,vector_float_reverse,float_stackdepth,float_max,exec_do*vector_flo,float_min,vector_float_rot,float_rot,exec_shove,vector_float_pushall,float_stackdep,float_sub,vector_float_sho,integer_div,integer_mult,integer_min,float_shove,integer_flush,float_inc,in1,integer_yank,integer_fromflo,vector_float_yankdup,float_ya,vector_float_butla,integer_sw,float_pop,exec_d,float_yankd,integer_max,exec_dup,exec_k,float_frominteger,float_mult,exec_noop,exec_p,exec_r,exec_s,vector_float_butlast,integer_flu,exec_y,float_mod,integer_ya,integer_yankdup,exec_stackdep,exec_do*ran,vector_float_index,vector_float_pop,exec_do*cou,vector_float_ta,vector_float_flu,float_add,exec_do*times,integer_shove,float_tan,vector_float_la,vector_float_indexof,float_sho,float_frominteg,integer_dup,vector_float_stackdepth,exec_sho,vector_float_replace,exec_swap,vector_float_rever,autoconstructive_integer_ra,exec_sw,integer_add,exec_flush,float_flu,float_cos,exec_flu,integer_mod,float_div,vector_float_leng,integer_inc,vector_float_yank,exec_rot,vector_float_flush,float_dec,vector_float_set,integer_pop,vector_float_shove,exec_pop,vector_float_take,vector_float_concat,vector_float_pusha,vector_float_ya,vector_float_remo,float_sin,autoconstructive_integer_rand,vector_float_length,exec_do*count,integer_sub,float_mu,exec_no,vector_float_re,float_dup,integer_r,integer_sho,vector_float_yankd,integer_stackdepth,integer_dec,exec,vector_float_replacefir,vector_float_nth,float_swap,vector_float_co,exec_ya,float_yank,float_flush,float_t,integer_d,integer_a,integer_m,integer_i,vector_float_subv,integer_s,integer_p,vector_float_repla,vector_float_sw
0.00649935006499,0.0526947305269,0.020897910209,0.000699930006999,0.037396260374,0.033596640336,0.00779922007799,0.000199980002,0.00199980002,0.000499950005,0.030396960304,0.032896710329,0.015798420158,0.0,0.000499950005,0.000199980002,0.000599940005999,0.001699830017,0.036496350365,0.023597640236,0.001299870013,0.04099590041,0.002199780022,0.030796920308,9.99900009999e-05,0.000599940005999,0.0,0.024697530247,0.015398460154,9.99900009999e-05,0.031096890311,0.001899810019,0.003299670033,0.019198080192,0.000399960004,0.000699930006999,0.002699730027,0.000699930006999,0.000699930006999,0.001399860014,0.0541945805419,0.049695030497,0.013298670133,0.0399960004,0.029697030297,0.000499950005,0.023097690231,0.029797020298,0.047595240476,0.014198580142,0.014298570143,0.000799920007999,0.020897910209,0.001099890011,0.033796620338,0.022597740226,0.015398460154,0.026297370263,0.015198480152,0.044095590441,0.0509949005099,0.025397460254,0.000699930006999,0.034396560344,0.000399960004,0.000599940005999,0.001699830017,0.02899710029,0.001199880012,0.001299870013,0.022697730227,0.048195180482,0.039196080392,0.048395160484,0.038396160384,0.024397560244,0.001699830017,0.000399960004,0.023797620238,0.037796220378,0.000799920007999,0.046895310469,0.04499550045,0.000399960004,0.02499750025,0.002099790021,0.001299870013,0.0,0.023597640236,0.000299970003,9.99900009999e-05,0.000499950005,0.024297570243,0.014198580142,0.029097090291,0.029097090291,0.000199980002,0.014098590141,0.000599940005999,0.001699830017,0.023497650235,0.022297770223,0.000599940005999,0.025297470253,0.03199680032,0.000299970003,0.000299970003,0.000599940005999,0.01799820018,0.00589941005899,0.000699930006999,0.015798420158,9.99900009999e-05,0.025897410259,0.019098090191,0.000899910008999,0.035196480352,0.023297670233,0.040595940406,0.025597440256,0.044095590441,0.03099690031,0.017798220178,0.041595840416,0.036196380362,0.025297470253,0.028597140286,0.000999900009999,0.001899810019,0.000899910008999,0.013398660134,0.030896910309,0.030896910309,0.02599740026,0.028597140286,0.000499950005,9.99900009999e-05,9.99900009999e-05,0.00699930006999,9.99900009999e-05,0.000599940005999,0.001099890011,0.027397260274,0.029697030297,0.004899510049,0.001099890011,0.027297270273,0.025897410259,0.001599840016,0.000399960004,0.029197080292,0.022297770223,0.000999900009999,0.001399860014,0.001599840016,0.000799920007999,0.001099890011,0.000999900009999,0.000599940005999,0.000199980002,0.001699830017,0.001499850015
Gen 10
float_yankdup,integer_swap,vector_float_conj,vector_float_conc,vector_float_occurrencesof,vector_float_replacefirst,vector_float_rest,vector_float_p,vector_float_s,vector_float_r,vector_float_first,integer_fromfloat,vector_float_last,vector_float_d,float_sw,exec_yankd,vector_float_n,exec_do*tim,exec_yankdup,exec_yank,integer_mu,vector_float_remove,vector_float_fir,exec_do*vector_float,float_p,float_r,vector_float_stackdep,vector_float_dup,vector_float_subvec,float_i,exec_do*range,integer_yankd,float_m,integer_rot,float_a,float_c,float_d,integer_stackdep,float_s,vector_float_occurrences,exec_stackdepth,vector_float_swap,vector_float_reverse,float_stackdepth,float_max,exec_do*vector_flo,float_min,vector_float_rot,float_rot,exec_shove,vector_float_pushall,float_stackdep,float_sub,vector_float_sho,integer_div,integer_mult,integer_min,float_shove,integer_flush,float_inc,in1,integer_yank,integer_fromflo,vector_float_yankdup,float_ya,vector_float_butla,integer_sw,float_pop,exec_d,float_yankd,integer_max,exec_dup,exec_k,float_frominteger,float_mult,exec_noop,exec_p,exec_r,exec_s,vector_float_butlast,integer_flu,exec_y,float_mod,integer_ya,integer_yankdup,exec_stackdep,exec_do*ran,vector_float_index,vector_float_pop,exec_do*cou,vector_float_ta,vector_float_flu,float_add,exec_do*times,integer_shove,float_tan,vector_float_la,vector_float_indexof,float_sho,float_frominteg,integer_dup,vector_float_stackdepth,exec_sho,vector_float_replace,exec_swap,vector_float_rever,autoconstructive_integer_ra,exec_sw,integer_add,exec_flush,float_flu,float_cos,exec_flu,integer_mod,float_div,vector_float_leng,integer_inc,vector_float_yank,exec_rot,vector_float_flush,float_dec,vector_float_set,integer_pop,vector_float_shove,exec_pop,vector_float_take,vector_float_concat,vector_float_pusha,vector_float_ya,vector_float_remo,float_sin,autoconstructive_integer_rand,vector_float_length,exec_do*count,integer_sub,float_mu,exec_no,vector_float_re,float_dup,integer_r,integer_sho,vector_float_yankd,integer_stackdepth,integer_dec,exec,vector_float_replacefir,vector_float_nth,float_swap,vector_float_co,exec_ya,float_yank,float_flush,float_t,integer_d,integer_a,integer_m,integer_i,vector_float_subv,integer_s,integer_p,vector_float_repla,vector_float_sw
0.00499954549586,0.0502681574402,0.0215434960458,0.00118171075357,0.0351786201254,0.0347241159895,0.00872647941096,0.000272702481593,0.00163621488956,0.00036360330879,0.0339060085447,0.0313607853831,0.0146350331788,0.000636305790383,0.00127261158077,0.00072720661758,0.000545404963185,0.00236342150714,0.035905826743,0.0253613307881,0.00199981819835,0.0403599672757,0.00190891737115,0.0281792564312,0.000272702481593,0.000545404963185,0.000454504135988,0.0260885374057,0.0149986364876,9.09008271975e-05,0.0328151986183,0.000636305790383,0.00209071902554,0.0187255704027,0.000272702481593,0.000272702481593,0.00254522316153,0.00036360330879,0.00109080992637,0.00136351240796,0.0503590582674,0.0483592400691,0.015180438142,0.0369057358422,0.028088355604,0.000545404963185,0.0221798018362,0.0293609671848,0.0487228433779,0.0139987273884,0.0108171984365,0.00072720661758,0.0239978183801,0.00127261158077,0.0361785292246,0.0232706117626,0.0139078265612,0.0270884465049,0.0164530497228,0.0422688846469,0.0481774384147,0.0258158349241,0.00036360330879,0.0361785292246,0.00136351240796,9.09008271975e-05,0.000454504135988,0.0281792564312,0.00109080992637,0.00072720661758,0.0209980910826,0.0468139260067,0.0390873556949,0.0484501408963,0.0376329424598,0.0265430415417,0.00127261158077,0.000636305790383,0.0223616034906,0.0349059176439,0.00127261158077,0.0452686119444,0.0406326697573,0.000636305790383,0.0265430415417,0.00272702481593,0.000909008271975,9.09008271975e-05,0.0191800745387,0.000272702481593,0.000181801654395,0.000272702481593,0.0266339423689,0.0114535042269,0.0313607853831,0.0250886283065,0.0,0.00927188437415,0.00036360330879,0.00199981819835,0.0250886283065,0.0224525043178,0.000272702481593,0.0289064630488,0.0293609671848,0.000454504135988,0.0,0.00072720661758,0.0206344877738,0.00690846286701,0.00036360330879,0.020270884465,9.09008271975e-05,0.0275429506409,0.0189982728843,0.000636305790383,0.036360330879,0.0217252977002,0.0393600581765,0.0240887192073,0.044632306154,0.0300881738024,0.0172711571675,0.0376329424598,0.0359967275702,0.0266339423689,0.0290882647032,0.00072720661758,0.000999909099173,0.000909008271975,0.0140896282156,0.0297245704936,0.0322697936551,0.0246341241705,0.0257249340969,0.00072720661758,0.000272702481593,0.00036360330879,0.00672666121262,0.00036360330879,0.000636305790383,0.00118171075357,0.0288155622216,0.0312698845559,0.00318152895191,0.000909008271975,0.0293609671848,0.0267248431961,0.000454504135988,0.000272702481593,0.0269066448505,0.0214525952186,0.00172711571675,0.00118171075357,0.00190891737115,0.000636305790383,0.000545404963185,0.00109080992637,0.000272702481593,0.000272702481593,0.000545404963185,0.000909008271975
Gen 11
float_yankdup,integer_swap,vector_float_conj,vector_float_conc,vector_float_occurrencesof,vector_float_replacefirst,vector_float_rest,vector_float_p,vector_float_s,vector_float_r,vector_float_first,integer_fromfloat,vector_float_last,vector_float_d,float_sw,exec_yankd,vector_float_n,exec_do*tim,exec_yankdup,exec_yank,integer_mu,vector_float_remove,vector_float_fir,exec_do*vector_float,float_p,float_r,vector_float_stackdep,vector_float_dup,vector_float_subvec,float_i,exec_do*range,integer_yankd,float_m,integer_rot,float_a,float_c,float_d,integer_stackdep,float_s,vector_float_occurrences,exec_stackdepth,vector_float_swap,vector_float_reverse,float_stackdepth,float_max,exec_do*vector_flo,float_min,vector_float_rot,float_rot,exec_shove,vector_float_pushall,float_stackdep,float_sub,vector_float_sho,integer_div,integer_mult,integer_min,float_shove,integer_flush,float_inc,in1,integer_yank,integer_fromflo,vector_float_yankdup,float_ya,vector_float_butla,integer_sw,float_pop,exec_d,float_yankd,integer_max,exec_dup,exec_k,float_frominteger,float_mult,exec_noop,exec_p,exec_r,exec_s,vector_float_butlast,integer_flu,exec_y,float_mod,integer_ya,integer_yankdup,exec_stackdep,exec_do*ran,vector_float_index,vector_float_pop,exec_do*cou,vector_float_ta,vector_float_flu,float_add,exec_do*times,integer_shove,float_tan,vector_float_la,vector_float_indexof,float_sho,float_frominteg,integer_dup,vector_float_stackdepth,exec_sho,vector_float_replace,exec_swap,vector_float_rever,autoconstructive_integer_ra,exec_sw,integer_add,exec_flush,float_flu,float_cos,exec_flu,integer_mod,float_div,vector_float_leng,integer_inc,vector_float_yank,exec_rot,vector_float_flush,float_dec,vector_float_set,integer_pop,vector_float_shove,exec_pop,vector_float_take,vector_float_concat,vector_float_pusha,vector_float_ya,vector_float_remo,float_sin,autoconstructive_integer_rand,vector_float_length,exec_do*count,integer_sub,float_mu,exec_no,vector_float_re,float_dup,integer_r,integer_sho,vector_float_yankd,integer_stackdepth,integer_dec,exec,vector_float_replacefir,vector_float_nth,float_swap,vector_float_co,exec_ya,float_yank,float_flush,float_t,integer_d,integer_a,integer_m,integer_i,vector_float_subv,integer_s,integer_p,vector_float_repla,vector_float_sw
0.00533288892592,0.0419965002916,0.0196650279143,0.00066661111574,0.0316640279977,0.0303308057662,0.00699941671527,0.000249979168403,0.00124989584201,0.00033330555787,0.0289975835347,0.0254145487876,0.0144987917674,0.000749937505208,0.000583284726273,8.33263894675e-05,0.000499958336805,0.00166652778935,0.0309140904925,0.0223314723773,0.00158320139988,0.0336638613449,0.00124989584201,0.0244979585035,0.00066661111574,0.00066661111574,0.00033330555787,0.0223314723773,0.0144154653779,0.00066661111574,0.0289142571452,0.000749937505208,0.00191650695775,0.0166652778935,0.000249979168403,0.000166652778935,0.00166652778935,0.000999916673611,0.000499958336805,0.000999916673611,0.0429130905758,0.039913340555,0.0129155903675,0.0343304724606,0.0234147154404,0.000499958336805,0.0194150487459,0.024414632114,0.0408299308391,0.0139155070411,0.00966586117824,0.000833263894675,0.0196650279143,0.00166652778935,0.0314140488293,0.0214148820932,0.00808265977835,0.0227481043246,0.0117490209149,0.0374135488709,0.0413298891759,0.0229147571036,0.000416631947338,0.0313307224398,0.000416631947338,0.000166652778935,0.00066661111574,0.0239980001667,0.000583284726273,0.000833263894675,0.0189150904091,0.0405799516707,0.0334138821765,0.0394133822181,0.0324972918923,0.0227481043246,0.00108324306308,0.000249979168403,0.0193317223565,0.0305807849346,0.00108324306308,0.0384134655445,0.0343304724606,0.00033330555787,0.023164736272,0.00149987501042,0.00158320139988,0.000416631947338,0.0162486459462,0.00066661111574,0.000249979168403,0.000416631947338,0.0236646946088,0.00941588200983,0.0274143821348,0.023164736272,0.0,0.0124156320307,0.000499958336805,0.00174985417882,0.0213315557037,0.0197483543038,0.000249979168403,0.0248312640613,0.0254978751771,0.0,0.000166652778935,0.00033330555787,0.0169985834514,0.00658278476794,0.00033330555787,0.0178318473461,0.0,0.0235813682193,0.0182484792934,0.00133322223148,0.0301641529873,0.0198316806933,0.0321639863345,0.020664944588,0.0379135072077,0.0279143404716,0.0168319306724,0.0329139238397,0.0297475210399,0.021748187651,0.0255812015665,0.00033330555787,0.00158320139988,0.00133322223148,0.0143321389884,0.0252478960087,0.0260811599033,0.0207482709774,0.0228314307141,0.00116656945255,0.000166652778935,0.000166652778935,0.00549954170486,0.000583284726273,0.000499958336805,0.000999916673611,0.0250812432297,0.0264977918507,0.00166652778935,0.000416631947338,0.0268310974085,0.0241646529456,0.000416631947338,0.000499958336805,0.0259145071244,0.0181651529039,0.00183318056829,0.00066661111574,0.00166652778935,0.000833263894675,0.00166652778935,0.000166652778935,0.000249979168403,0.000166652778935,0.000583284726273,0.00124989584201
Gen 12
float_yankdup,integer_swap,vector_float_conj,vector_float_conc,vector_float_occurrencesof,vector_float_replacefirst,vector_float_rest,vector_float_p,vector_float_s,vector_float_r,vector_float_first,integer_fromfloat,vector_float_last,vector_float_d,float_sw,exec_yankd,vector_float_n,exec_do*tim,exec_yankdup,exec_yank,integer_mu,vector_float_remove,vector_float_fir,exec_do*vector_float,float_p,float_r,vector_float_stackdep,vector_float_dup,vector_float_subvec,float_i,exec_do*range,integer_yankd,float_m,integer_rot,float_a,float_c,float_d,integer_stackdep,float_s,vector_float_occurrences,exec_stackdepth,vector_float_swap,vector_float_reverse,float_stackdepth,float_max,exec_do*vector_flo,float_min,vector_float_rot,float_rot,exec_shove,vector_float_pushall,float_stackdep,float_sub,vector_float_sho,integer_div,integer_mult,integer_min,float_shove,integer_flush,float_inc,in1,integer_yank,integer_fromflo,vector_float_yankdup,float_ya,vector_float_butla,integer_sw,float_pop,exec_d,float_yankd,integer_max,exec_dup,exec_k,float_frominteger,float_mult,exec_noop,exec_p,exec_r,exec_s,vector_float_butlast,integer_flu,exec_y,float_mod,integer_ya,integer_yankdup,exec_stackdep,exec_do*ran,vector_float_index,vector_float_pop,exec_do*cou,vector_float_ta,vector_float_flu,float_add,exec_do*times,integer_shove,float_tan,vector_float_la,vector_float_indexof,float_sho,float_frominteg,integer_dup,vector_float_stackdepth,exec_sho,vector_float_replace,exec_swap,vector_float_rever,autoconstructive_integer_ra,exec_sw,integer_add,exec_flush,float_flu,float_cos,exec_flu,integer_mod,float_div,vector_float_leng,integer_inc,vector_float_yank,exec_rot,vector_float_flush,float_dec,vector_float_set,integer_pop,vector_float_shove,exec_pop,vector_float_take,vector_float_concat,vector_float_pusha,vector_float_ya,vector_float_remo,float_sin,autoconstructive_integer_rand,vector_float_length,exec_do*count,integer_sub,float_mu,exec_no,vector_float_re,float_dup,integer_r,integer_sho,vector_float_yankd,integer_stackdepth,integer_dec,exec,vector_float_replacefir,vector_float_nth,float_swap,vector_float_co,exec_ya,float_yank,float_flush,float_t,integer_d,integer_a,integer_m,integer_i,vector_float_subv,integer_s,integer_p,vector_float_repla,vector_float_sw
0.00330743788939,0.0377663256673,0.0186908699331,0.00107684024306,0.026767171756,0.0283824321206,0.00684562725944,0.000230751480655,0.00138450888393,0.000153834320437,0.027459426198,0.0236904853473,0.0123836627952,0.000923005922621,0.000461502961311,0.000384585801092,0.000461502961311,0.00107684024306,0.0266902545958,0.0206137989385,0.000846088762403,0.0313052842089,0.00107684024306,0.0205368817783,0.000769171602184,0.000692254441966,0.000230751480655,0.0226905622644,0.0138450888393,0.000461502961311,0.0233828167064,0.000846088762403,0.00192292900546,0.0154603492039,7.69171602184e-05,0.000230751480655,0.00161526036459,0.0012306745635,0.000153834320437,0.000384585801092,0.0397661718329,0.0367664025844,0.0110760710715,0.0291516037228,0.0212291362203,0.000615337281748,0.0162295208061,0.0219983078225,0.0359972309822,0.0128451657565,0.0070763787401,0.00130759172371,0.0184601184524,0.00153834320437,0.0295361895239,0.0193062072148,0.00769171602184,0.0206137989385,0.0112299053919,0.0345358049381,0.0343819706176,0.0213060533805,0.000384585801092,0.0293823552034,0.000769171602184,7.69171602184e-05,0.000769171602184,0.0215368048612,0.000153834320437,0.000384585801092,0.0157680178448,0.0373048227059,0.0304591954465,0.036612568264,0.0298438581648,0.0205368817783,0.000615337281748,0.000384585801092,0.0156141835243,0.0264595031151,0.0012306745635,0.0349203907392,0.0314591185293,0.000307668640874,0.0211522190601,0.00138450888393,0.00153834320437,0.000230751480655,0.0135374201984,0.000153834320437,0.000307668640874,0.000384585801092,0.0219983078225,0.0100761479886,0.0246134912699,0.0194600415353,0.000230751480655,0.0105376509499,0.000923005922621,0.00161526036459,0.0198446273364,0.0197677101761,7.69171602184e-05,0.0250749942312,0.0239981539882,0.000153834320437,0.000230751480655,0.000307668640874,0.0172294438889,0.00676871009922,0.000538420121529,0.0171525267287,0.0,0.0220752249827,0.0174601953696,0.000692254441966,0.0291516037228,0.0197677101761,0.0308437812476,0.0202292131375,0.0343050534574,0.0250749942312,0.0163064379663,0.027459426198,0.0261518344743,0.0188447042535,0.023228982386,0.000307668640874,0.0012306745635,0.000923005922621,0.0130759172371,0.0216137220214,0.023228982386,0.0168448580878,0.0199984616568,0.00107684024306,0.000153834320437,0.000153834320437,0.00453811245289,0.000384585801092,0.000307668640874,0.00130759172371,0.0243827397892,0.0259210829936,0.000692254441966,0.000538420121529,0.024305822629,0.021844473502,0.000461502961311,0.000307668640874,0.0238443196677,0.0175371125298,0.00169217752481,0.000538420121529,0.00169217752481,0.000769171602184,0.00130759172371,0.000307668640874,0.000230751480655,0.000307668640874,0.000384585801092,0.00099992308284
Gen 13
float_yankdup,integer_swap,vector_float_conj,vector_float_conc,vector_float_occurrencesof,vector_float_replacefirst,vector_float_rest,vector_float_p,vector_float_s,vector_float_r,vector_float_first,integer_fromfloat,vector_float_last,vector_float_d,float_sw,exec_yankd,vector_float_n,exec_do*tim,exec_yankdup,exec_yank,integer_mu,vector_float_remove,vector_float_fir,exec_do*vector_float,float_p,float_r,vector_float_stackdep,vector_float_dup,vector_float_subvec,float_i,exec_do*range,integer_yankd,float_m,integer_rot,float_a,float_c,float_d,integer_stackdep,float_s,vector_float_occurrences,exec_stackdepth,vector_float_swap,vector_float_reverse,float_stackdepth,float_max,exec_do*vector_flo,float_min,vector_float_rot,float_rot,exec_shove,vector_float_pushall,float_stackdep,float_sub,vector_float_sho,integer_div,integer_mult,integer_min,float_shove,integer_flush,float_inc,in1,integer_yank,integer_fromflo,vector_float_yankdup,float_ya,vector_float_butla,integer_sw,float_pop,exec_d,float_yankd,integer_max,exec_dup,exec_k,float_frominteger,float_mult,exec_noop,exec_p,exec_r,exec_s,vector_float_butlast,integer_flu,exec_y,float_mod,integer_ya,integer_yankdup,exec_stackdep,exec_do*ran,vector_float_index,vector_float_pop,exec_do*cou,vector_float_ta,vector_float_flu,float_add,exec_do*times,integer_shove,float_tan,vector_float_la,vector_float_indexof,float_sho,float_frominteg,integer_dup,vector_float_stackdepth,exec_sho,vector_float_replace,exec_swap,vector_float_rever,autoconstructive_integer_ra,exec_sw,integer_add,exec_flush,float_flu,float_cos,exec_flu,integer_mod,float_div,vector_float_leng,integer_inc,vector_float_yank,exec_rot,vector_float_flush,float_dec,vector_float_set,integer_pop,vector_float_shove,exec_pop,vector_float_take,vector_float_concat,vector_float_pusha,vector_float_ya,vector_float_remo,float_sin,autoconstructive_integer_rand,vector_float_length,exec_do*count,integer_sub,float_mu,exec_no,vector_float_re,float_dup,integer_r,integer_sho,vector_float_yankd,integer_stackdepth,integer_dec,exec,vector_float_replacefir,vector_float_nth,float_swap,vector_float_co,exec_ya,float_yank,float_flush,float_t,integer_d,integer_a,integer_m,integer_i,vector_float_subv,integer_s,integer_p,vector_float_repla,vector_float_sw
0.0032854796086,0.0322119848582,0.0137847296622,0.00128562245554,0.0227840868509,0.0264266838083,0.00714234697522,0.000642811227769,0.00128562245554,0.000214270409256,0.0235697450182,0.0221412756232,0.0104278265838,0.000785658167274,0.000214270409256,7.14234697522e-05,0.000499964288265,0.000642811227769,0.0245696735947,0.0154988929362,0.000428540818513,0.0279980001428,0.000857081637026,0.0212127705164,0.000357117348761,0.000928505106778,0.000357117348761,0.0187129490751,0.0108563674023,0.000499964288265,0.0204985358189,0.000357117348761,0.00214270409256,0.0134990357832,0.000214270409256,7.14234697522e-05,0.00135704592529,0.000357117348761,0.000285693879009,0.000499964288265,0.0347832297693,0.0327119491465,0.00949932147704,0.0248553674738,0.0206413827584,0.000714234697522,0.0180701378473,0.0184986786658,0.0304978215842,0.0112849082208,0.00857081637026,0.00107135204628,0.0150703521177,0.00157131633455,0.024783944004,0.0145703878294,0.0065709592172,0.0163559745732,0.0102135561746,0.0308549389329,0.0329976430255,0.0174273266195,0.000357117348761,0.0255696021713,0.000428540818513,0.000142846939504,0.000714234697522,0.0191414898936,0.000785658167274,0.000285693879009,0.0140704235412,0.032854796086,0.02592671952,0.0320691379187,0.0273551889151,0.0192843368331,0.00114277551603,0.000357117348761,0.0132847653739,0.0209985001071,0.000928505106778,0.0297835868867,0.0277837297336,0.000285693879009,0.0171416327405,0.00171416327405,0.00157131633455,0.000142846939504,0.0121419898579,0.000285693879009,0.000357117348761,0.000214270409256,0.0193557603028,0.008356545961,0.0219984286837,0.0193557603028,0.000214270409256,0.00928505106778,0.00135704592529,0.00135704592529,0.0182844082566,0.016713091922,0.0,0.0205699592886,0.0199985715306,0.000214270409256,0.000142846939504,0.000642811227769,0.0125705306764,0.00499964288265,0.000214270409256,0.0137847296622,0.0,0.0173559031498,0.0122848367974,0.000714234697522,0.0265695307478,0.0174273266195,0.0269266480966,0.0168559388615,0.0283551174916,0.0212841939861,0.0127848010856,0.0246410970645,0.0214984643954,0.0150703521177,0.0187843725448,0.000285693879009,0.000857081637026,0.000571387758017,0.0098564388258,0.0189986429541,0.0214984643954,0.0148560817084,0.017855867438,0.000857081637026,0.000499964288265,0.000142846939504,0.00428540818513,0.000214270409256,7.14234697522e-05,0.00099992857653,0.0205699592886,0.0214984643954,0.000857081637026,0.000357117348761,0.0211413470466,0.0179272909078,0.000357117348761,0.000642811227769,0.0200699950004,0.0151417755875,0.000928505106778,0.00142846939504,0.00121419898579,0.00128562245554,0.000642811227769,0.000285693879009,0.000214270409256,0.000285693879009,0.000357117348761,0.00107135204628
Gen 14
float_yankdup,integer_swap,vector_float_conj,vector_float_conc,vector_float_occurrencesof,vector_float_replacefirst,vector_float_rest,vector_float_p,vector_float_s,vector_float_r,vector_float_first,integer_fromfloat,vector_float_last,vector_float_d,float_sw,exec_yankd,vector_float_n,exec_do*tim,exec_yankdup,exec_yank,integer_mu,vector_float_remove,vector_float_fir,exec_do*vector_float,float_p,float_r,vector_float_stackdep,vector_float_dup,vector_float_subvec,float_i,exec_do*range,integer_yankd,float_m,integer_rot,float_a,float_c,float_d,integer_stackdep,float_s,vector_float_occurrences,exec_stackdepth,vector_float_swap,vector_float_reverse,float_stackdepth,float_max,exec_do*vector_flo,float_min,vector_float_rot,float_rot,exec_shove,vector_float_pushall,float_stackdep,float_sub,vector_float_sho,integer_div,integer_mult,integer_min,float_shove,integer_flush,float_inc,in1,integer_yank,integer_fromflo,vector_float_yankdup,float_ya,vector_float_butla,integer_sw,float_pop,exec_d,float_yankd,integer_max,exec_dup,exec_k,float_frominteger,float_mult,exec_noop,exec_p,exec_r,exec_s,vector_float_butlast,integer_flu,exec_y,float_mod,integer_ya,integer_yankdup,exec_stackdep,exec_do*ran,vector_float_index,vector_float_pop,exec_do*cou,vector_float_ta,vector_float_flu,float_add,exec_do*times,integer_shove,float_tan,vector_float_la,vector_float_indexof,float_sho,float_frominteg,integer_dup,vector_float_stackdepth,exec_sho,vector_float_replace,exec_swap,vector_float_rever,autoconstructive_integer_ra,exec_sw,integer_add,exec_flush,float_flu,float_cos,exec_flu,integer_mod,float_div,vector_float_leng,integer_inc,vector_float_yank,exec_rot,vector_float_flush,float_dec,vector_float_set,integer_pop,vector_float_shove,exec_pop,vector_float_take,vector_float_concat,vector_float_pusha,vector_float_ya,vector_float_remo,float_sin,autoconstructive_integer_rand,vector_float_length,exec_do*count,integer_sub,float_mu,exec_no,vector_float_re,float_dup,integer_r,integer_sho,vector_float_yankd,integer_stackdepth,integer_dec,exec,vector_float_replacefir,vector_float_nth,float_swap,vector_float_co,exec_ya,float_yank,float_flush,float_t,integer_d,integer_a,integer_m,integer_i,vector_float_subv,integer_s,integer_p,vector_float_repla,vector_float_sw
0.00346643557096,0.0307979468035,0.0155322978468,0.000733284447703,0.0224651689887,0.0237317512166,0.00686620891941,0.000266648890074,0.00133324445037,0.000466635557629,0.0227984801013,0.0206652889807,0.0101993200453,0.000799946670222,0.000399973335111,0.0,0.000599960002666,0.000666622225185,0.0233317778815,0.0149990000667,0.000533297780148,0.0266648890074,0.00153323111793,0.0191320578628,0.000533297780148,0.000533297780148,0.00119992000533,0.0183321111926,0.0123991733884,0.000466635557629,0.0201319912006,0.000133324445037,0.00186654223052,0.0127991467236,0.000266648890074,0.000266648890074,0.000733284447703,0.000266648890074,0.000199986667555,0.000799946670222,0.0337310845944,0.0317312179188,0.0102659822678,0.0246650223318,0.0193320445304,0.000466635557629,0.0163989067396,0.0183987734151,0.028664755683,0.0110659289381,0.00839944003733,0.0010665955603,0.0167322178521,0.00246650223318,0.023265115659,0.014532364509,0.00606626224918,0.0169322045197,0.00786614225718,0.0299980001333,0.0307979468035,0.0182654489701,0.000199986667555,0.0248650089994,0.00086660889274,0.0,0.000933271115259,0.0170655289647,0.000333311112592,0.000466635557629,0.0146656889541,0.0305312979135,0.0241983867742,0.0312645823612,0.0258649423372,0.0195320311979,0.000599960002666,0.000533297780148,0.0126658222785,0.021598560096,0.000599960002666,0.0285980934604,0.0265315645624,0.000599960002666,0.0167988800747,0.00173321778548,0.00146656889541,0.000133324445037,0.0127991467236,0.000133324445037,0.000133324445037,0.000199986667555,0.0187987467502,0.00766615558963,0.0206652889807,0.0174655022998,0.0,0.00833277781481,0.00113325778281,0.00086660889274,0.0175988267449,0.0153989734018,6.66622225185e-05,0.0198653423105,0.0200653289781,0.000266648890074,0.000133324445037,0.000266648890074,0.0131991200587,0.00526631557896,6.66622225185e-05,0.0131324578361,0.0,0.0182654489701,0.0146656889541,0.000666622225185,0.025064995667,0.0158656089594,0.0262649156723,0.0170655289647,0.0277981467902,0.0193987067529,0.0128658089461,0.0241317245517,0.0213985734284,0.0150656622892,0.0195986934204,0.0,0.000266648890074,0.000466635557629,0.0115325644957,0.019798680088,0.0194653689754,0.0147990133991,0.0166655556296,0.000266648890074,0.000266648890074,6.66622225185e-05,0.00339977334844,0.000133324445037,0.000333311112592,0.00126658222785,0.0205319645357,0.0216652223185,0.00126658222785,0.000666622225185,0.0203319778681,0.0175321645224,0.000199986667555,0.000199986667555,0.0183987734151,0.0153989734018,0.00113325778281,0.000999933337777,0.0010665955603,0.00133324445037,0.000999933337777,0.000133324445037,6.66622225185e-05,0.000333311112592,6.66622225185e-05,0.00119992000533
Gen 15
float_yankdup,integer_swap,vector_float_conj,vector_float_conc,vector_float_occurrencesof,vector_float_replacefirst,vector_float_rest,vector_float_p,vector_float_s,vector_float_r,vector_float_first,integer_fromfloat,vector_float_last,vector_float_d,float_sw,exec_yankd,vector_float_n,exec_do*tim,exec_yankdup,exec_yank,integer_mu,vector_float_remove,vector_float_fir,exec_do*vector_float,float_p,float_r,vector_float_stackdep,vector_float_dup,vector_float_subvec,float_i,exec_do*range,integer_yankd,float_m,integer_rot,float_a,float_c,float_d,integer_stackdep,float_s,vector_float_occurrences,exec_stackdepth,vector_float_swap,vector_float_reverse,float_stackdepth,float_max,exec_do*vector_flo,float_min,vector_float_rot,float_rot,exec_shove,vector_float_pushall,float_stackdep,float_sub,vector_float_sho,integer_div,integer_mult,integer_min,float_shove,integer_flush,float_inc,in1,integer_yank,integer_fromflo,vector_float_yankdup,float_ya,vector_float_butla,integer_sw,float_pop,exec_d,float_yankd,integer_max,exec_dup,exec_k,float_frominteger,float_mult,exec_noop,exec_p,exec_r,exec_s,vector_float_butlast,integer_flu,exec_y,float_mod,integer_ya,integer_yankdup,exec_stackdep,exec_do*ran,vector_float_index,vector_float_pop,exec_do*cou,vector_float_ta,vector_float_flu,float_add,exec_do*times,integer_shove,float_tan,vector_float_la,vector_float_indexof,float_sho,float_frominteg,integer_dup,vector_float_stackdepth,exec_sho,vector_float_replace,exec_swap,vector_float_rever,autoconstructive_integer_ra,exec_sw,integer_add,exec_flush,float_flu,float_cos,exec_flu,integer_mod,float_div,vector_float_leng,integer_inc,vector_float_yank,exec_rot,vector_float_flush,float_dec,vector_float_set,integer_pop,vector_float_shove,exec_pop,vector_float_take,vector_float_concat,vector_float_pusha,vector_float_ya,vector_float_remo,float_sin,autoconstructive_integer_rand,vector_float_length,exec_do*count,integer_sub,float_mu,exec_no,vector_float_re,float_dup,integer_r,integer_sho,vector_float_yankd,integer_stackdepth,integer_dec,exec,vector_float_replacefir,vector_float_nth,float_swap,vector_float_co,exec_ya,float_yank,float_flush,float_t,integer_d,integer_a,integer_m,integer_i,vector_float_subv,integer_s,integer_p,vector_float_repla,vector_float_sw
0.00349978126367,0.0251859258796,0.0139991250547,0.000437472657959,0.0200612461721,0.0195612774202,0.00599962502344,0.000187488281982,0.00181238672583,0.000249984375977,0.0187488281982,0.0176238985063,0.00868695706518,0.000562464845947,0.000562464845947,0.000312480469971,0.000499968751953,0.000812449221924,0.0196237735142,0.0130616836448,0.000249984375977,0.0253734141616,0.000374976563965,0.0158740078745,0.000187488281982,0.000624960939941,0.00137491406787,0.0163739766265,0.00893694144116,0.000312480469971,0.0181238672583,0.000124992187988,0.00162489844385,0.010811824261,0.000187488281982,0.000249984375977,0.0010624335979,0.000437472657959,0.000687457033935,0.000562464845947,0.0288106993313,0.0274357852634,0.0084994687832,0.02112367977,0.0159365039685,0.000499968751953,0.0144990938066,0.0161864883445,0.0249984375977,0.00768701956128,0.0074995312793,0.00149990625586,0.0151865508406,0.00206237110181,0.0189988125742,0.0144365977126,0.00668708205737,0.0146240859946,0.00599962502344,0.0279357540154,0.0270608086995,0.0166239610024,0.000124992187988,0.021498656334,0.000687457033935,0.000249984375977,0.00131241797388,0.0147490781826,0.000437472657959,0.000374976563965,0.0126242109868,0.0266858321355,0.021498656334,0.0261233672895,0.0205612149241,0.0169364414724,0.000312480469971,0.000562464845947,0.0116242734829,0.0196862696081,0.00074995312793,0.0241234922817,0.021623648522,0.000562464845947,0.0162489844385,0.00143741016186,0.000562464845947,6.24960939941e-05,0.0133741641147,0.000187488281982,0.000124992187988,0.000187488281982,0.0162489844385,0.00793700393725,0.0172489219424,0.0151865508406,0.000187488281982,0.00762452346728,0.000312480469971,0.00156240234985,0.0148115742766,0.0132491719268,6.24960939941e-05,0.0173739141304,0.0170614336604,0.000312480469971,0.000187488281982,0.000187488281982,0.0129991875508,0.00443722267358,0.0,0.0113742891069,0.0,0.0147490781826,0.0143741016186,0.000874945315918,0.020998687582,0.0115617773889,0.0234985313418,0.0156240234985,0.0244984688457,0.0178113867883,0.00949940628711,0.0233110430598,0.0173739141304,0.0151865508406,0.0166864570964,0.000124992187988,0.000312480469971,0.000374976563965,0.0123742266108,0.0161239922505,0.0187488281982,0.0125617148928,0.0141241172427,0.000562464845947,0.000187488281982,0.000187488281982,0.00349978126367,6.24960939941e-05,6.24960939941e-05,0.000374976563965,0.0166864570964,0.0192487969502,0.00074995312793,0.000624960939941,0.0183113555403,0.0153740391226,0.000187488281982,0.000249984375977,0.0155615274045,0.0146240859946,0.00118742578589,0.000999937503906,0.000437472657959,0.00131241797388,0.000999937503906,0.000437472657959,0.000124992187988,0.000124992187988,6.24960939941e-05,0.000437472657959
Gen 16
float_yankdup,integer_swap,vector_float_conj,vector_float_conc,vector_float_occurrencesof,vector_float_replacefirst,vector_float_rest,vector_float_p,vector_float_s,vector_float_r,vector_float_first,integer_fromfloat,vector_float_last,vector_float_d,float_sw,exec_yankd,vector_float_n,exec_do*tim,exec_yankdup,exec_yank,integer_mu,vector_float_remove,vector_float_fir,exec_do*vector_float,float_p,float_r,vector_float_stackdep,vector_float_dup,vector_float_subvec,float_i,exec_do*range,integer_yankd,float_m,integer_rot,float_a,float_c,float_d,integer_stackdep,float_s,vector_float_occurrences,exec_stackdepth,vector_float_swap,vector_float_reverse,float_stackdepth,float_max,exec_do*vector_flo,float_min,vector_float_rot,float_rot,exec_shove,vector_float_pushall,float_stackdep,float_sub,vector_float_sho,integer_div,integer_mult,integer_min,float_shove,integer_flush,float_inc,in1,integer_yank,integer_fromflo,vector_float_yankdup,float_ya,vector_float_butla,integer_sw,float_pop,exec_d,float_yankd,integer_max,exec_dup,exec_k,float_frominteger,float_mult,exec_noop,exec_p,exec_r,exec_s,vector_float_butlast,integer_flu,exec_y,float_mod,integer_ya,integer_yankdup,exec_stackdep,exec_do*ran,vector_float_index,vector_float_pop,exec_do*cou,vector_float_ta,vector_float_flu,float_add,exec_do*times,integer_shove,float_tan,vector_float_la,vector_float_indexof,float_sho,float_frominteg,integer_dup,vector_float_stackdepth,exec_sho,vector_float_replace,exec_swap,vector_float_rever,autoconstructive_integer_ra,exec_sw,integer_add,exec_flush,float_flu,float_cos,exec_flu,integer_mod,float_div,vector_float_leng,integer_inc,vector_float_yank,exec_rot,vector_float_flush,float_dec,vector_float_set,integer_pop,vector_float_shove,exec_pop,vector_float_take,vector_float_concat,vector_float_pusha,vector_float_ya,vector_float_remo,float_sin,autoconstructive_integer_rand,vector_float_length,exec_do*count,integer_sub,float_mu,exec_no,vector_float_re,float_dup,integer_r,integer_sho,vector_float_yankd,integer_stackdepth,integer_dec,exec,vector_float_replacefir,vector_float_nth,float_swap,vector_float_co,exec_ya,float_yank,float_flush,float_t,integer_d,integer_a,integer_m,integer_i,vector_float_subv,integer_s,integer_p,vector_float_repla,vector_float_sw
0.00388212458091,0.0211752249868,0.0102346920769,0.000647020763485,0.0161755190871,0.0151755779072,0.00623492735721,0.000117640138815,0.00129404152697,0.000294100347038,0.015587318393,0.0159402388095,0.00788188930063,0.000647020763485,0.000294100347038,5.88200694077e-05,0.000470560555261,0.000705840832892,0.0173519204753,0.00864655020293,0.000235280277631,0.0192341626963,0.000647020763485,0.0147050173519,0.000117640138815,0.000294100347038,0.00105876124934,0.0129404152697,0.00776424916181,0.000352920416446,0.0144109170049,5.88200694077e-05,0.00141168166578,0.00876419034174,0.0,5.88200694077e-05,0.0007646609023,0.000352920416446,0.000411740485854,0.000470560555261,0.0241750485266,0.0235280277631,0.00770542909241,0.0179401211693,0.0130580554085,0.000470560555261,0.0125874948532,0.0132933356861,0.0206458443621,0.00705840832892,0.00735250867596,0.00129404152697,0.0117640138815,0.00199988235986,0.0153520381154,0.0108817128404,0.00488206576084,0.0114699135345,0.00529380624669,0.0234103876243,0.0246456090818,0.0124698547144,0.000117640138815,0.018469501794,0.000411740485854,0.000117640138815,0.00123522145756,0.0114699135345,0.000294100347038,0.000411740485854,0.0118228339509,0.0224104464443,0.0167637197812,0.0212340450562,0.0168225398506,0.0134697958944,0.000294100347038,0.000588200694077,0.00847008999471,0.0165284395036,0.000529380624669,0.0197047232516,0.0194106229045,0.000529380624669,0.0113522733957,0.00123522145756,0.000352920416446,0.000235280277631,0.0120581142286,0.000117640138815,5.88200694077e-05,0.000294100347038,0.0141168166578,0.00594082701018,0.0129404152697,0.0145285571437,0.000176460208223,0.00735250867596,0.000647020763485,0.00164696194342,0.0127639550615,0.010822892771,5.88200694077e-05,0.0135286159638,0.013999176519,5.88200694077e-05,0.0,0.000235280277631,0.00970531145227,0.00364684430328,5.88200694077e-05,0.00770542909241,5.88200694077e-05,0.0107640727016,0.0106464325628,0.000529380624669,0.0170578201282,0.0101758720075,0.0195282630434,0.0124698547144,0.0196459031822,0.0145285571437,0.00888183048056,0.019763543321,0.0140579965884,0.012116934298,0.0130580554085,0.0,0.000117640138815,0.000470560555261,0.00882301041115,0.0137638962414,0.0167048997118,0.0113522733957,0.0128815952003,0.0007646609023,0.000411740485854,0.000470560555261,0.00323510381742,0.000117640138815,5.88200694077e-05,0.000470560555261,0.0132345156167,0.0151167578378,0.00129404152697,0.000705840832892,0.0154108581848,0.0132345156167,0.000529380624669,0.000117640138815,0.0115287336039,0.0118228339509,0.000823480971708,0.000705840832892,0.000117640138815,0.00176460208223,0.000588200694077,0.000235280277631,0.000117640138815,0.0,0.000176460208223,0.000705840832892
Gen 17
float_yankdup,integer_swap,vector_float_conj,vector_float_conc,vector_float_occurrencesof,vector_float_replacefirst,vector_float_rest,vector_float_p,vector_float_s,vector_float_r,vector_float_first,integer_fromfloat,vector_float_last,vector_float_d,float_sw,exec_yankd,vector_float_n,exec_do*tim,exec_yankdup,exec_yank,integer_mu,vector_float_remove,vector_float_fir,exec_do*vector_float,float_p,float_r,vector_float_stackdep,vector_float_dup,vector_float_subvec,float_i,exec_do*range,integer_yankd,float_m,integer_rot,float_a,float_c,float_d,integer_stackdep,float_s,vector_float_occurrences,exec_stackdepth,vector_float_swap,vector_float_reverse,float_stackdepth,float_max,exec_do*vector_flo,float_min,vector_float_rot,float_rot,exec_shove,vector_float_pushall,float_stackdep,float_sub,vector_float_sho,integer_div,integer_mult,integer_min,float_shove,integer_flush,float_inc,in1,integer_yank,integer_fromflo,vector_float_yankdup,float_ya,vector_float_butla,integer_sw,float_pop,exec_d,float_yankd,integer_max,exec_dup,exec_k,float_frominteger,float_mult,exec_noop,exec_p,exec_r,exec_s,vector_float_butlast,integer_flu,exec_y,float_mod,integer_ya,integer_yankdup,exec_stackdep,exec_do*ran,vector_float_index,vector_float_pop,exec_do*cou,vector_float_ta,vector_float_flu,float_add,exec_do*times,integer_shove,float_tan,vector_float_la,vector_float_indexof,float_sho,float_frominteg,integer_dup,vector_float_stackdepth,exec_sho,vector_float_replace,exec_swap,vector_float_rever,autoconstructive_integer_ra,exec_sw,integer_add,exec_flush,float_flu,float_cos,exec_flu,integer_mod,float_div,vector_float_leng,integer_inc,vector_float_yank,exec_rot,vector_float_flush,float_dec,vector_float_set,integer_pop,vector_float_shove,exec_pop,vector_float_take,vector_float_concat,vector_float_pusha,vector_float_ya,vector_float_remo,float_sin,autoconstructive_integer_rand,vector_float_length,exec_do*count,integer_sub,float_mu,exec_no,vector_float_re,float_dup,integer_r,integer_sho,vector_float_yankd,integer_stackdepth,integer_dec,exec,vector_float_replacefir,vector_float_nth,float_swap,vector_float_co,exec_ya,float_yank,float_flush,float_t,integer_d,integer_a,integer_m,integer_i,vector_float_subv,integer_s,integer_p,vector_float_repla,vector_float_sw
0.00505527470696,0.021332148214,0.0108327315149,0.000333314815844,0.0167212932615,0.014832509305,0.00805510804955,0.000166657407922,0.00061107716238,0.000277762346536,0.0147214043664,0.0162213210377,0.00861063274263,0.000999944447531,0.000166657407922,5.55524693073e-05,0.000499972223765,0.000555524693073,0.0179990000556,0.00855508027332,0.000222209877229,0.0187767346259,0.000722182100994,0.0126659630021,0.000222209877229,0.000444419754458,0.00061107716238,0.0142214321427,0.00905505249708,0.000444419754458,0.015554691406,0.000166657407922,0.00116660185545,0.00905505249708,0.000277762346536,0.000111104938615,0.000499972223765,0.000555524693073,0.0,0.000333314815844,0.0232764846397,0.0223876451308,0.00727737347925,0.0160546636298,0.0125548580634,0.000444419754458,0.0113327037387,0.0144991944892,0.0214988056219,0.00811066051886,0.00927726237431,0.00116660185545,0.0119437809011,0.00105549691684,0.0158324537526,0.0116660185545,0.00477751236042,0.0114438086773,0.00572190433865,0.0216099105605,0.0249986111883,0.0108327315149,0.000277762346536,0.0186100772179,0.00061107716238,0.000166657407922,0.00138881173268,0.0112771512694,0.000111104938615,0.000722182100994,0.011388256208,0.0209988333981,0.0163879784456,0.0218321204378,0.0173879228932,0.0136103549803,0.000555524693073,0.000888839508916,0.00827731792678,0.0159991111605,0.000166657407922,0.0188878395645,0.0193322593189,0.000722182100994,0.0109993889228,0.000777734570302,0.000222209877229,0.000222209877229,0.0111104938615,0.0,0.0,5.55524693073e-05,0.0145547469585,0.00655519137826,0.0137214599189,0.0136659074496,0.000499972223765,0.00727737347925,0.000499972223765,0.00161102160991,0.0131659352258,0.0109993889228,0.000222209877229,0.0125548580634,0.0127770679407,0.000166657407922,0.0,0.000166657407922,0.0106105216377,0.00411088272874,0.0,0.00872173768124,5.55524693073e-05,0.0126104105327,0.0103883117605,0.000833287039609,0.0168879506694,0.0103883117605,0.0189989445031,0.0127770679407,0.0192211543803,0.0154435864674,0.00938836731293,0.017721237709,0.0136103549803,0.0128881728793,0.0123326481862,5.55524693073e-05,0.0,0.000555524693073,0.0084439753347,0.0131659352258,0.0161657685684,0.00972168212877,0.0123326481862,0.000388867285151,0.000277762346536,0.000111104938615,0.00449975001389,0.000277762346536,0.000555524693073,0.000277762346536,0.0140547747347,0.0157769012833,0.000999944447531,0.00122215432476,0.0158324537526,0.0127215154714,0.000166657407922,5.55524693073e-05,0.0113327037387,0.0117771234931,0.000666629631687,0.000722182100994,0.000444419754458,0.00122215432476,0.000555524693073,0.000277762346536,0.000111104938615,0.0,0.000166657407922,0.000499972223765
Gen 18
float_yankdup,integer_swap,vector_float_conj,vector_float_conc,vector_float_occurrencesof,vector_float_replacefirst,vector_float_rest,vector_float_p,vector_float_s,vector_float_r,vector_float_first,integer_fromfloat,vector_float_last,vector_float_d,float_sw,exec_yankd,vector_float_n,exec_do*tim,exec_yankdup,exec_yank,integer_mu,vector_float_remove,vector_float_fir,exec_do*vector_float,float_p,float_r,vector_float_stackdep,vector_float_dup,vector_float_subvec,float_i,exec_do*range,integer_yankd,float_m,integer_rot,float_a,float_c,float_d,integer_stackdep,float_s,vector_float_occurrences,exec_stackdepth,vector_float_swap,vector_float_reverse,float_stackdepth,float_max,exec_do*vector_flo,float_min,vector_float_rot,float_rot,exec_shove,vector_float_pushall,float_stackdep,float_sub,vector_float_sho,integer_div,integer_mult,integer_min,float_shove,integer_flush,float_inc,in1,integer_yank,integer_fromflo,vector_float_yankdup,float_ya,vector_float_butla,integer_sw,float_pop,exec_d,float_yankd,integer_max,exec_dup,exec_k,float_frominteger,float_mult,exec_noop,exec_p,exec_r,exec_s,vector_float_butlast,integer_flu,exec_y,float_mod,integer_ya,integer_yankdup,exec_stackdep,exec_do*ran,vector_float_index,vector_float_pop,exec_do*cou,vector_float_ta,vector_float_flu,float_add,exec_do*times,integer_shove,float_tan,vector_float_la,vector_float_indexof,float_sho,float_frominteg,integer_dup,vector_float_stackdepth,exec_sho,vector_float_replace,exec_swap,vector_float_rever,autoconstructive_integer_ra,exec_sw,integer_add,exec_flush,float_flu,float_cos,exec_flu,integer_mod,float_div,vector_float_leng,integer_inc,vector_float_yank,exec_rot,vector_float_flush,float_dec,vector_float_set,integer_pop,vector_float_shove,exec_pop,vector_float_take,vector_float_concat,vector_float_pusha,vector_float_ya,vector_float_remo,float_sin,autoconstructive_integer_rand,vector_float_length,exec_do*count,integer_sub,float_mu,exec_no,vector_float_re,float_dup,integer_r,integer_sho,vector_float_yankd,integer_stackdepth,integer_dec,exec,vector_float_replacefir,vector_float_nth,float_swap,vector_float_co,exec_ya,float_yank,float_flush,float_t,integer_d,integer_a,integer_m,integer_i,vector_float_subv,integer_s,integer_p,vector_float_repla,vector_float_sw
0.00494710804694,0.0212620388401,0.010262617757,0.00015788642703,0.0149465817589,0.0152097258039,0.00631545708121,0.0,0.000789432135151,0.00026314404505,0.0142097784327,0.0147360665228,0.00689437398032,0.000894689753171,0.000684174517131,0.00015788642703,0.000789432135151,0.000789432135151,0.0179464238724,0.00894689753171,0.00015788642703,0.0183148255355,0.000578916899111,0.0108415346561,5.26288090101e-05,0.000578916899111,0.000631545708121,0.0128940582075,0.00736803326141,0.00036840166307,0.01594652913,0.00026314404505,0.00110520498921,0.00763117730646,0.00021051523604,0.00015788642703,0.000736803326141,0.00021051523604,0.00031577285406,0.00021051523604,0.0228409031104,0.0218935845482,0.00799957896953,0.0139992631967,0.0113678227462,0.00047365928109,0.010473132993,0.0146308089048,0.0201568338508,0.00757854849745,0.00684174517131,0.00042103047208,0.0108941634651,0.000947318562181,0.0161570443661,0.0112099363191,0.00405241829377,0.0110520498921,0.00484185042892,0.0203147202779,0.0233671912005,0.0124203989264,0.00015788642703,0.0186305983896,0.000789432135151,0.00026314404505,0.000578916899111,0.0109467922741,0.00015788642703,0.000631545708121,0.0108415346561,0.0194726593337,0.0169464765012,0.0215778116941,0.0162623019841,0.0121046260723,0.00042103047208,0.000578916899111,0.00721014683438,0.0147360665228,0.00010525761802,0.0193147729067,0.0175253934003,0.000578916899111,0.010315246566,0.000684174517131,0.00015788642703,0.00026314404505,0.0083679806326,0.00010525761802,0.00010525761802,5.26288090101e-05,0.0153676122309,0.00631545708121,0.0133150886795,0.0110520498921,0.00026314404505,0.00584179780012,0.00042103047208,0.00115783379822,0.0132098310615,0.00957844323983,0.00010525761802,0.0129466870165,0.0115783379822,0.00031577285406,0.00010525761802,5.26288090101e-05,0.00968370085785,0.00426293352981,0.00010525761802,0.00947318562181,0.0,0.0117888532183,0.010315246566,0.000684174517131,0.0159991579391,0.00905215514973,0.0181043102995,0.0124730277354,0.0190516288616,0.0154202410399,0.00805220777854,0.0154202410399,0.0132098310615,0.0131045734435,0.0121046260723,0.0,0.00010525761802,0.000526288090101,0.00873638229567,0.0131572022525,0.015472869849,0.00831535182359,0.0113678227462,0.00036840166307,0.00015788642703,0.00010525761802,0.0031577285406,0.00021051523604,0.000578916899111,0.000526288090101,0.0145781800958,0.0177359086364,0.00115783379822,0.000631545708121,0.015525498658,0.0126835429714,0.00015788642703,0.00021051523604,0.0112099363191,0.0115257091732,0.000894689753171,0.000578916899111,0.00015788642703,0.000894689753171,0.000526288090101,0.00010525761802,0.00015788642703,0.00021051523604,0.00015788642703,0.000684174517131
Gen 19
float_yankdup,integer_swap,vector_float_conj,vector_float_conc,vector_float_occurrencesof,vector_float_replacefirst,vector_float_rest,vector_float_p,vector_float_s,vector_float_r,vector_float_first,integer_fromfloat,vector_float_last,vector_float_d,float_sw,exec_yankd,vector_float_n,exec_do*tim,exec_yankdup,exec_yank,integer_mu,vector_float_remove,vector_float_fir,exec_do*vector_float,float_p,float_r,vector_float_stackdep,vector_float_dup,vector_float_subvec,float_i,exec_do*range,integer_yankd,float_m,integer_rot,float_a,float_c,float_d,integer_stackdep,float_s,vector_float_occurrences,exec_stackdepth,vector_float_swap,vector_float_reverse,float_stackdepth,float_max,exec_do*vector_flo,float_min,vector_float_rot,float_rot,exec_shove,vector_float_pushall,float_stackdep,float_sub,vector_float_sho,integer_div,integer_mult,integer_min,float_shove,integer_flush,float_inc,in1,integer_yank,integer_fromflo,vector_float_yankdup,float_ya,vector_float_butla,integer_sw,float_pop,exec_d,float_yankd,integer_max,exec_dup,exec_k,float_frominteger,float_mult,exec_noop,exec_p,exec_r,exec_s,vector_float_butlast,integer_flu,exec_y,float_mod,integer_ya,integer_yankdup,exec_stackdep,exec_do*ran,vector_float_index,vector_float_pop,exec_do*cou,vector_float_ta,vector_float_flu,float_add,exec_do*times,integer_shove,float_tan,vector_float_la,vector_float_indexof,float_sho,float_frominteg,integer_dup,vector_float_stackdepth,exec_sho,vector_float_replace,exec_swap,vector_float_rever,autoconstructive_integer_ra,exec_sw,integer_add,exec_flush,float_flu,float_cos,exec_flu,integer_mod,float_div,vector_float_leng,integer_inc,vector_float_yank,exec_rot,vector_float_flush,float_dec,vector_float_set,integer_pop,vector_float_shove,exec_pop,vector_float_take,vector_float_concat,vector_float_pusha,vector_float_ya,vector_float_remo,float_sin,autoconstructive_integer_rand,vector_float_length,exec_do*count,integer_sub,float_mu,exec_no,vector_float_re,float_dup,integer_r,integer_sho,vector_float_yankd,integer_stackdepth,integer_dec,exec,vector_float_replacefir,vector_float_nth,float_swap,vector_float_co,exec_ya,float_yank,float_flush,float_t,integer_d,integer_a,integer_m,integer_i,vector_float_subv,integer_s,integer_p,vector_float_repla,vector_float_sw
0.00414979251037,0.0198990050497,0.00904954752262,0.000149992500375,0.0130493475326,0.013599320034,0.00654967251637,0.0,4.9997500125e-05,9.999500025e-05,0.0128493575321,0.0134993250337,0.00674966251687,0.000749962501875,0.0009999500025,0.00029998500075,0.000399980001,0.00134993250337,0.0164991750412,0.008799560022,0.000349982500875,0.014399280036,0.000399980001,0.0106494675266,4.9997500125e-05,0.0001999900005,0.000849957502125,0.0126993650317,0.00684965751712,0.0001999900005,0.0133993300335,0.000349982500875,0.000849957502125,0.00834958252087,0.000149992500375,9.999500025e-05,0.000949952502375,0.0001999900005,0.00029998500075,0.00029998500075,0.0205989700515,0.0190490475476,0.00829958502075,0.0126993650317,0.0129993500325,0.0005999700015,0.0109994500275,0.0130493475326,0.0192490375481,0.00799960002,0.00729963501825,0.000149992500375,0.0102494875256,0.00089995500225,0.0140492975351,0.0104994750262,0.00284985750712,0.00964951752412,0.00374981250937,0.0173491325434,0.0226488675566,0.012399380031,0.000249987500625,0.0177991100445,0.000549972501375,0.00029998500075,0.00089995500225,0.00894955252237,0.0001999900005,0.000149992500375,0.0097995100245,0.0182990850457,0.0151492425379,0.0197990100495,0.0175491225439,0.0122493875306,0.000149992500375,0.000549972501375,0.00669966501675,0.0110494475276,0.000249987500625,0.0166991650417,0.0173991300435,0.000549972501375,0.00929953502325,0.00089995500225,0.000149992500375,0.000349982500875,0.00674966251687,4.9997500125e-05,4.9997500125e-05,4.9997500125e-05,0.0136993150342,0.00474976251187,0.0133493325334,0.0101994900255,0.000549972501375,0.00564971751412,0.00049997500125,0.000799960002,0.012399380031,0.0101494925254,4.9997500125e-05,0.0123493825309,0.0104494775261,0.0,9.999500025e-05,9.999500025e-05,0.0089995500225,0.00509974501275,4.9997500125e-05,0.00769961501925,0.000149992500375,0.01199940003,0.0100494975251,0.000449977501125,0.0150992450377,0.008799560022,0.0156492175391,0.0105494725264,0.0171491425429,0.0148492575371,0.00824958752062,0.0134993250337,0.0121493925304,0.0116494175291,0.01199940003,0.000149992500375,0.000149992500375,0.00029998500075,0.00709964501775,0.0120993950302,0.0142992850357,0.00664966751662,0.0104994750262,0.0005999700015,0.000349982500875,0.0,0.00234988250587,0.000249987500625,0.000449977501125,0.000399980001,0.0137493125344,0.0161491925404,0.00089995500225,0.00069996500175,0.0129493525324,0.0120993950302,9.999500025e-05,9.999500025e-05,0.0106494675266,0.00989950502475,0.000399980001,0.0005999700015,0.000149992500375,0.001199940003,0.000449977501125,0.00029998500075,0.0001999900005,0.0001999900005,0.000149992500375,0.00089995500225
Gen 20
float_yankdup,integer_swap,vector_float_conj,vector_float_conc,vector_float_occurrencesof,vector_float_replacefirst,vector_float_rest,vector_float_p,vector_float_s,vector_float_r,vector_float_first,integer_fromfloat,vector_float_last,vector_float_d,float_sw,exec_yankd,vector_float_n,exec_do*tim,exec_yankdup,exec_yank,integer_mu,vector_float_remove,vector_float_fir,exec_do*vector_float,float_p,float_r,vector_float_stackdep,vector_float_dup,vector_float_subvec,float_i,exec_do*range,integer_yankd,float_m,integer_rot,float_a,float_c,float_d,integer_stackdep,float_s,vector_float_occurrences,exec_stackdepth,vector_float_swap,vector_float_reverse,float_stackdepth,float_max,exec_do*vector_flo,float_min,vector_float_rot,float_rot,exec_shove,vector_float_pushall,float_stackdep,float_sub,vector_float_sho,integer_div,integer_mult,integer_min,float_shove,integer_flush,float_inc,in1,integer_yank,integer_fromflo,vector_float_yankdup,float_ya,vector_float_butla,integer_sw,float_pop,exec_d,float_yankd,integer_max,exec_dup,exec_k,float_frominteger,float_mult,exec_noop,exec_p,exec_r,exec_s,vector_float_butlast,integer_flu,exec_y,float_mod,integer_ya,integer_yankdup,exec_stackdep,exec_do*ran,vector_float_index,vector_float_pop,exec_do*cou,vector_float_ta,vector_float_flu,float_add,exec_do*times,integer_shove,float_tan,vector_float_la,vector_float_indexof,float_sho,float_frominteg,integer_dup,vector_float_stackdepth,exec_sho,vector_float_replace,exec_swap,vector_float_rever,autoconstructive_integer_ra,exec_sw,integer_add,exec_flush,float_flu,float_cos,exec_flu,integer_mod,float_div,vector_float_leng,integer_inc,vector_float_yank,exec_rot,vector_float_flush,float_dec,vector_float_set,integer_pop,vector_float_shove,exec_pop,vector_float_take,vector_float_concat,vector_float_pusha,vector_float_ya,vector_float_remo,float_sin,autoconstructive_integer_rand,vector_float_length,exec_do*count,integer_sub,float_mu,exec_no,vector_float_re,float_dup,integer_r,integer_sho,vector_float_yankd,integer_stackdepth,integer_dec,exec,vector_float_replacefir,vector_float_nth,float_swap,vector_float_co,exec_ya,float_yank,float_flush,float_t,integer_d,integer_a,integer_m,integer_i,vector_float_subv,integer_s,integer_p,vector_float_repla,vector_float_sw
0.00366649207181,0.018951478501,0.00895195466883,0.00014285034046,0.0127136803009,0.0138564830246,0.00680919956193,4.76167801533e-05,4.76167801533e-05,4.76167801533e-05,0.0134279320032,0.0127136803009,0.00633303176039,0.0007142517023,0.000904718822913,9.52335603067e-05,0.000380934241227,0.000952335603067,0.0156183038903,0.00895195466883,0.000666634922147,0.0150469025285,0.00028570068092,0.010856625875,4.76167801533e-05,0.00014285034046,0.00057140136184,0.0125708299605,0.00704728346269,0.000333317461073,0.0137136326842,0.00028570068092,0.00138088662445,0.00819008618637,0.00014285034046,9.52335603067e-05,0.00057140136184,0.00028570068092,0.000190467120613,0.00014285034046,0.0202371315652,0.0185705442598,0.00704728346269,0.01242797962,0.0132850816628,0.000190467120613,0.0119994285986,0.0132374648826,0.0188562449407,0.00780915194515,0.00723775058331,0.00042855102138,0.00971382315128,0.000809485262607,0.0147135850674,0.0104280748536,0.00304747392981,0.0105233084139,0.00423789343365,0.017999142898,0.0215704014095,0.0118565782582,0.000238083900767,0.0168087233941,0.000904718822913,0.00014285034046,0.000476167801533,0.00885672110852,0.000190467120613,0.000190467120613,0.0104280748536,0.0179039093377,0.0149516689681,0.0195228798629,0.0164754059331,0.0128565306414,0.000619018141993,0.000333317461073,0.00580924717871,0.011475644017,0.00014285034046,0.0161897052521,0.0164754059331,0.000666634922147,0.0092852721299,0.000761868482453,0.0,0.00028570068092,0.00733298414361,0.0,0.00014285034046,4.76167801533e-05,0.0135231655635,0.00633303176039,0.0135231655635,0.0106185419742,0.000809485262607,0.00414265987334,0.0007142517023,0.000809485262607,0.013046997762,0.00899957144898,4.76167801533e-05,0.0119041950383,0.0101899909528,0.00014285034046,0.00014285034046,0.000523784581687,0.00957097281082,0.00504737869625,0.0,0.00852340364745,0.00014285034046,0.0117613446979,0.0106661587543,0.000238083900767,0.0150469025285,0.00895195466883,0.0158563877911,0.0108090090948,0.0178562925575,0.0152373696491,0.00847578686729,0.0121422789391,0.0119518118185,0.0122851292796,0.0125708299605,9.52335603067e-05,9.52335603067e-05,0.000190467120613,0.00680919956193,0.0121898957193,0.014904052188,0.00728536736346,0.0101899909528,0.000333317461073,0.000190467120613,0.000190467120613,0.00309509070997,9.52335603067e-05,0.000666634922147,0.000380934241227,0.0132850816628,0.0157135374506,0.00057140136184,0.000666634922147,0.0123803628399,0.0117137279177,0.00014285034046,0.0,0.0109994762154,0.00899957144898,0.000333317461073,0.000238083900767,0.0,0.00085710204276,0.000190467120613,0.000380934241227,0.0,0.000333317461073,0.00028570068092,0.00114280272368
Gen 21
float_yankdup,integer_swap,vector_float_conj,vector_float_conc,vector_float_occurrencesof,vector_float_replacefirst,vector_float_rest,vector_float_p,vector_float_s,vector_float_r,vector_float_first,integer_fromfloat,vector_float_last,vector_float_d,float_sw,exec_yankd,vector_float_n,exec_do*tim,exec_yankdup,exec_yank,integer_mu,vector_float_remove,vector_float_fir,exec_do*vector_float,float_p,float_r,vector_float_stackdep,vector_float_dup,vector_float_subvec,float_i,exec_do*range,integer_yankd,float_m,integer_rot,float_a,float_c,float_d,integer_stackdep,float_s,vector_float_occurrences,exec_stackdepth,vector_float_swap,vector_float_reverse,float_stackdepth,float_max,exec_do*vector_flo,float_min,vector_float_rot,float_rot,exec_shove,vector_float_pushall,float_stackdep,float_sub,vector_float_sho,integer_div,integer_mult,integer_min,float_shove,integer_flush,float_inc,in1,integer_yank,integer_fromflo,vector_float_yankdup,float_ya,vector_float_butla,integer_sw,float_pop,exec_d,float_yankd,integer_max,exec_dup,exec_k,float_frominteger,float_mult,exec_noop,exec_p,exec_r,exec_s,vector_float_butlast,integer_flu,exec_y,float_mod,integer_ya,integer_yankdup,exec_stackdep,exec_do*ran,vector_float_index,vector_float_pop,exec_do*cou,vector_float_ta,vector_float_flu,float_add,exec_do*times,integer_shove,float_tan,vector_float_la,vector_float_indexof,float_sho,float_frominteg,integer_dup,vector_float_stackdepth,exec_sho,vector_float_replace,exec_swap,vector_float_rever,autoconstructive_integer_ra,exec_sw,integer_add,exec_flush,float_flu,float_cos,exec_flu,integer_mod,float_div,vector_float_leng,integer_inc,vector_float_yank,exec_rot,vector_float_flush,float_dec,vector_float_set,integer_pop,vector_float_shove,exec_pop,vector_float_take,vector_float_concat,vector_float_pusha,vector_float_ya,vector_float_remo,float_sin,autoconstructive_integer_rand,vector_float_length,exec_do*count,integer_sub,float_mu,exec_no,vector_float_re,float_dup,integer_r,integer_sho,vector_float_yankd,integer_stackdepth,integer_dec,exec,vector_float_replacefir,vector_float_nth,float_swap,vector_float_co,exec_ya,float_yank,float_flush,float_t,integer_d,integer_a,integer_m,integer_i,vector_float_subv,integer_s,integer_p,vector_float_repla,vector_float_sw
0.00268169628653,0.0168628698696,0.00781782646243,0.000318167356029,0.0119540020908,0.0125448843234,0.00645425207945,0.000227262397164,9.09049588655e-05,0.000136357438298,0.0121358120085,0.0106813326667,0.0049997727376,0.000454524794328,0.00081814462979,0.000227262397164,0.000409072314895,0.000545429753193,0.0140902686242,0.00740875414754,0.000590882232626,0.0133175764738,9.09049588655e-05,0.00922685332485,9.09049588655e-05,0.000227262397164,0.00081814462979,0.0109995000227,0.00618153720285,0.000272714876597,0.0126812417617,0.000227262397164,0.00163628925958,0.00709058679151,9.09049588655e-05,4.54524794328e-05,0.000545429753193,0.000181809917731,0.000318167356029,0.000136357438298,0.0190900413618,0.0167265124313,0.00677241943548,0.0112267624199,0.0112267624199,0.000181809917731,0.00981773555747,0.0115903822554,0.016908322349,0.00654515703832,0.00718149175037,0.000227262397164,0.00831780373619,0.000681787191491,0.0127266942412,0.00890868596882,0.00399981819008,0.00927230580428,0.00363619835462,0.0160447252398,0.0200899959093,0.0109995000227,0.000272714876597,0.0159992727603,0.000863597109222,0.000181809917731,0.000363619835462,0.00813599381846,0.000227262397164,4.54524794328e-05,0.00959047316031,0.0166356074724,0.0139539111859,0.0171810372256,0.0149084132539,0.0105904277078,0.000318167356029,0.000227262397164,0.00677241943548,0.0109085950639,0.000136357438298,0.0150447706922,0.0151356756511,0.000545429753193,0.00881778100995,0.000227262397164,4.54524794328e-05,0.000227262397164,0.00681787191491,4.54524794328e-05,0.000272714876597,0.0,0.0119540020908,0.00545429753193,0.0119540020908,0.00854506613336,0.000681787191491,0.00463615290214,0.000636334712059,0.000590882232626,0.0107267851461,0.00799963638016,0.000136357438298,0.010817690105,0.0102722603518,9.09049588655e-05,9.09049588655e-05,0.000409072314895,0.00740875414754,0.00413617562838,0.0,0.00736330166811,0.0,0.012181264488,0.00909049588655,0.000409072314895,0.0125903368029,0.00731784918867,0.0137266487887,0.00909049588655,0.0156356529249,0.0127266942412,0.00736330166811,0.0114994772965,0.0114994772965,0.00986318803691,0.0108631425844,0.000272714876597,0.000181809917731,4.54524794328e-05,0.00595427480569,0.0112722148993,0.0139084587064,0.00677241943548,0.00959047316031,0.000181809917731,0.000136357438298,9.09049588655e-05,0.00254533884823,0.000136357438298,0.000227262397164,0.00081814462979,0.0119540020908,0.0141357211036,0.00109085950639,0.000227262397164,0.010817690105,0.010499522749,0.000227262397164,0.000136357438298,0.0102722603518,0.00809054133903,0.000181809917731,0.000363619835462,0.000227262397164,0.000727239670924,0.000363619835462,0.000454524794328,0.000136357438298,9.09049588655e-05,0.000181809917731,0.000863597109222
Gen 22
float_yankdup,integer_swap,vector_float_conj,vector_float_conc,vector_float_occurrencesof,vector_float_replacefirst,vector_float_rest,vector_float_p,vector_float_s,vector_float_r,vector_float_first,integer_fromfloat,vector_float_last,vector_float_d,float_sw,exec_yankd,vector_float_n,exec_do*tim,exec_yankdup,exec_yank,integer_mu,vector_float_remove,vector_float_fir,exec_do*vector_float,float_p,float_r,vector_float_stackdep,vector_float_dup,vector_float_subvec,float_i,exec_do*range,integer_yankd,float_m,integer_rot,float_a,float_c,float_d,integer_stackdep,float_s,vector_float_occurrences,exec_stackdepth,vector_float_swap,vector_float_reverse,float_stackdepth,float_max,exec_do*vector_flo,float_min,vector_float_rot,float_rot,exec_shove,vector_float_pushall,float_stackdep,float_sub,vector_float_sho,integer_div,integer_mult,integer_min,float_shove,integer_flush,float_inc,in1,integer_yank,integer_fromflo,vector_float_yankdup,float_ya,vector_float_butla,integer_sw,float_pop,exec_d,float_yankd,integer_max,exec_dup,exec_k,float_frominteger,float_mult,exec_noop,exec_p,exec_r,exec_s,vector_float_butlast,integer_flu,exec_y,float_mod,integer_ya,integer_yankdup,exec_stackdep,exec_do*ran,vector_float_index,vector_float_pop,exec_do*cou,vector_float_ta,vector_float_flu,float_add,exec_do*times,integer_shove,float_tan,vector_float_la,vector_float_indexof,float_sho,float_frominteg,integer_dup,vector_float_stackdepth,exec_sho,vector_float_replace,exec_swap,vector_float_rever,autoconstructive_integer_ra,exec_sw,integer_add,exec_flush,float_flu,float_cos,exec_flu,integer_mod,float_div,vector_float_leng,integer_inc,vector_float_yank,exec_rot,vector_float_flush,float_dec,vector_float_set,integer_pop,vector_float_shove,exec_pop,vector_float_take,vector_float_concat,vector_float_pusha,vector_float_ya,vector_float_remo,float_sin,autoconstructive_integer_rand,vector_float_length,exec_do*count,integer_sub,float_mu,exec_no,vector_float_re,float_dup,integer_r,integer_sho,vector_float_yankd,integer_stackdepth,integer_dec,exec,vector_float_replacefir,vector_float_nth,float_swap,vector_float_co,exec_ya,float_yank,float_flush,float_t,integer_d,integer_a,integer_m,integer_i,vector_float_subv,integer_s,integer_p,vector_float_repla,vector_float_sw
0.00247815312378,0.0169992609017,0.00713012477718,0.000130429111778,0.010782139907,0.0119994782836,0.00730403025955,0.000130429111778,4.34763705926e-05,8.69527411852e-05,0.0121733837659,0.0109125690187,0.0052606408417,0.000391287335333,0.000608669188296,8.69527411852e-05,0.000347810964741,0.000652145558889,0.0136081039955,0.00691274292422,0.000478240076518,0.0123907656189,0.000130429111778,0.00969523064215,4.34763705926e-05,0.000260858223555,0.000521716447111,0.00965175427155,0.00539106995348,0.000347810964741,0.0116516673188,0.000304334594148,0.00121733837659,0.00699969566541,0.000260858223555,4.34763705926e-05,0.000999956523629,0.000130429111778,0.000304334594148,4.34763705926e-05,0.0182165992783,0.0161297334898,0.00634755010652,0.0104778053128,0.0113908090953,0.00017390548237,0.010564758054,0.00999956523629,0.0172601191253,0.00578235728881,0.00708664840659,0.000217381852963,0.00882570323029,0.000956480153037,0.0118690491718,0.00813008130081,0.00339115690622,0.00917351419503,0.0040867788357,0.0151732533368,0.0195643667667,0.0116951436894,4.34763705926e-05,0.0139124385896,0.001173862006,0.000130429111778,0.000521716447111,0.00856484500674,0.000217381852963,0.000217381852963,0.0109125690187,0.0167384026781,0.0139559149602,0.0167384026781,0.0134776748837,0.0119994782836,0.0,0.000260858223555,0.00521716447111,0.0107386635364,4.34763705926e-05,0.0146080605191,0.0134776748837,0.000434763705926,0.00869527411852,0.000434763705926,0.00017390548237,0.000565192817704,0.00830398678318,0.0,0.000260858223555,8.69527411852e-05,0.011521238207,0.00547802269467,0.0115647145776,0.008217034042,0.000478240076518,0.00282596408852,0.000478240076518,0.000999956523629,0.0103908525716,0.00717360114778,4.34763705926e-05,0.0099560888657,0.00960827790096,0.000260858223555,0.00017390548237,0.000391287335333,0.00730403025955,0.00391287335333,0.0,0.00613016825355,0.0,0.0100865179775,0.00947784878918,0.000304334594148,0.0132168166601,0.00713012477718,0.0116516673188,0.00956480153037,0.0150863005956,0.0104343289422,0.007043172036,0.01173862006,0.0105212816834,0.00891265597148,0.0111734272423,0.000130429111778,8.69527411852e-05,4.34763705926e-05,0.00634755010652,0.011956001913,0.0142602495544,0.00804312855963,0.00769531759489,0.00017390548237,8.69527411852e-05,8.69527411852e-05,0.0029129168297,0.00017390548237,0.000347810964741,0.000739098300074,0.0105212816834,0.0124777183601,0.000608669188296,4.34763705926e-05,0.0101299943481,0.010782139907,0.000260858223555,4.34763705926e-05,0.00882570323029,0.00743445937133,0.000347810964741,0.000782574670666,0.00017390548237,0.000304334594148,0.000217381852963,0.000521716447111,8.69527411852e-05,0.00017390548237,0.000260858223555,0.000608669188296
Gen 23
float_yankdup,integer_swap,vector_float_conj,vector_float_conc,vector_float_occurrencesof,vector_float_replacefirst,vector_float_rest,vector_float_p,vector_float_s,vector_float_r,vector_float_first,integer_fromfloat,vector_float_last,vector_float_d,float_sw,exec_yankd,vector_float_n,exec_do*tim,exec_yankdup,exec_yank,integer_mu,vector_float_remove,vector_float_fir,exec_do*vector_float,float_p,float_r,vector_float_stackdep,vector_float_dup,vector_float_subvec,float_i,exec_do*range,integer_yankd,float_m,integer_rot,float_a,float_c,float_d,integer_stackdep,float_s,vector_float_occurrences,exec_stackdepth,vector_float_swap,vector_float_reverse,float_stackdepth,float_max,exec_do*vector_flo,float_min,vector_float_rot,float_rot,exec_shove,vector_float_pushall,float_stackdep,float_sub,vector_float_sho,integer_div,integer_mult,integer_min,float_shove,integer_flush,float_inc,in1,integer_yank,integer_fromflo,vector_float_yankdup,float_ya,vector_float_butla,integer_sw,float_pop,exec_d,float_yankd,integer_max,exec_dup,exec_k,float_frominteger,float_mult,exec_noop,exec_p,exec_r,exec_s,vector_float_butlast,integer_flu,exec_y,float_mod,integer_ya,integer_yankdup,exec_stackdep,exec_do*ran,vector_float_index,vector_float_pop,exec_do*cou,vector_float_ta,vector_float_flu,float_add,exec_do*times,integer_shove,float_tan,vector_float_la,vector_float_indexof,float_sho,float_frominteg,integer_dup,vector_float_stackdepth,exec_sho,vector_float_replace,exec_swap,vector_float_rever,autoconstructive_integer_ra,exec_sw,integer_add,exec_flush,float_flu,float_cos,exec_flu,integer_mod,float_div,vector_float_leng,integer_inc,vector_float_yank,exec_rot,vector_float_flush,float_dec,vector_float_set,integer_pop,vector_float_shove,exec_pop,vector_float_take,vector_float_concat,vector_float_pusha,vector_float_ya,vector_float_remo,float_sin,autoconstructive_integer_rand,vector_float_length,exec_do*count,integer_sub,float_mu,exec_no,vector_float_re,float_dup,integer_r,integer_sho,vector_float_yankd,integer_stackdepth,integer_dec,exec,vector_float_replacefir,vector_float_nth,float_swap,vector_float_co,exec_ya,float_yank,float_flush,float_t,integer_d,integer_a,integer_m,integer_i,vector_float_subv,integer_s,integer_p,vector_float_repla,vector_float_sw
0.00274988542144,0.0151243698179,0.00574976042665,0.000124994791884,0.00874963543186,0.0104578975876,0.00604141494104,0.000208324653139,0.000124994791884,4.16649306279e-05,0.0102079080038,0.0108328819633,0.00387483854839,0.00058330902879,0.000416649306279,0.000208324653139,0.000208324653139,0.000291654514395,0.012874463564,0.00679138369235,0.000333319445023,0.011082871547,0.000166659722512,0.00837465105621,4.16649306279e-05,0.000333319445023,0.000333319445023,0.00870797050123,0.00429148785467,0.000208324653139,0.0105828923795,0.000708303820674,0.000999958335069,0.00529144618974,0.000458314236907,0.0,0.000749968751302,0.000291654514395,0.000374984375651,0.000208324653139,0.0159993333611,0.0141660764135,0.00495812674472,0.00920794966876,0.00987458855881,0.0,0.00929127953002,0.00991625348944,0.0150827048873,0.00437481771593,0.00704137327611,0.000124994791884,0.00787467188867,0.000624973959418,0.0107912170326,0.00795800174993,0.00299987500521,0.00958293404441,0.00308320486646,0.0139577517603,0.0176659305862,0.0101245781426,0.0,0.0125828090496,0.000541644098163,0.000124994791884,0.000624973959418,0.00766634723553,0.000291654514395,0.000208324653139,0.0103329027957,0.0148327153035,0.0119995000208,0.0148743802342,0.0125828090496,0.0111662014083,0.000249989583767,0.000249989583767,0.00437481771593,0.00995791842007,4.16649306279e-05,0.0120411649515,0.0107912170326,0.000458314236907,0.0064163993167,0.000416649306279,0.000249989583767,0.000208324653139,0.00695804341486,8.33298612558e-05,8.33298612558e-05,0.000124994791884,0.00995791842007,0.00420815799342,0.0105828923795,0.00712470313737,0.000416649306279,0.00249989583767,0.000416649306279,0.000541644098163,0.0097079288363,0.00504145660597,0.000166659722512,0.00912461980751,0.00674971876172,0.000166659722512,0.0,0.000333319445023,0.007166368068,0.00287488021332,0.000124994791884,0.00595808507979,0.0,0.0104578975876,0.0094162743219,0.000333319445023,0.0119578350902,0.00558310070414,0.0108745468939,0.0094162743219,0.0134577725928,0.00962459897504,0.00499979167535,0.00912461980751,0.0079163368193,0.00849964584809,0.0101662430732,0.000249989583767,0.000249989583767,0.000124994791884,0.00570809549602,0.0113328611308,0.0126661389109,0.0076246823049,0.00691637848423,0.000166659722512,0.000124994791884,4.16649306279e-05,0.00324986458898,0.000166659722512,0.000374984375651,0.000541644098163,0.00929127953002,0.0109162118245,0.00079163368193,0.000416649306279,0.00908295487688,0.0094162743219,8.33298612558e-05,4.16649306279e-05,0.00766634723553,0.0061247448023,0.000166659722512,0.000374984375651,0.000249989583767,0.000666638890046,0.000333319445023,4.16649306279e-05,4.16649306279e-05,0.000166659722512,0.000166659722512,0.000916628473814
Gen 24
float_yankdup,integer_swap,vector_float_conj,vector_float_conc,vector_float_occurrencesof,vector_float_replacefirst,vector_float_rest,vector_float_p,vector_float_s,vector_float_r,vector_float_first,integer_fromfloat,vector_float_last,vector_float_d,float_sw,exec_yankd,vector_float_n,exec_do*tim,exec_yankdup,exec_yank,integer_mu,vector_float_remove,vector_float_fir,exec_do*vector_float,float_p,float_r,vector_float_stackdep,vector_float_dup,vector_float_subvec,float_i,exec_do*range,integer_yankd,float_m,integer_rot,float_a,float_c,float_d,integer_stackdep,float_s,vector_float_occurrences,exec_stackdepth,vector_float_swap,vector_float_reverse,float_stackdepth,float_max,exec_do*vector_flo,float_min,vector_float_rot,float_rot,exec_shove,vector_float_pushall,float_stackdep,float_sub,vector_float_sho,integer_div,integer_mult,integer_min,float_shove,integer_flush,float_inc,in1,integer_yank,integer_fromflo,vector_float_yankdup,float_ya,vector_float_butla,integer_sw,float_pop,exec_d,float_yankd,integer_max,exec_dup,exec_k,float_frominteger,float_mult,exec_noop,exec_p,exec_r,exec_s,vector_float_butlast,integer_flu,exec_y,float_mod,integer_ya,integer_yankdup,exec_stackdep,exec_do*ran,vector_float_index,vector_float_pop,exec_do*cou,vector_float_ta,vector_float_flu,float_add,exec_do*times,integer_shove,float_tan,vector_float_la,vector_float_indexof,float_sho,float_frominteg,integer_dup,vector_float_stackdepth,exec_sho,vector_float_replace,exec_swap,vector_float_rever,autoconstructive_integer_ra,exec_sw,integer_add,exec_flush,float_flu,float_cos,exec_flu,integer_mod,float_div,vector_float_leng,integer_inc,vector_float_yank,exec_rot,vector_float_flush,float_dec,vector_float_set,integer_pop,vector_float_shove,exec_pop,vector_float_take,vector_float_concat,vector_float_pusha,vector_float_ya,vector_float_remo,float_sin,autoconstructive_integer_rand,vector_float_length,exec_do*count,integer_sub,float_mu,exec_no,vector_float_re,float_dup,integer_r,integer_sho,vector_float_yankd,integer_stackdepth,integer_dec,exec,vector_float_replacefir,vector_float_nth,float_swap,vector_float_co,exec_ya,float_yank,float_flush,float_t,integer_d,integer_a,integer_m,integer_i,vector_float_subv,integer_s,integer_p,vector_float_repla,vector_float_sw
0.00231990720371,0.0145994160234,0.00731970721171,0.000119995200192,0.00915963361466,0.0109595616175,0.00615975360986,0.000239990400384,0.000119995200192,0.000159993600256,0.0105595776169,0.00991960321587,0.00487980480781,0.000359985600576,0.000279988800448,0.00019999200032,7.9996800128e-05,0.000639974401024,0.0119195232191,0.00731970721171,0.00039998400064,0.0102795888164,7.9996800128e-05,0.00863965441382,7.9996800128e-05,0.000479980800768,0.00039998400064,0.00931962721491,0.00535978560858,0.000119995200192,0.0104395824167,0.000479980800768,0.00119995200192,0.00547978080877,7.9996800128e-05,0.0,0.0009999600016,0.000639974401024,0.000439982400704,0.000239990400384,0.0154393824247,0.0142794288228,0.0044398224071,0.0111195552178,0.0111595536179,0.000239990400384,0.010599576017,0.0107595696172,0.014359425623,0.00527978880845,0.00819967201312,0.000239990400384,0.00771969121235,0.00107995680173,0.0106795728171,0.00867965281389,0.00307987680493,0.009999600016,0.00447982080717,0.0148394064237,0.0175592976281,0.00895964161434,3.9998400064e-05,0.0128794848206,0.00059997600096,0.000159993600256,0.000479980800768,0.00803967841286,0.000159993600256,0.0,0.0101595936163,0.0147194112236,0.0123595056198,0.0146394144234,0.0128794848206,0.0120395184193,7.9996800128e-05,0.00019999200032,0.00411983520659,0.0104395824167,0.000159993600256,0.0117195312188,0.0113595456182,0.00059997600096,0.00679972801088,0.000279988800448,0.00019999200032,7.9996800128e-05,0.00695972161114,0.000119995200192,0.000279988800448,0.000119995200192,0.009999600016,0.00507979680813,0.0109195632175,0.00759969601216,0.000239990400384,0.00319987200512,0.00039998400064,0.000359985600576,0.0103995840166,0.00623975040998,0.000159993600256,0.00923963041478,0.00751969921203,0.000239990400384,0.000119995200192,0.00039998400064,0.00839966401344,0.00335986560538,7.9996800128e-05,0.00707971681133,0.0,0.0101995920163,0.00967961281549,0.000239990400384,0.0119195232191,0.00607975680973,0.0114395424183,0.00815967361306,0.013759449622,0.0109995600176,0.00551977920883,0.00959961601536,0.00815967361306,0.00851965921363,0.0103995840166,7.9996800128e-05,7.9996800128e-05,7.9996800128e-05,0.00551977920883,0.0102395904164,0.0119995200192,0.00775968961242,0.00691972321107,0.000159993600256,0.000119995200192,0.000119995200192,0.00339986400544,0.0,7.9996800128e-05,0.000439982400704,0.00923963041478,0.0111595536179,0.00039998400064,0.000439982400704,0.00887964481421,0.00991960321587,0.0,3.9998400064e-05,0.00851965921363,0.00735970561178,0.000319987200512,0.000559977600896,0.000479980800768,0.000879964801408,0.000319987200512,7.9996800128e-05,0.000159993600256,0.000119995200192,0.000119995200192,0.000639974401024
Gen 25
float_yankdup,integer_swap,vector_float_conj,vector_float_conc,vector_float_occurrencesof,vector_float_replacefirst,vector_float_rest,vector_float_p,vector_float_s,vector_float_r,vector_float_first,integer_fromfloat,vector_float_last,vector_float_d,float_sw,exec_yankd,vector_float_n,exec_do*tim,exec_yankdup,exec_yank,integer_mu,vector_float_remove,vector_float_fir,exec_do*vector_float,float_p,float_r,vector_float_stackdep,vector_float_dup,vector_float_subvec,float_i,exec_do*range,integer_yankd,float_m,integer_rot,float_a,float_c,float_d,integer_stackdep,float_s,vector_float_occurrences,exec_stackdepth,vector_float_swap,vector_float_reverse,float_stackdepth,float_max,exec_do*vector_flo,float_min,vector_float_rot,float_rot,exec_shove,vector_float_pushall,float_stackdep,float_sub,vector_float_sho,integer_div,integer_mult,integer_min,float_shove,integer_flush,float_inc,in1,integer_yank,integer_fromflo,vector_float_yankdup,float_ya,vector_float_butla,integer_sw,float_pop,exec_d,float_yankd,integer_max,exec_dup,exec_k,float_frominteger,float_mult,exec_noop,exec_p,exec_r,exec_s,vector_float_butlast,integer_flu,exec_y,float_mod,integer_ya,integer_yankdup,exec_stackdep,exec_do*ran,vector_float_index,vector_float_pop,exec_do*cou,vector_float_ta,vector_float_flu,float_add,exec_do*times,integer_shove,float_tan,vector_float_la,vector_float_indexof,float_sho,float_frominteg,integer_dup,vector_float_stackdepth,exec_sho,vector_float_replace,exec_swap,vector_float_rever,autoconstructive_integer_ra,exec_sw,integer_add,exec_flush,float_flu,float_cos,exec_flu,integer_mod,float_div,vector_float_leng,integer_inc,vector_float_yank,exec_rot,vector_float_flush,float_dec,vector_float_set,integer_pop,vector_float_shove,exec_pop,vector_float_take,vector_float_concat,vector_float_pusha,vector_float_ya,vector_float_remo,float_sin,autoconstructive_integer_rand,vector_float_length,exec_do*count,integer_sub,float_mu,exec_no,vector_float_re,float_dup,integer_r,integer_sho,vector_float_yankd,integer_stackdepth,integer_dec,exec,vector_float_replacefir,vector_float_nth,float_swap,vector_float_co,exec_ya,float_yank,float_flush,float_t,integer_d,integer_a,integer_m,integer_i,vector_float_subv,integer_s,integer_p,vector_float_repla,vector_float_sw
0.00230760355371,0.0134994807892,0.0066151301873,0.000153840236914,0.00865351332641,0.0103457559325,0.00584592900273,0.000192300296142,0.000153840236914,3.84600592285e-05,0.00973039498481,0.00930733433329,0.00442290681128,0.000423060651513,0.000384600592285,0.000192300296142,0.000153840236914,0.000192300296142,0.0120379985385,0.00657667012807,0.000384600592285,0.00965347486635,0.000153840236914,0.00773047190493,7.6920118457e-05,0.000346140533056,0.000269220414599,0.00919195415561,0.00496134764048,0.000115380177685,0.0100380754586,0.00076920118457,0.00049998076997,0.0052690281143,0.000192300296142,7.6920118457e-05,0.000692281066113,0.000230760355371,0.000576900888427,0.000269220414599,0.0145763624476,0.0134225606707,0.00442290681128,0.010268835814,0.00980731510327,0.000307680473828,0.0084996730895,0.0106149763471,0.0134225606707,0.00542286835122,0.00749971154956,0.000269220414599,0.0071535710165,0.000653821006884,0.0104611361101,0.00784585208261,0.00307680473828,0.00926887427407,0.00411522633745,0.0133071804931,0.0165378254683,0.00896119380024,0.000192300296142,0.0118841583016,0.000615360947656,7.6920118457e-05,0.000307680473828,0.00749971154956,0.000230760355371,3.84600592285e-05,0.00942271451098,0.0141533017961,0.0113841775316,0.0134225606707,0.0122687588939,0.010768816584,3.84600592285e-05,0.000153840236914,0.00376908580439,0.00988423522172,0.0,0.0108072766432,0.0104611361101,0.000461520710742,0.00673051036499,0.000307680473828,7.6920118457e-05,7.6920118457e-05,0.00619206953579,0.000192300296142,0.000153840236914,0.000192300296142,0.00976885504404,0.00399984615976,0.0104611361101,0.00719203107573,0.000461520710742,0.00376908580439,0.000307680473828,0.000230760355371,0.0101149955771,0.00615360947656,0.000115380177685,0.00865351332641,0.00611514941733,7.6920118457e-05,0.000192300296142,0.000153840236914,0.00773047190493,0.00296142456059,3.84600592285e-05,0.00680743048344,0.0,0.00976885504404,0.00907657397792,0.000230760355371,0.0119995384793,0.00576900888427,0.011114957117,0.0084996730895,0.0124225991308,0.0108841967617,0.00496134764048,0.00865351332641,0.00699973077959,0.0082304526749,0.00965347486635,3.84600592285e-05,0.000192300296142,0.000153840236914,0.0055382485289,0.00965347486635,0.010768816584,0.00603822929887,0.00565362870659,7.6920118457e-05,7.6920118457e-05,7.6920118457e-05,0.00307680473828,3.84600592285e-05,7.6920118457e-05,0.000961501480712,0.00934579439252,0.0109995769393,0.000538440829199,0.000653821006884,0.00830737279335,0.00896119380024,3.84600592285e-05,0.000115380177685,0.00757663166801,0.00696127072036,0.000153840236914,0.0010768816584,0.000615360947656,0.000692281066113,0.000115380177685,0.000192300296142,0.000115380177685,0.000192300296142,0.000192300296142,0.000461520710742
Gen 26
float_yankdup,integer_swap,vector_float_conj,vector_float_conc,vector_float_occurrencesof,vector_float_replacefirst,vector_float_rest,vector_float_p,vector_float_s,vector_float_r,vector_float_first,integer_fromfloat,vector_float_last,vector_float_d,float_sw,exec_yankd,vector_float_n,exec_do*tim,exec_yankdup,exec_yank,integer_mu,vector_float_remove,vector_float_fir,exec_do*vector_float,float_p,float_r,vector_float_stackdep,vector_float_dup,vector_float_subvec,float_i,exec_do*range,integer_yankd,float_m,integer_rot,float_a,float_c,float_d,integer_stackdep,float_s,vector_float_occurrences,exec_stackdepth,vector_float_swap,vector_float_reverse,float_stackdepth,float_max,exec_do*vector_flo,float_min,vector_float_rot,float_rot,exec_shove,vector_float_pushall,float_stackdep,float_sub,vector_float_sho,integer_div,integer_mult,integer_min,float_shove,integer_flush,float_inc,in1,integer_yank,integer_fromflo,vector_float_yankdup,float_ya,vector_float_butla,integer_sw,float_pop,exec_d,float_yankd,integer_max,exec_dup,exec_k,float_frominteger,float_mult,exec_noop,exec_p,exec_r,exec_s,vector_float_butlast,integer_flu,exec_y,float_mod,integer_ya,integer_yankdup,exec_stackdep,exec_do*ran,vector_float_index,vector_float_pop,exec_do*cou,vector_float_ta,vector_float_flu,float_add,exec_do*times,integer_shove,float_tan,vector_float_la,vector_float_indexof,float_sho,float_frominteg,integer_dup,vector_float_stackdepth,exec_sho,vector_float_replace,exec_swap,vector_float_rever,autoconstructive_integer_ra,exec_sw,integer_add,exec_flush,float_flu,float_cos,exec_flu,integer_mod,float_div,vector_float_leng,integer_inc,vector_float_yank,exec_rot,vector_float_flush,float_dec,vector_float_set,integer_pop,vector_float_shove,exec_pop,vector_float_take,vector_float_concat,vector_float_pusha,vector_float_ya,vector_float_remo,float_sin,autoconstructive_integer_rand,vector_float_length,exec_do*count,integer_sub,float_mu,exec_no,vector_float_re,float_dup,integer_r,integer_sho,vector_float_yankd,integer_stackdepth,integer_dec,exec,vector_float_replacefir,vector_float_nth,float_swap,vector_float_co,exec_ya,float_yank,float_flush,float_t,integer_d,integer_a,integer_m,integer_i,vector_float_subv,integer_s,integer_p,vector_float_repla,vector_float_sw
0.00188881893263,0.0131846968631,0.00570349246324,0.000148142661383,0.00755527573053,0.00877745268694,0.00507388615236,7.40713306915e-05,0.000222213992074,0.000222213992074,0.00844413169883,0.00903670234436,0.00351838820784,0.000111106996037,0.000185178326729,3.70356653457e-05,0.000111106996037,7.40713306915e-05,0.0111106996037,0.00574052812859,0.000666641976223,0.00903670234436,0.000185178326729,0.00688863375431,3.70356653457e-05,0.000444427984149,0.000111106996037,0.00762934706122,0.00425910151476,7.40713306915e-05,0.00929595200178,0.000444427984149,0.000444427984149,0.00418503018407,0.000185178326729,0.0,0.000666641976223,0.000296285322766,0.000444427984149,0.000185178326729,0.0135920891819,0.0123699122255,0.00370356653457,0.00970334432058,0.00814784637606,0.000296285322766,0.00729602607311,0.00896263101367,0.0125921262175,0.00485167216029,0.00718491907707,0.00025924965742,0.00651827710085,0.000481463649494,0.00840709603348,0.00703677641569,0.00374060219992,0.00851820302952,0.00314803155439,0.0125921262175,0.015851264768,0.00799970371468,0.000111106996037,0.0111477352691,0.000407392318803,0.0,0.00051849931484,0.00603681345135,0.000333320988112,3.70356653457e-05,0.00851820302952,0.0137031961779,0.0106662716196,0.0124810192215,0.0117403059146,0.00977741565127,0.000111106996037,0.00025924965742,0.00374060219992,0.00885152401763,0.0,0.00981445131662,0.00937002333247,0.000592570645532,0.00507388615236,0.000185178326729,3.70356653457e-05,0.0,0.0051849931484,0.000407392318803,0.000148142661383,0.000222213992074,0.00785156105329,0.00344431687715,0.00951816599385,0.00666641976223,0.000185178326729,0.00296285322766,0.000333320988112,0.00025924965742,0.00833302470279,0.00529610014444,7.40713306915e-05,0.00755527573053,0.00551831413651,0.0,0.000111106996037,0.000333320988112,0.00644420577016,0.00211103292471,3.70356653457e-05,0.0060738491167,0.000148142661383,0.00999962964335,0.00781452538795,0.000407392318803,0.0105181289582,0.0055923854672,0.00992555831266,0.00718491907707,0.0110736639384,0.0101848079701,0.00451835117218,0.00796266804933,0.00599977778601,0.00759231139587,0.00870338135625,7.40713306915e-05,0.000222213992074,0.00025924965742,0.00407392318803,0.00870338135625,0.00962927298989,0.00674049109292,0.0056664567979,0.00025924965742,7.40713306915e-05,7.40713306915e-05,0.00285174623162,7.40713306915e-05,7.40713306915e-05,0.000481463649494,0.00774045405726,0.00933298766712,0.00051849931484,0.000740713306915,0.00740713306915,0.00781452538795,3.70356653457e-05,7.40713306915e-05,0.00692566941965,0.00522202881375,7.40713306915e-05,0.000925891633643,0.000407392318803,0.000851820302952,0.00025924965742,0.000185178326729,0.000111106996037,0.000148142661383,7.40713306915e-05,0.000814784637606
Gen 27
float_yankdup,integer_swap,vector_float_conj,vector_float_conc,vector_float_occurrencesof,vector_float_replacefirst,vector_float_rest,vector_float_p,vector_float_s,vector_float_r,vector_float_first,integer_fromfloat,vector_float_last,vector_float_d,float_sw,exec_yankd,vector_float_n,exec_do*tim,exec_yankdup,exec_yank,integer_mu,vector_float_remove,vector_float_fir,exec_do*vector_float,float_p,float_r,vector_float_stackdep,vector_float_dup,vector_float_subvec,float_i,exec_do*range,integer_yankd,float_m,integer_rot,float_a,float_c,float_d,integer_stackdep,float_s,vector_float_occurrences,exec_stackdepth,vector_float_swap,vector_float_reverse,float_stackdepth,float_max,exec_do*vector_flo,float_min,vector_float_rot,float_rot,exec_shove,vector_float_pushall,float_stackdep,float_sub,vector_float_sho,integer_div,integer_mult,integer_min,float_shove,integer_flush,float_inc,in1,integer_yank,integer_fromflo,vector_float_yankdup,float_ya,vector_float_butla,integer_sw,float_pop,exec_d,float_yankd,integer_max,exec_dup,exec_k,float_frominteger,float_mult,exec_noop,exec_p,exec_r,exec_s,vector_float_butlast,integer_flu,exec_y,float_mod,integer_ya,integer_yankdup,exec_stackdep,exec_do*ran,vector_float_index,vector_float_pop,exec_do*cou,vector_float_ta,vector_float_flu,float_add,exec_do*times,integer_shove,float_tan,vector_float_la,vector_float_indexof,float_sho,float_frominteg,integer_dup,vector_float_stackdepth,exec_sho,vector_float_replace,exec_swap,vector_float_rever,autoconstructive_integer_ra,exec_sw,integer_add,exec_flush,float_flu,float_cos,exec_flu,integer_mod,float_div,vector_float_leng,integer_inc,vector_float_yank,exec_rot,vector_float_flush,float_dec,vector_float_set,integer_pop,vector_float_shove,exec_pop,vector_float_take,vector_float_concat,vector_float_pusha,vector_float_ya,vector_float_remo,float_sin,autoconstructive_integer_rand,vector_float_length,exec_do*count,integer_sub,float_mu,exec_no,vector_float_re,float_dup,integer_r,integer_sho,vector_float_yankd,integer_stackdepth,integer_dec,exec,vector_float_replacefir,vector_float_nth,float_swap,vector_float_co,exec_ya,float_yank,float_flush,float_t,integer_d,integer_a,integer_m,integer_i,vector_float_subv,integer_s,integer_p,vector_float_repla,vector_float_sw
0.00157137245098,0.0120709974644,0.00492839541445,0.000107139030749,0.00632120281419,0.00878540052141,0.00528552551695,0.000107139030749,0.000142852040999,7.14260204993e-05,0.00746401914217,0.00889253955216,0.00346416199421,0.000357130102496,0.000285704081997,7.14260204993e-05,0.0,0.000249991071747,0.00989250383915,0.00539266454769,0.000821399235742,0.00674975893718,0.000249991071747,0.00660690689618,0.000142852040999,0.000249991071747,0.000142852040999,0.00799971429592,0.00399985714796,0.000107139030749,0.00846398342916,0.000178565051248,0.000535695153745,0.00417842219921,7.14260204993e-05,7.14260204993e-05,0.000571408163994,0.000142852040999,0.000714260204993,0.000214278061498,0.0118924324131,0.0100353558801,0.00296417985072,0.00924966965466,0.00792828827542,0.000321417092247,0.00724974108068,0.00864254848041,0.0112138852184,0.00442841327095,0.00660690689618,0.000178565051248,0.00610692475269,0.000321417092247,0.00771401021392,0.00660690689618,0.00239277168673,0.00796400128567,0.00292846684047,0.0118210063926,0.0146066211921,0.00617835077319,0.000142852040999,0.0099996428699,7.14260204993e-05,0.0,0.000285704081997,0.00617835077319,0.000499982143495,0.000178565051248,0.00778543623442,0.0112853112389,0.00824970536767,0.0104639120031,0.0103210599621,0.00960679975715,0.000107139030749,0.000142852040999,0.00299989286097,0.00789257526517,0.0,0.00792828827542,0.00846398342916,0.000321417092247,0.00457126531195,0.000285704081997,3.57130102496e-05,3.57130102496e-05,0.0051783864862,0.000249991071747,0.000107139030749,7.14260204993e-05,0.00792828827542,0.00332130995322,0.00849969643941,0.00657119388593,0.000178565051248,0.00285704081997,0.000499982143495,0.000357130102496,0.00810685332667,0.00492839541445,7.14260204993e-05,0.00589264669119,0.00471411735295,0.0,3.57130102496e-05,0.000392843112746,0.00628548980394,0.00249991071747,3.57130102496e-05,0.00589264669119,0.0,0.00953537373665,0.00728545409093,7.14260204993e-05,0.00953537373665,0.00492839541445,0.00982107781865,0.00657119388593,0.00960679975715,0.00882111353166,0.00471411735295,0.00703546301918,0.00521409949645,0.00689261097818,0.00824970536767,0.000107139030749,0.000321417092247,0.0,0.00374986607621,0.00782114924467,0.00946394771615,0.00546409056819,0.0049641084247,0.000464269133245,0.000107139030749,3.57130102496e-05,0.00239277168673,0.0,7.14260204993e-05,0.000214278061498,0.00810685332667,0.00885682654191,0.000321417092247,0.000499982143495,0.00671404592693,0.00757115817292,0.000107139030749,3.57130102496e-05,0.00639262883468,0.0043927002607,7.14260204993e-05,0.00132138137924,0.000249991071747,0.000714260204993,0.000571408163994,3.57130102496e-05,7.14260204993e-05,0.000178565051248,3.57130102496e-05,0.000749973215242
Gen 28
float_yankdup,integer_swap,vector_float_conj,vector_float_conc,vector_float_occurrencesof,vector_float_replacefirst,vector_float_rest,vector_float_p,vector_float_s,vector_float_r,vector_float_first,integer_fromfloat,vector_float_last,vector_float_d,float_sw,exec_yankd,vector_float_n,exec_do*tim,exec_yankdup,exec_yank,integer_mu,vector_float_remove,vector_float_fir,exec_do*vector_float,float_p,float_r,vector_float_stackdep,vector_float_dup,vector_float_subvec,float_i,exec_do*range,integer_yankd,float_m,integer_rot,float_a,float_c,float_d,integer_stackdep,float_s,vector_float_occurrences,exec_stackdepth,vector_float_swap,vector_float_reverse,float_stackdepth,float_max,exec_do*vector_flo,float_min,vector_float_rot,float_rot,exec_shove,vector_float_pushall,float_stackdep,float_sub,vector_float_sho,integer_div,integer_mult,integer_min,float_shove,integer_flush,float_inc,in1,integer_yank,integer_fromflo,vector_float_yankdup,float_ya,vector_float_butla,integer_sw,float_pop,exec_d,float_yankd,integer_max,exec_dup,exec_k,float_frominteger,float_mult,exec_noop,exec_p,exec_r,exec_s,vector_float_butlast,integer_flu,exec_y,float_mod,integer_ya,integer_yankdup,exec_stackdep,exec_do*ran,vector_float_index,vector_float_pop,exec_do*cou,vector_float_ta,vector_float_flu,float_add,exec_do*times,integer_shove,float_tan,vector_float_la,vector_float_indexof,float_sho,float_frominteg,integer_dup,vector_float_stackdepth,exec_sho,vector_float_replace,exec_swap,vector_float_rever,autoconstructive_integer_ra,exec_sw,integer_add,exec_flush,float_flu,float_cos,exec_flu,integer_mod,float_div,vector_float_leng,integer_inc,vector_float_yank,exec_rot,vector_float_flush,float_dec,vector_float_set,integer_pop,vector_float_shove,exec_pop,vector_float_take,vector_float_concat,vector_float_pusha,vector_float_ya,vector_float_remo,float_sin,autoconstructive_integer_rand,vector_float_length,exec_do*count,integer_sub,float_mu,exec_no,vector_float_re,float_dup,integer_r,integer_sho,vector_float_yankd,integer_stackdepth,integer_dec,exec,vector_float_replacefir,vector_float_nth,float_swap,vector_float_co,exec_ya,float_yank,float_flush,float_t,integer_d,integer_a,integer_m,integer_i,vector_float_subv,integer_s,integer_p,vector_float_repla,vector_float_sw
0.00162063377125,0.0106548050067,0.00424123306093,0.000103444708803,0.0066894245026,0.00796524257784,0.00399986207372,0.0,0.000172407848005,6.89631392021e-05,0.0066894245026,0.00713768490742,0.0033791938209,0.000206889417606,0.000103444708803,0.0,6.89631392021e-05,0.00034481569601,0.00906865280508,0.00465501189614,0.000620668252819,0.0066894245026,6.89631392021e-05,0.00624116409779,3.4481569601e-05,0.000137926278404,3.4481569601e-05,0.0066204613634,0.00348263852971,0.000172407848005,0.00724112961622,0.000137926278404,0.00034481569601,0.00427571463053,6.89631392021e-05,3.4481569601e-05,0.000724112961622,0.000241370987207,0.000620668252819,0.00034481569601,0.0109651391331,0.0098962104755,0.00286197027689,0.00786179786904,0.00741353746423,0.000172407848005,0.00682735078101,0.00796524257784,0.0099651736147,0.00358608323851,0.00624116409779,0.00034481569601,0.00572394055377,0.000379297265612,0.00737905589462,0.00551705113617,0.00231026516327,0.00696527705941,0.0031378228337,0.0111375469811,0.0135167752836,0.00579290369298,6.89631392021e-05,0.0097582841971,0.000172407848005,0.000103444708803,0.000482741974415,0.00496534602255,0.000689631392021,0.000172407848005,0.00689631392021,0.0106892865763,0.00775835316024,0.0102065446019,0.00944795007069,0.00779283472984,0.0,0.000206889417606,0.0031378228337,0.00727561118582,0.0,0.00765490845143,0.00875831867867,0.000413778835213,0.00489638288335,0.000482741974415,0.0,0.000103444708803,0.00499982759215,0.000275852556808,0.000275852556808,3.4481569601e-05,0.0066894245026,0.00351712009931,0.00748250060343,0.00613771938899,0.000172407848005,0.0031723044033,0.000275852556808,0.000172407848005,0.0065170166546,0.00524119857936,6.89631392021e-05,0.00534464328816,0.00527568014896,0.0,6.89631392021e-05,0.000137926278404,0.00534464328816,0.00275852556808,3.4481569601e-05,0.00493086445295,3.4481569601e-05,0.00851694769146,0.006482535085,0.000172407848005,0.00848246612186,0.00403434364332,0.00858591083066,0.00513775387056,0.00903417123547,0.00810316885625,0.00427571463053,0.0065170166546,0.00486190131375,0.00610323781939,0.00710320333782,0.000103444708803,0.000103444708803,3.4481569601e-05,0.0032067859729,0.0066894245026,0.00899968966587,0.00517223544016,0.00510327230096,0.00034481569601,0.000103444708803,6.89631392021e-05,0.00189648632806,3.4481569601e-05,0.000172407848005,0.000551705113617,0.00693079548981,0.00820661356505,0.000379297265612,0.000379297265612,0.00637909037619,0.0065859797938,0.000206889417606,0.000137926278404,0.00575842212338,0.00396538050412,0.000137926278404,0.000758594531223,6.89631392021e-05,0.000862039240026,0.00065514982242,6.89631392021e-05,0.0,0.000172407848005,0.0,0.00065514982242
Gen 29
float_yankdup,integer_swap,vector_float_conj,vector_float_conc,vector_float_occurrencesof,vector_float_replacefirst,vector_float_rest,vector_float_p,vector_float_s,vector_float_r,vector_float_first,integer_fromfloat,vector_float_last,vector_float_d,float_sw,exec_yankd,vector_float_n,exec_do*tim,exec_yankdup,exec_yank,integer_mu,vector_float_remove,vector_float_fir,exec_do*vector_float,float_p,float_r,vector_float_stackdep,vector_float_dup,vector_float_subvec,float_i,exec_do*range,integer_yankd,float_m,integer_rot,float_a,float_c,float_d,integer_stackdep,float_s,vector_float_occurrences,exec_stackdepth,vector_float_swap,vector_float_reverse,float_stackdepth,float_max,exec_do*vector_flo,float_min,vector_float_rot,float_rot,exec_shove,vector_float_pushall,float_stackdep,float_sub,vector_float_sho,integer_div,integer_mult,integer_min,float_shove,integer_flush,float_inc,in1,integer_yank,integer_fromflo,vector_float_yankdup,float_ya,vector_float_butla,integer_sw,float_pop,exec_d,float_yankd,integer_max,exec_dup,exec_k,float_frominteger,float_mult,exec_noop,exec_p,exec_r,exec_s,vector_float_butlast,integer_flu,exec_y,float_mod,integer_ya,integer_yankdup,exec_stackdep,exec_do*ran,vector_float_index,vector_float_pop,exec_do*cou,vector_float_ta,vector_float_flu,float_add,exec_do*times,integer_shove,float_tan,vector_float_la,vector_float_indexof,float_sho,float_frominteg,integer_dup,vector_float_stackdepth,exec_sho,vector_float_replace,exec_swap,vector_float_rever,autoconstructive_integer_ra,exec_sw,integer_add,exec_flush,float_flu,float_cos,exec_flu,integer_mod,float_div,vector_float_leng,integer_inc,vector_float_yank,exec_rot,vector_float_flush,float_dec,vector_float_set,integer_pop,vector_float_shove,exec_pop,vector_float_take,vector_float_concat,vector_float_pusha,vector_float_ya,vector_float_remo,float_sin,autoconstructive_integer_rand,vector_float_length,exec_do*count,integer_sub,float_mu,exec_no,vector_float_re,float_dup,integer_r,integer_sho,vector_float_yankd,integer_stackdepth,integer_dec,exec,vector_float_replacefir,vector_float_nth,float_swap,vector_float_co,exec_ya,float_yank,float_flush,float_t,integer_d,integer_a,integer_m,integer_i,vector_float_subv,integer_s,integer_p,vector_float_repla,vector_float_sw
0.00209993000233,0.011699610013,0.00506649778341,0.000266657778074,0.00659978000733,0.00796640111996,0.0043331888937,0.0,9.99966667778e-05,9.99966667778e-05,0.00659978000733,0.00876637445418,0.003599880004,0.000166661111296,0.000399986667111,0.000133328889037,3.33322222593e-05,0.000599980000667,0.0091663611213,0.00513316222793,0.00043331888937,0.00656644778507,9.99966667778e-05,0.00543315222826,0.0,0.000199993333556,6.66644445185e-05,0.00739975334156,0.00399986667111,0.000233325555815,0.00756641445285,0.0,0.000766641111963,0.00436652111596,0.000233325555815,3.33322222593e-05,0.00046665111163,9.99966667778e-05,0.000399986667111,0.00043331888937,0.0117662744575,0.0105996466784,0.00296656778107,0.0082663911203,0.00773307556415,0.000166661111296,0.0070330988967,0.00869971000967,0.0105996466784,0.003599880004,0.00473317556081,0.000533315556148,0.00586647111763,0.000533315556148,0.00779974000867,0.00563314556181,0.00183327222426,0.00669977667411,0.00356654778174,0.010799640012,0.0140328655711,0.00516649445018,0.0,0.00979967334422,9.99966667778e-05,9.99966667778e-05,0.00043331888937,0.00503316556115,0.000733308889704,3.33322222593e-05,0.00643311889604,0.0102996566781,0.00813306223126,0.0106996433452,0.0102996566781,0.00756641445285,0.0,0.000233325555815,0.00353321555948,0.00666644445185,6.66644445185e-05,0.00769974334189,0.00783307223093,0.000266657778074,0.00499983333889,0.000233325555815,0.000133328889037,6.66644445185e-05,0.00479984000533,0.000199993333556,0.000166661111296,0.000133328889037,0.00749975000833,0.00373320889304,0.00759974667511,0.00533315556148,6.66644445185e-05,0.00299990000333,0.000233325555815,0.000266657778074,0.00673310889637,0.00513316222793,3.33322222593e-05,0.0055664811173,0.00496650111663,3.33322222593e-05,6.66644445185e-05,0.000366654444852,0.00563314556181,0.00293323555881,0.0,0.00526649111696,0.0,0.00843305223159,0.00666644445185,0.000133328889037,0.00909969667678,0.00429985667144,0.00849971667611,0.00663311222959,0.00946635112163,0.00849971667611,0.00446651778274,0.00649978334056,0.00499983333889,0.00686643778541,0.00713309556348,0.000133328889037,0.000199993333556,6.66644445185e-05,0.00273324222526,0.00776640778641,0.00843305223159,0.0043331888937,0.00516649445018,0.000333322222593,9.99966667778e-05,6.66644445185e-05,0.00199993333556,0.000133328889037,3.33322222593e-05,0.00113329555681,0.00729975667478,0.00899970001,0.000266657778074,0.00046665111163,0.00709976334122,0.00746641778607,0.0,0.000133328889037,0.00599980000667,0.00453318222726,9.99966667778e-05,0.000566647778407,6.66644445185e-05,0.000633312222926,0.000666644445185,6.66644445185e-05,0.0,3.33322222593e-05,3.33322222593e-05,0.000499983333889
Gen 30
float_yankdup,integer_swap,vector_float_conj,vector_float_conc,vector_float_occurrencesof,vector_float_replacefirst,vector_float_rest,vector_float_p,vector_float_s,vector_float_r,vector_float_first,integer_fromfloat,vector_float_last,vector_float_d,float_sw,exec_yankd,vector_float_n,exec_do*tim,exec_yankdup,exec_yank,integer_mu,vector_float_remove,vector_float_fir,exec_do*vector_float,float_p,float_r,vector_float_stackdep,vector_float_dup,vector_float_subvec,float_i,exec_do*range,integer_yankd,float_m,integer_rot,float_a,float_c,float_d,integer_stackdep,float_s,vector_float_occurrences,exec_stackdepth,vector_float_swap,vector_float_reverse,float_stackdepth,float_max,exec_do*vector_flo,float_min,vector_float_rot,float_rot,exec_shove,vector_float_pushall,float_stackdep,float_sub,vector_float_sho,integer_div,integer_mult,integer_min,float_shove,integer_flush,float_inc,in1,integer_yank,integer_fromflo,vector_float_yankdup,float_ya,vector_float_butla,integer_sw,float_pop,exec_d,float_yankd,integer_max,exec_dup,exec_k,float_frominteger,float_mult,exec_noop,exec_p,exec_r,exec_s,vector_float_butlast,integer_flu,exec_y,float_mod,integer_ya,integer_yankdup,exec_stackdep,exec_do*ran,vector_float_index,vector_float_pop,exec_do*cou,vector_float_ta,vector_float_flu,float_add,exec_do*times,integer_shove,float_tan,vector_float_la,vector_float_indexof,float_sho,float_frominteg,integer_dup,vector_float_stackdepth,exec_sho,vector_float_replace,exec_swap,vector_float_rever,autoconstructive_integer_ra,exec_sw,integer_add,exec_flush,float_flu,float_cos,exec_flu,integer_mod,float_div,vector_float_leng,integer_inc,vector_float_yank,exec_rot,vector_float_flush,float_dec,vector_float_set,integer_pop,vector_float_shove,exec_pop,vector_float_take,vector_float_concat,vector_float_pusha,vector_float_ya,vector_float_remo,float_sin,autoconstructive_integer_rand,vector_float_length,exec_do*count,integer_sub,float_mu,exec_no,vector_float_re,float_dup,integer_r,integer_sho,vector_float_yankd,integer_stackdepth,integer_dec,exec,vector_float_replacefir,vector_float_nth,float_swap,vector_float_co,exec_ya,float_yank,float_flush,float_t,integer_d,integer_a,integer_m,integer_i,vector_float_subv,integer_s,integer_p,vector_float_repla,vector_float_sw
0.00196767846199,0.0109028741008,0.00435469823554,0.000193542143802,0.00690300312893,0.00793522789587,0.00425792716364,0.000129028095868,0.000387084287604,0.000161285119835,0.00654817586529,0.00803199896778,0.00335473049256,0.000548369407438,0.000225799167769,6.45140479339e-05,3.2257023967e-05,0.000451598335538,0.00787071384794,0.00529015193058,0.000387084287604,0.0067417180091,9.67710719009e-05,0.00667720396116,0.000161285119835,0.000290313215703,0.000290313215703,0.00654817586529,0.00306441727686,0.000161285119835,0.00719331634463,0.0,0.00032257023967,0.00416115609174,9.67710719009e-05,0.0,0.000516112383472,9.67710719009e-05,0.00032257023967,0.000483855359505,0.0114189864843,0.0101287055256,0.00329021644463,0.00806425599174,0.00799974194381,0.000225799167769,0.00845134027935,0.00819328408761,0.00977387826199,0.00306441727686,0.00480629657108,0.000258056191736,0.00554820812232,0.000548369407438,0.00806425599174,0.00499983871488,0.00235476274959,0.00667720396116,0.00280636108513,0.0105803038612,0.0139027773298,0.00590303538596,0.000129028095868,0.00916099480662,0.000225799167769,0.000129028095868,0.000225799167769,0.00409664204381,0.000451598335538,3.2257023967e-05,0.00680623205703,0.00993516338183,0.00793522789587,0.0102577336215,0.00903196671075,0.0074191155124,0.0,0.000290313215703,0.0032257023967,0.00596754943389,3.2257023967e-05,0.00735460146447,0.00816102706364,0.000451598335538,0.00512886681075,0.000129028095868,9.67710719009e-05,9.67710719009e-05,0.00512886681075,0.000483855359505,9.67710719009e-05,3.2257023967e-05,0.00719331634463,0.0033224734686,0.00719331634463,0.00574175026612,3.2257023967e-05,0.0030321602529,0.000354827263637,0.000129028095868,0.006838489081,0.00483855359505,0.0,0.00512886681075,0.00451598335538,3.2257023967e-05,6.45140479339e-05,0.000161285119835,0.00493532466695,0.00222573465372,0.0,0.00477403954711,3.2257023967e-05,0.00819328408761,0.00616109157769,0.000129028095868,0.00932227992645,0.00396761394794,0.00845134027935,0.00590303538596,0.00912873778265,0.00787071384794,0.00412889906777,0.00667720396116,0.00503209573885,0.00654817586529,0.00735460146447,6.45140479339e-05,3.2257023967e-05,0.000129028095868,0.00338698751653,0.0076126576562,0.00864488242315,0.00435469823554,0.00522563788265,0.000290313215703,0.000161285119835,6.45140479339e-05,0.00222573465372,0.000129028095868,9.67710719009e-05,0.00116125286281,0.00709654527273,0.00835456920744,0.000193542143802,0.000612883455372,0.00651591884133,0.00716105932067,3.2257023967e-05,6.45140479339e-05,0.00574175026612,0.00406438501984,0.0,0.000645140479339,0.000129028095868,0.000451598335538,0.000516112383472,6.45140479339e-05,3.2257023967e-05,3.2257023967e-05,9.67710719009e-05,0.000838682623141
Gen 31
float_yankdup,integer_swap,vector_float_conj,vector_float_conc,vector_float_occurrencesof,vector_float_replacefirst,vector_float_rest,vector_float_p,vector_float_s,vector_float_r,vector_float_first,integer_fromfloat,vector_float_last,vector_float_d,float_sw,exec_yankd,vector_float_n,exec_do*tim,exec_yankdup,exec_yank,integer_mu,vector_float_remove,vector_float_fir,exec_do*vector_float,float_p,float_r,vector_float_stackdep,vector_float_dup,vector_float_subvec,float_i,exec_do*range,integer_yankd,float_m,integer_rot,float_a,float_c,float_d,integer_stackdep,float_s,vector_float_occurrences,exec_stackdepth,vector_float_swap,vector_float_reverse,float_stackdepth,float_max,exec_do*vector_flo,float_min,vector_float_rot,float_rot,exec_shove,vector_float_pushall,float_stackdep,float_sub,vector_float_sho,integer_div,integer_mult,integer_min,float_shove,integer_flush,float_inc,in1,integer_yank,integer_fromflo,vector_float_yankdup,float_ya,vector_float_butla,integer_sw,float_pop,exec_d,float_yankd,integer_max,exec_dup,exec_k,float_frominteger,float_mult,exec_noop,exec_p,exec_r,exec_s,vector_float_butlast,integer_flu,exec_y,float_mod,integer_ya,integer_yankdup,exec_stackdep,exec_do*ran,vector_float_index,vector_float_pop,exec_do*cou,vector_float_ta,vector_float_flu,float_add,exec_do*times,integer_shove,float_tan,vector_float_la,vector_float_indexof,float_sho,float_frominteg,integer_dup,vector_float_stackdepth,exec_sho,vector_float_replace,exec_swap,vector_float_rever,autoconstructive_integer_ra,exec_sw,integer_add,exec_flush,float_flu,float_cos,exec_flu,integer_mod,float_div,vector_float_leng,integer_inc,vector_float_yank,exec_rot,vector_float_flush,float_dec,vector_float_set,integer_pop,vector_float_shove,exec_pop,vector_float_take,vector_float_concat,vector_float_pusha,vector_float_ya,vector_float_remo,float_sin,autoconstructive_integer_rand,vector_float_length,exec_do*count,integer_sub,float_mu,exec_no,vector_float_re,float_dup,integer_r,integer_sho,vector_float_yankd,integer_stackdepth,integer_dec,exec,vector_float_replacefir,vector_float_nth,float_swap,vector_float_co,exec_ya,float_yank,float_flush,float_t,integer_d,integer_a,integer_m,integer_i,vector_float_subv,integer_s,integer_p,vector_float_repla,vector_float_sw
0.00265616699478,0.0109996562607,0.00431236523859,0.00015624511734,0.00646854785788,0.0062498046936,0.00503109277835,0.0,0.00015624511734,6.2498046936e-05,0.00618730664667,0.00728102246805,0.00356238867535,0.000249992187744,0.000218743164276,0.000187494140808,9.3747070404e-05,0.00046873535202,0.00843723633636,0.00462485547327,0.000187494140808,0.00637480078748,6.2498046936e-05,0.00643729883441,3.1249023468e-05,0.00015624511734,0.000249992187744,0.00596856348239,0.00334364551108,0.00015624511734,0.00687478516296,0.000124996093872,0.000343739258148,0.00471860254367,0.000187494140808,6.2498046936e-05,0.000593731445892,0.00015624511734,0.000281241211212,0.000499984375488,0.0105621699322,0.00953095215775,0.00299990625293,0.00803099903128,0.00743726758539,0.000249992187744,0.00765601074966,0.00634355176401,0.00921846192306,0.0030311552764,0.00428111621512,0.000343739258148,0.00509359082529,0.000343739258148,0.00759351270273,0.0045936064498,0.00203118652542,0.00587481641199,0.00268741601825,0.00881222461798,0.0134995781382,0.00584356738852,6.2498046936e-05,0.0084059873129,0.000593731445892,6.2498046936e-05,0.000343739258148,0.00328114746414,0.000281241211212,6.2498046936e-05,0.00590606543546,0.00928095997,0.00787475391394,0.00953095215775,0.00912471485266,0.00665604199869,0.000124996093872,6.2498046936e-05,0.00306240429987,0.00543733008343,0.0,0.00690603418643,0.00815599512515,6.2498046936e-05,0.00496859473141,0.000218743164276,0.00015624511734,9.3747070404e-05,0.00446861035593,0.000249992187744,0.00015624511734,9.3747070404e-05,0.00662479297522,0.0031249023468,0.00659354395175,0.00524983594263,6.2498046936e-05,0.00256241992438,0.000249992187744,0.000218743164276,0.00628105371707,0.00512483984875,6.2498046936e-05,0.00521858691916,0.00487484766101,3.1249023468e-05,6.2498046936e-05,0.000406237305084,0.00478110059061,0.00231242773663,3.1249023468e-05,0.00321864941721,0.000124996093872,0.00737476953845,0.00559357520077,0.00015624511734,0.00812474610168,0.00365613574576,0.00768725977313,0.00531233398956,0.00831224024249,0.00721852442111,0.00449985937939,0.00668729102216,0.00581231836505,0.00609355957626,0.00671854004562,6.2498046936e-05,0.000124996093872,0.000187494140808,0.00328114746414,0.00706227930377,0.00834348926596,0.0038123808631,0.00496859473141,0.000187494140808,0.000437486328552,3.1249023468e-05,0.00199993750195,9.3747070404e-05,3.1249023468e-05,0.000718727539764,0.00659354395175,0.00753101465579,0.000218743164276,0.00062498046936,0.00593731445892,0.00640604981094,0.0,6.2498046936e-05,0.0053748320365,0.00384362988657,3.1249023468e-05,0.000499984375488,6.2498046936e-05,0.000499984375488,0.000687478516296,0.000249992187744,3.1249023468e-05,3.1249023468e-05,0.00015624511734,0.000499984375488
Gen 32
float_yankdup,integer_swap,vector_float_conj,vector_float_conc,vector_float_occurrencesof,vector_float_replacefirst,vector_float_rest,vector_float_p,vector_float_s,vector_float_r,vector_float_first,integer_fromfloat,vector_float_last,vector_float_d,float_sw,exec_yankd,vector_float_n,exec_do*tim,exec_yankdup,exec_yank,integer_mu,vector_float_remove,vector_float_fir,exec_do*vector_float,float_p,float_r,vector_float_stackdep,vector_float_dup,vector_float_subvec,float_i,exec_do*range,integer_yankd,float_m,integer_rot,float_a,float_c,float_d,integer_stackdep,float_s,vector_float_occurrences,exec_stackdepth,vector_float_swap,vector_float_reverse,float_stackdepth,float_max,exec_do*vector_flo,float_min,vector_float_rot,float_rot,exec_shove,vector_float_pushall,float_stackdep,float_sub,vector_float_sho,integer_div,integer_mult,integer_min,float_shove,integer_flush,float_inc,in1,integer_yank,integer_fromflo,vector_float_yankdup,float_ya,vector_float_butla,integer_sw,float_pop,exec_d,float_yankd,integer_max,exec_dup,exec_k,float_frominteger,float_mult,exec_noop,exec_p,exec_r,exec_s,vector_float_butlast,integer_flu,exec_y,float_mod,integer_ya,integer_yankdup,exec_stackdep,exec_do*ran,vector_float_index,vector_float_pop,exec_do*cou,vector_float_ta,vector_float_flu,float_add,exec_do*times,integer_shove,float_tan,vector_float_la,vector_float_indexof,float_sho,float_frominteg,integer_dup,vector_float_stackdepth,exec_sho,vector_float_replace,exec_swap,vector_float_rever,autoconstructive_integer_ra,exec_sw,integer_add,exec_flush,float_flu,float_cos,exec_flu,integer_mod,float_div,vector_float_leng,integer_inc,vector_float_yank,exec_rot,vector_float_flush,float_dec,vector_float_set,integer_pop,vector_float_shove,exec_pop,vector_float_take,vector_float_concat,vector_float_pusha,vector_float_ya,vector_float_remo,float_sin,autoconstructive_integer_rand,vector_float_length,exec_do*count,integer_sub,float_mu,exec_no,vector_float_re,float_dup,integer_r,integer_sho,vector_float_yankd,integer_stackdepth,integer_dec,exec,vector_float_replacefir,vector_float_nth,float_swap,vector_float_co,exec_ya,float_yank,float_flush,float_t,integer_d,integer_a,integer_m,integer_i,vector_float_subv,integer_s,integer_p,vector_float_repla,vector_float_sw
0.00184842883549,0.0111511772371,0.00409078512772,0.000151510560286,0.00648465198024,0.00703008999727,0.0041816914639,3.03021120572e-05,0.0002121147844,6.06042241144e-05,0.00627253719584,0.00748462167813,0.00384836823127,0.000333323232629,0.000454531680858,0.000121208448229,0.000121208448229,0.000333323232629,0.00836338292779,0.00484833792915,0.000333323232629,0.00703008999727,9.09063361716e-05,0.0063028393079,3.03021120572e-05,0.0002121147844,0.0002121147844,0.0060907245235,0.00333323232629,6.06042241144e-05,0.00690888154904,3.03021120572e-05,0.000696948577316,0.00387867034332,0.000181812672343,0.0,0.000575740129087,0.000272719008515,3.03021120572e-05,0.000424229568801,0.011120875125,0.010060301203,0.00287870064543,0.00724220478167,0.00787854913487,9.09063361716e-05,0.00739371534196,0.0067270688767,0.00984818641859,0.00324232599012,0.00415138935184,0.000393927456744,0.00509075482561,0.000242416896458,0.00733311111784,0.00478773370504,0.00224235629223,0.00578770340293,0.00236356474046,0.00875731038453,0.0134238356413,0.0048180358171,6.06042241144e-05,0.00854519560013,0.000363625344687,0.000181812672343,0.000303021120572,0.00318172176601,0.000242416896458,6.06042241144e-05,0.0056664949547,0.00896942516893,0.00815126814339,0.0103633223236,0.00954516529802,0.00654525620436,0.000121208448229,0.000181812672343,0.00306051331778,0.00521196327384,0.0,0.00790885124693,0.00763613223842,0.0002121147844,0.0048180358171,0.0002121147844,9.09063361716e-05,0.0,0.00457561892064,0.0002121147844,9.09063361716e-05,0.0,0.00678767310082,0.00287870064543,0.00709069422139,0.00521196327384,3.03021120572e-05,0.00281809642132,0.000303021120572,0.000181812672343,0.0063028393079,0.00487864004121,6.06042241144e-05,0.00548468228236,0.00442410836035,3.03021120572e-05,9.09063361716e-05,0.000363625344687,0.0048180358171,0.00196963728372,0.0,0.00354534711069,9.09063361716e-05,0.00727250689373,0.0060907245235,0.000151510560286,0.00845428926396,0.00345444077452,0.0077876427987,0.00575740129087,0.00866640404836,0.00727250689373,0.00445441047241,0.0063028393079,0.00578770340293,0.00660586042847,0.00684827732493,3.03021120572e-05,0.0002121147844,0.0002121147844,0.00321202387806,0.00748462167813,0.00824217447956,0.00381806611921,0.00536347383413,0.000121208448229,0.0002121147844,6.06042241144e-05,0.00199993939578,6.06042241144e-05,9.09063361716e-05,0.000818157025545,0.00633314141996,0.00766643435047,0.0002121147844,0.000393927456744,0.00663616254053,0.00669676676464,3.03021120572e-05,3.03021120572e-05,0.00584830762704,0.00369685767098,6.06042241144e-05,0.000666646465259,9.09063361716e-05,0.000454531680858,0.000515135904973,0.000181812672343,0.0,0.000151510560286,0.000121208448229,0.000666646465259
Gen 33
float_yankdup,integer_swap,vector_float_conj,vector_float_conc,vector_float_occurrencesof,vector_float_replacefirst,vector_float_rest,vector_float_p,vector_float_s,vector_float_r,vector_float_first,integer_fromfloat,vector_float_last,vector_float_d,float_sw,exec_yankd,vector_float_n,exec_do*tim,exec_yankdup,exec_yank,integer_mu,vector_float_remove,vector_float_fir,exec_do*vector_float,float_p,float_r,vector_float_stackdep,vector_float_dup,vector_float_subvec,float_i,exec_do*range,integer_yankd,float_m,integer_rot,float_a,float_c,float_d,integer_stackdep,float_s,vector_float_occurrences,exec_stackdepth,vector_float_swap,vector_float_reverse,float_stackdepth,float_max,exec_do*vector_flo,float_min,vector_float_rot,float_rot,exec_shove,vector_float_pushall,float_stackdep,float_sub,vector_float_sho,integer_div,integer_mult,integer_min,float_shove,integer_flush,float_inc,in1,integer_yank,integer_fromflo,vector_float_yankdup,float_ya,vector_float_butla,integer_sw,float_pop,exec_d,float_yankd,integer_max,exec_dup,exec_k,float_frominteger,float_mult,exec_noop,exec_p,exec_r,exec_s,vector_float_butlast,integer_flu,exec_y,float_mod,integer_ya,integer_yankdup,exec_stackdep,exec_do*ran,vector_float_index,vector_float_pop,exec_do*cou,vector_float_ta,vector_float_flu,float_add,exec_do*times,integer_shove,float_tan,vector_float_la,vector_float_indexof,float_sho,float_frominteg,integer_dup,vector_float_stackdepth,exec_sho,vector_float_replace,exec_swap,vector_float_rever,autoconstructive_integer_ra,exec_sw,integer_add,exec_flush,float_flu,float_cos,exec_flu,integer_mod,float_div,vector_float_leng,integer_inc,vector_float_yank,exec_rot,vector_float_flush,float_dec,vector_float_set,integer_pop,vector_float_shove,exec_pop,vector_float_take,vector_float_concat,vector_float_pusha,vector_float_ya,vector_float_remo,float_sin,autoconstructive_integer_rand,vector_float_length,exec_do*count,integer_sub,float_mu,exec_no,vector_float_re,float_dup,integer_r,integer_sho,vector_float_yankd,integer_stackdepth,integer_dec,exec,vector_float_replacefir,vector_float_nth,float_swap,vector_float_co,exec_ya,float_yank,float_flush,float_t,integer_d,integer_a,integer_m,integer_i,vector_float_subv,integer_s,integer_p,vector_float_repla,vector_float_sw
0.00194111937884,0.0109408546807,0.00411752595512,0.000176465398077,0.00632334343108,0.00679391782595,0.00352930796153,2.94108996794e-05,0.000235287197435,0.000117643598718,0.00623511073204,0.00682332872563,0.0031469662657,0.000235287197435,0.000558807093909,0.000176465398077,0.000147054498397,0.000264698097115,0.0081468192112,0.00479397664775,0.000323519896474,0.00726449222082,2.94108996794e-05,0.00635275433075,0.0,0.000147054498397,0.000264698097115,0.00611746713332,0.0028528572689,0.000147054498397,0.00679391782595,2.94108996794e-05,0.000235287197435,0.00379400605865,0.000352930796153,5.88217993588e-05,0.000205876297756,0.000147054498397,0.000117643598718,0.000382341695832,0.010734978383,0.0101761712891,0.00338225346313,0.00738213581953,0.00708802682274,5.88217993588e-05,0.00797035381312,0.00658804152819,0.00894091350254,0.00261757007147,0.00435281315255,0.000441163495191,0.00541160554101,0.000411752595512,0.00747036851857,0.00432340225287,0.00241169377371,0.00579394723685,0.00220581747596,0.00926443339902,0.013117261257,0.00526455104262,2.94108996794e-05,0.00870562630511,0.000264698097115,8.82326990383e-05,0.000205876297756,0.00288226816858,0.000411752595512,0.0,0.00538219464133,0.00847033910767,0.00764683391665,0.0101173494897,0.00873503720479,0.0059998235346,5.88217993588e-05,2.94108996794e-05,0.00317637716538,0.00547042734037,2.94108996794e-05,0.00776447751537,0.00741154671921,0.000147054498397,0.00449986765095,0.000235287197435,0.000117643598718,2.94108996794e-05,0.00452927855063,8.82326990383e-05,5.88217993588e-05,2.94108996794e-05,0.00647039792947,0.00264698097115,0.00691156142466,0.0048527984471,8.82326990383e-05,0.00244110467339,5.88217993588e-05,0.000235287197435,0.00552924913973,0.00432340225287,2.94108996794e-05,0.00508808564454,0.00417634775448,0.0,0.000147054498397,0.000411752595512,0.00461751124967,0.00170583218141,2.94108996794e-05,0.00349989706185,5.88217993588e-05,0.00738213581953,0.00611746713332,0.000176465398077,0.00838210640864,0.00326460986442,0.00749977941825,0.0051469074439,0.00911737890062,0.00682332872563,0.0041469368548,0.00664686332755,0.00567630363813,0.00673509602659,0.00708802682274,0.000264698097115,5.88217993588e-05,0.000176465398077,0.00317637716538,0.00649980882915,0.00794094291344,0.00408811505544,0.00526455104262,2.94108996794e-05,0.000441163495191,5.88217993588e-05,0.00258815917179,0.000117643598718,0.000117643598718,0.000705861592306,0.00608805623364,0.00764683391665,0.000382341695832,0.000470574394871,0.00591159083556,0.00649980882915,0.000205876297756,8.82326990383e-05,0.00476456574807,0.003852827858,2.94108996794e-05,0.000735272491986,0.000117643598718,0.00052939619423,0.000294108996794,0.000205876297756,5.88217993588e-05,0.000176465398077,8.82326990383e-05,0.000558807093909
Gen 34
float_yankdup,integer_swap,vector_float_conj,vector_float_conc,vector_float_occurrencesof,vector_float_replacefirst,vector_float_rest,vector_float_p,vector_float_s,vector_float_r,vector_float_first,integer_fromfloat,vector_float_last,vector_float_d,float_sw,exec_yankd,vector_float_n,exec_do*tim,exec_yankdup,exec_yank,integer_mu,vector_float_remove,vector_float_fir,exec_do*vector_float,float_p,float_r,vector_float_stackdep,vector_float_dup,vector_float_subvec,float_i,exec_do*range,integer_yankd,float_m,integer_rot,float_a,float_c,float_d,integer_stackdep,float_s,vector_float_occurrences,exec_stackdepth,vector_float_swap,vector_float_reverse,float_stackdepth,float_max,exec_do*vector_flo,float_min,vector_float_rot,float_rot,exec_shove,vector_float_pushall,float_stackdep,float_sub,vector_float_sho,integer_div,integer_mult,integer_min,float_shove,integer_flush,float_inc,in1,integer_yank,integer_fromflo,vector_float_yankdup,float_ya,vector_float_butla,integer_sw,float_pop,exec_d,float_yankd,integer_max,exec_dup,exec_k,float_frominteger,float_mult,exec_noop,exec_p,exec_r,exec_s,vector_float_butlast,integer_flu,exec_y,float_mod,integer_ya,integer_yankdup,exec_stackdep,exec_do*ran,vector_float_index,vector_float_pop,exec_do*cou,vector_float_ta,vector_float_flu,float_add,exec_do*times,integer_shove,float_tan,vector_float_la,vector_float_indexof,float_sho,float_frominteg,integer_dup,vector_float_stackdepth,exec_sho,vector_float_replace,exec_swap,vector_float_rever,autoconstructive_integer_ra,exec_sw,integer_add,exec_flush,float_flu,float_cos,exec_flu,integer_mod,float_div,vector_float_leng,integer_inc,vector_float_yank,exec_rot,vector_float_flush,float_dec,vector_float_set,integer_pop,vector_float_shove,exec_pop,vector_float_take,vector_float_concat,vector_float_pusha,vector_float_ya,vector_float_remo,float_sin,autoconstructive_integer_rand,vector_float_length,exec_do*count,integer_sub,float_mu,exec_no,vector_float_re,float_dup,integer_r,integer_sho,vector_float_yankd,integer_stackdepth,integer_dec,exec,vector_float_replacefir,vector_float_nth,float_swap,vector_float_co,exec_ya,float_yank,float_flush,float_t,integer_d,integer_a,integer_m,integer_i,vector_float_subv,integer_s,integer_p,vector_float_repla,vector_float_sw
0.00165709551156,0.0100854261307,0.00374275020714,0.000171423673609,0.00602839918859,0.00622839347447,0.00331419102311,2.85706122682e-05,0.000199994285878,0.000142853061341,0.00597125796406,0.00639981714808,0.00288563183909,0.000257135510414,0.00031427673495,0.000142853061341,2.85706122682e-05,0.000399988571755,0.00785691837376,0.00457129796292,0.000142853061341,0.00679980571984,2.85706122682e-05,0.00568555184138,2.85706122682e-05,8.57118368047e-05,0.000228564898146,0.00551412816777,0.00299991428816,8.57118368047e-05,0.00637124653581,2.85706122682e-05,0.000342847347219,0.00308562612497,0.00031427673495,8.57118368047e-05,0.000228564898146,0.000228564898146,0.000114282449073,0.000457129796292,0.0104282734779,0.00939973143624,0.00299991428816,0.00617125224994,0.00677123510757,0.000114282449073,0.00685694694437,0.00657124082169,0.00882831919088,0.00271420816548,0.00425702122796,0.000342847347219,0.00499985714694,0.000542841633096,0.00688551755664,0.00428559184023,0.00165709551156,0.00465700979972,0.00248564326734,0.00788548898603,0.0122567926631,0.00468558041199,2.85706122682e-05,0.00822833633325,0.000142853061341,8.57118368047e-05,0.000171423673609,0.00274277877775,0.000199994285878,5.71412245364e-05,0.00519985143282,0.0079997714351,0.00742835918974,0.00965686694666,0.00788548898603,0.00542841633096,0.000171423673609,5.71412245364e-05,0.00299991428816,0.00542841633096,0.0,0.00688551755664,0.00725693551613,0.000114282449073,0.00382846204394,0.000228564898146,0.000142853061341,0.0,0.00371417959487,5.71412245364e-05,2.85706122682e-05,0.000142853061341,0.00625696408674,0.00248564326734,0.00617125224994,0.00408559755436,8.57118368047e-05,0.00225707836919,0.000114282449073,0.000285706122682,0.00497128653467,0.00385703265621,2.85706122682e-05,0.00474272163652,0.00399988571755,2.85706122682e-05,0.000114282449073,0.000428559184023,0.00382846204394,0.00151424245022,5.71412245364e-05,0.00342847347219,0.0,0.00597125796406,0.00542841633096,0.000114282449073,0.00757121225108,0.00334276163538,0.0068283763321,0.00528556326962,0.0079140595983,0.0068283763321,0.00385703265621,0.00602839918859,0.00517128082055,0.00642838776035,0.00582840490272,0.000171423673609,8.57118368047e-05,5.71412245364e-05,0.00325704979858,0.00659981143396,0.00762835347561,0.00334276163538,0.00505699837148,2.85706122682e-05,0.000228564898146,5.71412245364e-05,0.00231421959373,0.000199994285878,8.57118368047e-05,0.00048570040856,0.0061998228622,0.00702837061798,0.000399988571755,0.000428559184023,0.00591411673952,0.00591411673952,8.57118368047e-05,5.71412245364e-05,0.00459986857518,0.0035998971458,5.71412245364e-05,0.000542841633096,5.71412245364e-05,0.000657124082169,0.000371417959487,0.000142853061341,0.0,0.000114282449073,8.57118368047e-05,0.000514271020828
Gen 35
float_yankdup,integer_swap,vector_float_conj,vector_float_conc,vector_float_occurrencesof,vector_float_replacefirst,vector_float_rest,vector_float_p,vector_float_s,vector_float_r,vector_float_first,integer_fromfloat,vector_float_last,vector_float_d,float_sw,exec_yankd,vector_float_n,exec_do*tim,exec_yankdup,exec_yank,integer_mu,vector_float_remove,vector_float_fir,exec_do*vector_float,float_p,float_r,vector_float_stackdep,vector_float_dup,vector_float_subvec,float_i,exec_do*range,integer_yankd,float_m,integer_rot,float_a,float_c,float_d,integer_stackdep,float_s,vector_float_occurrences,exec_stackdepth,vector_float_swap,vector_float_reverse,float_stackdepth,float_max,exec_do*vector_flo,float_min,vector_float_rot,float_rot,exec_shove,vector_float_pushall,float_stackdep,float_sub,vector_float_sho,integer_div,integer_mult,integer_min,float_shove,integer_flush,float_inc,in1,integer_yank,integer_fromflo,vector_float_yankdup,float_ya,vector_float_butla,integer_sw,float_pop,exec_d,float_yankd,integer_max,exec_dup,exec_k,float_frominteger,float_mult,exec_noop,exec_p,exec_r,exec_s,vector_float_butlast,integer_flu,exec_y,float_mod,integer_ya,integer_yankdup,exec_stackdep,exec_do*ran,vector_float_index,vector_float_pop,exec_do*cou,vector_float_ta,vector_float_flu,float_add,exec_do*times,integer_shove,float_tan,vector_float_la,vector_float_indexof,float_sho,float_frominteg,integer_dup,vector_float_stackdepth,exec_sho,vector_float_replace,exec_swap,vector_float_rever,autoconstructive_integer_ra,exec_sw,integer_add,exec_flush,float_flu,float_cos,exec_flu,integer_mod,float_div,vector_float_leng,integer_inc,vector_float_yank,exec_rot,vector_float_flush,float_dec,vector_float_set,integer_pop,vector_float_shove,exec_pop,vector_float_take,vector_float_concat,vector_float_pusha,vector_float_ya,vector_float_remo,float_sin,autoconstructive_integer_rand,vector_float_length,exec_do*count,integer_sub,float_mu,exec_no,vector_float_re,float_dup,integer_r,integer_sho,vector_float_yankd,integer_stackdepth,integer_dec,exec,vector_float_replacefir,vector_float_nth,float_swap,vector_float_co,exec_ya,float_yank,float_flush,float_t,integer_d,integer_a,integer_m,integer_i,vector_float_subv,integer_s,integer_p,vector_float_repla,vector_float_sw
0.00152773534068,0.0100830532485,0.00286103163801,0.000166662037166,0.00561095525124,0.00541651620788,0.00302769367518,2.77770061943e-05,0.000305547068137,0.000416655092914,0.00519430015833,0.00624982639371,0.00255548456987,8.33310185828e-05,0.000249993055748,8.33310185828e-05,2.77770061943e-05,0.000444432099108,0.0082219938335,0.00377767284242,0.00019443904336,0.00608316435655,0.0,0.00502763812116,5.55540123885e-05,0.000166662037166,0.000333324074331,0.00463876003444,0.00263881558846,8.33310185828e-05,0.00599983333796,2.77770061943e-05,0.000527763117691,0.00249993055748,0.000222216049554,8.33310185828e-05,0.00019443904336,0.000333324074331,0.000111108024777,0.000333324074331,0.00980528318658,0.00936085108747,0.00255548456987,0.00561095525124,0.00588872531319,0.000222216049554,0.00669425849282,0.00611094136274,0.00861087192022,0.00219438348935,0.00408321991056,0.000222216049554,0.00424988194772,0.000361101080526,0.00602761034416,0.00299991666898,0.00136107330352,0.00405544290436,0.0024443765451,0.00719424460432,0.0115552345768,0.00408321991056,0.000111108024777,0.00783311574678,0.000222216049554,8.33310185828e-05,0.00019443904336,0.00283325463182,0.000249993055748,0.0,0.00430543596011,0.00708313657954,0.00672203549901,0.00952751312464,0.00852754090164,0.00447209799728,0.000333324074331,2.77770061943e-05,0.00302769367518,0.00494430710258,0.0,0.00647204244327,0.00647204244327,0.000138885030971,0.00322213271854,0.000222216049554,0.000111108024777,0.0,0.00352767978667,0.0,2.77770061943e-05,5.55540123885e-05,0.004860976084,0.00183328240882,0.00530540818311,0.00344434876809,8.33310185828e-05,0.00219438348935,2.77770061943e-05,8.33310185828e-05,0.00433321296631,0.00324990972473,0.0,0.003861003861,0.00366656481764,0.000138885030971,5.55540123885e-05,0.00038887808672,0.00374989583623,0.00113885725397,2.77770061943e-05,0.0024165995389,0.0,0.00516652315213,0.00497208410877,0.000111108024777,0.00666648148663,0.00249993055748,0.00588872531319,0.00463876003444,0.00761089969723,0.00591650231938,0.00327768673092,0.0058331713008,0.00469431404683,0.00547207022027,0.00511096913975,0.000111108024777,0.0,5.55540123885e-05,0.00258326157607,0.00611094136274,0.00613871836893,0.00294436265659,0.00536096219549,8.33310185828e-05,0.000277770061943,2.77770061943e-05,0.00197216743979,0.000111108024777,0.000138885030971,0.000499986111497,0.004860976084,0.00686092052999,0.000416655092914,0.000249993055748,0.00544429321408,0.00458320602205,8.33310185828e-05,2.77770061943e-05,0.00352767978667,0.00366656481764,2.77770061943e-05,0.000694425154857,2.77770061943e-05,0.000472209105303,0.000472209105303,0.000111108024777,2.77770061943e-05,0.000166662037166,0.000111108024777,0.000499986111497
Gen 36
float_yankdup,integer_swap,vector_float_conj,vector_float_conc,vector_float_occurrencesof,vector_float_replacefirst,vector_float_rest,vector_float_p,vector_float_s,vector_float_r,vector_float_first,integer_fromfloat,vector_float_last,vector_float_d,float_sw,exec_yankd,vector_float_n,exec_do*tim,exec_yankdup,exec_yank,integer_mu,vector_float_remove,vector_float_fir,exec_do*vector_float,float_p,float_r,vector_float_stackdep,vector_float_dup,vector_float_subvec,float_i,exec_do*range,integer_yankd,float_m,integer_rot,float_a,float_c,float_d,integer_stackdep,float_s,vector_float_occurrences,exec_stackdepth,vector_float_swap,vector_float_reverse,float_stackdepth,float_max,exec_do*vector_flo,float_min,vector_float_rot,float_rot,exec_shove,vector_float_pushall,float_stackdep,float_sub,vector_float_sho,integer_div,integer_mult,integer_min,float_shove,integer_flush,float_inc,in1,integer_yank,integer_fromflo,vector_float_yankdup,float_ya,vector_float_butla,integer_sw,float_pop,exec_d,float_yankd,integer_max,exec_dup,exec_k,float_frominteger,float_mult,exec_noop,exec_p,exec_r,exec_s,vector_float_butlast,integer_flu,exec_y,float_mod,integer_ya,integer_yankdup,exec_stackdep,exec_do*ran,vector_float_index,vector_float_pop,exec_do*cou,vector_float_ta,vector_float_flu,float_add,exec_do*times,integer_shove,float_tan,vector_float_la,vector_float_indexof,float_sho,float_frominteg,integer_dup,vector_float_stackdepth,exec_sho,vector_float_replace,exec_swap,vector_float_rever,autoconstructive_integer_ra,exec_sw,integer_add,exec_flush,float_flu,float_cos,exec_flu,integer_mod,float_div,vector_float_leng,integer_inc,vector_float_yank,exec_rot,vector_float_flush,float_dec,vector_float_set,integer_pop,vector_float_shove,exec_pop,vector_float_take,vector_float_concat,vector_float_pusha,vector_float_ya,vector_float_remo,float_sin,autoconstructive_integer_rand,vector_float_length,exec_do*count,integer_sub,float_mu,exec_no,vector_float_re,float_dup,integer_r,integer_sho,vector_float_yankd,integer_stackdepth,integer_dec,exec,vector_float_replacefir,vector_float_nth,float_swap,vector_float_co,exec_ya,float_yank,float_flush,float_t,integer_d,integer_a,integer_m,integer_i,vector_float_subv,integer_s,integer_p,vector_float_repla,vector_float_sw
0.00170265668495,0.00959433528824,0.00310802410746,8.10788897597e-05,0.00486473338558,0.00527012783438,0.00316207670063,0.0,0.000351341855626,0.000108105186346,0.0046214967163,0.00532418042756,0.00224318261669,8.10788897597e-05,0.000297289262452,0.000216210372693,2.70262965866e-05,0.000243236669279,0.00743223156131,0.00335126077674,0.000189184076106,0.00486473338558,0.000108105186346,0.00391881300505,0.0,0.000216210372693,0.000162157779519,0.00445933893679,0.00289181373476,2.70262965866e-05,0.00591875895246,0.0,0.000513499635145,0.00256749817572,0.000135131482933,0.0,0.000432420745385,0.000270262965866,8.10788897597e-05,0.000324315559039,0.00854030972136,0.00810788897597,0.00267560336207,0.00545931191049,0.00591875895246,8.10788897597e-05,0.00594578524905,0.0052431015378,0.007648441934,0.00197291965082,0.0036215237426,0.000216210372693,0.00397286559823,0.000243236669279,0.00586470635929,0.0032161292938,0.00143239371909,0.00405394448799,0.00186481446447,0.00627010080809,0.010918623821,0.00383773411529,0.000216210372693,0.00751331045107,0.000432420745385,5.40525931732e-05,8.10788897597e-05,0.00248641928597,0.000216210372693,0.0,0.00435123375044,0.00640523229102,0.00532418042756,0.00856733601795,0.00778357341693,0.00445933893679,0.000108105186346,0.0,0.00254047187914,0.00429718115727,0.0,0.00597281154563,0.00621604821491,0.000108105186346,0.00278370854842,0.000270262965866,5.40525931732e-05,0.0,0.00354044485284,5.40525931732e-05,8.10788897597e-05,5.40525931732e-05,0.00491878597876,0.00189184076106,0.00467554930948,0.00297289262452,2.70262965866e-05,0.00178373557471,5.40525931732e-05,0.000216210372693,0.00397286559823,0.00340531336991,2.70262965866e-05,0.00367557633577,0.00332423448015,5.40525931732e-05,5.40525931732e-05,0.000297289262452,0.00354044485284,0.000864841490771,2.70262965866e-05,0.00240534039621,2.70262965866e-05,0.00521607524121,0.00481068079241,5.40525931732e-05,0.00578362746953,0.00210805113375,0.00521607524121,0.00432420745385,0.00721602118862,0.00548633820708,0.00327018188698,0.00548633820708,0.00424312856409,0.00516202264804,0.00527012783438,0.000135131482933,8.10788897597e-05,0.000108105186346,0.00216210372693,0.00537823302073,0.00645928488419,0.00299991892111,0.00456744412313,8.10788897597e-05,0.000351341855626,2.70262965866e-05,0.00183778816789,2.70262965866e-05,5.40525931732e-05,0.000378368152212,0.00440528634361,0.00632415340126,0.000432420745385,0.000297289262452,0.00481068079241,0.00529715413097,0.000189184076106,8.10788897597e-05,0.00378368152212,0.00294586632794,5.40525931732e-05,0.000648631118078,0.000108105186346,0.000513499635145,0.000189184076106,0.000216210372693,0.000108105186346,0.000189184076106,0.0,0.000513499635145
Gen 37
float_yankdup,integer_swap,vector_float_conj,vector_float_conc,vector_float_occurrencesof,vector_float_replacefirst,vector_float_rest,vector_float_p,vector_float_s,vector_float_r,vector_float_first,integer_fromfloat,vector_float_last,vector_float_d,float_sw,exec_yankd,vector_float_n,exec_do*tim,exec_yankdup,exec_yank,integer_mu,vector_float_remove,vector_float_fir,exec_do*vector_float,float_p,float_r,vector_float_stackdep,vector_float_dup,vector_float_subvec,float_i,exec_do*range,integer_yankd,float_m,integer_rot,float_a,float_c,float_d,integer_stackdep,float_s,vector_float_occurrences,exec_stackdepth,vector_float_swap,vector_float_reverse,float_stackdepth,float_max,exec_do*vector_flo,float_min,vector_float_rot,float_rot,exec_shove,vector_float_pushall,float_stackdep,float_sub,vector_float_sho,integer_div,integer_mult,integer_min,float_shove,integer_flush,float_inc,in1,integer_yank,integer_fromflo,vector_float_yankdup,float_ya,vector_float_butla,integer_sw,float_pop,exec_d,float_yankd,integer_max,exec_dup,exec_k,float_frominteger,float_mult,exec_noop,exec_p,exec_r,exec_s,vector_float_butlast,integer_flu,exec_y,float_mod,integer_ya,integer_yankdup,exec_stackdep,exec_do*ran,vector_float_index,vector_float_pop,exec_do*cou,vector_float_ta,vector_float_flu,float_add,exec_do*times,integer_shove,float_tan,vector_float_la,vector_float_indexof,float_sho,float_frominteg,integer_dup,vector_float_stackdepth,exec_sho,vector_float_replace,exec_swap,vector_float_rever,autoconstructive_integer_ra,exec_sw,integer_add,exec_flush,float_flu,float_cos,exec_flu,integer_mod,float_div,vector_float_leng,integer_inc,vector_float_yank,exec_rot,vector_float_flush,float_dec,vector_float_set,integer_pop,vector_float_shove,exec_pop,vector_float_take,vector_float_concat,vector_float_pusha,vector_float_ya,vector_float_remo,float_sin,autoconstructive_integer_rand,vector_float_length,exec_do*count,integer_sub,float_mu,exec_no,vector_float_re,float_dup,integer_r,integer_sho,vector_float_yankd,integer_stackdepth,integer_dec,exec,vector_float_replacefir,vector_float_nth,float_swap,vector_float_co,exec_ya,float_yank,float_flush,float_t,integer_d,integer_a,integer_m,integer_i,vector_float_subv,integer_s,integer_p,vector_float_repla,vector_float_sw
0.00157890581827,0.00923659903687,0.00289466066682,0.00023683587274,0.00449988158206,0.00449988158206,0.00265782479408,2.63150969711e-05,0.000421041551538,0.000368411357596,0.0039209494487,0.00476303255177,0.00192100207889,0.000131575484856,0.000210520775769,0.000184205678798,5.26301939423e-05,0.000263150969711,0.00757874792769,0.00376305886687,0.000105260387885,0.00452619667903,2.63150969711e-05,0.00389463435173,7.89452909134e-05,0.000315781163654,0.000131575484856,0.00405252493355,0.00289466066682,2.63150969711e-05,0.00505249861846,5.26301939423e-05,0.000499986842452,0.00249993421226,7.89452909134e-05,5.26301939423e-05,0.000263150969711,0.000342096260625,7.89452909134e-05,0.000447356648509,0.00823662535196,0.00818399515802,0.00210520775769,0.0051051288124,0.00597352701245,5.26301939423e-05,0.00589458172153,0.00481566274572,0.00715770637615,0.00173679640009,0.00331570221836,0.000289466066682,0.00349990789716,0.000342096260625,0.00481566274572,0.00305255124865,0.00147364543038,0.00342096260625,0.00147364543038,0.00586826662456,0.0106312991763,0.00344727770322,0.00023683587274,0.00718402147312,0.00023683587274,7.89452909134e-05,0.000263150969711,0.0023683587274,0.000131575484856,2.63150969711e-05,0.00389463435173,0.00626299307913,0.00505249861846,0.00815768006105,0.00807873477014,0.0041051551275,0.000210520775769,7.89452909134e-05,0.00286834556985,0.00371042867293,2.63150969711e-05,0.00542090997605,0.00552617036394,0.000131575484856,0.00239467382437,0.00023683587274,2.63150969711e-05,2.63150969711e-05,0.00349990789716,5.26301939423e-05,2.63150969711e-05,0.0,0.00436830609721,0.00139470013947,0.00397357964264,0.00347359280019,0.0,0.00163153601221,7.89452909134e-05,0.000157890581827,0.00363148338202,0.00368411357596,2.63150969711e-05,0.00318412673351,0.00257887950317,5.26301939423e-05,2.63150969711e-05,0.00023683587274,0.00305255124865,0.000657877424278,5.26301939423e-05,0.00226309833952,0.0,0.00460514196995,0.0049209231336,0.000131575484856,0.00544722507302,0.00221046814558,0.00489460803663,0.0039209494487,0.00718402147312,0.00557880055788,0.00284203047288,0.00523670429726,0.00344727770322,0.00452619667903,0.00449988158206,5.26301939423e-05,0.0,2.63150969711e-05,0.00192100207889,0.00518407410331,0.00539459487908,0.00289466066682,0.0041051551275,0.000184205678798,0.000289466066682,0.0,0.00184205678798,5.26301939423e-05,5.26301939423e-05,0.00047367174548,0.00402620983658,0.00571037604274,0.000368411357596,0.000184205678798,0.00502618352149,0.00507881371543,0.00023683587274,0.000105260387885,0.00371042867293,0.0029209757638,5.26301939423e-05,0.000421041551538,2.63150969711e-05,0.000315781163654,2.63150969711e-05,0.000342096260625,0.000184205678798,0.000105260387885,5.26301939423e-05,0.000552617036394
Gen 38
float_yankdup,integer_swap,vector_float_conj,vector_float_conc,vector_float_occurrencesof,vector_float_replacefirst,vector_float_rest,vector_float_p,vector_float_s,vector_float_r,vector_float_first,integer_fromfloat,vector_float_last,vector_float_d,float_sw,exec_yankd,vector_float_n,exec_do*tim,exec_yankdup,exec_yank,integer_mu,vector_float_remove,vector_float_fir,exec_do*vector_float,float_p,float_r,vector_float_stackdep,vector_float_dup,vector_float_subvec,float_i,exec_do*range,integer_yankd,float_m,integer_rot,float_a,float_c,float_d,integer_stackdep,float_s,vector_float_occurrences,exec_stackdepth,vector_float_swap,vector_float_reverse,float_stackdepth,float_max,exec_do*vector_flo,float_min,vector_float_rot,float_rot,exec_shove,vector_float_pushall,float_stackdep,float_sub,vector_float_sho,integer_div,integer_mult,integer_min,float_shove,integer_flush,float_inc,in1,integer_yank,integer_fromflo,vector_float_yankdup,float_ya,vector_float_butla,integer_sw,float_pop,exec_d,float_yankd,integer_max,exec_dup,exec_k,float_frominteger,float_mult,exec_noop,exec_p,exec_r,exec_s,vector_float_butlast,integer_flu,exec_y,float_mod,integer_ya,integer_yankdup,exec_stackdep,exec_do*ran,vector_float_index,vector_float_pop,exec_do*cou,vector_float_ta,vector_float_flu,float_add,exec_do*times,integer_shove,float_tan,vector_float_la,vector_float_indexof,float_sho,float_frominteg,integer_dup,vector_float_stackdepth,exec_sho,vector_float_replace,exec_swap,vector_float_rever,autoconstructive_integer_ra,exec_sw,integer_add,exec_flush,float_flu,float_cos,exec_flu,integer_mod,float_div,vector_float_leng,integer_inc,vector_float_yank,exec_rot,vector_float_flush,float_dec,vector_float_set,integer_pop,vector_float_shove,exec_pop,vector_float_take,vector_float_concat,vector_float_pusha,vector_float_ya,vector_float_remo,float_sin,autoconstructive_integer_rand,vector_float_length,exec_do*count,integer_sub,float_mu,exec_no,vector_float_re,float_dup,integer_r,integer_sho,vector_float_yankd,integer_stackdepth,integer_dec,exec,vector_float_replacefir,vector_float_nth,float_swap,vector_float_co,exec_ya,float_yank,float_flush,float_t,integer_d,integer_a,integer_m,integer_i,vector_float_subv,integer_s,integer_p,vector_float_repla,vector_float_sw
0.0017948257737,0.00910233070947,0.00256403681957,0.000282044050153,0.00397425707033,0.00451270480244,0.00228199276942,5.12807363914e-05,0.000410245891131,0.00035896515474,0.003538370811,0.00453834517064,0.00182046614189,7.69211045871e-05,0.000153842209174,0.00017948257737,5.12807363914e-05,0.000256403681957,0.00746134714495,0.00402553780672,2.56403681957e-05,0.00441014332966,2.56403681957e-05,0.00310248455168,5.12807363914e-05,0.000282044050153,0.000307684418348,0.0041537396477,0.002358913874,7.69211045871e-05,0.00548703879388,5.12807363914e-05,0.000717930309479,0.00199994871926,5.12807363914e-05,0.0,0.000307684418348,0.000230763313761,0.000153842209174,0.000384605522935,0.00838440039999,0.00792287377247,0.00184610651009,0.00453834517064,0.00523063511192,2.56403681957e-05,0.00530755621651,0.00494859106177,0.00707674162201,0.00146150098715,0.00312812491987,0.000205122945565,0.00346144970642,0.000256403681957,0.00441014332966,0.00305120381529,0.00210251019205,0.003538370811,0.00094869362324,0.00561524063486,0.0110509986923,0.0029999230789,0.000128201840978,0.00689725904464,0.00017948257737,0.000307684418348,7.69211045871e-05,0.00276915976513,0.000128201840978,0.0,0.00374349375657,0.00628189020794,0.00438450296146,0.00810235634984,0.00828183892721,0.00305120381529,0.0,0.00017948257737,0.00251275608318,0.00341016897003,0.0,0.00525627548012,0.00569216173944,7.69211045871e-05,0.0023845542422,0.00017948257737,7.69211045871e-05,0.0,0.00341016897003,7.69211045871e-05,0.000128201840978,5.12807363914e-05,0.00461526627522,0.00128201840978,0.00423066075229,0.0029999230789,2.56403681957e-05,0.00138457988257,5.12807363914e-05,0.000230763313761,0.00382041486116,0.00366657265198,0.0,0.00269223866055,0.00212815056024,2.56403681957e-05,7.69211045871e-05,0.00017948257737,0.00256403681957,0.000538447732109,7.69211045871e-05,0.00233327350581,0.0,0.00402553780672,0.00492295069357,0.000205122945565,0.0059229250532,0.00199994871926,0.00494859106177,0.00420502038409,0.0065639342581,0.00579472321223,0.0023845542422,0.00487166995718,0.00307684418348,0.00407681854311,0.00433322222507,7.69211045871e-05,2.56403681957e-05,5.12807363914e-05,0.00151278172355,0.00528191584831,0.00574344247583,0.00243583497859,0.00451270480244,0.000128201840978,0.000307684418348,2.56403681957e-05,0.00153842209174,7.69211045871e-05,7.69211045871e-05,0.000512807363914,0.00384605522935,0.00571780210764,0.000410245891131,0.000230763313761,0.00438450296146,0.00489731032538,0.00017948257737,0.000128201840978,0.00361529191559,0.00284608086972,7.69211045871e-05,0.000615368836696,0.0,0.000282044050153,5.12807363914e-05,0.000230763313761,0.000128201840978,0.000153842209174,5.12807363914e-05,0.000794851414066
Gen 39
float_yankdup,integer_swap,vector_float_conj,vector_float_conc,vector_float_occurrencesof,vector_float_replacefirst,vector_float_rest,vector_float_p,vector_float_s,vector_float_r,vector_float_first,integer_fromfloat,vector_float_last,vector_float_d,float_sw,exec_yankd,vector_float_n,exec_do*tim,exec_yankdup,exec_yank,integer_mu,vector_float_remove,vector_float_fir,exec_do*vector_float,float_p,float_r,vector_float_stackdep,vector_float_dup,vector_float_subvec,float_i,exec_do*range,integer_yankd,float_m,integer_rot,float_a,float_c,float_d,integer_stackdep,float_s,vector_float_occurrences,exec_stackdepth,vector_float_swap,vector_float_reverse,float_stackdepth,float_max,exec_do*vector_flo,float_min,vector_float_rot,float_rot,exec_shove,vector_float_pushall,float_stackdep,float_sub,vector_float_sho,integer_div,integer_mult,integer_min,float_shove,integer_flush,float_inc,in1,integer_yank,integer_fromflo,vector_float_yankdup,float_ya,vector_float_butla,integer_sw,float_pop,exec_d,float_yankd,integer_max,exec_dup,exec_k,float_frominteger,float_mult,exec_noop,exec_p,exec_r,exec_s,vector_float_butlast,integer_flu,exec_y,float_mod,integer_ya,integer_yankdup,exec_stackdep,exec_do*ran,vector_float_index,vector_float_pop,exec_do*cou,vector_float_ta,vector_float_flu,float_add,exec_do*times,integer_shove,float_tan,vector_float_la,vector_float_indexof,float_sho,float_frominteg,integer_dup,vector_float_stackdepth,exec_sho,vector_float_replace,exec_swap,vector_float_rever,autoconstructive_integer_ra,exec_sw,integer_add,exec_flush,float_flu,float_cos,exec_flu,integer_mod,float_div,vector_float_leng,integer_inc,vector_float_yank,exec_rot,vector_float_flush,float_dec,vector_float_set,integer_pop,vector_float_shove,exec_pop,vector_float_take,vector_float_concat,vector_float_pusha,vector_float_ya,vector_float_remo,float_sin,autoconstructive_integer_rand,vector_float_length,exec_do*count,integer_sub,float_mu,exec_no,vector_float_re,float_dup,integer_r,integer_sho,vector_float_yankd,integer_stackdepth,integer_dec,exec,vector_float_replacefir,vector_float_nth,float_swap,vector_float_co,exec_ya,float_yank,float_flush,float_t,integer_d,integer_a,integer_m,integer_i,vector_float_subv,integer_s,integer_p,vector_float_repla,vector_float_sw
0.0011249718757,0.00809979750506,0.00222494437639,0.000199995000125,0.00317492062698,0.00414989625259,0.00187495312617,0.000124996875078,0.000149996250094,0.000349991250219,0.00282492937677,0.00452488687783,0.00182495437614,4.99987500312e-05,0.000224994375141,0.000174995625109,0.000174995625109,0.000224994375141,0.00647483812905,0.00324991875203,7.49981250469e-05,0.00444988875278,7.49981250469e-05,0.00237494062648,0.0,0.000224994375141,0.000324991875203,0.00317492062698,0.00174995625109,0.000124996875078,0.00482487937802,4.99987500312e-05,0.000474988125297,0.00222494437639,0.0,4.99987500312e-05,0.000199995000125,0.000199995000125,0.000224994375141,0.000349991250219,0.00724981875453,0.00734981625459,0.00137496562586,0.00374990625234,0.00492487687808,7.49981250469e-05,0.00484987875303,0.00417489562761,0.00677483062923,0.00162495937602,0.00317492062698,4.99987500312e-05,0.00262493437664,0.000324991875203,0.00372490687733,0.0023999400015,0.00224994375141,0.00277493062673,0.00107497312567,0.00542486437839,0.00997475063123,0.00234994125147,4.99987500312e-05,0.00584985375366,0.000199995000125,0.000124996875078,9.99975000625e-05,0.00229994250144,9.99975000625e-05,2.49993750156e-05,0.00299992500187,0.00552486187845,0.00442488937777,0.00747481312967,0.00722481937952,0.00269993250169,2.49993750156e-05,7.49981250469e-05,0.00217494562636,0.00277493062673,2.49993750156e-05,0.00449988750281,0.00487487812805,2.49993750156e-05,0.00182495437614,0.000149996250094,9.99975000625e-05,0.0,0.00314992125197,0.000149996250094,0.0,0.0,0.00389990250244,0.000899977500562,0.00387490312742,0.00289992750181,2.49993750156e-05,0.000924976875578,2.49993750156e-05,0.000249993750156,0.0036749081273,0.00307492312692,4.99987500312e-05,0.00214994625134,0.00169995750106,0.0,0.000124996875078,4.99987500312e-05,0.00194995125122,0.000774980625484,2.49993750156e-05,0.00182495437614,2.49993750156e-05,0.00302492437689,0.00344991375216,0.000249993750156,0.00544986375341,0.00194995125122,0.00499987500312,0.00369990750231,0.00634984125397,0.00584985375366,0.00244993875153,0.00419989500262,0.00269993250169,0.00454988625284,0.00342491437714,0.000199995000125,2.49993750156e-05,0.000124996875078,0.00122496937577,0.00442488937777,0.00519987000325,0.00217494562636,0.00344991375216,0.000149996250094,0.000224994375141,0.0,0.00144996375091,0.0,2.49993750156e-05,0.000774980625484,0.00364990875228,0.00482487937802,0.000324991875203,7.49981250469e-05,0.0044748881278,0.00427489312767,9.99975000625e-05,0.0,0.00249993750156,0.00227494312642,0.0,0.000849978750531,2.49993750156e-05,9.99975000625e-05,7.49981250469e-05,0.000149996250094,4.99987500312e-05,0.000124996875078,2.49993750156e-05,0.000674983125422
Gen 40
float_yankdup,integer_swap,vector_float_conj,vector_float_conc,vector_float_occurrencesof,vector_float_replacefirst,vector_float_rest,vector_float_p,vector_float_s,vector_float_r,vector_float_first,integer_fromfloat,vector_float_last,vector_float_d,float_sw,exec_yankd,vector_float_n,exec_do*tim,exec_yankdup,exec_yank,integer_mu,vector_float_remove,vector_float_fir,exec_do*vector_float,float_p,float_r,vector_float_stackdep,vector_float_dup,vector_float_subvec,float_i,exec_do*range,integer_yankd,float_m,integer_rot,float_a,float_c,float_d,integer_stackdep,float_s,vector_float_occurrences,exec_stackdepth,vector_float_swap,vector_float_reverse,float_stackdepth,float_max,exec_do*vector_flo,float_min,vector_float_rot,float_rot,exec_shove,vector_float_pushall,float_stackdep,float_sub,vector_float_sho,integer_div,integer_mult,integer_min,float_shove,integer_flush,float_inc,in1,integer_yank,integer_fromflo,vector_float_yankdup,float_ya,vector_float_butla,integer_sw,float_pop,exec_d,float_yankd,integer_max,exec_dup,exec_k,float_frominteger,float_mult,exec_noop,exec_p,exec_r,exec_s,vector_float_butlast,integer_flu,exec_y,float_mod,integer_ya,integer_yankdup,exec_stackdep,exec_do*ran,vector_float_index,vector_float_pop,exec_do*cou,vector_float_ta,vector_float_flu,float_add,exec_do*times,integer_shove,float_tan,vector_float_la,vector_float_indexof,float_sho,float_frominteg,integer_dup,vector_float_stackdepth,exec_sho,vector_float_replace,exec_swap,vector_float_rever,autoconstructive_integer_ra,exec_sw,integer_add,exec_flush,float_flu,float_cos,exec_flu,integer_mod,float_div,vector_float_leng,integer_inc,vector_float_yank,exec_rot,vector_float_flush,float_dec,vector_float_set,integer_pop,vector_float_shove,exec_pop,vector_float_take,vector_float_concat,vector_float_pusha,vector_float_ya,vector_float_remo,float_sin,autoconstructive_integer_rand,vector_float_length,exec_do*count,integer_sub,float_mu,exec_no,vector_float_re,float_dup,integer_r,integer_sho,vector_float_yankd,integer_stackdepth,integer_dec,exec,vector_float_replacefir,vector_float_nth,float_swap,vector_float_co,exec_ya,float_yank,float_flush,float_t,integer_d,integer_a,integer_m,integer_i,vector_float_subv,integer_s,integer_p,vector_float_repla,vector_float_sw
0.000731689470989,0.00819492207507,0.00239018560523,0.000268286139362,0.00278041998976,0.00378039560011,0.00146337894198,7.31689470989e-05,9.75585961318e-05,0.000146337894198,0.00307309577815,0.00485354015756,0.00168288578327,2.4389649033e-05,0.000195117192264,9.75585961318e-05,0.000292675788395,0.000292675788395,0.00678032243116,0.00304870612912,7.31689470989e-05,0.00380478524914,2.4389649033e-05,0.00165849613424,2.4389649033e-05,0.000463403331626,0.000341455086461,0.00324382332138,0.0020731201678,4.87792980659e-05,0.00446330577303,0.0,0.000585351576791,0.00217067876393,2.4389649033e-05,9.75585961318e-05,0.000317065437428,0.000170727543231,0.000170727543231,0.00024389649033,0.00717055681569,0.00734128435892,0.00121948245165,0.00336577156655,0.00548767103241,2.4389649033e-05,0.00419501963367,0.00397551279237,0.00634130874857,0.00168288578327,0.00265847174459,2.4389649033e-05,0.00260969244653,7.31689470989e-05,0.00353649910978,0.00246335455233,0.00173166508134,0.00270725104266,0.00129265139875,0.00417062998463,0.00895100119509,0.00219506841297,4.87792980659e-05,0.00597546401307,0.000219506841297,7.31689470989e-05,0.000121948245165,0.0019267822736,0.000219506841297,0.0,0.00295114753299,0.00565839857564,0.00439013682593,0.00739006365698,0.00729250506085,0.00292675788395,7.31689470989e-05,4.87792980659e-05,0.00226823736006,0.0023657959562,0.0,0.00380478524914,0.00402429209044,4.87792980659e-05,0.00131704104778,0.000195117192264,0.000121948245165,0.0,0.002219458062,7.31689470989e-05,4.87792980659e-05,2.4389649033e-05,0.00360966805688,0.000999975610351,0.00353649910978,0.00231701665813,2.4389649033e-05,0.00112192385552,4.87792980659e-05,0.000121948245165,0.00336577156655,0.00280480963879,4.87792980659e-05,0.002219458062,0.00143898929294,0.0,9.75585961318e-05,0.0,0.00197556157167,0.00109753420648,2.4389649033e-05,0.00202434086973,0.0,0.00324382332138,0.00426818858077,0.000439013682593,0.00541450208531,0.00180483402844,0.00417062998463,0.00356088875881,0.00660959488793,0.00578034682081,0.00268286139362,0.00319504402332,0.00197556157167,0.00446330577303,0.00358527840784,0.00024389649033,4.87792980659e-05,2.4389649033e-05,0.000878027365186,0.004438916124,0.00468281261433,0.00160971683617,0.00280480963879,9.75585961318e-05,0.000219506841297,0.0,0.00139020999488,2.4389649033e-05,2.4389649033e-05,0.000756079120021,0.00353649910978,0.00497548840272,0.000487792980659,4.87792980659e-05,0.00470720226336,0.00499987805175,0.000146337894198,0.0,0.00297553718202,0.002219458062,4.87792980659e-05,0.000585351576791,2.4389649033e-05,0.000268286139362,0.000121948245165,0.000170727543231,4.87792980659e-05,7.31689470989e-05,9.75585961318e-05,0.000487792980659
Gen 41
float_yankdup,integer_swap,vector_float_conj,vector_float_conc,vector_float_occurrencesof,vector_float_replacefirst,vector_float_rest,vector_float_p,vector_float_s,vector_float_r,vector_float_first,integer_fromfloat,vector_float_last,vector_float_d,float_sw,exec_yankd,vector_float_n,exec_do*tim,exec_yankdup,exec_yank,integer_mu,vector_float_remove,vector_float_fir,exec_do*vector_float,float_p,float_r,vector_float_stackdep,vector_float_dup,vector_float_subvec,float_i,exec_do*range,integer_yankd,float_m,integer_rot,float_a,float_c,float_d,integer_stackdep,float_s,vector_float_occurrences,exec_stackdepth,vector_float_swap,vector_float_reverse,float_stackdepth,float_max,exec_do*vector_flo,float_min,vector_float_rot,float_rot,exec_shove,vector_float_pushall,float_stackdep,float_sub,vector_float_sho,integer_div,integer_mult,integer_min,float_shove,integer_flush,float_inc,in1,integer_yank,integer_fromflo,vector_float_yankdup,float_ya,vector_float_butla,integer_sw,float_pop,exec_d,float_yankd,integer_max,exec_dup,exec_k,float_frominteger,float_mult,exec_noop,exec_p,exec_r,exec_s,vector_float_butlast,integer_flu,exec_y,float_mod,integer_ya,integer_yankdup,exec_stackdep,exec_do*ran,vector_float_index,vector_float_pop,exec_do*cou,vector_float_ta,vector_float_flu,float_add,exec_do*times,integer_shove,float_tan,vector_float_la,vector_float_indexof,float_sho,float_frominteg,integer_dup,vector_float_stackdepth,exec_sho,vector_float_replace,exec_swap,vector_float_rever,autoconstructive_integer_ra,exec_sw,integer_add,exec_flush,float_flu,float_cos,exec_flu,integer_mod,float_div,vector_float_leng,integer_inc,vector_float_yank,exec_rot,vector_float_flush,float_dec,vector_float_set,integer_pop,vector_float_shove,exec_pop,vector_float_take,vector_float_concat,vector_float_pusha,vector_float_ya,vector_float_remo,float_sin,autoconstructive_integer_rand,vector_float_length,exec_do*count,integer_sub,float_mu,exec_no,vector_float_re,float_dup,integer_r,integer_sho,vector_float_yankd,integer_stackdepth,integer_dec,exec,vector_float_replacefir,vector_float_nth,float_swap,vector_float_co,exec_ya,float_yank,float_flush,float_t,integer_d,integer_a,integer_m,integer_i,vector_float_subv,integer_s,integer_p,vector_float_repla,vector_float_sw
0.00059522392324,0.0078807647437,0.00228565986524,0.000142853741578,0.00314278231471,0.00345229875479,0.00164281802814,0.000190471655437,0.000142853741578,0.000285707483155,0.00276183900383,0.00421418537654,0.00183328968358,7.14268707888e-05,4.76179138592e-05,0.000119044784648,0.000166662698507,0.000166662698507,0.00588081236161,0.00307135544392,2.38089569296e-05,0.00440465703198,7.14268707888e-05,0.00157139115735,0.0,0.000357134353944,0.000380943310874,0.00316659127164,0.00219042403752,0.0,0.00459512868741,4.76179138592e-05,0.000499988095522,0.00216661508059,7.14268707888e-05,4.76179138592e-05,0.000261898526226,0.000214280612366,0.000142853741578,0.000428561224733,0.00676174376801,0.00685697959572,0.00116663888955,0.00369038832409,0.00452370181662,7.14268707888e-05,0.00440465703198,0.00449989285969,0.00654746315564,0.00188090759744,0.00290469274541,4.76179138592e-05,0.00247613152068,0.000285707483155,0.00357134353944,0.00252374943454,0.00199995238209,0.00249994047761,0.000857122449465,0.00454751077355,0.00919025737482,0.0019285255113,0.000119044784648,0.00585700340468,0.000214280612366,2.38089569296e-05,0.000119044784648,0.00235708673603,0.000214280612366,2.38089569296e-05,0.0032142091855,0.0053093973953,0.00430942120426,0.00733315873432,0.00661889002643,0.00242851360682,4.76179138592e-05,7.14268707888e-05,0.0023332777791,0.00269041213304,4.76179138592e-05,0.00383324206567,0.00430942120426,2.38089569296e-05,0.00147615532964,0.000166662698507,7.14268707888e-05,0.0,0.00254755839147,7.14268707888e-05,0.000142853741578,0.0,0.00385705102259,0.000952358277184,0.00364277041023,0.00290469274541,2.38089569296e-05,0.000976167234113,0.000119044784648,0.000142853741578,0.00378562415181,0.00299992857313,2.38089569296e-05,0.0019285255113,0.00178567176972,0.0,7.14268707888e-05,0.000119044784648,0.00164281802814,0.000642841837099,0.0,0.00202376133902,0.0,0.00295231065927,0.00364277041023,0.000357134353944,0.00480940929978,0.00216661508059,0.00423799433347,0.00307135544392,0.0063569915002,0.00540463322302,0.0027380300469,0.00414275850575,0.00211899716673,0.00435703911812,0.00326182709935,0.000261898526226,7.14268707888e-05,2.38089569296e-05,0.000880931406395,0.00428561224733,0.00492845408443,0.00235708673603,0.0036189614533,4.76179138592e-05,0.000166662698507,2.38089569296e-05,0.00171424489893,2.38089569296e-05,2.38089569296e-05,0.000809504535606,0.00357134353944,0.00492845408443,0.000238089569296,0.000166662698507,0.00480940929978,0.00464274660127,0.000238089569296,0.0,0.00295231065927,0.00254755839147,2.38089569296e-05,0.000523797052451,0.0,0.000238089569296,9.52358277184e-05,0.000261898526226,7.14268707888e-05,0.0,4.76179138592e-05,0.000547606009381
Gen 42
float_yankdup,integer_swap,vector_float_conj,vector_float_conc,vector_float_occurrencesof,vector_float_replacefirst,vector_float_rest,vector_float_p,vector_float_s,vector_float_r,vector_float_first,integer_fromfloat,vector_float_last,vector_float_d,float_sw,exec_yankd,vector_float_n,exec_do*tim,exec_yankdup,exec_yank,integer_mu,vector_float_remove,vector_float_fir,exec_do*vector_float,float_p,float_r,vector_float_stackdep,vector_float_dup,vector_float_subvec,float_i,exec_do*range,integer_yankd,float_m,integer_rot,float_a,float_c,float_d,integer_stackdep,float_s,vector_float_occurrences,exec_stackdepth,vector_float_swap,vector_float_reverse,float_stackdepth,float_max,exec_do*vector_flo,float_min,vector_float_rot,float_rot,exec_shove,vector_float_pushall,float_stackdep,float_sub,vector_float_sho,integer_div,integer_mult,integer_min,float_shove,integer_flush,float_inc,in1,integer_yank,integer_fromflo,vector_float_yankdup,float_ya,vector_float_butla,integer_sw,float_pop,exec_d,float_yankd,integer_max,exec_dup,exec_k,float_frominteger,float_mult,exec_noop,exec_p,exec_r,exec_s,vector_float_butlast,integer_flu,exec_y,float_mod,integer_ya,integer_yankdup,exec_stackdep,exec_do*ran,vector_float_index,vector_float_pop,exec_do*cou,vector_float_ta,vector_float_flu,float_add,exec_do*times,integer_shove,float_tan,vector_float_la,vector_float_indexof,float_sho,float_frominteg,integer_dup,vector_float_stackdepth,exec_sho,vector_float_replace,exec_swap,vector_float_rever,autoconstructive_integer_ra,exec_sw,integer_add,exec_flush,float_flu,float_cos,exec_flu,integer_mod,float_div,vector_float_leng,integer_inc,vector_float_yank,exec_rot,vector_float_flush,float_dec,vector_float_set,integer_pop,vector_float_shove,exec_pop,vector_float_take,vector_float_concat,vector_float_pusha,vector_float_ya,vector_float_remo,float_sin,autoconstructive_integer_rand,vector_float_length,exec_do*count,integer_sub,float_mu,exec_no,vector_float_re,float_dup,integer_r,integer_sho,vector_float_yankd,integer_stackdepth,integer_dec,exec,vector_float_replacefir,vector_float_nth,float_swap,vector_float_co,exec_ya,float_yank,float_flush,float_t,integer_d,integer_a,integer_m,integer_i,vector_float_subv,integer_s,integer_p,vector_float_repla,vector_float_sw
0.000720913467129,0.00762772958768,0.00204646403572,0.000139531638799,0.00316271714611,0.00399990697891,0.00155810329992,9.30210925327e-05,9.30210925327e-05,0.000232552731332,0.00246505895212,0.00386037534011,0.00174414548499,2.32552731332e-05,2.32552731332e-05,0.000186042185065,0.000139531638799,0.000232552731332,0.00586032882956,0.00274412222972,0.0,0.00397665170577,0.000116276365666,0.00186042185065,2.32552731332e-05,0.000348829096998,0.000209297458199,0.00276737750285,0.00211622985512,6.97658193995e-05,0.00430222552964,2.32552731332e-05,0.000395339643264,0.00234878258645,4.65105462664e-05,2.32552731332e-05,0.000325573823865,0.000232552731332,0.000116276365666,0.000348829096998,0.00644171065789,0.00690681612056,0.00130229529546,0.00406967279831,0.00451152298784,0.000116276365666,0.00451152298784,0.00474407571917,0.00613939210716,0.00146508220739,0.00309295132671,6.97658193995e-05,0.00225576149392,0.000255808004465,0.00348829096998,0.00227901676705,0.00204646403572,0.00232552731332,0.000953466198461,0.00432548080277,0.00893002488314,0.00211622985512,4.65105462664e-05,0.0058138182833,0.000186042185065,6.97658193995e-05,0.000162786911932,0.00172089021186,9.30210925327e-05,2.32552731332e-05,0.00348829096998,0.0051161600893,0.00420920443711,0.00720913467129,0.00641845538476,0.00295341968791,4.65105462664e-05,2.32552731332e-05,0.00211622985512,0.00295341968791,2.32552731332e-05,0.00353480151624,0.00423245971024,2.32552731332e-05,0.00134880584172,0.000418594916397,4.65105462664e-05,2.32552731332e-05,0.00248831422525,2.32552731332e-05,0.000348829096998,0.0,0.00355805678938,0.000837189832795,0.00365107788191,0.00276737750285,2.32552731332e-05,0.00106974256413,0.000139531638799,0.000186042185065,0.00344178042371,0.00276737750285,9.30210925327e-05,0.00188367712379,0.00167437966559,0.0,2.32552731332e-05,4.65105462664e-05,0.00155810329992,0.000604637101463,4.65105462664e-05,0.00172089021186,6.97658193995e-05,0.00313946187298,0.00367433315504,0.000302318550731,0.00467430989977,0.00190693239692,0.00399990697891,0.00251156949838,0.00597660519523,0.0051859259087,0.00232552731332,0.00413943861771,0.00216274040139,0.00360456733564,0.00316271714611,4.65105462664e-05,4.65105462664e-05,9.30210925327e-05,0.000953466198461,0.00388363061324,0.0049068626311,0.00220925094765,0.00355805678938,6.97658193995e-05,9.30210925327e-05,2.32552731332e-05,0.00181391130439,4.65105462664e-05,2.32552731332e-05,0.000906955652194,0.00327899351178,0.00451152298784,0.000302318550731,6.97658193995e-05,0.00481384153857,0.00416269389084,0.000325573823865,6.97658193995e-05,0.00260459059092,0.00251156949838,2.32552731332e-05,0.000674402920862,6.97658193995e-05,0.000209297458199,2.32552731332e-05,0.000232552731332,6.97658193995e-05,4.65105462664e-05,2.32552731332e-05,0.000418594916397
Gen 43
float_yankdup,integer_swap,vector_float_conj,vector_float_conc,vector_float_occurrencesof,vector_float_replacefirst,vector_float_rest,vector_float_p,vector_float_s,vector_float_r,vector_float_first,integer_fromfloat,vector_float_last,vector_float_d,float_sw,exec_yankd,vector_float_n,exec_do*tim,exec_yankdup,exec_yank,integer_mu,vector_float_remove,vector_float_fir,exec_do*vector_float,float_p,float_r,vector_float_stackdep,vector_float_dup,vector_float_subvec,float_i,exec_do*range,integer_yankd,float_m,integer_rot,float_a,float_c,float_d,integer_stackdep,float_s,vector_float_occurrences,exec_stackdepth,vector_float_swap,vector_float_reverse,float_stackdepth,float_max,exec_do*vector_flo,float_min,vector_float_rot,float_rot,exec_shove,vector_float_pushall,float_stackdep,float_sub,vector_float_sho,integer_div,integer_mult,integer_min,float_shove,integer_flush,float_inc,in1,integer_yank,integer_fromflo,vector_float_yankdup,float_ya,vector_float_butla,integer_sw,float_pop,exec_d,float_yankd,integer_max,exec_dup,exec_k,float_frominteger,float_mult,exec_noop,exec_p,exec_r,exec_s,vector_float_butlast,integer_flu,exec_y,float_mod,integer_ya,integer_yankdup,exec_stackdep,exec_do*ran,vector_float_index,vector_float_pop,exec_do*cou,vector_float_ta,vector_float_flu,float_add,exec_do*times,integer_shove,float_tan,vector_float_la,vector_float_indexof,float_sho,float_frominteg,integer_dup,vector_float_stackdepth,exec_sho,vector_float_replace,exec_swap,vector_float_rever,autoconstructive_integer_ra,exec_sw,integer_add,exec_flush,float_flu,float_cos,exec_flu,integer_mod,float_div,vector_float_leng,integer_inc,vector_float_yank,exec_rot,vector_float_flush,float_dec,vector_float_set,integer_pop,vector_float_shove,exec_pop,vector_float_take,vector_float_concat,vector_float_pusha,vector_float_ya,vector_float_remo,float_sin,autoconstructive_integer_rand,vector_float_length,exec_do*count,integer_sub,float_mu,exec_no,vector_float_re,float_dup,integer_r,integer_sho,vector_float_yankd,integer_stackdepth,integer_dec,exec,vector_float_replacefir,vector_float_nth,float_swap,vector_float_co,exec_ya,float_yank,float_flush,float_t,integer_d,integer_a,integer_m,integer_i,vector_float_subv,integer_s,integer_p,vector_float_repla,vector_float_sw
0.000886343492193,0.00759073657417,0.00209086157133,0.000159087293471,0.00334083316288,0.00377264153087,0.00174996022818,4.54535124202e-05,0.0,0.00011363378105,0.00279539101384,0.00411354287403,0.00154541942229,4.54535124202e-05,6.81802686303e-05,0.000136360537261,0.000295447830731,0.000272721074521,0.00615895093293,0.0024772164269,6.81802686303e-05,0.00356810072498,2.27267562101e-05,0.00236358264585,2.27267562101e-05,0.000295447830731,0.000204540805891,0.00281811777005,0.00236358264585,9.09070248403e-05,0.00399990909298,0.0,0.000318174586941,0.00174996022818,0.0,0.0,0.000272721074521,0.00011363378105,0.00011363378105,0.000409081611782,0.00670439308198,0.00690893388787,0.00165905320334,0.00424990341129,0.00381809504329,9.09070248403e-05,0.00402263584919,0.00465898502307,0.00599986363946,0.00170450671576,0.00297720506352,0.000227267562101,0.00243176291448,0.000340901343151,0.00334083316288,0.00252266993932,0.00172723347197,0.00204540805891,0.000931797004614,0.00431808367992,0.00859071384741,0.002704483989,6.81802686303e-05,0.00529533419695,0.00011363378105,0.0,0.000249994318311,0.00159087293471,0.000159087293471,2.27267562101e-05,0.00329537965046,0.00479534556033,0.00411354287403,0.00686348037545,0.00597713688325,0.00265903047658,0.000136360537261,4.54535124202e-05,0.0017954137406,0.00306811208836,0.0,0.00422717665508,0.00434081043613,0.000159087293471,0.00122724483534,0.000318174586941,0.00011363378105,0.0,0.00213631508375,0.0,0.000181814049681,2.27267562101e-05,0.00340901343151,0.000886343492193,0.00343174018772,0.00249994318311,2.27267562101e-05,0.000749982954933,0.000204540805891,0.000227267562101,0.00324992613804,0.00274993750142,6.81802686303e-05,0.00186359400923,0.00209086157133,4.54535124202e-05,0.0,4.54535124202e-05,0.00143178564124,0.000477261880412,2.27267562101e-05,0.0015681461785,2.27267562101e-05,0.00322719938183,0.00327265289425,6.81802686303e-05,0.00418172314266,0.0017954137406,0.00415899638645,0.00236358264585,0.00597713688325,0.00474989204791,0.00295447830731,0.00424990341129,0.00268175723279,0.00363628099361,0.00347719370014,0.00011363378105,9.09070248403e-05,6.81802686303e-05,0.00102270402945,0.00436353719234,0.00465898502307,0.00229540237722,0.00415899638645,6.81802686303e-05,0.000159087293471,0.0,0.00181814049681,6.81802686303e-05,0.000318174586941,0.000613622417672,0.00324992613804,0.00438626394855,0.000227267562101,0.000204540805891,0.0044998977296,0.00390900206813,0.000181814049681,4.54535124202e-05,0.00220449535238,0.00284084452626,2.27267562101e-05,0.000431808367992,0.0,0.000204540805891,0.000181814049681,0.000249994318311,0.000136360537261,2.27267562101e-05,2.27267562101e-05,0.000590895661462
Gen 44
float_yankdup,integer_swap,vector_float_conj,vector_float_conc,vector_float_occurrencesof,vector_float_replacefirst,vector_float_rest,vector_float_p,vector_float_s,vector_float_r,vector_float_first,integer_fromfloat,vector_float_last,vector_float_d,float_sw,exec_yankd,vector_float_n,exec_do*tim,exec_yankdup,exec_yank,integer_mu,vector_float_remove,vector_float_fir,exec_do*vector_float,float_p,float_r,vector_float_stackdep,vector_float_dup,vector_float_subvec,float_i,exec_do*range,integer_yankd,float_m,integer_rot,float_a,float_c,float_d,integer_stackdep,float_s,vector_float_occurrences,exec_stackdepth,vector_float_swap,vector_float_reverse,float_stackdepth,float_max,exec_do*vector_flo,float_min,vector_float_rot,float_rot,exec_shove,vector_float_pushall,float_stackdep,float_sub,vector_float_sho,integer_div,integer_mult,integer_min,float_shove,integer_flush,float_inc,in1,integer_yank,integer_fromflo,vector_float_yankdup,float_ya,vector_float_butla,integer_sw,float_pop,exec_d,float_yankd,integer_max,exec_dup,exec_k,float_frominteger,float_mult,exec_noop,exec_p,exec_r,exec_s,vector_float_butlast,integer_flu,exec_y,float_mod,integer_ya,integer_yankdup,exec_stackdep,exec_do*ran,vector_float_index,vector_float_pop,exec_do*cou,vector_float_ta,vector_float_flu,float_add,exec_do*times,integer_shove,float_tan,vector_float_la,vector_float_indexof,float_sho,float_frominteg,integer_dup,vector_float_stackdepth,exec_sho,vector_float_replace,exec_swap,vector_float_rever,autoconstructive_integer_ra,exec_sw,integer_add,exec_flush,float_flu,float_cos,exec_flu,integer_mod,float_div,vector_float_leng,integer_inc,vector_float_yank,exec_rot,vector_float_flush,float_dec,vector_float_set,integer_pop,vector_float_shove,exec_pop,vector_float_take,vector_float_concat,vector_float_pusha,vector_float_ya,vector_float_remo,float_sin,autoconstructive_integer_rand,vector_float_length,exec_do*count,integer_sub,float_mu,exec_no,vector_float_re,float_dup,integer_r,integer_sho,vector_float_yankd,integer_stackdepth,integer_dec,exec,vector_float_replacefir,vector_float_nth,float_swap,vector_float_co,exec_ya,float_yank,float_flush,float_t,integer_d,integer_a,integer_m,integer_i,vector_float_subv,integer_s,integer_p,vector_float_repla,vector_float_sw
0.000888869136241,0.00711095308993,0.00217772938379,0.000244439012466,0.00302215506322,0.00373325037221,0.00171107308726,2.2221728406e-05,0.000133330370436,0.000199995555654,0.00244439012466,0.00357769827337,0.00177773827248,0.0,4.44434568121e-05,0.00011110864203,0.000199995555654,0.000199995555654,0.00544432345948,0.00253327703829,4.44434568121e-05,0.0036888069154,2.2221728406e-05,0.00217772938379,0.0,0.000266660740872,0.000622208395369,0.00286660296438,0.00262216395191,6.66651852181e-05,0.00415546321193,2.2221728406e-05,0.00022221728406,0.00217772938379,6.66651852181e-05,0.0,0.000244439012466,0.000199995555654,0.000155552098842,0.000199995555654,0.00595542321282,0.00633319259572,0.00133330370436,0.00431101531077,0.00415546321193,4.44434568121e-05,0.00391102419946,0.00462211950846,0.00579987111398,0.00197773382814,0.00324437234728,0.00022221728406,0.00231105975423,0.000288882469278,0.00317770716206,0.0029332681496,0.00186662518611,0.00248883358148,0.000933312593053,0.00428879358236,0.00855536543632,0.00266660740872,6.66651852181e-05,0.00544432345948,0.000288882469278,6.66651852181e-05,0.000155552098842,0.00128886024755,0.00011110864203,2.2221728406e-05,0.00335548098931,0.00475544987889,0.00364436345859,0.00648874469456,0.00559987555832,0.00306659852003,0.0,2.2221728406e-05,0.00204439901336,0.00308882024844,2.2221728406e-05,0.00306659852003,0.00426657185396,4.44434568121e-05,0.00126663851914,0.000355547654497,2.2221728406e-05,0.0,0.00233328148263,4.44434568121e-05,0.000199995555654,2.2221728406e-05,0.003666585187,0.000755538765805,0.00335548098931,0.00306659852003,0.0,0.000666651852181,0.000266660740872,0.000288882469278,0.00344436790294,0.00273327259394,0.00011110864203,0.00188884691451,0.00173329481567,2.2221728406e-05,0.0,0.0,0.00157774271683,0.000533321481745,0.0,0.00162218617364,0.0,0.00317770716206,0.00335548098931,2.2221728406e-05,0.00417768494033,0.00215550765539,0.00388880247106,0.00231105975423,0.00548876691629,0.00457767605164,0.00306659852003,0.00433323703918,0.0022221728406,0.00393324592787,0.0033110375325,8.88869136241e-05,4.44434568121e-05,8.88869136241e-05,0.000933312593053,0.00364436345859,0.00482211506411,0.00275549432235,0.00377769382903,6.66651852181e-05,0.000177773827248,2.2221728406e-05,0.00195551209973,2.2221728406e-05,0.000133330370436,0.000488878024933,0.00359992000178,0.00451101086643,0.00011110864203,0.00011110864203,0.00464434123686,0.00395546765627,0.000355547654497,4.44434568121e-05,0.00242216839626,0.00246661185307,6.66651852181e-05,0.000666651852181,0.0,0.000288882469278,0.000177773827248,0.000155552098842,4.44434568121e-05,0.0,4.44434568121e-05,0.000399991111309
Gen 45
float_yankdup,integer_swap,vector_float_conj,vector_float_conc,vector_float_occurrencesof,vector_float_replacefirst,vector_float_rest,vector_float_p,vector_float_s,vector_float_r,vector_float_first,integer_fromfloat,vector_float_last,vector_float_d,float_sw,exec_yankd,vector_float_n,exec_do*tim,exec_yankdup,exec_yank,integer_mu,vector_float_remove,vector_float_fir,exec_do*vector_float,float_p,float_r,vector_float_stackdep,vector_float_dup,vector_float_subvec,float_i,exec_do*range,integer_yankd,float_m,integer_rot,float_a,float_c,float_d,integer_stackdep,float_s,vector_float_occurrences,exec_stackdepth,vector_float_swap,vector_float_reverse,float_stackdepth,float_max,exec_do*vector_flo,float_min,vector_float_rot,float_rot,exec_shove,vector_float_pushall,float_stackdep,float_sub,vector_float_sho,integer_div,integer_mult,integer_min,float_shove,integer_flush,float_inc,in1,integer_yank,integer_fromflo,vector_float_yankdup,float_ya,vector_float_butla,integer_sw,float_pop,exec_d,float_yankd,integer_max,exec_dup,exec_k,float_frominteger,float_mult,exec_noop,exec_p,exec_r,exec_s,vector_float_butlast,integer_flu,exec_y,float_mod,integer_ya,integer_yankdup,exec_stackdep,exec_do*ran,vector_float_index,vector_float_pop,exec_do*cou,vector_float_ta,vector_float_flu,float_add,exec_do*times,integer_shove,float_tan,vector_float_la,vector_float_indexof,float_sho,float_frominteg,integer_dup,vector_float_stackdepth,exec_sho,vector_float_replace,exec_swap,vector_float_rever,autoconstructive_integer_ra,exec_sw,integer_add,exec_flush,float_flu,float_cos,exec_flu,integer_mod,float_div,vector_float_leng,integer_inc,vector_float_yank,exec_rot,vector_float_flush,float_dec,vector_float_set,integer_pop,vector_float_shove,exec_pop,vector_float_take,vector_float_concat,vector_float_pusha,vector_float_ya,vector_float_remo,float_sin,autoconstructive_integer_rand,vector_float_length,exec_do*count,integer_sub,float_mu,exec_no,vector_float_re,float_dup,integer_r,integer_sho,vector_float_yankd,integer_stackdepth,integer_dec,exec,vector_float_replacefir,vector_float_nth,float_swap,vector_float_co,exec_ya,float_yank,float_flush,float_t,integer_d,integer_a,integer_m,integer_i,vector_float_subv,integer_s,integer_p,vector_float_repla,vector_float_sw
0.000913023629921,0.00728245038151,0.00208691115411,8.69546314211e-05,0.00293471881046,0.00284776417904,0.00180430860199,2.17386578553e-05,0.000152170604987,0.000130431947132,0.00232603639051,0.00336949196757,0.001652137997,4.34773157105e-05,8.69546314211e-05,0.000173909262842,0.000217386578553,0.000217386578553,0.0059781309102,0.00193474054912,2.17386578553e-05,0.00326079867829,4.34773157105e-05,0.00260863894263,2.17386578553e-05,0.000195647920697,0.000369557183539,0.00263037760049,0.00249994565336,0.000108693289276,0.00395643572966,0.0,0.00041303449925,0.00180430860199,8.69546314211e-05,4.34773157105e-05,0.000456511814961,0.000195647920697,0.000108693289276,0.000152170604987,0.00613030151518,0.00676072259299,0.00108693289276,0.00460859546532,0.00436947022891,2.17386578553e-05,0.00384774244038,0.00384774244038,0.00567378970022,0.00176083128628,0.0034999239147,0.000347818525684,0.00189126323341,0.000173909262842,0.00284776417904,0.00286950283689,0.0022825590748,0.00256516162692,0.000673898393513,0.00426077693963,0.00891284972066,0.00236951370622,0.0,0.00539118714811,0.000347818525684,8.69546314211e-05,0.000304341209974,0.00136953544488,4.34773157105e-05,8.69546314211e-05,0.00313036673116,0.00463033412317,0.00358687854612,0.00656507467229,0.00560857372666,0.00332601465186,8.69546314211e-05,4.34773157105e-05,0.00169561531271,0.00295645746832,0.0,0.0034999239147,0.00410860633464,0.0,0.00128258081346,0.000260863894263,4.34773157105e-05,0.0,0.00249994565336,4.34773157105e-05,0.000217386578553,2.17386578553e-05,0.00291298015261,0.000760853024934,0.00273907088976,0.00336949196757,2.17386578553e-05,0.000739114367079,0.000130431947132,0.000282602552118,0.00341296928328,0.00204343383839,0.000108693289276,0.00169561531271,0.00186952457555,4.34773157105e-05,8.69546314211e-05,0.0,0.00147822873416,0.000630421077803,2.17386578553e-05,0.00139127410274,0.0,0.00306515075759,0.00302167344188,0.000108693289276,0.00402165170322,0.00210864981196,0.00371731049325,0.00234777504837,0.00543466446382,0.00415208365036,0.00265211625834,0.00471728875459,0.00219560444338,0.00336949196757,0.00286950283689,0.0,4.34773157105e-05,0.000239125236408,0.000847807656355,0.00360861720397,0.00452164083389,0.00249994565336,0.00352166257255,6.52159735658e-05,0.000260863894263,4.34773157105e-05,0.00206517249625,6.52159735658e-05,0.000152170604987,0.000304341209974,0.00343470794113,0.00445642486033,8.69546314211e-05,4.34773157105e-05,0.00434773157105,0.00380426512467,0.000108693289276,2.17386578553e-05,0.00208691115411,0.00245646833764,6.52159735658e-05,0.000739114367079,2.17386578553e-05,0.000499989130671,0.000195647920697,0.000195647920697,0.000195647920697,0.0,4.34773157105e-05,0.000499989130671
Gen 46
float_yankdup,integer_swap,vector_float_conj,vector_float_conc,vector_float_occurrencesof,vector_float_replacefirst,vector_float_rest,vector_float_p,vector_float_s,vector_float_r,vector_float_first,integer_fromfloat,vector_float_last,vector_float_d,float_sw,exec_yankd,vector_float_n,exec_do*tim,exec_yankdup,exec_yank,integer_mu,vector_float_remove,vector_float_fir,exec_do*vector_float,float_p,float_r,vector_float_stackdep,vector_float_dup,vector_float_subvec,float_i,exec_do*range,integer_yankd,float_m,integer_rot,float_a,float_c,float_d,integer_stackdep,float_s,vector_float_occurrences,exec_stackdepth,vector_float_swap,vector_float_reverse,float_stackdepth,float_max,exec_do*vector_flo,float_min,vector_float_rot,float_rot,exec_shove,vector_float_pushall,float_stackdep,float_sub,vector_float_sho,integer_div,integer_mult,integer_min,float_shove,integer_flush,float_inc,in1,integer_yank,integer_fromflo,vector_float_yankdup,float_ya,vector_float_butla,integer_sw,float_pop,exec_d,float_yankd,integer_max,exec_dup,exec_k,float_frominteger,float_mult,exec_noop,exec_p,exec_r,exec_s,vector_float_butlast,integer_flu,exec_y,float_mod,integer_ya,integer_yankdup,exec_stackdep,exec_do*ran,vector_float_index,vector_float_pop,exec_do*cou,vector_float_ta,vector_float_flu,float_add,exec_do*times,integer_shove,float_tan,vector_float_la,vector_float_indexof,float_sho,float_frominteg,integer_dup,vector_float_stackdepth,exec_sho,vector_float_replace,exec_swap,vector_float_rever,autoconstructive_integer_ra,exec_sw,integer_add,exec_flush,float_flu,float_cos,exec_flu,integer_mod,float_div,vector_float_leng,integer_inc,vector_float_yank,exec_rot,vector_float_flush,float_dec,vector_float_set,integer_pop,vector_float_shove,exec_pop,vector_float_take,vector_float_concat,vector_float_pusha,vector_float_ya,vector_float_remo,float_sin,autoconstructive_integer_rand,vector_float_length,exec_do*count,integer_sub,float_mu,exec_no,vector_float_re,float_dup,integer_r,integer_sho,vector_float_yankd,integer_stackdepth,integer_dec,exec,vector_float_replacefir,vector_float_nth,float_swap,vector_float_co,exec_ya,float_yank,float_flush,float_t,integer_d,integer_a,integer_m,integer_i,vector_float_subv,integer_s,integer_p,vector_float_repla,vector_float_sw
0.000829769579371,0.006999851067,0.00246803259505,0.000106380715304,0.00317014531606,0.00293610774239,0.0015744345865,6.38284291824e-05,0.000127656858365,0.000148933001426,0.00238292802281,0.00376587732176,0.00240420416587,6.38284291824e-05,2.12761430608e-05,0.000106380715304,0.000382970575094,0.000106380715304,0.00608497691538,0.00242548030893,4.25522861216e-05,0.00331907831748,2.12761430608e-05,0.00238292802281,0.0,0.000319142145912,0.000361694432033,0.00299993617157,0.00261696559648,6.38284291824e-05,0.00406374332461,2.12761430608e-05,0.000319142145912,0.00195740516159,6.38284291824e-05,2.12761430608e-05,0.000340418288973,0.000319142145912,0.000255313716729,0.000319142145912,0.00644667134742,0.00717006021148,0.000936150294675,0.00440416161358,0.00429778089828,2.12761430608e-05,0.00334035446054,0.00419140018297,0.00572328248335,0.00212761430608,0.00308504074381,0.00027658985979,0.00251058488117,0.000127656858365,0.0026595178826,0.00355311589115,0.0020637858769,0.00261696559648,0.000851045722431,0.00438288547052,0.00893598008553,0.00221271887832,4.25522861216e-05,0.00546796876662,0.000319142145912,8.51045722431e-05,0.000319142145912,0.00142550158507,0.0,2.12761430608e-05,0.00310631688687,0.00476585604562,0.00361694432033,0.00708495563924,0.0054254164805,0.00323397374524,8.51045722431e-05,8.51045722431e-05,0.00170209144486,0.00329780217442,2.12761430608e-05,0.00372332503564,0.00419140018297,8.51045722431e-05,0.00138294929895,0.000255313716729,4.25522861216e-05,2.12761430608e-05,0.00199995744771,4.25522861216e-05,0.000234037573669,4.25522861216e-05,0.00304248845769,0.000617008148763,0.00329780217442,0.00338290674666,2.12761430608e-05,0.000489351290398,0.000234037573669,0.000340418288973,0.00348928746197,0.00229782345056,0.000106380715304,0.00231909959363,0.00165953915874,2.12761430608e-05,6.38284291824e-05,4.25522861216e-05,0.00165953915874,0.000744665007128,4.25522861216e-05,0.00182974830323,2.12761430608e-05,0.00331907831748,0.00329780217442,8.51045722431e-05,0.00472330375949,0.00231909959363,0.00378715346482,0.00263824173954,0.00572328248335,0.00438288547052,0.00295738388545,0.00472330375949,0.00246803259505,0.00395736260931,0.00319142145912,4.25522861216e-05,0.0,0.000106380715304,0.00053190357652,0.00382970575094,0.00474457990256,0.00248930873811,0.00399991489543,6.38284291824e-05,0.000148933001426,2.12761430608e-05,0.00199995744771,6.38284291824e-05,0.000148933001426,0.000340418288973,0.00357439203421,0.00440416161358,0.000234037573669,4.25522861216e-05,0.0048296844748,0.00395736260931,0.000255313716729,8.51045722431e-05,0.00259568945342,0.00225527116444,4.25522861216e-05,0.000446799004277,6.38284291824e-05,0.000404246718155,8.51045722431e-05,0.000212761430608,0.000148933001426,0.000106380715304,2.12761430608e-05,0.000404246718155
Gen 47
float_yankdup,integer_swap,vector_float_conj,vector_float_conc,vector_float_occurrencesof,vector_float_replacefirst,vector_float_rest,vector_float_p,vector_float_s,vector_float_r,vector_float_first,integer_fromfloat,vector_float_last,vector_float_d,float_sw,exec_yankd,vector_float_n,exec_do*tim,exec_yankdup,exec_yank,integer_mu,vector_float_remove,vector_float_fir,exec_do*vector_float,float_p,float_r,vector_float_stackdep,vector_float_dup,vector_float_subvec,float_i,exec_do*range,integer_yankd,float_m,integer_rot,float_a,float_c,float_d,integer_stackdep,float_s,vector_float_occurrences,exec_stackdepth,vector_float_swap,vector_float_reverse,float_stackdepth,float_max,exec_do*vector_flo,float_min,vector_float_rot,float_rot,exec_shove,vector_float_pushall,float_stackdep,float_sub,vector_float_sho,integer_div,integer_mult,integer_min,float_shove,integer_flush,float_inc,in1,integer_yank,integer_fromflo,vector_float_yankdup,float_ya,vector_float_butla,integer_sw,float_pop,exec_d,float_yankd,integer_max,exec_dup,exec_k,float_frominteger,float_mult,exec_noop,exec_p,exec_r,exec_s,vector_float_butlast,integer_flu,exec_y,float_mod,integer_ya,integer_yankdup,exec_stackdep,exec_do*ran,vector_float_index,vector_float_pop,exec_do*cou,vector_float_ta,vector_float_flu,float_add,exec_do*times,integer_shove,float_tan,vector_float_la,vector_float_indexof,float_sho,float_frominteg,integer_dup,vector_float_stackdepth,exec_sho,vector_float_replace,exec_swap,vector_float_rever,autoconstructive_integer_ra,exec_sw,integer_add,exec_flush,float_flu,float_cos,exec_flu,integer_mod,float_div,vector_float_leng,integer_inc,vector_float_yank,exec_rot,vector_float_flush,float_dec,vector_float_set,integer_pop,vector_float_shove,exec_pop,vector_float_take,vector_float_concat,vector_float_pusha,vector_float_ya,vector_float_remo,float_sin,autoconstructive_integer_rand,vector_float_length,exec_do*count,integer_sub,float_mu,exec_no,vector_float_re,float_dup,integer_r,integer_sho,vector_float_yankd,integer_stackdepth,integer_dec,exec,vector_float_replacefir,vector_float_nth,float_swap,vector_float_co,exec_ya,float_yank,float_flush,float_t,integer_d,integer_a,integer_m,integer_i,vector_float_subv,integer_s,integer_p,vector_float_repla,vector_float_sw
0.00137497135476,0.00664569488136,0.0019999583342,6.24986979438e-05,0.00252078081707,0.00262494531364,0.00174996354243,4.16657986292e-05,0.000187496093831,0.000187496093831,0.00229161892461,0.00349992708485,0.00166663194517,8.33315972584e-05,0.000104164496573,0.000208328993146,0.000395825086977,4.16657986292e-05,0.00591654340535,0.001854128039,0.0,0.00287494010541,0.0,0.00224995312598,0.0,0.000229161892461,0.000208328993146,0.00281244140747,0.0021457886294,8.33315972584e-05,0.00372908897731,4.16657986292e-05,0.000333326389034,0.00181246224037,0.000187496093831,0.0,0.000458323784921,0.000187496093831,0.000291660590404,8.33315972584e-05,0.00572904731151,0.00572904731151,0.000624986979438,0.00389575217183,0.00327076519239,6.24986979438e-05,0.00349992708485,0.00358325868211,0.0047082352451,0.00181246224037,0.00306243619925,0.000333326389034,0.00204162413283,0.000312493489719,0.00237495052186,0.00287494010541,0.00220828732735,0.00258327951501,0.000729151476011,0.00429157725881,0.00891648090665,0.00187496093831,4.16657986292e-05,0.00481239974167,0.000374992187663,4.16657986292e-05,0.000208328993146,0.00137497135476,2.08328993146e-05,6.24986979438e-05,0.00264577821295,0.00429157725881,0.00302077040062,0.00608320659986,0.00522905772796,0.00297910460199,2.08328993146e-05,0.000104164496573,0.00131247265682,0.00243744921981,0.0,0.00377075477594,0.003708256078,8.33315972584e-05,0.00124997395888,0.000166663194517,6.24986979438e-05,0.0,0.00208328993146,8.33315972584e-05,0.000187496093831,4.16657986292e-05,0.00247911501844,0.000520822482865,0.00318743359513,0.00322909939376,0.0,0.000520822482865,0.000166663194517,0.000333326389034,0.00329159809171,0.00166663194517,6.24986979438e-05,0.00191662673694,0.00168746484448,0.0,2.08328993146e-05,0.0,0.00177079644174,0.000624986979438,4.16657986292e-05,0.00168746484448,0.0,0.00277077560884,0.00306243619925,0.000104164496573,0.00422907856086,0.00218745442803,0.00329159809171,0.00291660590404,0.00481239974167,0.00329159809171,0.00229161892461,0.00468740234578,0.00202079123352,0.00360409158143,0.00279160850816,2.08328993146e-05,2.08328993146e-05,6.24986979438e-05,0.000687485677382,0.00393741797046,0.00462490364784,0.00239578342118,0.00349992708485,8.33315972584e-05,0.000124997395888,4.16657986292e-05,0.00168746484448,0.0,0.000312493489719,0.000145830295202,0.00308326909856,0.00404158246703,0.000104164496573,4.16657986292e-05,0.00416657986292,0.00337492968896,0.000124997395888,0.000145830295202,0.00239578342118,0.00204162413283,4.16657986292e-05,0.000562488281494,2.08328993146e-05,0.000354159288348,0.000187496093831,0.000124997395888,8.33315972584e-05,2.08328993146e-05,2.08328993146e-05,0.000708318576696
Gen 48
float_yankdup,integer_swap,vector_float_conj,vector_float_conc,vector_float_occurrencesof,vector_float_replacefirst,vector_float_rest,vector_float_p,vector_float_s,vector_float_r,vector_float_first,integer_fromfloat,vector_float_last,vector_float_d,float_sw,exec_yankd,vector_float_n,exec_do*tim,exec_yankdup,exec_yank,integer_mu,vector_float_remove,vector_float_fir,exec_do*vector_float,float_p,float_r,vector_float_stackdep,vector_float_dup,vector_float_subvec,float_i,exec_do*range,integer_yankd,float_m,integer_rot,float_a,float_c,float_d,integer_stackdep,float_s,vector_float_occurrences,exec_stackdepth,vector_float_swap,vector_float_reverse,float_stackdepth,float_max,exec_do*vector_flo,float_min,vector_float_rot,float_rot,exec_shove,vector_float_pushall,float_stackdep,float_sub,vector_float_sho,integer_div,integer_mult,integer_min,float_shove,integer_flush,float_inc,in1,integer_yank,integer_fromflo,vector_float_yankdup,float_ya,vector_float_butla,integer_sw,float_pop,exec_d,float_yankd,integer_max,exec_dup,exec_k,float_frominteger,float_mult,exec_noop,exec_p,exec_r,exec_s,vector_float_butlast,integer_flu,exec_y,float_mod,integer_ya,integer_yankdup,exec_stackdep,exec_do*ran,vector_float_index,vector_float_pop,exec_do*cou,vector_float_ta,vector_float_flu,float_add,exec_do*times,integer_shove,float_tan,vector_float_la,vector_float_indexof,float_sho,float_frominteg,integer_dup,vector_float_stackdepth,exec_sho,vector_float_replace,exec_swap,vector_float_rever,autoconstructive_integer_ra,exec_sw,integer_add,exec_flush,float_flu,float_cos,exec_flu,integer_mod,float_div,vector_float_leng,integer_inc,vector_float_yank,exec_rot,vector_float_flush,float_dec,vector_float_set,integer_pop,vector_float_shove,exec_pop,vector_float_take,vector_float_concat,vector_float_pusha,vector_float_ya,vector_float_remo,float_sin,autoconstructive_integer_rand,vector_float_length,exec_do*count,integer_sub,float_mu,exec_no,vector_float_re,float_dup,integer_r,integer_sho,vector_float_yankd,integer_stackdepth,integer_dec,exec,vector_float_replacefir,vector_float_nth,float_swap,vector_float_co,exec_ya,float_yank,float_flush,float_t,integer_d,integer_a,integer_m,integer_i,vector_float_subv,integer_s,integer_p,vector_float_repla,vector_float_sw
0.00153058100855,0.00622436276811,0.00238770637334,0.000102038733903,0.00297953102998,0.00248974510724,0.00171425072958,0.0,0.000265300708149,0.000142854227465,0.002326483133,0.00318360849779,0.0018979204506,6.1223240342e-05,0.0,0.000183669721026,0.000244892961368,4.08154935614e-05,0.00569376135181,0.00187751270382,2.04077467807e-05,0.00291830778964,2.04077467807e-05,0.00177547396992,2.04077467807e-05,0.000142854227465,0.000224485214587,0.0030611620171,0.00224485214587,8.16309871227e-05,0.00393869512867,2.04077467807e-05,0.00030611620171,0.00151017326177,0.000102038733903,2.04077467807e-05,0.000469378175956,0.000142854227465,0.00030611620171,0.000285708454929,0.00599987755352,0.00585702332605,0.0011632415665,0.00385706414155,0.00346931695272,4.08154935614e-05,0.00336727821881,0.00365298667374,0.00481622824024,0.00206118242485,0.00304075427032,0.000346931695272,0.00212240566519,0.000224485214587,0.00220403665231,0.00283667680251,0.00161221199567,0.00277545356217,0.000510193669517,0.0041223648497,0.00881614660925,0.00210199791841,0.000224485214587,0.00497949021449,0.000224485214587,0.0,0.000204077467807,0.00122446480684,4.08154935614e-05,6.1223240342e-05,0.00275504581539,0.00397951062223,0.00332646272525,0.00624477051489,0.00555090712434,0.00248974510724,2.04077467807e-05,0.0,0.00155098875533,0.00255096834758,0.0,0.00361217118018,0.00391828738189,0.000326523948491,0.00110201832616,0.000367339442052,0.0,4.08154935614e-05,0.00142854227465,6.1223240342e-05,0.000122446480684,2.04077467807e-05,0.00277545356217,0.000632640150201,0.00320401624457,0.00269382257505,0.0,0.000510193669517,6.1223240342e-05,0.000387747188833,0.00324483173813,0.0017958817167,2.04077467807e-05,0.00246933736046,0.00146935776821,0.0,4.08154935614e-05,4.08154935614e-05,0.00193873594416,0.000571416909859,4.08154935614e-05,0.00167343523602,2.04077467807e-05,0.0025305606008,0.00304075427032,0.000102038733903,0.0043264423175,0.00220403665231,0.00293871553642,0.00273463806861,0.00514275218873,0.00379584090121,0.00234689087978,0.00438766555785,0.00220403665231,0.00393869512867,0.00302034652354,2.04077467807e-05,0.0,0.000142854227465,0.000857125364788,0.00404073386257,0.00499989796127,0.00204077467807,0.00383665639477,0.000122446480684,0.000163261974245,0.0,0.00177547396992,0.0,0.000122446480684,0.000163261974245,0.00357135568662,0.00387747188833,8.16309871227e-05,6.1223240342e-05,0.00414277259648,0.00377543315443,0.000367339442052,6.1223240342e-05,0.0024285218669,0.00267341482827,0.000224485214587,0.000326523948491,6.1223240342e-05,0.000326523948491,0.00030611620171,0.000122446480684,0.0,6.1223240342e-05,0.0,0.000551009163078
Gen 49
float_yankdup,integer_swap,vector_float_conj,vector_float_conc,vector_float_occurrencesof,vector_float_replacefirst,vector_float_rest,vector_float_p,vector_float_s,vector_float_r,vector_float_first,integer_fromfloat,vector_float_last,vector_float_d,float_sw,exec_yankd,vector_float_n,exec_do*tim,exec_yankdup,exec_yank,integer_mu,vector_float_remove,vector_float_fir,exec_do*vector_float,float_p,float_r,vector_float_stackdep,vector_float_dup,vector_float_subvec,float_i,exec_do*range,integer_yankd,float_m,integer_rot,float_a,float_c,float_d,integer_stackdep,float_s,vector_float_occurrences,exec_stackdepth,vector_float_swap,vector_float_reverse,float_stackdepth,float_max,exec_do*vector_flo,float_min,vector_float_rot,float_rot,exec_shove,vector_float_pushall,float_stackdep,float_sub,vector_float_sho,integer_div,integer_mult,integer_min,float_shove,integer_flush,float_inc,in1,integer_yank,integer_fromflo,vector_float_yankdup,float_ya,vector_float_butla,integer_sw,float_pop,exec_d,float_yankd,integer_max,exec_dup,exec_k,float_frominteger,float_mult,exec_noop,exec_p,exec_r,exec_s,vector_float_butlast,integer_flu,exec_y,float_mod,integer_ya,integer_yankdup,exec_stackdep,exec_do*ran,vector_float_index,vector_float_pop,exec_do*cou,vector_float_ta,vector_float_flu,float_add,exec_do*times,integer_shove,float_tan,vector_float_la,vector_float_indexof,float_sho,float_frominteg,integer_dup,vector_float_stackdepth,exec_sho,vector_float_replace,exec_swap,vector_float_rever,autoconstructive_integer_ra,exec_sw,integer_add,exec_flush,float_flu,float_cos,exec_flu,integer_mod,float_div,vector_float_leng,integer_inc,vector_float_yank,exec_rot,vector_float_flush,float_dec,vector_float_set,integer_pop,vector_float_shove,exec_pop,vector_float_take,vector_float_concat,vector_float_pusha,vector_float_ya,vector_float_remo,float_sin,autoconstructive_integer_rand,vector_float_length,exec_do*count,integer_sub,float_mu,exec_no,vector_float_re,float_dup,integer_r,integer_sho,vector_float_yankd,integer_stackdepth,integer_dec,exec,vector_float_replacefir,vector_float_nth,float_swap,vector_float_co,exec_ya,float_yank,float_flush,float_t,integer_d,integer_a,integer_m,integer_i,vector_float_subv,integer_s,integer_p,vector_float_repla,vector_float_sw
0.00105997880042,0.00595988080238,0.00215995680086,3.9999200016e-05,0.00293994120118,0.0019999600008,0.00183996320074,1.9999600008e-05,0.000179996400072,9.999800004e-05,0.00193996120078,0.00287994240115,0.00139997200056,9.999800004e-05,5.9998800024e-05,0.000239995200096,0.000419991600168,0.0,0.0052598948021,0.00163996720066,9.999800004e-05,0.00207995840083,5.9998800024e-05,0.00217995640087,0.0,0.000139997200056,0.000279994400112,0.00261994760105,0.00207995840083,5.9998800024e-05,0.00301993960121,0.0,0.000279994400112,0.00105997880042,0.0,3.9999200016e-05,0.000239995200096,0.000239995200096,0.000219995600088,0.000139997200056,0.0059998800024,0.00545989080218,0.000939981200376,0.00313993720126,0.00265994680106,0.000119997600048,0.00307993840123,0.00315993680126,0.00465990680186,0.00153996920062,0.00303993920122,0.000379992400152,0.00179996400072,0.000259994800104,0.00207995840083,0.00251994960101,0.00135997280054,0.00255994880102,0.0004999900002,0.00347993040139,0.00831983360333,0.00195996080078,0.00019999600008,0.00437991240175,0.000259994800104,1.9999600008e-05,3.9999200016e-05,0.000759984800304,5.9998800024e-05,0.000119997600048,0.00271994560109,0.00345993080138,0.00293994120118,0.00607987840243,0.00487990240195,0.00219995600088,7.9998400032e-05,1.9999600008e-05,0.0012599748005,0.00237995240095,1.9999600008e-05,0.00361992760145,0.00357992840143,0.00029999400012,0.00109997800044,0.000339993200136,3.9999200016e-05,1.9999600008e-05,0.00143997120058,3.9999200016e-05,7.9998400032e-05,3.9999200016e-05,0.00195996080078,0.000719985600288,0.00217995640087,0.0027399452011,1.9999600008e-05,0.000439991200176,5.9998800024e-05,0.000519989600208,0.0027399452011,0.00177996440071,7.9998400032e-05,0.00237995240095,0.0017399652007,3.9999200016e-05,0.0,5.9998800024e-05,0.00143997120058,0.000579988400232,0.0,0.00153996920062,3.9999200016e-05,0.00283994320114,0.00277994440111,0.000239995200096,0.00413991720166,0.0017399652007,0.00261994760105,0.00277994440111,0.00485990280194,0.00333993320134,0.00191996160077,0.00365992680146,0.00205995880082,0.00301993960121,0.00255994880102,0.000179996400072,1.9999600008e-05,9.999800004e-05,0.000459990800184,0.0037399252015,0.00453990920182,0.00197996040079,0.00351992960141,0.000119997600048,0.000119997600048,3.9999200016e-05,0.00157996840063,0.0,0.000159996800064,0.000119997600048,0.00301993960121,0.00335993280134,7.9998400032e-05,0.000139997200056,0.00335993280134,0.00319993600128,0.00019999600008,3.9999200016e-05,0.0022599548009,0.00237995240095,0.000119997600048,0.000259994800104,7.9998400032e-05,0.000279994400112,0.000239995200096,9.999800004e-05,1.9999600008e-05,7.9998400032e-05,3.9999200016e-05,0.00029999400012
Gen 50
float_yankdup,integer_swap,vector_float_conj,vector_float_conc,vector_float_occurrencesof,vector_float_replacefirst,vector_float_rest,vector_float_p,vector_float_s,vector_float_r,vector_float_first,integer_fromfloat,vector_float_last,vector_float_d,float_sw,exec_yankd,vector_float_n,exec_do*tim,exec_yankdup,exec_yank,integer_mu,vector_float_remove,vector_float_fir,exec_do*vector_float,float_p,float_r,vector_float_stackdep,vector_float_dup,vector_float_subvec,float_i,exec_do*range,integer_yankd,float_m,integer_rot,float_a,float_c,float_d,integer_stackdep,float_s,vector_float_occurrences,exec_stackdepth,vector_float_swap,vector_float_reverse,float_stackdepth,float_max,exec_do*vector_flo,float_min,vector_float_rot,float_rot,exec_shove,vector_float_pushall,float_stackdep,float_sub,vector_float_sho,integer_div,integer_mult,integer_min,float_shove,integer_flush,float_inc,in1,integer_yank,integer_fromflo,vector_float_yankdup,float_ya,vector_float_butla,integer_sw,float_pop,exec_d,float_yankd,integer_max,exec_dup,exec_k,float_frominteger,float_mult,exec_noop,exec_p,exec_r,exec_s,vector_float_butlast,integer_flu,exec_y,float_mod,integer_ya,integer_yankdup,exec_stackdep,exec_do*ran,vector_float_index,vector_float_pop,exec_do*cou,vector_float_ta,vector_float_flu,float_add,exec_do*times,integer_shove,float_tan,vector_float_la,vector_float_indexof,float_sho,float_frominteg,integer_dup,vector_float_stackdepth,exec_sho,vector_float_replace,exec_swap,vector_float_rever,autoconstructive_integer_ra,exec_sw,integer_add,exec_flush,float_flu,float_cos,exec_flu,integer_mod,float_div,vector_float_leng,integer_inc,vector_float_yank,exec_rot,vector_float_flush,float_dec,vector_float_set,integer_pop,vector_float_shove,exec_pop,vector_float_take,vector_float_concat,vector_float_pusha,vector_float_ya,vector_float_remo,float_sin,autoconstructive_integer_rand,vector_float_length,exec_do*count,integer_sub,float_mu,exec_no,vector_float_re,float_dup,integer_r,integer_sho,vector_float_yankd,integer_stackdepth,integer_dec,exec,vector_float_replacefir,vector_float_nth,float_swap,vector_float_co,exec_ya,float_yank,float_flush,float_t,integer_d,integer_a,integer_m,integer_i,vector_float_subv,integer_s,integer_p,vector_float_repla,vector_float_sw
0.0010391953099,0.00629399423541,0.00227446520656,3.92149173546e-05,0.00305876355366,0.00229407266524,0.00184310111566,1.96074586773e-05,9.80372933864e-05,0.000156859669418,0.00203917570244,0.00329405305778,0.00162741907021,7.84298347091e-05,9.80372933864e-05,0.000254896962805,0.000333326797514,1.96074586773e-05,0.00503911688006,0.00160781161154,9.80372933864e-05,0.00292151134291,5.88223760318e-05,0.00207839061979,0.0,0.000137252210741,9.80372933864e-05,0.00250975471069,0.00199996078508,7.84298347091e-05,0.00329405305778,0.0,0.000352934256191,0.00156859669418,5.88223760318e-05,3.92149173546e-05,0.000333326797514,9.80372933864e-05,0.000137252210741,0.00021568204545,0.00607831218996,0.00584302268583,0.00111762514461,0.00343130526852,0.00313719338836,0.000156859669418,0.00333326797514,0.00329405305778,0.00486264975197,0.00178427873963,0.00305876355366,0.000235289504127,0.00184310111566,0.000274504421482,0.00205878316111,0.00243132487598,0.00152938177683,0.00219603537186,0.000352934256191,0.00372541714868,0.00782337601224,0.00201956824376,0.000196074586773,0.00454893041313,0.000156859669418,1.96074586773e-05,0.000137252210741,0.000980372933864,3.92149173546e-05,5.88223760318e-05,0.00256857708672,0.00354895002059,0.00290190388424,0.00639203152879,0.00511754671477,0.00227446520656,0.0,1.96074586773e-05,0.00137252210741,0.00288229642556,0.0,0.00401952902884,0.00380384698339,0.000372541714868,0.00105880276857,0.000450971549577,7.84298347091e-05,0.0,0.00141173702476,7.84298347091e-05,3.92149173546e-05,1.96074586773e-05,0.00235289504127,0.000549008842964,0.00286268896688,0.0025881845454,1.96074586773e-05,0.000666653595028,5.88223760318e-05,0.000294111880159,0.00307837101233,0.00188231603302,7.84298347091e-05,0.00199996078508,0.00152938177683,1.96074586773e-05,5.88223760318e-05,3.92149173546e-05,0.00145095194212,0.000490186466932,1.96074586773e-05,0.00127448481402,0.0,0.00241171741731,0.00264700692143,9.80372933864e-05,0.00441167820239,0.00188231603302,0.00296072626027,0.00349012764456,0.00476461245858,0.00360777239662,0.00221564283053,0.00376463206604,0.00205878316111,0.00315680084704,0.00241171741731,1.96074586773e-05,0.0,0.0,0.000588223760318,0.00409795886355,0.00447050057842,0.00170584890492,0.0036273798553,9.80372933864e-05,7.84298347091e-05,3.92149173546e-05,0.0019019234917,1.96074586773e-05,0.000176467128096,0.000235289504127,0.00299994117762,0.00339209035117,0.000196074586773,0.000294111880159,0.00354895002059,0.00358816493794,0.000294111880159,0.0,0.00229407266524,0.00243132487598,9.80372933864e-05,0.0004313640909,3.92149173546e-05,0.000294111880159,0.000176467128096,3.92149173546e-05,3.92149173546e-05,1.96074586773e-05,5.88223760318e-05,0.000333326797514
Gen 51
float_yankdup,integer_swap,vector_float_conj,vector_float_conc,vector_float_occurrencesof,vector_float_replacefirst,vector_float_rest,vector_float_p,vector_float_s,vector_float_r,vector_float_first,integer_fromfloat,vector_float_last,vector_float_d,float_sw,exec_yankd,vector_float_n,exec_do*tim,exec_yankdup,exec_yank,integer_mu,vector_float_remove,vector_float_fir,exec_do*vector_float,float_p,float_r,vector_float_stackdep,vector_float_dup,vector_float_subvec,float_i,exec_do*range,integer_yankd,float_m,integer_rot,float_a,float_c,float_d,integer_stackdep,float_s,vector_float_occurrences,exec_stackdepth,vector_float_swap,vector_float_reverse,float_stackdepth,float_max,exec_do*vector_flo,float_min,vector_float_rot,float_rot,exec_shove,vector_float_pushall,float_stackdep,float_sub,vector_float_sho,integer_div,integer_mult,integer_min,float_shove,integer_flush,float_inc,in1,integer_yank,integer_fromflo,vector_float_yankdup,float_ya,vector_float_butla,integer_sw,float_pop,exec_d,float_yankd,integer_max,exec_dup,exec_k,float_frominteger,float_mult,exec_noop,exec_p,exec_r,exec_s,vector_float_butlast,integer_flu,exec_y,float_mod,integer_ya,integer_yankdup,exec_stackdep,exec_do*ran,vector_float_index,vector_float_pop,exec_do*cou,vector_float_ta,vector_float_flu,float_add,exec_do*times,integer_shove,float_tan,vector_float_la,vector_float_indexof,float_sho,float_frominteg,integer_dup,vector_float_stackdepth,exec_sho,vector_float_replace,exec_swap,vector_float_rever,autoconstructive_integer_ra,exec_sw,integer_add,exec_flush,float_flu,float_cos,exec_flu,integer_mod,float_div,vector_float_leng,integer_inc,vector_float_yank,exec_rot,vector_float_flush,float_dec,vector_float_set,integer_pop,vector_float_shove,exec_pop,vector_float_take,vector_float_concat,vector_float_pusha,vector_float_ya,vector_float_remo,float_sin,autoconstructive_integer_rand,vector_float_length,exec_do*count,integer_sub,float_mu,exec_no,vector_float_re,float_dup,integer_r,integer_sho,vector_float_yankd,integer_stackdepth,integer_dec,exec,vector_float_replacefir,vector_float_nth,float_swap,vector_float_co,exec_ya,float_yank,float_flush,float_t,integer_d,integer_a,integer_m,integer_i,vector_float_subv,integer_s,integer_p,vector_float_repla,vector_float_sw
0.000903828772524,0.00601911501702,0.00213457433511,7.69215976616e-05,0.00317301590354,0.00234610872868,0.00184611834388,0.0,0.000173073594739,0.000115382396492,0.00198073113979,0.00326916790062,0.00136535835849,3.84607988308e-05,7.69215976616e-05,0.000326916790062,0.000269225591816,3.84607988308e-05,0.00436530066729,0.00173073594739,0.000153843195323,0.00230764792985,1.92303994154e-05,0.00213457433511,3.84607988308e-05,0.000230764792985,0.0002499951924,0.00228841753043,0.00180765754505,0.000115382396492,0.00311532470529,0.0,0.000307686390646,0.00126920636142,0.0,0.0,0.000423068787139,9.6151997077e-05,0.000153843195323,0.000211534393569,0.00578835022403,0.00588450222111,0.00105767196785,0.00292302071114,0.00286532951289,9.6151997077e-05,0.00301917270822,0.0032499375012,0.00484606065268,0.00167304474914,0.00323070710179,0.000288455991231,0.00194227034095,0.000173073594739,0.00213457433511,0.00261533432049,0.00134612795908,0.00234610872868,0.000269225591816,0.00319224630296,0.0079998461568,0.00203842233803,9.6151997077e-05,0.00448068306379,9.6151997077e-05,7.69215976616e-05,5.76911982462e-05,0.00103844156843,3.84607988308e-05,1.92303994154e-05,0.00246149112517,0.00301917270822,0.00332685909886,0.00619218861176,0.00482683025326,0.0022499567316,5.76911982462e-05,1.92303994154e-05,0.00115382396492,0.00255764312225,0.0,0.00369223668776,0.00384607988308,0.000365377588893,0.00130766716025,0.000288455991231,5.76911982462e-05,1.92303994154e-05,0.00096151997077,5.76911982462e-05,0.000153843195323,5.76911982462e-05,0.00209611353628,0.00071152477837,0.00221149593277,0.00205765273745,7.69215976616e-05,0.000576911982462,5.76911982462e-05,0.000346147189477,0.00294225111056,0.00155766235265,0.000115382396492,0.00221149593277,0.0017499663468,1.92303994154e-05,0.0,0.0,0.00182688794446,0.000403838387723,1.92303994154e-05,0.00123074556259,0.0,0.00276917751582,0.00273071671699,0.000153843195323,0.00419222707256,0.00167304474914,0.00223072633219,0.00305763350705,0.00476913905502,0.00305763350705,0.00178842714563,0.00344224149536,0.00207688313686,0.00294225111056,0.00253841272283,0.0,1.92303994154e-05,3.84607988308e-05,0.000634603180708,0.00380761908425,0.00455760466145,0.00173073594739,0.00338455029711,7.69215976616e-05,0.000153843195323,0.0,0.00173073594739,0.0,0.000115382396492,0.0002499951924,0.00292302071114,0.00342301109594,0.000153843195323,0.000134612795908,0.00338455029711,0.00338455029711,0.000346147189477,3.84607988308e-05,0.00232687832926,0.00242303032634,9.6151997077e-05,0.000307686390646,1.92303994154e-05,0.000403838387723,0.000153843195323,5.76911982462e-05,5.76911982462e-05,5.76911982462e-05,0.0,0.000230764792985
Gen 52
float_yankdup,integer_swap,vector_float_conj,vector_float_conc,vector_float_occurrencesof,vector_float_replacefirst,vector_float_rest,vector_float_p,vector_float_s,vector_float_r,vector_float_first,integer_fromfloat,vector_float_last,vector_float_d,float_sw,exec_yankd,vector_float_n,exec_do*tim,exec_yankdup,exec_yank,integer_mu,vector_float_remove,vector_float_fir,exec_do*vector_float,float_p,float_r,vector_float_stackdep,vector_float_dup,vector_float_subvec,float_i,exec_do*range,integer_yankd,float_m,integer_rot,float_a,float_c,float_d,integer_stackdep,float_s,vector_float_occurrences,exec_stackdepth,vector_float_swap,vector_float_reverse,float_stackdepth,float_max,exec_do*vector_flo,float_min,vector_float_rot,float_rot,exec_shove,vector_float_pushall,float_stackdep,float_sub,vector_float_sho,integer_div,integer_mult,integer_min,float_shove,integer_flush,float_inc,in1,integer_yank,integer_fromflo,vector_float_yankdup,float_ya,vector_float_butla,integer_sw,float_pop,exec_d,float_yankd,integer_max,exec_dup,exec_k,float_frominteger,float_mult,exec_noop,exec_p,exec_r,exec_s,vector_float_butlast,integer_flu,exec_y,float_mod,integer_ya,integer_yankdup,exec_stackdep,exec_do*ran,vector_float_index,vector_float_pop,exec_do*cou,vector_float_ta,vector_float_flu,float_add,exec_do*times,integer_shove,float_tan,vector_float_la,vector_float_indexof,float_sho,float_frominteg,integer_dup,vector_float_stackdepth,exec_sho,vector_float_replace,exec_swap,vector_float_rever,autoconstructive_integer_ra,exec_sw,integer_add,exec_flush,float_flu,float_cos,exec_flu,integer_mod,float_div,vector_float_leng,integer_inc,vector_float_yank,exec_rot,vector_float_flush,float_dec,vector_float_set,integer_pop,vector_float_shove,exec_pop,vector_float_take,vector_float_concat,vector_float_pusha,vector_float_ya,vector_float_remo,float_sin,autoconstructive_integer_rand,vector_float_length,exec_do*count,integer_sub,float_mu,exec_no,vector_float_re,float_dup,integer_r,integer_sho,vector_float_yankd,integer_stackdepth,integer_dec,exec,vector_float_replacefir,vector_float_nth,float_swap,vector_float_co,exec_ya,float_yank,float_flush,float_t,integer_d,integer_a,integer_m,integer_i,vector_float_subv,integer_s,integer_p,vector_float_repla,vector_float_sw
0.000509424350484,0.00545272730703,0.00207543253901,9.43378426822e-05,0.00301881096583,0.00213203524462,0.00169808116828,3.77351370729e-05,0.000169808116828,0.000132072979755,0.00224524065584,0.0030565461029,0.00133959736609,5.66027056093e-05,5.66027056093e-05,0.000150940548292,0.000169808116828,5.66027056093e-05,0.00371691100168,0.0016037433256,0.000113205411219,0.00184902171657,1.88675685364e-05,0.0022263730873,0.0,0.000113205411219,0.00026414595951,0.00233957849852,0.00149053791438,0.0,0.00241504877266,1.88675685364e-05,0.000301881096583,0.00115092168072,1.88675685364e-05,1.88675685364e-05,0.000188675685364,3.77351370729e-05,0.000245278390974,5.66027056093e-05,0.00535838946435,0.00562253542386,0.00111318654365,0.00260372445803,0.00266032716364,5.66027056093e-05,0.003622573159,0.00266032716364,0.00452821644875,0.00145280277731,0.00328295692534,0.000339616233656,0.00198109469633,9.43378426822e-05,0.00198109469633,0.00230184336145,0.0010377162695,0.00216977038169,0.000245278390974,0.00316975151412,0.00677345710458,0.0020188298334,0.000132072979755,0.00413199750948,3.77351370729e-05,1.88675685364e-05,5.66027056093e-05,0.000924510858286,1.88675685364e-05,0.0,0.00224524065584,0.00281126771193,0.00335842719949,0.00571687326654,0.00462255429143,0.00215090281315,1.88675685364e-05,1.88675685364e-05,0.0010377162695,0.00233957849852,1.88675685364e-05,0.00324522178827,0.00315088394559,0.000377351370729,0.0011886568178,0.000283013528047,3.77351370729e-05,1.88675685364e-05,0.00116978924926,3.77351370729e-05,3.77351370729e-05,3.77351370729e-05,0.00211316767608,0.000943378426822,0.00216977038169,0.00205656497047,7.54702741458e-05,0.000377351370729,3.77351370729e-05,0.000415086507802,0.00252825418388,0.00126412709194,5.66027056093e-05,0.00205656497047,0.00173581630535,3.77351370729e-05,1.88675685364e-05,1.88675685364e-05,0.0018112865795,0.000566027056093,9.43378426822e-05,0.0011886568178,0.0,0.00266032716364,0.00252825418388,0.000169808116828,0.0042452029207,0.00145280277731,0.00233957849852,0.00311314880851,0.00432067319485,0.00275466500632,0.00175468387389,0.00286787041754,0.00137733250316,0.00283013528047,0.00247165147827,1.88675685364e-05,3.77351370729e-05,0.0,0.000471689213411,0.00398105696119,0.00415086507802,0.0013962000717,0.00307541367144,5.66027056093e-05,3.77351370729e-05,0.0,0.00184902171657,3.77351370729e-05,0.000132072979755,0.000283013528047,0.00324522178827,0.00311314880851,0.000377351370729,7.54702741458e-05,0.00296220826022,0.00333955963095,0.000377351370729,5.66027056093e-05,0.00215090281315,0.00224524065584,0.000169808116828,0.000245278390974,0.0,0.000207543253901,0.000169808116828,1.88675685364e-05,1.88675685364e-05,1.88675685364e-05,1.88675685364e-05,0.000226410822437
Gen 53
float_yankdup,integer_swap,vector_float_conj,vector_float_conc,vector_float_occurrencesof,vector_float_replacefirst,vector_float_rest,vector_float_p,vector_float_s,vector_float_r,vector_float_first,integer_fromfloat,vector_float_last,vector_float_d,float_sw,exec_yankd,vector_float_n,exec_do*tim,exec_yankdup,exec_yank,integer_mu,vector_float_remove,vector_float_fir,exec_do*vector_float,float_p,float_r,vector_float_stackdep,vector_float_dup,vector_float_subvec,float_i,exec_do*range,integer_yankd,float_m,integer_rot,float_a,float_c,float_d,integer_stackdep,float_s,vector_float_occurrences,exec_stackdepth,vector_float_swap,vector_float_reverse,float_stackdepth,float_max,exec_do*vector_flo,float_min,vector_float_rot,float_rot,exec_shove,vector_float_pushall,float_stackdep,float_sub,vector_float_sho,integer_div,integer_mult,integer_min,float_shove,integer_flush,float_inc,in1,integer_yank,integer_fromflo,vector_float_yankdup,float_ya,vector_float_butla,integer_sw,float_pop,exec_d,float_yankd,integer_max,exec_dup,exec_k,float_frominteger,float_mult,exec_noop,exec_p,exec_r,exec_s,vector_float_butlast,integer_flu,exec_y,float_mod,integer_ya,integer_yankdup,exec_stackdep,exec_do*ran,vector_float_index,vector_float_pop,exec_do*cou,vector_float_ta,vector_float_flu,float_add,exec_do*times,integer_shove,float_tan,vector_float_la,vector_float_indexof,float_sho,float_frominteg,integer_dup,vector_float_stackdepth,exec_sho,vector_float_replace,exec_swap,vector_float_rever,autoconstructive_integer_ra,exec_sw,integer_add,exec_flush,float_flu,float_cos,exec_flu,integer_mod,float_div,vector_float_leng,integer_inc,vector_float_yank,exec_rot,vector_float_flush,float_dec,vector_float_set,integer_pop,vector_float_shove,exec_pop,vector_float_take,vector_float_concat,vector_float_pusha,vector_float_ya,vector_float_remo,float_sin,autoconstructive_integer_rand,vector_float_length,exec_do*count,integer_sub,float_mu,exec_no,vector_float_re,float_dup,integer_r,integer_sho,vector_float_yankd,integer_stackdepth,integer_dec,exec,vector_float_replacefir,vector_float_nth,float_swap,vector_float_co,exec_ya,float_yank,float_flush,float_t,integer_d,integer_a,integer_m,integer_i,vector_float_subv,integer_s,integer_p,vector_float_repla,vector_float_sw
0.000740727023574,0.00511101646266,0.00188885391011,9.25908779467e-05,0.0026110627581,0.00203699931483,0.00142589952038,3.70363511787e-05,0.000129627229125,0.000111109053536,0.00214810836836,0.00274068998722,0.00114812688654,9.25908779467e-05,7.40727023574e-05,0.000148145404715,0.000259254458251,0.0,0.00375918964464,0.00185181755893,0.000185181755893,0.00229625377308,3.70363511787e-05,0.00201848113924,3.70363511787e-05,7.40727023574e-05,0.000407399862966,0.00188885391011,0.00148145404715,0.0,0.00255550823133,3.70363511787e-05,0.000166663580304,0.00114812688654,5.5554526768e-05,1.85181755893e-05,0.000296290809429,3.70363511787e-05,0.000166663580304,0.000148145404715,0.00494435288235,0.00527768004296,0.00112960871095,0.00279624451399,0.00248143552897,0.000111109053536,0.00301846262106,0.00270365363604,0.00412955315642,0.00129627229125,0.00299994444547,0.000296290809429,0.00199996296365,0.000129627229125,0.00203699931483,0.00227773559749,0.00114812688654,0.0019073720857,0.000259254458251,0.00290735356753,0.00648136145627,0.00203699931483,7.40727023574e-05,0.00361104423992,5.5554526768e-05,0.0,7.40727023574e-05,0.000685172496806,1.85181755893e-05,1.85181755893e-05,0.00259254458251,0.00333327160608,0.0027777263384,0.00531471639414,0.00418510768319,0.00198144478806,7.40727023574e-05,1.85181755893e-05,0.00107405418418,0.00201848113924,0.000111109053536,0.00264809910928,0.00287031721635,0.000259254458251,0.00142589952038,0.000185181755893,5.5554526768e-05,0.0,0.00148145404715,5.5554526768e-05,0.000129627229125,0.0,0.00164811762745,0.001037017833,0.00196292661247,0.00214810836836,0.000129627229125,0.000351845336197,9.25908779467e-05,0.000185181755893,0.00229625377308,0.00157404492509,5.5554526768e-05,0.00187033573452,0.00151849039833,3.70363511787e-05,1.85181755893e-05,1.85181755893e-05,0.00153700857392,0.000314808985019,0.000148145404715,0.00127775411566,3.70363511787e-05,0.00220366289513,0.00264809910928,0.000166663580304,0.00366659876669,0.00118516323772,0.00192589026129,0.00251847188015,0.00405548045407,0.00272217181163,0.00179626303217,0.00316660802578,0.00135182681802,0.00287031721635,0.00220366289513,0.0,7.40727023574e-05,9.25908779467e-05,0.000370363511787,0.00324068072813,0.00377770782023,0.00166663580304,0.00324068072813,7.40727023574e-05,3.70363511787e-05,1.85181755893e-05,0.00149997222274,9.25908779467e-05,5.5554526768e-05,0.000222218107072,0.00292587174312,0.00298142626988,0.000351845336197,0.000148145404715,0.00266661728487,0.00298142626988,0.000240736282661,0.0,0.00229625377308,0.00175922668099,3.70363511787e-05,0.000203699931483,1.85181755893e-05,0.000240736282661,0.000111109053536,0.0,3.70363511787e-05,1.85181755893e-05,3.70363511787e-05,0.000222218107072
Gen 54
float_yankdup,integer_swap,vector_float_conj,vector_float_conc,vector_float_occurrencesof,vector_float_replacefirst,vector_float_rest,vector_float_p,vector_float_s,vector_float_r,vector_float_first,integer_fromfloat,vector_float_last,vector_float_d,float_sw,exec_yankd,vector_float_n,exec_do*tim,exec_yankdup,exec_yank,integer_mu,vector_float_remove,vector_float_fir,exec_do*vector_float,float_p,float_r,vector_float_stackdep,vector_float_dup,vector_float_subvec,float_i,exec_do*range,integer_yankd,float_m,integer_rot,float_a,float_c,float_d,integer_stackdep,float_s,vector_float_occurrences,exec_stackdepth,vector_float_swap,vector_float_reverse,float_stackdepth,float_max,exec_do*vector_flo,float_min,vector_float_rot,float_rot,exec_shove,vector_float_pushall,float_stackdep,float_sub,vector_float_sho,integer_div,integer_mult,integer_min,float_shove,integer_flush,float_inc,in1,integer_yank,integer_fromflo,vector_float_yankdup,float_ya,vector_float_butla,integer_sw,float_pop,exec_d,float_yankd,integer_max,exec_dup,exec_k,float_frominteger,float_mult,exec_noop,exec_p,exec_r,exec_s,vector_float_butlast,integer_flu,exec_y,float_mod,integer_ya,integer_yankdup,exec_stackdep,exec_do*ran,vector_float_index,vector_float_pop,exec_do*cou,vector_float_ta,vector_float_flu,float_add,exec_do*times,integer_shove,float_tan,vector_float_la,vector_float_indexof,float_sho,float_frominteg,integer_dup,vector_float_stackdepth,exec_sho,vector_float_replace,exec_swap,vector_float_rever,autoconstructive_integer_ra,exec_sw,integer_add,exec_flush,float_flu,float_cos,exec_flu,integer_mod,float_div,vector_float_leng,integer_inc,vector_float_yank,exec_rot,vector_float_flush,float_dec,vector_float_set,integer_pop,vector_float_shove,exec_pop,vector_float_take,vector_float_concat,vector_float_pusha,vector_float_ya,vector_float_remo,float_sin,autoconstructive_integer_rand,vector_float_length,exec_do*count,integer_sub,float_mu,exec_no,vector_float_re,float_dup,integer_r,integer_sho,vector_float_yankd,integer_stackdepth,integer_dec,exec,vector_float_replacefir,vector_float_nth,float_swap,vector_float_co,exec_ya,float_yank,float_flush,float_t,integer_d,integer_a,integer_m,integer_i,vector_float_subv,integer_s,integer_p,vector_float_repla,vector_float_sw
0.000727259504373,0.00485445719169,0.00145451900875,7.27259504373e-05,0.00256358975291,0.00218177851312,0.0015636079344,3.63629752186e-05,0.000145451900875,0.000163633388484,0.00152724495918,0.00270904165379,0.000909074380466,0.000109088925656,9.09074380466e-05,0.000145451900875,0.000363629752186,0.0,0.00354539008382,0.00154542644679,0.000127270413265,0.00223632297595,1.81814876093e-05,0.0019454191742,1.81814876093e-05,3.63629752186e-05,5.45444628279e-05,0.00179996727332,0.00121815966982,3.63629752186e-05,0.00274540462901,0.0,0.000163633388484,0.00125452264504,0.0,0.0,0.000327266776968,0.0,0.000236359338921,0.000127270413265,0.00465446082798,0.00489082016691,0.000854529917638,0.00227268595116,0.00201814512463,3.63629752186e-05,0.00274540462901,0.00290903801749,0.00369084198469,0.00123634115743,0.00269086016618,0.000418174215014,0.00143633752114,0.000109088925656,0.00205450809985,0.00170905983528,0.00125452264504,0.00178178578571,0.000309085289358,0.0029272195051,0.00567262413411,0.00172724132289,9.09074380466e-05,0.00354539008382,1.81814876093e-05,1.81814876093e-05,0.000127270413265,0.000618170578717,0.0,1.81814876093e-05,0.00210905256268,0.00278176760423,0.00247268231487,0.00494536462973,0.00387265686078,0.00161815239723,7.27259504373e-05,5.45444628279e-05,0.000836348430029,0.00223632297595,0.000163633388484,0.00269086016618,0.00294540099271,0.000109088925656,0.00147270049635,0.00027272231414,5.45444628279e-05,1.81814876093e-05,0.00132724859548,3.63629752186e-05,0.000345448264577,1.81814876093e-05,0.00154542644679,0.00107270776895,0.00181814876093,0.00165451537245,9.09074380466e-05,0.00027272231414,5.45444628279e-05,0.000236359338921,0.00218177851312,0.00138179305831,9.09074380466e-05,0.00143633752114,0.00145451900875,5.45444628279e-05,0.0,5.45444628279e-05,0.0015636079344,0.000181814876093,0.000127270413265,0.00123634115743,1.81814876093e-05,0.0017636042981,0.0021454155379,0.000163633388484,0.00321812330685,0.000945437355684,0.00172724132289,0.00196360066181,0.00401810876166,0.00256358975291,0.00101816330612,0.0031272158688,0.00158178942201,0.00265449719096,0.00163633388484,9.09074380466e-05,3.63629752186e-05,0.0,0.000418174215014,0.00296358248032,0.00367266049708,0.00129088562026,0.00327266776968,3.63629752186e-05,1.81814876093e-05,1.81814876093e-05,0.00139997454592,3.63629752186e-05,0.0,0.000309085289358,0.00252722677769,0.00287267504227,0.000218177851312,1.81814876093e-05,0.00236359338921,0.00258177124052,0.000290903801749,3.63629752186e-05,0.00216359702551,0.0015636079344,1.81814876093e-05,0.00027272231414,0.0,0.000127270413265,9.09074380466e-05,0.0,3.63629752186e-05,3.63629752186e-05,5.45444628279e-05,0.000199996363702
Gen 55
float_yankdup,integer_swap,vector_float_conj,vector_float_conc,vector_float_occurrencesof,vector_float_replacefirst,vector_float_rest,vector_float_p,vector_float_s,vector_float_r,vector_float_first,integer_fromfloat,vector_float_last,vector_float_d,float_sw,exec_yankd,vector_float_n,exec_do*tim,exec_yankdup,exec_yank,integer_mu,vector_float_remove,vector_float_fir,exec_do*vector_float,float_p,float_r,vector_float_stackdep,vector_float_dup,vector_float_subvec,float_i,exec_do*range,integer_yankd,float_m,integer_rot,float_a,float_c,float_d,integer_stackdep,float_s,vector_float_occurrences,exec_stackdepth,vector_float_swap,vector_float_reverse,float_stackdepth,float_max,exec_do*vector_flo,float_min,vector_float_rot,float_rot,exec_shove,vector_float_pushall,float_stackdep,float_sub,vector_float_sho,integer_div,integer_mult,integer_min,float_shove,integer_flush,float_inc,in1,integer_yank,integer_fromflo,vector_float_yankdup,float_ya,vector_float_butla,integer_sw,float_pop,exec_d,float_yankd,integer_max,exec_dup,exec_k,float_frominteger,float_mult,exec_noop,exec_p,exec_r,exec_s,vector_float_butlast,integer_flu,exec_y,float_mod,integer_ya,integer_yankdup,exec_stackdep,exec_do*ran,vector_float_index,vector_float_pop,exec_do*cou,vector_float_ta,vector_float_flu,float_add,exec_do*times,integer_shove,float_tan,vector_float_la,vector_float_indexof,float_sho,float_frominteg,integer_dup,vector_float_stackdepth,exec_sho,vector_float_replace,exec_swap,vector_float_rever,autoconstructive_integer_ra,exec_sw,integer_add,exec_flush,float_flu,float_cos,exec_flu,integer_mod,float_div,vector_float_leng,integer_inc,vector_float_yank,exec_rot,vector_float_flush,float_dec,vector_float_set,integer_pop,vector_float_shove,exec_pop,vector_float_take,vector_float_concat,vector_float_pusha,vector_float_ya,vector_float_remo,float_sin,autoconstructive_integer_rand,vector_float_length,exec_do*count,integer_sub,float_mu,exec_no,vector_float_re,float_dup,integer_r,integer_sho,vector_float_yankd,integer_stackdepth,integer_dec,exec,vector_float_replacefir,vector_float_nth,float_swap,vector_float_co,exec_ya,float_yank,float_flush,float_t,integer_d,integer_a,integer_m,integer_i,vector_float_subv,integer_s,integer_p,vector_float_repla,vector_float_sw
0.000553561543544,0.00441063552437,0.00162497098266,7.14272959411e-05,0.00205353475831,0.00166068463063,0.00126783450296,1.78568239853e-05,0.000160711415868,7.14272959411e-05,0.00183925287048,0.00228567347012,0.00103569579115,0.000107140943912,5.35704719559e-05,5.35704719559e-05,0.000160711415868,0.0,0.00324994196532,0.00174996875056,0.000142854591882,0.00232138711809,3.57136479706e-05,0.00151783003875,0.0,7.14272959411e-05,0.000107140943912,0.00185710969447,0.00116069355904,1.78568239853e-05,0.00267852359779,3.57136479706e-05,0.000249995535794,0.000999982143176,0.0,3.57136479706e-05,0.000285709183765,7.14272959411e-05,0.000142854591882,0.000124997767897,0.00416063998857,0.00446420599632,0.000803557079338,0.00212496205425,0.00214281887823,0.000124997767897,0.00269638042178,0.00249995535794,0.00369636256495,0.00114283673506,0.00264280994982,0.000249995535794,0.00176782557454,8.92841199264e-05,0.00192853699041,0.00167854145462,0.00116069355904,0.00189282334244,0.000428563775647,0.00289280548562,0.00567847002732,0.00162497098266,0.000142854591882,0.00333922608525,1.78568239853e-05,3.57136479706e-05,5.35704719559e-05,0.000821413903323,5.35704719559e-05,1.78568239853e-05,0.00205353475831,0.0025535258299,0.00262495312584,0.00449991964429,0.00362493526901,0.0019463938144,1.78568239853e-05,1.78568239853e-05,0.000964268495205,0.00191068016643,0.000107140943912,0.00216067570222,0.00274995089373,0.00033927965572,0.00117855038303,0.000249995535794,0.0,1.78568239853e-05,0.00123212085498,3.57136479706e-05,0.000160711415868,5.35704719559e-05,0.00171425510259,0.000696416135426,0.00141068909484,0.00158925733469,0.0,0.000374993303691,7.14272959411e-05,0.000142854591882,0.00173211192657,0.00135711862288,7.14272959411e-05,0.00119640720701,0.00128569132694,1.78568239853e-05,7.14272959411e-05,1.78568239853e-05,0.00171425510259,0.000196425063838,5.35704719559e-05,0.00117855038303,7.14272959411e-05,0.00199996428635,0.00210710523026,0.000196425063838,0.00321422831735,0.00094641167122,0.00173211192657,0.00201782111034,0.00394635810075,0.00280352136569,0.00110712308709,0.00260709630185,0.00116069355904,0.00249995535794,0.00212496205425,7.14272959411e-05,0.0,0.0,0.000178568239853,0.0029106623096,0.00367850574097,0.00116069355904,0.00269638042178,5.35704719559e-05,3.57136479706e-05,0.0,0.00116069355904,3.57136479706e-05,0.0,0.000232138711809,0.00249995535794,0.0025535258299,0.000392850127676,0.0,0.00241067123801,0.00258923947787,0.000196425063838,0.0,0.00212496205425,0.00137497544687,1.78568239853e-05,0.000267852359779,3.57136479706e-05,0.000124997767897,3.57136479706e-05,1.78568239853e-05,3.57136479706e-05,0.0,0.000178568239853,0.000232138711809
Gen 56
float_yankdup,integer_swap,vector_float_conj,vector_float_conc,vector_float_occurrencesof,vector_float_replacefirst,vector_float_rest,vector_float_p,vector_float_s,vector_float_r,vector_float_first,integer_fromfloat,vector_float_last,vector_float_d,float_sw,exec_yankd,vector_float_n,exec_do*tim,exec_yankdup,exec_yank,integer_mu,vector_float_remove,vector_float_fir,exec_do*vector_float,float_p,float_r,vector_float_stackdep,vector_float_dup,vector_float_subvec,float_i,exec_do*range,integer_yankd,float_m,integer_rot,float_a,float_c,float_d,integer_stackdep,float_s,vector_float_occurrences,exec_stackdepth,vector_float_swap,vector_float_reverse,float_stackdepth,float_max,exec_do*vector_flo,float_min,vector_float_rot,float_rot,exec_shove,vector_float_pushall,float_stackdep,float_sub,vector_float_sho,integer_div,integer_mult,integer_min,float_shove,integer_flush,float_inc,in1,integer_yank,integer_fromflo,vector_float_yankdup,float_ya,vector_float_butla,integer_sw,float_pop,exec_d,float_yankd,integer_max,exec_dup,exec_k,float_frominteger,float_mult,exec_noop,exec_p,exec_r,exec_s,vector_float_butlast,integer_flu,exec_y,float_mod,integer_ya,integer_yankdup,exec_stackdep,exec_do*ran,vector_float_index,vector_float_pop,exec_do*cou,vector_float_ta,vector_float_flu,float_add,exec_do*times,integer_shove,float_tan,vector_float_la,vector_float_indexof,float_sho,float_frominteg,integer_dup,vector_float_stackdepth,exec_sho,vector_float_replace,exec_swap,vector_float_rever,autoconstructive_integer_ra,exec_sw,integer_add,exec_flush,float_flu,float_cos,exec_flu,integer_mod,float_div,vector_float_leng,integer_inc,vector_float_yank,exec_rot,vector_float_flush,float_dec,vector_float_set,integer_pop,vector_float_shove,exec_pop,vector_float_take,vector_float_concat,vector_float_pusha,vector_float_ya,vector_float_remo,float_sin,autoconstructive_integer_rand,vector_float_length,exec_do*count,integer_sub,float_mu,exec_no,vector_float_re,float_dup,integer_r,integer_sho,vector_float_yankd,integer_stackdepth,integer_dec,exec,vector_float_replacefir,vector_float_nth,float_swap,vector_float_co,exec_ya,float_yank,float_flush,float_t,integer_d,integer_a,integer_m,integer_i,vector_float_subv,integer_s,integer_p,vector_float_repla,vector_float_sw
0.000508763004158,0.00438588796688,0.00150874546061,8.77177593376e-05,0.0020525955685,0.00168418097928,0.00112278731952,3.5087103735e-05,0.00021052262241,0.000105261311205,0.00156137611621,0.0021052262241,0.000999982456448,0.000175435518675,8.77177593376e-05,5.26306556025e-05,0.000175435518675,0.0,0.00324555709549,0.00154383256434,0.000175435518675,0.00191224715356,0.0,0.00143857125314,0.0,0.0,3.5087103735e-05,0.00177189873862,0.000877177593376,0.000157891966808,0.00226311819091,7.017420747e-05,0.00042104524482,0.000894721145243,0.0,1.75435518675e-05,0.000122804863073,1.75435518675e-05,8.77177593376e-05,0.000122804863073,0.00382449430712,0.00429817020754,0.00101752600832,0.00207013912037,0.00207013912037,0.000157891966808,0.00299994736934,0.00261398922826,0.0034034490623,0.00108770021579,0.00291222961001,0.000228066174278,0.00147365835687,5.26306556025e-05,0.00180698584235,0.0013508534938,0.000929808248978,0.00175435518675,0.000245609726145,0.00257890212452,0.00587708987562,0.00122804863073,0.000105261311205,0.00328064419922,0.0,1.75435518675e-05,5.26306556025e-05,0.000526306556025,3.5087103735e-05,0.0,0.00208768267223,0.00263153278013,0.0021052262241,0.00438588796688,0.00342099261416,0.00208768267223,3.5087103735e-05,1.75435518675e-05,0.000999982456448,0.00203505201663,8.77177593376e-05,0.0019999649129,0.00266661988386,0.000298240381748,0.00105261311205,0.000157891966808,8.77177593376e-05,1.75435518675e-05,0.00131576639006,7.017420747e-05,0.000175435518675,0.0,0.00191224715356,0.000473675900423,0.00147365835687,0.00136839704567,1.75435518675e-05,0.000438588796688,1.75435518675e-05,0.00014034841494,0.00163155032368,0.00115787442326,1.75435518675e-05,0.00103506956018,0.00121050507886,5.26306556025e-05,7.017420747e-05,1.75435518675e-05,0.0013508534938,7.017420747e-05,3.5087103735e-05,0.00142102770127,1.75435518675e-05,0.00180698584235,0.00166663742741,0.000245609726145,0.00298240381748,0.000842090489641,0.00147365835687,0.00191224715356,0.00357888458097,0.00266661988386,0.00128067928633,0.00238592305398,0.000877177593376,0.00259644567639,0.00208768267223,3.5087103735e-05,0.0,3.5087103735e-05,0.000245609726145,0.0028595989544,0.00371923299591,0.00124559218259,0.00250872791705,8.77177593376e-05,8.77177593376e-05,1.75435518675e-05,0.00122804863073,0.000122804863073,5.26306556025e-05,0.00035087103735,0.00245609726145,0.00236837950211,0.000473675900423,5.26306556025e-05,0.00240346660585,0.00222803108717,0.000192979070543,0.0,0.00182452939422,0.00122804863073,3.5087103735e-05,0.000157891966808,5.26306556025e-05,1.75435518675e-05,3.5087103735e-05,0.0,5.26306556025e-05,3.5087103735e-05,0.000157891966808,0.000192979070543
Gen 57
float_yankdup,integer_swap,vector_float_conj,vector_float_conc,vector_float_occurrencesof,vector_float_replacefirst,vector_float_rest,vector_float_p,vector_float_s,vector_float_r,vector_float_first,integer_fromfloat,vector_float_last,vector_float_d,float_sw,exec_yankd,vector_float_n,exec_do*tim,exec_yankdup,exec_yank,integer_mu,vector_float_remove,vector_float_fir,exec_do*vector_float,float_p,float_r,vector_float_stackdep,vector_float_dup,vector_float_subvec,float_i,exec_do*range,integer_yankd,float_m,integer_rot,float_a,float_c,float_d,integer_stackdep,float_s,vector_float_occurrences,exec_stackdepth,vector_float_swap,vector_float_reverse,float_stackdepth,float_max,exec_do*vector_flo,float_min,vector_float_rot,float_rot,exec_shove,vector_float_pushall,float_stackdep,float_sub,vector_float_sho,integer_div,integer_mult,integer_min,float_shove,integer_flush,float_inc,in1,integer_yank,integer_fromflo,vector_float_yankdup,float_ya,vector_float_butla,integer_sw,float_pop,exec_d,float_yankd,integer_max,exec_dup,exec_k,float_frominteger,float_mult,exec_noop,exec_p,exec_r,exec_s,vector_float_butlast,integer_flu,exec_y,float_mod,integer_ya,integer_yankdup,exec_stackdep,exec_do*ran,vector_float_index,vector_float_pop,exec_do*cou,vector_float_ta,vector_float_flu,float_add,exec_do*times,integer_shove,float_tan,vector_float_la,vector_float_indexof,float_sho,float_frominteg,integer_dup,vector_float_stackdepth,exec_sho,vector_float_replace,exec_swap,vector_float_rever,autoconstructive_integer_ra,exec_sw,integer_add,exec_flush,float_flu,float_cos,exec_flu,integer_mod,float_div,vector_float_leng,integer_inc,vector_float_yank,exec_rot,vector_float_flush,float_dec,vector_float_set,integer_pop,vector_float_shove,exec_pop,vector_float_take,vector_float_concat,vector_float_pusha,vector_float_ya,vector_float_remo,float_sin,autoconstructive_integer_rand,vector_float_length,exec_do*count,integer_sub,float_mu,exec_no,vector_float_re,float_dup,integer_r,integer_sho,vector_float_yankd,integer_stackdepth,integer_dec,exec,vector_float_replacefir,vector_float_nth,float_swap,vector_float_co,exec_ya,float_yank,float_flush,float_t,integer_d,integer_a,integer_m,integer_i,vector_float_subv,integer_s,integer_p,vector_float_repla,vector_float_sw
0.000327580558956,0.00455164566128,0.00151721522043,0.000120687574352,0.00201720659989,0.00168962604093,0.00108618816917,1.72410820503e-05,0.000189651902553,0.000103446492302,0.00162066171273,0.00255168014345,0.00134480439992,0.000172410820503,8.62054102515e-05,5.17232461509e-05,0.000172410820503,0.0,0.00355166290236,0.00144825089223,0.000120687574352,0.00199996551784,1.72410820503e-05,0.00174134928708,0.0,1.72410820503e-05,3.44821641006e-05,0.00153445630248,0.00105170600507,8.62054102515e-05,0.00212065309219,8.62054102515e-05,0.000293098394855,0.00106894708712,1.72410820503e-05,0.0,0.000103446492302,5.17232461509e-05,6.89643282012e-05,0.000137928656402,0.00401717211772,0.00456888674333,0.000862054102515,0.00224134066654,0.00248271581524,0.000155169738453,0.00313787693316,0.00289650178445,0.00355166290236,0.00115515249737,0.00306891260496,0.000327580558956,0.00153445630248,0.000103446492302,0.00189651902553,0.00141376872813,0.000810330856365,0.00181031361528,0.000224134066654,0.00232754607679,0.00589645006121,0.00137928656402,8.62054102515e-05,0.00343097532801,5.17232461509e-05,0.000172410820503,1.72410820503e-05,0.000689643282012,1.72410820503e-05,0.0,0.00236202824089,0.002741332046,0.00213789417424,0.00463785107153,0.00368959155877,0.00224134066654,0.0,5.17232461509e-05,0.00118963466147,0.00205168876399,6.89643282012e-05,0.00222409958449,0.00306891260496,0.000275857312805,0.000896536266616,0.000310339476906,8.62054102515e-05,0.0,0.00122411682557,0.0,5.17232461509e-05,0.0,0.00177583145118,0.00053447354356,0.00141376872813,0.00167238495888,0.0,0.000499991379459,0.0,0.000206892984604,0.00143100981018,0.00124135790762,3.44821641006e-05,0.00134480439992,0.00131032223582,1.72410820503e-05,0.0,3.44821641006e-05,0.00131032223582,0.000241375148704,1.72410820503e-05,0.000999982758918,1.72410820503e-05,0.00191376010758,0.00168962604093,0.000206892984604,0.00329304667161,0.00108618816917,0.00144825089223,0.00206892984604,0.00387924346132,0.0028102963742,0.00143100981018,0.00220685850244,0.000862054102515,0.00243099256909,0.00198272443579,3.44821641006e-05,0.0,5.17232461509e-05,0.000137928656402,0.00336201099981,0.00372407372287,0.00113791141532,0.00218961742039,0.000172410820503,5.17232461509e-05,1.72410820503e-05,0.00156893846658,0.000155169738453,1.72410820503e-05,0.000241375148704,0.00227582283064,0.00239651040499,0.000396544887157,5.17232461509e-05,0.00229306391269,0.00229306391269,0.000241375148704,0.0,0.00193100118963,0.00151721522043,6.89643282012e-05,0.000275857312805,0.0,0.000103446492302,8.62054102515e-05,0.0,1.72410820503e-05,3.44821641006e-05,0.000137928656402,0.000206892984604
Gen 58
float_yankdup,integer_swap,vector_float_conj,vector_float_conc,vector_float_occurrencesof,vector_float_replacefirst,vector_float_rest,vector_float_p,vector_float_s,vector_float_r,vector_float_first,integer_fromfloat,vector_float_last,vector_float_d,float_sw,exec_yankd,vector_float_n,exec_do*tim,exec_yankdup,exec_yank,integer_mu,vector_float_remove,vector_float_fir,exec_do*vector_float,float_p,float_r,vector_float_stackdep,vector_float_dup,vector_float_subvec,float_i,exec_do*range,integer_yankd,float_m,integer_rot,float_a,float_c,float_d,integer_stackdep,float_s,vector_float_occurrences,exec_stackdepth,vector_float_swap,vector_float_reverse,float_stackdepth,float_max,exec_do*vector_flo,float_min,vector_float_rot,float_rot,exec_shove,vector_float_pushall,float_stackdep,float_sub,vector_float_sho,integer_div,integer_mult,integer_min,float_shove,integer_flush,float_inc,in1,integer_yank,integer_fromflo,vector_float_yankdup,float_ya,vector_float_butla,integer_sw,float_pop,exec_d,float_yankd,integer_max,exec_dup,exec_k,float_frominteger,float_mult,exec_noop,exec_p,exec_r,exec_s,vector_float_butlast,integer_flu,exec_y,float_mod,integer_ya,integer_yankdup,exec_stackdep,exec_do*ran,vector_float_index,vector_float_pop,exec_do*cou,vector_float_ta,vector_float_flu,float_add,exec_do*times,integer_shove,float_tan,vector_float_la,vector_float_indexof,float_sho,float_frominteg,integer_dup,vector_float_stackdepth,exec_sho,vector_float_replace,exec_swap,vector_float_rever,autoconstructive_integer_ra,exec_sw,integer_add,exec_flush,float_flu,float_cos,exec_flu,integer_mod,float_div,vector_float_leng,integer_inc,vector_float_yank,exec_rot,vector_float_flush,float_dec,vector_float_set,integer_pop,vector_float_shove,exec_pop,vector_float_take,vector_float_concat,vector_float_pusha,vector_float_ya,vector_float_remo,float_sin,autoconstructive_integer_rand,vector_float_length,exec_do*count,integer_sub,float_mu,exec_no,vector_float_re,float_dup,integer_r,integer_sho,vector_float_yankd,integer_stackdepth,integer_dec,exec,vector_float_replacefir,vector_float_nth,float_swap,vector_float_co,exec_ya,float_yank,float_flush,float_t,integer_d,integer_a,integer_m,integer_i,vector_float_subv,integer_s,integer_p,vector_float_repla,vector_float_sw
0.00038982390129,0.00406772766563,0.00122031829969,6.77954610939e-05,0.00193217064118,0.00183047744953,0.000864392128947,0.0,0.000237284113829,5.08465958204e-05,0.00159319333571,0.00211860815918,0.000796596667853,0.000169488652735,3.38977305469e-05,0.000118642056914,0.000152539787461,1.69488652735e-05,0.00293215369231,0.00159319333571,0.000118642056914,0.00210165929391,1.69488652735e-05,0.00149150014407,3.38977305469e-05,6.77954610939e-05,1.69488652735e-05,0.00172878425789,0.0008304943984,8.47443263673e-05,0.00210165929391,0.000152539787461,0.000186437518008,0.000983034185861,6.77954610939e-05,1.69488652735e-05,0.000152539787461,3.38977305469e-05,0.000152539787461,6.77954610939e-05,0.00355926170743,0.00405077880036,0.00113557397332,0.00213555702446,0.00244063659938,6.77954610939e-05,0.00262707411739,0.00232199454247,0.00345756851579,0.00103388078168,0.00245758546465,0.000237284113829,0.00142370468297,0.000169488652735,0.0014067558177,0.00120336943442,0.00077964780258,0.00149150014407,0.000186437518008,0.00227114794664,0.00547448348333,0.00106777851223,5.08465958204e-05,0.00301689801868,0.000135590922188,0.000118642056914,0.000152539787461,0.000525414823478,0.000101693191641,1.69488652735e-05,0.00186437518008,0.00240673886883,0.00161014220098,0.00410162539618,0.00335587532415,0.00210165929391,1.69488652735e-05,5.08465958204e-05,0.000999983051135,0.00184742631481,5.08465958204e-05,0.00194911950645,0.00247453432993,0.000186437518008,0.00106777851223,0.000101693191641,1.69488652735e-05,0.0,0.0013389603566,8.47443263673e-05,1.69488652735e-05,3.38977305469e-05,0.00149150014407,0.000525414823478,0.00149150014407,0.00132201149133,1.69488652735e-05,0.000542363688751,1.69488652735e-05,0.000152539787461,0.00157624447043,0.00132201149133,0.0,0.000864392128947,0.000949136455314,1.69488652735e-05,6.77954610939e-05,0.0,0.00138980695242,5.08465958204e-05,3.38977305469e-05,0.00118642056914,0.0,0.00177963085371,0.00162709106625,0.000135590922188,0.00291520482704,0.000796596667853,0.00130506262606,0.00177963085371,0.00347451738106,0.00252538092575,0.000966085320588,0.00237284113829,0.000999983051135,0.0022372502161,0.00184742631481,5.08465958204e-05,0.0,1.69488652735e-05,0.000152539787461,0.00266097184793,0.00352536397688,0.000966085320588,0.00230504567719,1.69488652735e-05,1.69488652735e-05,1.69488652735e-05,0.00116947170387,5.08465958204e-05,3.38977305469e-05,0.000169488652735,0.00233894340774,0.00228809681192,0.000542363688751,0.0,0.0019152217759,0.00171183539262,0.000254232979102,5.08465958204e-05,0.00205081269809,0.00088134099422,1.69488652735e-05,0.000220335248555,1.69488652735e-05,0.000186437518008,3.38977305469e-05,0.0,1.69488652735e-05,5.08465958204e-05,0.000152539787461,0.000237284113829
Gen 59
float_yankdup,integer_swap,vector_float_conj,vector_float_conc,vector_float_occurrencesof,vector_float_replacefirst,vector_float_rest,vector_float_p,vector_float_s,vector_float_r,vector_float_first,integer_fromfloat,vector_float_last,vector_float_d,float_sw,exec_yankd,vector_float_n,exec_do*tim,exec_yankdup,exec_yank,integer_mu,vector_float_remove,vector_float_fir,exec_do*vector_float,float_p,float_r,vector_float_stackdep,vector_float_dup,vector_float_subvec,float_i,exec_do*range,integer_yankd,float_m,integer_rot,float_a,float_c,float_d,integer_stackdep,float_s,vector_float_occurrences,exec_stackdepth,vector_float_swap,vector_float_reverse,float_stackdepth,float_max,exec_do*vector_flo,float_min,vector_float_rot,float_rot,exec_shove,vector_float_pushall,float_stackdep,float_sub,vector_float_sho,integer_div,integer_mult,integer_min,float_shove,integer_flush,float_inc,in1,integer_yank,integer_fromflo,vector_float_yankdup,float_ya,vector_float_butla,integer_sw,float_pop,exec_d,float_yankd,integer_max,exec_dup,exec_k,float_frominteger,float_mult,exec_noop,exec_p,exec_r,exec_s,vector_float_butlast,integer_flu,exec_y,float_mod,integer_ya,integer_yankdup,exec_stackdep,exec_do*ran,vector_float_index,vector_float_pop,exec_do*cou,vector_float_ta,vector_float_flu,float_add,exec_do*times,integer_shove,float_tan,vector_float_la,vector_float_indexof,float_sho,float_frominteg,integer_dup,vector_float_stackdepth,exec_sho,vector_float_replace,exec_swap,vector_float_rever,autoconstructive_integer_ra,exec_sw,integer_add,exec_flush,float_flu,float_cos,exec_flu,integer_mod,float_div,vector_float_leng,integer_inc,vector_float_yank,exec_rot,vector_float_flush,float_dec,vector_float_set,integer_pop,vector_float_shove,exec_pop,vector_float_take,vector_float_concat,vector_float_pusha,vector_float_ya,vector_float_remo,float_sin,autoconstructive_integer_rand,vector_float_length,exec_do*count,integer_sub,float_mu,exec_no,vector_float_re,float_dup,integer_r,integer_sho,vector_float_yankd,integer_stackdepth,integer_dec,exec,vector_float_replacefir,vector_float_nth,float_swap,vector_float_co,exec_ya,float_yank,float_flush,float_t,integer_d,integer_a,integer_m,integer_i,vector_float_subv,integer_s,integer_p,vector_float_repla,vector_float_sw
0.000366660555657,0.00389993500108,0.000849985833569,6.66655555741e-05,0.00144997583374,0.00139997666706,0.000849985833569,0.0,0.000199996666722,3.3332777787e-05,0.00136664388927,0.00189996833386,0.000766653889102,0.000116664722255,4.99991666806e-05,0.000116664722255,0.00028332861119,1.66663888935e-05,0.00274995416743,0.00148330861152,0.000183330277829,0.00186663555607,3.3332777787e-05,0.00143330944484,1.66663888935e-05,3.3332777787e-05,0.0,0.00129997833369,0.000699988333528,1.66663888935e-05,0.00176663722271,6.66655555741e-05,0.00028332861119,0.00089998500025,1.66663888935e-05,0.0,8.33319444676e-05,3.3332777787e-05,0.000149997500042,8.33319444676e-05,0.00329994500092,0.00378327027883,0.000916651389144,0.00149997500042,0.00208329861169,4.99991666806e-05,0.00249995833403,0.00183330277829,0.00304994916751,0.000866652222463,0.00276662055632,0.000266662222296,0.00131664472259,0.000149997500042,0.00134997750037,0.000883318611356,0.000783320277995,0.0012833119448,0.000199996666722,0.00203329944501,0.0051499141681,0.00104998250029,9.99983333611e-05,0.00266662222296,9.99983333611e-05,8.33319444676e-05,0.000133331111148,0.000499991666806,8.33319444676e-05,0.0,0.00196663388944,0.00251662472292,0.00169997166714,0.00398326694555,0.00314994750087,0.00174997083382,0.0,0.0,0.000749987500208,0.00168330527825,4.99991666806e-05,0.00173330444493,0.00238329361177,0.000216663055616,0.000816653055782,0.000183330277829,4.99991666806e-05,0.0,0.00136664388927,4.99991666806e-05,1.66663888935e-05,0.0,0.00133331111148,0.000449992500125,0.0012833119448,0.00131664472259,0.0,0.000499991666806,1.66663888935e-05,0.000133331111148,0.0012833119448,0.00133331111148,3.3332777787e-05,0.000849985833569,0.000883318611356,1.66663888935e-05,3.3332777787e-05,0.0,0.00111664805587,6.66655555741e-05,1.66663888935e-05,0.00104998250029,0.0,0.00156664055599,0.00159997333378,0.000116664722255,0.00226662888952,0.00056665722238,0.00123331277812,0.00171663805603,0.00319994666756,0.00221662972284,0.000916651389144,0.00214996416726,0.000716654722421,0.00193330111165,0.00146664222263,1.66663888935e-05,0.0,0.0,6.66655555741e-05,0.00254995750071,0.00311661472309,0.00133331111148,0.00188330194497,6.66655555741e-05,6.66655555741e-05,0.0,0.000749987500208,0.000133331111148,0.0,0.000166663888935,0.00183330277829,0.00201663305612,0.000649989166847,1.66663888935e-05,0.00161663972267,0.00173330444493,0.000133331111148,0.0,0.00148330861152,0.000749987500208,1.66663888935e-05,0.000316661388977,0.0,0.000216663055616,1.66663888935e-05,0.0,0.0,1.66663888935e-05,6.66655555741e-05,0.000166663888935
Gen 60
float_yankdup,integer_swap,vector_float_conj,vector_float_conc,vector_float_occurrencesof,vector_float_replacefirst,vector_float_rest,vector_float_p,vector_float_s,vector_float_r,vector_float_first,integer_fromfloat,vector_float_last,vector_float_d,float_sw,exec_yankd,vector_float_n,exec_do*tim,exec_yankdup,exec_yank,integer_mu,vector_float_remove,vector_float_fir,exec_do*vector_float,float_p,float_r,vector_float_stackdep,vector_float_dup,vector_float_subvec,float_i,exec_do*range,integer_yankd,float_m,integer_rot,float_a,float_c,float_d,integer_stackdep,float_s,vector_float_occurrences,exec_stackdepth,vector_float_swap,vector_float_reverse,float_stackdepth,float_max,exec_do*vector_flo,float_min,vector_float_rot,float_rot,exec_shove,vector_float_pushall,float_stackdep,float_sub,vector_float_sho,integer_div,integer_mult,integer_min,float_shove,integer_flush,float_inc,in1,integer_yank,integer_fromflo,vector_float_yankdup,float_ya,vector_float_butla,integer_sw,float_pop,exec_d,float_yankd,integer_max,exec_dup,exec_k,float_frominteger,float_mult,exec_noop,exec_p,exec_r,exec_s,vector_float_butlast,integer_flu,exec_y,float_mod,integer_ya,integer_yankdup,exec_stackdep,exec_do*ran,vector_float_index,vector_float_pop,exec_do*cou,vector_float_ta,vector_float_flu,float_add,exec_do*times,integer_shove,float_tan,vector_float_la,vector_float_indexof,float_sho,float_frominteg,integer_dup,vector_float_stackdepth,exec_sho,vector_float_replace,exec_swap,vector_float_rever,autoconstructive_integer_ra,exec_sw,integer_add,exec_flush,float_flu,float_cos,exec_flu,integer_mod,float_div,vector_float_leng,integer_inc,vector_float_yank,exec_rot,vector_float_flush,float_dec,vector_float_set,integer_pop,vector_float_shove,exec_pop,vector_float_take,vector_float_concat,vector_float_pusha,vector_float_ya,vector_float_remo,float_sin,autoconstructive_integer_rand,vector_float_length,exec_do*count,integer_sub,float_mu,exec_no,vector_float_re,float_dup,integer_r,integer_sho,vector_float_yankd,integer_stackdepth,integer_dec,exec,vector_float_replacefir,vector_float_nth,float_swap,vector_float_co,exec_ya,float_yank,float_flush,float_t,integer_d,integer_a,integer_m,integer_i,vector_float_subv,integer_s,integer_p,vector_float_repla,vector_float_sw
0.000262290782118,0.00385239586236,0.000901624563532,4.91795216472e-05,0.00160653104047,0.00147538564942,0.000885231389649,8.1965869412e-05,0.000131145391059,6.55726955296e-05,0.00126227438894,0.00173767643153,0.000852445041885,8.1965869412e-05,4.91795216472e-05,0.000163931738824,0.000114752217177,1.63931738824e-05,0.00340978016754,0.00150817199718,0.000114752217177,0.00195078769201,1.63931738824e-05,0.00147538564942,0.0,1.63931738824e-05,0.0,0.00119670169341,0.000803265520237,6.55726955296e-05,0.0017704627793,1.63931738824e-05,0.000163931738824,0.000852445041885,1.63931738824e-05,1.63931738824e-05,3.27863477648e-05,3.27863477648e-05,0.000131145391059,3.27863477648e-05,0.00350813921083,0.00377042999295,0.00075408599859,0.00173767643153,0.00186882182259,3.27863477648e-05,0.00259012147342,0.00214750577859,0.00324584842871,0.000967197259061,0.00257372829954,0.000196718086589,0.00108194947624,6.55726955296e-05,0.00132784708447,0.00081965869412,0.000737692824708,0.00116391534565,0.000147538564942,0.00188521499648,0.00504909755578,0.00118030851953,0.000229504434354,0.0028851986033,4.91795216472e-05,8.1965869412e-05,3.27863477648e-05,0.000639333781413,3.27863477648e-05,0.0,0.00239340338683,0.00255733512565,0.00160653104047,0.00393436173177,0.0029835576466,0.00186882182259,6.55726955296e-05,1.63931738824e-05,0.000967197259061,0.00168849690989,6.55726955296e-05,0.00172128325765,0.00265569416895,0.000213111260471,0.000737692824708,0.000196718086589,9.83590432944e-05,0.0,0.00122948804118,9.83590432944e-05,1.63931738824e-05,0.0,0.00136063343224,0.000508188390354,0.00137702660612,0.00144259930165,1.63931738824e-05,0.000475402042589,3.27863477648e-05,0.000163931738824,0.00140981295389,0.00126227438894,0.0,0.000868838215767,0.000770479172473,0.0,4.91795216472e-05,0.0,0.000999983606826,9.83590432944e-05,1.63931738824e-05,0.000918017737414,1.63931738824e-05,0.00144259930165,0.00150817199718,8.1965869412e-05,0.00227865116965,0.000786872346355,0.00103276995459,0.00160653104047,0.00332781429813,0.00267208734283,0.00116391534565,0.00198357403977,0.000983590432944,0.00185242864871,0.00163931738824,4.91795216472e-05,3.27863477648e-05,3.27863477648e-05,0.000196718086589,0.0023278306913,0.00331142112424,0.00127866756283,0.00209832625695,1.63931738824e-05,0.0,6.55726955296e-05,0.000885231389649,9.83590432944e-05,0.0,0.000163931738824,0.00168849690989,0.00213111260471,0.000459008868707,8.1965869412e-05,0.00203275356142,0.00181964230095,0.000180324912706,3.27863477648e-05,0.001672103736,0.000934410911297,1.63931738824e-05,0.000327863477648,3.27863477648e-05,0.00040982934706,4.91795216472e-05,1.63931738824e-05,4.91795216472e-05,3.27863477648e-05,9.83590432944e-05,0.000163931738824
Gen 61
float_yankdup,integer_swap,vector_float_conj,vector_float_conc,vector_float_occurrencesof,vector_float_replacefirst,vector_float_rest,vector_float_p,vector_float_s,vector_float_r,vector_float_first,integer_fromfloat,vector_float_last,vector_float_d,float_sw,exec_yankd,vector_float_n,exec_do*tim,exec_yankdup,exec_yank,integer_mu,vector_float_remove,vector_float_fir,exec_do*vector_float,float_p,float_r,vector_float_stackdep,vector_float_dup,vector_float_subvec,float_i,exec_do*range,integer_yankd,float_m,integer_rot,float_a,float_c,float_d,integer_stackdep,float_s,vector_float_occurrences,exec_stackdepth,vector_float_swap,vector_float_reverse,float_stackdepth,float_max,exec_do*vector_flo,float_min,vector_float_rot,float_rot,exec_shove,vector_float_pushall,float_stackdep,float_sub,vector_float_sho,integer_div,integer_mult,integer_min,float_shove,integer_flush,float_inc,in1,integer_yank,integer_fromflo,vector_float_yankdup,float_ya,vector_float_butla,integer_sw,float_pop,exec_d,float_yankd,integer_max,exec_dup,exec_k,float_frominteger,float_mult,exec_noop,exec_p,exec_r,exec_s,vector_float_butlast,integer_flu,exec_y,float_mod,integer_ya,integer_yankdup,exec_stackdep,exec_do*ran,vector_float_index,vector_float_pop,exec_do*cou,vector_float_ta,vector_float_flu,float_add,exec_do*times,integer_shove,float_tan,vector_float_la,vector_float_indexof,float_sho,float_frominteg,integer_dup,vector_float_stackdepth,exec_sho,vector_float_replace,exec_swap,vector_float_rever,autoconstructive_integer_ra,exec_sw,integer_add,exec_flush,float_flu,float_cos,exec_flu,integer_mod,float_div,vector_float_leng,integer_inc,vector_float_yank,exec_rot,vector_float_flush,float_dec,vector_float_set,integer_pop,vector_float_shove,exec_pop,vector_float_take,vector_float_concat,vector_float_pusha,vector_float_ya,vector_float_remo,float_sin,autoconstructive_integer_rand,vector_float_length,exec_do*count,integer_sub,float_mu,exec_no,vector_float_re,float_dup,integer_r,integer_sho,vector_float_yankd,integer_stackdepth,integer_dec,exec,vector_float_replacefir,vector_float_nth,float_swap,vector_float_co,exec_ya,float_yank,float_flush,float_t,integer_d,integer_a,integer_m,integer_i,vector_float_subv,integer_s,integer_p,vector_float_repla,vector_float_sw
0.000209674037516,0.00337091337236,0.000677408428896,4.83863163497e-05,0.00130643054144,0.00133868808568,0.000951597554878,0.000129030176933,3.22575442332e-05,6.45150884663e-05,0.000838696150062,0.00164513475589,0.000806438605829,3.22575442332e-05,4.83863163497e-05,9.67726326995e-05,0.000193545265399,1.61287721166e-05,0.00308059547427,0.00108062773181,0.000129030176933,0.00174190738859,1.61287721166e-05,0.00166126352801,1.61287721166e-05,4.83863163497e-05,8.06438605829e-05,0.000854824922179,0.000580635796197,0.000177416493282,0.00154836212319,3.22575442332e-05,0.000322575442332,0.000774181061596,3.22575442332e-05,0.0,9.67726326995e-05,1.61287721166e-05,0.000177416493282,1.61287721166e-05,0.00296769406945,0.00354832986565,0.000532249479847,0.00172577861647,0.00191932388187,3.22575442332e-05,0.00241931581749,0.00196771019822,0.00275802003193,0.000758052289479,0.00279027757617,0.000193545265399,0.000935468782762,0.000112901404816,0.00104837018758,0.00056450702408,0.000709665973129,0.00109675650393,0.000129030176933,0.00166126352801,0.00449992742053,0.000935468782762,6.45150884663e-05,0.00246770213384,9.67726326995e-05,4.83863163497e-05,0.0,0.000483863163497,0.0,0.0,0.00217738423574,0.00264511862712,0.00153223335107,0.00354832986565,0.0025322172223,0.00146771826261,1.61287721166e-05,1.61287721166e-05,0.000935468782762,0.00151610457896,1.61287721166e-05,0.00154836212319,0.0022418993242,0.000161287721166,0.000677408428896,0.000193545265399,3.22575442332e-05,0.0,0.00112901404816,6.45150884663e-05,0.0,3.22575442332e-05,0.00103224141546,0.000467734391381,0.00122578668086,0.00170964984436,4.83863163497e-05,0.000451605619264,1.61287721166e-05,0.000177416493282,0.00117740036451,0.000999983871228,4.83863163497e-05,0.000951597554878,0.000596764568313,0.0,3.22575442332e-05,0.0,0.000935468782762,9.67726326995e-05,0.0,0.000629022112547,0.0,0.00129030176933,0.00117740036451,8.06438605829e-05,0.00217738423574,0.000629022112547,0.000935468782762,0.00143546071838,0.00275802003193,0.00212899791939,0.00112901404816,0.00196771019822,0.000677408428896,0.00145158949049,0.00106449895969,0.000112901404816,0.0,1.61287721166e-05,0.000129030176933,0.00203222528669,0.00277414880405,0.00141933194626,0.00170964984436,1.61287721166e-05,1.61287721166e-05,0.0,0.00101611264334,9.67726326995e-05,0.0,3.22575442332e-05,0.00132255931356,0.00198383897034,0.000419348075031,3.22575442332e-05,0.00170964984436,0.00169352107224,9.67726326995e-05,3.22575442332e-05,0.00154836212319,0.000758052289479,6.45150884663e-05,0.000290317898098,1.61287721166e-05,0.000145158949049,1.61287721166e-05,1.61287721166e-05,3.22575442332e-05,0.0,0.000112901404816,0.000290317898098
Gen 62
float_yankdup,integer_swap,vector_float_conj,vector_float_conc,vector_float_occurrencesof,vector_float_replacefirst,vector_float_rest,vector_float_p,vector_float_s,vector_float_r,vector_float_first,integer_fromfloat,vector_float_last,vector_float_d,float_sw,exec_yankd,vector_float_n,exec_do*tim,exec_yankdup,exec_yank,integer_mu,vector_float_remove,vector_float_fir,exec_do*vector_float,float_p,float_r,vector_float_stackdep,vector_float_dup,vector_float_subvec,float_i,exec_do*range,integer_yankd,float_m,integer_rot,float_a,float_c,float_d,integer_stackdep,float_s,vector_float_occurrences,exec_stackdepth,vector_float_swap,vector_float_reverse,float_stackdepth,float_max,exec_do*vector_flo,float_min,vector_float_rot,float_rot,exec_shove,vector_float_pushall,float_stackdep,float_sub,vector_float_sho,integer_div,integer_mult,integer_min,float_shove,integer_flush,float_inc,in1,integer_yank,integer_fromflo,vector_float_yankdup,float_ya,vector_float_butla,integer_sw,float_pop,exec_d,float_yankd,integer_max,exec_dup,exec_k,float_frominteger,float_mult,exec_noop,exec_p,exec_r,exec_s,vector_float_butlast,integer_flu,exec_y,float_mod,integer_ya,integer_yankdup,exec_stackdep,exec_do*ran,vector_float_index,vector_float_pop,exec_do*cou,vector_float_ta,vector_float_flu,float_add,exec_do*times,integer_shove,float_tan,vector_float_la,vector_float_indexof,float_sho,float_frominteg,integer_dup,vector_float_stackdepth,exec_sho,vector_float_replace,exec_swap,vector_float_rever,autoconstructive_integer_ra,exec_sw,integer_add,exec_flush,float_flu,float_cos,exec_flu,integer_mod,float_div,vector_float_leng,integer_inc,vector_float_yank,exec_rot,vector_float_flush,float_dec,vector_float_set,integer_pop,vector_float_shove,exec_pop,vector_float_take,vector_float_concat,vector_float_pusha,vector_float_ya,vector_float_remo,float_sin,autoconstructive_integer_rand,vector_float_length,exec_do*count,integer_sub,float_mu,exec_no,vector_float_re,float_dup,integer_r,integer_sho,vector_float_yankd,integer_stackdepth,integer_dec,exec,vector_float_replacefir,vector_float_nth,float_swap,vector_float_co,exec_ya,float_yank,float_flush,float_t,integer_d,integer_a,integer_m,integer_i,vector_float_subv,integer_s,integer_p,vector_float_repla,vector_float_sw
0.000285709750639,0.00373009952223,0.000587292265202,9.52365835463e-05,0.00138093046142,0.00141267598927,0.000777765432295,0.000126982111395,6.34910556975e-05,9.52365835463e-05,0.000857129251917,0.00142854875319,0.00101585689116,3.17455278488e-05,1.58727639244e-05,0.000158727639244,0.000206345931017,0.0,0.00350788082729,0.00128569387787,0.000142854875319,0.00180949508738,4.76182917731e-05,0.00150791257282,1.58727639244e-05,4.76182917731e-05,0.000126982111395,0.000793638196219,0.00050792844558,0.000206345931017,0.00165076744814,1.58727639244e-05,0.000222218694941,0.000746019904446,0.0,0.0,0.000111109347471,3.17455278488e-05,7.93638196219e-05,0.0,0.00311106172918,0.00379359057793,0.000523801209505,0.00165076744814,0.00212695036587,7.93638196219e-05,0.00226980524119,0.00226980524119,0.00280947921462,0.000873002015841,0.00255551499183,0.000126982111395,0.0012380755861,9.52365835463e-05,0.00106347518293,0.000539673973429,0.000587292265202,0.00104760241901,0.000317455278488,0.00161902192029,0.00498404787226,0.000968238599387,6.34910556975e-05,0.00257138775575,9.52365835463e-05,6.34910556975e-05,6.34910556975e-05,0.000301582514563,3.17455278488e-05,0.0,0.00230155076904,0.00274598815892,0.00128569387787,0.00406342756464,0.00244440564435,0.00141267598927,0.0,3.17455278488e-05,0.00119045729433,0.00142854875319,0.0,0.00144442151712,0.0026031332836,0.000174600403168,0.000555546737353,0.000126982111395,7.93638196219e-05,3.17455278488e-05,0.00114283900256,3.17455278488e-05,0.0,0.0,0.00125394835003,0.000412691862034,0.00112696623863,0.00166664021206,3.17455278488e-05,0.00039681909811,1.58727639244e-05,0.000174600403168,0.00112696623863,0.00115871176648,1.58727639244e-05,0.00114283900256,0.0006507833209,1.58727639244e-05,1.58727639244e-05,0.0,0.00076189266837,4.76182917731e-05,0.0,0.000698401612673,0.0,0.000952365835463,0.00131743940572,4.76182917731e-05,0.00203171378232,0.000777765432295,0.000793638196219,0.00133331216965,0.00288884303424,0.00242853288043,0.0012380755861,0.00179362232346,0.00090474754369,0.00157140362851,0.00107934794686,0.000190473167093,3.17455278488e-05,6.34910556975e-05,0.000158727639244,0.00196822272662,0.00320629831273,0.0013015666418,0.00165076744814,9.52365835463e-05,1.58727639244e-05,3.17455278488e-05,0.00090474754369,0.000238091458866,3.17455278488e-05,4.76182917731e-05,0.00125394835003,0.00177774955953,0.000365073570261,0.0,0.00192060443485,0.00168251297598,9.52365835463e-05,3.17455278488e-05,0.00171425850383,0.000587292265202,0.000126982111395,0.000285709750639,0.0,0.000301582514563,0.0,1.58727639244e-05,3.17455278488e-05,4.76182917731e-05,0.000111109347471,0.000285709750639
Gen 63
float_yankdup,integer_swap,vector_float_conj,vector_float_conc,vector_float_occurrencesof,vector_float_replacefirst,vector_float_rest,vector_float_p,vector_float_s,vector_float_r,vector_float_first,integer_fromfloat,vector_float_last,vector_float_d,float_sw,exec_yankd,vector_float_n,exec_do*tim,exec_yankdup,exec_yank,integer_mu,vector_float_remove,vector_float_fir,exec_do*vector_float,float_p,float_r,vector_float_stackdep,vector_float_dup,vector_float_subvec,float_i,exec_do*range,integer_yankd,float_m,integer_rot,float_a,float_c,float_d,integer_stackdep,float_s,vector_float_occurrences,exec_stackdepth,vector_float_swap,vector_float_reverse,float_stackdepth,float_max,exec_do*vector_flo,float_min,vector_float_rot,float_rot,exec_shove,vector_float_pushall,float_stackdep,float_sub,vector_float_sho,integer_div,integer_mult,integer_min,float_shove,integer_flush,float_inc,in1,integer_yank,integer_fromflo,vector_float_yankdup,float_ya,vector_float_butla,integer_sw,float_pop,exec_d,float_yankd,integer_max,exec_dup,exec_k,float_frominteger,float_mult,exec_noop,exec_p,exec_r,exec_s,vector_float_butlast,integer_flu,exec_y,float_mod,integer_ya,integer_yankdup,exec_stackdep,exec_do*ran,vector_float_index,vector_float_pop,exec_do*cou,vector_float_ta,vector_float_flu,float_add,exec_do*times,integer_shove,float_tan,vector_float_la,vector_float_indexof,float_sho,float_frominteg,integer_dup,vector_float_stackdepth,exec_sho,vector_float_replace,exec_swap,vector_float_rever,autoconstructive_integer_ra,exec_sw,integer_add,exec_flush,float_flu,float_cos,exec_flu,integer_mod,float_div,vector_float_leng,integer_inc,vector_float_yank,exec_rot,vector_float_flush,float_dec,vector_float_set,integer_pop,vector_float_shove,exec_pop,vector_float_take,vector_float_concat,vector_float_pusha,vector_float_ya,vector_float_remo,float_sin,autoconstructive_integer_rand,vector_float_length,exec_do*count,integer_sub,float_mu,exec_no,vector_float_re,float_dup,integer_r,integer_sho,vector_float_yankd,integer_stackdepth,integer_dec,exec,vector_float_replacefir,vector_float_nth,float_swap,vector_float_co,exec_ya,float_yank,float_flush,float_t,integer_d,integer_a,integer_m,integer_i,vector_float_subv,integer_s,integer_p,vector_float_repla,vector_float_sw
0.000265620849674,0.00349994531335,0.000484367431759,0.000124998046906,0.00140622802769,0.00103123388697,0.000999984375244,6.24990234528e-05,4.68742675896e-05,4.68742675896e-05,0.000890611084202,0.00185934594772,0.000953110107655,1.56247558632e-05,1.56247558632e-05,0.000171872314495,0.000156247558632,1.56247558632e-05,0.00320307495195,0.00115623193388,0.000171872314495,0.001484351807,0.0,0.00214059155326,0.000124998046906,0.000109373291042,7.81237793159e-05,0.00124998046906,0.000546866455212,6.24990234528e-05,0.00129685473664,0.0,0.000312495117264,0.00068748925798,0.0,1.56247558632e-05,9.37485351791e-05,0.0,7.81237793159e-05,3.12495117264e-05,0.00339057202231,0.00335932251059,0.000421868408306,0.00140622802769,0.0013593537601,4.68742675896e-05,0.00229683911189,0.00192184497117,0.00309370166091,0.000843736816612,0.00249996093811,9.37485351791e-05,0.000796862549023,0.000171872314495,0.00121873095733,0.000671864502117,0.000656239746254,0.0010624833987,0.000218746582085,0.00162497460977,0.00484367431759,0.00120310620147,7.81237793159e-05,0.00214059155326,3.12495117264e-05,3.12495117264e-05,0.000109373291042,0.000218746582085,6.24990234528e-05,1.56247558632e-05,0.00264058374088,0.00267183325261,0.00171872314495,0.00353119482508,0.00265620849674,0.00112498242215,0.0,3.12495117264e-05,0.000749988281433,0.00103123388697,0.0,0.00123435571319,0.00229683911189,0.000265620849674,0.000859361572475,0.000171872314495,0.000109373291042,0.0,0.000953110107655,7.81237793159e-05,1.56247558632e-05,0.0,0.000984359619381,0.000796862549023,0.000749988281433,0.00146872705114,3.12495117264e-05,0.000281245605537,3.12495117264e-05,0.000109373291042,0.000968734863518,0.000921860595928,1.56247558632e-05,0.00112498242215,0.00107810815456,1.56247558632e-05,7.81237793159e-05,0.0,0.000859361572475,6.24990234528e-05,0.0,0.000531241699348,1.56247558632e-05,0.00104685864283,0.00142185278355,9.37485351791e-05,0.00171872314495,0.000562491211075,0.00073436352557,0.000953110107655,0.0028437055671,0.00171872314495,0.000921860595928,0.00168747363322,0.000859361572475,0.000999984375244,0.0010624833987,0.000296870361401,0.0,3.12495117264e-05,4.68742675896e-05,0.00228121435603,0.0028437055671,0.0011874814456,0.00189059545945,7.81237793159e-05,4.68742675896e-05,1.56247558632e-05,0.000578115966938,0.000109373291042,1.56247558632e-05,4.68742675896e-05,0.000828112060749,0.00156247558632,0.000218746582085,3.12495117264e-05,0.00139060327182,0.00110935766629,4.68742675896e-05,0.000109373291042,0.00126560522492,0.00115623193388,6.24990234528e-05,0.000281245605537,0.0,0.000249996093811,3.12495117264e-05,3.12495117264e-05,3.12495117264e-05,1.56247558632e-05,0.000109373291042,0.00039061889658
Gen 64
float_yankdup,integer_swap,vector_float_conj,vector_float_conc,vector_float_occurrencesof,vector_float_replacefirst,vector_float_rest,vector_float_p,vector_float_s,vector_float_r,vector_float_first,integer_fromfloat,vector_float_last,vector_float_d,float_sw,exec_yankd,vector_float_n,exec_do*tim,exec_yankdup,exec_yank,integer_mu,vector_float_remove,vector_float_fir,exec_do*vector_float,float_p,float_r,vector_float_stackdep,vector_float_dup,vector_float_subvec,float_i,exec_do*range,integer_yankd,float_m,integer_rot,float_a,float_c,float_d,integer_stackdep,float_s,vector_float_occurrences,exec_stackdepth,vector_float_swap,vector_float_reverse,float_stackdepth,float_max,exec_do*vector_flo,float_min,vector_float_rot,float_rot,exec_shove,vector_float_pushall,float_stackdep,float_sub,vector_float_sho,integer_div,integer_mult,integer_min,float_shove,integer_flush,float_inc,in1,integer_yank,integer_fromflo,vector_float_yankdup,float_ya,vector_float_butla,integer_sw,float_pop,exec_d,float_yankd,integer_max,exec_dup,exec_k,float_frominteger,float_mult,exec_noop,exec_p,exec_r,exec_s,vector_float_butlast,integer_flu,exec_y,float_mod,integer_ya,integer_yankdup,exec_stackdep,exec_do*ran,vector_float_index,vector_float_pop,exec_do*cou,vector_float_ta,vector_float_flu,float_add,exec_do*times,integer_shove,float_tan,vector_float_la,vector_float_indexof,float_sho,float_frominteg,integer_dup,vector_float_stackdepth,exec_sho,vector_float_replace,exec_swap,vector_float_rever,autoconstructive_integer_ra,exec_sw,integer_add,exec_flush,float_flu,float_cos,exec_flu,integer_mod,float_div,vector_float_leng,integer_inc,vector_float_yank,exec_rot,vector_float_flush,float_dec,vector_float_set,integer_pop,vector_float_shove,exec_pop,vector_float_take,vector_float_concat,vector_float_pusha,vector_float_ya,vector_float_remo,float_sin,autoconstructive_integer_rand,vector_float_length,exec_do*count,integer_sub,float_mu,exec_no,vector_float_re,float_dup,integer_r,integer_sho,vector_float_yankd,integer_stackdepth,integer_dec,exec,vector_float_replacefir,vector_float_nth,float_swap,vector_float_co,exec_ya,float_yank,float_flush,float_t,integer_d,integer_a,integer_m,integer_i,vector_float_subv,integer_s,integer_p,vector_float_repla,vector_float_sw
0.000430762603652,0.00323071952739,0.000553837633267,0.000169228165721,0.00130767218966,0.000599990769373,0.000615375148075,1.53843787019e-05,3.07687574037e-05,9.23062722112e-05,0.000676912662882,0.00159997538499,0.000692297041584,1.53843787019e-05,0.0,7.69218935093e-05,0.000199996923124,1.53843787019e-05,0.00321533514869,0.00116921278134,0.00024615005923,0.00118459716004,3.07687574037e-05,0.0016461285211,6.15375148075e-05,1.53843787019e-05,1.53843787019e-05,0.00123075029615,0.00066152828418,3.07687574037e-05,0.000969215858218,1.53843787019e-05,0.000292303195335,0.000599990769373,3.07687574037e-05,0.0,0.000107690650913,1.53843787019e-05,4.61531361056e-05,4.61531361056e-05,0.00287687881725,0.00313841325518,0.000369225088845,0.00141536284057,0.000953831479516,4.61531361056e-05,0.00198458485254,0.00150766911278,0.00264611313672,0.000938447100814,0.00230765680528,0.000184612544422,0.000507684497162,6.15375148075e-05,0.00133844094706,0.000676912662882,0.000569222011969,0.000861525207305,0.000430762603652,0.00156920662759,0.00446146982354,0.000815372071199,4.61531361056e-05,0.00172305041461,6.15375148075e-05,3.07687574037e-05,0.000199996923124,0.000276918816634,6.15375148075e-05,1.53843787019e-05,0.00199996923124,0.00267688189412,0.00133844094706,0.00315379763388,0.00227688804788,0.00121536591745,1.53843787019e-05,0.0,0.000692297041584,0.000723065798988,0.0,0.000984600236919,0.00218458177566,0.000169228165721,0.000384609467547,0.000199996923124,0.000169228165721,1.53843787019e-05,0.000923062722112,6.15375148075e-05,0.0,3.07687574037e-05,0.00090767834341,0.000507684497162,0.00049230011846,0.00116921278134,1.53843787019e-05,0.000323071952739,3.07687574037e-05,0.000107690650913,0.000753834556391,0.00101536899432,0.0,0.000769218935093,0.000676912662882,0.0,9.23062722112e-05,4.61531361056e-05,0.000815372071199,4.61531361056e-05,1.53843787019e-05,0.000538453254565,0.0,0.000861525207305,0.00113844402394,3.07687574037e-05,0.00169228165721,0.000676912662882,0.000569222011969,0.000999984615621,0.00241534745619,0.0016768972785,0.000984600236919,0.00150766911278,0.000753834556391,0.000999984615621,0.00110767526653,0.000107690650913,0.0,7.69218935093e-05,7.69218935093e-05,0.00187689420163,0.0024615005923,0.00110767526653,0.00153843787019,7.69218935093e-05,0.000169228165721,0.0,0.000723065798988,1.53843787019e-05,0.0,0.0,0.000861525207305,0.000953831479516,0.000446146982354,3.07687574037e-05,0.00146151597668,0.000938447100814,1.53843787019e-05,0.000107690650913,0.00103075337303,0.000815372071199,4.61531361056e-05,0.000307687574037,0.0,0.000123075029615,0.0,4.61531361056e-05,1.53843787019e-05,1.53843787019e-05,4.61531361056e-05,0.000476915739758
Gen 65
float_yankdup,integer_swap,vector_float_conj,vector_float_conc,vector_float_occurrencesof,vector_float_replacefirst,vector_float_rest,vector_float_p,vector_float_s,vector_float_r,vector_float_first,integer_fromfloat,vector_float_last,vector_float_d,float_sw,exec_yankd,vector_float_n,exec_do*tim,exec_yankdup,exec_yank,integer_mu,vector_float_remove,vector_float_fir,exec_do*vector_float,float_p,float_r,vector_float_stackdep,vector_float_dup,vector_float_subvec,float_i,exec_do*range,integer_yankd,float_m,integer_rot,float_a,float_c,float_d,integer_stackdep,float_s,vector_float_occurrences,exec_stackdepth,vector_float_swap,vector_float_reverse,float_stackdepth,float_max,exec_do*vector_flo,float_min,vector_float_rot,float_rot,exec_shove,vector_float_pushall,float_stackdep,float_sub,vector_float_sho,integer_div,integer_mult,integer_min,float_shove,integer_flush,float_inc,in1,integer_yank,integer_fromflo,vector_float_yankdup,float_ya,vector_float_butla,integer_sw,float_pop,exec_d,float_yankd,integer_max,exec_dup,exec_k,float_frominteger,float_mult,exec_noop,exec_p,exec_r,exec_s,vector_float_butlast,integer_flu,exec_y,float_mod,integer_ya,integer_yankdup,exec_stackdep,exec_do*ran,vector_float_index,vector_float_pop,exec_do*cou,vector_float_ta,vector_float_flu,float_add,exec_do*times,integer_shove,float_tan,vector_float_la,vector_float_indexof,float_sho,float_frominteg,integer_dup,vector_float_stackdepth,exec_sho,vector_float_replace,exec_swap,vector_float_rever,autoconstructive_integer_ra,exec_sw,integer_add,exec_flush,float_flu,float_cos,exec_flu,integer_mod,float_div,vector_float_leng,integer_inc,vector_float_yank,exec_rot,vector_float_flush,float_dec,vector_float_set,integer_pop,vector_float_shove,exec_pop,vector_float_take,vector_float_concat,vector_float_pusha,vector_float_ya,vector_float_remo,float_sin,autoconstructive_integer_rand,vector_float_length,exec_do*count,integer_sub,float_mu,exec_no,vector_float_re,float_dup,integer_r,integer_sho,vector_float_yankd,integer_stackdepth,integer_dec,exec,vector_float_replacefir,vector_float_nth,float_swap,vector_float_co,exec_ya,float_yank,float_flush,float_t,integer_d,integer_a,integer_m,integer_i,vector_float_subv,integer_s,integer_p,vector_float_repla,vector_float_sw
0.000196966712626,0.00301510583173,0.000651505280223,0.000318176997318,0.00134846441721,0.00057574885229,0.000696959136983,7.57564279329e-05,4.54538567597e-05,0.000151512855866,0.000696959136983,0.0016969439857,0.000681807851396,0.0,0.0,6.06051423463e-05,0.000166664141452,0.0,0.00253026469296,0.00106058999106,0.000151512855866,0.00122725413251,0.0,0.00145452341631,6.06051423463e-05,7.57564279329e-05,4.54538567597e-05,0.00104543870547,0.000499992424357,6.06051423463e-05,0.000878774564022,1.51512855866e-05,0.000303025711732,0.000681807851396,1.51512855866e-05,0.0,0.000121210284693,0.0,0.0,0.0,0.00287874426145,0.00303025711732,0.000318176997318,0.00113634641899,0.000954530991955,3.03025711732e-05,0.00195451584067,0.00159088498659,0.00221208769564,0.000848471992849,0.0018030029848,0.000121210284693,0.000651505280223,0.000166664141452,0.00127270798927,0.000469689853184,0.000742412993743,0.000727261708156,0.000272723140558,0.00140906955955,0.00399993939486,0.000833320707262,0.0,0.00172724655687,7.57564279329e-05,0.0,0.000166664141452,0.000272723140558,0.0,4.54538567597e-05,0.00181815427039,0.00219693641005,0.00119695156134,0.00296965197497,0.00196966712626,0.000984833563128,1.51512855866e-05,1.51512855866e-05,0.000590900137877,0.00109089256223,1.51512855866e-05,0.000863623278435,0.00216663383888,7.57564279329e-05,0.000393933425251,0.000151512855866,9.09077135195e-05,1.51512855866e-05,0.00066665656581,4.54538567597e-05,3.03025711732e-05,0.0,0.000999984848714,0.00053029499553,0.000499992424357,0.00107574127665,3.03025711732e-05,0.000318176997318,1.51512855866e-05,9.09077135195e-05,0.000909077135195,0.000969682277541,0.0,0.000772715564916,0.000772715564916,0.0,1.51512855866e-05,0.0,0.000636353994636,1.51512855866e-05,3.03025711732e-05,0.00053029499553,0.0,0.000787866850502,0.00119695156134,4.54538567597e-05,0.00121210284693,0.00057574885229,0.00066665656581,0.00106058999106,0.00206057483978,0.00140906955955,0.000939379706368,0.00149997727307,0.000636353994636,0.000954530991955,0.000848471992849,7.57564279329e-05,0.0,6.06051423463e-05,6.06051423463e-05,0.00190906198391,0.00213633126771,0.000833320707262,0.00156058241542,9.09077135195e-05,3.03025711732e-05,0.0,0.000757564279329,0.0,0.0,4.54538567597e-05,0.000984833563128,0.00133331313162,0.000333328282905,0.0,0.00143937213073,0.00106058999106,1.51512855866e-05,0.000136361570279,0.000848471992849,0.00057574885229,0.000121210284693,0.000196966712626,0.0,0.000121210284693,1.51512855866e-05,0.0,6.06051423463e-05,1.51512855866e-05,4.54538567597e-05,0.000303025711732
Gen 66
float_yankdup,integer_swap,vector_float_conj,vector_float_conc,vector_float_occurrencesof,vector_float_replacefirst,vector_float_rest,vector_float_p,vector_float_s,vector_float_r,vector_float_first,integer_fromfloat,vector_float_last,vector_float_d,float_sw,exec_yankd,vector_float_n,exec_do*tim,exec_yankdup,exec_yank,integer_mu,vector_float_remove,vector_float_fir,exec_do*vector_float,float_p,float_r,vector_float_stackdep,vector_float_dup,vector_float_subvec,float_i,exec_do*range,integer_yankd,float_m,integer_rot,float_a,float_c,float_d,integer_stackdep,float_s,vector_float_occurrences,exec_stackdepth,vector_float_swap,vector_float_reverse,float_stackdepth,float_max,exec_do*vector_flo,float_min,vector_float_rot,float_rot,exec_shove,vector_float_pushall,float_stackdep,float_sub,vector_float_sho,integer_div,integer_mult,integer_min,float_shove,integer_flush,float_inc,in1,integer_yank,integer_fromflo,vector_float_yankdup,float_ya,vector_float_butla,integer_sw,float_pop,exec_d,float_yankd,integer_max,exec_dup,exec_k,float_frominteger,float_mult,exec_noop,exec_p,exec_r,exec_s,vector_float_butlast,integer_flu,exec_y,float_mod,integer_ya,integer_yankdup,exec_stackdep,exec_do*ran,vector_float_index,vector_float_pop,exec_do*cou,vector_float_ta,vector_float_flu,float_add,exec_do*times,integer_shove,float_tan,vector_float_la,vector_float_indexof,float_sho,float_frominteg,integer_dup,vector_float_stackdepth,exec_sho,vector_float_replace,exec_swap,vector_float_rever,autoconstructive_integer_ra,exec_sw,integer_add,exec_flush,float_flu,float_cos,exec_flu,integer_mod,float_div,vector_float_leng,integer_inc,vector_float_yank,exec_rot,vector_float_flush,float_dec,vector_float_set,integer_pop,vector_float_shove,exec_pop,vector_float_take,vector_float_concat,vector_float_pusha,vector_float_ya,vector_float_remo,float_sin,autoconstructive_integer_rand,vector_float_length,exec_do*count,integer_sub,float_mu,exec_no,vector_float_re,float_dup,integer_r,integer_sho,vector_float_yankd,integer_stackdepth,integer_dec,exec,vector_float_replacefir,vector_float_nth,float_swap,vector_float_co,exec_ya,float_yank,float_flush,float_t,integer_d,integer_a,integer_m,integer_i,vector_float_subv,integer_s,integer_p,vector_float_repla,vector_float_sw
0.000388053909643,0.00274622766824,0.000597006014836,0.000119401202967,0.00102983537559,0.000611931165206,0.000537305413352,2.98503007418e-05,0.0,0.000104476052596,0.000537305413352,0.00152236533783,0.000611931165206,1.49251503709e-05,1.49251503709e-05,5.97006014836e-05,0.000388053909643,1.49251503709e-05,0.002253697706,0.00099998507485,0.000298503007418,0.00131341323264,1.49251503709e-05,0.00123878748078,0.000119401202967,2.98503007418e-05,2.98503007418e-05,0.000716407217803,0.000567155714094,4.47754511127e-05,0.00101491022522,0.0,0.000134326353338,0.000388053909643,2.98503007418e-05,1.49251503709e-05,5.97006014836e-05,4.47754511127e-05,4.47754511127e-05,2.98503007418e-05,0.00240294920971,0.00295517977344,0.000417904210385,0.00105968567633,0.00123878748078,4.47754511127e-05,0.00150744018746,0.00140296413486,0.0021044462023,0.000910434172624,0.00194026954822,8.95509022253e-05,0.000462679661498,0.000104476052596,0.00140296413486,0.000417904210385,0.000791032969657,0.000880583871883,0.000149251503709,0.00129848808227,0.00401486544977,0.000701482067432,1.49251503709e-05,0.00162684139043,0.000104476052596,5.97006014836e-05,0.000208952105192,0.000194026954822,4.47754511127e-05,2.98503007418e-05,0.0015372904882,0.00226862285638,0.00101491022522,0.00291040432232,0.00180594319488,0.000910434172624,1.49251503709e-05,2.98503007418e-05,0.000582080864465,0.000895509022253,1.49251503709e-05,0.000716407217803,0.00205967075118,5.97006014836e-05,0.000432829360756,0.000223877255563,1.49251503709e-05,0.0,0.000716407217803,5.97006014836e-05,0.0,1.49251503709e-05,0.000582080864465,0.000492529962239,0.000462679661498,0.00099998507485,0.0,0.000283577857047,2.98503007418e-05,4.47754511127e-05,0.000731332368174,0.00114923657856,2.98503007418e-05,0.000641781465948,0.000567155714094,0.0,4.47754511127e-05,1.49251503709e-05,0.000731332368174,0.0,0.0,0.000597006014836,0.0,0.000477604811868,0.0011790868793,5.97006014836e-05,0.00108953597707,0.000402979060014,0.000731332368174,0.000805958120028,0.0021044462023,0.00135818868375,0.000850733571141,0.00170146714228,0.000537305413352,0.000880583871883,0.000746257518544,2.98503007418e-05,0.0,0.000119401202967,5.97006014836e-05,0.00155221563857,0.00234324860823,0.000820883270399,0.00146266473635,5.97006014836e-05,1.49251503709e-05,1.49251503709e-05,0.000686556917061,0.0,4.47754511127e-05,8.95509022253e-05,0.000820883270399,0.0012835629319,0.000283577857047,1.49251503709e-05,0.00131341323264,0.000761182668915,0.0,2.98503007418e-05,0.000761182668915,0.000552230563723,7.46257518544e-05,0.000373128759272,2.98503007418e-05,0.000134326353338,0.0,0.0,5.97006014836e-05,1.49251503709e-05,2.98503007418e-05,0.000238802405934
Gen 67
float_yankdup,integer_swap,vector_float_conj,vector_float_conc,vector_float_occurrencesof,vector_float_replacefirst,vector_float_rest,vector_float_p,vector_float_s,vector_float_r,vector_float_first,integer_fromfloat,vector_float_last,vector_float_d,float_sw,exec_yankd,vector_float_n,exec_do*tim,exec_yankdup,exec_yank,integer_mu,vector_float_remove,vector_float_fir,exec_do*vector_float,float_p,float_r,vector_float_stackdep,vector_float_dup,vector_float_subvec,float_i,exec_do*range,integer_yankd,float_m,integer_rot,float_a,float_c,float_d,integer_stackdep,float_s,vector_float_occurrences,exec_stackdepth,vector_float_swap,vector_float_reverse,float_stackdepth,float_max,exec_do*vector_flo,float_min,vector_float_rot,float_rot,exec_shove,vector_float_pushall,float_stackdep,float_sub,vector_float_sho,integer_div,integer_mult,integer_min,float_shove,integer_flush,float_inc,in1,integer_yank,integer_fromflo,vector_float_yankdup,float_ya,vector_float_butla,integer_sw,float_pop,exec_d,float_yankd,integer_max,exec_dup,exec_k,float_frominteger,float_mult,exec_noop,exec_p,exec_r,exec_s,vector_float_butlast,integer_flu,exec_y,float_mod,integer_ya,integer_yankdup,exec_stackdep,exec_do*ran,vector_float_index,vector_float_pop,exec_do*cou,vector_float_ta,vector_float_flu,float_add,exec_do*times,integer_shove,float_tan,vector_float_la,vector_float_indexof,float_sho,float_frominteg,integer_dup,vector_float_stackdepth,exec_sho,vector_float_replace,exec_swap,vector_float_rever,autoconstructive_integer_ra,exec_sw,integer_add,exec_flush,float_flu,float_cos,exec_flu,integer_mod,float_div,vector_float_leng,integer_inc,vector_float_yank,exec_rot,vector_float_flush,float_dec,vector_float_set,integer_pop,vector_float_shove,exec_pop,vector_float_take,vector_float_concat,vector_float_pusha,vector_float_ya,vector_float_remo,float_sin,autoconstructive_integer_rand,vector_float_length,exec_do*count,integer_sub,float_mu,exec_no,vector_float_re,float_dup,integer_r,integer_sho,vector_float_yankd,integer_stackdepth,integer_dec,exec,vector_float_replacefir,vector_float_nth,float_swap,vector_float_co,exec_ya,float_yank,float_flush,float_t,integer_d,integer_a,integer_m,integer_i,vector_float_subv,integer_s,integer_p,vector_float_repla,vector_float_sw
0.000323524654049,0.00339700886752,0.000632343642005,0.00023529065749,0.00133821561448,0.000764694636844,0.000911751297775,1.47056660931e-05,2.94113321863e-05,0.000117645328745,0.000852928633402,0.00177938559727,0.000602932309819,0.0,0.000132350994838,8.82339965589e-05,0.000161762327025,0.0,0.00270584256114,0.000852928633402,0.000147056660931,0.00120586461964,0.0,0.00154409493978,0.000294113321863,1.47056660931e-05,1.47056660931e-05,0.00104410229261,0.000485286981074,4.41169982794e-05,0.0012940986162,0.0,0.000102939662652,0.000661754974192,2.94113321863e-05,0.0,0.000132350994838,4.41169982794e-05,2.94113321863e-05,5.88226643726e-05,0.00297054455082,0.00336759753533,0.000411758650608,0.0012940986162,0.00135292128057,4.41169982794e-05,0.00199997058867,0.0019411479243,0.00219114424788,0.00079410596903,0.00226467257834,5.88226643726e-05,0.000676460640285,4.41169982794e-05,0.0017058572668,0.000602932309819,0.000676460640285,0.00110292495699,0.000249996323583,0.00161762327025,0.00441169982794,0.000911751297775,2.94113321863e-05,0.00183820826164,7.35283304657e-05,0.0,0.000102939662652,0.00027940765577,5.88226643726e-05,0.0,0.00154409493978,0.00222055558006,0.00132350994838,0.00327936353877,0.00226467257834,0.000852928633402,0.0,2.94113321863e-05,0.000588226643726,0.000999985294334,0.0,0.00110292495699,0.002367612241,5.88226643726e-05,0.000632343642005,0.000147056660931,4.41169982794e-05,0.0,0.000764694636844,4.41169982794e-05,0.0,0.0,0.000735283304657,0.000838222967309,0.000735283304657,0.0010735136248,1.47056660931e-05,0.000205879325304,2.94113321863e-05,7.35283304657e-05,0.000779400302937,0.000808811635123,1.47056660931e-05,0.00108821929089,0.000911751297775,0.0,2.94113321863e-05,1.47056660931e-05,0.000661754974192,4.41169982794e-05,1.47056660931e-05,0.00101469096043,0.0,0.000661754974192,0.0012940986162,2.94113321863e-05,0.00145586094322,0.00051469831326,0.000852928633402,0.000985279628241,0.00251466890193,0.00144115527713,0.000823517301216,0.0017058572668,0.000573520977633,0.000985279628241,0.00074998897075,5.88226643726e-05,2.94113321863e-05,0.000102939662652,5.88226643726e-05,0.00183820826164,0.00258819723239,0.000970573962148,0.0017205629329,5.88226643726e-05,1.47056660931e-05,4.41169982794e-05,0.000911751297775,5.88226643726e-05,0.0,7.35283304657e-05,0.00104410229261,0.0017205629329,0.000441169982794,0.0,0.00147056660931,0.000955868296054,0.0,8.82339965589e-05,0.000897045631682,0.000911751297775,4.41169982794e-05,0.000529403979353,0.000132350994838,5.88226643726e-05,0.0,0.0,2.94113321863e-05,0.0,2.94113321863e-05,0.000382347318422
Gen 68
float_yankdup,integer_swap,vector_float_conj,vector_float_conc,vector_float_occurrencesof,vector_float_replacefirst,vector_float_rest,vector_float_p,vector_float_s,vector_float_r,vector_float_first,integer_fromfloat,vector_float_last,vector_float_d,float_sw,exec_yankd,vector_float_n,exec_do*tim,exec_yankdup,exec_yank,integer_mu,vector_float_remove,vector_float_fir,exec_do*vector_float,float_p,float_r,vector_float_stackdep,vector_float_dup,vector_float_subvec,float_i,exec_do*range,integer_yankd,float_m,integer_rot,float_a,float_c,float_d,integer_stackdep,float_s,vector_float_occurrences,exec_stackdepth,vector_float_swap,vector_float_reverse,float_stackdepth,float_max,exec_do*vector_flo,float_min,vector_float_rot,float_rot,exec_shove,vector_float_pushall,float_stackdep,float_sub,vector_float_sho,integer_div,integer_mult,integer_min,float_shove,integer_flush,float_inc,in1,integer_yank,integer_fromflo,vector_float_yankdup,float_ya,vector_float_butla,integer_sw,float_pop,exec_d,float_yankd,integer_max,exec_dup,exec_k,float_frominteger,float_mult,exec_noop,exec_p,exec_r,exec_s,vector_float_butlast,integer_flu,exec_y,float_mod,integer_ya,integer_yankdup,exec_stackdep,exec_do*ran,vector_float_index,vector_float_pop,exec_do*cou,vector_float_ta,vector_float_flu,float_add,exec_do*times,integer_shove,float_tan,vector_float_la,vector_float_indexof,float_sho,float_frominteg,integer_dup,vector_float_stackdepth,exec_sho,vector_float_replace,exec_swap,vector_float_rever,autoconstructive_integer_ra,exec_sw,integer_add,exec_flush,float_flu,float_cos,exec_flu,integer_mod,float_div,vector_float_leng,integer_inc,vector_float_yank,exec_rot,vector_float_flush,float_dec,vector_float_set,integer_pop,vector_float_shove,exec_pop,vector_float_take,vector_float_concat,vector_float_pusha,vector_float_ya,vector_float_remo,float_sin,autoconstructive_integer_rand,vector_float_length,exec_do*count,integer_sub,float_mu,exec_no,vector_float_re,float_dup,integer_r,integer_sho,vector_float_yankd,integer_stackdepth,integer_dec,exec,vector_float_replacefir,vector_float_nth,float_swap,vector_float_co,exec_ya,float_yank,float_flush,float_t,integer_d,integer_a,integer_m,integer_i,vector_float_subv,integer_s,integer_p,vector_float_repla,vector_float_sw
0.000333328502485,0.00295647889161,0.000579701743453,0.000144925435863,0.0013767916407,0.000565209199867,0.000753612266489,0.0,4.3477630759e-05,8.69552615179e-05,0.000811582440834,0.00128983637918,0.000579701743453,1.44925435863e-05,5.79701743453e-05,2.89850871726e-05,0.000173910523036,0.0,0.00273909073782,0.000855060071593,0.000173910523036,0.00121737366125,0.0,0.00139128418429,0.000260865784554,2.89850871726e-05,0.0,0.000855060071593,0.000594194287039,2.89850871726e-05,0.00113041839973,0.0,0.000115940348691,0.000536224112694,2.89850871726e-05,1.44925435863e-05,0.000188403066622,2.89850871726e-05,0.0,4.3477630759e-05,0.00234779206098,0.00294198634802,0.000420283764003,0.00155070216374,0.0013767916407,1.44925435863e-05,0.00175359777395,0.00163765742525,0.00195649338415,0.000739119722903,0.00246373240968,0.000101447805104,0.000536224112694,0.000115940348691,0.00173910523036,0.000695642092144,0.000681149548557,0.000971000420284,0.000202895610209,0.00156519470732,0.00418834509645,0.000956507876697,4.3477630759e-05,0.00165214996884,5.79701743453e-05,4.3477630759e-05,0.000217388153795,0.000405791220417,2.89850871726e-05,0.0,0.00149273198939,0.00236228460457,0.0013767916407,0.00295647889161,0.00176809031753,0.000840567528007,1.44925435863e-05,1.44925435863e-05,0.000405791220417,0.00098549296387,0.0,0.00117389603049,0.00237677714816,4.3477630759e-05,0.000652164461385,0.000217388153795,7.24627179316e-05,0.0,0.000724627179316,8.69552615179e-05,2.89850871726e-05,1.44925435863e-05,0.000652164461385,0.000666657004971,0.000536224112694,0.00107244822539,0.0,0.000188403066622,4.3477630759e-05,5.79701743453e-05,0.000681149548557,0.000855060071593,0.0,0.000739119722903,0.00107244822539,4.3477630759e-05,2.89850871726e-05,2.89850871726e-05,0.000652164461385,8.69552615179e-05,0.0,0.000753612266489,0.0,0.000623179374212,0.00120288111766,5.79701743453e-05,0.00120288111766,0.000347821046072,0.000666657004971,0.000999985507456,0.0023332995174,0.0013767916407,0.000811582440834,0.00189852320981,0.000521731569108,0.000666657004971,0.000608686830626,4.3477630759e-05,0.0,4.3477630759e-05,5.79701743453e-05,0.00153620962015,0.00226083679947,0.00121737366125,0.0015941797945,5.79701743453e-05,2.89850871726e-05,0.0,0.000898537702352,0.0,0.0,2.89850871726e-05,0.00071013463573,0.00150722453298,0.000318835958899,2.89850871726e-05,0.0012753438356,0.000724627179316,1.44925435863e-05,7.24627179316e-05,0.000782597353662,0.000666657004971,7.24627179316e-05,0.000652164461385,8.69552615179e-05,0.000173910523036,0.0,0.0,5.79701743453e-05,1.44925435863e-05,0.0,0.000304343415313
Gen 69
float_yankdup,integer_swap,vector_float_conj,vector_float_conc,vector_float_occurrencesof,vector_float_replacefirst,vector_float_rest,vector_float_p,vector_float_s,vector_float_r,vector_float_first,integer_fromfloat,vector_float_last,vector_float_d,float_sw,exec_yankd,vector_float_n,exec_do*tim,exec_yankdup,exec_yank,integer_mu,vector_float_remove,vector_float_fir,exec_do*vector_float,float_p,float_r,vector_float_stackdep,vector_float_dup,vector_float_subvec,float_i,exec_do*range,integer_yankd,float_m,integer_rot,float_a,float_c,float_d,integer_stackdep,float_s,vector_float_occurrences,exec_stackdepth,vector_float_swap,vector_float_reverse,float_stackdepth,float_max,exec_do*vector_flo,float_min,vector_float_rot,float_rot,exec_shove,vector_float_pushall,float_stackdep,float_sub,vector_float_sho,integer_div,integer_mult,integer_min,float_shove,integer_flush,float_inc,in1,integer_yank,integer_fromflo,vector_float_yankdup,float_ya,vector_float_butla,integer_sw,float_pop,exec_d,float_yankd,integer_max,exec_dup,exec_k,float_frominteger,float_mult,exec_noop,exec_p,exec_r,exec_s,vector_float_butlast,integer_flu,exec_y,float_mod,integer_ya,integer_yankdup,exec_stackdep,exec_do*ran,vector_float_index,vector_float_pop,exec_do*cou,vector_float_ta,vector_float_flu,float_add,exec_do*times,integer_shove,float_tan,vector_float_la,vector_float_indexof,float_sho,float_frominteg,integer_dup,vector_float_stackdepth,exec_sho,vector_float_replace,exec_swap,vector_float_rever,autoconstructive_integer_ra,exec_sw,integer_add,exec_flush,float_flu,float_cos,exec_flu,integer_mod,float_div,vector_float_leng,integer_inc,vector_float_yank,exec_rot,vector_float_flush,float_dec,vector_float_set,integer_pop,vector_float_shove,exec_pop,vector_float_take,vector_float_concat,vector_float_pusha,vector_float_ya,vector_float_remo,float_sin,autoconstructive_integer_rand,vector_float_length,exec_do*count,integer_sub,float_mu,exec_no,vector_float_re,float_dup,integer_r,integer_sho,vector_float_yankd,integer_stackdepth,integer_dec,exec,vector_float_replacefir,vector_float_nth,float_swap,vector_float_co,exec_ya,float_yank,float_flush,float_t,integer_d,integer_a,integer_m,integer_i,vector_float_subv,integer_s,integer_p,vector_float_repla,vector_float_sw
0.000257139183726,0.00315709775575,0.000485707347038,0.000214282653105,0.00151426408194,0.000471421836831,0.000699990000143,5.7142040828e-05,4.2856530621e-05,0.000128569591863,0.000771417551178,0.00168569020443,0.000385708775589,2.8571020414e-05,5.7142040828e-05,8.5713061242e-05,4.2856530621e-05,1.4285510207e-05,0.00279996000057,0.000942843673662,0.000114284081656,0.000985700204283,1.4285510207e-05,0.00128569591863,0.000314281224554,2.8571020414e-05,0.0,0.000942843673662,0.000499992857245,2.8571020414e-05,0.000785703061385,1.4285510207e-05,8.5713061242e-05,0.000585705918487,2.8571020414e-05,1.4285510207e-05,0.000171426122484,1.4285510207e-05,2.8571020414e-05,8.5713061242e-05,0.00257139183726,0.00278567449036,0.000371423265382,0.00135712346966,0.00105712775532,0.0,0.00155712061256,0.00177140326567,0.00189997285753,0.000628562449108,0.00202854244939,1.4285510207e-05,0.000557134898073,7.1427551035e-05,0.00132855244925,0.000557134898073,0.000485707347038,0.00085713061242,0.000114284081656,0.00128569591863,0.00418565449065,0.0010285567349,2.8571020414e-05,0.00169997571463,0.00014285510207,1.4285510207e-05,0.000128569591863,0.000357137755175,1.4285510207e-05,0.0,0.00135712346966,0.00191425836774,0.00131426693904,0.00295710061285,0.0018428308167,0.000828559592006,1.4285510207e-05,4.2856530621e-05,0.000414279796003,0.00099998571449,0.0,0.00112855530635,0.00261424836788,8.5713061242e-05,0.000642847959315,9.9998571449e-05,4.2856530621e-05,0.0,0.000442850816417,0.000114284081656,0.0,0.0,0.000685704489936,0.000671418979729,0.000457136326624,0.000899987143041,0.0,0.000171426122484,5.7142040828e-05,8.5713061242e-05,0.000614276938901,0.000685704489936,2.8571020414e-05,0.000814274081799,0.00105712775532,0.0,2.8571020414e-05,2.8571020414e-05,0.000385708775589,2.8571020414e-05,0.0,0.000928558163455,0.0,0.00057142040828,0.00118569734718,9.9998571449e-05,0.00128569591863,0.00042856530621,0.000599991428694,0.000971414694076,0.0024428222454,0.00149997857173,0.000628562449108,0.00151426408194,0.00057142040828,0.000814274081799,0.00057142040828,5.7142040828e-05,2.8571020414e-05,5.7142040828e-05,9.9998571449e-05,0.00144283653091,0.00237139469436,0.00115712632677,0.00155712061256,1.4285510207e-05,7.1427551035e-05,0.0,0.000899987143041,0.0,0.0,8.5713061242e-05,0.000671418979729,0.00139998000029,0.000299995714347,4.2856530621e-05,0.00117141183697,0.000557134898073,1.4285510207e-05,0.000114284081656,0.000957129183869,0.000599991428694,5.7142040828e-05,0.000928558163455,1.4285510207e-05,9.9998571449e-05,0.0,0.0,2.8571020414e-05,0.0,1.4285510207e-05,0.000214282653105
Gen 70
float_yankdup,integer_swap,vector_float_conj,vector_float_conc,vector_float_occurrencesof,vector_float_replacefirst,vector_float_rest,vector_float_p,vector_float_s,vector_float_r,vector_float_first,integer_fromfloat,vector_float_last,vector_float_d,float_sw,exec_yankd,vector_float_n,exec_do*tim,exec_yankdup,exec_yank,integer_mu,vector_float_remove,vector_float_fir,exec_do*vector_float,float_p,float_r,vector_float_stackdep,vector_float_dup,vector_float_subvec,float_i,exec_do*range,integer_yankd,float_m,integer_rot,float_a,float_c,float_d,integer_stackdep,float_s,vector_float_occurrences,exec_stackdepth,vector_float_swap,vector_float_reverse,float_stackdepth,float_max,exec_do*vector_flo,float_min,vector_float_rot,float_rot,exec_shove,vector_float_pushall,float_stackdep,float_sub,vector_float_sho,integer_div,integer_mult,integer_min,float_shove,integer_flush,float_inc,in1,integer_yank,integer_fromflo,vector_float_yankdup,float_ya,vector_float_butla,integer_sw,float_pop,exec_d,float_yankd,integer_max,exec_dup,exec_k,float_frominteger,float_mult,exec_noop,exec_p,exec_r,exec_s,vector_float_butlast,integer_flu,exec_y,float_mod,integer_ya,integer_yankdup,exec_stackdep,exec_do*ran,vector_float_index,vector_float_pop,exec_do*cou,vector_float_ta,vector_float_flu,float_add,exec_do*times,integer_shove,float_tan,vector_float_la,vector_float_indexof,float_sho,float_frominteg,integer_dup,vector_float_stackdepth,exec_sho,vector_float_replace,exec_swap,vector_float_rever,autoconstructive_integer_ra,exec_sw,integer_add,exec_flush,float_flu,float_cos,exec_flu,integer_mod,float_div,vector_float_leng,integer_inc,vector_float_yank,exec_rot,vector_float_flush,float_dec,vector_float_set,integer_pop,vector_float_shove,exec_pop,vector_float_take,vector_float_concat,vector_float_pusha,vector_float_ya,vector_float_remo,float_sin,autoconstructive_integer_rand,vector_float_length,exec_do*count,integer_sub,float_mu,exec_no,vector_float_re,float_dup,integer_r,integer_sho,vector_float_yankd,integer_stackdepth,integer_dec,exec,vector_float_replacefir,vector_float_nth,float_swap,vector_float_co,exec_ya,float_yank,float_flush,float_t,integer_d,integer_a,integer_m,integer_i,vector_float_subv,integer_s,integer_p,vector_float_repla,vector_float_sw
0.000422529260151,0.0023379952395,0.000338023408121,0.000126758778045,0.00118308192842,0.000830974211631,0.000563372346868,1.40843086717e-05,2.81686173434e-05,0.000112674469374,0.000591540964212,0.00136617794116,0.000253517556091,1.40843086717e-05,5.63372346868e-05,0.000253517556091,7.04215433585e-05,0.0,0.00225348938747,0.000774636976944,1.40843086717e-05,0.000915480063661,2.81686173434e-05,0.000971817298348,0.000239433247419,4.22529260151e-05,2.81686173434e-05,0.000619709581555,0.000478866494838,8.45058520303e-05,0.000957732989676,1.40843086717e-05,7.04215433585e-05,0.00066196250757,1.40843086717e-05,1.40843086717e-05,0.000154927395389,1.40843086717e-05,0.0,7.04215433585e-05,0.0020422247574,0.00271827157364,0.000323939099449,0.00121125054577,0.0011971662371,1.40843086717e-05,0.00143659948451,0.00161969549725,0.00163377980592,0.000732384050929,0.00199997183138,1.40843086717e-05,0.000422529260151,5.63372346868e-05,0.0011971662371,0.000647878198899,0.00040844495148,0.000802805594287,0.000169011704061,0.00111266038506,0.003732341798,0.000873227137646,7.04215433585e-05,0.00150702102787,0.000140843086717,1.40843086717e-05,8.45058520303e-05,0.000507035112182,1.40843086717e-05,0.0,0.00102815453303,0.00156335826256,0.00109857607639,0.002788693117,0.00184504443599,0.000605625272883,1.40843086717e-05,1.40843086717e-05,0.000309854790778,0.00098590160702,0.0,0.000957732989676,0.00211264630076,0.0,0.000605625272883,9.8590160702e-05,1.40843086717e-05,1.40843086717e-05,0.000478866494838,5.63372346868e-05,1.40843086717e-05,1.40843086717e-05,0.00057745665554,0.000507035112182,0.000690131124914,0.00105632315038,1.40843086717e-05,0.000169011704061,4.22529260151e-05,5.63372346868e-05,0.000549288038197,0.000704215433585,1.40843086717e-05,0.000633793890227,0.0011971662371,0.0,4.22529260151e-05,0.0,0.00040844495148,4.22529260151e-05,0.0,0.000633793890227,0.0,0.00040844495148,0.000943648681004,8.45058520303e-05,0.00105632315038,0.000521119420853,0.000521119420853,0.000619709581555,0.00216898353544,0.00140843086717,0.000704215433585,0.00150702102787,0.000633793890227,0.000746468359601,0.00057745665554,7.04215433585e-05,1.40843086717e-05,9.8590160702e-05,0.000112674469374,0.00118308192842,0.00201405614005,0.00108449176772,0.0011971662371,0.000112674469374,2.81686173434e-05,0.0,0.000563372346868,0.0,1.40843086717e-05,9.8590160702e-05,0.000549288038197,0.00145068379319,0.000281686173434,0.000112674469374,0.00136617794116,0.000436613568823,1.40843086717e-05,0.000154927395389,0.000830974211631,0.00049295080351,4.22529260151e-05,0.000605625272883,1.40843086717e-05,0.000140843086717,0.0,0.0,1.40843086717e-05,1.40843086717e-05,0.0,0.000253517556091
Gen 71
float_yankdup,integer_swap,vector_float_conj,vector_float_conc,vector_float_occurrencesof,vector_float_replacefirst,vector_float_rest,vector_float_p,vector_float_s,vector_float_r,vector_float_first,integer_fromfloat,vector_float_last,vector_float_d,float_sw,exec_yankd,vector_float_n,exec_do*tim,exec_yankdup,exec_yank,integer_mu,vector_float_remove,vector_float_fir,exec_do*vector_float,float_p,float_r,vector_float_stackdep,vector_float_dup,vector_float_subvec,float_i,exec_do*range,integer_yankd,float_m,integer_rot,float_a,float_c,float_d,integer_stackdep,float_s,vector_float_occurrences,exec_stackdepth,vector_float_swap,vector_float_reverse,float_stackdepth,float_max,exec_do*vector_flo,float_min,vector_float_rot,float_rot,exec_shove,vector_float_pushall,float_stackdep,float_sub,vector_float_sho,integer_div,integer_mult,integer_min,float_shove,integer_flush,float_inc,in1,integer_yank,integer_fromflo,vector_float_yankdup,float_ya,vector_float_butla,integer_sw,float_pop,exec_d,float_yankd,integer_max,exec_dup,exec_k,float_frominteger,float_mult,exec_noop,exec_p,exec_r,exec_s,vector_float_butlast,integer_flu,exec_y,float_mod,integer_ya,integer_yankdup,exec_stackdep,exec_do*ran,vector_float_index,vector_float_pop,exec_do*cou,vector_float_ta,vector_float_flu,float_add,exec_do*times,integer_shove,float_tan,vector_float_la,vector_float_indexof,float_sho,float_frominteg,integer_dup,vector_float_stackdepth,exec_sho,vector_float_replace,exec_swap,vector_float_rever,autoconstructive_integer_ra,exec_sw,integer_add,exec_flush,float_flu,float_cos,exec_flu,integer_mod,float_div,vector_float_leng,integer_inc,vector_float_yank,exec_rot,vector_float_flush,float_dec,vector_float_set,integer_pop,vector_float_shove,exec_pop,vector_float_take,vector_float_concat,vector_float_pusha,vector_float_ya,vector_float_remo,float_sin,autoconstructive_integer_rand,vector_float_length,exec_do*count,integer_sub,float_mu,exec_no,vector_float_re,float_dup,integer_r,integer_sho,vector_float_yankd,integer_stackdepth,integer_dec,exec,vector_float_replacefir,vector_float_nth,float_swap,vector_float_co,exec_ya,float_yank,float_flush,float_t,integer_d,integer_a,integer_m,integer_i,vector_float_subv,integer_s,integer_p,vector_float_repla,vector_float_sw
0.000569436535604,0.00261107484618,0.00041666087971,0.000138886959903,0.00124998263913,0.000652768711546,0.000722212191497,2.77773919807e-05,4.1666087971e-05,6.94434799517e-05,0.000680546103526,0.00155553395092,0.000333328703768,2.77773919807e-05,9.72208719323e-05,0.000111109567923,4.1666087971e-05,0.0,0.00234718962237,0.000583325231594,1.38886959903e-05,0.00105554089527,0.0,0.00131942611908,0.000263885223816,5.55547839613e-05,2.77773919807e-05,0.000986097415314,0.0004305495757,0.0,0.00084721045541,0.0,5.55547839613e-05,0.000541659143623,8.3332175942e-05,1.38886959903e-05,0.000166664351884,1.38886959903e-05,2.77773919807e-05,0.0,0.00206941570256,0.00293051485396,0.000347217399758,0.0012916487271,0.00102776350328,2.77773919807e-05,0.0017221983028,0.00176386439077,0.0018610852627,0.000722212191497,0.00213885918251,5.55547839613e-05,0.000444438271691,0.000124998263913,0.00130553742309,0.000499993055652,0.00084721045541,0.000791655671449,0.000194441743865,0.00126387133512,0.00393050096526,0.000777766975459,2.77773919807e-05,0.0018610852627,2.77773919807e-05,1.38886959903e-05,6.94434799517e-05,0.000513881751642,2.77773919807e-05,1.38886959903e-05,0.000888876543381,0.00183330787072,0.00109720698324,0.0027360731101,0.00220830266246,0.000888876543381,2.77773919807e-05,0.0,0.000319440007778,0.000930542631352,0.0,0.000916653935362,0.00241663310232,2.77773919807e-05,0.000555547839613,0.000180553047874,2.77773919807e-05,0.0,0.000541659143623,2.77773919807e-05,4.1666087971e-05,1.38886959903e-05,0.000763878279468,0.000569436535604,0.000611102623575,0.00119442785517,0.0,0.000236107831836,1.38886959903e-05,4.1666087971e-05,0.000736100887488,0.000305551311787,0.0,0.000652768711546,0.00126387133512,0.0,4.1666087971e-05,2.77773919807e-05,0.000486104359662,9.72208719323e-05,4.1666087971e-05,0.000791655671449,0.0,0.000458326967681,0.00104165219928,0.000138886959903,0.00106942959126,0.000361106095749,0.00084721045541,0.000763878279468,0.00224996875043,0.00141664699101,0.000555547839613,0.00162497743087,0.000499993055652,0.000569436535604,0.000513881751642,8.3332175942e-05,1.38886959903e-05,2.77773919807e-05,0.000222219135845,0.00145831307899,0.00226385744642,0.00120831655116,0.00130553742309,0.000124998263913,1.38886959903e-05,0.0,0.000763878279468,0.0,0.0,6.94434799517e-05,0.000736100887488,0.00147220177498,0.000388883487729,0.000124998263913,0.00133331481507,0.000611102623575,0.0,0.000166664351884,0.00081943306343,0.000638880015555,4.1666087971e-05,0.000791655671449,1.38886959903e-05,0.000138886959903,2.77773919807e-05,0.0,0.0,0.0,4.1666087971e-05,0.000347217399758
Gen 72
float_yankdup,integer_swap,vector_float_conj,vector_float_conc,vector_float_occurrencesof,vector_float_replacefirst,vector_float_rest,vector_float_p,vector_float_s,vector_float_r,vector_float_first,integer_fromfloat,vector_float_last,vector_float_d,float_sw,exec_yankd,vector_float_n,exec_do*tim,exec_yankdup,exec_yank,integer_mu,vector_float_remove,vector_float_fir,exec_do*vector_float,float_p,float_r,vector_float_stackdep,vector_float_dup,vector_float_subvec,float_i,exec_do*range,integer_yankd,float_m,integer_rot,float_a,float_c,float_d,integer_stackdep,float_s,vector_float_occurrences,exec_stackdepth,vector_float_swap,vector_float_reverse,float_stackdepth,float_max,exec_do*vector_flo,float_min,vector_float_rot,float_rot,exec_shove,vector_float_pushall,float_stackdep,float_sub,vector_float_sho,integer_div,integer_mult,integer_min,float_shove,integer_flush,float_inc,in1,integer_yank,integer_fromflo,vector_float_yankdup,float_ya,vector_float_butla,integer_sw,float_pop,exec_d,float_yankd,integer_max,exec_dup,exec_k,float_frominteger,float_mult,exec_noop,exec_p,exec_r,exec_s,vector_float_butlast,integer_flu,exec_y,float_mod,integer_ya,integer_yankdup,exec_stackdep,exec_do*ran,vector_float_index,vector_float_pop,exec_do*cou,vector_float_ta,vector_float_flu,float_add,exec_do*times,integer_shove,float_tan,vector_float_la,vector_float_indexof,float_sho,float_frominteg,integer_dup,vector_float_stackdepth,exec_sho,vector_float_replace,exec_swap,vector_float_rever,autoconstructive_integer_ra,exec_sw,integer_add,exec_flush,float_flu,float_cos,exec_flu,integer_mod,float_div,vector_float_leng,integer_inc,vector_float_yank,exec_rot,vector_float_flush,float_dec,vector_float_set,integer_pop,vector_float_shove,exec_pop,vector_float_take,vector_float_concat,vector_float_pusha,vector_float_ya,vector_float_remo,float_sin,autoconstructive_integer_rand,vector_float_length,exec_do*count,integer_sub,float_mu,exec_no,vector_float_re,float_dup,integer_r,integer_sho,vector_float_yankd,integer_stackdepth,integer_dec,exec,vector_float_replacefir,vector_float_nth,float_swap,vector_float_co,exec_ya,float_yank,float_flush,float_t,integer_d,integer_a,integer_m,integer_i,vector_float_subv,integer_s,integer_p,vector_float_repla,vector_float_sw
0.000506842372022,0.00264379940001,0.000342461062177,0.000136984424871,0.00132874892125,0.000643826796893,0.00101368474404,2.73968849742e-05,0.000150682867358,0.000136984424871,0.000630128354406,0.00167120998342,0.000287667292229,5.47937699484e-05,4.10953274613e-05,0.000164381309845,6.84922124354e-05,0.0,0.00253421186011,0.000712319009329,2.73968849742e-05,0.000904097204148,1.36984424871e-05,0.00143833646114,0.000315064177203,6.84922124354e-05,5.47937699484e-05,0.00102738318653,0.000410953274613,0.0,0.000808208106738,1.36984424871e-05,8.21906549225e-05,0.000410953274613,4.10953274613e-05,1.36984424871e-05,0.000123285982384,1.36984424871e-05,4.10953274613e-05,5.47937699484e-05,0.00238352899275,0.003178038657,0.000205476637306,0.00117806605389,0.00119176449638,6.84922124354e-05,0.00182189285078,0.00202736948809,0.00202736948809,0.000575334584458,0.0024383227627,5.47937699484e-05,0.000410953274613,8.21906549225e-05,0.00128765359379,0.000438350159587,0.000808208106738,0.000808208106738,0.000178079752332,0.00113697072643,0.00436980315338,0.00108217695648,1.36984424871e-05,0.00176709908083,1.36984424871e-05,0.0,0.000109587539897,0.000452048602074,8.21906549225e-05,0.0,0.00106847851399,0.00168490842591,0.00121916138135,0.00306845111711,0.00215065547047,0.000726017451816,0.0,0.0,0.000232873522281,0.000904097204148,0.0,0.00108217695648,0.00268489472747,2.73968849742e-05,0.000561636141971,0.000136984424871,2.73968849742e-05,1.36984424871e-05,0.0004246517171,5.47937699484e-05,4.10953274613e-05,4.10953274613e-05,0.000602731469432,0.000506842372022,0.000465747044561,0.00110957384145,1.36984424871e-05,0.000178079752332,6.84922124354e-05,6.84922124354e-05,0.000712319009329,0.000643826796893,0.0,0.000904097204148,0.00145203490363,1.36984424871e-05,4.10953274613e-05,0.0,0.000356159504664,8.21906549225e-05,4.10953274613e-05,0.000835604991712,0.0,0.000410953274613,0.0011643676114,6.84922124354e-05,0.00149313023109,0.000356159504664,0.000712319009329,0.000821906549225,0.00238352899275,0.00141093957617,0.000383556389638,0.00164381309845,0.000575334584458,0.000452048602074,0.000369857947151,5.47937699484e-05,0.0,4.10953274613e-05,0.000219175079793,0.00156162244353,0.00235613210778,0.00115066916892,0.00154792400104,0.000164381309845,2.73968849742e-05,1.36984424871e-05,0.0008493034342,1.36984424871e-05,1.36984424871e-05,6.84922124354e-05,0.000465747044561,0.00136984424871,0.000369857947151,9.58890974096e-05,0.00132874892125,0.000438350159587,0.0,8.21906549225e-05,0.000821906549225,0.000671223681867,2.73968849742e-05,0.000671223681867,0.0,0.000123285982384,1.36984424871e-05,1.36984424871e-05,2.73968849742e-05,2.73968849742e-05,1.36984424871e-05,0.000369857947151
Gen 73
float_yankdup,integer_swap,vector_float_conj,vector_float_conc,vector_float_occurrencesof,vector_float_replacefirst,vector_float_rest,vector_float_p,vector_float_s,vector_float_r,vector_float_first,integer_fromfloat,vector_float_last,vector_float_d,float_sw,exec_yankd,vector_float_n,exec_do*tim,exec_yankdup,exec_yank,integer_mu,vector_float_remove,vector_float_fir,exec_do*vector_float,float_p,float_r,vector_float_stackdep,vector_float_dup,vector_float_subvec,float_i,exec_do*range,integer_yankd,float_m,integer_rot,float_a,float_c,float_d,integer_stackdep,float_s,vector_float_occurrences,exec_stackdepth,vector_float_swap,vector_float_reverse,float_stackdepth,float_max,exec_do*vector_flo,float_min,vector_float_rot,float_rot,exec_shove,vector_float_pushall,float_stackdep,float_sub,vector_float_sho,integer_div,integer_mult,integer_min,float_shove,integer_flush,float_inc,in1,integer_yank,integer_fromflo,vector_float_yankdup,float_ya,vector_float_butla,integer_sw,float_pop,exec_d,float_yankd,integer_max,exec_dup,exec_k,float_frominteger,float_mult,exec_noop,exec_p,exec_r,exec_s,vector_float_butlast,integer_flu,exec_y,float_mod,integer_ya,integer_yankdup,exec_stackdep,exec_do*ran,vector_float_index,vector_float_pop,exec_do*cou,vector_float_ta,vector_float_flu,float_add,exec_do*times,integer_shove,float_tan,vector_float_la,vector_float_indexof,float_sho,float_frominteg,integer_dup,vector_float_stackdepth,exec_sho,vector_float_replace,exec_swap,vector_float_rever,autoconstructive_integer_ra,exec_sw,integer_add,exec_flush,float_flu,float_cos,exec_flu,integer_mod,float_div,vector_float_leng,integer_inc,vector_float_yank,exec_rot,vector_float_flush,float_dec,vector_float_set,integer_pop,vector_float_shove,exec_pop,vector_float_take,vector_float_concat,vector_float_pusha,vector_float_ya,vector_float_remo,float_sin,autoconstructive_integer_rand,vector_float_length,exec_do*count,integer_sub,float_mu,exec_no,vector_float_re,float_dup,integer_r,integer_sho,vector_float_yankd,integer_stackdepth,integer_dec,exec,vector_float_replacefir,vector_float_nth,float_swap,vector_float_co,exec_ya,float_yank,float_flush,float_t,integer_d,integer_a,integer_m,integer_i,vector_float_subv,integer_s,integer_p,vector_float_repla,vector_float_sw
0.000716206537749,0.00195943298064,0.000162159970811,5.40533236037e-05,0.00104052647937,0.00072971986865,0.000743233199551,2.70266618019e-05,8.10799854056e-05,0.000135133309009,0.000608099890542,0.00122971311198,0.000256753287118,2.70266618019e-05,0.0,9.45933163065e-05,4.05399927028e-05,2.70266618019e-05,0.00206753962784,0.000662153214146,0.0,0.000918906501263,1.35133309009e-05,0.00121619978108,0.000270266618019,2.70266618019e-05,0.0,0.000959446493966,0.000418913257929,4.05399927028e-05,0.000770259861353,1.35133309009e-05,0.000121619978108,0.000337833272523,0.0,0.0,6.75666545047e-05,1.35133309009e-05,1.35133309009e-05,0.0,0.00185132633343,0.00262158619478,0.000216213294415,0.00117565978838,0.000783773192254,9.45933163065e-05,0.00166213970081,0.00163511303901,0.00163511303901,0.000513506574235,0.00216213294415,4.05399927028e-05,0.000310806610721,5.40533236037e-05,0.00120268645018,0.000418913257929,0.000770259861353,0.000689179875948,0.000175673301712,0.000959446493966,0.00360805935055,0.000851339846759,8.10799854056e-05,0.00149997973,2.70266618019e-05,2.70266618019e-05,9.45933163065e-05,0.000472966581533,4.05399927028e-05,0.0,0.000716206537749,0.00178375967892,0.000918906501263,0.00251347954757,0.00206753962784,0.000837826515858,0.0,4.05399927028e-05,0.000270266618019,0.000648639883245,0.0,0.000783773192254,0.00225672626046,1.35133309009e-05,0.000418913257929,0.000108106647207,1.35133309009e-05,0.0,0.000527019905136,5.40533236037e-05,4.05399927028e-05,2.70266618019e-05,0.00058107322874,0.000364859934325,0.000567559897839,0.00129727976649,1.35133309009e-05,0.000135133309009,1.35133309009e-05,8.10799854056e-05,0.00058107322874,0.000445939919731,1.35133309009e-05,0.000527019905136,0.00135133309009,0.0,1.35133309009e-05,2.70266618019e-05,0.000513506574235,8.10799854056e-05,1.35133309009e-05,0.000594586559641,0.0,0.000324319941622,0.000891879839462,5.40533236037e-05,0.00104052647937,0.000337833272523,0.000743233199551,0.000675666545047,0.00193240631883,0.00128376643559,0.000297293279821,0.0014864663991,0.000418913257929,0.000391886596127,0.000472966581533,2.70266618019e-05,0.0,1.35133309009e-05,9.45933163065e-05,0.00118917311928,0.00214861961325,0.00136484642099,0.00113511979568,0.000202699963514,6.75666545047e-05,0.0,0.000554046566938,0.0,1.35133309009e-05,0.000162159970811,0.000486479912434,0.00132430642829,0.000270266618019,5.40533236037e-05,0.0013783597519,0.000310806610721,1.35133309009e-05,8.10799854056e-05,0.000689179875948,0.000554046566938,4.05399927028e-05,0.00058107322874,0.0,0.000135133309009,2.70266618019e-05,0.0,0.0,9.45933163065e-05,0.0,0.000337833272523
Gen 74
float_yankdup,integer_swap,vector_float_conj,vector_float_conc,vector_float_occurrencesof,vector_float_replacefirst,vector_float_rest,vector_float_p,vector_float_s,vector_float_r,vector_float_first,integer_fromfloat,vector_float_last,vector_float_d,float_sw,exec_yankd,vector_float_n,exec_do*tim,exec_yankdup,exec_yank,integer_mu,vector_float_remove,vector_float_fir,exec_do*vector_float,float_p,float_r,vector_float_stackdep,vector_float_dup,vector_float_subvec,float_i,exec_do*range,integer_yankd,float_m,integer_rot,float_a,float_c,float_d,integer_stackdep,float_s,vector_float_occurrences,exec_stackdepth,vector_float_swap,vector_float_reverse,float_stackdepth,float_max,exec_do*vector_flo,float_min,vector_float_rot,float_rot,exec_shove,vector_float_pushall,float_stackdep,float_sub,vector_float_sho,integer_div,integer_mult,integer_min,float_shove,integer_flush,float_inc,in1,integer_yank,integer_fromflo,vector_float_yankdup,float_ya,vector_float_butla,integer_sw,float_pop,exec_d,float_yankd,integer_max,exec_dup,exec_k,float_frominteger,float_mult,exec_noop,exec_p,exec_r,exec_s,vector_float_butlast,integer_flu,exec_y,float_mod,integer_ya,integer_yankdup,exec_stackdep,exec_do*ran,vector_float_index,vector_float_pop,exec_do*cou,vector_float_ta,vector_float_flu,float_add,exec_do*times,integer_shove,float_tan,vector_float_la,vector_float_indexof,float_sho,float_frominteg,integer_dup,vector_float_stackdepth,exec_sho,vector_float_replace,exec_swap,vector_float_rever,autoconstructive_integer_ra,exec_sw,integer_add,exec_flush,float_flu,float_cos,exec_flu,integer_mod,float_div,vector_float_leng,integer_inc,vector_float_yank,exec_rot,vector_float_flush,float_dec,vector_float_set,integer_pop,vector_float_shove,exec_pop,vector_float_take,vector_float_concat,vector_float_pusha,vector_float_ya,vector_float_remo,float_sin,autoconstructive_integer_rand,vector_float_length,exec_do*count,integer_sub,float_mu,exec_no,vector_float_re,float_dup,integer_r,integer_sho,vector_float_yankd,integer_stackdepth,integer_dec,exec,vector_float_replacefir,vector_float_nth,float_swap,vector_float_co,exec_ya,float_yank,float_flush,float_t,integer_d,integer_a,integer_m,integer_i,vector_float_subv,integer_s,integer_p,vector_float_repla,vector_float_sw
0.000826655644591,0.00186664177811,0.000159997866695,7.99989333476e-05,0.000986653511287,0.000826655644591,0.000799989333476,0.0,5.33326222317e-05,0.000146664711137,0.000693324089012,0.00130664924468,0.000199997333369,6.66657777896e-05,2.66663111159e-05,9.33320889055e-05,9.33320889055e-05,0.0,0.00219997066706,0.000719990400128,0.0,0.000826655644591,0.0,0.00111998506687,0.000159997866695,1.33331555579e-05,0.0,0.000826655644591,0.000413327822296,0.0,0.00102665297796,0.0,7.99989333476e-05,0.000293329422274,2.66663111159e-05,0.0,9.33320889055e-05,1.33331555579e-05,2.66663111159e-05,3.99994666738e-05,0.00199997333369,0.00282662897828,0.000306662577832,0.00127998293356,0.000733323555686,0.000119998400021,0.00147998026693,0.00187997493367,0.00174664337809,0.000626658311223,0.00242663431154,6.66657777896e-05,0.000266663111159,3.99994666738e-05,0.00123998346689,0.000413327822296,0.000586658844549,0.000626658311223,0.000213330488927,0.00105331928908,0.00413327822296,0.000893321422381,9.33320889055e-05,0.00159997866695,1.33331555579e-05,3.99994666738e-05,5.33326222317e-05,0.000559992533433,6.66657777896e-05,0.0,0.000973320355729,0.00178664284476,0.000933320889055,0.00279996266716,0.00186664177811,0.000973320355729,0.0,0.0,0.000346662044506,0.000746656711244,0.0,0.000853321955707,0.00254663271156,2.66663111159e-05,0.000333328888948,7.99989333476e-05,2.66663111159e-05,0.0,0.000533326222317,3.99994666738e-05,1.33331555579e-05,0.0,0.000559992533433,0.000279996266716,0.000719990400128,0.00121331715577,3.99994666738e-05,0.000146664711137,5.33326222317e-05,0.000199997333369,0.000719990400128,0.000479993600085,2.66663111159e-05,0.000519993066759,0.00130664924468,0.0,3.99994666738e-05,2.66663111159e-05,0.000453327288969,1.33331555579e-05,0.0,0.000599992000107,0.0,0.00038666151118,0.000919987733497,3.99994666738e-05,0.00111998506687,0.000279996266716,0.000586658844549,0.000906654577939,0.00205330595592,0.00150664657805,0.000413327822296,0.00143998080026,0.000479993600085,0.000399994666738,0.000533326222317,5.33326222317e-05,1.33331555579e-05,1.33331555579e-05,0.000133331555579,0.00118665084466,0.00223997013373,0.00125331662245,0.00111998506687,0.000239996800043,6.66657777896e-05,1.33331555579e-05,0.000813322489033,0.0,0.0,0.000199997333369,0.000413327822296,0.00134664871135,0.000253329955601,2.66663111159e-05,0.00130664924468,0.000199997333369,0.0,6.66657777896e-05,0.00070665724457,0.000399994666738,0.0,0.000746656711244,1.33331555579e-05,0.000213330488927,0.0,0.0,1.33331555579e-05,0.000173331022253,0.0,0.000266663111159
Gen 75
float_yankdup,integer_swap,vector_float_conj,vector_float_conc,vector_float_occurrencesof,vector_float_replacefirst,vector_float_rest,vector_float_p,vector_float_s,vector_float_r,vector_float_first,integer_fromfloat,vector_float_last,vector_float_d,float_sw,exec_yankd,vector_float_n,exec_do*tim,exec_yankdup,exec_yank,integer_mu,vector_float_remove,vector_float_fir,exec_do*vector_float,float_p,float_r,vector_float_stackdep,vector_float_dup,vector_float_subvec,float_i,exec_do*range,integer_yankd,float_m,integer_rot,float_a,float_c,float_d,integer_stackdep,float_s,vector_float_occurrences,exec_stackdepth,vector_float_swap,vector_float_reverse,float_stackdepth,float_max,exec_do*vector_flo,float_min,vector_float_rot,float_rot,exec_shove,vector_float_pushall,float_stackdep,float_sub,vector_float_sho,integer_div,integer_mult,integer_min,float_shove,integer_flush,float_inc,in1,integer_yank,integer_fromflo,vector_float_yankdup,float_ya,vector_float_butla,integer_sw,float_pop,exec_d,float_yankd,integer_max,exec_dup,exec_k,float_frominteger,float_mult,exec_noop,exec_p,exec_r,exec_s,vector_float_butlast,integer_flu,exec_y,float_mod,integer_ya,integer_yankdup,exec_stackdep,exec_do*ran,vector_float_index,vector_float_pop,exec_do*cou,vector_float_ta,vector_float_flu,float_add,exec_do*times,integer_shove,float_tan,vector_float_la,vector_float_indexof,float_sho,float_frominteg,integer_dup,vector_float_stackdepth,exec_sho,vector_float_replace,exec_swap,vector_float_rever,autoconstructive_integer_ra,exec_sw,integer_add,exec_flush,float_flu,float_cos,exec_flu,integer_mod,float_div,vector_float_leng,integer_inc,vector_float_yank,exec_rot,vector_float_flush,float_dec,vector_float_set,integer_pop,vector_float_shove,exec_pop,vector_float_take,vector_float_concat,vector_float_pusha,vector_float_ya,vector_float_remo,float_sin,autoconstructive_integer_rand,vector_float_length,exec_do*count,integer_sub,float_mu,exec_no,vector_float_re,float_dup,integer_r,integer_sho,vector_float_yankd,integer_stackdepth,integer_dec,exec,vector_float_replacefir,vector_float_nth,float_swap,vector_float_co,exec_ya,float_yank,float_flush,float_t,integer_d,integer_a,integer_m,integer_i,vector_float_subv,integer_s,integer_p,vector_float_repla,vector_float_sw
0.000578939750793,0.00209207773582,0.000302627597005,3.94731648268e-05,0.0010263022855,0.00048683569953,0.000657886080446,1.31577216089e-05,6.57886080446e-05,0.000157892659307,0.000565782029184,0.000960513677452,0.000421047091486,3.94731648268e-05,0.0,5.26308864357e-05,0.0,0.0,0.00239470533282,0.000684201523664,0.0,0.000671043802055,5.26308864357e-05,0.00124998355285,0.000236838988961,5.26308864357e-05,2.63154432179e-05,0.000881567347798,0.00036841620505,5.26308864357e-05,0.000881567347798,2.63154432179e-05,9.21040512625e-05,0.000289469875396,0.0,2.63154432179e-05,0.000171050380916,0.0,1.31577216089e-05,2.63154432179e-05,0.00177629241721,0.00268417520822,0.000355258483441,0.00143419165537,0.000552624307575,7.89463296536e-05,0.00155261114985,0.00163155747951,0.0016183997579,0.00048683569953,0.00207892001421,9.21040512625e-05,0.000315785318614,5.26308864357e-05,0.00101314456389,0.000381573926659,0.000644728358837,0.000749990131709,0.000210523545743,0.000907882791016,0.00376310838015,0.000842094182971,5.26308864357e-05,0.00130261443928,5.26308864357e-05,1.31577216089e-05,6.57886080446e-05,0.000434204813095,3.94731648268e-05,1.31577216089e-05,0.00114472177998,0.00178945013881,0.00114472177998,0.00232891672478,0.00199997368456,0.000960513677452,1.31577216089e-05,2.63154432179e-05,0.000328943040223,0.000894725069407,2.63154432179e-05,0.000973671399061,0.00232891672478,5.26308864357e-05,0.00048683569953,3.94731648268e-05,0.0,0.0,0.000578939750793,3.94731648268e-05,1.31577216089e-05,1.31577216089e-05,0.000473677977921,0.000407889369877,0.00048683569953,0.00113156405837,3.94731648268e-05,0.000171050380916,6.57886080446e-05,0.000184208102525,0.000565782029184,0.000407889369877,2.63154432179e-05,0.00048683569953,0.00119735266641,1.31577216089e-05,2.63154432179e-05,2.63154432179e-05,0.000407889369877,0.000131577216089,2.63154432179e-05,0.000592097472402,0.0,0.000355258483441,0.000973671399061,1.31577216089e-05,0.00111840633676,0.000131577216089,0.000763147853318,0.000723674688491,0.00178945013881,0.00119735266641,0.00048683569953,0.00163155747951,0.000539466585966,0.000328943040223,0.000460520256312,5.26308864357e-05,2.63154432179e-05,5.26308864357e-05,3.94731648268e-05,0.000947355955843,0.00196050051973,0.00124998355285,0.00126314127446,0.000157892659307,5.26308864357e-05,1.31577216089e-05,0.000697359245273,1.31577216089e-05,0.0,0.000131577216089,0.000499993421139,0.00136840304733,0.000289469875396,2.63154432179e-05,0.00110524861515,0.000157892659307,0.0,0.00011841949448,0.000671043802055,0.000592097472402,0.0,0.000552624307575,0.0,0.00024999671057,0.0,0.0,0.0,0.000144734937698,1.31577216089e-05,0.000184208102525
Gen 76
float_yankdup,integer_swap,vector_float_conj,vector_float_conc,vector_float_occurrencesof,vector_float_replacefirst,vector_float_rest,vector_float_p,vector_float_s,vector_float_r,vector_float_first,integer_fromfloat,vector_float_last,vector_float_d,float_sw,exec_yankd,vector_float_n,exec_do*tim,exec_yankdup,exec_yank,integer_mu,vector_float_remove,vector_float_fir,exec_do*vector_float,float_p,float_r,vector_float_stackdep,vector_float_dup,vector_float_subvec,float_i,exec_do*range,integer_yankd,float_m,integer_rot,float_a,float_c,float_d,integer_stackdep,float_s,vector_float_occurrences,exec_stackdepth,vector_float_swap,vector_float_reverse,float_stackdepth,float_max,exec_do*vector_flo,float_min,vector_float_rot,float_rot,exec_shove,vector_float_pushall,float_stackdep,float_sub,vector_float_sho,integer_div,integer_mult,integer_min,float_shove,integer_flush,float_inc,in1,integer_yank,integer_fromflo,vector_float_yankdup,float_ya,vector_float_butla,integer_sw,float_pop,exec_d,float_yankd,integer_max,exec_dup,exec_k,float_frominteger,float_mult,exec_noop,exec_p,exec_r,exec_s,vector_float_butlast,integer_flu,exec_y,float_mod,integer_ya,integer_yankdup,exec_stackdep,exec_do*ran,vector_float_index,vector_float_pop,exec_do*cou,vector_float_ta,vector_float_flu,float_add,exec_do*times,integer_shove,float_tan,vector_float_la,vector_float_indexof,float_sho,float_frominteg,integer_dup,vector_float_stackdepth,exec_sho,vector_float_replace,exec_swap,vector_float_rever,autoconstructive_integer_ra,exec_sw,integer_add,exec_flush,float_flu,float_cos,exec_flu,integer_mod,float_div,vector_float_leng,integer_inc,vector_float_yank,exec_rot,vector_float_flush,float_dec,vector_float_set,integer_pop,vector_float_shove,exec_pop,vector_float_take,vector_float_concat,vector_float_pusha,vector_float_ya,vector_float_remo,float_sin,autoconstructive_integer_rand,vector_float_length,exec_do*count,integer_sub,float_mu,exec_no,vector_float_re,float_dup,integer_r,integer_sho,vector_float_yankd,integer_stackdepth,integer_dec,exec,vector_float_replacefir,vector_float_nth,float_swap,vector_float_co,exec_ya,float_yank,float_flush,float_t,integer_d,integer_a,integer_m,integer_i,vector_float_subv,integer_s,integer_p,vector_float_repla,vector_float_sw
0.000857131725562,0.00205192140362,0.000272723730861,3.89605329801e-05,0.00103894754614,0.000584407994701,0.000675315904988,0.0,5.19473773068e-05,0.000142855287594,0.000467526395761,0.000999987013156,0.000350644796821,1.29868443267e-05,0.0,7.79210659602e-05,0.0,0.0,0.00210386878092,0.000922065947195,0.0,0.000805184348255,1.29868443267e-05,0.00120777652238,0.000246750042207,2.59736886534e-05,0.0,0.000675315904988,0.000350644796821,1.29868443267e-05,0.000844144881235,1.29868443267e-05,0.000129868443267,0.000467526395761,2.59736886534e-05,1.29868443267e-05,0.0001948026649,2.59736886534e-05,1.29868443267e-05,3.89605329801e-05,0.00179218451708,0.00244152673342,0.000402592174128,0.00125972389969,0.000584407994701,0.0,0.00157140816353,0.00190906611602,0.0015584213192,0.000376618485474,0.00205192140362,1.29868443267e-05,0.000428565862781,3.89605329801e-05,0.00102596070181,0.000207789509227,0.000493500084414,0.000753236970948,0.000285710575187,0.000766223815275,0.0035973558785,0.000831158036909,7.79210659602e-05,0.00140257918728,3.89605329801e-05,3.89605329801e-05,9.09079102869e-05,0.000441552707108,5.19473773068e-05,0.0,0.00135063180998,0.00158439500786,0.00110388176777,0.00233763197881,0.00181815820574,0.000805184348255,1.29868443267e-05,1.29868443267e-05,0.000324671108167,0.000727263282295,0.0,0.000701289593642,0.00236360566746,0.0,0.000545447461721,5.19473773068e-05,1.29868443267e-05,1.29868443267e-05,0.000675315904988,2.59736886534e-05,0.0,0.0,0.000558434306048,0.000467526395761,0.000454539551434,0.00105193439046,3.89605329801e-05,0.000207789509227,0.00011688159894,0.000103894754614,0.000636355372008,0.000636355372008,3.89605329801e-05,0.000480513240088,0.00105193439046,0.0,0.0,2.59736886534e-05,0.000428565862781,0.00011688159894,3.89605329801e-05,0.000636355372008,0.0,0.000311684263841,0.001311671277,5.19473773068e-05,0.00107790807912,0.000311684263841,0.000636355372008,0.000662329060662,0.00176621082843,0.00144153972026,0.000584407994701,0.00144153972026,0.000298697419514,0.000337657952494,0.000597394839028,1.29868443267e-05,1.29868443267e-05,5.19473773068e-05,0.000103894754614,0.00102596070181,0.00207789509227,0.00105193439046,0.00122076336671,0.000168828976247,9.09079102869e-05,0.0,0.000688302749315,0.0,1.29868443267e-05,0.000129868443267,0.000467526395761,0.00137660549863,0.000259736886534,1.29868443267e-05,0.00124673705536,0.000233763197881,2.59736886534e-05,0.000168828976247,0.000701289593642,0.000610381683355,2.59736886534e-05,0.000571421150375,1.29868443267e-05,0.000389605329801,1.29868443267e-05,1.29868443267e-05,2.59736886534e-05,5.19473773068e-05,0.0,0.000142855287594
Gen 77
float_yankdup,integer_swap,vector_float_conj,vector_float_conc,vector_float_occurrencesof,vector_float_replacefirst,vector_float_rest,vector_float_p,vector_float_s,vector_float_r,vector_float_first,integer_fromfloat,vector_float_last,vector_float_d,float_sw,exec_yankd,vector_float_n,exec_do*tim,exec_yankdup,exec_yank,integer_mu,vector_float_remove,vector_float_fir,exec_do*vector_float,float_p,float_r,vector_float_stackdep,vector_float_dup,vector_float_subvec,float_i,exec_do*range,integer_yankd,float_m,integer_rot,float_a,float_c,float_d,integer_stackdep,float_s,vector_float_occurrences,exec_stackdepth,vector_float_swap,vector_float_reverse,float_stackdepth,float_max,exec_do*vector_flo,float_min,vector_float_rot,float_rot,exec_shove,vector_float_pushall,float_stackdep,float_sub,vector_float_sho,integer_div,integer_mult,integer_min,float_shove,integer_flush,float_inc,in1,integer_yank,integer_fromflo,vector_float_yankdup,float_ya,vector_float_butla,integer_sw,float_pop,exec_d,float_yankd,integer_max,exec_dup,exec_k,float_frominteger,float_mult,exec_noop,exec_p,exec_r,exec_s,vector_float_butlast,integer_flu,exec_y,float_mod,integer_ya,integer_yankdup,exec_stackdep,exec_do*ran,vector_float_index,vector_float_pop,exec_do*cou,vector_float_ta,vector_float_flu,float_add,exec_do*times,integer_shove,float_tan,vector_float_la,vector_float_indexof,float_sho,float_frominteg,integer_dup,vector_float_stackdepth,exec_sho,vector_float_replace,exec_swap,vector_float_rever,autoconstructive_integer_ra,exec_sw,integer_add,exec_flush,float_flu,float_cos,exec_flu,integer_mod,float_div,vector_float_leng,integer_inc,vector_float_yank,exec_rot,vector_float_flush,float_dec,vector_float_set,integer_pop,vector_float_shove,exec_pop,vector_float_take,vector_float_concat,vector_float_pusha,vector_float_ya,vector_float_remo,float_sin,autoconstructive_integer_rand,vector_float_length,exec_do*count,integer_sub,float_mu,exec_no,vector_float_re,float_dup,integer_r,integer_sho,vector_float_yankd,integer_stackdepth,integer_dec,exec,vector_float_replacefir,vector_float_nth,float_swap,vector_float_co,exec_ya,float_yank,float_flush,float_t,integer_d,integer_a,integer_m,integer_i,vector_float_subv,integer_s,integer_p,vector_float_repla,vector_float_sw
0.000653837771311,0.00202561505622,0.000346149408341,6.41017422854e-05,0.000884604043538,0.000641017422854,0.000692298816682,5.12813938283e-05,3.84610453712e-05,0.000115383136114,0.000564095332111,0.000999987179652,0.000461532544455,2.56406969141e-05,0.0,0.000153844181485,1.28203484571e-05,2.56406969141e-05,0.00239740516147,0.000794861604338,1.28203484571e-05,0.00083332264971,0.0,0.00137177728491,0.000141023833028,8.97424391995e-05,0.0,0.000705119165139,0.000384610453712,5.12813938283e-05,0.000897424391995,1.28203484571e-05,8.97424391995e-05,0.000358969756798,1.28203484571e-05,0.0,0.000102562787657,1.28203484571e-05,2.56406969141e-05,2.56406969141e-05,0.00184613017782,0.0024486865553,0.00030768836297,0.00149998076948,0.000551274983654,1.28203484571e-05,0.00147434007256,0.00175638773862,0.00155126216331,0.000358969756798,0.00207689645005,5.12813938283e-05,0.000474352892912,0.000141023833028,0.00106408892194,0.000320508711427,0.000576915680568,0.000679478468225,0.000243586620684,0.000935885437366,0.00411533185472,0.000717939513596,0.000179484878399,0.00144869937565,1.28203484571e-05,5.12813938283e-05,0.000102562787657,0.000499993589826,3.84610453712e-05,0.0,0.00120511275496,0.00148716042102,0.000884604043538,0.0022692016769,0.00203843540467,0.00117947205805,1.28203484571e-05,1.28203484571e-05,0.00030768836297,0.00074358021051,0.0,0.000666658119768,0.0019999743593,2.56406969141e-05,0.00030768836297,0.000153844181485,1.28203484571e-05,1.28203484571e-05,0.000769220907424,2.56406969141e-05,1.28203484571e-05,1.28203484571e-05,0.000602556377482,0.00030768836297,0.00052563428674,0.00102562787657,7.69220907424e-05,0.000205125575313,3.84610453712e-05,0.000102562787657,0.000628197074396,0.000423071499083,2.56406969141e-05,0.000461532544455,0.000987166831194,0.0,3.84610453712e-05,2.56406969141e-05,0.000628197074396,0.000128203484571,3.84610453712e-05,0.000589736029025,0.0,0.000423071499083,0.00074358021051,0.000153844181485,0.00114101101268,0.000179484878399,0.000538454635197,0.000628197074396,0.00153844181485,0.00124357380034,0.000499993589826,0.00161536390559,0.000384610453712,0.000320508711427,0.000717939513596,8.97424391995e-05,2.56406969141e-05,0.000153844181485,5.12813938283e-05,0.000974346482737,0.00180766913245,0.000756400558967,0.00107690927039,0.000205125575313,6.41017422854e-05,1.28203484571e-05,0.000820502301253,0.0,2.56406969141e-05,0.000128203484571,0.000397430802169,0.00144869937565,0.000205125575313,3.84610453712e-05,0.00114101101268,0.000269227317598,1.28203484571e-05,0.000141023833028,0.000589736029025,0.000628197074396,0.0,0.000538454635197,3.84610453712e-05,0.000282047666056,5.12813938283e-05,0.0,2.56406969141e-05,5.12813938283e-05,2.56406969141e-05,0.000192305226856
Gen 78
float_yankdup,integer_swap,vector_float_conj,vector_float_conc,vector_float_occurrencesof,vector_float_replacefirst,vector_float_rest,vector_float_p,vector_float_s,vector_float_r,vector_float_first,integer_fromfloat,vector_float_last,vector_float_d,float_sw,exec_yankd,vector_float_n,exec_do*tim,exec_yankdup,exec_yank,integer_mu,vector_float_remove,vector_float_fir,exec_do*vector_float,float_p,float_r,vector_float_stackdep,vector_float_dup,vector_float_subvec,float_i,exec_do*range,integer_yankd,float_m,integer_rot,float_a,float_c,float_d,integer_stackdep,float_s,vector_float_occurrences,exec_stackdepth,vector_float_swap,vector_float_reverse,float_stackdepth,float_max,exec_do*vector_flo,float_min,vector_float_rot,float_rot,exec_shove,vector_float_pushall,float_stackdep,float_sub,vector_float_sho,integer_div,integer_mult,integer_min,float_shove,integer_flush,float_inc,in1,integer_yank,integer_fromflo,vector_float_yankdup,float_ya,vector_float_butla,integer_sw,float_pop,exec_d,float_yankd,integer_max,exec_dup,exec_k,float_frominteger,float_mult,exec_noop,exec_p,exec_r,exec_s,vector_float_butlast,integer_flu,exec_y,float_mod,integer_ya,integer_yankdup,exec_stackdep,exec_do*ran,vector_float_index,vector_float_pop,exec_do*cou,vector_float_ta,vector_float_flu,float_add,exec_do*times,integer_shove,float_tan,vector_float_la,vector_float_indexof,float_sho,float_frominteg,integer_dup,vector_float_stackdepth,exec_sho,vector_float_replace,exec_swap,vector_float_rever,autoconstructive_integer_ra,exec_sw,integer_add,exec_flush,float_flu,float_cos,exec_flu,integer_mod,float_div,vector_float_leng,integer_inc,vector_float_yank,exec_rot,vector_float_flush,float_dec,vector_float_set,integer_pop,vector_float_shove,exec_pop,vector_float_take,vector_float_concat,vector_float_pusha,vector_float_ya,vector_float_remo,float_sin,autoconstructive_integer_rand,vector_float_length,exec_do*count,integer_sub,float_mu,exec_no,vector_float_re,float_dup,integer_r,integer_sho,vector_float_yankd,integer_stackdepth,integer_dec,exec,vector_float_replacefir,vector_float_nth,float_swap,vector_float_co,exec_ya,float_yank,float_flush,float_t,integer_d,integer_a,integer_m,integer_i,vector_float_subv,integer_s,integer_p,vector_float_repla,vector_float_sw
0.00063290338097,0.00174681333148,0.000341767825724,5.06322704776e-05,0.0008480905305,0.000556954975253,0.00063290338097,2.53161352388e-05,0.0,0.000113922608575,0.000607587245731,0.00108859381527,0.000303793622866,2.53161352388e-05,0.0,0.000151896811433,1.26580676194e-05,0.0,0.00194934241339,0.000556954975253,1.26580676194e-05,0.000658219516209,2.53161352388e-05,0.00111390995051,0.000240503284769,2.53161352388e-05,0.0,0.000734167921925,0.000177212946672,2.53161352388e-05,0.0008480905305,0.0,8.86064733358e-05,0.000265819420007,2.53161352388e-05,0.0,8.86064733358e-05,0.0,1.26580676194e-05,0.0,0.00162023265528,0.00234174250959,0.000316451690485,0.0013037809648,0.00041771623144,3.79742028582e-05,0.00122783255908,0.00154428424957,0.00164554879052,0.000468348501918,0.0020252908191,5.06322704776e-05,0.000455690434298,0.000278477487627,0.00106327768003,0.000240503284769,0.000518980772395,0.000645561448589,0.00021518714953,0.000810116327641,0.00348096859533,0.000721509854306,0.000126580676194,0.0013037809648,0.0,5.06322704776e-05,5.06322704776e-05,0.000481006569537,5.06322704776e-05,3.79742028582e-05,0.0008480905305,0.00139238743813,0.00113922608575,0.00213921342768,0.00205060695434,0.000898722800977,0.0,1.26580676194e-05,0.000113922608575,0.000734167921925,1.26580676194e-05,0.000696193719067,0.00183541980481,1.26580676194e-05,0.000455690434298,0.000151896811433,0.0,0.0,0.000506322704776,2.53161352388e-05,2.53161352388e-05,0.0,0.000392400096201,0.000405058163821,0.000506322704776,0.000886064733358,1.26580676194e-05,0.000177212946672,3.79742028582e-05,0.000151896811433,0.000455690434298,0.000291135555246,1.26580676194e-05,0.000531638840015,0.00116454222098,0.0,3.79742028582e-05,5.06322704776e-05,0.000392400096201,0.000164554879052,6.3290338097e-05,0.000708851786686,0.0,0.000392400096201,0.000658219516209,1.26580676194e-05,0.0012404906267,0.000151896811433,0.000645561448589,0.000683535651447,0.00182276173719,0.000987329274313,0.000455690434298,0.00141770357337,0.000354425893343,0.000278477487627,0.000392400096201,2.53161352388e-05,2.53161352388e-05,8.86064733358e-05,0.000101264540955,0.000924038936216,0.00143036164099,0.000886064733358,0.00105061961241,5.06322704776e-05,6.3290338097e-05,0.0,0.00062024531335,2.53161352388e-05,1.26580676194e-05,0.000151896811433,0.000405058163821,0.00140504550575,0.000139238743813,2.53161352388e-05,0.0011772002886,0.000164554879052,0.0,0.000164554879052,0.000582271110492,0.000569613042873,0.0,0.000569613042873,3.79742028582e-05,0.000177212946672,1.26580676194e-05,0.0,1.26580676194e-05,7.59484057164e-05,1.26580676194e-05,0.000253161352388
Gen 79
float_yankdup,integer_swap,vector_float_conj,vector_float_conc,vector_float_occurrencesof,vector_float_replacefirst,vector_float_rest,vector_float_p,vector_float_s,vector_float_r,vector_float_first,integer_fromfloat,vector_float_last,vector_float_d,float_sw,exec_yankd,vector_float_n,exec_do*tim,exec_yankdup,exec_yank,integer_mu,vector_float_remove,vector_float_fir,exec_do*vector_float,float_p,float_r,vector_float_stackdep,vector_float_dup,vector_float_subvec,float_i,exec_do*range,integer_yankd,float_m,integer_rot,float_a,float_c,float_d,integer_stackdep,float_s,vector_float_occurrences,exec_stackdepth,vector_float_swap,vector_float_reverse,float_stackdepth,float_max,exec_do*vector_flo,float_min,vector_float_rot,float_rot,exec_shove,vector_float_pushall,float_stackdep,float_sub,vector_float_sho,integer_div,integer_mult,integer_min,float_shove,integer_flush,float_inc,in1,integer_yank,integer_fromflo,vector_float_yankdup,float_ya,vector_float_butla,integer_sw,float_pop,exec_d,float_yankd,integer_max,exec_dup,exec_k,float_frominteger,float_mult,exec_noop,exec_p,exec_r,exec_s,vector_float_butlast,integer_flu,exec_y,float_mod,integer_ya,integer_yankdup,exec_stackdep,exec_do*ran,vector_float_index,vector_float_pop,exec_do*cou,vector_float_ta,vector_float_flu,float_add,exec_do*times,integer_shove,float_tan,vector_float_la,vector_float_indexof,float_sho,float_frominteg,integer_dup,vector_float_stackdepth,exec_sho,vector_float_replace,exec_swap,vector_float_rever,autoconstructive_integer_ra,exec_sw,integer_add,exec_flush,float_flu,float_cos,exec_flu,integer_mod,float_div,vector_float_leng,integer_inc,vector_float_yank,exec_rot,vector_float_flush,float_dec,vector_float_set,integer_pop,vector_float_shove,exec_pop,vector_float_take,vector_float_concat,vector_float_pusha,vector_float_ya,vector_float_remo,float_sin,autoconstructive_integer_rand,vector_float_length,exec_do*count,integer_sub,float_mu,exec_no,vector_float_re,float_dup,integer_r,integer_sho,vector_float_yankd,integer_stackdepth,integer_dec,exec,vector_float_replacefir,vector_float_nth,float_swap,vector_float_co,exec_ya,float_yank,float_flush,float_t,integer_d,integer_a,integer_m,integer_i,vector_float_subv,integer_s,integer_p,vector_float_repla,vector_float_sw
0.000774990312621,0.00193747578155,0.000324995937551,4.99993750078e-05,0.0009624879689,0.000787490156373,0.000724990937613,8.74989062637e-05,1.2499843752e-05,8.74989062637e-05,0.000624992187598,0.00107498656267,0.000212497343783,1.2499843752e-05,1.2499843752e-05,7.49990625117e-05,2.49996875039e-05,0.0,0.0022624717191,0.000649991875102,1.2499843752e-05,0.000712491093861,2.49996875039e-05,0.00119998500019,0.000199997500031,0.00012499843752,1.2499843752e-05,0.00101248734391,0.000249996875039,0.0,0.000987487656404,3.74995312559e-05,6.24992187598e-05,0.000262496718791,1.2499843752e-05,1.2499843752e-05,9.99987500156e-05,2.49996875039e-05,2.49996875039e-05,0.0,0.00193747578155,0.00282496468794,0.000474994062574,0.0015874801565,0.000662491718854,0.0,0.00138748265647,0.00179997750028,0.00172497843777,0.000474994062574,0.00229997125036,9.99987500156e-05,0.000524993437582,0.000199997500031,0.00123748453144,0.000337495781303,0.000624992187598,0.000687491406357,0.000312496093799,0.00102498718766,0.00388745140686,0.000837489531381,4.99993750078e-05,0.00163747953151,1.2499843752e-05,0.000137498281271,4.99993750078e-05,0.000599992500094,3.74995312559e-05,1.2499843752e-05,0.000862489218885,0.00132498343771,0.00121248484394,0.00233747078162,0.00213747328158,0.000774990312621,2.49996875039e-05,0.0,0.000199997500031,0.0009624879689,0.0,0.000924988437645,0.00201247484406,4.99993750078e-05,0.000524993437582,0.000174997812527,1.2499843752e-05,0.0,0.000424994687566,2.49996875039e-05,3.74995312559e-05,1.2499843752e-05,0.000387495156311,0.000499993750078,0.000712491093861,0.000949988125148,1.2499843752e-05,0.000162497968775,8.74989062637e-05,0.000187497656279,0.000437494531318,0.000474994062574,0.0,0.00057499281259,0.00131248359396,0.0,1.2499843752e-05,2.49996875039e-05,0.000474994062574,0.000212497343783,6.24992187598e-05,0.000724990937613,1.2499843752e-05,0.000324995937551,0.000762490468869,4.99993750078e-05,0.00134998312521,0.000212497343783,0.000837489531381,0.000599992500094,0.00193747578155,0.00117498531268,0.000462494218822,0.00162497968775,0.000387495156311,0.00044999437507,0.00051249359383,7.49990625117e-05,3.74995312559e-05,0.000112498593768,0.00012499843752,0.00118748515644,0.00167497906276,0.00102498718766,0.00114998562518,0.000162497968775,9.99987500156e-05,0.0,0.000912488593893,1.2499843752e-05,3.74995312559e-05,0.000137498281271,0.000399995000062,0.00166247921901,0.00012499843752,0.0,0.00133748328146,0.000187497656279,0.0,0.000149998125023,0.000624992187598,0.000762490468869,2.49996875039e-05,0.000562492968838,0.0,0.000137498281271,0.0,0.0,4.99993750078e-05,2.49996875039e-05,0.0,0.000149998125023
Gen 80
float_yankdup,integer_swap,vector_float_conj,vector_float_conc,vector_float_occurrencesof,vector_float_replacefirst,vector_float_rest,vector_float_p,vector_float_s,vector_float_r,vector_float_first,integer_fromfloat,vector_float_last,vector_float_d,float_sw,exec_yankd,vector_float_n,exec_do*tim,exec_yankdup,exec_yank,integer_mu,vector_float_remove,vector_float_fir,exec_do*vector_float,float_p,float_r,vector_float_stackdep,vector_float_dup,vector_float_subvec,float_i,exec_do*range,integer_yankd,float_m,integer_rot,float_a,float_c,float_d,integer_stackdep,float_s,vector_float_occurrences,exec_stackdepth,vector_float_swap,vector_float_reverse,float_stackdepth,float_max,exec_do*vector_flo,float_min,vector_float_rot,float_rot,exec_shove,vector_float_pushall,float_stackdep,float_sub,vector_float_sho,integer_div,integer_mult,integer_min,float_shove,integer_flush,float_inc,in1,integer_yank,integer_fromflo,vector_float_yankdup,float_ya,vector_float_butla,integer_sw,float_pop,exec_d,float_yankd,integer_max,exec_dup,exec_k,float_frominteger,float_mult,exec_noop,exec_p,exec_r,exec_s,vector_float_butlast,integer_flu,exec_y,float_mod,integer_ya,integer_yankdup,exec_stackdep,exec_do*ran,vector_float_index,vector_float_pop,exec_do*cou,vector_float_ta,vector_float_flu,float_add,exec_do*times,integer_shove,float_tan,vector_float_la,vector_float_indexof,float_sho,float_frominteg,integer_dup,vector_float_stackdepth,exec_sho,vector_float_replace,exec_swap,vector_float_rever,autoconstructive_integer_ra,exec_sw,integer_add,exec_flush,float_flu,float_cos,exec_flu,integer_mod,float_div,vector_float_leng,integer_inc,vector_float_yank,exec_rot,vector_float_flush,float_dec,vector_float_set,integer_pop,vector_float_shove,exec_pop,vector_float_take,vector_float_concat,vector_float_pusha,vector_float_ya,vector_float_remo,float_sin,autoconstructive_integer_rand,vector_float_length,exec_do*count,integer_sub,float_mu,exec_no,vector_float_re,float_dup,integer_r,integer_sho,vector_float_yankd,integer_stackdepth,integer_dec,exec,vector_float_replacefir,vector_float_nth,float_swap,vector_float_co,exec_ya,float_yank,float_flush,float_t,integer_d,integer_a,integer_m,integer_i,vector_float_subv,integer_s,integer_p,vector_float_repla,vector_float_sw
0.000654312909717,0.00182713793657,0.000469130010741,6.17276329922e-05,0.000876532388489,0.000617276329922,0.00055554869693,0.000111109739386,3.70365797953e-05,0.000111109739386,0.000654312909717,0.00129628029284,0.000222219478772,2.46910531969e-05,3.70365797953e-05,7.40731595906e-05,6.17276329922e-05,0.0,0.00211108504833,0.000691349489512,0.0,0.000604930803323,0.0,0.00113578844706,0.000123455265984,0.000111109739386,3.70365797953e-05,0.000802459228898,0.000148146319181,0.0,0.000827150282095,2.46910531969e-05,0.000111109739386,0.000222219478772,3.70365797953e-05,0.0,8.64186861891e-05,0.0,0.0,1.23455265984e-05,0.00187652004296,0.00265428821866,0.000370365797953,0.00130862581943,0.000654312909717,1.23455265984e-05,0.00111109739386,0.00140739003222,0.00169133714399,0.000358020271355,0.00230861347391,4.93821063937e-05,0.000382711324552,0.000296292638362,0.00116047950025,0.000283947111764,0.000592585276725,0.000580239750127,0.000296292638362,0.00108640634066,0.00364193034654,0.000740731595906,4.93821063937e-05,0.00132097134603,1.23455265984e-05,0.000111109739386,2.46910531969e-05,0.000370365797953,8.64186861891e-05,1.23455265984e-05,0.00102467870767,0.00125924371304,0.00114813397365,0.00228392242071,0.00204935741534,0.000728386069308,1.23455265984e-05,0.0,8.64186861891e-05,0.000925914494883,1.23455265984e-05,0.000765422649103,0.0015802274046,4.93821063937e-05,0.000432093430945,0.000123455265984,7.40731595906e-05,0.0,0.00039505685115,1.23455265984e-05,0.0,4.93821063937e-05,0.000308638164961,0.000358020271355,0.000654312909717,0.000876532388489,1.23455265984e-05,0.000172837372378,7.40731595906e-05,0.000148146319181,0.000333329218158,0.000617276329922,0.0,0.000382711324552,0.00113578844706,1.23455265984e-05,4.93821063937e-05,0.0,0.000444438957544,0.000185182898977,8.64186861891e-05,0.000580239750127,0.0,0.000222219478772,0.000814804755497,2.46910531969e-05,0.00128393476624,0.000172837372378,0.000654312909717,0.00055554869693,0.00175306477698,0.00122220713325,0.00062962185652,0.00141973555882,0.000432093430945,0.000382711324552,0.000469130010741,4.93821063937e-05,1.23455265984e-05,0.00016049184578,0.000135800792583,0.00104936976087,0.00123455265984,0.0007901137023,0.00113578844706,3.70365797953e-05,8.64186861891e-05,1.23455265984e-05,0.000839495808694,0.0,2.46910531969e-05,0.000123455265984,0.000283947111764,0.00145677213862,0.000209873952173,2.46910531969e-05,0.000888877915087,0.00016049184578,0.0,8.64186861891e-05,0.000444438957544,0.00055554869693,1.23455265984e-05,0.000382711324552,1.23455265984e-05,0.000148146319181,3.70365797953e-05,1.23455265984e-05,3.70365797953e-05,2.46910531969e-05,2.46910531969e-05,0.000123455265984
Gen 81
float_yankdup,integer_swap,vector_float_conj,vector_float_conc,vector_float_occurrencesof,vector_float_replacefirst,vector_float_rest,vector_float_p,vector_float_s,vector_float_r,vector_float_first,integer_fromfloat,vector_float_last,vector_float_d,float_sw,exec_yankd,vector_float_n,exec_do*tim,exec_yankdup,exec_yank,integer_mu,vector_float_remove,vector_float_fir,exec_do*vector_float,float_p,float_r,vector_float_stackdep,vector_float_dup,vector_float_subvec,float_i,exec_do*range,integer_yankd,float_m,integer_rot,float_a,float_c,float_d,integer_stackdep,float_s,vector_float_occurrences,exec_stackdepth,vector_float_swap,vector_float_reverse,float_stackdepth,float_max,exec_do*vector_flo,float_min,vector_float_rot,float_rot,exec_shove,vector_float_pushall,float_stackdep,float_sub,vector_float_sho,integer_div,integer_mult,integer_min,float_shove,integer_flush,float_inc,in1,integer_yank,integer_fromflo,vector_float_yankdup,float_ya,vector_float_butla,integer_sw,float_pop,exec_d,float_yankd,integer_max,exec_dup,exec_k,float_frominteger,float_mult,exec_noop,exec_p,exec_r,exec_s,vector_float_butlast,integer_flu,exec_y,float_mod,integer_ya,integer_yankdup,exec_stackdep,exec_do*ran,vector_float_index,vector_float_pop,exec_do*cou,vector_float_ta,vector_float_flu,float_add,exec_do*times,integer_shove,float_tan,vector_float_la,vector_float_indexof,float_sho,float_frominteg,integer_dup,vector_float_stackdepth,exec_sho,vector_float_replace,exec_swap,vector_float_rever,autoconstructive_integer_ra,exec_sw,integer_add,exec_flush,float_flu,float_cos,exec_flu,integer_mod,float_div,vector_float_leng,integer_inc,vector_float_yank,exec_rot,vector_float_flush,float_dec,vector_float_set,integer_pop,vector_float_shove,exec_pop,vector_float_take,vector_float_concat,vector_float_pusha,vector_float_ya,vector_float_remo,float_sin,autoconstructive_integer_rand,vector_float_length,exec_do*count,integer_sub,float_mu,exec_no,vector_float_re,float_dup,integer_r,integer_sho,vector_float_yankd,integer_stackdepth,integer_dec,exec,vector_float_replacefir,vector_float_nth,float_swap,vector_float_co,exec_ya,float_yank,float_flush,float_t,integer_d,integer_a,integer_m,integer_i,vector_float_subv,integer_s,integer_p,vector_float_repla,vector_float_sw
0.000548773795442,0.00173168619895,0.000463408982817,7.31698393922e-05,0.000756088340386,0.000585358715138,0.000426824063121,7.31698393922e-05,3.65849196961e-05,6.09748661602e-05,0.000609748661602,0.00090242801917,0.000219509518177,0.0,9.75597858563e-05,4.87798929281e-05,0.0,2.43899464641e-05,0.00176827111864,0.000707308447458,2.43899464641e-05,0.000743893367154,2.43899464641e-05,0.00108535261765,7.31698393922e-05,1.2194973232e-05,2.43899464641e-05,0.00059755368837,0.000231704491409,2.43899464641e-05,0.000743893367154,0.0,4.87798929281e-05,0.000231704491409,6.09748661602e-05,0.0,0.000158534652016,0.0,1.2194973232e-05,3.65849196961e-05,0.00147559176108,0.00201217058329,0.000475603956049,0.00107315764442,0.000426824063121,2.43899464641e-05,0.00117071743028,0.00131705710906,0.00139022694845,0.000451214009585,0.00199997561005,7.31698393922e-05,0.000219509518177,0.000256094437873,0.000987792831795,0.000317069304033,0.000609748661602,0.000487798929281,2.43899464641e-05,0.00103657272472,0.0030853282277,0.00065852855453,3.65849196961e-05,0.00108535261765,0.0,0.00012194973232,7.31698393922e-05,0.000280484384337,1.2194973232e-05,0.0,0.00108535261765,0.00132925208229,0.000878038072706,0.00184144095804,0.00174388117218,0.000743893367154,1.2194973232e-05,2.43899464641e-05,0.000134144705552,0.000890233045938,0.0,0.000646333581298,0.00115852245704,1.2194973232e-05,0.000243899464641,8.53648126242e-05,0.0,1.2194973232e-05,0.000402434116657,0.0,0.0,1.2194973232e-05,0.000475603956049,0.000170729625248,0.000707308447458,0.000890233045938,0.0,0.00012194973232,9.75597858563e-05,8.53648126242e-05,0.000451214009585,0.000524383848977,0.0,0.000365849196961,0.000804868233314,1.2194973232e-05,3.65849196961e-05,2.43899464641e-05,0.000463408982817,8.53648126242e-05,7.31698393922e-05,0.000304874330801,0.0,0.000292679357569,0.000743893367154,1.2194973232e-05,0.00118291240351,0.000243899464641,0.000951207912099,0.000682918500994,0.00134144705552,0.00102437775149,0.00059755368837,0.00139022694845,0.000317069304033,0.000524383848977,0.000414629089889,2.43899464641e-05,2.43899464641e-05,9.75597858563e-05,7.31698393922e-05,0.000853648126242,0.00115852245704,0.000914622992403,0.000939012938867,2.43899464641e-05,0.000109754759088,0.0,0.00065852855453,0.0,1.2194973232e-05,0.000134144705552,0.000341459250497,0.00117071743028,0.000158534652016,4.87798929281e-05,0.000817063206546,0.000231704491409,0.0,0.000109754759088,0.000353654223729,0.000390239143425,0.0,0.000341459250497,0.0,4.87798929281e-05,4.87798929281e-05,0.0,0.0,0.0,2.43899464641e-05,0.000207314544945
Gen 82
float_yankdup,integer_swap,vector_float_conj,vector_float_conc,vector_float_occurrencesof,vector_float_replacefirst,vector_float_rest,vector_float_p,vector_float_s,vector_float_r,vector_float_first,integer_fromfloat,vector_float_last,vector_float_d,float_sw,exec_yankd,vector_float_n,exec_do*tim,exec_yankdup,exec_yank,integer_mu,vector_float_remove,vector_float_fir,exec_do*vector_float,float_p,float_r,vector_float_stackdep,vector_float_dup,vector_float_subvec,float_i,exec_do*range,integer_yankd,float_m,integer_rot,float_a,float_c,float_d,integer_stackdep,float_s,vector_float_occurrences,exec_stackdepth,vector_float_swap,vector_float_reverse,float_stackdepth,float_max,exec_do*vector_flo,float_min,vector_float_rot,float_rot,exec_shove,vector_float_pushall,float_stackdep,float_sub,vector_float_sho,integer_div,integer_mult,integer_min,float_shove,integer_flush,float_inc,in1,integer_yank,integer_fromflo,vector_float_yankdup,float_ya,vector_float_butla,integer_sw,float_pop,exec_d,float_yankd,integer_max,exec_dup,exec_k,float_frominteger,float_mult,exec_noop,exec_p,exec_r,exec_s,vector_float_butlast,integer_flu,exec_y,float_mod,integer_ya,integer_yankdup,exec_stackdep,exec_do*ran,vector_float_index,vector_float_pop,exec_do*cou,vector_float_ta,vector_float_flu,float_add,exec_do*times,integer_shove,float_tan,vector_float_la,vector_float_indexof,float_sho,float_frominteg,integer_dup,vector_float_stackdepth,exec_sho,vector_float_replace,exec_swap,vector_float_rever,autoconstructive_integer_ra,exec_sw,integer_add,exec_flush,float_flu,float_cos,exec_flu,integer_mod,float_div,vector_float_leng,integer_inc,vector_float_yank,exec_rot,vector_float_flush,float_dec,vector_float_set,integer_pop,vector_float_shove,exec_pop,vector_float_take,vector_float_concat,vector_float_pusha,vector_float_ya,vector_float_remo,float_sin,autoconstructive_integer_rand,vector_float_length,exec_do*count,integer_sub,float_mu,exec_no,vector_float_re,float_dup,integer_r,integer_sho,vector_float_yankd,integer_stackdepth,integer_dec,exec,vector_float_replacefir,vector_float_nth,float_swap,vector_float_co,exec_ya,float_yank,float_flush,float_t,integer_d,integer_a,integer_m,integer_i,vector_float_subv,integer_s,integer_p,vector_float_repla,vector_float_sw
0.000301201190347,0.00168672666594,0.000457825809328,1.20480476139e-05,0.000662642618764,0.000626498475922,0.000481921904555,6.02402380694e-05,1.20480476139e-05,0.000120480476139,0.000457825809328,0.000855411380586,0.000180720714208,0.0,0.000108432428525,0.000120480476139,1.20480476139e-05,0.0,0.00192768761822,0.000481921904555,0.0,0.000734930904447,1.20480476139e-05,0.000987939904339,0.000144576571367,6.02402380694e-05,1.20480476139e-05,0.000783123094902,0.000180720714208,2.40960952278e-05,0.000855411380586,0.0,0.000120480476139,0.000180720714208,1.20480476139e-05,0.0,3.61441428417e-05,1.20480476139e-05,2.40960952278e-05,3.61441428417e-05,0.00136142938037,0.00195178371345,0.00037348947603,0.00132528523753,0.000337345333189,1.20480476139e-05,0.00108432428525,0.0013011891423,0.00122890085662,0.000614450428308,0.00185539933254,6.02402380694e-05,0.000228912904664,0.000228912904664,0.000903603571041,0.000228912904664,0.000626498475922,0.000397585571258,4.81921904555e-05,0.00101203599957,0.0030361079987,0.000578306285466,1.20480476139e-05,0.00113251647571,3.61441428417e-05,9.63843809111e-05,4.81921904555e-05,0.000313249237961,2.40960952278e-05,3.61441428417e-05,0.00103613209479,0.00124094890423,0.000939747713883,0.00174696690401,0.00172287080879,0.000771075047289,0.0,2.40960952278e-05,0.000108432428525,0.000855411380586,0.0,0.000602402380694,0.00116866061855,2.40960952278e-05,0.000253008999892,7.22882856833e-05,0.0,0.0,0.000397585571258,0.0,1.20480476139e-05,2.40960952278e-05,0.000518066047397,0.000204816809436,0.000783123094902,0.000927699666269,0.0,0.000168672666594,7.22882856833e-05,0.000108432428525,0.000506017999783,0.000457825809328,1.20480476139e-05,0.000337345333189,0.000927699666269,1.20480476139e-05,1.20480476139e-05,0.0,0.000385537523644,0.000132528523753,4.81921904555e-05,0.000265057047505,0.0,0.00037348947603,0.000554210190239,3.61441428417e-05,0.00114456452332,0.000192768761822,0.00102408404718,0.000457825809328,0.0013855254756,0.000915651618655,0.000662642618764,0.00149395790412,0.000397585571258,0.000409633618872,0.000337345333189,1.20480476139e-05,0.0,2.40960952278e-05,7.22882856833e-05,0.000915651618655,0.000975891856725,0.000999987951952,0.000903603571041,3.61441428417e-05,6.02402380694e-05,2.40960952278e-05,0.00059035433308,1.20480476139e-05,1.20480476139e-05,0.000132528523753,0.000481921904555,0.00128914109469,0.000168672666594,6.02402380694e-05,0.000722882856833,0.000240960952278,2.40960952278e-05,0.000108432428525,0.000277105095119,0.000506017999783,2.40960952278e-05,0.000337345333189,0.0,6.02402380694e-05,1.20480476139e-05,1.20480476139e-05,0.0,0.0,1.20480476139e-05,0.000204816809436
Gen 83
float_yankdup,integer_swap,vector_float_conj,vector_float_conc,vector_float_occurrencesof,vector_float_replacefirst,vector_float_rest,vector_float_p,vector_float_s,vector_float_r,vector_float_first,integer_fromfloat,vector_float_last,vector_float_d,float_sw,exec_yankd,vector_float_n,exec_do*tim,exec_yankdup,exec_yank,integer_mu,vector_float_remove,vector_float_fir,exec_do*vector_float,float_p,float_r,vector_float_stackdep,vector_float_dup,vector_float_subvec,float_i,exec_do*range,integer_yankd,float_m,integer_rot,float_a,float_c,float_d,integer_stackdep,float_s,vector_float_occurrences,exec_stackdepth,vector_float_swap,vector_float_reverse,float_stackdepth,float_max,exec_do*vector_flo,float_min,vector_float_rot,float_rot,exec_shove,vector_float_pushall,float_stackdep,float_sub,vector_float_sho,integer_div,integer_mult,integer_min,float_shove,integer_flush,float_inc,in1,integer_yank,integer_fromflo,vector_float_yankdup,float_ya,vector_float_butla,integer_sw,float_pop,exec_d,float_yankd,integer_max,exec_dup,exec_k,float_frominteger,float_mult,exec_noop,exec_p,exec_r,exec_s,vector_float_butlast,integer_flu,exec_y,float_mod,integer_ya,integer_yankdup,exec_stackdep,exec_do*ran,vector_float_index,vector_float_pop,exec_do*cou,vector_float_ta,vector_float_flu,float_add,exec_do*times,integer_shove,float_tan,vector_float_la,vector_float_indexof,float_sho,float_frominteg,integer_dup,vector_float_stackdepth,exec_sho,vector_float_replace,exec_swap,vector_float_rever,autoconstructive_integer_ra,exec_sw,integer_add,exec_flush,float_flu,float_cos,exec_flu,integer_mod,float_div,vector_float_leng,integer_inc,vector_float_yank,exec_rot,vector_float_flush,float_dec,vector_float_set,integer_pop,vector_float_shove,exec_pop,vector_float_take,vector_float_concat,vector_float_pusha,vector_float_ya,vector_float_remo,float_sin,autoconstructive_integer_rand,vector_float_length,exec_do*count,integer_sub,float_mu,exec_no,vector_float_re,float_dup,integer_r,integer_sho,vector_float_yankd,integer_stackdepth,integer_dec,exec,vector_float_replacefir,vector_float_nth,float_swap,vector_float_co,exec_ya,float_yank,float_flush,float_t,integer_d,integer_a,integer_m,integer_i,vector_float_subv,integer_s,integer_p,vector_float_repla,vector_float_sw
0.00034523398531,0.00157140986417,0.000380947845859,2.38092403662e-05,0.000595231009155,0.000595231009155,0.000404757086225,9.52369614647e-05,2.38092403662e-05,0.000107141581648,0.000511898667873,0.000857132653183,0.000130950822014,1.19046201831e-05,3.57138605493e-05,4.76184807324e-05,1.19046201831e-05,0.0,0.00186902536875,0.000523803288056,0.0,0.000702372590802,2.38092403662e-05,0.00080951417245,0.000202378543113,8.33323412817e-05,4.76184807324e-05,0.000726181831169,0.00015476006238,1.19046201831e-05,0.00080951417245,0.0,9.52369614647e-05,0.000202378543113,2.38092403662e-05,2.38092403662e-05,9.52369614647e-05,1.19046201831e-05,2.38092403662e-05,0.0,0.00124998511922,0.00201188081094,0.000166664682563,0.00117855739813,0.000380947845859,1.19046201831e-05,0.00099998809538,0.00121427125868,0.00110712967703,0.000583326388972,0.00173807454673,5.95231009155e-05,0.000214283163296,0.000273806264211,0.000904751133915,0.000238092403662,0.000678563350436,0.000285710884394,1.19046201831e-05,0.000952369614647,0.00292853656504,0.00049999404769,2.38092403662e-05,0.00113093891739,0.0,3.57138605493e-05,3.57138605493e-05,0.000392852466042,2.38092403662e-05,0.0,0.000857132653183,0.00128569897977,0.00080951417245,0.00170236068618,0.00172616992655,0.000880941893549,1.19046201831e-05,2.38092403662e-05,3.57138605493e-05,0.000690467970619,0.0,0.00049999404769,0.00126188973941,3.57138605493e-05,0.000202378543113,4.76184807324e-05,0.0,0.0,0.000261901644028,3.57138605493e-05,2.38092403662e-05,1.19046201831e-05,0.000238092403662,0.000202378543113,0.000749991071535,0.000964274234831,1.19046201831e-05,0.000226187783479,0.000119046201831,9.52369614647e-05,0.00030952012476,0.000571421768788,2.38092403662e-05,0.000380947845859,0.000928560374281,1.19046201831e-05,1.19046201831e-05,3.57138605493e-05,0.000238092403662,0.000130950822014,2.38092403662e-05,0.000440470946774,1.19046201831e-05,0.000321424744944,0.000476184807324,5.95231009155e-05,0.00103570195593,0.000261901644028,0.000821418792633,0.000535707908239,0.00149998214307,0.000857132653183,0.000380947845859,0.00136903132106,0.000273806264211,0.000404757086225,0.00030952012476,3.57138605493e-05,0.0,7.14277210986e-05,8.33323412817e-05,0.00065475411007,0.00120236663849,0.00102379733575,0.000916655754098,3.57138605493e-05,1.19046201831e-05,0.0,0.000511898667873,7.14277210986e-05,4.76184807324e-05,0.000119046201831,0.000571421768788,0.00113093891739,0.000107141581648,0.000119046201831,0.000833323412817,0.000107141581648,1.19046201831e-05,0.000119046201831,0.000321424744944,0.000392852466042,1.19046201831e-05,0.00030952012476,1.19046201831e-05,3.57138605493e-05,1.19046201831e-05,0.0,1.19046201831e-05,0.0,1.19046201831e-05,0.00015476006238
Gen 84
float_yankdup,integer_swap,vector_float_conj,vector_float_conc,vector_float_occurrencesof,vector_float_replacefirst,vector_float_rest,vector_float_p,vector_float_s,vector_float_r,vector_float_first,integer_fromfloat,vector_float_last,vector_float_d,float_sw,exec_yankd,vector_float_n,exec_do*tim,exec_yankdup,exec_yank,integer_mu,vector_float_remove,vector_float_fir,exec_do*vector_float,float_p,float_r,vector_float_stackdep,vector_float_dup,vector_float_subvec,float_i,exec_do*range,integer_yankd,float_m,integer_rot,float_a,float_c,float_d,integer_stackdep,float_s,vector_float_occurrences,exec_stackdepth,vector_float_swap,vector_float_reverse,float_stackdepth,float_max,exec_do*vector_flo,float_min,vector_float_rot,float_rot,exec_shove,vector_float_pushall,float_stackdep,float_sub,vector_float_sho,integer_div,integer_mult,integer_min,float_shove,integer_flush,float_inc,in1,integer_yank,integer_fromflo,vector_float_yankdup,float_ya,vector_float_butla,integer_sw,float_pop,exec_d,float_yankd,integer_max,exec_dup,exec_k,float_frominteger,float_mult,exec_noop,exec_p,exec_r,exec_s,vector_float_butlast,integer_flu,exec_y,float_mod,integer_ya,integer_yankdup,exec_stackdep,exec_do*ran,vector_float_index,vector_float_pop,exec_do*cou,vector_float_ta,vector_float_flu,float_add,exec_do*times,integer_shove,float_tan,vector_float_la,vector_float_indexof,float_sho,float_frominteg,integer_dup,vector_float_stackdepth,exec_sho,vector_float_replace,exec_swap,vector_float_rever,autoconstructive_integer_ra,exec_sw,integer_add,exec_flush,float_flu,float_cos,exec_flu,integer_mod,float_div,vector_float_leng,integer_inc,vector_float_yank,exec_rot,vector_float_flush,float_dec,vector_float_set,integer_pop,vector_float_shove,exec_pop,vector_float_take,vector_float_concat,vector_float_pusha,vector_float_ya,vector_float_remo,float_sin,autoconstructive_integer_rand,vector_float_length,exec_do*count,integer_sub,float_mu,exec_no,vector_float_re,float_dup,integer_r,integer_sho,vector_float_yankd,integer_stackdepth,integer_dec,exec,vector_float_replacefir,vector_float_nth,float_swap,vector_float_co,exec_ya,float_yank,float_flush,float_t,integer_d,integer_a,integer_m,integer_i,vector_float_subv,integer_s,integer_p,vector_float_repla,vector_float_sw
0.000305878754368,0.00171762685145,0.000247055916989,0.0,0.000635286643687,0.000305878754368,0.000317643321843,2.35291349514e-05,2.35291349514e-05,5.88228373784e-05,0.000364701591746,0.000752932318443,0.000223526782038,2.35291349514e-05,4.70582699027e-05,0.000129410242232,0.0,1.17645674757e-05,0.00162351031164,0.000376466159222,1.17645674757e-05,0.000423524429124,1.17645674757e-05,0.000858813425724,0.000223526782038,3.5293702427e-05,4.70582699027e-05,0.000894107128151,9.41165398054e-05,0.0,0.000482347266503,1.17645674757e-05,4.70582699027e-05,0.000294114186892,0.0,3.5293702427e-05,7.05874048541e-05,3.5293702427e-05,2.35291349514e-05,2.35291349514e-05,0.00119998588252,0.00182350795873,0.000117645674757,0.000999988235433,0.00035293702427,1.17645674757e-05,0.000823519723297,0.000894107128151,0.00105881107281,0.000470582699027,0.00138821896213,3.5293702427e-05,0.000188233079611,0.000141174809708,0.000729403183492,0.000317643321843,0.000764696885919,0.000341172456795,2.35291349514e-05,0.000682344913589,0.0026587922495,0.000399995294173,2.35291349514e-05,0.000811755155822,1.17645674757e-05,8.23519723297e-05,2.35291349514e-05,0.000317643321843,1.17645674757e-05,2.35291349514e-05,0.000811755155822,0.00121175044999,0.000647051211162,0.00138821896213,0.00163527487912,0.000799990588346,3.5293702427e-05,0.0,1.17645674757e-05,0.000835284290773,0.0,0.0004352889966,0.000999988235433,5.88228373784e-05,0.000176468512135,0.000105881107281,1.17645674757e-05,0.0,0.000258820484465,0.0,1.17645674757e-05,0.0,0.000105881107281,0.000199997647087,0.000388230726697,0.000764696885919,1.17645674757e-05,7.05874048541e-05,0.000129410242232,8.23519723297e-05,0.000447053564076,0.000399995294173,1.17645674757e-05,0.000329407889319,0.000835284290773,1.17645674757e-05,2.35291349514e-05,0.0,0.000141174809708,0.000117645674757,1.17645674757e-05,0.000388230726697,0.0,0.000117645674757,0.000564699238832,4.70582699027e-05,0.0008705779932,0.000188233079611,0.000882342560676,0.000388230726697,0.00108234020776,0.000658815778638,0.000199997647087,0.00136468982718,0.000376466159222,0.000223526782038,0.000117645674757,2.35291349514e-05,0.0,8.23519723297e-05,7.05874048541e-05,0.00059999294126,0.000835284290773,0.000988223667957,0.000976459100481,0.0,2.35291349514e-05,1.17645674757e-05,0.000470582699027,5.88228373784e-05,7.05874048541e-05,0.000117645674757,0.000447053564076,0.000941165398054,9.41165398054e-05,4.70582699027e-05,0.00051764096893,0.000129410242232,0.0,2.35291349514e-05,0.000388230726697,0.000376466159222,1.17645674757e-05,0.000152939377184,0.0,2.35291349514e-05,5.88228373784e-05,0.0,3.5293702427e-05,0.0,1.17645674757e-05,0.000164703944659
Gen 85
float_yankdup,integer_swap,vector_float_conj,vector_float_conc,vector_float_occurrencesof,vector_float_replacefirst,vector_float_rest,vector_float_p,vector_float_s,vector_float_r,vector_float_first,integer_fromfloat,vector_float_last,vector_float_d,float_sw,exec_yankd,vector_float_n,exec_do*tim,exec_yankdup,exec_yank,integer_mu,vector_float_remove,vector_float_fir,exec_do*vector_float,float_p,float_r,vector_float_stackdep,vector_float_dup,vector_float_subvec,float_i,exec_do*range,integer_yankd,float_m,integer_rot,float_a,float_c,float_d,integer_stackdep,float_s,vector_float_occurrences,exec_stackdepth,vector_float_swap,vector_float_reverse,float_stackdepth,float_max,exec_do*vector_flo,float_min,vector_float_rot,float_rot,exec_shove,vector_float_pushall,float_stackdep,float_sub,vector_float_sho,integer_div,integer_mult,integer_min,float_shove,integer_flush,float_inc,in1,integer_yank,integer_fromflo,vector_float_yankdup,float_ya,vector_float_butla,integer_sw,float_pop,exec_d,float_yankd,integer_max,exec_dup,exec_k,float_frominteger,float_mult,exec_noop,exec_p,exec_r,exec_s,vector_float_butlast,integer_flu,exec_y,float_mod,integer_ya,integer_yankdup,exec_stackdep,exec_do*ran,vector_float_index,vector_float_pop,exec_do*cou,vector_float_ta,vector_float_flu,float_add,exec_do*times,integer_shove,float_tan,vector_float_la,vector_float_indexof,float_sho,float_frominteg,integer_dup,vector_float_stackdepth,exec_sho,vector_float_replace,exec_swap,vector_float_rever,autoconstructive_integer_ra,exec_sw,integer_add,exec_flush,float_flu,float_cos,exec_flu,integer_mod,float_div,vector_float_leng,integer_inc,vector_float_yank,exec_rot,vector_float_flush,float_dec,vector_float_set,integer_pop,vector_float_shove,exec_pop,vector_float_take,vector_float_concat,vector_float_pusha,vector_float_ya,vector_float_remo,float_sin,autoconstructive_integer_rand,vector_float_length,exec_do*count,integer_sub,float_mu,exec_no,vector_float_re,float_dup,integer_r,integer_sho,vector_float_yankd,integer_stackdepth,integer_dec,exec,vector_float_replacefir,vector_float_nth,float_swap,vector_float_co,exec_ya,float_yank,float_flush,float_t,integer_d,integer_a,integer_m,integer_i,vector_float_subv,integer_s,integer_p,vector_float_repla,vector_float_sw
0.000220927663632,0.00131393821002,0.000174416576551,0.0,0.000406972011953,0.000313949837793,0.000267438750712,1.16277717701e-05,2.32555435402e-05,2.32555435402e-05,0.000360460924873,0.000651155219125,0.000151161033011,2.32555435402e-05,2.32555435402e-05,0.000139533261241,1.16277717701e-05,1.16277717701e-05,0.00134882152533,0.000220927663632,2.32555435402e-05,0.000372088696643,0.0,0.000569760816735,0.000127905489471,4.65110870804e-05,3.48833153103e-05,0.000732549621516,6.97666306206e-05,1.16277717701e-05,0.000499994186114,0.0,3.48833153103e-05,0.000220927663632,0.0,0.0,0.000104649945931,2.32555435402e-05,2.32555435402e-05,1.16277717701e-05,0.000999988372228,0.00149998255834,0.000162788804781,0.000895338426297,0.000453483099034,0.0,0.000593016360275,0.000744177393286,0.000906966198067,0.000395344240183,0.00127905489471,2.32555435402e-05,0.000162788804781,0.000104649945931,0.000616271903815,0.000232555435402,0.000558133044965,0.000313949837793,2.32555435402e-05,0.000639527447355,0.00229067103871,0.000313949837793,0.0,0.000686038534436,0.0,9.30221741608e-05,2.32555435402e-05,0.000232555435402,3.48833153103e-05,0.0,0.000523249729654,0.000988360600458,0.000499994186114,0.00115114940524,0.0012441715794,0.000569760816735,4.65110870804e-05,1.16277717701e-05,0.0,0.000604644132045,0.0,0.000279066522482,0.000744177393286,5.81388588505e-05,0.000162788804781,8.13944023907e-05,0.0,0.0,0.000244183207172,1.16277717701e-05,0.0,1.16277717701e-05,8.13944023907e-05,0.000162788804781,0.000360460924873,0.000558133044965,0.0,6.97666306206e-05,9.30221741608e-05,3.48833153103e-05,0.000267438750712,0.000290694294252,1.16277717701e-05,0.000255810978942,0.000616271903815,1.16277717701e-05,1.16277717701e-05,3.48833153103e-05,0.000104649945931,4.65110870804e-05,0.0,0.000337205381333,0.0,9.30221741608e-05,0.000406972011953,2.32555435402e-05,0.000697666306206,0.000116277717701,0.000616271903815,0.000372088696643,0.000883710654527,0.000546505273194,0.000127905489471,0.00102324391577,0.000209299891862,0.000162788804781,0.000197672120092,2.32555435402e-05,0.0,8.13944023907e-05,5.81388588505e-05,0.000534877501424,0.000813944023907,0.000767432936826,0.000697666306206,2.32555435402e-05,0.0,1.16277717701e-05,0.000406972011953,2.32555435402e-05,6.97666306206e-05,6.97666306206e-05,0.000395344240183,0.000651155219125,8.13944023907e-05,4.65110870804e-05,0.000441855327264,0.000162788804781,1.16277717701e-05,3.48833153103e-05,0.000267438750712,0.000325577609563,6.97666306206e-05,0.000197672120092,0.0,4.65110870804e-05,4.65110870804e-05,0.0,2.32555435402e-05,0.0,0.0,8.13944023907e-05
Gen 86
float_yankdup,integer_swap,vector_float_conj,vector_float_conc,vector_float_occurrencesof,vector_float_replacefirst,vector_float_rest,vector_float_p,vector_float_s,vector_float_r,vector_float_first,integer_fromfloat,vector_float_last,vector_float_d,float_sw,exec_yankd,vector_float_n,exec_do*tim,exec_yankdup,exec_yank,integer_mu,vector_float_remove,vector_float_fir,exec_do*vector_float,float_p,float_r,vector_float_stackdep,vector_float_dup,vector_float_subvec,float_i,exec_do*range,integer_yankd,float_m,integer_rot,float_a,float_c,float_d,integer_stackdep,float_s,vector_float_occurrences,exec_stackdepth,vector_float_swap,vector_float_reverse,float_stackdepth,float_max,exec_do*vector_flo,float_min,vector_float_rot,float_rot,exec_shove,vector_float_pushall,float_stackdep,float_sub,vector_float_sho,integer_div,integer_mult,integer_min,float_shove,integer_flush,float_inc,in1,integer_yank,integer_fromflo,vector_float_yankdup,float_ya,vector_float_butla,integer_sw,float_pop,exec_d,float_yankd,integer_max,exec_dup,exec_k,float_frominteger,float_mult,exec_noop,exec_p,exec_r,exec_s,vector_float_butlast,integer_flu,exec_y,float_mod,integer_ya,integer_yankdup,exec_stackdep,exec_do*ran,vector_float_index,vector_float_pop,exec_do*cou,vector_float_ta,vector_float_flu,float_add,exec_do*times,integer_shove,float_tan,vector_float_la,vector_float_indexof,float_sho,float_frominteg,integer_dup,vector_float_stackdepth,exec_sho,vector_float_replace,exec_swap,vector_float_rever,autoconstructive_integer_ra,exec_sw,integer_add,exec_flush,float_flu,float_cos,exec_flu,integer_mod,float_div,vector_float_leng,integer_inc,vector_float_yank,exec_rot,vector_float_flush,float_dec,vector_float_set,integer_pop,vector_float_shove,exec_pop,vector_float_take,vector_float_concat,vector_float_pusha,vector_float_ya,vector_float_remo,float_sin,autoconstructive_integer_rand,vector_float_length,exec_do*count,integer_sub,float_mu,exec_no,vector_float_re,float_dup,integer_r,integer_sho,vector_float_yankd,integer_stackdepth,integer_dec,exec,vector_float_replacefir,vector_float_nth,float_swap,vector_float_co,exec_ya,float_yank,float_flush,float_t,integer_d,integer_a,integer_m,integer_i,vector_float_subv,integer_s,integer_p,vector_float_repla,vector_float_sw
0.000218388294387,0.0013448121286,0.000160917690601,0.0,0.000494247192561,0.000379305984989,0.000264364777416,0.0,0.0,5.74706037862e-05,0.000367811864231,0.000632176641648,0.000114941207572,0.0,3.44823622717e-05,0.000103447086815,0.0,2.29882415145e-05,0.00143676509465,0.000172411811358,3.44823622717e-05,0.000482753071804,0.0,0.000563211917104,0.00020689417363,0.0,5.74706037862e-05,0.000758611969977,4.59764830289e-05,2.29882415145e-05,0.000551717796347,1.14941207572e-05,3.44823622717e-05,0.000183905932116,0.0,1.14941207572e-05,0.000103447086815,1.14941207572e-05,0.0,0.0,0.00109194147194,0.0015861886645,0.000195400052873,0.000827576694521,0.000482753071804,0.0,0.000666659003919,0.000850564936035,0.000896541419064,0.000298847139688,0.00127584740405,0.0,0.000183905932116,8.04588453006e-05,0.000712635486948,0.000252870656659,0.000597694279376,0.000252870656659,0.0,0.00074711784922,0.00226434178917,0.000344823622717,1.14941207572e-05,0.000804588453006,0.0,8.04588453006e-05,4.59764830289e-05,0.000241376535902,2.29882415145e-05,1.14941207572e-05,0.000551717796347,0.000942517902093,0.000597694279376,0.00120688267951,0.00110343559269,0.000632176641648,3.44823622717e-05,2.29882415145e-05,0.0,0.000620682520891,0.0,0.000367811864231,0.000850564936035,2.29882415145e-05,0.000218388294387,6.89647245434e-05,3.44823622717e-05,0.0,0.000218388294387,2.29882415145e-05,1.14941207572e-05,0.0,0.000103447086815,0.000229882415145,0.000367811864231,0.000597694279376,0.0,0.000137929449087,5.74706037862e-05,6.89647245434e-05,0.000321835381203,0.000321835381203,0.0,0.000229882415145,0.000632176641648,0.0,0.0,0.0,0.00020689417363,5.74706037862e-05,4.59764830289e-05,0.000252870656659,1.14941207572e-05,0.000114941207572,0.000471258951047,5.74706037862e-05,0.000758611969977,9.19529660579e-05,0.000609188400133,0.000402294226503,0.000999988505879,0.000655164883162,0.000195400052873,0.000999988505879,0.000310341260445,0.000287353018931,0.000287353018931,2.29882415145e-05,1.14941207572e-05,3.44823622717e-05,0.000114941207572,0.000505741313318,0.000862059056792,0.000770106090735,0.000666659003919,2.29882415145e-05,3.44823622717e-05,0.0,0.000379305984989,1.14941207572e-05,5.74706037862e-05,8.04588453006e-05,0.000390800105746,0.000816082573764,9.19529660579e-05,0.000114941207572,0.00041378834726,0.000149423569844,1.14941207572e-05,4.59764830289e-05,0.000356317743474,0.00033332950196,0.0,0.000137929449087,0.0,8.04588453006e-05,3.44823622717e-05,0.0,1.14941207572e-05,2.29882415145e-05,1.14941207572e-05,9.19529660579e-05
Gen 87
float_yankdup,integer_swap,vector_float_conj,vector_float_conc,vector_float_occurrencesof,vector_float_replacefirst,vector_float_rest,vector_float_p,vector_float_s,vector_float_r,vector_float_first,integer_fromfloat,vector_float_last,vector_float_d,float_sw,exec_yankd,vector_float_n,exec_do*tim,exec_yankdup,exec_yank,integer_mu,vector_float_remove,vector_float_fir,exec_do*vector_float,float_p,float_r,vector_float_stackdep,vector_float_dup,vector_float_subvec,float_i,exec_do*range,integer_yankd,float_m,integer_rot,float_a,float_c,float_d,integer_stackdep,float_s,vector_float_occurrences,exec_stackdepth,vector_float_swap,vector_float_reverse,float_stackdepth,float_max,exec_do*vector_flo,float_min,vector_float_rot,float_rot,exec_shove,vector_float_pushall,float_stackdep,float_sub,vector_float_sho,integer_div,integer_mult,integer_min,float_shove,integer_flush,float_inc,in1,integer_yank,integer_fromflo,vector_float_yankdup,float_ya,vector_float_butla,integer_sw,float_pop,exec_d,float_yankd,integer_max,exec_dup,exec_k,float_frominteger,float_mult,exec_noop,exec_p,exec_r,exec_s,vector_float_butlast,integer_flu,exec_y,float_mod,integer_ya,integer_yankdup,exec_stackdep,exec_do*ran,vector_float_index,vector_float_pop,exec_do*cou,vector_float_ta,vector_float_flu,float_add,exec_do*times,integer_shove,float_tan,vector_float_la,vector_float_indexof,float_sho,float_frominteg,integer_dup,vector_float_stackdepth,exec_sho,vector_float_replace,exec_swap,vector_float_rever,autoconstructive_integer_ra,exec_sw,integer_add,exec_flush,float_flu,float_cos,exec_flu,integer_mod,float_div,vector_float_leng,integer_inc,vector_float_yank,exec_rot,vector_float_flush,float_dec,vector_float_set,integer_pop,vector_float_shove,exec_pop,vector_float_take,vector_float_concat,vector_float_pusha,vector_float_ya,vector_float_remo,float_sin,autoconstructive_integer_rand,vector_float_length,exec_do*count,integer_sub,float_mu,exec_no,vector_float_re,float_dup,integer_r,integer_sho,vector_float_yankd,integer_stackdepth,integer_dec,exec,vector_float_replacefir,vector_float_nth,float_swap,vector_float_co,exec_ya,float_yank,float_flush,float_t,integer_d,integer_a,integer_m,integer_i,vector_float_subv,integer_s,integer_p,vector_float_repla,vector_float_sw
0.000227270144657,0.00112498721605,6.81810433972e-05,1.13635072329e-05,0.000352268724219,0.000204543130192,0.000215906637425,0.0,1.13635072329e-05,7.95445506301e-05,0.000272724173589,0.000590902376109,0.000170452608493,1.13635072329e-05,1.13635072329e-05,7.95445506301e-05,2.27270144657e-05,0.0,0.00111362370882,0.000113635072329,7.95445506301e-05,0.000340905216986,3.40905216986e-05,0.000409086260383,0.000215906637425,3.40905216986e-05,1.13635072329e-05,0.000670446926739,1.13635072329e-05,3.40905216986e-05,0.000409086260383,1.13635072329e-05,3.40905216986e-05,0.000170452608493,0.0,0.0,7.95445506301e-05,0.0,0.0,0.0,0.00090908057863,0.00114771423052,0.000147725594027,0.000602265883342,0.000522721332712,2.27270144657e-05,0.000477267303781,0.000579538868876,0.000761354984602,0.000295451188055,0.00110226020159,1.13635072329e-05,0.000124998579562,1.13635072329e-05,0.000602265883342,0.000113635072329,0.000443176782082,0.00023863365189,0.0,0.000670446926739,0.00203406779468,0.000420449767616,0.0,0.000511357825479,0.0,3.40905216986e-05,5.68175361644e-05,0.000272724173589,4.54540289315e-05,1.13635072329e-05,0.000420449767616,0.000761354984602,0.000477267303781,0.00102271565096,0.000943171100328,0.000579538868876,2.27270144657e-05,1.13635072329e-05,0.0,0.000602265883342,0.0,0.000261360666356,0.000556811854411,3.40905216986e-05,0.000170452608493,6.81810433972e-05,3.40905216986e-05,0.0,0.000227270144657,3.40905216986e-05,0.0,0.0,0.000113635072329,0.000204543130192,0.000329541709753,0.000488630811014,0.0,9.0908057863e-05,2.27270144657e-05,4.54540289315e-05,0.000329541709753,0.000181816115726,0.0,0.000170452608493,0.000545448347178,0.0,1.13635072329e-05,0.0,0.000113635072329,4.54540289315e-05,2.27270144657e-05,0.000295451188055,3.40905216986e-05,4.54540289315e-05,0.000477267303781,7.95445506301e-05,0.000534084839945,7.95445506301e-05,0.000568175361644,0.000386359245918,0.000806809013534,0.000386359245918,0.000147725594027,0.000761354984602,0.000374995738685,0.000136362086794,0.000136362086794,1.13635072329e-05,0.0,5.68175361644e-05,5.68175361644e-05,0.000477267303781,0.000806809013534,0.000704537448438,0.000693173941205,1.13635072329e-05,0.0,0.0,0.000420449767616,0.0,1.13635072329e-05,1.13635072329e-05,0.000420449767616,0.000522721332712,1.13635072329e-05,6.81810433972e-05,0.000227270144657,0.000102271565096,0.0,2.27270144657e-05,0.000352268724219,0.000284087680822,0.0,0.000193179622959,1.13635072329e-05,0.000147725594027,4.54540289315e-05,0.0,2.27270144657e-05,2.27270144657e-05,1.13635072329e-05,3.40905216986e-05
Gen 88
float_yankdup,integer_swap,vector_float_conj,vector_float_conc,vector_float_occurrencesof,vector_float_replacefirst,vector_float_rest,vector_float_p,vector_float_s,vector_float_r,vector_float_first,integer_fromfloat,vector_float_last,vector_float_d,float_sw,exec_yankd,vector_float_n,exec_do*tim,exec_yankdup,exec_yank,integer_mu,vector_float_remove,vector_float_fir,exec_do*vector_float,float_p,float_r,vector_float_stackdep,vector_float_dup,vector_float_subvec,float_i,exec_do*range,integer_yankd,float_m,integer_rot,float_a,float_c,float_d,integer_stackdep,float_s,vector_float_occurrences,exec_stackdepth,vector_float_swap,vector_float_reverse,float_stackdepth,float_max,exec_do*vector_flo,float_min,vector_float_rot,float_rot,exec_shove,vector_float_pushall,float_stackdep,float_sub,vector_float_sho,integer_div,integer_mult,integer_min,float_shove,integer_flush,float_inc,in1,integer_yank,integer_fromflo,vector_float_yankdup,float_ya,vector_float_butla,integer_sw,float_pop,exec_d,float_yankd,integer_max,exec_dup,exec_k,float_frominteger,float_mult,exec_noop,exec_p,exec_r,exec_s,vector_float_butlast,integer_flu,exec_y,float_mod,integer_ya,integer_yankdup,exec_stackdep,exec_do*ran,vector_float_index,vector_float_pop,exec_do*cou,vector_float_ta,vector_float_flu,float_add,exec_do*times,integer_shove,float_tan,vector_float_la,vector_float_indexof,float_sho,float_frominteg,integer_dup,vector_float_stackdepth,exec_sho,vector_float_replace,exec_swap,vector_float_rever,autoconstructive_integer_ra,exec_sw,integer_add,exec_flush,float_flu,float_cos,exec_flu,integer_mod,float_div,vector_float_leng,integer_inc,vector_float_yank,exec_rot,vector_float_flush,float_dec,vector_float_set,integer_pop,vector_float_shove,exec_pop,vector_float_take,vector_float_concat,vector_float_pusha,vector_float_ya,vector_float_remo,float_sin,autoconstructive_integer_rand,vector_float_length,exec_do*count,integer_sub,float_mu,exec_no,vector_float_re,float_dup,integer_r,integer_sho,vector_float_yankd,integer_stackdepth,integer_dec,exec,vector_float_replacefir,vector_float_nth,float_swap,vector_float_co,exec_ya,float_yank,float_flush,float_t,integer_d,integer_a,integer_m,integer_i,vector_float_subv,integer_s,integer_p,vector_float_repla,vector_float_sw
0.000191009089786,0.000966281277738,2.24716576218e-05,1.12358288109e-05,0.000415725666004,0.000235952405029,0.000258424062651,1.12358288109e-05,0.0,0.000101122459298,0.000258424062651,0.000651678071033,0.000101122459298,0.0,0.0,6.74149728655e-05,1.12358288109e-05,1.12358288109e-05,0.000932573791306,0.000191009089786,2.24716576218e-05,0.000235952405029,3.37074864327e-05,0.000460668981247,0.000191009089786,2.24716576218e-05,2.24716576218e-05,0.000707857215087,1.12358288109e-05,5.61791440546e-05,0.000280895720273,1.12358288109e-05,0.0,0.00012359411692,0.0,0.0,7.86508016764e-05,3.37074864327e-05,1.12358288109e-05,0.0,0.000932573791306,0.00115729036752,7.86508016764e-05,0.000483140638869,0.000269659891462,0.0,0.000415725666004,0.000505612296491,0.000752800530331,0.000202244918596,0.00102246042179,2.24716576218e-05,0.00012359411692,2.24716576218e-05,0.000651678071033,7.86508016764e-05,0.000483140638869,0.000235952405029,0.0,0.000629206413411,0.00187638341142,0.000404489837193,0.0,0.000516848125302,0.0,0.000112358288109,1.12358288109e-05,0.00024718823384,1.12358288109e-05,1.12358288109e-05,0.000393254008382,0.000629206413411,0.000505612296491,0.00098875293536,0.000853922989629,0.00049437646768,2.24716576218e-05,2.24716576218e-05,1.12358288109e-05,0.000516848125302,0.0,0.000269659891462,0.00049437646768,1.12358288109e-05,0.000168537432164,7.86508016764e-05,6.74149728655e-05,0.0,0.000202244918596,2.24716576218e-05,0.0,1.12358288109e-05,2.24716576218e-05,0.000191009089786,0.000235952405029,0.000337074864327,1.12358288109e-05,4.49433152436e-05,3.37074864327e-05,0.000112358288109,0.000292131549084,0.000213480747407,1.12358288109e-05,0.000235952405029,0.000426961494815,0.0,3.37074864327e-05,0.0,8.98866304873e-05,1.12358288109e-05,2.24716576218e-05,0.000348310693138,1.12358288109e-05,0.000101122459298,0.000415725666004,6.74149728655e-05,0.000640442242222,0.000112358288109,0.000426961494815,0.000314603206706,0.000573027269357,0.000382018179571,0.00012359411692,0.000674149728655,0.000224716576218,8.98866304873e-05,0.000224716576218,0.0,1.12358288109e-05,0.000101122459298,6.74149728655e-05,0.000505612296491,0.0006179705846,0.000573027269357,0.000505612296491,1.12358288109e-05,0.0,0.0,0.000460668981247,0.0,1.12358288109e-05,0.0,0.000213480747407,0.000382018179571,0.0,5.61791440546e-05,0.000112358288109,8.98866304873e-05,0.0,0.0,0.000269659891462,0.00024718823384,0.0,0.000146065774542,1.12358288109e-05,0.00012359411692,0.0,0.0,0.0,2.24716576218e-05,1.12358288109e-05,3.37074864327e-05
Gen 89
float_yankdup,integer_swap,vector_float_conj,vector_float_conc,vector_float_occurrencesof,vector_float_replacefirst,vector_float_rest,vector_float_p,vector_float_s,vector_float_r,vector_float_first,integer_fromfloat,vector_float_last,vector_float_d,float_sw,exec_yankd,vector_float_n,exec_do*tim,exec_yankdup,exec_yank,integer_mu,vector_float_remove,vector_float_fir,exec_do*vector_float,float_p,float_r,vector_float_stackdep,vector_float_dup,vector_float_subvec,float_i,exec_do*range,integer_yankd,float_m,integer_rot,float_a,float_c,float_d,integer_stackdep,float_s,vector_float_occurrences,exec_stackdepth,vector_float_swap,vector_float_reverse,float_stackdepth,float_max,exec_do*vector_flo,float_min,vector_float_rot,float_rot,exec_shove,vector_float_pushall,float_stackdep,float_sub,vector_float_sho,integer_div,integer_mult,integer_min,float_shove,integer_flush,float_inc,in1,integer_yank,integer_fromflo,vector_float_yankdup,float_ya,vector_float_butla,integer_sw,float_pop,exec_d,float_yankd,integer_max,exec_dup,exec_k,float_frominteger,float_mult,exec_noop,exec_p,exec_r,exec_s,vector_float_butlast,integer_flu,exec_y,float_mod,integer_ya,integer_yankdup,exec_stackdep,exec_do*ran,vector_float_index,vector_float_pop,exec_do*cou,vector_float_ta,vector_float_flu,float_add,exec_do*times,integer_shove,float_tan,vector_float_la,vector_float_indexof,float_sho,float_frominteg,integer_dup,vector_float_stackdepth,exec_sho,vector_float_replace,exec_swap,vector_float_rever,autoconstructive_integer_ra,exec_sw,integer_add,exec_flush,float_flu,float_cos,exec_flu,integer_mod,float_div,vector_float_leng,integer_inc,vector_float_yank,exec_rot,vector_float_flush,float_dec,vector_float_set,integer_pop,vector_float_shove,exec_pop,vector_float_take,vector_float_concat,vector_float_pusha,vector_float_ya,vector_float_remo,float_sin,autoconstructive_integer_rand,vector_float_length,exec_do*count,integer_sub,float_mu,exec_no,vector_float_re,float_dup,integer_r,integer_sho,vector_float_yankd,integer_stackdepth,integer_dec,exec,vector_float_replacefir,vector_float_nth,float_swap,vector_float_co,exec_ya,float_yank,float_flush,float_t,integer_d,integer_a,integer_m,integer_i,vector_float_subv,integer_s,integer_p,vector_float_repla,vector_float_sw
0.000122220864213,0.000922211975422,6.66659259342e-05,1.11109876557e-05,0.000433328518572,0.000244441728425,0.000133331851868,0.0,2.22219753114e-05,8.88879012455e-05,0.000277774691392,0.000444439506228,9.99988889012e-05,0.0,0.0,2.22219753114e-05,3.33329629671e-05,2.22219753114e-05,0.000833324074177,0.00015555382718,1.11109876557e-05,0.000166664814835,2.22219753114e-05,0.000355551604982,6.66659259342e-05,2.22219753114e-05,3.33329629671e-05,0.00048888345685,0.0,0.0,0.000288885679048,0.0,5.55549382785e-05,0.000133331851868,0.0,1.11109876557e-05,6.66659259342e-05,0.0,0.0,1.11109876557e-05,0.000822213086521,0.000899990000111,7.77769135898e-05,0.000477772469195,0.000255552716081,0.0,0.000288885679048,0.000433328518572,0.000611104321063,0.000133331851868,0.000866657037144,1.11109876557e-05,0.000133331851868,5.55549382785e-05,0.000388884567949,8.88879012455e-05,0.000299996666704,0.000144442839524,1.11109876557e-05,0.00048888345685,0.00147776135821,0.000244441728425,2.22219753114e-05,0.000377773580294,0.0,5.55549382785e-05,5.55549382785e-05,0.00015555382718,1.11109876557e-05,0.0,0.000388884567949,0.000444439506228,0.000455550493883,0.000777769135898,0.000822213086521,0.000533327407473,7.77769135898e-05,1.11109876557e-05,0.0,0.000311107654359,0.0,0.000199997777802,0.000399995555605,1.11109876557e-05,0.000144442839524,8.88879012455e-05,6.66659259342e-05,0.0,0.000133331851868,1.11109876557e-05,0.0,1.11109876557e-05,5.55549382785e-05,9.99988889012e-05,0.000188886790147,0.000255552716081,0.0,0.000122220864213,1.11109876557e-05,4.44439506228e-05,0.000222219753114,0.000199997777802,0.0,0.00015555382718,0.000333329629671,2.22219753114e-05,0.0,1.11109876557e-05,0.000133331851868,1.11109876557e-05,1.11109876557e-05,0.000144442839524,1.11109876557e-05,5.55549382785e-05,0.000322218642015,3.33329629671e-05,0.000533327407473,9.99988889012e-05,0.00023333074077,0.000333329629671,0.000544438395129,0.000366662592638,0.00015555382718,0.000522216419818,0.000144442839524,0.000133331851868,0.000222219753114,1.11109876557e-05,1.11109876557e-05,5.55549382785e-05,6.66659259342e-05,0.000366662592638,0.000399995555605,0.000399995555605,0.000366662592638,2.22219753114e-05,0.0,0.0,0.000222219753114,1.11109876557e-05,1.11109876557e-05,0.0,0.00015555382718,0.000311107654359,1.11109876557e-05,7.77769135898e-05,0.000255552716081,0.000144442839524,0.0,1.11109876557e-05,0.000166664814835,0.000166664814835,0.0,7.77769135898e-05,1.11109876557e-05,7.77769135898e-05,1.11109876557e-05,0.0,1.11109876557e-05,0.0,0.0,5.55549382785e-05
Gen 90
float_yankdup,integer_swap,vector_float_conj,vector_float_conc,vector_float_occurrencesof,vector_float_replacefirst,vector_float_rest,vector_float_p,vector_float_s,vector_float_r,vector_float_first,integer_fromfloat,vector_float_last,vector_float_d,float_sw,exec_yankd,vector_float_n,exec_do*tim,exec_yankdup,exec_yank,integer_mu,vector_float_remove,vector_float_fir,exec_do*vector_float,float_p,float_r,vector_float_stackdep,vector_float_dup,vector_float_subvec,float_i,exec_do*range,integer_yankd,float_m,integer_rot,float_a,float_c,float_d,integer_stackdep,float_s,vector_float_occurrences,exec_stackdepth,vector_float_swap,vector_float_reverse,float_stackdepth,float_max,exec_do*vector_flo,float_min,vector_float_rot,float_rot,exec_shove,vector_float_pushall,float_stackdep,float_sub,vector_float_sho,integer_div,integer_mult,integer_min,float_shove,integer_flush,float_inc,in1,integer_yank,integer_fromflo,vector_float_yankdup,float_ya,vector_float_butla,integer_sw,float_pop,exec_d,float_yankd,integer_max,exec_dup,exec_k,float_frominteger,float_mult,exec_noop,exec_p,exec_r,exec_s,vector_float_butlast,integer_flu,exec_y,float_mod,integer_ya,integer_yankdup,exec_stackdep,exec_do*ran,vector_float_index,vector_float_pop,exec_do*cou,vector_float_ta,vector_float_flu,float_add,exec_do*times,integer_shove,float_tan,vector_float_la,vector_float_indexof,float_sho,float_frominteg,integer_dup,vector_float_stackdepth,exec_sho,vector_float_replace,exec_swap,vector_float_rever,autoconstructive_integer_ra,exec_sw,integer_add,exec_flush,float_flu,float_cos,exec_flu,integer_mod,float_div,vector_float_leng,integer_inc,vector_float_yank,exec_rot,vector_float_flush,float_dec,vector_float_set,integer_pop,vector_float_shove,exec_pop,vector_float_take,vector_float_concat,vector_float_pusha,vector_float_ya,vector_float_remo,float_sin,autoconstructive_integer_rand,vector_float_length,exec_do*count,integer_sub,float_mu,exec_no,vector_float_re,float_dup,integer_r,integer_sho,vector_float_yankd,integer_stackdepth,integer_dec,exec,vector_float_replacefir,vector_float_nth,float_swap,vector_float_co,exec_ya,float_yank,float_flush,float_t,integer_d,integer_a,integer_m,integer_i,vector_float_subv,integer_s,integer_p,vector_float_repla,vector_float_sw
8.79111218558e-05,0.000769222316238,5.49444511599e-05,1.0988890232e-05,0.000274722255799,0.000285711146031,0.00010988890232,0.0,0.0,0.000131866682784,0.000285711146031,0.000439555609279,8.79111218558e-05,1.0988890232e-05,1.0988890232e-05,1.0988890232e-05,1.0988890232e-05,0.0,0.000879111218558,0.000208788914408,1.0988890232e-05,0.000263733365567,1.0988890232e-05,0.000274722255799,2.1977780464e-05,3.29666706959e-05,1.0988890232e-05,0.000329666706959,1.0988890232e-05,1.0988890232e-05,0.000362633377655,0.0,4.39555609279e-05,2.1977780464e-05,2.1977780464e-05,0.0,2.1977780464e-05,0.0,1.0988890232e-05,1.0988890232e-05,0.000681311194382,0.000934055669718,3.29666706959e-05,0.000450544499511,0.000153844463248,0.0,0.000263733365567,0.000483511170207,0.000538455621367,7.69222316238e-05,0.000758233426006,3.29666706959e-05,6.59333413919e-05,9.89000120878e-05,0.000472522279975,7.69222316238e-05,0.000384611158119,0.00010988890232,4.39555609279e-05,0.000483511170207,0.00140657794969,0.000175822243712,2.1977780464e-05,0.000417577828815,0.0,2.1977780464e-05,1.0988890232e-05,0.000175822243712,0.0,2.1977780464e-05,0.000296700036263,0.000395600048351,0.000373622267887,0.000791200096702,0.00072526675531,0.000395600048351,1.0988890232e-05,3.29666706959e-05,1.0988890232e-05,0.000263733365567,0.0,0.000131866682784,0.000428566719047,0.0,5.49444511599e-05,5.49444511599e-05,4.39555609279e-05,1.0988890232e-05,0.000131866682784,1.0988890232e-05,1.0988890232e-05,4.39555609279e-05,0.000131866682784,3.29666706959e-05,0.000318677816727,0.000241755585103,0.0,7.69222316238e-05,0.0,0.0,0.000142855573016,0.000274722255799,0.0,0.000175822243712,0.00021977780464,1.0988890232e-05,2.1977780464e-05,1.0988890232e-05,7.69222316238e-05,0.0,0.0,0.000230766694871,3.29666706959e-05,5.49444511599e-05,0.00016483335348,1.0988890232e-05,0.000505488950671,0.000175822243712,0.000186811133944,0.000340655597191,0.000604388962759,0.000329666706959,0.000153844463248,0.000571422292063,0.00016483335348,0.000175822243712,0.00021977780464,1.0988890232e-05,0.0,6.59333413919e-05,2.1977780464e-05,0.000274722255799,0.000362633377655,0.000285711146031,0.000285711146031,1.0988890232e-05,1.0988890232e-05,0.0,0.000186811133944,1.0988890232e-05,1.0988890232e-05,1.0988890232e-05,0.000131866682784,0.000307688926495,2.1977780464e-05,0.000142855573016,0.00016483335348,8.79111218558e-05,0.0,0.0,7.69222316238e-05,0.000131866682784,0.0,0.00016483335348,1.0988890232e-05,5.49444511599e-05,0.0,0.0,1.0988890232e-05,1.0988890232e-05,0.0,3.29666706959e-05
Gen 91
float_yankdup,integer_swap,vector_float_conj,vector_float_conc,vector_float_occurrencesof,vector_float_replacefirst,vector_float_rest,vector_float_p,vector_float_s,vector_float_r,vector_float_first,integer_fromfloat,vector_float_last,vector_float_d,float_sw,exec_yankd,vector_float_n,exec_do*tim,exec_yankdup,exec_yank,integer_mu,vector_float_remove,vector_float_fir,exec_do*vector_float,float_p,float_r,vector_float_stackdep,vector_float_dup,vector_float_subvec,float_i,exec_do*range,integer_yankd,float_m,integer_rot,float_a,float_c,float_d,integer_stackdep,float_s,vector_float_occurrences,exec_stackdepth,vector_float_swap,vector_float_reverse,float_stackdepth,float_max,exec_do*vector_flo,float_min,vector_float_rot,float_rot,exec_shove,vector_float_pushall,float_stackdep,float_sub,vector_float_sho,integer_div,integer_mult,integer_min,float_shove,integer_flush,float_inc,in1,integer_yank,integer_fromflo,vector_float_yankdup,float_ya,vector_float_butla,integer_sw,float_pop,exec_d,float_yankd,integer_max,exec_dup,exec_k,float_frominteger,float_mult,exec_noop,exec_p,exec_r,exec_s,vector_float_butlast,integer_flu,exec_y,float_mod,integer_ya,integer_yankdup,exec_stackdep,exec_do*ran,vector_float_index,vector_float_pop,exec_do*cou,vector_float_ta,vector_float_flu,float_add,exec_do*times,integer_shove,float_tan,vector_float_la,vector_float_indexof,float_sho,float_frominteg,integer_dup,vector_float_stackdepth,exec_sho,vector_float_replace,exec_swap,vector_float_rever,autoconstructive_integer_ra,exec_sw,integer_add,exec_flush,float_flu,float_cos,exec_flu,integer_mod,float_div,vector_float_leng,integer_inc,vector_float_yank,exec_rot,vector_float_flush,float_dec,vector_float_set,integer_pop,vector_float_shove,exec_pop,vector_float_take,vector_float_concat,vector_float_pusha,vector_float_ya,vector_float_remo,float_sin,autoconstructive_integer_rand,vector_float_length,exec_do*count,integer_sub,float_mu,exec_no,vector_float_re,float_dup,integer_r,integer_sho,vector_float_yankd,integer_stackdepth,integer_dec,exec,vector_float_replacefir,vector_float_nth,float_swap,vector_float_co,exec_ya,float_yank,float_flush,float_t,integer_d,integer_a,integer_m,integer_i,vector_float_subv,integer_s,integer_p,vector_float_repla,vector_float_sw
0.000108694470712,0.000804339083271,1.08694470712e-05,2.17388941425e-05,0.000271736176781,0.000271736176781,0.000206519494353,0.0,1.08694470712e-05,0.000152172258997,0.000326083412137,0.000510864012348,7.60861294986e-05,1.08694470712e-05,1.08694470712e-05,6.52166824274e-05,0.0,0.0,0.000695644612559,0.000119563917784,0.0,0.000271736176781,1.08694470712e-05,0.000249997282638,0.0,7.60861294986e-05,0.0,0.000358691753351,1.08694470712e-05,4.34777882849e-05,0.000347822306279,0.0,1.08694470712e-05,4.34777882849e-05,0.0,0.0,5.43472353561e-05,0.0,3.26083412137e-05,0.0,0.000684775165487,0.000913033553983,3.26083412137e-05,0.000315213965066,0.000152172258997,0.0,0.000217388941425,0.000499994565276,0.000576080694775,4.34777882849e-05,0.000782600189128,1.08694470712e-05,9.7825023641e-05,5.43472353561e-05,0.000478255671134,0.000141302811926,0.000304344517994,7.60861294986e-05,1.08694470712e-05,0.00044564732992,0.00147824480169,0.000228258388496,2.17388941425e-05,0.000369561200422,2.17388941425e-05,2.17388941425e-05,3.26083412137e-05,0.000130433364855,0.0,0.0,0.000315213965066,0.000358691753351,0.00044564732992,0.000739122400843,0.000510864012348,0.000380430647493,2.17388941425e-05,1.08694470712e-05,0.0,0.000249997282638,0.0,0.000130433364855,0.000391300094564,1.08694470712e-05,6.52166824274e-05,5.43472353561e-05,6.52166824274e-05,1.08694470712e-05,6.52166824274e-05,0.0,0.0,9.7825023641e-05,0.000119563917784,6.52166824274e-05,0.000336952859208,0.000217388941425,0.0,3.26083412137e-05,0.0,1.08694470712e-05,0.000163041706068,0.000206519494353,0.0,9.7825023641e-05,0.000184780600211,2.17388941425e-05,1.08694470712e-05,1.08694470712e-05,0.000141302811926,3.26083412137e-05,0.0,0.000184780600211,2.17388941425e-05,6.52166824274e-05,0.000206519494353,0.0,0.000608689035989,9.7825023641e-05,0.000195650047282,0.000380430647493,0.000543472353561,0.000315213965066,0.000152172258997,0.00044564732992,0.000108694470712,0.000108694470712,0.00017391115314,2.17388941425e-05,0.0,3.26083412137e-05,3.26083412137e-05,0.000184780600211,0.000336952859208,0.000326083412137,0.000260866729709,3.26083412137e-05,1.08694470712e-05,0.0,0.000228258388496,1.08694470712e-05,0.0,0.0,0.000108694470712,0.000206519494353,3.26083412137e-05,0.00017391115314,0.000130433364855,6.52166824274e-05,0.0,0.0,0.000119563917784,0.000108694470712,0.0,0.000130433364855,0.0,2.17388941425e-05,2.17388941425e-05,0.0,0.0,0.0,2.17388941425e-05,5.43472353561e-05
Gen 92
float_yankdup,integer_swap,vector_float_conj,vector_float_conc,vector_float_occurrencesof,vector_float_replacefirst,vector_float_rest,vector_float_p,vector_float_s,vector_float_r,vector_float_first,integer_fromfloat,vector_float_last,vector_float_d,float_sw,exec_yankd,vector_float_n,exec_do*tim,exec_yankdup,exec_yank,integer_mu,vector_float_remove,vector_float_fir,exec_do*vector_float,float_p,float_r,vector_float_stackdep,vector_float_dup,vector_float_subvec,float_i,exec_do*range,integer_yankd,float_m,integer_rot,float_a,float_c,float_d,integer_stackdep,float_s,vector_float_occurrences,exec_stackdepth,vector_float_swap,vector_float_reverse,float_stackdepth,float_max,exec_do*vector_flo,float_min,vector_float_rot,float_rot,exec_shove,vector_float_pushall,float_stackdep,float_sub,vector_float_sho,integer_div,integer_mult,integer_min,float_shove,integer_flush,float_inc,in1,integer_yank,integer_fromflo,vector_float_yankdup,float_ya,vector_float_butla,integer_sw,float_pop,exec_d,float_yankd,integer_max,exec_dup,exec_k,float_frominteger,float_mult,exec_noop,exec_p,exec_r,exec_s,vector_float_butlast,integer_flu,exec_y,float_mod,integer_ya,integer_yankdup,exec_stackdep,exec_do*ran,vector_float_index,vector_float_pop,exec_do*cou,vector_float_ta,vector_float_flu,float_add,exec_do*times,integer_shove,float_tan,vector_float_la,vector_float_indexof,float_sho,float_frominteg,integer_dup,vector_float_stackdepth,exec_sho,vector_float_replace,exec_swap,vector_float_rever,autoconstructive_integer_ra,exec_sw,integer_add,exec_flush,float_flu,float_cos,exec_flu,integer_mod,float_div,vector_float_leng,integer_inc,vector_float_yank,exec_rot,vector_float_flush,float_dec,vector_float_set,integer_pop,vector_float_shove,exec_pop,vector_float_take,vector_float_concat,vector_float_pusha,vector_float_ya,vector_float_remo,float_sin,autoconstructive_integer_rand,vector_float_length,exec_do*count,integer_sub,float_mu,exec_no,vector_float_re,float_dup,integer_r,integer_sho,vector_float_yankd,integer_stackdepth,integer_dec,exec,vector_float_replacefir,vector_float_nth,float_swap,vector_float_co,exec_ya,float_yank,float_flush,float_t,integer_d,integer_a,integer_m,integer_i,vector_float_subv,integer_s,integer_p,vector_float_repla,vector_float_sw
0.00010752572553,0.000645154353179,3.22577176589e-05,1.0752572553e-05,0.000225804023613,0.000139783443189,0.000150536015742,0.0,0.0,0.000172041160848,0.000172041160848,0.000354834894248,2.1505145106e-05,0.0,0.0,7.52680078709e-05,1.0752572553e-05,0.0,0.00082794808658,9.67731529768e-05,0.0,0.000225804023613,1.0752572553e-05,0.000193546305954,0.0,6.45154353179e-05,0.0,0.000408597757013,2.1505145106e-05,2.1505145106e-05,0.000247309168719,0.0,1.0752572553e-05,6.45154353179e-05,1.0752572553e-05,0.0,8.60205804239e-05,0.0,0.0,1.0752572553e-05,0.000516123482543,0.000870958376792,4.30102902119e-05,0.000440855474672,0.000172041160848,0.0,0.000172041160848,0.000344082321695,0.000408597757013,4.30102902119e-05,0.000903216094451,0.0,0.000118278298083,0.000172041160848,0.000365587466801,0.00010752572553,0.000311824604037,5.37628627649e-05,3.22577176589e-05,0.000408597757013,0.00143009214955,0.000268814313825,2.1505145106e-05,0.000387092611907,1.0752572553e-05,7.52680078709e-05,2.1505145106e-05,9.67731529768e-05,3.22577176589e-05,1.0752572553e-05,0.000322577176589,0.000430102902119,0.000258061741272,0.000623649208073,0.000731174933603,0.000376340039354,0.0,0.0,1.0752572553e-05,0.000268814313825,0.0,0.000129030870636,0.000354834894248,0.0,6.45154353179e-05,3.22577176589e-05,7.52680078709e-05,0.0,3.22577176589e-05,0.0,0.0,7.52680078709e-05,3.22577176589e-05,1.0752572553e-05,0.000161288588295,0.000204298878507,0.0,4.30102902119e-05,1.0752572553e-05,0.0,0.000161288588295,0.00021505145106,0.0,6.45154353179e-05,9.67731529768e-05,2.1505145106e-05,1.0752572553e-05,1.0752572553e-05,0.000118278298083,1.0752572553e-05,0.0,7.52680078709e-05,1.0752572553e-05,4.30102902119e-05,9.67731529768e-05,0.0,0.000473113192331,4.30102902119e-05,0.000172041160848,0.000354834894248,0.00050537090999,0.000376340039354,0.000182793733401,0.000516123482543,0.000118278298083,0.000172041160848,0.00021505145106,1.0752572553e-05,0.0,5.37628627649e-05,4.30102902119e-05,0.000225804023613,0.000301072031484,0.000268814313825,0.000193546305954,3.22577176589e-05,1.0752572553e-05,0.0,0.000172041160848,0.0,0.0,1.0752572553e-05,5.37628627649e-05,0.000172041160848,3.22577176589e-05,0.000118278298083,0.000172041160848,6.45154353179e-05,0.0,0.0,4.30102902119e-05,6.45154353179e-05,0.0,9.67731529768e-05,0.0,1.0752572553e-05,0.0,0.0,0.0,1.0752572553e-05,1.0752572553e-05,2.1505145106e-05
Gen 93
float_yankdup,integer_swap,vector_float_conj,vector_float_conc,vector_float_occurrencesof,vector_float_replacefirst,vector_float_rest,vector_float_p,vector_float_s,vector_float_r,vector_float_first,integer_fromfloat,vector_float_last,vector_float_d,float_sw,exec_yankd,vector_float_n,exec_do*tim,exec_yankdup,exec_yank,integer_mu,vector_float_remove,vector_float_fir,exec_do*vector_float,float_p,float_r,vector_float_stackdep,vector_float_dup,vector_float_subvec,float_i,exec_do*range,integer_yankd,float_m,integer_rot,float_a,float_c,float_d,integer_stackdep,float_s,vector_float_occurrences,exec_stackdepth,vector_float_swap,vector_float_reverse,float_stackdepth,float_max,exec_do*vector_flo,float_min,vector_float_rot,float_rot,exec_shove,vector_float_pushall,float_stackdep,float_sub,vector_float_sho,integer_div,integer_mult,integer_min,float_shove,integer_flush,float_inc,in1,integer_yank,integer_fromflo,vector_float_yankdup,float_ya,vector_float_butla,integer_sw,float_pop,exec_d,float_yankd,integer_max,exec_dup,exec_k,float_frominteger,float_mult,exec_noop,exec_p,exec_r,exec_s,vector_float_butlast,integer_flu,exec_y,float_mod,integer_ya,integer_yankdup,exec_stackdep,exec_do*ran,vector_float_index,vector_float_pop,exec_do*cou,vector_float_ta,vector_float_flu,float_add,exec_do*times,integer_shove,float_tan,vector_float_la,vector_float_indexof,float_sho,float_frominteg,integer_dup,vector_float_stackdepth,exec_sho,vector_float_replace,exec_swap,vector_float_rever,autoconstructive_integer_ra,exec_sw,integer_add,exec_flush,float_flu,float_cos,exec_flu,integer_mod,float_div,vector_float_leng,integer_inc,vector_float_yank,exec_rot,vector_float_flush,float_dec,vector_float_set,integer_pop,vector_float_shove,exec_pop,vector_float_take,vector_float_concat,vector_float_pusha,vector_float_ya,vector_float_remo,float_sin,autoconstructive_integer_rand,vector_float_length,exec_do*count,integer_sub,float_mu,exec_no,vector_float_re,float_dup,integer_r,integer_sho,vector_float_yankd,integer_stackdepth,integer_dec,exec,vector_float_replacefir,vector_float_nth,float_swap,vector_float_co,exec_ya,float_yank,float_flush,float_t,integer_d,integer_a,integer_m,integer_i,vector_float_subv,integer_s,integer_p,vector_float_repla,vector_float_sw
0.000138296401102,0.000606376527909,6.3829108201e-05,0.0,0.000191487324603,8.51054776013e-05,0.000127658216402,2.12763694003e-05,1.06381847002e-05,0.000148934585802,8.51054776013e-05,0.000319145541005,2.12763694003e-05,1.06381847002e-05,0.0,7.44672929011e-05,0.0,1.06381847002e-05,0.000617014712609,0.000138296401102,0.0,0.000191487324603,0.0,0.000191487324603,0.0,0.000148934585802,0.0,0.000265954617504,0.0,4.25527388007e-05,0.000265954617504,0.0,2.12763694003e-05,5.31909235008e-05,0.0,0.0,9.57436623015e-05,0.0,0.0,2.12763694003e-05,0.000436165572707,0.000744672929011,4.25527388007e-05,0.000276592802204,0.000148934585802,1.06381847002e-05,0.000117020031702,0.000223401878703,0.000329783725705,7.44672929011e-05,0.000734034744311,1.06381847002e-05,7.44672929011e-05,9.57436623015e-05,0.000319145541005,0.000223401878703,0.000244678248104,6.3829108201e-05,2.12763694003e-05,0.000351060095105,0.00139360219572,0.000244678248104,1.06381847002e-05,0.000308507356305,0.0,5.31909235008e-05,0.0,7.44672929011e-05,2.12763694003e-05,1.06381847002e-05,0.000319145541005,0.000414889203306,0.000223401878703,0.000425527388007,0.00067020563611,0.000351060095105,1.06381847002e-05,3.19145541005e-05,1.06381847002e-05,0.000212763694003,0.0,0.000106381847002,0.000202125509303,1.06381847002e-05,2.12763694003e-05,4.25527388007e-05,5.31909235008e-05,0.0,1.06381847002e-05,0.0,0.0,6.3829108201e-05,4.25527388007e-05,4.25527388007e-05,8.51054776013e-05,0.000148934585802,1.06381847002e-05,2.12763694003e-05,5.31909235008e-05,4.25527388007e-05,0.000127658216402,0.000234040063404,0.0,2.12763694003e-05,3.19145541005e-05,0.0,1.06381847002e-05,0.0,0.000308507356305,0.0,0.0,3.19145541005e-05,3.19145541005e-05,0.000148934585802,0.000138296401102,1.06381847002e-05,0.000340421910405,0.0,9.57436623015e-05,0.000255316432804,0.000308507356305,0.000308507356305,0.000117020031702,0.000393612833906,8.51054776013e-05,0.000106381847002,0.000234040063404,1.06381847002e-05,1.06381847002e-05,2.12763694003e-05,5.31909235008e-05,0.000159572770502,0.000212763694003,0.000223401878703,0.000223401878703,2.12763694003e-05,2.12763694003e-05,1.06381847002e-05,0.000138296401102,1.06381847002e-05,2.12763694003e-05,0.0,7.44672929011e-05,0.000127658216402,3.19145541005e-05,5.31909235008e-05,0.000106381847002,8.51054776013e-05,0.0,0.0,0.000148934585802,3.19145541005e-05,0.0,8.51054776013e-05,0.0,2.12763694003e-05,1.06381847002e-05,0.0,0.0,0.0,0.0,0.0
Gen 94
float_yankdup,integer_swap,vector_float_conj,vector_float_conc,vector_float_occurrencesof,vector_float_replacefirst,vector_float_rest,vector_float_p,vector_float_s,vector_float_r,vector_float_first,integer_fromfloat,vector_float_last,vector_float_d,float_sw,exec_yankd,vector_float_n,exec_do*tim,exec_yankdup,exec_yank,integer_mu,vector_float_remove,vector_float_fir,exec_do*vector_float,float_p,float_r,vector_float_stackdep,vector_float_dup,vector_float_subvec,float_i,exec_do*range,integer_yankd,float_m,integer_rot,float_a,float_c,float_d,integer_stackdep,float_s,vector_float_occurrences,exec_stackdepth,vector_float_swap,vector_float_reverse,float_stackdepth,float_max,exec_do*vector_flo,float_min,vector_float_rot,float_rot,exec_shove,vector_float_pushall,float_stackdep,float_sub,vector_float_sho,integer_div,integer_mult,integer_min,float_shove,integer_flush,float_inc,in1,integer_yank,integer_fromflo,vector_float_yankdup,float_ya,vector_float_butla,integer_sw,float_pop,exec_d,float_yankd,integer_max,exec_dup,exec_k,float_frominteger,float_mult,exec_noop,exec_p,exec_r,exec_s,vector_float_butlast,integer_flu,exec_y,float_mod,integer_ya,integer_yankdup,exec_stackdep,exec_do*ran,vector_float_index,vector_float_pop,exec_do*cou,vector_float_ta,vector_float_flu,float_add,exec_do*times,integer_shove,float_tan,vector_float_la,vector_float_indexof,float_sho,float_frominteg,integer_dup,vector_float_stackdepth,exec_sho,vector_float_replace,exec_swap,vector_float_rever,autoconstructive_integer_ra,exec_sw,integer_add,exec_flush,float_flu,float_cos,exec_flu,integer_mod,float_div,vector_float_leng,integer_inc,vector_float_yank,exec_rot,vector_float_flush,float_dec,vector_float_set,integer_pop,vector_float_shove,exec_pop,vector_float_take,vector_float_concat,vector_float_pusha,vector_float_ya,vector_float_remo,float_sin,autoconstructive_integer_rand,vector_float_length,exec_do*count,integer_sub,float_mu,exec_no,vector_float_re,float_dup,integer_r,integer_sho,vector_float_yankd,integer_stackdepth,integer_dec,exec,vector_float_replacefir,vector_float_nth,float_swap,vector_float_co,exec_ya,float_yank,float_flush,float_t,integer_d,integer_a,integer_m,integer_i,vector_float_subv,integer_s,integer_p,vector_float_repla,vector_float_sw
0.000252628919696,0.000736834349112,6.31572299239e-05,1.05262049873e-05,0.000284207534658,0.00015789307481,0.000126314459848,2.10524099746e-05,0.0,0.00011578825486,0.000210524099746,0.000442100609467,7.36834349112e-05,4.21048199493e-05,0.0,4.21048199493e-05,1.05262049873e-05,4.21048199493e-05,0.000852622603973,0.000105262049873,0.0,0.00015789307481,1.05262049873e-05,0.000284207534658,0.0,0.000105262049873,2.10524099746e-05,0.000378943379543,2.10524099746e-05,3.15786149619e-05,0.000284207534658,0.0,6.31572299239e-05,0.000105262049873,0.0,0.0,0.00015789307481,1.05262049873e-05,0.0,2.10524099746e-05,0.000684203324176,0.00086314880896,3.15786149619e-05,0.000410521994505,0.000168419279797,0.0,0.000305259944632,0.000294733739645,0.000536836454353,8.42096398985e-05,0.00105262049873,5.26310249366e-05,0.000126314459848,6.31572299239e-05,0.000515784044378,0.000252628919696,0.000336838559594,0.000168419279797,0.0,0.000526310249366,0.00169471900296,0.000284207534658,3.15786149619e-05,0.000347364764581,0.0,0.00011578825486,3.15786149619e-05,0.000126314459848,2.10524099746e-05,0.0,0.000421048199493,0.00054736265934,0.000399995789518,0.00070525573415,0.000768412964074,0.000421048199493,0.0,3.15786149619e-05,1.05262049873e-05,0.000252628919696,0.0,0.00011578825486,0.000305259944632,0.0,2.10524099746e-05,2.10524099746e-05,7.36834349112e-05,0.0,5.26310249366e-05,0.0,0.0,4.21048199493e-05,3.15786149619e-05,0.00011578825486,0.000147366869822,0.000168419279797,0.0,4.21048199493e-05,2.10524099746e-05,5.26310249366e-05,0.00011578825486,0.000199997894759,2.10524099746e-05,4.21048199493e-05,0.000126314459848,0.0,2.10524099746e-05,1.05262049873e-05,0.000242102714708,3.15786149619e-05,0.0,6.31572299239e-05,0.0,0.000189471689772,0.000168419279797,2.10524099746e-05,0.000515784044378,2.10524099746e-05,0.000221050304734,0.000452626814455,0.000494731634404,0.000315786149619,9.47358448858e-05,0.000526310249366,0.000105262049873,0.000105262049873,0.000221050304734,3.15786149619e-05,0.0,9.47358448858e-05,4.21048199493e-05,0.000399995789518,0.00027368132967,0.000357890969569,0.000305259944632,2.10524099746e-05,2.10524099746e-05,1.05262049873e-05,0.000294733739645,0.0,1.05262049873e-05,0.0,6.31572299239e-05,0.000147366869822,6.31572299239e-05,8.42096398985e-05,0.000178945484784,0.000168419279797,0.0,0.0,0.000168419279797,0.00011578825486,2.10524099746e-05,9.47358448858e-05,1.05262049873e-05,3.15786149619e-05,0.0,0.0,0.0,0.0,0.0,1.05262049873e-05
Gen 95
float_yankdup,integer_swap,vector_float_conj,vector_float_conc,vector_float_occurrencesof,vector_float_replacefirst,vector_float_rest,vector_float_p,vector_float_s,vector_float_r,vector_float_first,integer_fromfloat,vector_float_last,vector_float_d,float_sw,exec_yankd,vector_float_n,exec_do*tim,exec_yankdup,exec_yank,integer_mu,vector_float_remove,vector_float_fir,exec_do*vector_float,float_p,float_r,vector_float_stackdep,vector_float_dup,vector_float_subvec,float_i,exec_do*range,integer_yankd,float_m,integer_rot,float_a,float_c,float_d,integer_stackdep,float_s,vector_float_occurrences,exec_stackdepth,vector_float_swap,vector_float_reverse,float_stackdepth,float_max,exec_do*vector_flo,float_min,vector_float_rot,float_rot,exec_shove,vector_float_pushall,float_stackdep,float_sub,vector_float_sho,integer_div,integer_mult,integer_min,float_shove,integer_flush,float_inc,in1,integer_yank,integer_fromflo,vector_float_yankdup,float_ya,vector_float_butla,integer_sw,float_pop,exec_d,float_yankd,integer_max,exec_dup,exec_k,float_frominteger,float_mult,exec_noop,exec_p,exec_r,exec_s,vector_float_butlast,integer_flu,exec_y,float_mod,integer_ya,integer_yankdup,exec_stackdep,exec_do*ran,vector_float_index,vector_float_pop,exec_do*cou,vector_float_ta,vector_float_flu,float_add,exec_do*times,integer_shove,float_tan,vector_float_la,vector_float_indexof,float_sho,float_frominteg,integer_dup,vector_float_stackdepth,exec_sho,vector_float_replace,exec_swap,vector_float_rever,autoconstructive_integer_ra,exec_sw,integer_add,exec_flush,float_flu,float_cos,exec_flu,integer_mod,float_div,vector_float_leng,integer_inc,vector_float_yank,exec_rot,vector_float_flush,float_dec,vector_float_set,integer_pop,vector_float_shove,exec_pop,vector_float_take,vector_float_concat,vector_float_pusha,vector_float_ya,vector_float_remo,float_sin,autoconstructive_integer_rand,vector_float_length,exec_do*count,integer_sub,float_mu,exec_no,vector_float_re,float_dup,integer_r,integer_sho,vector_float_yankd,integer_stackdepth,integer_dec,exec,vector_float_replacefir,vector_float_nth,float_swap,vector_float_co,exec_ya,float_yank,float_flush,float_t,integer_d,integer_a,integer_m,integer_i,vector_float_subv,integer_s,integer_p,vector_float_repla,vector_float_sw
0.000145831814252,0.000666659722295,8.33324652868e-05,1.04165581609e-05,0.000312496744826,0.000104165581609,0.000114582139769,1.04165581609e-05,1.04165581609e-05,0.000104165581609,0.000104165581609,0.000343746419308,5.20827908043e-05,3.12496744826e-05,0.0,3.12496744826e-05,0.0,3.12496744826e-05,0.000885407443672,7.2915907126e-05,0.0,0.000197914605056,0.0,0.000281247070343,0.0,0.00012499869793,0.0,0.000395829210112,2.08331163217e-05,5.20827908043e-05,0.000281247070343,0.0,4.16662326434e-05,0.000104165581609,0.0,0.0,6.24993489651e-05,0.0,0.0,0.0,0.000583327257008,0.000874990885512,5.20827908043e-05,0.000447912000917,0.000197914605056,0.0,0.000291663628504,0.000312496744826,0.000416662326434,0.000104165581609,0.00109373860689,7.2915907126e-05,0.000177081488734,0.000135415256091,0.000343746419308,0.000291663628504,0.000322913302986,0.00012499869793,0.0,0.000447912000917,0.00171873209654,0.000291663628504,3.12496744826e-05,0.000333329861147,0.0,9.37490234477e-05,6.24993489651e-05,0.000166664930574,1.04165581609e-05,0.0,0.000437495442756,0.000562494140686,0.000322913302986,0.000656243164134,0.000781241862064,0.000416662326434,1.04165581609e-05,0.0,2.08331163217e-05,0.000395829210112,0.0,0.000145831814252,0.000302080186665,1.04165581609e-05,4.16662326434e-05,5.20827908043e-05,7.2915907126e-05,1.04165581609e-05,3.12496744826e-05,0.0,0.0,8.33324652868e-05,5.20827908043e-05,8.33324652868e-05,0.000114582139769,0.000166664930574,1.04165581609e-05,2.08331163217e-05,0.0,1.04165581609e-05,0.000114582139769,0.000166664930574,2.08331163217e-05,7.2915907126e-05,0.000114582139769,0.0,8.33324652868e-05,0.0,0.0002395808377,4.16662326434e-05,0.0,3.12496744826e-05,0.0,9.37490234477e-05,0.000114582139769,2.08331163217e-05,0.000395829210112,3.12496744826e-05,0.000208331163217,0.000427078884595,0.000520827908043,0.000406245768273,0.000114582139769,0.000583327257008,0.000104165581609,0.000104165581609,0.000166664930574,3.12496744826e-05,0.0,3.12496744826e-05,5.20827908043e-05,0.000281247070343,0.00036457953563,0.000291663628504,0.000302080186665,3.12496744826e-05,0.0,0.0,0.000229164279539,0.0,1.04165581609e-05,2.08331163217e-05,7.2915907126e-05,0.000135415256091,0.000104165581609,3.12496744826e-05,0.0002395808377,0.000166664930574,0.0,0.0,0.000218747721378,8.33324652868e-05,2.08331163217e-05,0.000135415256091,0.0,2.08331163217e-05,3.12496744826e-05,0.0,0.0,0.0,0.0,4.16662326434e-05
Gen 96
float_yankdup,integer_swap,vector_float_conj,vector_float_conc,vector_float_occurrencesof,vector_float_replacefirst,vector_float_rest,vector_float_p,vector_float_s,vector_float_r,vector_float_first,integer_fromfloat,vector_float_last,vector_float_d,float_sw,exec_yankd,vector_float_n,exec_do*tim,exec_yankdup,exec_yank,integer_mu,vector_float_remove,vector_float_fir,exec_do*vector_float,float_p,float_r,vector_float_stackdep,vector_float_dup,vector_float_subvec,float_i,exec_do*range,integer_yankd,float_m,integer_rot,float_a,float_c,float_d,integer_stackdep,float_s,vector_float_occurrences,exec_stackdepth,vector_float_swap,vector_float_reverse,float_stackdepth,float_max,exec_do*vector_flo,float_min,vector_float_rot,float_rot,exec_shove,vector_float_pushall,float_stackdep,float_sub,vector_float_sho,integer_div,integer_mult,integer_min,float_shove,integer_flush,float_inc,in1,integer_yank,integer_fromflo,vector_float_yankdup,float_ya,vector_float_butla,integer_sw,float_pop,exec_d,float_yankd,integer_max,exec_dup,exec_k,float_frominteger,float_mult,exec_noop,exec_p,exec_r,exec_s,vector_float_butlast,integer_flu,exec_y,float_mod,integer_ya,integer_yankdup,exec_stackdep,exec_do*ran,vector_float_index,vector_float_pop,exec_do*cou,vector_float_ta,vector_float_flu,float_add,exec_do*times,integer_shove,float_tan,vector_float_la,vector_float_indexof,float_sho,float_frominteg,integer_dup,vector_float_stackdepth,exec_sho,vector_float_replace,exec_swap,vector_float_rever,autoconstructive_integer_ra,exec_sw,integer_add,exec_flush,float_flu,float_cos,exec_flu,integer_mod,float_div,vector_float_leng,integer_inc,vector_float_yank,exec_rot,vector_float_flush,float_dec,vector_float_set,integer_pop,vector_float_shove,exec_pop,vector_float_take,vector_float_concat,vector_float_pusha,vector_float_ya,vector_float_remo,float_sin,autoconstructive_integer_rand,vector_float_length,exec_do*count,integer_sub,float_mu,exec_no,vector_float_re,float_dup,integer_r,integer_sho,vector_float_yankd,integer_stackdepth,integer_dec,exec,vector_float_replacefir,vector_float_nth,float_swap,vector_float_co,exec_ya,float_yank,float_flush,float_t,integer_d,integer_a,integer_m,integer_i,vector_float_subv,integer_s,integer_p,vector_float_repla,vector_float_sw
0.000226801785549,0.000597931980083,0.000113400892774,0.0,0.000360821022464,0.000216492613478,0.000103091720704,1.03091720704e-05,0.0,9.27825486335e-05,0.000195874269337,0.000453603571097,3.09275162112e-05,7.21642044927e-05,1.03091720704e-05,4.12366882816e-05,2.06183441408e-05,3.09275162112e-05,0.000855661281842,0.000154637581056,0.0,0.000288656817971,1.03091720704e-05,0.000195874269337,0.0,9.27825486335e-05,0.0,0.000309275162112,1.03091720704e-05,1.03091720704e-05,0.000443294399027,0.0,4.12366882816e-05,0.000123710064845,1.03091720704e-05,0.0,2.06183441408e-05,0.0,0.0,2.06183441408e-05,0.000567004463872,0.000886588798054,0.000123710064845,0.000412366882816,0.000278347645901,0.0,0.000309275162112,0.000412366882816,0.000484531087308,0.000113400892774,0.00124740982052,6.18550324223e-05,0.000237110957619,0.000113400892774,0.000422676054886,0.000319584334182,0.00025772930176,0.000278347645901,1.03091720704e-05,0.000494840259379,0.00162884918712,0.00025772930176,4.12366882816e-05,0.000391748538675,1.03091720704e-05,4.12366882816e-05,5.1545860352e-05,0.000154637581056,2.06183441408e-05,0.0,0.000298965990041,0.00052576777559,0.000494840259379,0.000701023700787,0.000597931980083,0.000453603571097,0.0,1.03091720704e-05,1.03091720704e-05,0.000381439366604,0.0,0.000154637581056,0.000432985226956,0.0,5.1545860352e-05,0.0,4.12366882816e-05,1.03091720704e-05,3.09275162112e-05,0.0,0.0,7.21642044927e-05,9.27825486335e-05,0.000103091720704,0.000237110957619,0.000195874269337,1.03091720704e-05,1.03091720704e-05,0.0,0.0,9.27825486335e-05,0.000206183441408,0.0,0.000103091720704,0.000226801785549,1.03091720704e-05,5.1545860352e-05,1.03091720704e-05,0.00025772930176,7.21642044927e-05,0.0,5.1545860352e-05,0.0,0.000154637581056,0.000247420129689,1.03091720704e-05,0.000391748538675,1.03091720704e-05,0.000185565097267,0.000412366882816,0.000639168668364,0.000329893506253,3.09275162112e-05,0.000597931980083,0.000134019236915,7.21642044927e-05,0.000216492613478,4.12366882816e-05,1.03091720704e-05,4.12366882816e-05,9.27825486335e-05,0.00026803847383,0.000371130194534,0.00026803847383,0.000278347645901,2.06183441408e-05,2.06183441408e-05,1.03091720704e-05,0.000216492613478,0.0,4.12366882816e-05,0.0,0.000103091720704,0.000144328408985,0.000123710064845,0.000154637581056,0.000288656817971,0.000103091720704,0.0,0.0,0.000185565097267,0.000103091720704,0.0,0.000113400892774,2.06183441408e-05,4.12366882816e-05,1.03091720704e-05,0.0,1.03091720704e-05,0.0,0.0,5.1545860352e-05
Gen 97
float_yankdup,integer_swap,vector_float_conj,vector_float_conc,vector_float_occurrencesof,vector_float_replacefirst,vector_float_rest,vector_float_p,vector_float_s,vector_float_r,vector_float_first,integer_fromfloat,vector_float_last,vector_float_d,float_sw,exec_yankd,vector_float_n,exec_do*tim,exec_yankdup,exec_yank,integer_mu,vector_float_remove,vector_float_fir,exec_do*vector_float,float_p,float_r,vector_float_stackdep,vector_float_dup,vector_float_subvec,float_i,exec_do*range,integer_yankd,float_m,integer_rot,float_a,float_c,float_d,integer_stackdep,float_s,vector_float_occurrences,exec_stackdepth,vector_float_swap,vector_float_reverse,float_stackdepth,float_max,exec_do*vector_flo,float_min,vector_float_rot,float_rot,exec_shove,vector_float_pushall,float_stackdep,float_sub,vector_float_sho,integer_div,integer_mult,integer_min,float_shove,integer_flush,float_inc,in1,integer_yank,integer_fromflo,vector_float_yankdup,float_ya,vector_float_butla,integer_sw,float_pop,exec_d,float_yankd,integer_max,exec_dup,exec_k,float_frominteger,float_mult,exec_noop,exec_p,exec_r,exec_s,vector_float_butlast,integer_flu,exec_y,float_mod,integer_ya,integer_yankdup,exec_stackdep,exec_do*ran,vector_float_index,vector_float_pop,exec_do*cou,vector_float_ta,vector_float_flu,float_add,exec_do*times,integer_shove,float_tan,vector_float_la,vector_float_indexof,float_sho,float_frominteg,integer_dup,vector_float_stackdepth,exec_sho,vector_float_replace,exec_swap,vector_float_rever,autoconstructive_integer_ra,exec_sw,integer_add,exec_flush,float_flu,float_cos,exec_flu,integer_mod,float_div,vector_float_leng,integer_inc,vector_float_yank,exec_rot,vector_float_flush,float_dec,vector_float_set,integer_pop,vector_float_shove,exec_pop,vector_float_take,vector_float_concat,vector_float_pusha,vector_float_ya,vector_float_remo,float_sin,autoconstructive_integer_rand,vector_float_length,exec_do*count,integer_sub,float_mu,exec_no,vector_float_re,float_dup,integer_r,integer_sho,vector_float_yankd,integer_stackdepth,integer_dec,exec,vector_float_replacefir,vector_float_nth,float_swap,vector_float_co,exec_ya,float_yank,float_flush,float_t,integer_d,integer_a,integer_m,integer_i,vector_float_subv,integer_s,integer_p,vector_float_repla,vector_float_sw
0.000214283527719,0.000622442628136,5.10198875522e-05,1.02039775104e-05,0.000357139212865,0.000153059662657,9.18357975939e-05,0.0,1.02039775104e-05,0.000193875572698,0.000132651707636,0.000408159100417,4.08159100417e-05,5.10198875522e-05,1.02039775104e-05,2.04079550209e-05,0.0,2.04079550209e-05,0.000775502290793,0.000102039775104,0.0,0.000285711370292,0.0,0.000163263640167,0.0,3.06119325313e-05,0.0,0.000275507392782,1.02039775104e-05,3.06119325313e-05,0.000306119325313,0.0,0.0,0.000142855685146,0.0,0.0,3.06119325313e-05,0.0,0.0,0.0,0.000530606830543,0.000836726155856,7.1427842573e-05,0.000336731257844,0.000285711370292,1.02039775104e-05,0.000265303415271,0.000367343190376,0.000438771032949,7.1427842573e-05,0.000959173885981,8.16318200835e-05,0.000193875572698,6.12238650626e-05,0.000336731257844,0.00024489546025,0.000285711370292,0.000142855685146,0.0,0.000510198875522,0.00143876082897,0.000173467617677,5.10198875522e-05,0.000295915347803,0.0,3.06119325313e-05,1.02039775104e-05,0.000142855685146,4.08159100417e-05,0.0,0.000285711370292,0.000377547167886,0.00046938296548,0.000724482403241,0.000561218763074,0.000346935235355,0.0,0.0,1.02039775104e-05,0.000387751145396,0.0,0.000255099437761,0.000428567055438,1.02039775104e-05,3.06119325313e-05,0.0,6.12238650626e-05,1.02039775104e-05,3.06119325313e-05,0.0,0.0,5.10198875522e-05,0.000112243752615,3.06119325313e-05,0.000173467617677,0.000112243752615,0.0,3.06119325313e-05,1.02039775104e-05,7.1427842573e-05,9.18357975939e-05,0.000173467617677,0.0,0.000102039775104,0.000193875572698,0.0,7.1427842573e-05,1.02039775104e-05,0.000142855685146,9.18357975939e-05,1.02039775104e-05,3.06119325313e-05,0.0,7.1427842573e-05,0.000163263640167,3.06119325313e-05,0.000397955122907,2.04079550209e-05,0.000173467617677,0.000408159100417,0.000663258538178,0.000346935235355,7.1427842573e-05,0.000489790920501,0.000193875572698,0.000122447730125,0.000193875572698,3.06119325313e-05,0.0,1.02039775104e-05,4.08159100417e-05,0.000204079550209,0.000377547167886,0.00023469148274,0.000306119325313,1.02039775104e-05,3.06119325313e-05,0.0,0.00022448750523,1.02039775104e-05,3.06119325313e-05,0.0,0.000132651707636,0.000183671595188,0.000112243752615,9.18357975939e-05,0.000275507392782,9.18357975939e-05,1.02039775104e-05,0.0,0.000173467617677,0.00022448750523,2.04079550209e-05,3.06119325313e-05,3.06119325313e-05,3.06119325313e-05,2.04079550209e-05,0.0,1.02039775104e-05,0.0,0.0,4.08159100417e-05
Gen 98
float_yankdup,integer_swap,vector_float_conj,vector_float_conc,vector_float_occurrencesof,vector_float_replacefirst,vector_float_rest,vector_float_p,vector_float_s,vector_float_r,vector_float_first,integer_fromfloat,vector_float_last,vector_float_d,float_sw,exec_yankd,vector_float_n,exec_do*tim,exec_yankdup,exec_yank,integer_mu,vector_float_remove,vector_float_fir,exec_do*vector_float,float_p,float_r,vector_float_stackdep,vector_float_dup,vector_float_subvec,float_i,exec_do*range,integer_yankd,float_m,integer_rot,float_a,float_c,float_d,integer_stackdep,float_s,vector_float_occurrences,exec_stackdepth,vector_float_swap,vector_float_reverse,float_stackdepth,float_max,exec_do*vector_flo,float_min,vector_float_rot,float_rot,exec_shove,vector_float_pushall,float_stackdep,float_sub,vector_float_sho,integer_div,integer_mult,integer_min,float_shove,integer_flush,float_inc,in1,integer_yank,integer_fromflo,vector_float_yankdup,float_ya,vector_float_butla,integer_sw,float_pop,exec_d,float_yankd,integer_max,exec_dup,exec_k,float_frominteger,float_mult,exec_noop,exec_p,exec_r,exec_s,vector_float_butlast,integer_flu,exec_y,float_mod,integer_ya,integer_yankdup,exec_stackdep,exec_do*ran,vector_float_index,vector_float_pop,exec_do*cou,vector_float_ta,vector_float_flu,float_add,exec_do*times,integer_shove,float_tan,vector_float_la,vector_float_indexof,float_sho,float_frominteg,integer_dup,vector_float_stackdepth,exec_sho,vector_float_replace,exec_swap,vector_float_rever,autoconstructive_integer_ra,exec_sw,integer_add,exec_flush,float_flu,float_cos,exec_flu,integer_mod,float_div,vector_float_leng,integer_inc,vector_float_yank,exec_rot,vector_float_flush,float_dec,vector_float_set,integer_pop,vector_float_shove,exec_pop,vector_float_take,vector_float_concat,vector_float_pusha,vector_float_ya,vector_float_remo,float_sin,autoconstructive_integer_rand,vector_float_length,exec_do*count,integer_sub,float_mu,exec_no,vector_float_re,float_dup,integer_r,integer_sho,vector_float_yankd,integer_stackdepth,integer_dec,exec,vector_float_replacefir,vector_float_nth,float_swap,vector_float_co,exec_ya,float_yank,float_flush,float_t,integer_d,integer_a,integer_m,integer_i,vector_float_subv,integer_s,integer_p,vector_float_repla,vector_float_sw
0.000262623609863,0.000666659932728,0.00012121089686,1.01009080716e-05,0.000292926334077,0.000272724517934,7.07063565014e-05,1.01009080716e-05,1.01009080716e-05,0.000111109988788,0.000191917253361,0.000545449035868,0.000111109988788,0.000111109988788,0.0,4.04036322865e-05,0.0,2.02018161433e-05,0.000919182634519,0.00012121089686,0.0,0.000252522701791,0.0,0.000202018161433,0.0,0.00012121089686,1.01009080716e-05,0.000383834506722,1.01009080716e-05,1.01009080716e-05,0.000363632690579,0.0,0.0,0.000161614529146,1.01009080716e-05,1.01009080716e-05,0.0,1.01009080716e-05,0.0,1.01009080716e-05,0.00061615539237,0.00103029262331,0.000111109988788,0.000353531782507,0.000262623609863,1.01009080716e-05,0.00043433904708,0.000323229058292,0.000656559024656,0.000131311804931,0.00118180624438,8.08072645731e-05,0.000191917253361,0.000181816345289,0.000464641771295,0.000373733598651,0.000353531782507,0.000272724517934,1.01009080716e-05,0.000515146311653,0.00168685164796,0.000171715437218,1.01009080716e-05,0.000323229058292,0.0,6.06054484298e-05,1.01009080716e-05,0.000161614529146,1.01009080716e-05,0.0,0.000232320885648,0.000565650852012,0.000525247219725,0.000737366289229,0.000717164473086,0.000444439955152,0.0,2.02018161433e-05,1.01009080716e-05,0.000373733598651,0.0,0.000161614529146,0.000252522701791,1.01009080716e-05,1.01009080716e-05,0.0,3.03027242149e-05,2.02018161433e-05,5.05045403582e-05,1.01009080716e-05,0.0,2.02018161433e-05,0.000101009080716,2.02018161433e-05,0.000212119069504,0.000141412713003,1.01009080716e-05,6.06054484298e-05,0.0,5.05045403582e-05,6.06054484298e-05,0.000161614529146,2.02018161433e-05,0.000101009080716,0.000151513621075,1.01009080716e-05,6.06054484298e-05,1.01009080716e-05,0.000363632690579,8.08072645731e-05,0.0,4.04036322865e-05,0.0,4.04036322865e-05,0.000111109988788,2.02018161433e-05,0.000515146311653,5.05045403582e-05,0.000323229058292,0.000585852668155,0.000656559024656,0.000202018161433,3.03027242149e-05,0.000646458116585,0.000101009080716,4.04036322865e-05,0.000151513621075,5.05045403582e-05,0.0,4.04036322865e-05,8.08072645731e-05,0.000282825426006,0.000363632690579,0.000323229058292,0.000222219977576,2.02018161433e-05,2.02018161433e-05,1.01009080716e-05,0.000151513621075,1.01009080716e-05,3.03027242149e-05,2.02018161433e-05,0.000191917253361,8.08072645731e-05,0.000181816345289,0.000171715437218,0.000292926334077,6.06054484298e-05,1.01009080716e-05,0.0,0.000151513621075,0.000212119069504,5.05045403582e-05,5.05045403582e-05,0.0,1.01009080716e-05,1.01009080716e-05,1.01009080716e-05,2.02018161433e-05,0.0,0.0,4.04036322865e-05
Gen 99
float_yankdup,integer_swap,vector_float_conj,vector_float_conc,vector_float_occurrencesof,vector_float_replacefirst,vector_float_rest,vector_float_p,vector_float_s,vector_float_r,vector_float_first,integer_fromfloat,vector_float_last,vector_float_d,float_sw,exec_yankd,vector_float_n,exec_do*tim,exec_yankdup,exec_yank,integer_mu,vector_float_remove,vector_float_fir,exec_do*vector_float,float_p,float_r,vector_float_stackdep,vector_float_dup,vector_float_subvec,float_i,exec_do*range,integer_yankd,float_m,integer_rot,float_a,float_c,float_d,integer_stackdep,float_s,vector_float_occurrences,exec_stackdepth,vector_float_swap,vector_float_reverse,float_stackdepth,float_max,exec_do*vector_flo,float_min,vector_float_rot,float_rot,exec_shove,vector_float_pushall,float_stackdep,float_sub,vector_float_sho,integer_div,integer_mult,integer_min,float_shove,integer_flush,float_inc,in1,integer_yank,integer_fromflo,vector_float_yankdup,float_ya,vector_float_butla,integer_sw,float_pop,exec_d,float_yankd,integer_max,exec_dup,exec_k,float_frominteger,float_mult,exec_noop,exec_p,exec_r,exec_s,vector_float_butlast,integer_flu,exec_y,float_mod,integer_ya,integer_yankdup,exec_stackdep,exec_do*ran,vector_float_index,vector_float_pop,exec_do*cou,vector_float_ta,vector_float_flu,float_add,exec_do*times,integer_shove,float_tan,vector_float_la,vector_float_indexof,float_sho,float_frominteg,integer_dup,vector_float_stackdepth,exec_sho,vector_float_replace,exec_swap,vector_float_rever,autoconstructive_integer_ra,exec_sw,integer_add,exec_flush,float_flu,float_cos,exec_flu,integer_mod,float_div,vector_float_leng,integer_inc,vector_float_yank,exec_rot,vector_float_flush,float_dec,vector_float_set,integer_pop,vector_float_shove,exec_pop,vector_float_take,vector_float_concat,vector_float_pusha,vector_float_ya,vector_float_remo,float_sin,autoconstructive_integer_rand,vector_float_length,exec_do*count,integer_sub,float_mu,exec_no,vector_float_re,float_dup,integer_r,integer_sho,vector_float_yankd,integer_stackdepth,integer_dec,exec,vector_float_replacefir,vector_float_nth,float_swap,vector_float_co,exec_ya,float_yank,float_flush,float_t,integer_d,integer_a,integer_m,integer_i,vector_float_subv,integer_s,integer_p,vector_float_repla,vector_float_sw
0.00029999700003,0.000669993300067,0.000159998400016,0.0,0.000289997100029,0.000219997800022,4.9999500005e-05,0.0,0.0,0.000179998200018,0.000239997600024,0.000469995300047,0.000179998200018,5.9999400006e-05,0.0,1.9999800002e-05,0.0,9.999900001e-06,0.000819991800082,9.999900001e-05,1.9999800002e-05,0.000229997700023,3.9999600004e-05,0.000249997500025,0.0,0.000129998700013,0.0,0.000469995300047,9.999900001e-06,0.0,0.000319996800032,0.0,1.9999800002e-05,0.000129998700013,2.9999700003e-05,0.0,3.9999600004e-05,1.9999800002e-05,0.0,0.0,0.000669993300067,0.0010399896001,4.9999500005e-05,0.00049999500005,0.000119998800012,9.999900001e-06,0.000359996400036,0.000359996400036,0.000639993600064,0.000229997700023,0.0010099899001,5.9999400006e-05,0.000159998400016,2.9999700003e-05,0.000529994700053,0.000339996600034,0.000379996200038,0.000209997900021,0.0,0.000519994800052,0.00167998320017,0.000229997700023,9.999900001e-06,0.00029999700003,1.9999800002e-05,8.9999100009e-05,3.9999600004e-05,9.999900001e-05,9.999900001e-06,9.999900001e-06,0.00029999700003,0.000649993500065,0.000439995600044,0.000779992200078,0.000559994400056,0.000369996300037,0.0,1.9999800002e-05,0.0,0.000429995700043,0.0,0.000159998400016,0.00019999800002,1.9999800002e-05,3.9999600004e-05,2.9999700003e-05,9.999900001e-06,0.0,6.9999300007e-05,1.9999800002e-05,0.0,1.9999800002e-05,3.9999600004e-05,4.9999500005e-05,0.00019999800002,0.000169998300017,0.0,1.9999800002e-05,0.0,5.9999400006e-05,2.9999700003e-05,0.000129998700013,0.0,7.9999200008e-05,0.000169998300017,9.999900001e-06,4.9999500005e-05,0.0,0.000289997100029,1.9999800002e-05,0.0,2.9999700003e-05,0.0,7.9999200008e-05,0.000109998900011,1.9999800002e-05,0.000469995300047,9.999900001e-06,0.000339996600034,0.000569994300057,0.000669993300067,0.000239997600024,0.0,0.000609993900061,0.000159998400016,0.000109998900011,0.000129998700013,4.9999500005e-05,0.0,6.9999300007e-05,5.9999400006e-05,0.000379996200038,0.00029999700003,0.000359996400036,0.00029999700003,9.999900001e-06,9.999900001e-06,0.0,0.000289997100029,0.0,3.9999600004e-05,9.999900001e-06,0.000149998500015,0.000179998200018,7.9999200008e-05,0.000139998600014,0.000169998300017,0.000109998900011,9.999900001e-06,0.0,0.000129998700013,0.000209997900021,6.9999300007e-05,9.999900001e-05,2.9999700003e-05,4.9999500005e-05,2.9999700003e-05,0.0,2.9999700003e-05,0.0,0.0,5.9999400006e-05
Gen 100
float_yankdup,integer_swap,vector_float_conj,vector_float_conc,vector_float_occurrencesof,vector_float_replacefirst,vector_float_rest,vector_float_p,vector_float_s,vector_float_r,vector_float_first,integer_fromfloat,vector_float_last,vector_float_d,float_sw,exec_yankd,vector_float_n,exec_do*tim,exec_yankdup,exec_yank,integer_mu,vector_float_remove,vector_float_fir,exec_do*vector_float,float_p,float_r,vector_float_stackdep,vector_float_dup,vector_float_subvec,float_i,exec_do*range,integer_yankd,float_m,integer_rot,float_a,float_c,float_d,integer_stackdep,float_s,vector_float_occurrences,exec_stackdepth,vector_float_swap,vector_float_reverse,float_stackdepth,float_max,exec_do*vector_flo,float_min,vector_float_rot,float_rot,exec_shove,vector_float_pushall,float_stackdep,float_sub,vector_float_sho,integer_div,integer_mult,integer_min,float_shove,integer_flush,float_inc,in1,integer_yank,integer_fromflo,vector_float_yankdup,float_ya,vector_float_butla,integer_sw,float_pop,exec_d,float_yankd,integer_max,exec_dup,exec_k,float_frominteger,float_mult,exec_noop,exec_p,exec_r,exec_s,vector_float_butlast,integer_flu,exec_y,float_mod,integer_ya,integer_yankdup,exec_stackdep,exec_do*ran,vector_float_index,vector_float_pop,exec_do*cou,vector_float_ta,vector_float_flu,float_add,exec_do*times,integer_shove,float_tan,vector_float_la,vector_float_indexof,float_sho,float_frominteg,integer_dup,vector_float_stackdepth,exec_sho,vector_float_replace,exec_swap,vector_float_rever,autoconstructive_integer_ra,exec_sw,integer_add,exec_flush,float_flu,float_cos,exec_flu,integer_mod,float_div,vector_float_leng,integer_inc,vector_float_yank,exec_rot,vector_float_flush,float_dec,vector_float_set,integer_pop,vector_float_shove,exec_pop,vector_float_take,vector_float_concat,vector_float_pusha,vector_float_ya,vector_float_remo,float_sin,autoconstructive_integer_rand,vector_float_length,exec_do*count,integer_sub,float_mu,exec_no,vector_float_re,float_dup,integer_r,integer_sho,vector_float_yankd,integer_stackdepth,integer_dec,exec,vector_float_replacefir,vector_float_nth,float_swap,vector_float_co,exec_ya,float_yank,float_flush,float_t,integer_d,integer_a,integer_m,integer_i,vector_float_subv,integer_s,integer_p,vector_float_repla,vector_float_sw
0.000445540143167,0.000732666013208,0.000188116949337,9.90089207038e-06,0.000277224977971,0.0002673240859,9.90089207038e-05,0.0,0.0,0.000207918733478,0.000297026762111,0.000504945495589,0.000227720517619,6.93062444926e-05,0.0,9.90089207038e-06,1.98017841408e-05,3.96035682815e-05,0.000811873149771,9.90089207038e-05,0.0,0.000316828546252,1.98017841408e-05,0.000247522301759,0.0,0.000168315165196,9.90089207038e-06,0.00052474727973,1.98017841408e-05,0.0,0.000415837466956,0.0,2.97026762111e-05,8.91080286334e-05,0.0,0.0,1.98017841408e-05,0.0,0.0,0.0,0.000613855308363,0.00115840437223,7.9207136563e-05,0.000465341927308,0.000188116949337,9.90089207038e-06,0.000415837466956,0.000495044603519,0.000712864229067,0.000217819625548,0.00113860258809,9.90089207038e-05,0.000118810704845,7.9207136563e-05,0.000495044603519,0.000346531222463,0.000376233898674,0.00025742319383,0.0,0.000475242819378,0.00182176414095,0.000188116949337,9.90089207038e-06,0.000396035682815,1.98017841408e-05,6.93062444926e-05,5.94053524223e-05,9.90089207038e-05,5.94053524223e-05,1.98017841408e-05,0.000336630330393,0.000554449955941,0.000504945495589,0.000910882070475,0.00051484638766,0.000366333006604,0.0,9.90089207038e-06,0.0,0.000455441035237,0.0,0.000168315165196,0.000237621409689,2.97026762111e-05,1.98017841408e-05,4.95044603519e-05,0.0,0.0,9.90089207038e-05,9.90089207038e-06,0.0,9.90089207038e-06,4.95044603519e-05,5.94053524223e-05,0.000188116949337,0.000178216057267,0.0,4.95044603519e-05,9.90089207038e-06,1.98017841408e-05,5.94053524223e-05,0.000138612488985,9.90089207038e-06,0.000108909812774,0.000158414273126,0.0,9.90089207038e-06,1.98017841408e-05,0.000376233898674,2.97026762111e-05,0.0,4.95044603519e-05,1.98017841408e-05,2.97026762111e-05,0.000128711596915,0.0,0.000504945495589,2.97026762111e-05,0.000386134790745,0.000633657092504,0.000811873149771,0.000316828546252,3.96035682815e-05,0.000564350848011,0.000247522301759,0.000108909812774,9.90089207038e-05,3.96035682815e-05,0.0,0.000158414273126,0.000118810704845,0.000405936574885,0.000475242819378,0.000346531222463,0.000306927654182,9.90089207038e-06,9.90089207038e-06,0.0,0.000297026762111,1.98017841408e-05,4.95044603519e-05,3.96035682815e-05,0.000247522301759,0.000188116949337,6.93062444926e-05,0.000118810704845,0.000227720517619,6.93062444926e-05,0.0,0.0,0.000138612488985,0.000128711596915,3.96035682815e-05,5.94053524223e-05,9.90089207038e-06,4.95044603519e-05,1.98017841408e-05,0.0,2.97026762111e-05,9.90089207038e-06,9.90089207038e-06,2.97026762111e-05
Gen 101
float_yankdup,integer_swap,vector_float_conj,vector_float_conc,vector_float_occurrencesof,vector_float_replacefirst,vector_float_rest,vector_float_p,vector_float_s,vector_float_r,vector_float_first,integer_fromfloat,vector_float_last,vector_float_d,float_sw,exec_yankd,vector_float_n,exec_do*tim,exec_yankdup,exec_yank,integer_mu,vector_float_remove,vector_float_fir,exec_do*vector_float,float_p,float_r,vector_float_stackdep,vector_float_dup,vector_float_subvec,float_i,exec_do*range,integer_yankd,float_m,integer_rot,float_a,float_c,float_d,integer_stackdep,float_s,vector_float_occurrences,exec_stackdepth,vector_float_swap,vector_float_reverse,float_stackdepth,float_max,exec_do*vector_flo,float_min,vector_float_rot,float_rot,exec_shove,vector_float_pushall,float_stackdep,float_sub,vector_float_sho,integer_div,integer_mult,integer_min,float_shove,integer_flush,float_inc,in1,integer_yank,integer_fromflo,vector_float_yankdup,float_ya,vector_float_butla,integer_sw,float_pop,exec_d,float_yankd,integer_max,exec_dup,exec_k,float_frominteger,float_mult,exec_noop,exec_p,exec_r,exec_s,vector_float_butlast,integer_flu,exec_y,float_mod,integer_ya,integer_yankdup,exec_stackdep,exec_do*ran,vector_float_index,vector_float_pop,exec_do*cou,vector_float_ta,vector_float_flu,float_add,exec_do*times,integer_shove,float_tan,vector_float_la,vector_float_indexof,float_sho,float_frominteg,integer_dup,vector_float_stackdepth,exec_sho,vector_float_replace,exec_swap,vector_float_rever,autoconstructive_integer_ra,exec_sw,integer_add,exec_flush,float_flu,float_cos,exec_flu,integer_mod,float_div,vector_float_leng,integer_inc,vector_float_yank,exec_rot,vector_float_flush,float_dec,vector_float_set,integer_pop,vector_float_shove,exec_pop,vector_float_take,vector_float_concat,vector_float_pusha,vector_float_ya,vector_float_remo,float_sin,autoconstructive_integer_rand,vector_float_length,exec_do*count,integer_sub,float_mu,exec_no,vector_float_re,float_dup,integer_r,integer_sho,vector_float_yankd,integer_stackdepth,integer_dec,exec,vector_float_replacefir,vector_float_nth,float_swap,vector_float_co,exec_ya,float_yank,float_flush,float_t,integer_d,integer_a,integer_m,integer_i,vector_float_subv,integer_s,integer_p,vector_float_repla,vector_float_sw
0.000323526239939,0.000558818050803,0.00014705738179,1.96076509054e-05,0.000166665032696,0.000205880334507,5.88229527161e-05,0.0,0.0,0.000137253556338,0.000166665032696,0.000372545367202,0.000186272683601,4.90191272635e-05,0.0,0.0,0.0,2.94114763581e-05,0.000627444828972,7.84306036215e-05,9.80382545269e-06,0.000196076509054,0.0,0.000205880334507,0.0,0.000156861207243,0.0,0.000284310938128,9.80382545269e-06,9.80382545269e-06,0.000313722414486,0.0,1.96076509054e-05,6.86267781688e-05,0.0,9.80382545269e-06,4.90191272635e-05,2.94114763581e-05,9.80382545269e-06,9.80382545269e-06,0.000490191272635,0.000803913687121,2.94114763581e-05,0.000343133890844,9.80382545269e-05,9.80382545269e-06,0.000225487985412,0.000372545367202,0.000431368319918,9.80382545269e-05,0.000882344290742,6.86267781688e-05,0.000117645905432,6.86267781688e-05,0.000323526239939,0.000245095636317,0.000225487985412,0.000117645905432,9.80382545269e-06,0.000352937716297,0.00127449730885,0.000156861207243,0.0,0.000294114763581,1.96076509054e-05,1.96076509054e-05,2.94114763581e-05,7.84306036215e-05,1.96076509054e-05,9.80382545269e-06,0.000225487985412,0.000411760669013,0.00025489946177,0.000686267781688,0.00040195684356,0.000274507112675,0.0,0.0,0.0,0.000284310938128,0.0,0.000127449730885,0.000137253556338,9.80382545269e-06,1.96076509054e-05,2.94114763581e-05,1.96076509054e-05,9.80382545269e-06,3.92153018108e-05,9.80382545269e-06,0.0,1.96076509054e-05,6.86267781688e-05,3.92153018108e-05,0.000137253556338,0.000117645905432,0.0,2.94114763581e-05,0.0,1.96076509054e-05,3.92153018108e-05,6.86267781688e-05,0.0,0.000117645905432,9.80382545269e-05,9.80382545269e-06,4.90191272635e-05,9.80382545269e-06,0.000313722414486,1.96076509054e-05,9.80382545269e-06,3.92153018108e-05,1.96076509054e-05,3.92153018108e-05,9.80382545269e-05,0.0,0.000264703287223,2.94114763581e-05,0.000196076509054,0.000421564494466,0.000499995098087,0.000264703287223,9.80382545269e-06,0.000490191272635,0.000245095636317,9.80382545269e-05,0.000117645905432,4.90191272635e-05,0.0,7.84306036215e-05,2.94114763581e-05,0.000235291810865,0.000274507112675,0.000176468858148,0.00025489946177,1.96076509054e-05,0.0,0.0,0.000245095636317,0.0,6.86267781688e-05,3.92153018108e-05,0.000166665032696,0.000264703287223,5.88229527161e-05,5.88229527161e-05,0.000196076509054,9.80382545269e-05,0.0,0.0,0.00010784207998,0.000117645905432,1.96076509054e-05,7.84306036215e-05,0.0,2.94114763581e-05,0.0,0.0,9.80382545269e-06,0.0,0.0,1.96076509054e-05
Gen 102
float_yankdup,integer_swap,vector_float_conj,vector_float_conc,vector_float_occurrencesof,vector_float_replacefirst,vector_float_rest,vector_float_p,vector_float_s,vector_float_r,vector_float_first,integer_fromfloat,vector_float_last,vector_float_d,float_sw,exec_yankd,vector_float_n,exec_do*tim,exec_yankdup,exec_yank,integer_mu,vector_float_remove,vector_float_fir,exec_do*vector_float,float_p,float_r,vector_float_stackdep,vector_float_dup,vector_float_subvec,float_i,exec_do*range,integer_yankd,float_m,integer_rot,float_a,float_c,float_d,integer_stackdep,float_s,vector_float_occurrences,exec_stackdepth,vector_float_swap,vector_float_reverse,float_stackdepth,float_max,exec_do*vector_flo,float_min,vector_float_rot,float_rot,exec_shove,vector_float_pushall,float_stackdep,float_sub,vector_float_sho,integer_div,integer_mult,integer_min,float_shove,integer_flush,float_inc,in1,integer_yank,integer_fromflo,vector_float_yankdup,float_ya,vector_float_butla,integer_sw,float_pop,exec_d,float_yankd,integer_max,exec_dup,exec_k,float_frominteger,float_mult,exec_noop,exec_p,exec_r,exec_s,vector_float_butlast,integer_flu,exec_y,float_mod,integer_ya,integer_yankdup,exec_stackdep,exec_do*ran,vector_float_index,vector_float_pop,exec_do*cou,vector_float_ta,vector_float_flu,float_add,exec_do*times,integer_shove,float_tan,vector_float_la,vector_float_indexof,float_sho,float_frominteg,integer_dup,vector_float_stackdepth,exec_sho,vector_float_replace,exec_swap,vector_float_rever,autoconstructive_integer_ra,exec_sw,integer_add,exec_flush,float_flu,float_cos,exec_flu,integer_mod,float_div,vector_float_leng,integer_inc,vector_float_yank,exec_rot,vector_float_flush,float_dec,vector_float_set,integer_pop,vector_float_shove,exec_pop,vector_float_take,vector_float_concat,vector_float_pusha,vector_float_ya,vector_float_remo,float_sin,autoconstructive_integer_rand,vector_float_length,exec_do*count,integer_sub,float_mu,exec_no,vector_float_re,float_dup,integer_r,integer_sho,vector_float_yankd,integer_stackdepth,integer_dec,exec,vector_float_replacefir,vector_float_nth,float_swap,vector_float_co,exec_ya,float_yank,float_flush,float_t,integer_d,integer_a,integer_m,integer_i,vector_float_subv,integer_s,integer_p,vector_float_repla,vector_float_sw
0.000388345744216,0.000873777924486,0.000106795079659,9.7086436054e-06,0.000203881515713,0.000262133377346,8.73777924486e-05,0.0,9.7086436054e-06,0.000155338297686,0.00023300744653,0.000601935903535,0.000116503723265,7.76691488432e-05,0.0,1.94172872108e-05,0.0,2.91259308162e-05,0.000786400132038,7.76691488432e-05,0.0,0.00023300744653,0.0,0.000310676595373,0.0,0.000203881515713,9.7086436054e-06,0.000524266754692,1.94172872108e-05,9.7086436054e-06,0.000446597605848,0.0,4.8543218027e-05,7.76691488432e-05,0.0,0.0,3.88345744216e-05,0.0,0.0,1.94172872108e-05,0.000621353190746,0.00119416316346,6.79605052378e-05,0.000300967951767,0.000135921010476,9.7086436054e-06,0.000349511169794,0.000563101329113,0.000757274201221,0.000165046941292,0.00124270638149,9.7086436054e-05,0.000184464228503,0.00012621236687,0.000417471675032,0.000271842020951,0.000378637100611,0.000203881515713,0.0,0.000407763031427,0.00182522499782,0.000262133377346,1.94172872108e-05,0.000446597605848,1.94172872108e-05,0.0,2.91259308162e-05,0.000174755584897,4.8543218027e-05,9.7086436054e-06,0.00023300744653,0.000533975398297,0.000563101329113,0.000854360637275,0.000650479121562,0.000310676595373,9.7086436054e-06,0.0,9.7086436054e-06,0.000466014893059,0.0,9.7086436054e-05,0.000203881515713,9.7086436054e-06,1.94172872108e-05,9.7086436054e-06,9.7086436054e-06,0.0,8.73777924486e-05,0.0,1.94172872108e-05,0.0,0.000165046941292,2.91259308162e-05,0.000203881515713,0.000223298802924,1.94172872108e-05,5.82518616324e-05,9.7086436054e-06,2.91259308162e-05,4.8543218027e-05,7.76691488432e-05,0.0,0.000106795079659,0.000184464228503,9.7086436054e-06,3.88345744216e-05,9.7086436054e-06,0.000436888962243,0.000116503723265,9.7086436054e-06,7.76691488432e-05,9.7086436054e-05,4.8543218027e-05,0.000135921010476,1.94172872108e-05,0.000330093882584,1.94172872108e-05,0.000349511169794,0.000582518616324,0.000728148270405,0.000271842020951,1.94172872108e-05,0.000582518616324,0.00025242473374,7.76691488432e-05,9.7086436054e-05,2.91259308162e-05,0.0,0.000106795079659,8.73777924486e-05,0.000417471675032,0.000446597605848,0.0003592198134,0.000300967951767,0.0,9.7086436054e-06,9.7086436054e-06,0.000310676595373,9.7086436054e-06,3.88345744216e-05,3.88345744216e-05,0.000262133377346,0.000242716090135,7.76691488432e-05,9.7086436054e-05,0.000203881515713,8.73777924486e-05,0.0,0.0,0.000223298802924,0.000106795079659,0.0,0.000135921010476,0.0,4.8543218027e-05,1.94172872108e-05,0.0,9.7086436054e-06,0.0,9.7086436054e-06,4.8543218027e-05
Gen 103
float_yankdup,integer_swap,vector_float_conj,vector_float_conc,vector_float_occurrencesof,vector_float_replacefirst,vector_float_rest,vector_float_p,vector_float_s,vector_float_r,vector_float_first,integer_fromfloat,vector_float_last,vector_float_d,float_sw,exec_yankd,vector_float_n,exec_do*tim,exec_yankdup,exec_yank,integer_mu,vector_float_remove,vector_float_fir,exec_do*vector_float,float_p,float_r,vector_float_stackdep,vector_float_dup,vector_float_subvec,float_i,exec_do*range,integer_yankd,float_m,integer_rot,float_a,float_c,float_d,integer_stackdep,float_s,vector_float_occurrences,exec_stackdepth,vector_float_swap,vector_float_reverse,float_stackdepth,float_max,exec_do*vector_flo,float_min,vector_float_rot,float_rot,exec_shove,vector_float_pushall,float_stackdep,float_sub,vector_float_sho,integer_div,integer_mult,integer_min,float_shove,integer_flush,float_inc,in1,integer_yank,integer_fromflo,vector_float_yankdup,float_ya,vector_float_butla,integer_sw,float_pop,exec_d,float_yankd,integer_max,exec_dup,exec_k,float_frominteger,float_mult,exec_noop,exec_p,exec_r,exec_s,vector_float_butlast,integer_flu,exec_y,float_mod,integer_ya,integer_yankdup,exec_stackdep,exec_do*ran,vector_float_index,vector_float_pop,exec_do*cou,vector_float_ta,vector_float_flu,float_add,exec_do*times,integer_shove,float_tan,vector_float_la,vector_float_indexof,float_sho,float_frominteg,integer_dup,vector_float_stackdepth,exec_sho,vector_float_replace,exec_swap,vector_float_rever,autoconstructive_integer_ra,exec_sw,integer_add,exec_flush,float_flu,float_cos,exec_flu,integer_mod,float_div,vector_float_leng,integer_inc,vector_float_yank,exec_rot,vector_float_flush,float_dec,vector_float_set,integer_pop,vector_float_shove,exec_pop,vector_float_take,vector_float_concat,vector_float_pusha,vector_float_ya,vector_float_remo,float_sin,autoconstructive_integer_rand,vector_float_length,exec_do*count,integer_sub,float_mu,exec_no,vector_float_re,float_dup,integer_r,integer_sho,vector_float_yankd,integer_stackdepth,integer_dec,exec,vector_float_replacefir,vector_float_nth,float_swap,vector_float_co,exec_ya,float_yank,float_flush,float_t,integer_d,integer_a,integer_m,integer_i,vector_float_subv,integer_s,integer_p,vector_float_repla,vector_float_sw
0.000355765809944,0.000721146912049,0.000173075258892,1.92305843213e-05,0.00015384467457,0.000182690551052,5.76917529639e-05,0.0,9.61529216065e-06,7.69223372852e-05,0.000192305843213,0.00073076220421,0.00015384467457,5.76917529639e-05,0.0,9.61529216065e-06,0.0,0.0,0.00088460687878,9.61529216065e-05,0.0,0.000134614090249,2.8845876482e-05,0.000240382304016,9.61529216065e-06,7.69223372852e-05,1.92305843213e-05,0.000528841068836,2.8845876482e-05,9.61529216065e-06,0.000192305843213,9.61529216065e-06,4.80764608033e-05,0.000115383505928,0.0,0.0,1.92305843213e-05,9.61529216065e-06,9.61529216065e-06,9.61529216065e-06,0.00074037749637,0.000961529216065,4.80764608033e-05,0.000240382304016,0.000115383505928,0.0,0.000355765809944,0.000269228180498,0.000865376294459,9.61529216065e-05,0.00121152681224,0.000201921135374,0.000134614090249,0.000192305843213,0.000384611686426,0.000278843472659,0.000403842270747,0.00015384467457,0.0,0.00059614811396,0.00165383025163,0.000240382304016,3.84611686426e-05,0.000355765809944,0.0,0.0,0.0,0.000211536427534,9.61529216065e-06,0.0,0.000182690551052,0.000567302237478,0.000528841068836,0.00073076220421,0.000528841068836,0.000221151719695,0.0,9.61529216065e-06,0.0,0.000451918731551,0.0,8.65376294459e-05,0.000124998798088,1.92305843213e-05,3.84611686426e-05,3.84611686426e-05,0.0,0.0,4.80764608033e-05,0.0,0.0,1.92305843213e-05,0.000134614090249,3.84611686426e-05,0.000105768213767,0.000201921135374,0.0,4.80764608033e-05,9.61529216065e-06,6.73070451246e-05,4.80764608033e-05,0.000105768213767,0.0,7.69223372852e-05,0.00014422938241,9.61529216065e-06,0.000124998798088,0.0,0.000240382304016,9.61529216065e-05,9.61529216065e-06,6.73070451246e-05,7.69223372852e-05,5.76917529639e-05,0.000105768213767,0.0,0.00029807405698,9.61529216065e-06,0.000403842270747,0.000394226978587,0.000384611686426,0.000240382304016,9.61529216065e-06,0.000634609282603,0.000173075258892,5.76917529639e-05,0.000124998798088,4.80764608033e-05,0.0,0.000105768213767,4.80764608033e-05,0.000471149315872,0.000182690551052,0.000355765809944,0.000182690551052,0.0,3.84611686426e-05,0.0,0.000355765809944,9.61529216065e-06,9.61529216065e-06,0.0,0.000230767011856,0.000134614090249,5.76917529639e-05,3.84611686426e-05,0.000211536427534,5.76917529639e-05,0.0,0.0,0.000259612888338,9.61529216065e-05,9.61529216065e-06,7.69223372852e-05,1.92305843213e-05,9.61529216065e-06,1.92305843213e-05,9.61529216065e-06,9.61529216065e-06,0.0,9.61529216065e-06,5.76917529639e-05
Gen 104
float_yankdup,integer_swap,vector_float_conj,vector_float_conc,vector_float_occurrencesof,vector_float_replacefirst,vector_float_rest,vector_float_p,vector_float_s,vector_float_r,vector_float_first,integer_fromfloat,vector_float_last,vector_float_d,float_sw,exec_yankd,vector_float_n,exec_do*tim,exec_yankdup,exec_yank,integer_mu,vector_float_remove,vector_float_fir,exec_do*vector_float,float_p,float_r,vector_float_stackdep,vector_float_dup,vector_float_subvec,float_i,exec_do*range,integer_yankd,float_m,integer_rot,float_a,float_c,float_d,integer_stackdep,float_s,vector_float_occurrences,exec_stackdepth,vector_float_swap,vector_float_reverse,float_stackdepth,float_max,exec_do*vector_flo,float_min,vector_float_rot,float_rot,exec_shove,vector_float_pushall,float_stackdep,float_sub,vector_float_sho,integer_div,integer_mult,integer_min,float_shove,integer_flush,float_inc,in1,integer_yank,integer_fromflo,vector_float_yankdup,float_ya,vector_float_butla,integer_sw,float_pop,exec_d,float_yankd,integer_max,exec_dup,exec_k,float_frominteger,float_mult,exec_noop,exec_p,exec_r,exec_s,vector_float_butlast,integer_flu,exec_y,float_mod,integer_ya,integer_yankdup,exec_stackdep,exec_do*ran,vector_float_index,vector_float_pop,exec_do*cou,vector_float_ta,vector_float_flu,float_add,exec_do*times,integer_shove,float_tan,vector_float_la,vector_float_indexof,float_sho,float_frominteg,integer_dup,vector_float_stackdepth,exec_sho,vector_float_replace,exec_swap,vector_float_rever,autoconstructive_integer_ra,exec_sw,integer_add,exec_flush,float_flu,float_cos,exec_flu,integer_mod,float_div,vector_float_leng,integer_inc,vector_float_yank,exec_rot,vector_float_flush,float_dec,vector_float_set,integer_pop,vector_float_shove,exec_pop,vector_float_take,vector_float_concat,vector_float_pusha,vector_float_ya,vector_float_remo,float_sin,autoconstructive_integer_rand,vector_float_length,exec_do*count,integer_sub,float_mu,exec_no,vector_float_re,float_dup,integer_r,integer_sho,vector_float_yankd,integer_stackdepth,integer_dec,exec,vector_float_replacefir,vector_float_nth,float_swap,vector_float_co,exec_ya,float_yank,float_flush,float_t,integer_d,integer_a,integer_m,integer_i,vector_float_subv,integer_s,integer_p,vector_float_repla,vector_float_sw
0.000295235283473,0.000676184036343,0.000190474376435,9.52371882173e-06,0.000295235283473,0.000257140408187,7.61897505738e-05,0.0,9.52371882173e-06,0.000114284625861,0.000180950657613,0.000514280816373,0.000238092970543,5.71423129304e-05,0.0,9.52371882173e-06,9.52371882173e-06,9.52371882173e-06,0.000695231473986,9.52371882173e-05,0.0,0.000257140408187,9.52371882173e-06,0.000238092970543,0.0,5.71423129304e-05,9.52371882173e-06,0.000457138503443,2.85711564652e-05,0.0,0.000352377596404,9.52371882173e-06,3.80948752869e-05,0.000114284625861,0.0,9.52371882173e-06,1.90474376435e-05,9.52371882173e-06,0.0,1.90474376435e-05,0.000580946848125,0.000942848163351,5.71423129304e-05,0.000285711564652,0.000209521814078,9.52371882173e-06,0.000371425034047,0.000504757097551,0.000695231473986,0.000114284625861,0.00111427510214,0.000190474376435,0.000161903219969,0.000142855782326,0.000266664127008,0.000285711564652,0.000457138503443,0.000180950657613,0.0,0.000390472471691,0.00148570013619,0.000352377596404,1.90474376435e-05,0.000380948752869,9.52371882173e-06,9.52371882173e-06,1.90474376435e-05,0.000133332063504,9.52371882173e-06,3.80948752869e-05,0.000180950657613,0.000542851972838,0.000419043628156,0.000761897505738,0.000371425034047,0.000314282721117,9.52371882173e-06,3.80948752869e-05,9.52371882173e-06,0.000523804535195,0.0,0.000190474376435,0.000295235283473,1.90474376435e-05,3.80948752869e-05,2.85711564652e-05,0.0,0.0,9.52371882173e-05,0.0,9.52371882173e-06,0.0,9.52371882173e-05,5.71423129304e-05,0.000133332063504,0.000199998095256,0.0,7.61897505738e-05,9.52371882173e-06,2.85711564652e-05,6.66660317521e-05,9.52371882173e-05,0.0,0.000152379501148,0.000247616689365,3.80948752869e-05,3.80948752869e-05,9.52371882173e-06,0.000238092970543,7.61897505738e-05,0.0,9.52371882173e-05,2.85711564652e-05,6.66660317521e-05,9.52371882173e-05,1.90474376435e-05,0.000257140408187,0.000104760907039,0.000419043628156,0.000466662222265,0.000599994285769,0.000323806439939,9.52371882173e-06,0.000599994285769,0.000371425034047,9.52371882173e-05,0.000123808344682,2.85711564652e-05,0.0,2.85711564652e-05,7.61897505738e-05,0.000409519909334,0.000361901315226,0.000361901315226,0.000323806439939,0.0,0.0,0.0,0.000266664127008,9.52371882173e-06,7.61897505738e-05,9.52371882173e-06,0.000285711564652,0.000152379501148,6.66660317521e-05,2.85711564652e-05,0.000295235283473,4.76185941086e-05,0.0,0.0,0.000171426938791,0.000161903219969,9.52371882173e-06,0.000142855782326,2.85711564652e-05,7.61897505738e-05,9.52371882173e-06,9.52371882173e-06,9.52371882173e-06,0.0,0.0,2.85711564652e-05
Gen 105
float_yankdup,integer_swap,vector_float_conj,vector_float_conc,vector_float_occurrencesof,vector_float_replacefirst,vector_float_rest,vector_float_p,vector_float_s,vector_float_r,vector_float_first,integer_fromfloat,vector_float_last,vector_float_d,float_sw,exec_yankd,vector_float_n,exec_do*tim,exec_yankdup,exec_yank,integer_mu,vector_float_remove,vector_float_fir,exec_do*vector_float,float_p,float_r,vector_float_stackdep,vector_float_dup,vector_float_subvec,float_i,exec_do*range,integer_yankd,float_m,integer_rot,float_a,float_c,float_d,integer_stackdep,float_s,vector_float_occurrences,exec_stackdepth,vector_float_swap,vector_float_reverse,float_stackdepth,float_max,exec_do*vector_flo,float_min,vector_float_rot,float_rot,exec_shove,vector_float_pushall,float_stackdep,float_sub,vector_float_sho,integer_div,integer_mult,integer_min,float_shove,integer_flush,float_inc,in1,integer_yank,integer_fromflo,vector_float_yankdup,float_ya,vector_float_butla,integer_sw,float_pop,exec_d,float_yankd,integer_max,exec_dup,exec_k,float_frominteger,float_mult,exec_noop,exec_p,exec_r,exec_s,vector_float_butlast,integer_flu,exec_y,float_mod,integer_ya,integer_yankdup,exec_stackdep,exec_do*ran,vector_float_index,vector_float_pop,exec_do*cou,vector_float_ta,vector_float_flu,float_add,exec_do*times,integer_shove,float_tan,vector_float_la,vector_float_indexof,float_sho,float_frominteg,integer_dup,vector_float_stackdepth,exec_sho,vector_float_replace,exec_swap,vector_float_rever,autoconstructive_integer_ra,exec_sw,integer_add,exec_flush,float_flu,float_cos,exec_flu,integer_mod,float_div,vector_float_leng,integer_inc,vector_float_yank,exec_rot,vector_float_flush,float_dec,vector_float_set,integer_pop,vector_float_shove,exec_pop,vector_float_take,vector_float_concat,vector_float_pusha,vector_float_ya,vector_float_remo,float_sin,autoconstructive_integer_rand,vector_float_length,exec_do*count,integer_sub,float_mu,exec_no,vector_float_re,float_dup,integer_r,integer_sho,vector_float_yankd,integer_stackdepth,integer_dec,exec,vector_float_replacefir,vector_float_nth,float_swap,vector_float_co,exec_ya,float_yank,float_flush,float_t,integer_d,integer_a,integer_m,integer_i,vector_float_subv,integer_s,integer_p,vector_float_repla,vector_float_sw
0.00026414845143,0.00054716464939,0.000103772605919,9.43387326535e-06,0.000207545211838,0.000179243592042,0.000150941972246,0.0,9.43387326535e-06,9.43387326535e-05,0.000235846831634,0.000575466269186,0.00014150809898,4.71693663267e-05,9.43387326535e-06,9.43387326535e-06,9.43387326535e-06,0.0,0.000471693663267,0.000179243592042,9.43387326535e-06,0.000254714578164,0.0,0.000377354930614,9.43387326535e-06,4.71693663267e-05,1.88677465307e-05,0.000358487184083,3.77354930614e-05,9.43387326535e-06,0.000273582324695,0.0,3.77354930614e-05,0.00012264035245,9.43387326535e-06,0.0,4.71693663267e-05,9.43387326535e-06,0.0,0.0,0.000660371128574,0.000933953453269,0.000113206479184,0.000160375845511,0.000207545211838,0.0,0.000396222677145,0.000377354930614,0.000735842114697,7.54709861228e-05,0.000999990566127,0.000132074225715,0.000226412958368,0.00014150809898,0.000358487184083,0.000311317817756,0.000311317817756,0.000150941972246,0.0,0.00040565655041,0.0014150809898,0.000415090423675,7.54709861228e-05,0.000330185564287,0.0,0.0,0.0,0.000160375845511,9.43387326535e-06,0.0,0.000179243592042,0.000424524296941,0.000575466269186,0.000839614720616,0.000415090423675,0.000169809718776,0.0,0.0,9.43387326535e-06,0.000396222677145,0.0,0.000160375845511,0.000311317817756,0.0,5.66032395921e-05,2.8301619796e-05,0.0,1.88677465307e-05,9.43387326535e-05,9.43387326535e-06,0.0,1.88677465307e-05,6.60371128574e-05,0.000132074225715,6.60371128574e-05,0.000273582324695,0.0,0.000113206479184,9.43387326535e-06,5.66032395921e-05,3.77354930614e-05,0.000179243592042,0.0,0.00012264035245,0.000273582324695,0.0,0.000132074225715,9.43387326535e-06,0.000339619437552,6.60371128574e-05,0.0,0.000160375845511,1.88677465307e-05,7.54709861228e-05,0.000160375845511,0.0,0.000330185564287,2.8301619796e-05,0.000367921057349,0.000349053310818,0.000603767888982,0.00028301619796,1.88677465307e-05,0.000490561409798,0.000245280704899,3.77354930614e-05,0.000132074225715,2.8301619796e-05,9.43387326535e-06,3.77354930614e-05,9.43387326535e-05,0.000339619437552,0.000311317817756,0.000188677465307,0.000320751691022,9.43387326535e-06,0.0,0.0,0.00026414845143,9.43387326535e-06,2.8301619796e-05,0.0,0.000198111338572,0.000150941972246,0.000103772605919,9.43387326535e-06,0.000226412958368,9.43387326535e-06,0.0,9.43387326535e-06,0.000198111338572,9.43387326535e-05,1.88677465307e-05,9.43387326535e-05,2.8301619796e-05,1.88677465307e-05,9.43387326535e-06,1.88677465307e-05,9.43387326535e-06,0.0,9.43387326535e-06,2.8301619796e-05
Gen 106
float_yankdup,integer_swap,vector_float_conj,vector_float_conc,vector_float_occurrencesof,vector_float_replacefirst,vector_float_rest,vector_float_p,vector_float_s,vector_float_r,vector_float_first,integer_fromfloat,vector_float_last,vector_float_d,float_sw,exec_yankd,vector_float_n,exec_do*tim,exec_yankdup,exec_yank,integer_mu,vector_float_remove,vector_float_fir,exec_do*vector_float,float_p,float_r,vector_float_stackdep,vector_float_dup,vector_float_subvec,float_i,exec_do*range,integer_yankd,float_m,integer_rot,float_a,float_c,float_d,integer_stackdep,float_s,vector_float_occurrences,exec_stackdepth,vector_float_swap,vector_float_reverse,float_stackdepth,float_max,exec_do*vector_flo,float_min,vector_float_rot,float_rot,exec_shove,vector_float_pushall,float_stackdep,float_sub,vector_float_sho,integer_div,integer_mult,integer_min,float_shove,integer_flush,float_inc,in1,integer_yank,integer_fromflo,vector_float_yankdup,float_ya,vector_float_butla,integer_sw,float_pop,exec_d,float_yankd,integer_max,exec_dup,exec_k,float_frominteger,float_mult,exec_noop,exec_p,exec_r,exec_s,vector_float_butlast,integer_flu,exec_y,float_mod,integer_ya,integer_yankdup,exec_stackdep,exec_do*ran,vector_float_index,vector_float_pop,exec_do*cou,vector_float_ta,vector_float_flu,float_add,exec_do*times,integer_shove,float_tan,vector_float_la,vector_float_indexof,float_sho,float_frominteg,integer_dup,vector_float_stackdepth,exec_sho,vector_float_replace,exec_swap,vector_float_rever,autoconstructive_integer_ra,exec_sw,integer_add,exec_flush,float_flu,float_cos,exec_flu,integer_mod,float_div,vector_float_leng,integer_inc,vector_float_yank,exec_rot,vector_float_flush,float_dec,vector_float_set,integer_pop,vector_float_shove,exec_pop,vector_float_take,vector_float_concat,vector_float_pusha,vector_float_ya,vector_float_remo,float_sin,autoconstructive_integer_rand,vector_float_length,exec_do*count,integer_sub,float_mu,exec_no,vector_float_re,float_dup,integer_r,integer_sho,vector_float_yankd,integer_stackdepth,integer_dec,exec,vector_float_replacefir,vector_float_nth,float_swap,vector_float_co,exec_ya,float_yank,float_flush,float_t,integer_d,integer_a,integer_m,integer_i,vector_float_subv,integer_s,integer_p,vector_float_repla,vector_float_sw
0.000271025504435,0.000607470958215,0.000149531312791,9.34570704947e-06,0.000280371211484,0.000299062625583,0.000205605555088,0.0,9.34570704947e-06,7.47656563957e-05,0.000261679797385,0.000551396715919,0.000252334090336,3.73828281979e-05,0.0,9.34570704947e-06,9.34570704947e-06,0.0,0.00053270530182,0.000242988383286,0.0,0.000205605555088,3.73828281979e-05,0.000420556817226,0.0,6.54199493463e-05,1.86914140989e-05,0.000261679797385,4.67285352473e-05,1.86914140989e-05,0.000364482574929,0.0,8.41113634452e-05,0.000149531312791,9.34570704947e-06,0.0,1.86914140989e-05,0.0,2.80371211484e-05,0.0,0.000728965149858,0.00102802777544,0.000112148484594,0.000271025504435,0.000214951262138,0.0,0.00035513686788,0.000504668180671,0.000822422220353,7.47656563957e-05,0.000990644947243,0.000130839898693,0.000224296969187,5.60742422968e-05,0.000439248231325,0.000280371211484,0.000261679797385,0.000242988383286,0.0,0.000308408332632,0.00129905327988,0.000467285352473,3.73828281979e-05,0.00052335959477,0.0,0.0,0.0,0.000140185605742,0.0,9.34570704947e-06,0.000214951262138,0.000457939645424,0.000598125251166,0.000822422220353,0.00053270530182,0.000242988383286,1.86914140989e-05,9.34570704947e-06,2.80371211484e-05,0.000383173989028,0.0,0.000196259848039,0.000327099746731,9.34570704947e-06,8.41113634452e-05,1.86914140989e-05,0.0,0.0,7.47656563957e-05,1.86914140989e-05,0.0,0.0,5.60742422968e-05,0.000112148484594,0.000102802777544,0.000205605555088,0.0,9.34570704947e-05,9.34570704947e-06,8.41113634452e-05,6.54199493463e-05,0.000252334090336,0.0,0.000186914140989,0.000336445453781,0.0,0.000102802777544,0.0,0.000504668180671,3.73828281979e-05,0.0,0.000233642676237,0.0,0.000149531312791,0.000261679797385,9.34570704947e-06,0.000383173989028,8.41113634452e-05,0.000373828281979,0.00034579116083,0.000635508079364,0.000373828281979,9.34570704947e-06,0.000495322473622,0.000327099746731,8.41113634452e-05,0.000214951262138,3.73828281979e-05,0.0,5.60742422968e-05,0.000112148484594,0.000411211110177,0.000383173989028,0.000158877019841,0.000420556817226,0.0,1.86914140989e-05,0.0,0.000373828281979,0.0,2.80371211484e-05,9.34570704947e-06,0.000271025504435,0.000289716918533,0.000102802777544,1.86914140989e-05,0.000261679797385,8.41113634452e-05,9.34570704947e-06,0.0,0.000233642676237,8.41113634452e-05,0.0,0.000102802777544,1.86914140989e-05,9.34570704947e-06,9.34570704947e-06,9.34570704947e-06,1.86914140989e-05,9.34570704947e-06,9.34570704947e-06,5.60742422968e-05
Gen 107
float_yankdup,integer_swap,vector_float_conj,vector_float_conc,vector_float_occurrencesof,vector_float_replacefirst,vector_float_rest,vector_float_p,vector_float_s,vector_float_r,vector_float_first,integer_fromfloat,vector_float_last,vector_float_d,float_sw,exec_yankd,vector_float_n,exec_do*tim,exec_yankdup,exec_yank,integer_mu,vector_float_remove,vector_float_fir,exec_do*vector_float,float_p,float_r,vector_float_stackdep,vector_float_dup,vector_float_subvec,float_i,exec_do*range,integer_yankd,float_m,integer_rot,float_a,float_c,float_d,integer_stackdep,float_s,vector_float_occurrences,exec_stackdepth,vector_float_swap,vector_float_reverse,float_stackdepth,float_max,exec_do*vector_flo,float_min,vector_float_rot,float_rot,exec_shove,vector_float_pushall,float_stackdep,float_sub,vector_float_sho,integer_div,integer_mult,integer_min,float_shove,integer_flush,float_inc,in1,integer_yank,integer_fromflo,vector_float_yankdup,float_ya,vector_float_butla,integer_sw,float_pop,exec_d,float_yankd,integer_max,exec_dup,exec_k,float_frominteger,float_mult,exec_noop,exec_p,exec_r,exec_s,vector_float_butlast,integer_flu,exec_y,float_mod,integer_ya,integer_yankdup,exec_stackdep,exec_do*ran,vector_float_index,vector_float_pop,exec_do*cou,vector_float_ta,vector_float_flu,float_add,exec_do*times,integer_shove,float_tan,vector_float_la,vector_float_indexof,float_sho,float_frominteg,integer_dup,vector_float_stackdepth,exec_sho,vector_float_replace,exec_swap,vector_float_rever,autoconstructive_integer_ra,exec_sw,integer_add,exec_flush,float_flu,float_cos,exec_flu,integer_mod,float_div,vector_float_leng,integer_inc,vector_float_yank,exec_rot,vector_float_flush,float_dec,vector_float_set,integer_pop,vector_float_shove,exec_pop,vector_float_take,vector_float_concat,vector_float_pusha,vector_float_ya,vector_float_remo,float_sin,autoconstructive_integer_rand,vector_float_length,exec_do*count,integer_sub,float_mu,exec_no,vector_float_re,float_dup,integer_r,integer_sho,vector_float_yankd,integer_stackdepth,integer_dec,exec,vector_float_replacefir,vector_float_nth,float_swap,vector_float_co,exec_ya,float_yank,float_flush,float_t,integer_d,integer_a,integer_m,integer_i,vector_float_subv,integer_s,integer_p,vector_float_repla,vector_float_sw
0.000287034379311,0.000657401320358,0.000157405949945,0.0,0.000305552726364,0.000398144461625,0.000175924296997,0.0,0.0,0.000138887602893,0.000287034379311,0.000546291238044,0.000203701817576,7.40733882094e-05,0.0,0.0,1.85183470523e-05,0.0,0.000583327932149,0.00019444264405,0.0,0.000249997685207,2.77775205785e-05,0.000425921982204,0.0,2.77775205785e-05,0.0,0.000324071073416,9.25917352617e-06,9.25917352617e-06,0.000287034379311,0.0,0.000166665123471,0.000166665123471,1.85183470523e-05,0.0,2.77775205785e-05,0.0,9.25917352617e-06,0.0,0.000694438014463,0.00100924991435,0.000166665123471,0.000305552726364,0.00019444264405,2.77775205785e-05,0.000416662808678,0.000444440329256,0.000814807270303,0.000166665123471,0.000981472393774,0.000129628429366,0.000212960991102,0.00012036925584,0.000425921982204,0.00024073851168,0.000231479338154,0.000324071073416,0.0,0.000342589420468,0.0014166535495,0.000398144461625,4.62958676309e-05,0.00055555041157,0.0,9.25917352617e-06,2.77775205785e-05,0.000138887602893,0.0,0.0,0.000249997685207,0.000388885288099,0.000583327932149,0.000787029749725,0.000509254543939,0.000305552726364,0.0,2.77775205785e-05,2.77775205785e-05,0.000324071073416,0.0,0.000166665123471,0.000361107767521,0.0,9.25917352617e-05,2.77775205785e-05,0.0,1.85183470523e-05,0.00012036925584,0.0,0.0,9.25917352617e-06,3.70366941047e-05,9.25917352617e-05,0.000185183470523,0.000231479338154,9.25917352617e-06,0.000138887602893,9.25917352617e-06,4.62958676309e-05,5.5555041157e-05,0.00024073851168,0.0,0.00019444264405,0.000342589420468,9.25917352617e-06,8.33325617355e-05,0.0,0.000481477023361,3.70366941047e-05,0.0,0.00019444264405,0.0,0.000148146776419,0.000212960991102,1.85183470523e-05,0.000444440329256,7.40733882094e-05,0.000296293552837,0.000398144461625,0.000657401320358,0.000370366941047,3.70366941047e-05,0.000509254543939,0.000249997685207,7.40733882094e-05,0.000231479338154,0.0,0.0,5.5555041157e-05,0.00012036925584,0.000388885288099,0.000370366941047,0.000138887602893,0.000407403635152,1.85183470523e-05,9.25917352617e-06,0.0,0.000333330246942,9.25917352617e-06,3.70366941047e-05,1.85183470523e-05,0.000185183470523,0.00031481189989,0.000111110082314,0.0,0.000203701817576,9.25917352617e-05,0.0,9.25917352617e-06,0.000212960991102,0.000101850908788,9.25917352617e-06,7.40733882094e-05,0.0,0.0,1.85183470523e-05,0.0,0.0,0.0,0.0,3.70366941047e-05
Gen 108
float_yankdup,integer_swap,vector_float_conj,vector_float_conc,vector_float_occurrencesof,vector_float_replacefirst,vector_float_rest,vector_float_p,vector_float_s,vector_float_r,vector_float_first,integer_fromfloat,vector_float_last,vector_float_d,float_sw,exec_yankd,vector_float_n,exec_do*tim,exec_yankdup,exec_yank,integer_mu,vector_float_remove,vector_float_fir,exec_do*vector_float,float_p,float_r,vector_float_stackdep,vector_float_dup,vector_float_subvec,float_i,exec_do*range,integer_yankd,float_m,integer_rot,float_a,float_c,float_d,integer_stackdep,float_s,vector_float_occurrences,exec_stackdepth,vector_float_swap,vector_float_reverse,float_stackdepth,float_max,exec_do*vector_flo,float_min,vector_float_rot,float_rot,exec_shove,vector_float_pushall,float_stackdep,float_sub,vector_float_sho,integer_div,integer_mult,integer_min,float_shove,integer_flush,float_inc,in1,integer_yank,integer_fromflo,vector_float_yankdup,float_ya,vector_float_butla,integer_sw,float_pop,exec_d,float_yankd,integer_max,exec_dup,exec_k,float_frominteger,float_mult,exec_noop,exec_p,exec_r,exec_s,vector_float_butlast,integer_flu,exec_y,float_mod,integer_ya,integer_yankdup,exec_stackdep,exec_do*ran,vector_float_index,vector_float_pop,exec_do*cou,vector_float_ta,vector_float_flu,float_add,exec_do*times,integer_shove,float_tan,vector_float_la,vector_float_indexof,float_sho,float_frominteg,integer_dup,vector_float_stackdepth,exec_sho,vector_float_replace,exec_swap,vector_float_rever,autoconstructive_integer_ra,exec_sw,integer_add,exec_flush,float_flu,float_cos,exec_flu,integer_mod,float_div,vector_float_leng,integer_inc,vector_float_yank,exec_rot,vector_float_flush,float_dec,vector_float_set,integer_pop,vector_float_shove,exec_pop,vector_float_take,vector_float_concat,vector_float_pusha,vector_float_ya,vector_float_remo,float_sin,autoconstructive_integer_rand,vector_float_length,exec_do*count,integer_sub,float_mu,exec_no,vector_float_re,float_dup,integer_r,integer_sho,vector_float_yankd,integer_stackdepth,integer_dec,exec,vector_float_replacefir,vector_float_nth,float_swap,vector_float_co,exec_ya,float_yank,float_flush,float_t,integer_d,integer_a,integer_m,integer_i,vector_float_subv,integer_s,integer_p,vector_float_repla,vector_float_sw
0.000229355693984,0.000651370170916,0.000100916505353,0.0,0.000220181466225,0.000192658782947,0.000110090733113,0.0,0.0,0.000155961871909,0.000201833010706,0.000376143338135,0.000155961871909,9.17422775938e-05,9.17422775938e-06,0.0,0.0,0.0,0.000614673259878,0.000155961871909,0.0,0.000211007238466,3.66969110375e-05,0.000330272199338,0.0,1.83484555188e-05,0.0,0.000339446427097,1.83484555188e-05,0.0,0.000256878377263,0.0,7.3393822075e-05,0.000110090733113,6.42195943156e-05,0.0,3.66969110375e-05,0.0,9.17422775938e-06,9.17422775938e-06,0.000651370170916,0.000981642370253,0.000110090733113,0.000256878377263,0.000110090733113,9.17422775938e-06,0.000412840249172,0.000403666021413,0.000651370170916,0.000128439188631,0.000935771231457,0.000128439188631,0.000128439188631,0.00014678764415,0.000376143338135,0.000247704149503,0.000366969110375,0.000266052605022,9.17422775938e-06,0.000339446427097,0.00132108879735,0.000348620654856,5.50453665563e-05,0.000357794882616,9.17422775938e-06,9.17422775938e-06,9.17422775938e-06,0.000137613416391,2.75226832781e-05,0.0,0.000302749516059,0.000403666021413,0.00044036293245,0.000770635131788,0.000458711387969,0.000220181466225,0.0,5.50453665563e-05,1.83484555188e-05,0.000385317565894,0.0,0.000183484555188,0.000275226832781,9.17422775938e-06,2.75226832781e-05,3.66969110375e-05,0.0,0.0,0.000119264960872,0.0,0.0,9.17422775938e-06,2.75226832781e-05,6.42195943156e-05,0.000100916505353,0.000238529921744,0.0,8.25680498344e-05,2.75226832781e-05,1.83484555188e-05,3.66969110375e-05,0.000220181466225,0.0,7.3393822075e-05,0.000201833010706,0.0,3.66969110375e-05,1.83484555188e-05,0.000211007238466,2.75226832781e-05,0.0,6.42195943156e-05,0.0,0.000201833010706,0.000100916505353,9.17422775938e-06,0.000339446427097,6.42195943156e-05,0.000275226832781,0.000495408299006,0.000559627893322,0.000339446427097,9.17422775938e-06,0.000467885615728,0.000266052605022,0.000110090733113,0.000119264960872,2.75226832781e-05,0.0,0.000100916505353,7.3393822075e-05,0.000339446427097,0.000321097971578,0.000192658782947,0.000284401060541,9.17422775938e-06,0.0,0.0,0.000348620654856,9.17422775938e-06,4.58711387969e-05,9.17422775938e-06,0.000100916505353,0.000165136099669,7.3393822075e-05,1.83484555188e-05,0.000137613416391,7.3393822075e-05,0.0,1.83484555188e-05,0.000192658782947,0.000155961871909,0.0,9.17422775938e-05,1.83484555188e-05,9.17422775938e-06,0.0,0.0,0.0,9.17422775938e-06,0.0,1.83484555188e-05
Gen 109
float_yankdup,integer_swap,vector_float_conj,vector_float_conc,vector_float_occurrencesof,vector_float_replacefirst,vector_float_rest,vector_float_p,vector_float_s,vector_float_r,vector_float_first,integer_fromfloat,vector_float_last,vector_float_d,float_sw,exec_yankd,vector_float_n,exec_do*tim,exec_yankdup,exec_yank,integer_mu,vector_float_remove,vector_float_fir,exec_do*vector_float,float_p,float_r,vector_float_stackdep,vector_float_dup,vector_float_subvec,float_i,exec_do*range,integer_yankd,float_m,integer_rot,float_a,float_c,float_d,integer_stackdep,float_s,vector_float_occurrences,exec_stackdepth,vector_float_swap,vector_float_reverse,float_stackdepth,float_max,exec_do*vector_flo,float_min,vector_float_rot,float_rot,exec_shove,vector_float_pushall,float_stackdep,float_sub,vector_float_sho,integer_div,integer_mult,integer_min,float_shove,integer_flush,float_inc,in1,integer_yank,integer_fromflo,vector_float_yankdup,float_ya,vector_float_butla,integer_sw,float_pop,exec_d,float_yankd,integer_max,exec_dup,exec_k,float_frominteger,float_mult,exec_noop,exec_p,exec_r,exec_s,vector_float_butlast,integer_flu,exec_y,float_mod,integer_ya,integer_yankdup,exec_stackdep,exec_do*ran,vector_float_index,vector_float_pop,exec_do*cou,vector_float_ta,vector_float_flu,float_add,exec_do*times,integer_shove,float_tan,vector_float_la,vector_float_indexof,float_sho,float_frominteg,integer_dup,vector_float_stackdepth,exec_sho,vector_float_replace,exec_swap,vector_float_rever,autoconstructive_integer_ra,exec_sw,integer_add,exec_flush,float_flu,float_cos,exec_flu,integer_mod,float_div,vector_float_leng,integer_inc,vector_float_yank,exec_rot,vector_float_flush,float_dec,vector_float_set,integer_pop,vector_float_shove,exec_pop,vector_float_take,vector_float_concat,vector_float_pusha,vector_float_ya,vector_float_remo,float_sin,autoconstructive_integer_rand,vector_float_length,exec_do*count,integer_sub,float_mu,exec_no,vector_float_re,float_dup,integer_r,integer_sho,vector_float_yankd,integer_stackdepth,integer_dec,exec,vector_float_replacefir,vector_float_nth,float_swap,vector_float_co,exec_ya,float_yank,float_flush,float_t,integer_d,integer_a,integer_m,integer_i,vector_float_subv,integer_s,integer_p,vector_float_repla,vector_float_sw
0.000263633966964,0.000554540413269,9.09082644703e-05,9.09082644703e-06,0.000236361487623,0.000190907355388,0.000118180743811,0.0,0.0,0.0001545440496,0.000272724793411,0.000290906446305,9.99990909174e-05,5.45449586822e-05,0.0,0.0,0.0,0.0,0.000709084462869,0.000181816528941,0.0,0.000363633057881,9.09082644703e-06,0.000318178925646,9.09082644703e-06,0.0,9.09082644703e-06,0.000363633057881,0.0,1.81816528941e-05,0.000272724793411,0.0,0.000109089917364,5.45449586822e-05,5.45449586822e-05,0.0,1.81816528941e-05,2.72724793411e-05,0.0,0.0,0.000463632148799,0.000836356033127,9.09082644703e-05,0.000290906446305,0.000190907355388,9.09082644703e-06,0.000481813801693,0.000345451404987,0.00058181289261,0.000118180743811,0.00101817256207,0.000136362396705,0.000109089917364,0.000163634876047,0.000372723884328,0.000236361487623,0.000381814710775,0.000354542231434,9.09082644703e-06,0.000272724793411,0.00129998818193,0.000272724793411,4.54541322352e-05,0.000427268843011,0.0,0.0,2.72724793411e-05,7.27266115763e-05,0.0,0.0,0.000354542231434,0.000390905537222,0.000390905537222,0.000599994545504,0.000518177107481,0.000345451404987,1.81816528941e-05,2.72724793411e-05,8.18174380233e-05,0.000372723884328,0.0,0.000254543140517,0.000254543140517,2.72724793411e-05,2.72724793411e-05,6.36357851292e-05,0.0,0.0,0.000209089008282,0.0,0.0,0.0,7.27266115763e-05,0.000109089917364,0.000136362396705,0.000290906446305,0.0,0.000218179834729,0.0,4.54541322352e-05,4.54541322352e-05,0.000199998181835,0.0,8.18174380233e-05,0.000209089008282,0.0,5.45449586822e-05,0.0,0.000199998181835,1.81816528941e-05,0.0,4.54541322352e-05,9.09082644703e-06,0.000172725702494,0.0001545440496,3.63633057881e-05,0.000272724793411,0.000118180743811,0.000236361487623,0.000290906446305,0.000454541322352,0.000363633057881,1.81816528941e-05,0.000427268843011,0.000299997272752,0.000109089917364,0.00024545231407,4.54541322352e-05,0.0,2.72724793411e-05,0.000163634876047,0.000227270661176,0.00024545231407,0.000136362396705,0.000327269752093,3.63633057881e-05,9.09082644703e-06,9.09082644703e-06,0.000218179834729,0.0,4.54541322352e-05,0.0,8.18174380233e-05,0.000127271570258,4.54541322352e-05,1.81816528941e-05,0.000199998181835,0.000145453223153,0.0,0.0,0.000118180743811,7.27266115763e-05,1.81816528941e-05,5.45449586822e-05,0.0,9.09082644703e-06,1.81816528941e-05,0.0,0.0,0.0,0.0,4.54541322352e-05
Gen 110
float_yankdup,integer_swap,vector_float_conj,vector_float_conc,vector_float_occurrencesof,vector_float_replacefirst,vector_float_rest,vector_float_p,vector_float_s,vector_float_r,vector_float_first,integer_fromfloat,vector_float_last,vector_float_d,float_sw,exec_yankd,vector_float_n,exec_do*tim,exec_yankdup,exec_yank,integer_mu,vector_float_remove,vector_float_fir,exec_do*vector_float,float_p,float_r,vector_float_stackdep,vector_float_dup,vector_float_subvec,float_i,exec_do*range,integer_yankd,float_m,integer_rot,float_a,float_c,float_d,integer_stackdep,float_s,vector_float_occurrences,exec_stackdepth,vector_float_swap,vector_float_reverse,float_stackdepth,float_max,exec_do*vector_flo,float_min,vector_float_rot,float_rot,exec_shove,vector_float_pushall,float_stackdep,float_sub,vector_float_sho,integer_div,integer_mult,integer_min,float_shove,integer_flush,float_inc,in1,integer_yank,integer_fromflo,vector_float_yankdup,float_ya,vector_float_butla,integer_sw,float_pop,exec_d,float_yankd,integer_max,exec_dup,exec_k,float_frominteger,float_mult,exec_noop,exec_p,exec_r,exec_s,vector_float_butlast,integer_flu,exec_y,float_mod,integer_ya,integer_yankdup,exec_stackdep,exec_do*ran,vector_float_index,vector_float_pop,exec_do*cou,vector_float_ta,vector_float_flu,float_add,exec_do*times,integer_shove,float_tan,vector_float_la,vector_float_indexof,float_sho,float_frominteg,integer_dup,vector_float_stackdepth,exec_sho,vector_float_replace,exec_swap,vector_float_rever,autoconstructive_integer_ra,exec_sw,integer_add,exec_flush,float_flu,float_cos,exec_flu,integer_mod,float_div,vector_float_leng,integer_inc,vector_float_yank,exec_rot,vector_float_flush,float_dec,vector_float_set,integer_pop,vector_float_shove,exec_pop,vector_float_take,vector_float_concat,vector_float_pusha,vector_float_ya,vector_float_remo,float_sin,autoconstructive_integer_rand,vector_float_length,exec_do*count,integer_sub,float_mu,exec_no,vector_float_re,float_dup,integer_r,integer_sho,vector_float_yankd,integer_stackdepth,integer_dec,exec,vector_float_replacefir,vector_float_nth,float_swap,vector_float_co,exec_ya,float_yank,float_flush,float_t,integer_d,integer_a,integer_m,integer_i,vector_float_subv,integer_s,integer_p,vector_float_repla,vector_float_sw
0.000306303546815,0.00061260709363,0.00010810713417,9.0089278475e-06,0.00021621426834,0.00018017855695,7.207142278e-05,0.0,9.0089278475e-06,9.90982063225e-05,0.000306303546815,0.000351348186052,0.000162160701255,6.30624949325e-05,1.8017855695e-05,9.0089278475e-06,9.0089278475e-06,0.0,0.000657651732867,0.000243241051882,9.0089278475e-06,0.000261258907577,9.0089278475e-06,0.000315312474662,0.0,1.8017855695e-05,9.0089278475e-06,0.000486482103765,9.0089278475e-06,1.8017855695e-05,0.000369366041747,0.0,8.10803506275e-05,9.0089278475e-05,9.0089278475e-06,0.0,3.603571139e-05,0.0,9.0089278475e-06,9.0089278475e-06,0.000594589237935,0.000945937423987,9.90982063225e-05,0.000333330330357,0.00018017855695,4.50446392375e-05,0.000414410680985,0.000459455320222,0.00075674993919,0.000162160701255,0.00109908919739,0.00010810713417,0.000162160701255,0.000171169629102,0.0003603571139,0.000342339258205,0.000333330330357,0.000243241051882,1.8017855695e-05,0.000315312474662,0.0014414284556,0.000342339258205,6.30624949325e-05,0.000342339258205,9.0089278475e-06,1.8017855695e-05,9.0089278475e-06,9.90982063225e-05,9.0089278475e-06,0.0,0.000342339258205,0.000675669588562,0.000450446392375,0.000819812434122,0.000549544598697,0.000306303546815,1.8017855695e-05,1.8017855695e-05,1.8017855695e-05,0.00046846424807,0.0,0.000162160701255,0.000234232124035,9.0089278475e-05,1.8017855695e-05,9.0089278475e-06,0.0,0.0,0.00021621426834,0.0,0.0,0.0,2.70267835425e-05,0.000117116062017,7.207142278e-05,0.000351348186052,9.0089278475e-06,0.000135133917712,9.0089278475e-06,4.50446392375e-05,3.603571139e-05,0.000207205340492,0.0,0.000117116062017,0.000225223196187,9.0089278475e-06,4.50446392375e-05,9.0089278475e-06,0.00014414284556,1.8017855695e-05,9.0089278475e-06,4.50446392375e-05,0.0,0.00014414284556,0.00014414284556,0.0,0.00025224997973,9.90982063225e-05,0.000297294618967,0.000297294618967,0.000441437464527,0.00043242853668,1.8017855695e-05,0.000558553526545,0.00028828569112,4.50446392375e-05,0.000225223196187,5.4053567085e-05,0.0,4.50446392375e-05,0.00010810713417,0.00021621426834,0.000342339258205,0.000234232124035,0.00032432140251,3.603571139e-05,0.0,1.8017855695e-05,0.000261258907577,0.0,9.0089278475e-05,1.8017855695e-05,5.4053567085e-05,9.0089278475e-05,6.30624949325e-05,0.0,0.000198196412645,7.207142278e-05,0.0,9.0089278475e-06,0.00018017855695,9.90982063225e-05,9.0089278475e-06,7.207142278e-05,9.0089278475e-06,9.0089278475e-06,0.0,1.8017855695e-05,9.0089278475e-06,0.0,0.0,5.4053567085e-05
Gen 111
float_yankdup,integer_swap,vector_float_conj,vector_float_conc,vector_float_occurrencesof,vector_float_replacefirst,vector_float_rest,vector_float_p,vector_float_s,vector_float_r,vector_float_first,integer_fromfloat,vector_float_last,vector_float_d,float_sw,exec_yankd,vector_float_n,exec_do*tim,exec_yankdup,exec_yank,integer_mu,vector_float_remove,vector_float_fir,exec_do*vector_float,float_p,float_r,vector_float_stackdep,vector_float_dup,vector_float_subvec,float_i,exec_do*range,integer_yankd,float_m,integer_rot,float_a,float_c,float_d,integer_stackdep,float_s,vector_float_occurrences,exec_stackdepth,vector_float_swap,vector_float_reverse,float_stackdepth,float_max,exec_do*vector_flo,float_min,vector_float_rot,float_rot,exec_shove,vector_float_pushall,float_stackdep,float_sub,vector_float_sho,integer_div,integer_mult,integer_min,float_shove,integer_flush,float_inc,in1,integer_yank,integer_fromflo,vector_float_yankdup,float_ya,vector_float_butla,integer_sw,float_pop,exec_d,float_yankd,integer_max,exec_dup,exec_k,float_frominteger,float_mult,exec_noop,exec_p,exec_r,exec_s,vector_float_butlast,integer_flu,exec_y,float_mod,integer_ya,integer_yankdup,exec_stackdep,exec_do*ran,vector_float_index,vector_float_pop,exec_do*cou,vector_float_ta,vector_float_flu,float_add,exec_do*times,integer_shove,float_tan,vector_float_la,vector_float_indexof,float_sho,float_frominteg,integer_dup,vector_float_stackdepth,exec_sho,vector_float_replace,exec_swap,vector_float_rever,autoconstructive_integer_ra,exec_sw,integer_add,exec_flush,float_flu,float_cos,exec_flu,integer_mod,float_div,vector_float_leng,integer_inc,vector_float_yank,exec_rot,vector_float_flush,float_dec,vector_float_set,integer_pop,vector_float_shove,exec_pop,vector_float_take,vector_float_concat,vector_float_pusha,vector_float_ya,vector_float_remo,float_sin,autoconstructive_integer_rand,vector_float_length,exec_do*count,integer_sub,float_mu,exec_no,vector_float_re,float_dup,integer_r,integer_sho,vector_float_yankd,integer_stackdepth,integer_dec,exec,vector_float_replacefir,vector_float_nth,float_swap,vector_float_co,exec_ya,float_yank,float_flush,float_t,integer_d,integer_a,integer_m,integer_i,vector_float_subv,integer_s,integer_p,vector_float_repla,vector_float_sw
0.000294640226427,0.000446424585495,0.000124998883939,8.9284917099e-06,0.000196426817618,0.000151784359068,7.14279336792e-05,0.0,0.0,0.000178569834198,0.000223212292747,0.000348211176686,0.000142855867358,3.57139668396e-05,0.0,3.57139668396e-05,8.9284917099e-06,8.9284917099e-06,0.000723207828502,0.000142855867358,8.9284917099e-06,0.000294640226427,0.0,0.000312497209846,8.9284917099e-06,8.9284917099e-06,1.78569834198e-05,0.000401782126945,1.78569834198e-05,1.78569834198e-05,0.000374996651816,0.0,2.67854751297e-05,6.24994419693e-05,0.0,8.9284917099e-06,4.46424585495e-05,8.9284917099e-06,0.0,1.78569834198e-05,0.000419639110365,0.00084820671244,0.000133927375648,0.000348211176686,0.000133927375648,3.57139668396e-05,0.000482138552334,0.000419639110365,0.000669636878242,8.9284917099e-05,0.00121427487255,8.9284917099e-05,0.000133927375648,0.000178569834198,0.000321425701556,0.000258926259587,0.000276783243007,0.000285711734717,1.78569834198e-05,0.000339282684976,0.00132141677306,0.000357139668396,3.57139668396e-05,0.000419639110365,0.0,0.0,1.78569834198e-05,6.24994419693e-05,1.78569834198e-05,8.9284917099e-06,0.000276783243007,0.000517852519174,0.000437496093785,0.000785707270471,0.000437496093785,0.000357139668396,8.9284917099e-06,2.67854751297e-05,3.57139668396e-05,0.000392853635235,0.0,0.000124998883939,0.000160712850778,4.46424585495e-05,3.57139668396e-05,1.78569834198e-05,8.9284917099e-06,0.0,8.9284917099e-05,1.78569834198e-05,0.0,8.9284917099e-06,5.35709502594e-05,2.67854751297e-05,7.14279336792e-05,0.000348211176686,0.0,0.000142855867358,0.0,2.67854751297e-05,1.78569834198e-05,0.000160712850778,0.0,7.14279336792e-05,0.000187498325908,8.9284917099e-06,4.46424585495e-05,0.0,0.000187498325908,0.0,0.0,7.14279336792e-05,8.9284917099e-06,0.000205355309328,0.000151784359068,2.67854751297e-05,0.000321425701556,0.000107141900519,0.000196426817618,0.000428567602075,0.000464281568915,0.000366068160106,1.78569834198e-05,0.000428567602075,0.000214283801037,9.82134088088e-05,0.000294640226427,8.9284917099e-05,8.9284917099e-06,8.03564253891e-05,0.000151784359068,0.000249997767877,0.000330354193266,0.000196426817618,0.000232140784457,0.0,0.0,2.67854751297e-05,0.000285711734717,0.0,7.14279336792e-05,1.78569834198e-05,3.57139668396e-05,0.000107141900519,6.24994419693e-05,2.67854751297e-05,0.000160712850778,6.24994419693e-05,0.0,8.9284917099e-06,9.82134088088e-05,0.000133927375648,1.78569834198e-05,3.57139668396e-05,8.9284917099e-06,3.57139668396e-05,0.0,0.0,0.0,8.9284917099e-06,0.0,4.46424585495e-05
Gen 112
float_yankdup,integer_swap,vector_float_conj,vector_float_conc,vector_float_occurrencesof,vector_float_replacefirst,vector_float_rest,vector_float_p,vector_float_s,vector_float_r,vector_float_first,integer_fromfloat,vector_float_last,vector_float_d,float_sw,exec_yankd,vector_float_n,exec_do*tim,exec_yankdup,exec_yank,integer_mu,vector_float_remove,vector_float_fir,exec_do*vector_float,float_p,float_r,vector_float_stackdep,vector_float_dup,vector_float_subvec,float_i,exec_do*range,integer_yankd,float_m,integer_rot,float_a,float_c,float_d,integer_stackdep,float_s,vector_float_occurrences,exec_stackdepth,vector_float_swap,vector_float_reverse,float_stackdepth,float_max,exec_do*vector_flo,float_min,vector_float_rot,float_rot,exec_shove,vector_float_pushall,float_stackdep,float_sub,vector_float_sho,integer_div,integer_mult,integer_min,float_shove,integer_flush,float_inc,in1,integer_yank,integer_fromflo,vector_float_yankdup,float_ya,vector_float_butla,integer_sw,float_pop,exec_d,float_yankd,integer_max,exec_dup,exec_k,float_frominteger,float_mult,exec_noop,exec_p,exec_r,exec_s,vector_float_butlast,integer_flu,exec_y,float_mod,integer_ya,integer_yankdup,exec_stackdep,exec_do*ran,vector_float_index,vector_float_pop,exec_do*cou,vector_float_ta,vector_float_flu,float_add,exec_do*times,integer_shove,float_tan,vector_float_la,vector_float_indexof,float_sho,float_frominteg,integer_dup,vector_float_stackdepth,exec_sho,vector_float_replace,exec_swap,vector_float_rever,autoconstructive_integer_ra,exec_sw,integer_add,exec_flush,float_flu,float_cos,exec_flu,integer_mod,float_div,vector_float_leng,integer_inc,vector_float_yank,exec_rot,vector_float_flush,float_dec,vector_float_set,integer_pop,vector_float_shove,exec_pop,vector_float_take,vector_float_concat,vector_float_pusha,vector_float_ya,vector_float_remo,float_sin,autoconstructive_integer_rand,vector_float_length,exec_do*count,integer_sub,float_mu,exec_no,vector_float_re,float_dup,integer_r,integer_sho,vector_float_yankd,integer_stackdepth,integer_dec,exec,vector_float_replacefir,vector_float_nth,float_swap,vector_float_co,exec_ya,float_yank,float_flush,float_t,integer_d,integer_a,integer_m,integer_i,vector_float_subv,integer_s,integer_p,vector_float_repla,vector_float_sw
0.000345129689118,0.000592915106946,0.000159290625747,0.0,0.000300882293077,0.000168140104955,1.76989584163e-05,8.84947920815e-06,8.84947920815e-06,0.000212387500996,0.000274333855453,0.00033628020991,0.000159290625747,7.07958336652e-05,0.0,8.84947920815e-06,0.0,4.42473960407e-05,0.000690259378236,0.000247785417828,8.84947920815e-06,0.000283183334661,8.84947920815e-06,0.000353979168326,0.0,2.65484376244e-05,0.0,0.000495570835656,4.42473960407e-05,4.42473960407e-05,0.000398226564367,0.0,5.30968752489e-05,2.65484376244e-05,8.84947920815e-06,0.0,1.76989584163e-05,8.84947920815e-06,8.84947920815e-06,0.0,0.00061946354457,0.00106193750498,9.73442712896e-05,0.000274333855453,0.000230086459412,8.84947920815e-06,0.000495570835656,0.000353979168326,0.000672560419819,0.000123892708914,0.00111503438023,6.1946354457e-05,5.30968752489e-05,0.000168140104955,0.000398226564367,0.000407076043575,0.000353979168326,0.00033628020991,3.53979168326e-05,0.000451323439616,0.00137166927726,0.000415925522783,6.1946354457e-05,0.000495570835656,8.84947920815e-06,8.84947920815e-06,1.76989584163e-05,0.00014159166733,2.65484376244e-05,8.84947920815e-06,0.000353979168326,0.000539818231697,0.000460172918824,0.000778754170317,0.000469022398032,0.000230086459412,0.0,3.53979168326e-05,8.84947920815e-06,0.00047787187724,0.0,0.000203538021787,0.000256634897036,7.07958336652e-05,2.65484376244e-05,1.76989584163e-05,0.0,8.84947920815e-06,0.000123892708914,8.84947920815e-06,0.0,0.0,3.53979168326e-05,0.000106193750498,0.000115043229706,0.000353979168326,0.0,0.000150441146539,0.0,8.84947920815e-06,2.65484376244e-05,0.000265484376244,0.0,3.53979168326e-05,0.000212387500996,8.84947920815e-06,6.1946354457e-05,0.0,0.000203538021787,8.84947920815e-06,0.0,4.42473960407e-05,0.0,0.000185839063371,0.000168140104955,7.07958336652e-05,0.000230086459412,7.96453128733e-05,0.000283183334661,0.000318581251493,0.000530968752489,0.000407076043575,1.76989584163e-05,0.000495570835656,0.000230086459412,8.84947920815e-05,0.00023893593862,6.1946354457e-05,0.0,3.53979168326e-05,8.84947920815e-05,0.000221236980204,0.000327430730701,0.000230086459412,0.00023893593862,1.76989584163e-05,1.76989584163e-05,0.0,0.000309731772285,0.0,0.0,3.53979168326e-05,1.76989584163e-05,7.07958336652e-05,9.73442712896e-05,0.0,0.000159290625747,4.42473960407e-05,0.0,8.84947920815e-06,0.000185839063371,6.1946354457e-05,1.76989584163e-05,5.30968752489e-05,5.30968752489e-05,5.30968752489e-05,1.76989584163e-05,0.0,8.84947920815e-06,0.0,0.0,4.42473960407e-05
Gen 113
float_yankdup,integer_swap,vector_float_conj,vector_float_conc,vector_float_occurrencesof,vector_float_replacefirst,vector_float_rest,vector_float_p,vector_float_s,vector_float_r,vector_float_first,integer_fromfloat,vector_float_last,vector_float_d,float_sw,exec_yankd,vector_float_n,exec_do*tim,exec_yankdup,exec_yank,integer_mu,vector_float_remove,vector_float_fir,exec_do*vector_float,float_p,float_r,vector_float_stackdep,vector_float_dup,vector_float_subvec,float_i,exec_do*range,integer_yankd,float_m,integer_rot,float_a,float_c,float_d,integer_stackdep,float_s,vector_float_occurrences,exec_stackdepth,vector_float_swap,vector_float_reverse,float_stackdepth,float_max,exec_do*vector_flo,float_min,vector_float_rot,float_rot,exec_shove,vector_float_pushall,float_stackdep,float_sub,vector_float_sho,integer_div,integer_mult,integer_min,float_shove,integer_flush,float_inc,in1,integer_yank,integer_fromflo,vector_float_yankdup,float_ya,vector_float_butla,integer_sw,float_pop,exec_d,float_yankd,integer_max,exec_dup,exec_k,float_frominteger,float_mult,exec_noop,exec_p,exec_r,exec_s,vector_float_butlast,integer_flu,exec_y,float_mod,integer_ya,integer_yankdup,exec_stackdep,exec_do*ran,vector_float_index,vector_float_pop,exec_do*cou,vector_float_ta,vector_float_flu,float_add,exec_do*times,integer_shove,float_tan,vector_float_la,vector_float_indexof,float_sho,float_frominteg,integer_dup,vector_float_stackdepth,exec_sho,vector_float_replace,exec_swap,vector_float_rever,autoconstructive_integer_ra,exec_sw,integer_add,exec_flush,float_flu,float_cos,exec_flu,integer_mod,float_div,vector_float_leng,integer_inc,vector_float_yank,exec_rot,vector_float_flush,float_dec,vector_float_set,integer_pop,vector_float_shove,exec_pop,vector_float_take,vector_float_concat,vector_float_pusha,vector_float_ya,vector_float_remo,float_sin,autoconstructive_integer_rand,vector_float_length,exec_do*count,integer_sub,float_mu,exec_no,vector_float_re,float_dup,integer_r,integer_sho,vector_float_yankd,integer_stackdepth,integer_dec,exec,vector_float_replacefir,vector_float_nth,float_swap,vector_float_co,exec_ya,float_yank,float_flush,float_t,integer_d,integer_a,integer_m,integer_i,vector_float_subv,integer_s,integer_p,vector_float_repla,vector_float_sw
0.000271927439233,0.000622801554372,7.89466759064e-05,0.0,0.000421048938167,0.00017543705757,1.7543705757e-05,0.0,8.77185287848e-06,0.000210524469084,0.000280699292111,0.000359645968018,0.000157893351813,4.38592643924e-05,0.0,1.7543705757e-05,8.77185287848e-06,8.77185287848e-06,0.000736835641793,0.000236840027719,0.0,0.000201752616205,8.77185287848e-06,0.000342102262261,8.77185287848e-06,2.63155586355e-05,8.77185287848e-06,0.00057894228998,5.26311172709e-05,7.01748230279e-05,0.000324558556504,0.0,2.63155586355e-05,7.01748230279e-05,0.0,0.0,1.7543705757e-05,0.0,8.77185287848e-06,0.0,0.000666660818765,0.0010613941983,8.77185287848e-05,0.000359645968018,0.000263155586355,0.0,0.000447364496803,0.000447364496803,0.000657888965886,0.00011403408742,0.00121928755011,5.26311172709e-05,0.000157893351813,0.000184208910448,0.000342102262261,0.00040350523241,0.000368417820896,0.000280699292111,7.01748230279e-05,0.000412277085289,0.00146489943071,0.000359645968018,7.01748230279e-05,0.000394733379532,1.7543705757e-05,0.0,1.7543705757e-05,0.000184208910448,5.26311172709e-05,0.0,0.000359645968018,0.000745607494671,0.000394733379532,0.000842097876334,0.000666660818765,0.000280699292111,0.0,5.26311172709e-05,1.7543705757e-05,0.000456136349681,8.77185287848e-06,0.000201752616205,0.000263155586355,7.89466759064e-05,1.7543705757e-05,4.38592643924e-05,8.77185287848e-06,0.0,0.000122805940299,8.77185287848e-06,8.77185287848e-06,8.77185287848e-06,5.26311172709e-05,8.77185287848e-05,0.000105262234542,0.000385961526653,8.77185287848e-06,0.00017543705757,8.77185287848e-06,2.63155586355e-05,6.14029701494e-05,0.000263155586355,0.0,6.14029701494e-05,0.000359645968018,8.77185287848e-06,7.01748230279e-05,2.63155586355e-05,0.000184208910448,0.0,0.0,4.38592643924e-05,0.0,0.000184208910448,0.000140349646056,8.77185287848e-06,0.000140349646056,6.14029701494e-05,0.000254383733476,0.000377189673775,0.000596485995737,0.000385961526653,1.7543705757e-05,0.00057894228998,0.000245611880598,6.14029701494e-05,0.000271927439233,6.14029701494e-05,0.0,3.50874115139e-05,6.14029701494e-05,0.000271927439233,0.000412277085289,0.000271927439233,0.000219296321962,0.0,0.0,0.0,0.000236840027719,0.0,0.0,2.63155586355e-05,7.01748230279e-05,0.000122805940299,7.01748230279e-05,0.0,0.000210524469084,5.26311172709e-05,0.0,0.0,0.000219296321962,7.89466759064e-05,4.38592643924e-05,0.000105262234542,8.77185287848e-06,9.64903816633e-05,0.0,0.0,8.77185287848e-06,0.0,8.77185287848e-06,9.64903816633e-05
Gen 114
float_yankdup,integer_swap,vector_float_conj,vector_float_conc,vector_float_occurrencesof,vector_float_replacefirst,vector_float_rest,vector_float_p,vector_float_s,vector_float_r,vector_float_first,integer_fromfloat,vector_float_last,vector_float_d,float_sw,exec_yankd,vector_float_n,exec_do*tim,exec_yankdup,exec_yank,integer_mu,vector_float_remove,vector_float_fir,exec_do*vector_float,float_p,float_r,vector_float_stackdep,vector_float_dup,vector_float_subvec,float_i,exec_do*range,integer_yankd,float_m,integer_rot,float_a,float_c,float_d,integer_stackdep,float_s,vector_float_occurrences,exec_stackdepth,vector_float_swap,vector_float_reverse,float_stackdepth,float_max,exec_do*vector_flo,float_min,vector_float_rot,float_rot,exec_shove,vector_float_pushall,float_stackdep,float_sub,vector_float_sho,integer_div,integer_mult,integer_min,float_shove,integer_flush,float_inc,in1,integer_yank,integer_fromflo,vector_float_yankdup,float_ya,vector_float_butla,integer_sw,float_pop,exec_d,float_yankd,integer_max,exec_dup,exec_k,float_frominteger,float_mult,exec_noop,exec_p,exec_r,exec_s,vector_float_butlast,integer_flu,exec_y,float_mod,integer_ya,integer_yankdup,exec_stackdep,exec_do*ran,vector_float_index,vector_float_pop,exec_do*cou,vector_float_ta,vector_float_flu,float_add,exec_do*times,integer_shove,float_tan,vector_float_la,vector_float_indexof,float_sho,float_frominteg,integer_dup,vector_float_stackdepth,exec_sho,vector_float_replace,exec_swap,vector_float_rever,autoconstructive_integer_ra,exec_sw,integer_add,exec_flush,float_flu,float_cos,exec_flu,integer_mod,float_div,vector_float_leng,integer_inc,vector_float_yank,exec_rot,vector_float_flush,float_dec,vector_float_set,integer_pop,vector_float_shove,exec_pop,vector_float_take,vector_float_concat,vector_float_pusha,vector_float_ya,vector_float_remo,float_sin,autoconstructive_integer_rand,vector_float_length,exec_do*count,integer_sub,float_mu,exec_no,vector_float_re,float_dup,integer_r,integer_sho,vector_float_yankd,integer_stackdepth,integer_dec,exec,vector_float_replacefir,vector_float_nth,float_swap,vector_float_co,exec_ya,float_yank,float_flush,float_t,integer_d,integer_a,integer_m,integer_i,vector_float_subv,integer_s,integer_p,vector_float_repla,vector_float_sw
0.000295649603047,0.000634777088895,0.000104346918722,8.6955765602e-06,0.000313040756167,0.000217389414005,3.47823062408e-05,2.60867296806e-05,0.0,0.000113042495283,0.000226084990565,0.000295649603047,0.000191302684324,1.73911531204e-05,8.6955765602e-06,8.6955765602e-06,0.0,8.6955765602e-06,0.000591299206094,0.000243476143686,8.6955765602e-06,0.000304345179607,8.6955765602e-06,0.00040869209833,0.0,2.60867296806e-05,8.6955765602e-06,0.000556516899853,0.000121738071843,0.000113042495283,0.000269562873366,8.6955765602e-06,6.08690359214e-05,4.3477882801e-05,0.0,0.0,2.60867296806e-05,0.0,0.0,8.6955765602e-06,0.000530430170172,0.000878253232581,6.08690359214e-05,0.000234780567126,0.000182607107764,1.73911531204e-05,0.000513039017052,0.000304345179607,0.000643472665455,0.000113042495283,0.00111303379971,5.21734593612e-05,0.000165215954644,0.000165215954644,0.000243476143686,0.000339127485848,0.000278258449927,0.000252171720246,2.60867296806e-05,0.000295649603047,0.00143477013243,0.000321736332728,6.08690359214e-05,0.000208693837445,3.47823062408e-05,0.0,8.6955765602e-06,6.08690359214e-05,2.60867296806e-05,8.6955765602e-06,0.00040869209833,0.000608690359214,0.00040869209833,0.000730428431057,0.000591299206094,0.000295649603047,0.0,7.82601890418e-05,0.0,0.000373909792089,0.0,0.000121738071843,0.000173911531204,7.82601890418e-05,2.60867296806e-05,1.73911531204e-05,1.73911531204e-05,0.0,9.56513421622e-05,0.0,0.0,0.0,0.000104346918722,6.95646124816e-05,6.95646124816e-05,0.000356518638968,0.0,0.000147824801523,0.0,5.21734593612e-05,0.000104346918722,0.000234780567126,8.6955765602e-06,5.21734593612e-05,0.000234780567126,0.0,5.21734593612e-05,1.73911531204e-05,0.000208693837445,0.0,0.0,7.82601890418e-05,0.0,0.000182607107764,0.000104346918722,4.3477882801e-05,0.000278258449927,2.60867296806e-05,0.000286954026487,0.000399996521769,0.000530430170172,0.000304345179607,8.6955765602e-06,0.000452169981131,0.000260867296806,6.95646124816e-05,0.000208693837445,3.47823062408e-05,0.0,3.47823062408e-05,0.000121738071843,0.000208693837445,0.000313040756167,0.000304345179607,0.000252171720246,8.6955765602e-06,2.60867296806e-05,8.6955765602e-06,0.000243476143686,8.6955765602e-06,8.6955765602e-06,1.73911531204e-05,8.6955765602e-05,6.08690359214e-05,9.56513421622e-05,8.6955765602e-06,0.000139129224963,2.60867296806e-05,0.0,0.0,0.000243476143686,6.08690359214e-05,0.0,4.3477882801e-05,1.73911531204e-05,0.000130433648403,1.73911531204e-05,0.0,0.0,0.0,0.0,8.6955765602e-05
Gen 115
float_yankdup,integer_swap,vector_float_conj,vector_float_conc,vector_float_occurrencesof,vector_float_replacefirst,vector_float_rest,vector_float_p,vector_float_s,vector_float_r,vector_float_first,integer_fromfloat,vector_float_last,vector_float_d,float_sw,exec_yankd,vector_float_n,exec_do*tim,exec_yankdup,exec_yank,integer_mu,vector_float_remove,vector_float_fir,exec_do*vector_float,float_p,float_r,vector_float_stackdep,vector_float_dup,vector_float_subvec,float_i,exec_do*range,integer_yankd,float_m,integer_rot,float_a,float_c,float_d,integer_stackdep,float_s,vector_float_occurrences,exec_stackdepth,vector_float_swap,vector_float_reverse,float_stackdepth,float_max,exec_do*vector_flo,float_min,vector_float_rot,float_rot,exec_shove,vector_float_pushall,float_stackdep,float_sub,vector_float_sho,integer_div,integer_mult,integer_min,float_shove,integer_flush,float_inc,in1,integer_yank,integer_fromflo,vector_float_yankdup,float_ya,vector_float_butla,integer_sw,float_pop,exec_d,float_yankd,integer_max,exec_dup,exec_k,float_frominteger,float_mult,exec_noop,exec_p,exec_r,exec_s,vector_float_butlast,integer_flu,exec_y,float_mod,integer_ya,integer_yankdup,exec_stackdep,exec_do*ran,vector_float_index,vector_float_pop,exec_do*cou,vector_float_ta,vector_float_flu,float_add,exec_do*times,integer_shove,float_tan,vector_float_la,vector_float_indexof,float_sho,float_frominteg,integer_dup,vector_float_stackdepth,exec_sho,vector_float_replace,exec_swap,vector_float_rever,autoconstructive_integer_ra,exec_sw,integer_add,exec_flush,float_flu,float_cos,exec_flu,integer_mod,float_div,vector_float_leng,integer_inc,vector_float_yank,exec_rot,vector_float_flush,float_dec,vector_float_set,integer_pop,vector_float_shove,exec_pop,vector_float_take,vector_float_concat,vector_float_pusha,vector_float_ya,vector_float_remo,float_sin,autoconstructive_integer_rand,vector_float_length,exec_do*count,integer_sub,float_mu,exec_no,vector_float_re,float_dup,integer_r,integer_sho,vector_float_yankd,integer_stackdepth,integer_dec,exec,vector_float_replacefir,vector_float_nth,float_swap,vector_float_co,exec_ya,float_yank,float_flush,float_t,integer_d,integer_a,integer_m,integer_i,vector_float_subv,integer_s,integer_p,vector_float_repla,vector_float_sw
0.000439651382316,0.000741372919199,7.75855380557e-05,8.62061533952e-06,0.000318962767562,0.000198274152809,6.89649227162e-05,0.0,0.0,9.48267687348e-05,0.000336203998241,0.000318962767562,0.00018965353747,3.44824613581e-05,8.62061533952e-06,1.7241230679e-05,0.0,2.58618460186e-05,0.000827579072594,0.000224135998828,8.62061533952e-06,0.000370686459599,0.0,0.000387927690279,0.0,1.7241230679e-05,2.58618460186e-05,0.000672407996483,0.000103447384074,5.17236920371e-05,0.000318962767562,1.7241230679e-05,4.31030766976e-05,4.31030766976e-05,8.62061533952e-06,8.62061533952e-06,6.89649227162e-05,8.62061533952e-06,8.62061533952e-06,1.7241230679e-05,0.000603443073767,0.00100861199472,6.89649227162e-05,0.000275859690865,0.000232756614167,1.7241230679e-05,0.000491375074353,0.000301721536883,0.000672407996483,0.000232756614167,0.0011120593788,8.62061533952e-05,0.00017241230679,0.000120688614753,0.000396548305618,0.00036206584426,0.000387927690279,0.000310342152223,4.31030766976e-05,0.000379307074939,0.00157757260713,0.000318962767562,4.31030766976e-05,0.000336203998241,1.7241230679e-05,0.0,8.62061533952e-06,4.31030766976e-05,1.7241230679e-05,0.0,0.00036206584426,0.000655166765804,0.000482754459013,0.000836199687934,0.000560339997069,0.000327583382902,0.0,7.75855380557e-05,8.62061533952e-06,0.000439651382316,0.0,0.00017241230679,0.000258618460186,8.62061533952e-05,1.7241230679e-05,3.44824613581e-05,8.62061533952e-06,0.0,0.000163791691451,0.0,0.0,1.7241230679e-05,9.48267687348e-05,7.75855380557e-05,0.000146550460772,0.000275859690865,8.62061533952e-06,0.000129309230093,0.0,3.44824613581e-05,0.000103447384074,0.000275859690865,0.0,6.03443073767e-05,0.000275859690865,0.0,8.62061533952e-05,0.0,0.00018965353747,1.7241230679e-05,0.0,6.03443073767e-05,0.0,0.000293100921544,0.000103447384074,7.75855380557e-05,0.000327583382902,2.58618460186e-05,0.000293100921544,0.000474133843674,0.000655166765804,0.000336203998241,3.44824613581e-05,0.00053447815105,0.000293100921544,6.89649227162e-05,0.000232756614167,8.62061533952e-06,0.0,6.03443073767e-05,6.89649227162e-05,0.000267239075525,0.00035344522892,0.000318962767562,0.000275859690865,1.7241230679e-05,2.58618460186e-05,0.0,0.000327583382902,0.0,0.0,8.62061533952e-06,5.17236920371e-05,7.75855380557e-05,9.48267687348e-05,8.62061533952e-06,0.000137929845432,2.58618460186e-05,8.62061533952e-06,8.62061533952e-06,0.000198274152809,6.03443073767e-05,0.0,4.31030766976e-05,8.62061533952e-05,7.75855380557e-05,8.62061533952e-06,0.0,8.62061533952e-06,0.0,1.7241230679e-05,5.17236920371e-05
Gen 116
float_yankdup,integer_swap,vector_float_conj,vector_float_conc,vector_float_occurrencesof,vector_float_replacefirst,vector_float_rest,vector_float_p,vector_float_s,vector_float_r,vector_float_first,integer_fromfloat,vector_float_last,vector_float_d,float_sw,exec_yankd,vector_float_n,exec_do*tim,exec_yankdup,exec_yank,integer_mu,vector_float_remove,vector_float_fir,exec_do*vector_float,float_p,float_r,vector_float_stackdep,vector_float_dup,vector_float_subvec,float_i,exec_do*range,integer_yankd,float_m,integer_rot,float_a,float_c,float_d,integer_stackdep,float_s,vector_float_occurrences,exec_stackdepth,vector_float_swap,vector_float_reverse,float_stackdepth,float_max,exec_do*vector_flo,float_min,vector_float_rot,float_rot,exec_shove,vector_float_pushall,float_stackdep,float_sub,vector_float_sho,integer_div,integer_mult,integer_min,float_shove,integer_flush,float_inc,in1,integer_yank,integer_fromflo,vector_float_yankdup,float_ya,vector_float_butla,integer_sw,float_pop,exec_d,float_yankd,integer_max,exec_dup,exec_k,float_frominteger,float_mult,exec_noop,exec_p,exec_r,exec_s,vector_float_butlast,integer_flu,exec_y,float_mod,integer_ya,integer_yankdup,exec_stackdep,exec_do*ran,vector_float_index,vector_float_pop,exec_do*cou,vector_float_ta,vector_float_flu,float_add,exec_do*times,integer_shove,float_tan,vector_float_la,vector_float_indexof,float_sho,float_frominteg,integer_dup,vector_float_stackdepth,exec_sho,vector_float_replace,exec_swap,vector_float_rever,autoconstructive_integer_ra,exec_sw,integer_add,exec_flush,float_flu,float_cos,exec_flu,integer_mod,float_div,vector_float_leng,integer_inc,vector_float_yank,exec_rot,vector_float_flush,float_dec,vector_float_set,integer_pop,vector_float_shove,exec_pop,vector_float_take,vector_float_concat,vector_float_pusha,vector_float_ya,vector_float_remo,float_sin,autoconstructive_integer_rand,vector_float_length,exec_do*count,integer_sub,float_mu,exec_no,vector_float_re,float_dup,integer_r,integer_sho,vector_float_yankd,integer_stackdepth,integer_dec,exec,vector_float_replacefir,vector_float_nth,float_swap,vector_float_co,exec_ya,float_yank,float_flush,float_t,integer_d,integer_a,integer_m,integer_i,vector_float_subv,integer_s,integer_p,vector_float_repla,vector_float_sw
0.000418799839318,0.000615379355732,4.27346774814e-05,8.54693549628e-06,0.000282048871377,0.000188032580918,3.41877419851e-05,0.0,8.54693549628e-06,9.40162904591e-05,0.000282048871377,0.000264955000385,0.000153844838933,1.70938709926e-05,0.0,2.56408064888e-05,0.0,0.0,0.00073503645268,0.000170938709926,1.70938709926e-05,0.000264955000385,0.0,0.00029914274237,8.54693549628e-06,8.54693549628e-06,8.54693549628e-06,0.000615379355732,0.000162391774429,5.12816129777e-05,0.000256408064888,8.54693549628e-06,4.27346774814e-05,7.69224194665e-05,0.0,0.0,8.54693549628e-06,8.54693549628e-06,8.54693549628e-06,0.0,0.000581191613747,0.000948709840087,3.41877419851e-05,0.000273501935881,0.000162391774429,5.12816129777e-05,0.000461534516799,0.000358971290844,0.000615379355732,0.000205126451911,0.000940162904591,5.12816129777e-05,0.0002307672584,0.000128204032444,0.000341877419851,0.000290595806873,0.000384612097333,0.0002307672584,4.27346774814e-05,0.000384612097333,0.00147007290536,0.000273501935881,3.41877419851e-05,0.00029914274237,2.56408064888e-05,2.56408064888e-05,1.70938709926e-05,2.56408064888e-05,0.0,0.0,0.000350424355347,0.000623926291228,0.000376065161836,0.000820505807643,0.000572644678251,0.000247861129392,0.0,6.83754839702e-05,1.70938709926e-05,0.000410252903821,0.0,0.00013675096794,0.000239314193896,6.83754839702e-05,2.56408064888e-05,2.56408064888e-05,0.0,8.54693549628e-06,9.40162904591e-05,0.0,0.0,0.0,6.83754839702e-05,5.98285484739e-05,0.000170938709926,0.000247861129392,0.0,7.69224194665e-05,8.54693549628e-06,2.56408064888e-05,9.40162904591e-05,0.000264955000385,0.0,5.12816129777e-05,0.000222220322903,0.0,4.27346774814e-05,8.54693549628e-06,0.000145297903437,1.70938709926e-05,0.0,7.69224194665e-05,0.0,0.000273501935881,0.000128204032444,5.12816129777e-05,0.000376065161836,1.70938709926e-05,0.00029914274237,0.000512816129777,0.000615379355732,0.000341877419851,2.56408064888e-05,0.000470081452295,0.000264955000385,0.000111110161452,0.000239314193896,0.0,0.0,0.000102563225955,5.12816129777e-05,0.000239314193896,0.000247861129392,0.000307689677866,0.000256408064888,3.41877419851e-05,7.69224194665e-05,8.54693549628e-06,0.00036751822634,8.54693549628e-06,0.0,0.0,6.83754839702e-05,0.000111110161452,0.00013675096794,3.41877419851e-05,0.000196579516414,4.27346774814e-05,0.0,8.54693549628e-06,0.000239314193896,3.41877419851e-05,8.54693549628e-06,5.12816129777e-05,3.41877419851e-05,0.000119657096948,0.0,0.0,0.0,0.0,8.54693549628e-06,4.27346774814e-05
Gen 117
float_yankdup,integer_swap,vector_float_conj,vector_float_conc,vector_float_occurrencesof,vector_float_replacefirst,vector_float_rest,vector_float_p,vector_float_s,vector_float_r,vector_float_first,integer_fromfloat,vector_float_last,vector_float_d,float_sw,exec_yankd,vector_float_n,exec_do*tim,exec_yankdup,exec_yank,integer_mu,vector_float_remove,vector_float_fir,exec_do*vector_float,float_p,float_r,vector_float_stackdep,vector_float_dup,vector_float_subvec,float_i,exec_do*range,integer_yankd,float_m,integer_rot,float_a,float_c,float_d,integer_stackdep,float_s,vector_float_occurrences,exec_stackdepth,vector_float_swap,vector_float_reverse,float_stackdepth,float_max,exec_do*vector_flo,float_min,vector_float_rot,float_rot,exec_shove,vector_float_pushall,float_stackdep,float_sub,vector_float_sho,integer_div,integer_mult,integer_min,float_shove,integer_flush,float_inc,in1,integer_yank,integer_fromflo,vector_float_yankdup,float_ya,vector_float_butla,integer_sw,float_pop,exec_d,float_yankd,integer_max,exec_dup,exec_k,float_frominteger,float_mult,exec_noop,exec_p,exec_r,exec_s,vector_float_butlast,integer_flu,exec_y,float_mod,integer_ya,integer_yankdup,exec_stackdep,exec_do*ran,vector_float_index,vector_float_pop,exec_do*cou,vector_float_ta,vector_float_flu,float_add,exec_do*times,integer_shove,float_tan,vector_float_la,vector_float_indexof,float_sho,float_frominteg,integer_dup,vector_float_stackdepth,exec_sho,vector_float_replace,exec_swap,vector_float_rever,autoconstructive_integer_ra,exec_sw,integer_add,exec_flush,float_flu,float_cos,exec_flu,integer_mod,float_div,vector_float_leng,integer_inc,vector_float_yank,exec_rot,vector_float_flush,float_dec,vector_float_set,integer_pop,vector_float_shove,exec_pop,vector_float_take,vector_float_concat,vector_float_pusha,vector_float_ya,vector_float_remo,float_sin,autoconstructive_integer_rand,vector_float_length,exec_do*count,integer_sub,float_mu,exec_no,vector_float_re,float_dup,integer_r,integer_sho,vector_float_yankd,integer_stackdepth,integer_dec,exec,vector_float_replacefir,vector_float_nth,float_swap,vector_float_co,exec_ya,float_yank,float_flush,float_t,integer_d,integer_a,integer_m,integer_i,vector_float_subv,integer_s,integer_p,vector_float_repla,vector_float_sw
0.000372878195947,0.000550842789468,7.62705400802e-05,8.47450445335e-06,0.000296607655867,0.000220337115787,2.54235133601e-05,0.0,0.0,5.93215311735e-05,0.000237286124694,0.000322031169227,0.000110168557894,8.47450445335e-06,8.47450445335e-06,2.54235133601e-05,1.69490089067e-05,0.0,0.000745756391895,0.000135592071254,8.47450445335e-06,0.000262709638054,8.47450445335e-06,0.000228811620241,0.0,0.0,0.0,0.000559317293921,0.000169490089067,0.0,0.000262709638054,0.0,1.69490089067e-05,6.77960356268e-05,8.47450445335e-06,0.0,4.23725222668e-05,0.0,2.54235133601e-05,1.69490089067e-05,0.000576266302828,0.000847450445335,4.23725222668e-05,0.000305082160321,9.32195489869e-05,4.23725222668e-05,0.000432199727121,0.000322031169227,0.000661011347361,0.00020338810688,0.000966093507682,5.93215311735e-05,0.000211862611334,0.000118643062347,0.000347454682587,0.000296607655867,0.000322031169227,0.00020338810688,1.69490089067e-05,0.000381352700401,0.00144066575707,0.000245760629147,1.69490089067e-05,0.000271184142507,0.0,8.47450445335e-06,2.54235133601e-05,0.0,8.47450445335e-06,0.0,0.000245760629147,0.000516944771654,0.000296607655867,0.000889822967602,0.000533893780561,0.00020338810688,0.0,3.38980178134e-05,5.08470267201e-05,0.000381352700401,0.0,0.00017796459352,0.000254235133601,4.23725222668e-05,5.08470267201e-05,2.54235133601e-05,0.0,0.0,0.000118643062347,0.0,0.0,2.54235133601e-05,5.93215311735e-05,3.38980178134e-05,0.000194913602427,0.000194913602427,0.0,9.32195489869e-05,0.0,3.38980178134e-05,0.000194913602427,0.000228811620241,0.0,5.93215311735e-05,0.000161015584614,0.0,1.69490089067e-05,0.0,0.000110168557894,8.47450445335e-06,0.0,5.08470267201e-05,0.0,0.000254235133601,0.000135592071254,8.47450445335e-05,0.000406776213761,4.23725222668e-05,0.000271184142507,0.000567791798375,0.000576266302828,0.000313556664774,1.69490089067e-05,0.000440674231574,0.000288133151414,6.77960356268e-05,0.000228811620241,2.54235133601e-05,1.69490089067e-05,0.000144066575707,0.000110168557894,0.000228811620241,0.000254235133601,0.000245760629147,0.000262709638054,3.38980178134e-05,7.62705400802e-05,0.0,0.000406776213761,8.47450445335e-06,0.0,0.0,8.47450445335e-05,0.000118643062347,7.62705400802e-05,2.54235133601e-05,0.000186439097974,5.93215311735e-05,0.0,8.47450445335e-06,0.00017796459352,8.47450445335e-06,8.47450445335e-06,5.08470267201e-05,5.08470267201e-05,0.000144066575707,2.54235133601e-05,8.47450445335e-06,0.0,8.47450445335e-06,0.0,3.38980178134e-05
Gen 118
float_yankdup,integer_swap,vector_float_conj,vector_float_conc,vector_float_occurrencesof,vector_float_replacefirst,vector_float_rest,vector_float_p,vector_float_s,vector_float_r,vector_float_first,integer_fromfloat,vector_float_last,vector_float_d,float_sw,exec_yankd,vector_float_n,exec_do*tim,exec_yankdup,exec_yank,integer_mu,vector_float_remove,vector_float_fir,exec_do*vector_float,float_p,float_r,vector_float_stackdep,vector_float_dup,vector_float_subvec,float_i,exec_do*range,integer_yankd,float_m,integer_rot,float_a,float_c,float_d,integer_stackdep,float_s,vector_float_occurrences,exec_stackdepth,vector_float_swap,vector_float_reverse,float_stackdepth,float_max,exec_do*vector_flo,float_min,vector_float_rot,float_rot,exec_shove,vector_float_pushall,float_stackdep,float_sub,vector_float_sho,integer_div,integer_mult,integer_min,float_shove,integer_flush,float_inc,in1,integer_yank,integer_fromflo,vector_float_yankdup,float_ya,vector_float_butla,integer_sw,float_pop,exec_d,float_yankd,integer_max,exec_dup,exec_k,float_frominteger,float_mult,exec_noop,exec_p,exec_r,exec_s,vector_float_butlast,integer_flu,exec_y,float_mod,integer_ya,integer_yankdup,exec_stackdep,exec_do*ran,vector_float_index,vector_float_pop,exec_do*cou,vector_float_ta,vector_float_flu,float_add,exec_do*times,integer_shove,float_tan,vector_float_la,vector_float_indexof,float_sho,float_frominteg,integer_dup,vector_float_stackdepth,exec_sho,vector_float_replace,exec_swap,vector_float_rever,autoconstructive_integer_ra,exec_sw,integer_add,exec_flush,float_flu,float_cos,exec_flu,integer_mod,float_div,vector_float_leng,integer_inc,vector_float_yank,exec_rot,vector_float_flush,float_dec,vector_float_set,integer_pop,vector_float_shove,exec_pop,vector_float_take,vector_float_concat,vector_float_pusha,vector_float_ya,vector_float_remo,float_sin,autoconstructive_integer_rand,vector_float_length,exec_do*count,integer_sub,float_mu,exec_no,vector_float_re,float_dup,integer_r,integer_sho,vector_float_yankd,integer_stackdepth,integer_dec,exec,vector_float_replacefir,vector_float_nth,float_swap,vector_float_co,exec_ya,float_yank,float_flush,float_t,integer_d,integer_a,integer_m,integer_i,vector_float_subv,integer_s,integer_p,vector_float_repla,vector_float_sw
0.000445374408618,0.000789909328493,9.24361980151e-05,8.40329072865e-06,0.000403357954975,0.000243695431131,4.20164536432e-05,0.0,0.0,3.36131629146e-05,0.000252098721859,0.000260502012588,0.000193275686759,5.88230351005e-05,0.0,2.52098721859e-05,0.0,8.40329072865e-06,0.00103360475962,0.000100839488744,2.52098721859e-05,0.000218485558945,0.0,0.000243695431131,8.40329072865e-06,0.0,0.0,0.000672263258292,0.000134452651658,8.40329072865e-06,0.000344534919875,0.0,3.36131629146e-05,5.88230351005e-05,0.0,0.0,5.04197443719e-05,0.0,8.40329072865e-06,1.68065814573e-05,0.000630246804649,0.00093276527088,0.000159662523844,0.000386551373518,0.000134452651658,3.36131629146e-05,0.000462180990076,0.00056302047882,0.000453777699347,0.00018487239603,0.000983185015252,5.04197443719e-05,0.000226888849674,0.000151259233116,0.000445374408618,0.000336131629146,0.000504197443719,0.000327728338417,1.68065814573e-05,0.000462180990076,0.00164704498282,0.000336131629146,3.36131629146e-05,0.000378148082789,0.0,2.52098721859e-05,8.40329072865e-06,5.04197443719e-05,1.68065814573e-05,8.40329072865e-06,0.000344534919875,0.000697473130478,0.000285711884774,0.00087394223578,0.00062184351392,0.000235292140402,0.0,0.000134452651658,4.20164536432e-05,0.000596633641734,0.0,0.000218485558945,0.000361341501332,4.20164536432e-05,0.000117646070201,6.72263258292e-05,0.0,8.40329072865e-06,0.000109242779472,2.52098721859e-05,0.0,2.52098721859e-05,7.56296165578e-05,8.40329072865e-05,0.000176469105302,0.000243695431131,0.0,5.88230351005e-05,1.68065814573e-05,1.68065814573e-05,0.000117646070201,0.000201678977488,0.0,1.68065814573e-05,0.00012604936093,8.40329072865e-06,0.0,8.40329072865e-06,0.000193275686759,8.40329072865e-06,0.0,3.36131629146e-05,0.0,0.000453777699347,0.000193275686759,5.04197443719e-05,0.000319325047689,3.36131629146e-05,0.000478987571533,0.000605036932463,0.000689069839749,0.000361341501332,9.24361980151e-05,0.000504197443719,0.000336131629146,0.000100839488744,0.000302518466231,5.04197443719e-05,0.0,0.000100839488744,6.72263258292e-05,0.000445374408618,0.000327728338417,0.00043697111789,0.000268905303317,8.40329072865e-06,3.36131629146e-05,8.40329072865e-06,0.000386551373518,8.40329072865e-06,0.0,8.40329072865e-06,0.000100839488744,0.000117646070201,0.000100839488744,5.04197443719e-05,0.000218485558945,0.00012604936093,0.0,8.40329072865e-06,0.00031092175696,3.36131629146e-05,8.40329072865e-06,6.72263258292e-05,5.04197443719e-05,0.000176469105302,8.40329072865e-06,8.40329072865e-06,1.68065814573e-05,8.40329072865e-06,0.0,5.04197443719e-05
Gen 119
float_yankdup,integer_swap,vector_float_conj,vector_float_conc,vector_float_occurrencesof,vector_float_replacefirst,vector_float_rest,vector_float_p,vector_float_s,vector_float_r,vector_float_first,integer_fromfloat,vector_float_last,vector_float_d,float_sw,exec_yankd,vector_float_n,exec_do*tim,exec_yankdup,exec_yank,integer_mu,vector_float_remove,vector_float_fir,exec_do*vector_float,float_p,float_r,vector_float_stackdep,vector_float_dup,vector_float_subvec,float_i,exec_do*range,integer_yankd,float_m,integer_rot,float_a,float_c,float_d,integer_stackdep,float_s,vector_float_occurrences,exec_stackdepth,vector_float_swap,vector_float_reverse,float_stackdepth,float_max,exec_do*vector_flo,float_min,vector_float_rot,float_rot,exec_shove,vector_float_pushall,float_stackdep,float_sub,vector_float_sho,integer_div,integer_mult,integer_min,float_shove,integer_flush,float_inc,in1,integer_yank,integer_fromflo,vector_float_yankdup,float_ya,vector_float_butla,integer_sw,float_pop,exec_d,float_yankd,integer_max,exec_dup,exec_k,float_frominteger,float_mult,exec_noop,exec_p,exec_r,exec_s,vector_float_butlast,integer_flu,exec_y,float_mod,integer_ya,integer_yankdup,exec_stackdep,exec_do*ran,vector_float_index,vector_float_pop,exec_do*cou,vector_float_ta,vector_float_flu,float_add,exec_do*times,integer_shove,float_tan,vector_float_la,vector_float_indexof,float_sho,float_frominteg,integer_dup,vector_float_stackdepth,exec_sho,vector_float_replace,exec_swap,vector_float_rever,autoconstructive_integer_ra,exec_sw,integer_add,exec_flush,float_flu,float_cos,exec_flu,integer_mod,float_div,vector_float_leng,integer_inc,vector_float_yank,exec_rot,vector_float_flush,float_dec,vector_float_set,integer_pop,vector_float_shove,exec_pop,vector_float_take,vector_float_concat,vector_float_pusha,vector_float_ya,vector_float_remo,float_sin,autoconstructive_integer_rand,vector_float_length,exec_do*count,integer_sub,float_mu,exec_no,vector_float_re,float_dup,integer_r,integer_sho,vector_float_yankd,integer_stackdepth,integer_dec,exec,vector_float_replacefir,vector_float_nth,float_swap,vector_float_co,exec_ya,float_yank,float_flush,float_t,integer_d,integer_a,integer_m,integer_i,vector_float_subv,integer_s,integer_p,vector_float_repla,vector_float_sw
0.000499995833368,0.00077499354172,9.99991666736e-05,8.33326388947e-06,0.000399996666694,0.000324997291689,4.16663194473e-05,0.0,8.33326388947e-06,2.49997916684e-05,0.00030833076391,0.00030833076391,0.000166665277789,3.33330555579e-05,8.33326388947e-06,2.49997916684e-05,1.66665277789e-05,0.0,0.00094165881951,7.49993750052e-05,1.66665277789e-05,0.000324997291689,3.33330555579e-05,0.000191665069458,0.0,2.49997916684e-05,0.0,0.000708327430605,0.000183331805568,8.33326388947e-06,0.000499995833368,0.0,0.0,4.16663194473e-05,8.33326388947e-06,0.0,8.33326388947e-05,8.33326388947e-06,8.33326388947e-06,4.99995833368e-05,0.000616661527821,0.0010249914584,0.000124998958342,0.000333330555579,2.49997916684e-05,8.33326388947e-06,0.000449996250031,0.000349997083358,0.000641661319489,0.000274997708352,0.00104165798618,0.000141665486121,0.000224998125016,9.16659027841e-05,0.000399996666694,0.000458329513921,0.000483329305589,0.000274997708352,5.83328472263e-05,0.000541662152815,0.00154998708344,0.000266664444463,4.16663194473e-05,0.000349997083358,8.33326388947e-06,2.49997916684e-05,0.0,1.66665277789e-05,8.33326388947e-06,1.66665277789e-05,0.000208331597237,0.000566661944484,0.000349997083358,0.000916659027841,0.000383330138916,0.0001583320139,8.33326388947e-06,4.99995833368e-05,3.33330555579e-05,0.000508329097258,8.33326388947e-06,0.000208331597237,0.000324997291689,3.33330555579e-05,5.83328472263e-05,3.33330555579e-05,0.0,8.33326388947e-06,9.99991666736e-05,0.0,8.33326388947e-06,3.33330555579e-05,6.66661111157e-05,3.33330555579e-05,0.000249997916684,0.000183331805568,0.0,6.66661111157e-05,0.0,4.16663194473e-05,9.99991666736e-05,0.0001583320139,0.0,4.16663194473e-05,0.0001583320139,0.0,1.66665277789e-05,2.49997916684e-05,0.000183331805568,0.0,0.0,2.49997916684e-05,0.0,0.000349997083358,0.0001583320139,6.66661111157e-05,0.000424996458363,2.49997916684e-05,0.000441662986142,0.0006333280556,0.000658327847268,0.000291664236131,5.83328472263e-05,0.0004749960417,0.000424996458363,9.16659027841e-05,0.000208331597237,8.33326388947e-05,0.0,8.33326388947e-05,9.16659027841e-05,0.000224998125016,0.000333330555579,0.000399996666694,0.000324997291689,2.49997916684e-05,7.49993750052e-05,0.0,0.000383330138916,0.0,0.0,0.0,0.000116665694453,0.00014999875001,9.99991666736e-05,4.99995833368e-05,0.000216664861126,0.000141665486121,0.0,0.0,0.00014999875001,3.33330555579e-05,8.33326388947e-06,5.83328472263e-05,4.99995833368e-05,9.16659027841e-05,8.33326388947e-06,8.33326388947e-06,0.0,8.33326388947e-06,0.0,5.83328472263e-05
Gen 120
float_yankdup,integer_swap,vector_float_conj,vector_float_conc,vector_float_occurrencesof,vector_float_replacefirst,vector_float_rest,vector_float_p,vector_float_s,vector_float_r,vector_float_first,integer_fromfloat,vector_float_last,vector_float_d,float_sw,exec_yankd,vector_float_n,exec_do*tim,exec_yankdup,exec_yank,integer_mu,vector_float_remove,vector_float_fir,exec_do*vector_float,float_p,float_r,vector_float_stackdep,vector_float_dup,vector_float_subvec,float_i,exec_do*range,integer_yankd,float_m,integer_rot,float_a,float_c,float_d,integer_stackdep,float_s,vector_float_occurrences,exec_stackdepth,vector_float_swap,vector_float_reverse,float_stackdepth,float_max,exec_do*vector_flo,float_min,vector_float_rot,float_rot,exec_shove,vector_float_pushall,float_stackdep,float_sub,vector_float_sho,integer_div,integer_mult,integer_min,float_shove,integer_flush,float_inc,in1,integer_yank,integer_fromflo,vector_float_yankdup,float_ya,vector_float_butla,integer_sw,float_pop,exec_d,float_yankd,integer_max,exec_dup,exec_k,float_frominteger,float_mult,exec_noop,exec_p,exec_r,exec_s,vector_float_butlast,integer_flu,exec_y,float_mod,integer_ya,integer_yankdup,exec_stackdep,exec_do*ran,vector_float_index,vector_float_pop,exec_do*cou,vector_float_ta,vector_float_flu,float_add,exec_do*times,integer_shove,float_tan,vector_float_la,vector_float_indexof,float_sho,float_frominteg,integer_dup,vector_float_stackdepth,exec_sho,vector_float_replace,exec_swap,vector_float_rever,autoconstructive_integer_ra,exec_sw,integer_add,exec_flush,float_flu,float_cos,exec_flu,integer_mod,float_div,vector_float_leng,integer_inc,vector_float_yank,exec_rot,vector_float_flush,float_dec,vector_float_set,integer_pop,vector_float_shove,exec_pop,vector_float_take,vector_float_concat,vector_float_pusha,vector_float_ya,vector_float_remo,float_sin,autoconstructive_integer_rand,vector_float_length,exec_do*count,integer_sub,float_mu,exec_no,vector_float_re,float_dup,integer_r,integer_sho,vector_float_yankd,integer_stackdepth,integer_dec,exec,vector_float_replacefir,vector_float_nth,float_swap,vector_float_co,exec_ya,float_yank,float_flush,float_t,integer_d,integer_a,integer_m,integer_i,vector_float_subv,integer_s,integer_p,vector_float_repla,vector_float_sw
0.000363633358402,0.000727266716804,9.09083396005e-05,1.65287890183e-05,0.000355368963893,0.000314046991347,3.30575780365e-05,8.26439450914e-06,0.0,6.61151560731e-05,0.000314046991347,0.000272725018801,0.000157023495674,3.30575780365e-05,8.26439450914e-06,8.26439450914e-06,1.65287890183e-05,0.0,0.000892554606987,9.91727341096e-05,1.65287890183e-05,0.000256196229783,8.26439450914e-06,0.000140494706655,8.26439450914e-06,1.65287890183e-05,0.0,0.000710737927786,0.000123965917637,0.0,0.00038016214742,0.0,0.0,4.13219725457e-05,0.0,0.0,8.26439450914e-06,8.26439450914e-06,8.26439450914e-06,8.26439450914e-06,0.000553714432112,0.000834703845423,0.000140494706655,0.000347104569384,4.13219725457e-05,8.26439450914e-06,0.000347104569384,0.000330575780365,0.000561978826621,0.000256196229783,0.000818175056404,0.000123965917637,0.000115701523128,9.09083396005e-05,0.000347104569384,0.000429748514475,0.000421484119966,0.000297518202329,0.000123965917637,0.000396690936439,0.00141321146106,0.000107437128619,3.30575780365e-05,0.000239667440765,8.26439450914e-06,0.0,0.0,0.0,1.65287890183e-05,8.26439450914e-06,0.000264460624292,0.000561978826621,0.000322311385856,0.000719002322295,0.000487599276039,0.00019008107371,8.26439450914e-06,9.09083396005e-05,1.65287890183e-05,0.000446277303493,0.0,0.000173552284692,0.000338840174875,5.7850761564e-05,6.61151560731e-05,4.95863670548e-05,1.65287890183e-05,0.0,0.000107437128619,0.0,8.26439450914e-06,1.65287890183e-05,4.13219725457e-05,4.95863670548e-05,0.000223138651747,9.09083396005e-05,8.26439450914e-06,9.09083396005e-05,0.0,2.47931835274e-05,0.000115701523128,0.000206609862728,8.26439450914e-06,3.30575780365e-05,0.000123965917637,8.26439450914e-06,0.0,8.26439450914e-06,7.43795505822e-05,1.65287890183e-05,0.0,4.95863670548e-05,0.0,0.000371897752911,7.43795505822e-05,5.7850761564e-05,0.000396690936439,3.30575780365e-05,0.000347104569384,0.000512392459566,0.000636358377203,0.000247931835274,2.47931835274e-05,0.00038016214742,0.000338840174875,5.7850761564e-05,0.000239667440765,7.43795505822e-05,0.0,7.43795505822e-05,5.7850761564e-05,0.000214874257238,0.000256196229783,0.000305782596838,0.000239667440765,1.65287890183e-05,4.95863670548e-05,0.0,0.000388426541929,0.0,0.0,8.26439450914e-06,0.000140494706655,8.26439450914e-05,6.61151560731e-05,9.09083396005e-05,0.000157023495674,4.13219725457e-05,0.0,0.0,0.000173552284692,4.13219725457e-05,1.65287890183e-05,1.65287890183e-05,9.91727341096e-05,0.000107437128619,1.65287890183e-05,0.0,1.65287890183e-05,0.0,0.0,4.95863670548e-05
Gen 121
float_yankdup,integer_swap,vector_float_conj,vector_float_conc,vector_float_occurrencesof,vector_float_replacefirst,vector_float_rest,vector_float_p,vector_float_s,vector_float_r,vector_float_first,integer_fromfloat,vector_float_last,vector_float_d,float_sw,exec_yankd,vector_float_n,exec_do*tim,exec_yankdup,exec_yank,integer_mu,vector_float_remove,vector_float_fir,exec_do*vector_float,float_p,float_r,vector_float_stackdep,vector_float_dup,vector_float_subvec,float_i,exec_do*range,integer_yankd,float_m,integer_rot,float_a,float_c,float_d,integer_stackdep,float_s,vector_float_occurrences,exec_stackdepth,vector_float_swap,vector_float_reverse,float_stackdepth,float_max,exec_do*vector_flo,float_min,vector_float_rot,float_rot,exec_shove,vector_float_pushall,float_stackdep,float_sub,vector_float_sho,integer_div,integer_mult,integer_min,float_shove,integer_flush,float_inc,in1,integer_yank,integer_fromflo,vector_float_yankdup,float_ya,vector_float_butla,integer_sw,float_pop,exec_d,float_yankd,integer_max,exec_dup,exec_k,float_frominteger,float_mult,exec_noop,exec_p,exec_r,exec_s,vector_float_butlast,integer_flu,exec_y,float_mod,integer_ya,integer_yankdup,exec_stackdep,exec_do*ran,vector_float_index,vector_float_pop,exec_do*cou,vector_float_ta,vector_float_flu,float_add,exec_do*times,integer_shove,float_tan,vector_float_la,vector_float_indexof,float_sho,float_frominteg,integer_dup,vector_float_stackdepth,exec_sho,vector_float_replace,exec_swap,vector_float_rever,autoconstructive_integer_ra,exec_sw,integer_add,exec_flush,float_flu,float_cos,exec_flu,integer_mod,float_div,vector_float_leng,integer_inc,vector_float_yank,exec_rot,vector_float_flush,float_dec,vector_float_set,integer_pop,vector_float_shove,exec_pop,vector_float_take,vector_float_concat,vector_float_pusha,vector_float_ya,vector_float_remo,float_sin,autoconstructive_integer_rand,vector_float_length,exec_do*count,integer_sub,float_mu,exec_no,vector_float_re,float_dup,integer_r,integer_sho,vector_float_yankd,integer_stackdepth,integer_dec,exec,vector_float_replacefir,vector_float_nth,float_swap,vector_float_co,exec_ya,float_yank,float_flush,float_t,integer_d,integer_a,integer_m,integer_i,vector_float_subv,integer_s,integer_p,vector_float_repla,vector_float_sw
0.000270489586151,0.000696715600692,0.000180326390767,8.19665412579e-06,0.000303276202654,0.000295079548528,4.09832706289e-05,0.0,1.63933082516e-05,6.55732330063e-05,0.000122949811887,0.000377046089786,7.37698871321e-05,2.45899623774e-05,0.0,2.45899623774e-05,0.0,1.63933082516e-05,0.00083605872083,0.000131146466013,0.0,0.000106556503635,0.0,0.000147539774264,0.0,8.19665412579e-06,8.19665412579e-06,0.000672125638314,9.01631953836e-05,8.19665412579e-06,0.000319669510906,0.0,2.45899623774e-05,5.73765788805e-05,0.0,0.0,1.63933082516e-05,0.0,8.19665412579e-06,8.19665412579e-06,0.000532782518176,0.000713108908943,0.000139343120138,0.000295079548528,3.27866165031e-05,2.45899623774e-05,0.000229506315522,0.000385242743912,0.000516389209925,0.000122949811887,0.000942615224465,0.000139343120138,9.01631953836e-05,6.55732330063e-05,0.00021311300727,0.000426226014541,0.000434422668667,0.000172129736642,4.09832706289e-05,0.00036884943566,0.00144261112614,0.000221309661396,2.45899623774e-05,0.000204916353145,0.0,0.0,1.63933082516e-05,1.63933082516e-05,8.19665412579e-06,8.19665412579e-06,0.000221309661396,0.000614749059434,7.37698871321e-05,0.000795075450201,0.000532782518176,0.000114753157761,8.19665412579e-06,9.01631953836e-05,2.45899623774e-05,0.000450815976918,1.63933082516e-05,0.000139343120138,0.000295079548528,4.91799247547e-05,0.000139343120138,0.000106556503635,0.0,0.0,0.000131146466013,8.19665412579e-06,0.0,2.45899623774e-05,2.45899623774e-05,1.63933082516e-05,7.37698871321e-05,0.000122949811887,0.0,0.000147539774264,0.0,3.27866165031e-05,6.55732330063e-05,0.000163933082516,0.0,4.91799247547e-05,0.000106556503635,8.19665412579e-06,2.45899623774e-05,0.0,7.37698871321e-05,8.19665412579e-06,0.0,2.45899623774e-05,0.0,0.000377046089786,9.83598495094e-05,8.19665412579e-05,0.000319669510906,1.63933082516e-05,0.00046720928517,0.000557372480553,0.000499995901673,0.000270489586151,8.19665412579e-06,0.000409832706289,0.000270489586151,7.37698871321e-05,0.000229506315522,9.01631953836e-05,1.63933082516e-05,8.19665412579e-05,6.55732330063e-05,0.000327866165031,0.000303276202654,0.000286882894403,0.000229506315522,2.45899623774e-05,2.45899623774e-05,8.19665412579e-06,0.000377046089786,0.0,0.0,1.63933082516e-05,0.000278686240277,6.55732330063e-05,8.19665412579e-05,7.37698871321e-05,0.000196719699019,4.91799247547e-05,0.0,0.0,0.000180326390767,3.27866165031e-05,8.19665412579e-06,0.000106556503635,8.19665412579e-06,0.000122949811887,3.27866165031e-05,8.19665412579e-06,8.19665412579e-06,0.0,0.0,4.91799247547e-05
Gen 122
float_yankdup,integer_swap,vector_float_conj,vector_float_conc,vector_float_occurrencesof,vector_float_replacefirst,vector_float_rest,vector_float_p,vector_float_s,vector_float_r,vector_float_first,integer_fromfloat,vector_float_last,vector_float_d,float_sw,exec_yankd,vector_float_n,exec_do*tim,exec_yankdup,exec_yank,integer_mu,vector_float_remove,vector_float_fir,exec_do*vector_float,float_p,float_r,vector_float_stackdep,vector_float_dup,vector_float_subvec,float_i,exec_do*range,integer_yankd,float_m,integer_rot,float_a,float_c,float_d,integer_stackdep,float_s,vector_float_occurrences,exec_stackdepth,vector_float_swap,vector_float_reverse,float_stackdepth,float_max,exec_do*vector_flo,float_min,vector_float_rot,float_rot,exec_shove,vector_float_pushall,float_stackdep,float_sub,vector_float_sho,integer_div,integer_mult,integer_min,float_shove,integer_flush,float_inc,in1,integer_yank,integer_fromflo,vector_float_yankdup,float_ya,vector_float_butla,integer_sw,float_pop,exec_d,float_yankd,integer_max,exec_dup,exec_k,float_frominteger,float_mult,exec_noop,exec_p,exec_r,exec_s,vector_float_butlast,integer_flu,exec_y,float_mod,integer_ya,integer_yankdup,exec_stackdep,exec_do*ran,vector_float_index,vector_float_pop,exec_do*cou,vector_float_ta,vector_float_flu,float_add,exec_do*times,integer_shove,float_tan,vector_float_la,vector_float_indexof,float_sho,float_frominteg,integer_dup,vector_float_stackdepth,exec_sho,vector_float_replace,exec_swap,vector_float_rever,autoconstructive_integer_ra,exec_sw,integer_add,exec_flush,float_flu,float_cos,exec_flu,integer_mod,float_div,vector_float_leng,integer_inc,vector_float_yank,exec_rot,vector_float_flush,float_dec,vector_float_set,integer_pop,vector_float_shove,exec_pop,vector_float_take,vector_float_concat,vector_float_pusha,vector_float_ya,vector_float_remo,float_sin,autoconstructive_integer_rand,vector_float_length,exec_do*count,integer_sub,float_mu,exec_no,vector_float_re,float_dup,integer_r,integer_sho,vector_float_yankd,integer_stackdepth,integer_dec,exec,vector_float_replacefir,vector_float_nth,float_swap,vector_float_co,exec_ya,float_yank,float_flush,float_t,integer_d,integer_a,integer_m,integer_i,vector_float_subv,integer_s,integer_p,vector_float_repla,vector_float_sw
0.000252030471297,0.000723571353078,0.000186990349672,1.62600304063e-05,0.000357720668938,0.000252030471297,6.5040121625e-05,0.0,8.13001520313e-06,1.62600304063e-05,0.000195120364875,0.000292680547313,7.31701368282e-05,6.5040121625e-05,0.0,4.87800912188e-05,8.13001520313e-06,8.13001520313e-06,0.000853651596328,0.000113820212844,1.62600304063e-05,0.000105690197641,0.0,0.000154470288859,0.0,8.13001520313e-06,0.0,0.000699181307469,0.000138210258453,8.13001520313e-06,0.000276420516906,8.13001520313e-06,1.62600304063e-05,7.31701368282e-05,8.13001520313e-06,0.0,2.43900456094e-05,8.13001520313e-06,8.13001520313e-06,4.87800912188e-05,0.000609751140235,0.0007804814595,0.000243900456094,0.000357720668938,4.87800912188e-05,8.13001520313e-06,0.000219510410484,0.000357720668938,0.000560971049016,0.000154470288859,0.000764221429094,8.13001520313e-05,0.000186990349672,8.13001520313e-05,0.000178860334469,0.000463410866578,0.000430890805766,0.000186990349672,4.06500760156e-05,0.00041463077536,0.00143901269095,0.000203250380078,3.25200608125e-05,0.000235770440891,0.0,2.43900456094e-05,1.62600304063e-05,2.43900456094e-05,0.0,8.13001520313e-06,0.000268290501703,0.000504060942594,0.000178860334469,0.000821131535516,0.000520320973,0.000154470288859,2.43900456094e-05,3.25200608125e-05,4.06500760156e-05,0.000512190957797,0.0,0.000276420516906,0.00041463077536,8.94301672344e-05,0.000121950228047,7.31701368282e-05,8.13001520313e-06,8.13001520313e-06,0.000121950228047,0.0,8.13001520313e-06,1.62600304063e-05,8.13001520313e-06,3.25200608125e-05,0.000146340273656,0.000138210258453,8.13001520313e-06,6.5040121625e-05,8.13001520313e-06,2.43900456094e-05,8.13001520313e-05,0.000211380395281,8.13001520313e-06,6.5040121625e-05,0.000154470288859,8.13001520313e-06,5.69101064219e-05,0.0,0.000105690197641,1.62600304063e-05,0.0,3.25200608125e-05,0.0,0.000479670896985,0.000146340273656,2.43900456094e-05,0.000406500760156,4.87800912188e-05,0.000463410866578,0.000512190957797,0.000520320973,0.000430890805766,2.43900456094e-05,0.000268290501703,0.000325200608125,7.31701368282e-05,0.0002601604865,0.000113820212844,8.13001520313e-06,5.69101064219e-05,4.06500760156e-05,0.000365850684141,0.000186990349672,0.000195120364875,0.000349590653735,4.06500760156e-05,6.5040121625e-05,0.0,0.000463410866578,0.0,0.0,2.43900456094e-05,0.000268290501703,0.000113820212844,7.31701368282e-05,7.31701368282e-05,0.000268290501703,4.87800912188e-05,0.0,0.0,8.94301672344e-05,4.06500760156e-05,0.0,3.25200608125e-05,8.13001520313e-06,3.25200608125e-05,0.0,8.13001520313e-06,0.0,8.13001520313e-06,8.13001520313e-06,3.25200608125e-05
Gen 123
float_yankdup,integer_swap,vector_float_conj,vector_float_conc,vector_float_occurrencesof,vector_float_replacefirst,vector_float_rest,vector_float_p,vector_float_s,vector_float_r,vector_float_first,integer_fromfloat,vector_float_last,vector_float_d,float_sw,exec_yankd,vector_float_n,exec_do*tim,exec_yankdup,exec_yank,integer_mu,vector_float_remove,vector_float_fir,exec_do*vector_float,float_p,float_r,vector_float_stackdep,vector_float_dup,vector_float_subvec,float_i,exec_do*range,integer_yankd,float_m,integer_rot,float_a,float_c,float_d,integer_stackdep,float_s,vector_float_occurrences,exec_stackdepth,vector_float_swap,vector_float_reverse,float_stackdepth,float_max,exec_do*vector_flo,float_min,vector_float_rot,float_rot,exec_shove,vector_float_pushall,float_stackdep,float_sub,vector_float_sho,integer_div,integer_mult,integer_min,float_shove,integer_flush,float_inc,in1,integer_yank,integer_fromflo,vector_float_yankdup,float_ya,vector_float_butla,integer_sw,float_pop,exec_d,float_yankd,integer_max,exec_dup,exec_k,float_frominteger,float_mult,exec_noop,exec_p,exec_r,exec_s,vector_float_butlast,integer_flu,exec_y,float_mod,integer_ya,integer_yankdup,exec_stackdep,exec_do*ran,vector_float_index,vector_float_pop,exec_do*cou,vector_float_ta,vector_float_flu,float_add,exec_do*times,integer_shove,float_tan,vector_float_la,vector_float_indexof,float_sho,float_frominteg,integer_dup,vector_float_stackdepth,exec_sho,vector_float_replace,exec_swap,vector_float_rever,autoconstructive_integer_ra,exec_sw,integer_add,exec_flush,float_flu,float_cos,exec_flu,integer_mod,float_div,vector_float_leng,integer_inc,vector_float_yank,exec_rot,vector_float_flush,float_dec,vector_float_set,integer_pop,vector_float_shove,exec_pop,vector_float_take,vector_float_concat,vector_float_pusha,vector_float_ya,vector_float_remo,float_sin,autoconstructive_integer_rand,vector_float_length,exec_do*count,integer_sub,float_mu,exec_no,vector_float_re,float_dup,integer_r,integer_sho,vector_float_yankd,integer_stackdepth,integer_dec,exec,vector_float_replacefir,vector_float_nth,float_swap,vector_float_co,exec_ya,float_yank,float_flush,float_t,integer_d,integer_a,integer_m,integer_i,vector_float_subv,integer_s,integer_p,vector_float_repla,vector_float_sw
0.000217740179515,0.000508060418868,9.67734131176e-05,0.0,0.000249997983887,0.000233869081701,6.45156087451e-05,0.0,1.61289021863e-05,6.45156087451e-05,0.000185482375142,0.000169353472956,0.000104837864211,3.22578043725e-05,0.0,4.83867065588e-05,0.0,0.0,0.00066934944073,8.06445109314e-05,4.03222554657e-05,0.000120966766397,1.61289021863e-05,0.00012903121749,0.0,1.61289021863e-05,0.0,0.000588704929799,0.00012903121749,1.61289021863e-05,0.000322578043725,1.61289021863e-05,0.0,5.6451157652e-05,0.0,0.0,2.41933532794e-05,0.0,0.0,8.06445109314e-06,0.000427415907936,0.00056451157652,0.00012903121749,0.000233869081701,8.87089620245e-05,1.61289021863e-05,0.000177417924049,0.000274191337167,0.000403222554657,0.000169353472956,0.000862896266966,6.45156087451e-05,0.000193546826235,6.45156087451e-05,0.000209675728422,0.000370964750284,0.000274191337167,0.00015322457077,1.61289021863e-05,0.000322578043725,0.00127418327272,0.000217740179515,2.41933532794e-05,0.000185482375142,0.0,1.61289021863e-05,8.06445109314e-06,2.41933532794e-05,8.06445109314e-06,0.0,0.000193546826235,0.000443544810122,0.000145160119676,0.000677413891823,0.000516124869961,0.000145160119676,8.06445109314e-06,2.41933532794e-05,1.61289021863e-05,0.000298384690446,0.0,0.00015322457077,0.000225804630608,3.22578043725e-05,6.45156087451e-05,7.25800598382e-05,0.0,8.06445109314e-06,0.000120966766397,0.0,0.0,1.61289021863e-05,2.41933532794e-05,4.03222554657e-05,0.000145160119676,7.25800598382e-05,8.06445109314e-06,8.06445109314e-05,3.22578043725e-05,4.03222554657e-05,8.06445109314e-05,0.000145160119676,8.06445109314e-06,4.83867065588e-05,0.000120966766397,0.0,0.000104837864211,8.06445109314e-06,0.000112902315304,8.06445109314e-06,0.0,4.03222554657e-05,8.06445109314e-06,0.000306449141539,0.000161289021863,2.41933532794e-05,0.000266126886073,3.22578043725e-05,0.000266126886073,0.000508060418868,0.000524189321054,0.000217740179515,1.61289021863e-05,0.000266126886073,0.000241933532794,6.45156087451e-05,0.000233869081701,0.000120966766397,0.0,6.45156087451e-05,8.06445109314e-06,0.000249997983887,0.000306449141539,0.000161289021863,0.000201611277328,8.06445109314e-06,6.45156087451e-05,0.0,0.000322578043725,0.0,0.0,0.0,0.000185482375142,0.000120966766397,6.45156087451e-05,3.22578043725e-05,0.00015322457077,5.6451157652e-05,8.06445109314e-06,8.06445109314e-06,8.87089620245e-05,2.41933532794e-05,0.0,0.000104837864211,8.06445109314e-06,7.25800598382e-05,1.61289021863e-05,0.0,0.0,0.0,0.0,1.61289021863e-05
Gen 124
float_yankdup,integer_swap,vector_float_conj,vector_float_conc,vector_float_occurrencesof,vector_float_replacefirst,vector_float_rest,vector_float_p,vector_float_s,vector_float_r,vector_float_first,integer_fromfloat,vector_float_last,vector_float_d,float_sw,exec_yankd,vector_float_n,exec_do*tim,exec_yankdup,exec_yank,integer_mu,vector_float_remove,vector_float_fir,exec_do*vector_float,float_p,float_r,vector_float_stackdep,vector_float_dup,vector_float_subvec,float_i,exec_do*range,integer_yankd,float_m,integer_rot,float_a,float_c,float_d,integer_stackdep,float_s,vector_float_occurrences,exec_stackdepth,vector_float_swap,vector_float_reverse,float_stackdepth,float_max,exec_do*vector_flo,float_min,vector_float_rot,float_rot,exec_shove,vector_float_pushall,float_stackdep,float_sub,vector_float_sho,integer_div,integer_mult,integer_min,float_shove,integer_flush,float_inc,in1,integer_yank,integer_fromflo,vector_float_yankdup,float_ya,vector_float_butla,integer_sw,float_pop,exec_d,float_yankd,integer_max,exec_dup,exec_k,float_frominteger,float_mult,exec_noop,exec_p,exec_r,exec_s,vector_float_butlast,integer_flu,exec_y,float_mod,integer_ya,integer_yankdup,exec_stackdep,exec_do*ran,vector_float_index,vector_float_pop,exec_do*cou,vector_float_ta,vector_float_flu,float_add,exec_do*times,integer_shove,float_tan,vector_float_la,vector_float_indexof,float_sho,float_frominteg,integer_dup,vector_float_stackdepth,exec_sho,vector_float_replace,exec_swap,vector_float_rever,autoconstructive_integer_ra,exec_sw,integer_add,exec_flush,float_flu,float_cos,exec_flu,integer_mod,float_div,vector_float_leng,integer_inc,vector_float_yank,exec_rot,vector_float_flush,float_dec,vector_float_set,integer_pop,vector_float_shove,exec_pop,vector_float_take,vector_float_concat,vector_float_pusha,vector_float_ya,vector_float_remo,float_sin,autoconstructive_integer_rand,vector_float_length,exec_do*count,integer_sub,float_mu,exec_no,vector_float_re,float_dup,integer_r,integer_sho,vector_float_yankd,integer_stackdepth,integer_dec,exec,vector_float_replacefir,vector_float_nth,float_swap,vector_float_co,exec_ya,float_yank,float_flush,float_t,integer_d,integer_a,integer_m,integer_i,vector_float_subv,integer_s,integer_p,vector_float_repla,vector_float_sw
0.000207998336013,0.000431996544028,9.59992320061e-05,0.0,0.000263997888017,0.000207998336013,5.59995520036e-05,0.0,0.0,7.19994240046e-05,0.000167998656011,0.000239998080015,5.59995520036e-05,1.5999872001e-05,0.0,5.59995520036e-05,0.0,7.99993600051e-06,0.000671994624043,6.39994880041e-05,0.0,0.00015199878401,7.99993600051e-06,0.000199998400013,0.0,7.99993600051e-06,7.99993600051e-06,0.000591995264038,0.000103999168007,0.0,0.000239998080015,0.0,2.39998080015e-05,2.39998080015e-05,0.0,0.0,3.1999744002e-05,0.0,0.0,2.39998080015e-05,0.000423996608027,0.000607995136039,0.000143998848009,0.000287997696018,0.000127998976008,0.0,0.000183998528012,0.000207998336013,0.000495996032032,9.59992320061e-05,0.000903992768058,9.59992320061e-05,0.00015999872001,7.19994240046e-05,0.000215998272014,0.000423996608027,0.000263997888017,0.000191998464012,7.99993600051e-06,0.000447996416029,0.00136798905609,0.000167998656011,3.1999744002e-05,0.000119999040008,0.0,2.39998080015e-05,1.5999872001e-05,7.99993600051e-06,4.79996160031e-05,0.0,0.000263997888017,0.000495996032032,0.00015999872001,0.000639994880041,0.000439996480028,0.00015999872001,0.0,3.99996800026e-05,2.39998080015e-05,0.000351997184023,0.0,0.000143998848009,0.000247998016016,3.99996800026e-05,3.1999744002e-05,3.99996800026e-05,7.99993600051e-06,0.0,8.79992960056e-05,1.5999872001e-05,0.0,0.0,1.5999872001e-05,3.99996800026e-05,0.000127998976008,0.000143998848009,7.99993600051e-06,7.19994240046e-05,3.1999744002e-05,4.79996160031e-05,8.79992960056e-05,8.79992960056e-05,0.0,1.5999872001e-05,8.79992960056e-05,0.0,5.59995520036e-05,7.99993600051e-06,3.99996800026e-05,7.99993600051e-06,0.0,7.19994240046e-05,0.0,0.00031999744002,0.00015199878401,7.19994240046e-05,0.000351997184023,3.99996800026e-05,0.000327997376021,0.000495996032032,0.000527995776034,0.000223998208014,1.5999872001e-05,0.000303997568019,0.00015199878401,0.000143998848009,0.000255997952016,0.000111999104007,0.0,3.1999744002e-05,2.39998080015e-05,0.000231998144015,0.000271997824017,0.000175998592011,0.000167998656011,0.0,6.39994880041e-05,1.5999872001e-05,0.000359997120023,7.99993600051e-06,1.5999872001e-05,2.39998080015e-05,0.000207998336013,6.39994880041e-05,7.19994240046e-05,5.59995520036e-05,0.000167998656011,7.99993600051e-05,0.0,0.0,7.19994240046e-05,8.79992960056e-05,0.0,5.59995520036e-05,0.0,4.79996160031e-05,3.1999744002e-05,7.99993600051e-06,0.0,0.0,0.0,7.99993600051e-06
Gen 125
float_yankdup,integer_swap,vector_float_conj,vector_float_conc,vector_float_occurrencesof,vector_float_replacefirst,vector_float_rest,vector_float_p,vector_float_s,vector_float_r,vector_float_first,integer_fromfloat,vector_float_last,vector_float_d,float_sw,exec_yankd,vector_float_n,exec_do*tim,exec_yankdup,exec_yank,integer_mu,vector_float_remove,vector_float_fir,exec_do*vector_float,float_p,float_r,vector_float_stackdep,vector_float_dup,vector_float_subvec,float_i,exec_do*range,integer_yankd,float_m,integer_rot,float_a,float_c,float_d,integer_stackdep,float_s,vector_float_occurrences,exec_stackdepth,vector_float_swap,vector_float_reverse,float_stackdepth,float_max,exec_do*vector_flo,float_min,vector_float_rot,float_rot,exec_shove,vector_float_pushall,float_stackdep,float_sub,vector_float_sho,integer_div,integer_mult,integer_min,float_shove,integer_flush,float_inc,in1,integer_yank,integer_fromflo,vector_float_yankdup,float_ya,vector_float_butla,integer_sw,float_pop,exec_d,float_yankd,integer_max,exec_dup,exec_k,float_frominteger,float_mult,exec_noop,exec_p,exec_r,exec_s,vector_float_butlast,integer_flu,exec_y,float_mod,integer_ya,integer_yankdup,exec_stackdep,exec_do*ran,vector_float_index,vector_float_pop,exec_do*cou,vector_float_ta,vector_float_flu,float_add,exec_do*times,integer_shove,float_tan,vector_float_la,vector_float_indexof,float_sho,float_frominteg,integer_dup,vector_float_stackdepth,exec_sho,vector_float_replace,exec_swap,vector_float_rever,autoconstructive_integer_ra,exec_sw,integer_add,exec_flush,float_flu,float_cos,exec_flu,integer_mod,float_div,vector_float_leng,integer_inc,vector_float_yank,exec_rot,vector_float_flush,float_dec,vector_float_set,integer_pop,vector_float_shove,exec_pop,vector_float_take,vector_float_concat,vector_float_pusha,vector_float_ya,vector_float_remo,float_sin,autoconstructive_integer_rand,vector_float_length,exec_do*count,integer_sub,float_mu,exec_no,vector_float_re,float_dup,integer_r,integer_sho,vector_float_yankd,integer_stackdepth,integer_dec,exec,vector_float_replacefir,vector_float_nth,float_swap,vector_float_co,exec_ya,float_yank,float_flush,float_t,integer_d,integer_a,integer_m,integer_i,vector_float_subv,integer_s,integer_p,vector_float_repla,vector_float_sw
0.000198411123721,0.00061904270601,8.73008944373e-05,1.58728898977e-05,0.000230156903517,0.000253966238363,7.14280045396e-05,7.93644494885e-06,0.0,4.76186696931e-05,0.000190474678772,0.000309521353005,7.93644494885e-05,7.93644494885e-06,7.93644494885e-06,4.76186696931e-05,0.0,0.0,0.000817453829732,7.93644494885e-05,7.93644494885e-06,0.000166665343926,0.0,0.000214284013619,0.0,1.58728898977e-05,0.0,0.000682534265601,0.000142856009079,7.93644494885e-06,0.000253966238363,0.0,3.96822247442e-05,0.000111110229284,0.0,0.0,6.34915595908e-05,7.93644494885e-06,7.93644494885e-06,7.93644494885e-06,0.000468250251982,0.000722216490345,0.000166665343926,0.000285712018159,0.000119046674233,0.0,0.000269839128261,0.000142856009079,0.000515868921675,0.00020634756867,0.000960309838811,0.000158728898977,0.000238093348465,9.52373393862e-05,0.00020634756867,0.000523805366624,0.000325394242903,0.000190474678772,2.38093348465e-05,0.000444440917136,0.00154760676503,0.000111110229284,5.55551146419e-05,0.00020634756867,1.58728898977e-05,0.0,2.38093348465e-05,7.93644494885e-06,2.38093348465e-05,2.38093348465e-05,0.000238093348465,0.000626979150959,0.000174601788875,0.000714280045396,0.00048412314188,0.000174601788875,0.0,1.58728898977e-05,3.96822247442e-05,0.000404758692391,0.0,0.000142856009079,0.000285712018159,6.34915595908e-05,9.52373393862e-05,8.73008944373e-05,7.93644494885e-06,7.93644494885e-06,0.000198411123721,0.0,0.0,0.0,7.93644494885e-06,3.17457797954e-05,0.000126983119182,0.000190474678772,0.0,0.00013491956413,1.58728898977e-05,2.38093348465e-05,8.73008944373e-05,8.73008944373e-05,0.0,8.73008944373e-05,0.000190474678772,7.93644494885e-06,5.55551146419e-05,0.0,9.52373393862e-05,1.58728898977e-05,0.0,8.73008944373e-05,0.0,0.000246029793414,0.000158728898977,9.52373393862e-05,0.000301584908056,3.17457797954e-05,0.000317457797954,0.000468250251982,0.000555551146419,0.000293648463107,1.58728898977e-05,0.000380949357545,0.000126983119182,9.52373393862e-05,0.000238093348465,0.000142856009079,0.0,3.96822247442e-05,7.14280045396e-05,0.000333330687852,0.000230156903517,0.000238093348465,0.000222220458568,7.93644494885e-06,7.14280045396e-05,0.0,0.000349203577749,0.0,3.17457797954e-05,7.93644494885e-06,0.00020634756867,0.000158728898977,0.000126983119182,3.96822247442e-05,0.000190474678772,5.55551146419e-05,0.0,0.0,2.38093348465e-05,6.34915595908e-05,0.0,3.17457797954e-05,1.58728898977e-05,6.34915595908e-05,3.17457797954e-05,0.0,0.0,0.0,0.0,1.58728898977e-05
Gen 126
float_yankdup,integer_swap,vector_float_conj,vector_float_conc,vector_float_occurrencesof,vector_float_replacefirst,vector_float_rest,vector_float_p,vector_float_s,vector_float_r,vector_float_first,integer_fromfloat,vector_float_last,vector_float_d,float_sw,exec_yankd,vector_float_n,exec_do*tim,exec_yankdup,exec_yank,integer_mu,vector_float_remove,vector_float_fir,exec_do*vector_float,float_p,float_r,vector_float_stackdep,vector_float_dup,vector_float_subvec,float_i,exec_do*range,integer_yankd,float_m,integer_rot,float_a,float_c,float_d,integer_stackdep,float_s,vector_float_occurrences,exec_stackdepth,vector_float_swap,vector_float_reverse,float_stackdepth,float_max,exec_do*vector_flo,float_min,vector_float_rot,float_rot,exec_shove,vector_float_pushall,float_stackdep,float_sub,vector_float_sho,integer_div,integer_mult,integer_min,float_shove,integer_flush,float_inc,in1,integer_yank,integer_fromflo,vector_float_yankdup,float_ya,vector_float_butla,integer_sw,float_pop,exec_d,float_yankd,integer_max,exec_dup,exec_k,float_frominteger,float_mult,exec_noop,exec_p,exec_r,exec_s,vector_float_butlast,integer_flu,exec_y,float_mod,integer_ya,integer_yankdup,exec_stackdep,exec_do*ran,vector_float_index,vector_float_pop,exec_do*cou,vector_float_ta,vector_float_flu,float_add,exec_do*times,integer_shove,float_tan,vector_float_la,vector_float_indexof,float_sho,float_frominteg,integer_dup,vector_float_stackdepth,exec_sho,vector_float_replace,exec_swap,vector_float_rever,autoconstructive_integer_ra,exec_sw,integer_add,exec_flush,float_flu,float_cos,exec_flu,integer_mod,float_div,vector_float_leng,integer_inc,vector_float_yank,exec_rot,vector_float_flush,float_dec,vector_float_set,integer_pop,vector_float_shove,exec_pop,vector_float_take,vector_float_concat,vector_float_pusha,vector_float_ya,vector_float_remo,float_sin,autoconstructive_integer_rand,vector_float_length,exec_do*count,integer_sub,float_mu,exec_no,vector_float_re,float_dup,integer_r,integer_sho,vector_float_yankd,integer_stackdepth,integer_dec,exec,vector_float_replacefir,vector_float_nth,float_swap,vector_float_co,exec_ya,float_yank,float_flush,float_t,integer_d,integer_a,integer_m,integer_i,vector_float_subv,integer_s,integer_p,vector_float_repla,vector_float_sw
0.0002440925662,0.000653538161117,8.66134912324e-05,1.57479074968e-05,0.000370075826175,0.000204722797458,4.72437224904e-05,7.8739537484e-06,0.0,5.51176762388e-05,0.000228344658703,0.000377949779923,4.72437224904e-05,7.8739537484e-06,0.0,6.29916299872e-05,0.0,0.0,0.00083463909733,0.000118109306226,0.0,0.000181100936213,7.8739537484e-06,0.000212596751207,0.0,7.8739537484e-06,0.0,0.000732277698601,0.000133857213723,0.0,0.000370075826175,7.8739537484e-06,5.51176762388e-05,4.72437224904e-05,0.0,0.0,1.57479074968e-05,7.8739537484e-06,1.57479074968e-05,1.57479074968e-05,0.000543302808639,0.000771647467343,0.000220470704955,0.000346453964929,0.00014960512122,0.0,0.000291336288691,0.000267714427445,0.000503933039897,9.44874449807e-05,0.00083463909733,0.00014960512122,0.000165353028716,0.000110235352478,0.000267714427445,0.000543302808639,0.000370075826175,0.000251966519949,1.57479074968e-05,0.000519680947394,0.00155904284218,0.0002440925662,3.14958149936e-05,0.000251966519949,7.8739537484e-06,7.8739537484e-06,0.0,1.57479074968e-05,1.57479074968e-05,0.0,0.0002440925662,0.000503933039897,0.00014960512122,0.000818891189833,0.000425193502413,7.8739537484e-05,7.8739537484e-06,0.0,6.29916299872e-05,0.000488185132401,0.0,0.000212596751207,0.000354327918678,6.29916299872e-05,0.000102361398729,6.29916299872e-05,7.8739537484e-06,0.0,0.000157479074968,0.0,0.0,3.14958149936e-05,1.57479074968e-05,3.9369768742e-05,0.000141731167471,0.000181100936213,0.0,0.000141731167471,0.0,7.8739537484e-06,7.08655837356e-05,0.000125983259974,7.8739537484e-06,7.08655837356e-05,0.000125983259974,7.8739537484e-06,4.72437224904e-05,2.36218612452e-05,0.000118109306226,7.8739537484e-06,0.0,0.000110235352478,0.0,0.000330706057433,0.000181100936213,6.29916299872e-05,0.000346453964929,5.51176762388e-05,0.000362201872426,0.000496059086149,0.000614168392375,0.000322832103684,0.0,0.000338580011181,0.000259840473697,0.000157479074968,0.000181100936213,8.66134912324e-05,0.0,6.29916299872e-05,6.29916299872e-05,0.000291336288691,0.000267714427445,0.000220470704955,0.000330706057433,0.0,5.51176762388e-05,7.8739537484e-06,0.000480311178652,0.0,3.14958149936e-05,7.8739537484e-06,0.000188974889961,0.000157479074968,0.000102361398729,8.66134912324e-05,0.00019684884371,0.000125983259974,7.8739537484e-06,0.0,3.9369768742e-05,0.000102361398729,0.0,6.29916299872e-05,3.14958149936e-05,7.08655837356e-05,7.8739537484e-06,0.0,7.8739537484e-06,0.0,0.0,4.72437224904e-05
Gen 127
float_yankdup,integer_swap,vector_float_conj,vector_float_conc,vector_float_occurrencesof,vector_float_replacefirst,vector_float_rest,vector_float_p,vector_float_s,vector_float_r,vector_float_first,integer_fromfloat,vector_float_last,vector_float_d,float_sw,exec_yankd,vector_float_n,exec_do*tim,exec_yankdup,exec_yank,integer_mu,vector_float_remove,vector_float_fir,exec_do*vector_float,float_p,float_r,vector_float_stackdep,vector_float_dup,vector_float_subvec,float_i,exec_do*range,integer_yankd,float_m,integer_rot,float_a,float_c,float_d,integer_stackdep,float_s,vector_float_occurrences,exec_stackdepth,vector_float_swap,vector_float_reverse,float_stackdepth,float_max,exec_do*vector_flo,float_min,vector_float_rot,float_rot,exec_shove,vector_float_pushall,float_stackdep,float_sub,vector_float_sho,integer_div,integer_mult,integer_min,float_shove,integer_flush,float_inc,in1,integer_yank,integer_fromflo,vector_float_yankdup,float_ya,vector_float_butla,integer_sw,float_pop,exec_d,float_yankd,integer_max,exec_dup,exec_k,float_frominteger,float_mult,exec_noop,exec_p,exec_r,exec_s,vector_float_butlast,integer_flu,exec_y,float_mod,integer_ya,integer_yankdup,exec_stackdep,exec_do*ran,vector_float_index,vector_float_pop,exec_do*cou,vector_float_ta,vector_float_flu,float_add,exec_do*times,integer_shove,float_tan,vector_float_la,vector_float_indexof,float_sho,float_frominteg,integer_dup,vector_float_stackdepth,exec_sho,vector_float_replace,exec_swap,vector_float_rever,autoconstructive_integer_ra,exec_sw,integer_add,exec_flush,float_flu,float_cos,exec_flu,integer_mod,float_div,vector_float_leng,integer_inc,vector_float_yank,exec_rot,vector_float_flush,float_dec,vector_float_set,integer_pop,vector_float_shove,exec_pop,vector_float_take,vector_float_concat,vector_float_pusha,vector_float_ya,vector_float_remo,float_sin,autoconstructive_integer_rand,vector_float_length,exec_do*count,integer_sub,float_mu,exec_no,vector_float_re,float_dup,integer_r,integer_sho,vector_float_yankd,integer_stackdepth,integer_dec,exec,vector_float_replacefir,vector_float_nth,float_swap,vector_float_co,exec_ya,float_yank,float_flush,float_t,integer_d,integer_a,integer_m,integer_i,vector_float_subv,integer_s,integer_p,vector_float_repla,vector_float_sw
0.000359372192405,0.000492183654815,0.000124999023445,0.0,0.000226560729994,0.000242185607925,4.68746337919e-05,0.0,1.56248779306e-05,5.46870727572e-05,0.000257810485856,0.000374997070335,7.81243896532e-05,7.81243896532e-06,0.0,7.03119506879e-05,7.81243896532e-06,0.0,0.000656244873087,0.00011718658448,0.0,0.000257810485856,0.0,0.000164061218272,0.0,2.3437316896e-05,7.81243896532e-06,0.000695307067914,8.59368286185e-05,7.81243896532e-06,0.000429684143093,0.0,4.68746337919e-05,4.68746337919e-05,0.0,0.0,3.90621948266e-05,7.81243896532e-06,0.0,0.0,0.000585932922399,0.000679682189983,0.000148436340341,0.000242185607925,0.000109374145514,0.0,0.00024999804689,0.000156248779306,0.000562495605503,0.00011718658448,0.000890618042047,0.000109374145514,0.000148436340341,0.000101561706549,0.000390621948266,0.000531245849642,0.000257810485856,0.000203123413098,2.3437316896e-05,0.000515620971711,0.00139061413583,0.000156248779306,5.46870727572e-05,0.00011718658448,7.81243896532e-06,3.12497558613e-05,7.81243896532e-06,7.81243896532e-06,7.81243896532e-06,7.81243896532e-06,0.000281247802752,0.000539058288607,0.00013281146241,0.000749994140671,0.000476558776885,0.000164061218272,0.0,0.0,2.3437316896e-05,0.00036718463137,7.81243896532e-06,8.59368286185e-05,0.000257810485856,8.59368286185e-05,0.000164061218272,7.03119506879e-05,0.0,3.12497558613e-05,0.000187498535168,7.81243896532e-06,0.0,2.3437316896e-05,2.3437316896e-05,3.90621948266e-05,0.00011718658448,0.000156248779306,7.81243896532e-06,0.000140623901376,0.0,3.90621948266e-05,0.000101561706549,0.000148436340341,1.56248779306e-05,7.03119506879e-05,0.000124999023445,0.0,3.90621948266e-05,7.81243896532e-06,6.24995117226e-05,0.0,0.0,7.03119506879e-05,0.0,0.000226560729994,0.000156248779306,3.90621948266e-05,0.00036718463137,0.000109374145514,0.000289060241717,0.000468746337919,0.000460933898954,0.00023437316896,2.3437316896e-05,0.000289060241717,0.000124999023445,8.59368286185e-05,0.00023437316896,5.46870727572e-05,7.81243896532e-06,3.90621948266e-05,0.00013281146241,0.000304685119648,0.000273435363786,0.000226560729994,0.000148436340341,7.81243896532e-06,4.68746337919e-05,7.81243896532e-06,0.000460933898954,0.0,3.12497558613e-05,1.56248779306e-05,0.000242185607925,0.000164061218272,0.000156248779306,7.81243896532e-06,0.000140623901376,9.37492675838e-05,0.0,0.0,3.12497558613e-05,3.12497558613e-05,0.0,7.81243896532e-06,0.0,3.90621948266e-05,1.56248779306e-05,7.81243896532e-06,0.0,0.0,0.0,4.68746337919e-05
Gen 128
float_yankdup,integer_swap,vector_float_conj,vector_float_conc,vector_float_occurrencesof,vector_float_replacefirst,vector_float_rest,vector_float_p,vector_float_s,vector_float_r,vector_float_first,integer_fromfloat,vector_float_last,vector_float_d,float_sw,exec_yankd,vector_float_n,exec_do*tim,exec_yankdup,exec_yank,integer_mu,vector_float_remove,vector_float_fir,exec_do*vector_float,float_p,float_r,vector_float_stackdep,vector_float_dup,vector_float_subvec,float_i,exec_do*range,integer_yankd,float_m,integer_rot,float_a,float_c,float_d,integer_stackdep,float_s,vector_float_occurrences,exec_stackdepth,vector_float_swap,vector_float_reverse,float_stackdepth,float_max,exec_do*vector_flo,float_min,vector_float_rot,float_rot,exec_shove,vector_float_pushall,float_stackdep,float_sub,vector_float_sho,integer_div,integer_mult,integer_min,float_shove,integer_flush,float_inc,in1,integer_yank,integer_fromflo,vector_float_yankdup,float_ya,vector_float_butla,integer_sw,float_pop,exec_d,float_yankd,integer_max,exec_dup,exec_k,float_frominteger,float_mult,exec_noop,exec_p,exec_r,exec_s,vector_float_butlast,integer_flu,exec_y,float_mod,integer_ya,integer_yankdup,exec_stackdep,exec_do*ran,vector_float_index,vector_float_pop,exec_do*cou,vector_float_ta,vector_float_flu,float_add,exec_do*times,integer_shove,float_tan,vector_float_la,vector_float_indexof,float_sho,float_frominteg,integer_dup,vector_float_stackdepth,exec_sho,vector_float_replace,exec_swap,vector_float_rever,autoconstructive_integer_ra,exec_sw,integer_add,exec_flush,float_flu,float_cos,exec_flu,integer_mod,float_div,vector_float_leng,integer_inc,vector_float_yank,exec_rot,vector_float_flush,float_dec,vector_float_set,integer_pop,vector_float_shove,exec_pop,vector_float_take,vector_float_concat,vector_float_pusha,vector_float_ya,vector_float_remo,float_sin,autoconstructive_integer_rand,vector_float_length,exec_do*count,integer_sub,float_mu,exec_no,vector_float_re,float_dup,integer_r,integer_sho,vector_float_yankd,integer_stackdepth,integer_dec,exec,vector_float_replacefir,vector_float_nth,float_swap,vector_float_co,exec_ya,float_yank,float_flush,float_t,integer_d,integer_a,integer_m,integer_i,vector_float_subv,integer_s,integer_p,vector_float_repla,vector_float_sw
0.000410849528298,0.000558135208254,9.3022534709e-05,1.55037557848e-05,0.000341082627266,0.000217052580988,6.97669010318e-05,1.55037557848e-05,0.0,4.65112673545e-05,0.000248060092557,0.000348834505159,7.75187789242e-05,1.55037557848e-05,7.75187789242e-06,5.42631452469e-05,0.0,1.55037557848e-05,0.00067441337664,0.000147285679956,0.0,0.00025581197045,0.0,0.000186045069418,0.0,0.0,0.0,0.000651157742963,0.000100774412601,1.55037557848e-05,0.000503872063007,0.0,7.75187789242e-05,6.20150231394e-05,0.0,0.0,5.42631452469e-05,0.0,7.75187789242e-06,0.0,0.000658909620856,0.000751932155565,0.000147285679956,0.000232556336773,6.97669010318e-05,0.0,0.000279067604127,0.000271315726235,0.000550383330362,0.000116278168386,0.00093022534709,0.000178293191526,0.000232556336773,2.32556336773e-05,0.000364338260944,0.000542631452469,0.00028681948202,0.000217052580988,2.32556336773e-05,0.000627902109286,0.00155812745638,0.000178293191526,8.52706568166e-05,0.000271315726235,0.0,7.75187789242e-06,3.10075115697e-05,0.0,0.0,7.75187789242e-06,0.00025581197045,0.00048061642933,0.000209300703095,0.000891465957628,0.000434105161975,0.000147285679956,0.0,0.0,1.55037557848e-05,0.000403097650406,0.0,0.000155037557848,0.00025581197045,5.42631452469e-05,0.000116278168386,0.000100774412601,7.75187789242e-06,7.75187789242e-06,0.000155037557848,2.32556336773e-05,1.55037557848e-05,2.32556336773e-05,0.0,6.97669010318e-05,0.000147285679956,0.000116278168386,1.55037557848e-05,0.000100774412601,7.75187789242e-06,4.65112673545e-05,6.20150231394e-05,0.000186045069418,0.0,6.97669010318e-05,0.000155037557848,7.75187789242e-06,4.65112673545e-05,0.0,0.000131781924171,0.0,0.0,6.20150231394e-05,0.0,0.000263563848342,0.000217052580988,5.42631452469e-05,0.000372090138836,9.3022534709e-05,0.000302323237804,0.000565887086147,0.000627902109286,0.000302323237804,3.10075115697e-05,0.000310075115697,0.000178293191526,0.000155037557848,0.000139533802064,9.3022534709e-05,0.0,7.75187789242e-05,0.000108526290494,0.000201548825203,0.000348834505159,0.000217052580988,0.000217052580988,0.0,6.97669010318e-05,0.0,0.00048061642933,0.0,3.87593894621e-05,1.55037557848e-05,0.00025581197045,0.00019379694731,0.000100774412601,7.75187789242e-05,0.000209300703095,6.97669010318e-05,7.75187789242e-06,0.0,3.87593894621e-05,0.000100774412601,0.0,1.55037557848e-05,7.75187789242e-06,3.10075115697e-05,0.0,0.0,1.55037557848e-05,7.75187789242e-06,0.0,3.10075115697e-05
Gen 129
float_yankdup,integer_swap,vector_float_conj,vector_float_conc,vector_float_occurrencesof,vector_float_replacefirst,vector_float_rest,vector_float_p,vector_float_s,vector_float_r,vector_float_first,integer_fromfloat,vector_float_last,vector_float_d,float_sw,exec_yankd,vector_float_n,exec_do*tim,exec_yankdup,exec_yank,integer_mu,vector_float_remove,vector_float_fir,exec_do*vector_float,float_p,float_r,vector_float_stackdep,vector_float_dup,vector_float_subvec,float_i,exec_do*range,integer_yankd,float_m,integer_rot,float_a,float_c,float_d,integer_stackdep,float_s,vector_float_occurrences,exec_stackdepth,vector_float_swap,vector_float_reverse,float_stackdepth,float_max,exec_do*vector_flo,float_min,vector_float_rot,float_rot,exec_shove,vector_float_pushall,float_stackdep,float_sub,vector_float_sho,integer_div,integer_mult,integer_min,float_shove,integer_flush,float_inc,in1,integer_yank,integer_fromflo,vector_float_yankdup,float_ya,vector_float_butla,integer_sw,float_pop,exec_d,float_yankd,integer_max,exec_dup,exec_k,float_frominteger,float_mult,exec_noop,exec_p,exec_r,exec_s,vector_float_butlast,integer_flu,exec_y,float_mod,integer_ya,integer_yankdup,exec_stackdep,exec_do*ran,vector_float_index,vector_float_pop,exec_do*cou,vector_float_ta,vector_float_flu,float_add,exec_do*times,integer_shove,float_tan,vector_float_la,vector_float_indexof,float_sho,float_frominteg,integer_dup,vector_float_stackdepth,exec_sho,vector_float_replace,exec_swap,vector_float_rever,autoconstructive_integer_ra,exec_sw,integer_add,exec_flush,float_flu,float_cos,exec_flu,integer_mod,float_div,vector_float_leng,integer_inc,vector_float_yank,exec_rot,vector_float_flush,float_dec,vector_float_set,integer_pop,vector_float_shove,exec_pop,vector_float_take,vector_float_concat,vector_float_pusha,vector_float_ya,vector_float_remo,float_sin,autoconstructive_integer_rand,vector_float_length,exec_do*count,integer_sub,float_mu,exec_no,vector_float_re,float_dup,integer_r,integer_sho,vector_float_yankd,integer_stackdepth,integer_dec,exec,vector_float_replacefir,vector_float_nth,float_swap,vector_float_co,exec_ya,float_yank,float_flush,float_t,integer_d,integer_a,integer_m,integer_i,vector_float_subv,integer_s,integer_p,vector_float_repla,vector_float_sw
0.000284613195283,0.000407689171622,3.84612426058e-05,0.0,0.000192306213029,0.000246151952677,2.30767455635e-05,0.0,0.0,6.92302366905e-05,0.000169229467466,0.000415381420143,0.00013076822486,0.0,0.0,4.6153491127e-05,7.69224852117e-06,0.0,0.000476919408312,9.2306982254e-05,3.07689940847e-05,0.000223075207114,7.69224852117e-06,0.000146152721902,0.0,1.53844970423e-05,0.0,0.000446150414228,6.92302366905e-05,0.0,0.000246151952677,0.0,8.46147337328e-05,9.2306982254e-05,0.0,0.0,3.84612426058e-05,0.0,1.53844970423e-05,1.53844970423e-05,0.000569226390566,0.000653841124299,0.000138460473381,0.000215382958593,6.15379881693e-05,0.0,0.000276920946762,0.000238459704156,0.00053076514796,9.2306982254e-05,0.000953838816624,3.07689940847e-05,0.000184613964508,7.69224852117e-05,0.000299997692325,0.000369227929016,0.00013076822486,0.000161537218944,7.69224852117e-06,0.000446150414228,0.00132306674564,0.000153844970423,3.07689940847e-05,0.000184613964508,0.0,1.53844970423e-05,3.07689940847e-05,0.0,2.30767455635e-05,1.53844970423e-05,0.000215382958593,0.000469227159791,0.000215382958593,0.000799993846201,0.000392304674579,8.46147337328e-05,0.0,7.69224852117e-06,2.30767455635e-05,0.00026153644972,0.0,0.000123075976339,0.000299997692325,5.38457396482e-05,0.000115383727817,9.99992307751e-05,1.53844970423e-05,1.53844970423e-05,0.000176921715987,6.92302366905e-05,7.69224852117e-06,7.69224852117e-06,7.69224852117e-06,2.30767455635e-05,8.46147337328e-05,0.00019999846155,7.69224852117e-06,0.000123075976339,7.69224852117e-06,3.07689940847e-05,5.38457396482e-05,0.000146152721902,0.0,0.000138460473381,0.000184613964508,7.69224852117e-06,2.30767455635e-05,0.0,6.15379881693e-05,0.0,0.0,5.38457396482e-05,0.0,0.000215382958593,0.000161537218944,9.99992307751e-05,0.000246151952677,3.84612426058e-05,0.000115383727817,0.000469227159791,0.000561534142045,0.000299997692325,2.30767455635e-05,0.000176921715987,0.000161537218944,0.000115383727817,8.46147337328e-05,8.46147337328e-05,1.53844970423e-05,6.15379881693e-05,0.000161537218944,0.000107691479296,0.000346151183452,0.000146152721902,0.000223075207114,3.07689940847e-05,3.07689940847e-05,0.0,0.000507688402397,0.0,4.6153491127e-05,7.69224852117e-06,0.000138460473381,0.000184613964508,0.000107691479296,6.15379881693e-05,0.000176921715987,4.6153491127e-05,0.0,7.69224852117e-06,3.84612426058e-05,9.2306982254e-05,0.0,2.30767455635e-05,0.0,2.30767455635e-05,7.69224852117e-06,7.69224852117e-06,7.69224852117e-06,0.0,0.0,7.69224852117e-06
Gen 130
float_yankdup,integer_swap,vector_float_conj,vector_float_conc,vector_float_occurrencesof,vector_float_replacefirst,vector_float_rest,vector_float_p,vector_float_s,vector_float_r,vector_float_first,integer_fromfloat,vector_float_last,vector_float_d,float_sw,exec_yankd,vector_float_n,exec_do*tim,exec_yankdup,exec_yank,integer_mu,vector_float_remove,vector_float_fir,exec_do*vector_float,float_p,float_r,vector_float_stackdep,vector_float_dup,vector_float_subvec,float_i,exec_do*range,integer_yankd,float_m,integer_rot,float_a,float_c,float_d,integer_stackdep,float_s,vector_float_occurrences,exec_stackdepth,vector_float_swap,vector_float_reverse,float_stackdepth,float_max,exec_do*vector_flo,float_min,vector_float_rot,float_rot,exec_shove,vector_float_pushall,float_stackdep,float_sub,vector_float_sho,integer_div,integer_mult,integer_min,float_shove,integer_flush,float_inc,in1,integer_yank,integer_fromflo,vector_float_yankdup,float_ya,vector_float_butla,integer_sw,float_pop,exec_d,float_yankd,integer_max,exec_dup,exec_k,float_frominteger,float_mult,exec_noop,exec_p,exec_r,exec_s,vector_float_butlast,integer_flu,exec_y,float_mod,integer_ya,integer_yankdup,exec_stackdep,exec_do*ran,vector_float_index,vector_float_pop,exec_do*cou,vector_float_ta,vector_float_flu,float_add,exec_do*times,integer_shove,float_tan,vector_float_la,vector_float_indexof,float_sho,float_frominteg,integer_dup,vector_float_stackdepth,exec_sho,vector_float_replace,exec_swap,vector_float_rever,autoconstructive_integer_ra,exec_sw,integer_add,exec_flush,float_flu,float_cos,exec_flu,integer_mod,float_div,vector_float_leng,integer_inc,vector_float_yank,exec_rot,vector_float_flush,float_dec,vector_float_set,integer_pop,vector_float_shove,exec_pop,vector_float_take,vector_float_concat,vector_float_pusha,vector_float_ya,vector_float_remo,float_sin,autoconstructive_integer_rand,vector_float_length,exec_do*count,integer_sub,float_mu,exec_no,vector_float_re,float_dup,integer_r,integer_sho,vector_float_yankd,integer_stackdepth,integer_dec,exec,vector_float_replacefir,vector_float_nth,float_swap,vector_float_co,exec_ya,float_yank,float_flush,float_t,integer_d,integer_a,integer_m,integer_i,vector_float_subv,integer_s,integer_p,vector_float_repla,vector_float_sw
0.000366409416722,0.000503812947993,3.05341180602e-05,7.63352951504e-06,0.000267173533026,0.000335875298662,3.81676475752e-05,0.0,0.0,0.0,0.000198471767391,0.000458011770903,0.000106869413211,2.29005885451e-05,7.63352951504e-06,6.87017656354e-05,7.63352951504e-06,0.0,0.000740452362959,0.000106869413211,7.63352951504e-06,0.000221372355936,0.0,0.000167937649331,0.0,3.05341180602e-05,0.0,0.000488545888963,9.16023541805e-05,7.63352951504e-06,0.000335875298662,7.63352951504e-06,6.10682361203e-05,6.10682361203e-05,7.63352951504e-06,0.0,4.58011770903e-05,3.05341180602e-05,7.63352951504e-06,1.52670590301e-05,0.000648850008779,0.000732818833444,0.000183204708361,0.000274807062542,9.92358836955e-05,7.63352951504e-06,0.000282440592057,0.000267173533026,0.000503812947993,9.16023541805e-05,0.00087785589423,3.81676475752e-05,0.000198471767391,6.87017656354e-05,0.000366409416722,0.000328241769147,0.000206105296906,0.000267173533026,2.29005885451e-05,0.000587781772658,0.00135876825368,0.000175571178846,6.10682361203e-05,0.000244272944481,7.63352951504e-06,6.87017656354e-05,0.0,3.05341180602e-05,1.52670590301e-05,7.63352951504e-06,0.000267173533026,0.000419844123327,0.000175571178846,0.000778620010534,0.000374042946237,0.000145037060786,0.0,7.63352951504e-06,3.81676475752e-05,0.000290074121572,0.0,0.000175571178846,0.000320608239632,9.16023541805e-05,0.000137403531271,3.81676475752e-05,7.63352951504e-06,1.52670590301e-05,0.000114502942726,1.52670590301e-05,0.0,3.05341180602e-05,3.81676475752e-05,6.87017656354e-05,0.000114502942726,0.000152670590301,7.63352951504e-06,0.000114502942726,7.63352951504e-06,6.10682361203e-05,9.16023541805e-05,0.000114502942726,0.0,6.10682361203e-05,9.92358836955e-05,1.52670590301e-05,6.87017656354e-05,0.0,0.000152670590301,0.0,0.0,6.87017656354e-05,0.0,0.000290074121572,0.000198471767391,6.87017656354e-05,0.000259540003511,0.000152670590301,0.000137403531271,0.000419844123327,0.000519080007023,0.000396943534782,3.81676475752e-05,0.000229005885451,0.000190838237876,0.000190838237876,0.000160304119816,2.29005885451e-05,7.63352951504e-06,2.29005885451e-05,0.000106869413211,0.000213738826421,0.000335875298662,0.000175571178846,0.000213738826421,0.0,5.34347066053e-05,0.0,0.000564881184113,0.0,3.05341180602e-05,1.52670590301e-05,0.000206105296906,0.000160304119816,7.63352951504e-05,6.87017656354e-05,0.000198471767391,9.16023541805e-05,7.63352951504e-06,7.63352951504e-06,7.63352951504e-05,8.39688246655e-05,0.0,3.05341180602e-05,0.0,5.34347066053e-05,7.63352951504e-06,0.0,0.0,0.0,0.0,2.29005885451e-05
Gen 131
float_yankdup,integer_swap,vector_float_conj,vector_float_conc,vector_float_occurrencesof,vector_float_replacefirst,vector_float_rest,vector_float_p,vector_float_s,vector_float_r,vector_float_first,integer_fromfloat,vector_float_last,vector_float_d,float_sw,exec_yankd,vector_float_n,exec_do*tim,exec_yankdup,exec_yank,integer_mu,vector_float_remove,vector_float_fir,exec_do*vector_float,float_p,float_r,vector_float_stackdep,vector_float_dup,vector_float_subvec,float_i,exec_do*range,integer_yankd,float_m,integer_rot,float_a,float_c,float_d,integer_stackdep,float_s,vector_float_occurrences,exec_stackdepth,vector_float_swap,vector_float_reverse,float_stackdepth,float_max,exec_do*vector_flo,float_min,vector_float_rot,float_rot,exec_shove,vector_float_pushall,float_stackdep,float_sub,vector_float_sho,integer_div,integer_mult,integer_min,float_shove,integer_flush,float_inc,in1,integer_yank,integer_fromflo,vector_float_yankdup,float_ya,vector_float_butla,integer_sw,float_pop,exec_d,float_yankd,integer_max,exec_dup,exec_k,float_frominteger,float_mult,exec_noop,exec_p,exec_r,exec_s,vector_float_butlast,integer_flu,exec_y,float_mod,integer_ya,integer_yankdup,exec_stackdep,exec_do*ran,vector_float_index,vector_float_pop,exec_do*cou,vector_float_ta,vector_float_flu,float_add,exec_do*times,integer_shove,float_tan,vector_float_la,vector_float_indexof,float_sho,float_frominteg,integer_dup,vector_float_stackdepth,exec_sho,vector_float_replace,exec_swap,vector_float_rever,autoconstructive_integer_ra,exec_sw,integer_add,exec_flush,float_flu,float_cos,exec_flu,integer_mod,float_div,vector_float_leng,integer_inc,vector_float_yank,exec_rot,vector_float_flush,float_dec,vector_float_set,integer_pop,vector_float_shove,exec_pop,vector_float_take,vector_float_concat,vector_float_pusha,vector_float_ya,vector_float_remo,float_sin,autoconstructive_integer_rand,vector_float_length,exec_do*count,integer_sub,float_mu,exec_no,vector_float_re,float_dup,integer_r,integer_sho,vector_float_yankd,integer_stackdepth,integer_dec,exec,vector_float_replacefir,vector_float_nth,float_swap,vector_float_co,exec_ya,float_yank,float_flush,float_t,integer_d,integer_a,integer_m,integer_i,vector_float_subv,integer_s,integer_p,vector_float_repla,vector_float_sw
0.000280300906811,0.000454542011045,6.81813016568e-05,7.57570018409e-06,0.000189392504602,0.000287876606995,6.06056014727e-05,0.0,0.0,1.51514003682e-05,0.00016666540405,0.000416663510125,0.000121211202945,2.27271005523e-05,0.0,1.51514003682e-05,0.0,0.0,0.000696964416936,6.81813016568e-05,0.0,0.00016666540405,0.0,8.3332702025e-05,1.51514003682e-05,3.03028007364e-05,1.51514003682e-05,0.000492420511966,0.000121211202945,1.51514003682e-05,0.000363633608836,0.0,8.3332702025e-05,4.54542011045e-05,0.0,0.0,3.03028007364e-05,0.0,1.51514003682e-05,1.51514003682e-05,0.000484844811782,0.000590904614359,0.000196968204786,0.000249998106075,3.78785009204e-05,7.57570018409e-06,0.00020454390497,0.000181816804418,0.000439390610677,8.3332702025e-05,0.000772721418777,8.3332702025e-05,0.000159089703866,8.3332702025e-05,0.000325755107916,0.000272725206627,0.00020454390497,0.000174241104234,2.27271005523e-05,0.000363633608836,0.0011893849289,0.000159089703866,6.06056014727e-05,0.000159089703866,0.0,2.27271005523e-05,0.0,1.51514003682e-05,0.0,1.51514003682e-05,0.000189392504602,0.00037120930902,0.000143938303498,0.000727267217673,0.000363633608836,9.84841023932e-05,0.0,0.0,7.57570018409e-06,0.000227271005523,0.0,0.000121211202945,0.000249998106075,6.06056014727e-05,0.000151514003682,9.09084022091e-05,0.0,7.57570018409e-06,0.000143938303498,3.03028007364e-05,0.0,7.57570018409e-06,1.51514003682e-05,7.57570018409e-05,0.000106059802577,0.00012878690313,1.51514003682e-05,0.000136362603314,1.51514003682e-05,3.78785009204e-05,0.000151514003682,0.000106059802577,0.0,2.27271005523e-05,6.81813016568e-05,7.57570018409e-06,3.78785009204e-05,7.57570018409e-06,0.000113635502761,7.57570018409e-06,0.0,7.57570018409e-06,0.0,0.00012878690313,0.000151514003682,9.09084022091e-05,0.000242422405891,9.09084022091e-05,0.000174241104234,0.000462117711229,0.000507571912334,0.000227271005523,3.03028007364e-05,0.00020454390497,9.84841023932e-05,0.000113635502761,0.000189392504602,3.03028007364e-05,7.57570018409e-06,6.06056014727e-05,9.84841023932e-05,0.000234846705707,0.000295452307179,0.000265149506443,0.000106059802577,3.78785009204e-05,5.30299012886e-05,0.0,0.000356057908652,0.0,4.54542011045e-05,2.27271005523e-05,0.000159089703866,0.00012878690313,6.06056014727e-05,2.27271005523e-05,0.000113635502761,9.09084022091e-05,0.0,1.51514003682e-05,7.57570018409e-05,4.54542011045e-05,7.57570018409e-06,2.27271005523e-05,0.0,3.78785009204e-05,0.0,7.57570018409e-06,7.57570018409e-06,0.0,7.57570018409e-06,7.57570018409e-06
Gen 132
float_yankdup,integer_swap,vector_float_conj,vector_float_conc,vector_float_occurrencesof,vector_float_replacefirst,vector_float_rest,vector_float_p,vector_float_s,vector_float_r,vector_float_first,integer_fromfloat,vector_float_last,vector_float_d,float_sw,exec_yankd,vector_float_n,exec_do*tim,exec_yankdup,exec_yank,integer_mu,vector_float_remove,vector_float_fir,exec_do*vector_float,float_p,float_r,vector_float_stackdep,vector_float_dup,vector_float_subvec,float_i,exec_do*range,integer_yankd,float_m,integer_rot,float_a,float_c,float_d,integer_stackdep,float_s,vector_float_occurrences,exec_stackdepth,vector_float_swap,vector_float_reverse,float_stackdepth,float_max,exec_do*vector_flo,float_min,vector_float_rot,float_rot,exec_shove,vector_float_pushall,float_stackdep,float_sub,vector_float_sho,integer_div,integer_mult,integer_min,float_shove,integer_flush,float_inc,in1,integer_yank,integer_fromflo,vector_float_yankdup,float_ya,vector_float_butla,integer_sw,float_pop,exec_d,float_yankd,integer_max,exec_dup,exec_k,float_frominteger,float_mult,exec_noop,exec_p,exec_r,exec_s,vector_float_butlast,integer_flu,exec_y,float_mod,integer_ya,integer_yankdup,exec_stackdep,exec_do*ran,vector_float_index,vector_float_pop,exec_do*cou,vector_float_ta,vector_float_flu,float_add,exec_do*times,integer_shove,float_tan,vector_float_la,vector_float_indexof,float_sho,float_frominteg,integer_dup,vector_float_stackdepth,exec_sho,vector_float_replace,exec_swap,vector_float_rever,autoconstructive_integer_ra,exec_sw,integer_add,exec_flush,float_flu,float_cos,exec_flu,integer_mod,float_div,vector_float_leng,integer_inc,vector_float_yank,exec_rot,vector_float_flush,float_dec,vector_float_set,integer_pop,vector_float_shove,exec_pop,vector_float_take,vector_float_concat,vector_float_pusha,vector_float_ya,vector_float_remo,float_sin,autoconstructive_integer_rand,vector_float_length,exec_do*count,integer_sub,float_mu,exec_no,vector_float_re,float_dup,integer_r,integer_sho,vector_float_yankd,integer_stackdepth,integer_dec,exec,vector_float_replacefir,vector_float_nth,float_swap,vector_float_co,exec_ya,float_yank,float_flush,float_t,integer_d,integer_a,integer_m,integer_i,vector_float_subv,integer_s,integer_p,vector_float_repla,vector_float_sw
0.000293230877963,0.000556386794084,2.25562213818e-05,7.5187404606e-06,0.000263155916121,0.000263155916121,2.25562213818e-05,7.5187404606e-06,7.5187404606e-06,0.0,0.000150374809212,0.000345862061188,0.000142856068751,1.50374809212e-05,0.0,7.5187404606e-06,0.0,0.0,0.000661649160533,0.00012029984737,7.5187404606e-06,0.000172931030594,2.25562213818e-05,9.77436259878e-05,0.0,2.25562213818e-05,7.5187404606e-06,0.000586461755927,9.77436259878e-05,0.0,0.000330824580266,0.0,6.01499236848e-05,3.7593702303e-05,0.0,0.0,9.77436259878e-05,7.5187404606e-06,0.000105262366448,7.5187404606e-06,0.000586461755927,0.00063157419869,9.77436259878e-05,0.000233080954279,3.00749618424e-05,1.50374809212e-05,0.000233080954279,0.000278193397042,0.000443605687175,9.02248855272e-05,0.000902248855272,6.76686641454e-05,0.000105262366448,3.00749618424e-05,0.000263155916121,0.000338343320727,0.000172931030594,0.000150374809212,2.25562213818e-05,0.000518793091781,0.00139848572567,0.000180449771054,4.51124427636e-05,0.000187968511515,0.0,3.7593702303e-05,0.0,7.5187404606e-06,3.7593702303e-05,7.5187404606e-06,0.000270674656582,0.000451124427636,0.000165412290133,0.000842098931587,0.00037593702303,0.000112781106909,7.5187404606e-06,0.0,7.5187404606e-06,0.000308268358885,0.0,0.00012781858783,0.00025563717566,0.000105262366448,8.27061450666e-05,5.26311832242e-05,7.5187404606e-06,7.5187404606e-06,0.00012029984737,4.51124427636e-05,0.0,1.50374809212e-05,1.50374809212e-05,3.7593702303e-05,0.000180449771054,0.000180449771054,0.0,0.000157893549673,7.5187404606e-06,4.51124427636e-05,0.000112781106909,0.000142856068751,0.0,3.00749618424e-05,0.000135337328291,7.5187404606e-06,6.76686641454e-05,0.0,0.00012781858783,0.0,0.0,0.0,1.50374809212e-05,0.000172931030594,0.000210524732897,9.02248855272e-05,0.000195487251976,0.00012781858783,0.000180449771054,0.000488718129939,0.000586461755927,0.000270674656582,1.50374809212e-05,0.000240599694739,0.000165412290133,0.00012781858783,0.000112781106909,3.00749618424e-05,0.0,2.25562213818e-05,9.77436259878e-05,0.000187968511515,0.000398493244412,0.000270674656582,0.000165412290133,7.5187404606e-06,6.76686641454e-05,0.0,0.000398493244412,1.50374809212e-05,3.00749618424e-05,3.00749618424e-05,0.000180449771054,0.000157893549673,6.01499236848e-05,6.01499236848e-05,6.76686641454e-05,9.77436259878e-05,0.0,0.0,3.00749618424e-05,7.5187404606e-05,7.5187404606e-06,6.01499236848e-05,7.5187404606e-06,3.7593702303e-05,7.5187404606e-06,0.0,7.5187404606e-06,0.0,0.0,3.00749618424e-05
Gen 133
float_yankdup,integer_swap,vector_float_conj,vector_float_conc,vector_float_occurrencesof,vector_float_replacefirst,vector_float_rest,vector_float_p,vector_float_s,vector_float_r,vector_float_first,integer_fromfloat,vector_float_last,vector_float_d,float_sw,exec_yankd,vector_float_n,exec_do*tim,exec_yankdup,exec_yank,integer_mu,vector_float_remove,vector_float_fir,exec_do*vector_float,float_p,float_r,vector_float_stackdep,vector_float_dup,vector_float_subvec,float_i,exec_do*range,integer_yankd,float_m,integer_rot,float_a,float_c,float_d,integer_stackdep,float_s,vector_float_occurrences,exec_stackdepth,vector_float_swap,vector_float_reverse,float_stackdepth,float_max,exec_do*vector_flo,float_min,vector_float_rot,float_rot,exec_shove,vector_float_pushall,float_stackdep,float_sub,vector_float_sho,integer_div,integer_mult,integer_min,float_shove,integer_flush,float_inc,in1,integer_yank,integer_fromflo,vector_float_yankdup,float_ya,vector_float_butla,integer_sw,float_pop,exec_d,float_yankd,integer_max,exec_dup,exec_k,float_frominteger,float_mult,exec_noop,exec_p,exec_r,exec_s,vector_float_butlast,integer_flu,exec_y,float_mod,integer_ya,integer_yankdup,exec_stackdep,exec_do*ran,vector_float_index,vector_float_pop,exec_do*cou,vector_float_ta,vector_float_flu,float_add,exec_do*times,integer_shove,float_tan,vector_float_la,vector_float_indexof,float_sho,float_frominteg,integer_dup,vector_float_stackdepth,exec_sho,vector_float_replace,exec_swap,vector_float_rever,autoconstructive_integer_ra,exec_sw,integer_add,exec_flush,float_flu,float_cos,exec_flu,integer_mod,float_div,vector_float_leng,integer_inc,vector_float_yank,exec_rot,vector_float_flush,float_dec,vector_float_set,integer_pop,vector_float_shove,exec_pop,vector_float_take,vector_float_concat,vector_float_pusha,vector_float_ya,vector_float_remo,float_sin,autoconstructive_integer_rand,vector_float_length,exec_do*count,integer_sub,float_mu,exec_no,vector_float_re,float_dup,integer_r,integer_sho,vector_float_yankd,integer_stackdepth,integer_dec,exec,vector_float_replacefir,vector_float_nth,float_swap,vector_float_co,exec_ya,float_yank,float_flush,float_t,integer_d,integer_a,integer_m,integer_i,vector_float_subv,integer_s,integer_p,vector_float_repla,vector_float_sw
0.000283579973284,0.000447757852553,7.46263087589e-06,0.0,0.000194028402773,0.000305967865911,3.73131543794e-05,0.0,7.46263087589e-06,7.46263087589e-06,0.000223878926277,0.000410444698174,0.000194028402773,3.73131543794e-05,7.46263087589e-06,5.22384161312e-05,7.46263087589e-06,0.0,0.000679099409706,8.95515705107e-05,2.98505235036e-05,0.000141789986642,6.7163677883e-05,0.000104476832262,0.0,1.49252617518e-05,2.23878926277e-05,0.000552234684816,0.000134327355766,3.73131543794e-05,0.000305967865911,0.0,7.46263087589e-05,6.7163677883e-05,0.0,0.0,5.22384161312e-05,0.0,5.22384161312e-05,1.49252617518e-05,0.000619398362699,0.000626860993575,8.20889396348e-05,0.000186565771897,2.98505235036e-05,7.46263087589e-06,0.00025372944978,0.000231341557153,0.000470145745181,0.000119402094014,0.000932828859486,5.22384161312e-05,0.000149252617518,2.98505235036e-05,0.000335818389415,0.000320893127663,0.000179103141021,0.000156715248394,4.47757852553e-05,0.000589547839195,0.00142536249729,0.000156715248394,5.22384161312e-05,0.000216416295401,0.0,3.73131543794e-05,0.0,3.73131543794e-05,1.49252617518e-05,7.46263087589e-06,0.000223878926277,0.000425369959926,0.00016417787927,0.000813426765472,0.000447757852553,8.95515705107e-05,7.46263087589e-06,7.46263087589e-06,7.46263087589e-06,0.000208953664525,0.0,0.00012686472489,0.000231341557153,6.7163677883e-05,0.000156715248394,0.000104476832262,7.46263087589e-06,0.0,0.000111939463138,1.49252617518e-05,0.0,0.0,7.46263087589e-06,5.22384161312e-05,0.00016417787927,0.000156715248394,2.23878926277e-05,0.000141789986642,2.23878926277e-05,5.22384161312e-05,9.70142013866e-05,0.000141789986642,0.0,7.46263087589e-05,8.20889396348e-05,0.0,5.22384161312e-05,7.46263087589e-06,0.000111939463138,0.0,0.0,7.46263087589e-06,0.0,0.000171640510145,0.00016417787927,8.20889396348e-05,0.000268654711532,8.95515705107e-05,0.000149252617518,0.000462683114305,0.00054477205394,0.000231341557153,7.46263087589e-06,0.000283579973284,9.70142013866e-05,8.95515705107e-05,0.000111939463138,7.46263087589e-06,7.46263087589e-06,7.46263087589e-05,5.97010470071e-05,0.000156715248394,0.000328355758539,0.000231341557153,0.000156715248394,0.0,9.70142013866e-05,7.46263087589e-06,0.000432832590802,0.0,4.47757852553e-05,2.23878926277e-05,0.000223878926277,0.00016417787927,8.20889396348e-05,5.22384161312e-05,9.70142013866e-05,0.000104476832262,0.0,0.0,7.46263087589e-05,8.95515705107e-05,7.46263087589e-06,1.49252617518e-05,0.0,2.98505235036e-05,7.46263087589e-06,0.0,0.0,0.0,0.0,2.23878926277e-05
Gen 134
float_yankdup,integer_swap,vector_float_conj,vector_float_conc,vector_float_occurrencesof,vector_float_replacefirst,vector_float_rest,vector_float_p,vector_float_s,vector_float_r,vector_float_first,integer_fromfloat,vector_float_last,vector_float_d,float_sw,exec_yankd,vector_float_n,exec_do*tim,exec_yankdup,exec_yank,integer_mu,vector_float_remove,vector_float_fir,exec_do*vector_float,float_p,float_r,vector_float_stackdep,vector_float_dup,vector_float_subvec,float_i,exec_do*range,integer_yankd,float_m,integer_rot,float_a,float_c,float_d,integer_stackdep,float_s,vector_float_occurrences,exec_stackdepth,vector_float_swap,vector_float_reverse,float_stackdepth,float_max,exec_do*vector_flo,float_min,vector_float_rot,float_rot,exec_shove,vector_float_pushall,float_stackdep,float_sub,vector_float_sho,integer_div,integer_mult,integer_min,float_shove,integer_flush,float_inc,in1,integer_yank,integer_fromflo,vector_float_yankdup,float_ya,vector_float_butla,integer_sw,float_pop,exec_d,float_yankd,integer_max,exec_dup,exec_k,float_frominteger,float_mult,exec_noop,exec_p,exec_r,exec_s,vector_float_butlast,integer_flu,exec_y,float_mod,integer_ya,integer_yankdup,exec_stackdep,exec_do*ran,vector_float_index,vector_float_pop,exec_do*cou,vector_float_ta,vector_float_flu,float_add,exec_do*times,integer_shove,float_tan,vector_float_la,vector_float_indexof,float_sho,float_frominteg,integer_dup,vector_float_stackdepth,exec_sho,vector_float_replace,exec_swap,vector_float_rever,autoconstructive_integer_ra,exec_sw,integer_add,exec_flush,float_flu,float_cos,exec_flu,integer_mod,float_div,vector_float_leng,integer_inc,vector_float_yank,exec_rot,vector_float_flush,float_dec,vector_float_set,integer_pop,vector_float_shove,exec_pop,vector_float_take,vector_float_concat,vector_float_pusha,vector_float_ya,vector_float_remo,float_sin,autoconstructive_integer_rand,vector_float_length,exec_do*count,integer_sub,float_mu,exec_no,vector_float_re,float_dup,integer_r,integer_sho,vector_float_yankd,integer_stackdepth,integer_dec,exec,vector_float_replacefir,vector_float_nth,float_swap,vector_float_co,exec_ya,float_yank,float_flush,float_t,integer_d,integer_a,integer_m,integer_i,vector_float_subv,integer_s,integer_p,vector_float_repla,vector_float_sw
0.000348145569292,0.00047407056244,4.44441152288e-05,1.48147050763e-05,0.000192591165991,0.00023703528122,5.18514677669e-05,0.0,1.48147050763e-05,0.0,0.000274072043911,0.00047407056244,0.000140739698224,7.40735253813e-06,0.0,5.9258820305e-05,0.0,7.40735253813e-06,0.00082962348427,5.18514677669e-05,7.40735253813e-06,0.000162961755839,3.70367626906e-05,0.000103702935534,0.0,2.22220576144e-05,4.44441152288e-05,0.000622217613203,7.40735253813e-05,7.40735253813e-06,0.000325923511678,0.0,0.000133332345686,2.22220576144e-05,0.0,0.0,9.62955829957e-05,1.48147050763e-05,7.40735253813e-05,7.40735253813e-06,0.000777772016504,0.000688883786046,8.14808779194e-05,0.000266664691373,2.22220576144e-05,1.48147050763e-05,0.000244442633758,0.000229627928682,0.00047407056244,6.66661728432e-05,0.000985177887571,2.96294101525e-05,8.14808779194e-05,3.70367626906e-05,0.000340738216754,0.000340738216754,0.000155554403301,0.000199998518529,2.96294101525e-05,0.000659254375894,0.00154072932793,0.000185183813453,5.18514677669e-05,0.000222220576144,1.48147050763e-05,5.18514677669e-05,1.48147050763e-05,2.96294101525e-05,7.40735253813e-06,7.40735253813e-06,0.000229627928682,0.000496292620055,0.000148147050763,0.000925919067266,0.000377774979445,6.66661728432e-05,0.0,0.0,0.0,0.000214813223606,7.40735253813e-06,0.000140739698224,0.000281479396449,2.96294101525e-05,0.00011851764061,8.14808779194e-05,0.0,0.0,0.000133332345686,2.22220576144e-05,0.0,0.0,7.40735253813e-06,0.000103702935534,0.000140739698224,0.000125924993148,0.0,0.000103702935534,7.40735253813e-06,3.70367626906e-05,9.62955829957e-05,0.000155554403301,0.0,5.18514677669e-05,0.000103702935534,0.0,5.18514677669e-05,0.0,0.000125924993148,7.40735253813e-06,1.48147050763e-05,0.0,0.0,0.000199998518529,0.000185183813453,0.000111110288072,0.000259257338835,9.62955829957e-05,0.000148147050763,0.000518514677669,0.000614810260665,0.000259257338835,7.40735253813e-06,0.000296294101525,0.000125924993148,0.000170369108377,0.000207405871068,2.22220576144e-05,0.0,6.66661728432e-05,4.44441152288e-05,0.000207405871068,0.000333330864216,0.000199998518529,0.000162961755839,7.40735253813e-06,0.000111110288072,0.0,0.00055555144036,0.0,2.96294101525e-05,1.48147050763e-05,0.000385182331983,0.000133332345686,0.000111110288072,5.9258820305e-05,5.9258820305e-05,0.000192591165991,0.0,0.0,6.66661728432e-05,0.000133332345686,7.40735253813e-06,2.96294101525e-05,0.0,7.40735253813e-06,2.22220576144e-05,0.0,0.0,0.0,7.40735253813e-06,2.96294101525e-05
Gen 135
float_yankdup,integer_swap,vector_float_conj,vector_float_conc,vector_float_occurrencesof,vector_float_replacefirst,vector_float_rest,vector_float_p,vector_float_s,vector_float_r,vector_float_first,integer_fromfloat,vector_float_last,vector_float_d,float_sw,exec_yankd,vector_float_n,exec_do*tim,exec_yankdup,exec_yank,integer_mu,vector_float_remove,vector_float_fir,exec_do*vector_float,float_p,float_r,vector_float_stackdep,vector_float_dup,vector_float_subvec,float_i,exec_do*range,integer_yankd,float_m,integer_rot,float_a,float_c,float_d,integer_stackdep,float_s,vector_float_occurrences,exec_stackdepth,vector_float_swap,vector_float_reverse,float_stackdepth,float_max,exec_do*vector_flo,float_min,vector_float_rot,float_rot,exec_shove,vector_float_pushall,float_stackdep,float_sub,vector_float_sho,integer_div,integer_mult,integer_min,float_shove,integer_flush,float_inc,in1,integer_yank,integer_fromflo,vector_float_yankdup,float_ya,vector_float_butla,integer_sw,float_pop,exec_d,float_yankd,integer_max,exec_dup,exec_k,float_frominteger,float_mult,exec_noop,exec_p,exec_r,exec_s,vector_float_butlast,integer_flu,exec_y,float_mod,integer_ya,integer_yankdup,exec_stackdep,exec_do*ran,vector_float_index,vector_float_pop,exec_do*cou,vector_float_ta,vector_float_flu,float_add,exec_do*times,integer_shove,float_tan,vector_float_la,vector_float_indexof,float_sho,float_frominteg,integer_dup,vector_float_stackdepth,exec_sho,vector_float_replace,exec_swap,vector_float_rever,autoconstructive_integer_ra,exec_sw,integer_add,exec_flush,float_flu,float_cos,exec_flu,integer_mod,float_div,vector_float_leng,integer_inc,vector_float_yank,exec_rot,vector_float_flush,float_dec,vector_float_set,integer_pop,vector_float_shove,exec_pop,vector_float_take,vector_float_concat,vector_float_pusha,vector_float_ya,vector_float_remo,float_sin,autoconstructive_integer_rand,vector_float_length,exec_do*count,integer_sub,float_mu,exec_no,vector_float_re,float_dup,integer_r,integer_sho,vector_float_yankd,integer_stackdepth,integer_dec,exec,vector_float_replacefir,vector_float_nth,float_swap,vector_float_co,exec_ya,float_yank,float_flush,float_t,integer_d,integer_a,integer_m,integer_i,vector_float_subv,integer_s,integer_p,vector_float_repla,vector_float_sw
0.000492643436445,0.000426467452445,7.35288711112e-05,0.0,0.000220586613334,0.000169116403556,8.82346453335e-05,1.47057742222e-05,7.35288711112e-06,7.35288711112e-06,0.000286762597334,0.000330879920001,0.000183822177778,4.41173226667e-05,0.0,5.14702097779e-05,0.0,0.0,0.000860287792002,8.08817582224e-05,7.35288711112e-06,0.000176469290667,5.14702097779e-05,0.000139704855111,0.0,2.94115484445e-05,4.41173226667e-05,0.000617642517334,0.000102940419556,1.47057742222e-05,0.000374997242667,7.35288711112e-06,9.55875324446e-05,5.8823096889e-05,0.0,0.0,7.35288711112e-05,0.0,3.67644355556e-05,0.0,0.000683818501335,0.000801464695113,0.000117646193778,0.000213233726223,5.8823096889e-05,7.35288711112e-06,0.000257351048889,0.000198527952,0.000507349210668,9.55875324446e-05,0.00100734553422,7.35288711112e-05,0.000139704855111,2.20586613334e-05,0.000382350129778,0.00045587900089,0.000272056823112,0.000154410629334,4.41173226667e-05,0.000669112727112,0.00161028227734,0.000242645274667,9.55875324446e-05,0.000139704855111,1.47057742222e-05,0.000102940419556,3.67644355556e-05,7.35288711112e-06,7.35288711112e-06,7.35288711112e-06,0.000235292387556,0.000580878081779,0.000191175064889,0.000735288711112,0.000308821258667,0.000124999080889,0.0,0.0,7.35288711112e-06,0.000213233726223,7.35288711112e-06,0.000102940419556,0.000176469290667,5.8823096889e-05,0.000102940419556,7.35288711112e-05,0.0,0.0,0.000102940419556,5.8823096889e-05,0.0,0.0,7.35288711112e-06,8.08817582224e-05,0.000139704855111,0.000198527952,0.0,8.82346453335e-05,0.0,4.41173226667e-05,8.08817582224e-05,0.000139704855111,0.0,8.08817582224e-05,0.000117646193778,7.35288711112e-06,5.14702097779e-05,7.35288711112e-06,0.000117646193778,7.35288711112e-06,7.35288711112e-06,0.0,0.0,0.000169116403556,0.000205880839111,5.14702097779e-05,0.000279409710223,4.41173226667e-05,0.000220586613334,0.000492643436445,0.000463231888001,0.000176469290667,1.47057742222e-05,0.000345585694223,8.08817582224e-05,8.82346453335e-05,0.000183822177778,7.35288711112e-06,0.0,5.8823096889e-05,8.82346453335e-05,0.000316174145778,0.000367644355556,0.000308821258667,0.000110293306667,1.47057742222e-05,0.000117646193778,0.0,0.000492643436445,0.0,5.8823096889e-05,2.20586613334e-05,0.000367644355556,0.000154410629334,0.000102940419556,2.94115484445e-05,0.000110293306667,0.000161763516445,0.0,0.0,3.67644355556e-05,5.8823096889e-05,0.0,3.67644355556e-05,7.35288711112e-06,3.67644355556e-05,2.94115484445e-05,0.0,2.20586613334e-05,0.0,0.0,7.35288711112e-06
Gen 136
float_yankdup,integer_swap,vector_float_conj,vector_float_conc,vector_float_occurrencesof,vector_float_replacefirst,vector_float_rest,vector_float_p,vector_float_s,vector_float_r,vector_float_first,integer_fromfloat,vector_float_last,vector_float_d,float_sw,exec_yankd,vector_float_n,exec_do*tim,exec_yankdup,exec_yank,integer_mu,vector_float_remove,vector_float_fir,exec_do*vector_float,float_p,float_r,vector_float_stackdep,vector_float_dup,vector_float_subvec,float_i,exec_do*range,integer_yankd,float_m,integer_rot,float_a,float_c,float_d,integer_stackdep,float_s,vector_float_occurrences,exec_stackdepth,vector_float_swap,vector_float_reverse,float_stackdepth,float_max,exec_do*vector_flo,float_min,vector_float_rot,float_rot,exec_shove,vector_float_pushall,float_stackdep,float_sub,vector_float_sho,integer_div,integer_mult,integer_min,float_shove,integer_flush,float_inc,in1,integer_yank,integer_fromflo,vector_float_yankdup,float_ya,vector_float_butla,integer_sw,float_pop,exec_d,float_yankd,integer_max,exec_dup,exec_k,float_frominteger,float_mult,exec_noop,exec_p,exec_r,exec_s,vector_float_butlast,integer_flu,exec_y,float_mod,integer_ya,integer_yankdup,exec_stackdep,exec_do*ran,vector_float_index,vector_float_pop,exec_do*cou,vector_float_ta,vector_float_flu,float_add,exec_do*times,integer_shove,float_tan,vector_float_la,vector_float_indexof,float_sho,float_frominteg,integer_dup,vector_float_stackdepth,exec_sho,vector_float_replace,exec_swap,vector_float_rever,autoconstructive_integer_ra,exec_sw,integer_add,exec_flush,float_flu,float_cos,exec_flu,integer_mod,float_div,vector_float_leng,integer_inc,vector_float_yank,exec_rot,vector_float_flush,float_dec,vector_float_set,integer_pop,vector_float_shove,exec_pop,vector_float_take,vector_float_concat,vector_float_pusha,vector_float_ya,vector_float_remo,float_sin,autoconstructive_integer_rand,vector_float_length,exec_do*count,integer_sub,float_mu,exec_no,vector_float_re,float_dup,integer_r,integer_sho,vector_float_yankd,integer_stackdepth,integer_dec,exec,vector_float_replacefir,vector_float_nth,float_swap,vector_float_co,exec_ya,float_yank,float_flush,float_t,integer_d,integer_a,integer_m,integer_i,vector_float_subv,integer_s,integer_p,vector_float_repla,vector_float_sw
0.00041605535726,0.000547441259553,2.91968671762e-05,1.45984335881e-05,0.000299267888556,0.000182480419851,4.37953007642e-05,7.29921679404e-06,7.29921679404e-06,0.0,0.000248173370997,0.000299267888556,0.000102189035117,2.18976503821e-05,0.0,2.91968671762e-05,7.29921679404e-06,0.0,0.000766417763374,8.75906015285e-05,7.29921679404e-06,0.000240874154203,1.45984335881e-05,0.000109488251911,1.45984335881e-05,2.18976503821e-05,1.45984335881e-05,0.000678827161846,0.000116787468705,7.29921679404e-06,0.000489047525201,7.29921679404e-06,2.91968671762e-05,2.91968671762e-05,0.0,0.0,9.48898183225e-05,0.0,5.83937343523e-05,2.91968671762e-05,0.000627732644287,0.000773716980168,6.56929511463e-05,0.000160582769469,2.91968671762e-05,7.29921679404e-06,0.000226275720615,0.000299267888556,0.000437953007642,0.000116787468705,0.000875906015285,0.000131385902293,0.000109488251911,0.0,0.000284669454967,0.000503645958789,0.000364960839702,0.000167881986263,5.83937343523e-05,0.000562039693141,0.0014671425756,0.000218976503821,5.10945175583e-05,0.000145984335881,0.0,6.56929511463e-05,2.18976503821e-05,1.45984335881e-05,2.18976503821e-05,7.29921679404e-06,0.000248173370997,0.000540142042759,0.000182480419851,0.000810213064138,0.000262771804585,8.75906015285e-05,0.0,7.29921679404e-06,7.29921679404e-06,0.000357661622908,0.0,8.75906015285e-05,0.000153283552675,5.83937343523e-05,9.48898183225e-05,4.37953007642e-05,7.29921679404e-06,0.0,8.75906015285e-05,2.91968671762e-05,1.45984335881e-05,0.0,0.0,0.000102189035117,0.000197078853439,8.75906015285e-05,7.29921679404e-06,5.10945175583e-05,0.0,4.37953007642e-05,0.000124086685499,0.000167881986263,0.0,8.75906015285e-05,5.83937343523e-05,7.29921679404e-06,8.75906015285e-05,7.29921679404e-06,0.000138685119087,7.29921679404e-06,0.0,1.45984335881e-05,0.0,0.000182480419851,0.000218976503821,9.48898183225e-05,0.000204378070233,0.000131385902293,0.000284669454967,0.000532842825965,0.000547441259553,0.000233574937409,2.18976503821e-05,0.000321165538938,9.48898183225e-05,0.000145984335881,8.75906015285e-05,2.91968671762e-05,7.29921679404e-06,5.83937343523e-05,5.83937343523e-05,0.000167881986263,0.00045255144123,0.000321165538938,0.000116787468705,7.29921679404e-06,8.75906015285e-05,1.45984335881e-05,0.000408756140466,0.0,5.83937343523e-05,7.29921679404e-06,0.000240874154203,0.000182480419851,8.02913847344e-05,4.37953007642e-05,0.000145984335881,9.48898183225e-05,7.29921679404e-06,7.29921679404e-06,4.37953007642e-05,8.02913847344e-05,7.29921679404e-06,2.91968671762e-05,0.0,3.64960839702e-05,4.37953007642e-05,0.0,1.45984335881e-05,0.0,7.29921679404e-06,1.45984335881e-05
Gen 137
float_yankdup,integer_swap,vector_float_conj,vector_float_conc,vector_float_occurrencesof,vector_float_replacefirst,vector_float_rest,vector_float_p,vector_float_s,vector_float_r,vector_float_first,integer_fromfloat,vector_float_last,vector_float_d,float_sw,exec_yankd,vector_float_n,exec_do*tim,exec_yankdup,exec_yank,integer_mu,vector_float_remove,vector_float_fir,exec_do*vector_float,float_p,float_r,vector_float_stackdep,vector_float_dup,vector_float_subvec,float_i,exec_do*range,integer_yankd,float_m,integer_rot,float_a,float_c,float_d,integer_stackdep,float_s,vector_float_occurrences,exec_stackdepth,vector_float_swap,vector_float_reverse,float_stackdepth,float_max,exec_do*vector_flo,float_min,vector_float_rot,float_rot,exec_shove,vector_float_pushall,float_stackdep,float_sub,vector_float_sho,integer_div,integer_mult,integer_min,float_shove,integer_flush,float_inc,in1,integer_yank,integer_fromflo,vector_float_yankdup,float_ya,vector_float_butla,integer_sw,float_pop,exec_d,float_yankd,integer_max,exec_dup,exec_k,float_frominteger,float_mult,exec_noop,exec_p,exec_r,exec_s,vector_float_butlast,integer_flu,exec_y,float_mod,integer_ya,integer_yankdup,exec_stackdep,exec_do*ran,vector_float_index,vector_float_pop,exec_do*cou,vector_float_ta,vector_float_flu,float_add,exec_do*times,integer_shove,float_tan,vector_float_la,vector_float_indexof,float_sho,float_frominteg,integer_dup,vector_float_stackdepth,exec_sho,vector_float_replace,exec_swap,vector_float_rever,autoconstructive_integer_ra,exec_sw,integer_add,exec_flush,float_flu,float_cos,exec_flu,integer_mod,float_div,vector_float_leng,integer_inc,vector_float_yank,exec_rot,vector_float_flush,float_dec,vector_float_set,integer_pop,vector_float_shove,exec_pop,vector_float_take,vector_float_concat,vector_float_pusha,vector_float_ya,vector_float_remo,float_sin,autoconstructive_integer_rand,vector_float_length,exec_do*count,integer_sub,float_mu,exec_no,vector_float_re,float_dup,integer_r,integer_sho,vector_float_yankd,integer_stackdepth,integer_dec,exec,vector_float_replacefir,vector_float_nth,float_swap,vector_float_co,exec_ya,float_yank,float_flush,float_t,integer_d,integer_a,integer_m,integer_i,vector_float_subv,integer_s,integer_p,vector_float_repla,vector_float_sw
0.000456518431026,0.000586952268462,5.0724270114e-05,0.0,0.000340577242194,0.000210143404758,5.0724270114e-05,7.246324302e-06,0.0,7.246324302e-06,0.000246375026268,0.000318838269288,0.000173911783248,7.246324302e-06,2.8985297208e-05,2.8985297208e-05,1.4492648604e-05,7.246324302e-06,0.00076086405171,0.000115941188832,2.1738972906e-05,0.00018115810755,2.8985297208e-05,0.000202897080456,0.0,1.4492648604e-05,0.0,0.000586952268462,0.000137680161738,0.0,0.000275360323476,0.0,8.6955891624e-05,7.246324302e-05,0.0,0.0,8.6955891624e-05,2.1738972906e-05,2.8985297208e-05,7.246324302e-06,0.000782603024616,0.000840573619032,0.000101448540228,0.000188404431852,2.8985297208e-05,7.246324302e-06,0.000210143404758,0.000275360323476,0.000550720646952,0.000115941188832,0.000840573619032,5.0724270114e-05,5.7970594416e-05,7.246324302e-06,0.000340577242194,0.000420286809516,0.000297099296382,0.000115941188832,4.3477945812e-05,0.000695647132992,0.00139854059029,0.000130433837436,5.7970594416e-05,0.00014492648604,0.0,4.3477945812e-05,7.246324302e-06,7.246324302e-06,2.1738972906e-05,1.4492648604e-05,0.000318838269288,0.000376808863704,0.000188404431852,0.000768110376012,0.000297099296382,0.000101448540228,7.246324302e-06,7.246324302e-06,0.0,0.000304345620684,7.246324302e-06,0.00021738972906,0.00018115810755,5.0724270114e-05,0.000115941188832,7.246324302e-05,1.4492648604e-05,7.246324302e-06,9.4202215926e-05,4.3477945812e-05,0.0,7.246324302e-06,0.0,9.4202215926e-05,0.000123187513134,0.00014492648604,0.0,7.246324302e-05,1.4492648604e-05,3.623162151e-05,0.00014492648604,0.00014492648604,0.0,0.000115941188832,9.4202215926e-05,0.0,0.000137680161738,1.4492648604e-05,0.000173911783248,0.0,0.0,0.0,7.246324302e-06,0.00021738972906,0.000195650756154,5.7970594416e-05,0.000173911783248,5.7970594416e-05,0.000268113999174,0.000463764755328,0.000456518431026,0.000282606647778,7.246324302e-06,0.000202897080456,0.00018115810755,0.000152172810342,9.4202215926e-05,4.3477945812e-05,7.246324302e-06,5.0724270114e-05,8.6955891624e-05,0.000224636053362,0.0003623162151,0.000311591944986,0.000202897080456,2.8985297208e-05,7.9709567322e-05,0.0,0.000492750052536,1.4492648604e-05,2.1738972906e-05,7.246324302e-06,0.000355069890798,5.7970594416e-05,4.3477945812e-05,4.3477945812e-05,0.000159419134644,0.000130433837436,0.0,7.246324302e-06,7.9709567322e-05,6.5216918718e-05,0.0,1.4492648604e-05,0.0,7.9709567322e-05,3.623162151e-05,0.0,2.8985297208e-05,0.0,0.0,3.623162151e-05
Gen 138
float_yankdup,integer_swap,vector_float_conj,vector_float_conc,vector_float_occurrencesof,vector_float_replacefirst,vector_float_rest,vector_float_p,vector_float_s,vector_float_r,vector_float_first,integer_fromfloat,vector_float_last,vector_float_d,float_sw,exec_yankd,vector_float_n,exec_do*tim,exec_yankdup,exec_yank,integer_mu,vector_float_remove,vector_float_fir,exec_do*vector_float,float_p,float_r,vector_float_stackdep,vector_float_dup,vector_float_subvec,float_i,exec_do*range,integer_yankd,float_m,integer_rot,float_a,float_c,float_d,integer_stackdep,float_s,vector_float_occurrences,exec_stackdepth,vector_float_swap,vector_float_reverse,float_stackdepth,float_max,exec_do*vector_flo,float_min,vector_float_rot,float_rot,exec_shove,vector_float_pushall,float_stackdep,float_sub,vector_float_sho,integer_div,integer_mult,integer_min,float_shove,integer_flush,float_inc,in1,integer_yank,integer_fromflo,vector_float_yankdup,float_ya,vector_float_butla,integer_sw,float_pop,exec_d,float_yankd,integer_max,exec_dup,exec_k,float_frominteger,float_mult,exec_noop,exec_p,exec_r,exec_s,vector_float_butlast,integer_flu,exec_y,float_mod,integer_ya,integer_yankdup,exec_stackdep,exec_do*ran,vector_float_index,vector_float_pop,exec_do*cou,vector_float_ta,vector_float_flu,float_add,exec_do*times,integer_shove,float_tan,vector_float_la,vector_float_indexof,float_sho,float_frominteg,integer_dup,vector_float_stackdepth,exec_sho,vector_float_replace,exec_swap,vector_float_rever,autoconstructive_integer_ra,exec_sw,integer_add,exec_flush,float_flu,float_cos,exec_flu,integer_mod,float_div,vector_float_leng,integer_inc,vector_float_yank,exec_rot,vector_float_flush,float_dec,vector_float_set,integer_pop,vector_float_shove,exec_pop,vector_float_take,vector_float_concat,vector_float_pusha,vector_float_ya,vector_float_remo,float_sin,autoconstructive_integer_rand,vector_float_length,exec_do*count,integer_sub,float_mu,exec_no,vector_float_re,float_dup,integer_r,integer_sho,vector_float_yankd,integer_stackdepth,integer_dec,exec,vector_float_replacefir,vector_float_nth,float_swap,vector_float_co,exec_ya,float_yank,float_flush,float_t,integer_d,integer_a,integer_m,integer_i,vector_float_subv,integer_s,integer_p,vector_float_repla,vector_float_sw
0.00046762253509,0.000474816727937,2.87767713901e-05,0.0,0.000251796749664,0.000172660628341,6.47477356278e-05,7.19419284753e-06,7.19419284753e-06,1.43883856951e-05,0.000172660628341,0.000381292220919,7.91361213229e-05,1.43883856951e-05,7.19419284753e-06,4.31651570852e-05,0.0,7.19419284753e-06,0.00055395284926,0.000129495471256,2.15825785426e-05,0.000165466435493,2.15825785426e-05,0.000107912892713,0.0,7.19419284753e-06,7.19419284753e-06,0.000568341234955,0.000158272242646,7.19419284753e-06,0.000352515449529,0.0,7.91361213229e-05,2.87767713901e-05,0.0,0.0,0.000100718699865,1.43883856951e-05,4.31651570852e-05,0.0,0.000661865741973,0.000669059934821,5.75535427803e-05,0.000143883856951,1.43883856951e-05,0.0,0.000258990942511,0.000309350292444,0.000474816727937,8.63303141704e-05,0.000827332177466,5.75535427803e-05,0.000100718699865,7.19419284753e-06,0.000330932870987,0.0004388457637,0.000230214171121,0.000143883856951,4.31651570852e-05,0.000474816727937,0.00135970244818,0.000187049014036,3.59709642377e-05,0.000187049014036,0.0,4.31651570852e-05,0.0,0.0,7.19419284753e-06,7.19419284753e-06,0.000330932870987,0.000338127063834,0.000143883856951,0.000856108948856,0.000323738678139,5.75535427803e-05,0.0,0.0,7.19419284753e-06,0.000266185135359,7.19419284753e-06,0.000115107085561,0.000172660628341,7.19419284753e-05,9.35245070179e-05,5.75535427803e-05,7.19419284753e-06,0.0,2.15825785426e-05,2.87767713901e-05,0.0,7.19419284753e-06,0.0,7.91361213229e-05,0.000165466435493,0.000107912892713,0.0,6.47477356278e-05,7.19419284753e-06,7.91361213229e-05,7.19419284753e-05,0.000151078049798,1.43883856951e-05,7.91361213229e-05,5.03593499327e-05,0.0,7.19419284753e-05,7.19419284753e-06,0.000143883856951,0.0,7.19419284753e-06,0.0,0.0,0.000187049014036,0.000151078049798,7.91361213229e-05,0.000201437399731,9.35245070179e-05,0.000129495471256,0.00049639930648,0.000474816727937,0.000244602556816,2.15825785426e-05,0.000136689664103,0.000143883856951,0.000136689664103,5.75535427803e-05,8.63303141704e-05,7.19419284753e-06,8.63303141704e-05,5.75535427803e-05,0.000115107085561,0.000388486413767,0.000244602556816,0.000158272242646,2.15825785426e-05,4.31651570852e-05,7.19419284753e-06,0.00046762253509,7.19419284753e-06,5.75535427803e-05,0.0,0.000244602556816,0.000158272242646,5.03593499327e-05,5.03593499327e-05,0.000122301278408,0.000115107085561,7.19419284753e-06,1.43883856951e-05,7.91361213229e-05,7.91361213229e-05,1.43883856951e-05,5.75535427803e-05,0.0,2.87767713901e-05,2.15825785426e-05,0.0,0.0,0.0,0.0,3.59709642377e-05
Gen 139
float_yankdup,integer_swap,vector_float_conj,vector_float_conc,vector_float_occurrencesof,vector_float_replacefirst,vector_float_rest,vector_float_p,vector_float_s,vector_float_r,vector_float_first,integer_fromfloat,vector_float_last,vector_float_d,float_sw,exec_yankd,vector_float_n,exec_do*tim,exec_yankdup,exec_yank,integer_mu,vector_float_remove,vector_float_fir,exec_do*vector_float,float_p,float_r,vector_float_stackdep,vector_float_dup,vector_float_subvec,float_i,exec_do*range,integer_yankd,float_m,integer_rot,float_a,float_c,float_d,integer_stackdep,float_s,vector_float_occurrences,exec_stackdepth,vector_float_swap,vector_float_reverse,float_stackdepth,float_max,exec_do*vector_flo,float_min,vector_float_rot,float_rot,exec_shove,vector_float_pushall,float_stackdep,float_sub,vector_float_sho,integer_div,integer_mult,integer_min,float_shove,integer_flush,float_inc,in1,integer_yank,integer_fromflo,vector_float_yankdup,float_ya,vector_float_butla,integer_sw,float_pop,exec_d,float_yankd,integer_max,exec_dup,exec_k,float_frominteger,float_mult,exec_noop,exec_p,exec_r,exec_s,vector_float_butlast,integer_flu,exec_y,float_mod,integer_ya,integer_yankdup,exec_stackdep,exec_do*ran,vector_float_index,vector_float_pop,exec_do*cou,vector_float_ta,vector_float_flu,float_add,exec_do*times,integer_shove,float_tan,vector_float_la,vector_float_indexof,float_sho,float_frominteg,integer_dup,vector_float_stackdepth,exec_sho,vector_float_replace,exec_swap,vector_float_rever,autoconstructive_integer_ra,exec_sw,integer_add,exec_flush,float_flu,float_cos,exec_flu,integer_mod,float_div,vector_float_leng,integer_inc,vector_float_yank,exec_rot,vector_float_flush,float_dec,vector_float_set,integer_pop,vector_float_shove,exec_pop,vector_float_take,vector_float_concat,vector_float_pusha,vector_float_ya,vector_float_remo,float_sin,autoconstructive_integer_rand,vector_float_length,exec_do*count,integer_sub,float_mu,exec_no,vector_float_re,float_dup,integer_r,integer_sho,vector_float_yankd,integer_stackdepth,integer_dec,exec,vector_float_replacefir,vector_float_nth,float_swap,vector_float_co,exec_ya,float_yank,float_flush,float_t,integer_d,integer_a,integer_m,integer_i,vector_float_subv,integer_s,integer_p,vector_float_repla,vector_float_sw
0.000471425204106,0.000485710816351,2.14284183684e-05,7.14280612281e-06,0.000249998214298,0.000207141377562,2.85712244913e-05,0.0,7.14280612281e-06,0.0,0.000221426989807,0.000307140663281,0.000157141734702,7.14280612281e-06,7.14280612281e-06,2.14284183684e-05,7.14280612281e-06,7.14280612281e-06,0.000514282040843,8.57136734738e-05,1.42856122456e-05,0.000249998214298,7.14280612281e-05,0.000121427704088,0.0,7.14280612281e-06,7.14280612281e-06,0.000535710459211,0.000142856122456,1.42856122456e-05,0.000299997857158,0.0,5.71424489825e-05,6.42852551053e-05,0.0,0.0,5.71424489825e-05,0.0,4.99996428597e-05,1.42856122456e-05,0.00050713923472,0.000664280969422,5.71424489825e-05,0.000157141734702,2.85712244913e-05,0.0,0.00022856979593,0.000199998571439,0.000449996785737,0.000128570510211,0.000707137806159,4.28568367369e-05,9.28564795966e-05,7.14280612281e-06,0.000299997857158,0.000399997142878,0.000307140663281,0.000121427704088,2.14284183684e-05,0.000485710816351,0.001221419847,0.000164284540825,4.99996428597e-05,0.000171427346948,7.14280612281e-06,5.71424489825e-05,0.0,0.0,2.14284183684e-05,0.0,0.000257141020421,0.000292855051035,0.000164284540825,0.000714280612281,0.000299997857158,7.14280612281e-05,7.14280612281e-06,7.14280612281e-06,0.0,0.000271426632667,0.0,0.000107142091842,0.000114284897965,7.85708673509e-05,0.000107142091842,5.71424489825e-05,7.14280612281e-06,0.0,7.14280612281e-05,7.14280612281e-06,7.14280612281e-06,7.14280612281e-06,7.14280612281e-06,4.28568367369e-05,0.000157141734702,0.000128570510211,7.14280612281e-06,9.99992857194e-05,0.0,2.85712244913e-05,5.71424489825e-05,0.000114284897965,7.14280612281e-06,7.85708673509e-05,4.28568367369e-05,7.14280612281e-06,8.57136734738e-05,7.14280612281e-06,8.57136734738e-05,7.14280612281e-06,0.0,2.14284183684e-05,0.0,0.000171427346948,0.000157141734702,0.000121427704088,0.000185712959193,0.000121427704088,0.000207141377562,0.000435711173492,0.000414282755123,0.000242855408176,3.57140306141e-05,0.000214284183684,0.000128570510211,9.28564795966e-05,3.57140306141e-05,2.85712244913e-05,0.0,4.28568367369e-05,5.71424489825e-05,4.28568367369e-05,0.000364283112263,0.000285712244913,0.000135713316333,0.0,3.57140306141e-05,0.0,0.000349997500018,0.0,3.57140306141e-05,0.0,0.000235712602053,8.57136734738e-05,0.000114284897965,2.14284183684e-05,0.000157141734702,0.000128570510211,0.0,7.14280612281e-06,4.28568367369e-05,6.42852551053e-05,7.14280612281e-06,4.28568367369e-05,0.0,4.28568367369e-05,2.85712244913e-05,1.42856122456e-05,0.0,0.0,7.14280612281e-06,2.85712244913e-05
Gen 140
float_yankdup,integer_swap,vector_float_conj,vector_float_conc,vector_float_occurrencesof,vector_float_replacefirst,vector_float_rest,vector_float_p,vector_float_s,vector_float_r,vector_float_first,integer_fromfloat,vector_float_last,vector_float_d,float_sw,exec_yankd,vector_float_n,exec_do*tim,exec_yankdup,exec_yank,integer_mu,vector_float_remove,vector_float_fir,exec_do*vector_float,float_p,float_r,vector_float_stackdep,vector_float_dup,vector_float_subvec,float_i,exec_do*range,integer_yankd,float_m,integer_rot,float_a,float_c,float_d,integer_stackdep,float_s,vector_float_occurrences,exec_stackdepth,vector_float_swap,vector_float_reverse,float_stackdepth,float_max,exec_do*vector_flo,float_min,vector_float_rot,float_rot,exec_shove,vector_float_pushall,float_stackdep,float_sub,vector_float_sho,integer_div,integer_mult,integer_min,float_shove,integer_flush,float_inc,in1,integer_yank,integer_fromflo,vector_float_yankdup,float_ya,vector_float_butla,integer_sw,float_pop,exec_d,float_yankd,integer_max,exec_dup,exec_k,float_frominteger,float_mult,exec_noop,exec_p,exec_r,exec_s,vector_float_butlast,integer_flu,exec_y,float_mod,integer_ya,integer_yankdup,exec_stackdep,exec_do*ran,vector_float_index,vector_float_pop,exec_do*cou,vector_float_ta,vector_float_flu,float_add,exec_do*times,integer_shove,float_tan,vector_float_la,vector_float_indexof,float_sho,float_frominteg,integer_dup,vector_float_stackdepth,exec_sho,vector_float_replace,exec_swap,vector_float_rever,autoconstructive_integer_ra,exec_sw,integer_add,exec_flush,float_flu,float_cos,exec_flu,integer_mod,float_div,vector_float_leng,integer_inc,vector_float_yank,exec_rot,vector_float_flush,float_dec,vector_float_set,integer_pop,vector_float_shove,exec_pop,vector_float_take,vector_float_concat,vector_float_pusha,vector_float_ya,vector_float_remo,float_sin,autoconstructive_integer_rand,vector_float_length,exec_do*count,integer_sub,float_mu,exec_no,vector_float_re,float_dup,integer_r,integer_sho,vector_float_yankd,integer_stackdepth,integer_dec,exec,vector_float_replacefir,vector_float_nth,float_swap,vector_float_co,exec_ya,float_yank,float_flush,float_t,integer_d,integer_a,integer_m,integer_i,vector_float_subv,integer_s,integer_p,vector_float_repla,vector_float_sw
0.000460989638371,0.000581556159176,3.54607414132e-05,7.09214828264e-06,0.000255317338175,0.000184395855349,3.54607414132e-05,0.0,0.0,1.41842965653e-05,0.00024113304161,0.000425528896958,9.21979276743e-05,0.0,1.41842965653e-05,3.54607414132e-05,7.09214828264e-06,7.09214828264e-06,0.00064538549372,0.00013475081737,0.0,0.00026950163474,3.54607414132e-05,0.000156027262218,0.0,1.41842965653e-05,7.09214828264e-06,0.000624109048872,0.000198580151914,2.12764448479e-05,0.000255317338175,7.09214828264e-06,9.92900759569e-05,5.67371862611e-05,7.09214828264e-06,0.0,2.83685931305e-05,0.0,2.83685931305e-05,1.41842965653e-05,0.000567371862611,0.000737583421394,8.51057793916e-05,0.000177303707066,2.12764448479e-05,0.0,0.00024113304161,0.000156027262218,0.000496450379785,0.000148935113935,0.000687938383416,7.8013631109e-05,8.51057793916e-05,7.09214828264e-06,0.000333330969284,0.00040425245211,0.000354607414132,0.00013475081737,1.41842965653e-05,0.000468081786654,0.00131204743229,0.00013475081737,4.96450379785e-05,0.000148935113935,0.0,4.96450379785e-05,1.41842965653e-05,7.09214828264e-06,1.41842965653e-05,7.09214828264e-06,0.000319146672719,0.000397160303828,0.000205672300196,0.000794320607655,0.000312054524436,0.00010638222424,0.0,1.41842965653e-05,2.12764448479e-05,0.000312054524436,0.0,0.000120566520805,0.000184395855349,8.51057793916e-05,0.00013475081737,7.09214828264e-05,0.0,7.09214828264e-06,6.38293345437e-05,7.09214828264e-06,0.0,2.12764448479e-05,5.67371862611e-05,5.67371862611e-05,0.000170211558783,0.00010638222424,0.0,7.09214828264e-05,0.0,7.09214828264e-06,7.8013631109e-05,0.000141842965653,7.09214828264e-06,0.00010638222424,4.25528896958e-05,0.0,7.09214828264e-05,2.12764448479e-05,0.000141842965653,2.83685931305e-05,7.09214828264e-06,1.41842965653e-05,0.0,0.000205672300196,0.000198580151914,0.000148935113935,0.000141842965653,0.000120566520805,0.000248225189892,0.000439713193523,0.000482266083219,0.000255317338175,2.83685931305e-05,0.000290778079588,0.000148935113935,0.000113474372522,2.83685931305e-05,7.8013631109e-05,0.0,2.83685931305e-05,4.25528896958e-05,5.67371862611e-05,0.000418436748676,0.000333330969284,0.000163119410501,0.0,6.38293345437e-05,0.0,0.000425528896958,0.0,7.09214828264e-06,7.09214828264e-06,0.000212764448479,5.67371862611e-05,8.51057793916e-05,3.54607414132e-05,0.000205672300196,0.000120566520805,7.09214828264e-06,1.41842965653e-05,7.09214828264e-05,9.21979276743e-05,7.09214828264e-06,8.51057793916e-05,0.0,2.83685931305e-05,4.96450379785e-05,0.0,0.0,7.09214828264e-06,0.0,2.83685931305e-05
Gen 141
float_yankdup,integer_swap,vector_float_conj,vector_float_conc,vector_float_occurrencesof,vector_float_replacefirst,vector_float_rest,vector_float_p,vector_float_s,vector_float_r,vector_float_first,integer_fromfloat,vector_float_last,vector_float_d,float_sw,exec_yankd,vector_float_n,exec_do*tim,exec_yankdup,exec_yank,integer_mu,vector_float_remove,vector_float_fir,exec_do*vector_float,float_p,float_r,vector_float_stackdep,vector_float_dup,vector_float_subvec,float_i,exec_do*range,integer_yankd,float_m,integer_rot,float_a,float_c,float_d,integer_stackdep,float_s,vector_float_occurrences,exec_stackdepth,vector_float_swap,vector_float_reverse,float_stackdepth,float_max,exec_do*vector_flo,float_min,vector_float_rot,float_rot,exec_shove,vector_float_pushall,float_stackdep,float_sub,vector_float_sho,integer_div,integer_mult,integer_min,float_shove,integer_flush,float_inc,in1,integer_yank,integer_fromflo,vector_float_yankdup,float_ya,vector_float_butla,integer_sw,float_pop,exec_d,float_yankd,integer_max,exec_dup,exec_k,float_frominteger,float_mult,exec_noop,exec_p,exec_r,exec_s,vector_float_butlast,integer_flu,exec_y,float_mod,integer_ya,integer_yankdup,exec_stackdep,exec_do*ran,vector_float_index,vector_float_pop,exec_do*cou,vector_float_ta,vector_float_flu,float_add,exec_do*times,integer_shove,float_tan,vector_float_la,vector_float_indexof,float_sho,float_frominteg,integer_dup,vector_float_stackdepth,exec_sho,vector_float_replace,exec_swap,vector_float_rever,autoconstructive_integer_ra,exec_sw,integer_add,exec_flush,float_flu,float_cos,exec_flu,integer_mod,float_div,vector_float_leng,integer_inc,vector_float_yank,exec_rot,vector_float_flush,float_dec,vector_float_set,integer_pop,vector_float_shove,exec_pop,vector_float_take,vector_float_concat,vector_float_pusha,vector_float_ya,vector_float_remo,float_sin,autoconstructive_integer_rand,vector_float_length,exec_do*count,integer_sub,float_mu,exec_no,vector_float_re,float_dup,integer_r,integer_sho,vector_float_yankd,integer_stackdepth,integer_dec,exec,vector_float_replacefir,vector_float_nth,float_swap,vector_float_co,exec_ya,float_yank,float_flush,float_t,integer_d,integer_a,integer_m,integer_i,vector_float_subv,integer_s,integer_p,vector_float_repla,vector_float_sw
0.000485912071042,0.000612671741748,4.9295427497e-05,7.04220392814e-06,0.000253519341413,0.000211266117844,4.22532235688e-05,7.04220392814e-06,7.04220392814e-06,7.04220392814e-06,0.000211266117844,0.000464785459257,0.000197181709988,7.04220392814e-06,0.0,5.63376314251e-05,7.04220392814e-06,7.04220392814e-06,0.000697178188886,0.000119717466778,0.0,0.000197181709988,7.74642432096e-05,0.000147886282491,0.0,1.40844078563e-05,7.04220392814e-06,0.000549291906395,0.000197181709988,7.04220392814e-06,0.000345067992479,3.52110196407e-05,7.74642432096e-05,4.9295427497e-05,7.04220392814e-06,7.04220392814e-06,3.52110196407e-05,1.40844078563e-05,4.22532235688e-05,2.81688157126e-05,0.000563376314251,0.000746473616383,3.52110196407e-05,0.000161970690347,7.04220392814e-06,7.04220392814e-06,0.000295772564982,0.000147886282491,0.000570418518179,0.000105633058922,0.000767600228167,4.9295427497e-05,7.04220392814e-05,7.04220392814e-06,0.000288730361054,0.00041549003176,0.000352110196407,0.000119717466778,2.11266117844e-05,0.000514080886754,0.00140844078563,0.000161970690347,4.9295427497e-05,0.000161970690347,0.0,4.9295427497e-05,2.11266117844e-05,7.04220392814e-06,7.04220392814e-06,7.04220392814e-06,0.00030281476891,0.000422532235688,0.00019013950606,0.000697178188886,0.000373236808191,0.00011267526285,2.11266117844e-05,2.81688157126e-05,7.04220392814e-06,0.000295772564982,0.0,9.8590854994e-05,0.000176055098204,5.63376314251e-05,7.74642432096e-05,6.33798353533e-05,3.52110196407e-05,0.0,7.74642432096e-05,1.40844078563e-05,1.40844078563e-05,2.81688157126e-05,5.63376314251e-05,0.000126759670707,0.000147886282491,0.000105633058922,0.0,7.74642432096e-05,0.0,4.9295427497e-05,0.00011267526285,0.000140844078563,0.0,0.000105633058922,7.74642432096e-05,7.04220392814e-06,7.74642432096e-05,2.11266117844e-05,7.04220392814e-05,2.81688157126e-05,0.0,1.40844078563e-05,0.0,0.000183097302132,0.000176055098204,9.15486510658e-05,0.000260561545341,0.000119717466778,0.000281688157126,0.000436616643545,0.000373236808191,0.000232392729629,3.52110196407e-05,0.000338025788551,9.15486510658e-05,0.000133801874635,9.15486510658e-05,7.74642432096e-05,0.0,4.9295427497e-05,8.45064471377e-05,8.45064471377e-05,0.000330983584623,0.000352110196407,0.000140844078563,1.40844078563e-05,6.33798353533e-05,0.0,0.000394363419976,0.0,7.04220392814e-06,1.40844078563e-05,0.000239434933557,7.74642432096e-05,7.04220392814e-05,4.22532235688e-05,0.000183097302132,9.15486510658e-05,0.0,0.0,9.8590854994e-05,9.8590854994e-05,0.0,6.33798353533e-05,1.40844078563e-05,1.40844078563e-05,2.11266117844e-05,0.0,1.40844078563e-05,0.0,0.0,4.9295427497e-05
Gen 142
float_yankdup,integer_swap,vector_float_conj,vector_float_conc,vector_float_occurrencesof,vector_float_replacefirst,vector_float_rest,vector_float_p,vector_float_s,vector_float_r,vector_float_first,integer_fromfloat,vector_float_last,vector_float_d,float_sw,exec_yankd,vector_float_n,exec_do*tim,exec_yankdup,exec_yank,integer_mu,vector_float_remove,vector_float_fir,exec_do*vector_float,float_p,float_r,vector_float_stackdep,vector_float_dup,vector_float_subvec,float_i,exec_do*range,integer_yankd,float_m,integer_rot,float_a,float_c,float_d,integer_stackdep,float_s,vector_float_occurrences,exec_stackdepth,vector_float_swap,vector_float_reverse,float_stackdepth,float_max,exec_do*vector_flo,float_min,vector_float_rot,float_rot,exec_shove,vector_float_pushall,float_stackdep,float_sub,vector_float_sho,integer_div,integer_mult,integer_min,float_shove,integer_flush,float_inc,in1,integer_yank,integer_fromflo,vector_float_yankdup,float_ya,vector_float_butla,integer_sw,float_pop,exec_d,float_yankd,integer_max,exec_dup,exec_k,float_frominteger,float_mult,exec_noop,exec_p,exec_r,exec_s,vector_float_butlast,integer_flu,exec_y,float_mod,integer_ya,integer_yankdup,exec_stackdep,exec_do*ran,vector_float_index,vector_float_pop,exec_do*cou,vector_float_ta,vector_float_flu,float_add,exec_do*times,integer_shove,float_tan,vector_float_la,vector_float_indexof,float_sho,float_frominteg,integer_dup,vector_float_stackdepth,exec_sho,vector_float_replace,exec_swap,vector_float_rever,autoconstructive_integer_ra,exec_sw,integer_add,exec_flush,float_flu,float_cos,exec_flu,integer_mod,float_div,vector_float_leng,integer_inc,vector_float_yank,exec_rot,vector_float_flush,float_dec,vector_float_set,integer_pop,vector_float_shove,exec_pop,vector_float_take,vector_float_concat,vector_float_pusha,vector_float_ya,vector_float_remo,float_sin,autoconstructive_integer_rand,vector_float_length,exec_do*count,integer_sub,float_mu,exec_no,vector_float_re,float_dup,integer_r,integer_sho,vector_float_yankd,integer_stackdepth,integer_dec,exec,vector_float_replacefir,vector_float_nth,float_swap,vector_float_co,exec_ya,float_yank,float_flush,float_t,integer_d,integer_a,integer_m,integer_i,vector_float_subv,integer_s,integer_p,vector_float_repla,vector_float_sw
0.000517478898749,0.000692302851029,4.89507066384e-05,6.9929580912e-06,0.000265732407466,0.000216781700827,9.09084551856e-05,0.0,6.9929580912e-06,6.9929580912e-06,0.000195802826554,0.000468528192111,0.000160838036098,1.39859161824e-05,0.0,6.9929580912e-05,0.0,6.9929580912e-06,0.000629366228208,0.000139859161824,6.9929580912e-06,0.000216781700827,2.79718323648e-05,0.000181816910371,0.0,0.0,1.39859161824e-05,0.000545450731114,0.000139859161824,6.9929580912e-06,0.000384612695016,0.0,6.29366228208e-05,5.59436647296e-05,0.0,0.0,6.29366228208e-05,0.0,9.09084551856e-05,6.9929580912e-06,0.000629366228208,0.000741253557667,5.59436647296e-05,0.000181816910371,2.09788742736e-05,1.39859161824e-05,0.000335661988378,0.000237760575101,0.000517478898749,5.59436647296e-05,0.000790204264306,4.19577485472e-05,0.00011888028755,6.9929580912e-06,0.000300697197922,0.000461535234019,0.000328669030287,0.000132866203733,5.59436647296e-05,0.000461535234019,0.00131467612115,0.000223774658918,4.89507066384e-05,0.000202795784645,2.09788742736e-05,6.29366228208e-05,0.0,6.9929580912e-06,6.9929580912e-06,6.9929580912e-06,0.000356640862651,0.000496500024475,0.000202795784645,0.000790204264306,0.000384612695016,0.000111887329459,0.0,6.29366228208e-05,6.9929580912e-06,0.000272725365557,6.9929580912e-06,0.000146852119915,0.000181816910371,5.59436647296e-05,9.09084551856e-05,4.89507066384e-05,1.39859161824e-05,1.39859161824e-05,0.000132866203733,0.0,0.0,1.39859161824e-05,2.09788742736e-05,0.000104894371368,0.000160838036098,0.000139859161824,1.39859161824e-05,6.9929580912e-05,6.9929580912e-06,7.69225390032e-05,6.9929580912e-05,0.00017482395228,0.0,8.39154970944e-05,0.000132866203733,6.9929580912e-06,2.79718323648e-05,1.39859161824e-05,4.19577485472e-05,1.39859161824e-05,0.0,3.4964790456e-05,0.0,0.000244753533192,0.000181816910371,7.69225390032e-05,0.000272725365557,0.00017482395228,0.000258739449374,0.000433563401655,0.000391605653107,0.000307690156013,2.09788742736e-05,0.000370626778834,0.000132866203733,0.000125873245642,0.000104894371368,6.9929580912e-05,0.0,4.89507066384e-05,0.000125873245642,0.000125873245642,0.000272725365557,0.00034964790456,0.000132866203733,6.9929580912e-06,4.89507066384e-05,0.0,0.000370626778834,6.9929580912e-06,6.9929580912e-06,0.0,0.000216781700827,0.000104894371368,9.79014132768e-05,6.29366228208e-05,0.000153845078006,7.69225390032e-05,0.0,6.9929580912e-06,0.00011888028755,8.39154970944e-05,0.0,0.000111887329459,0.0,2.79718323648e-05,2.09788742736e-05,6.9929580912e-06,6.9929580912e-06,0.0,0.0,2.79718323648e-05
Gen 143
float_yankdup,integer_swap,vector_float_conj,vector_float_conc,vector_float_occurrencesof,vector_float_replacefirst,vector_float_rest,vector_float_p,vector_float_s,vector_float_r,vector_float_first,integer_fromfloat,vector_float_last,vector_float_d,float_sw,exec_yankd,vector_float_n,exec_do*tim,exec_yankdup,exec_yank,integer_mu,vector_float_remove,vector_float_fir,exec_do*vector_float,float_p,float_r,vector_float_stackdep,vector_float_dup,vector_float_subvec,float_i,exec_do*range,integer_yankd,float_m,integer_rot,float_a,float_c,float_d,integer_stackdep,float_s,vector_float_occurrences,exec_stackdepth,vector_float_swap,vector_float_reverse,float_stackdepth,float_max,exec_do*vector_flo,float_min,vector_float_rot,float_rot,exec_shove,vector_float_pushall,float_stackdep,float_sub,vector_float_sho,integer_div,integer_mult,integer_min,float_shove,integer_flush,float_inc,in1,integer_yank,integer_fromflo,vector_float_yankdup,float_ya,vector_float_butla,integer_sw,float_pop,exec_d,float_yankd,integer_max,exec_dup,exec_k,float_frominteger,float_mult,exec_noop,exec_p,exec_r,exec_s,vector_float_butlast,integer_flu,exec_y,float_mod,integer_ya,integer_yankdup,exec_stackdep,exec_do*ran,vector_float_index,vector_float_pop,exec_do*cou,vector_float_ta,vector_float_flu,float_add,exec_do*times,integer_shove,float_tan,vector_float_la,vector_float_indexof,float_sho,float_frominteg,integer_dup,vector_float_stackdepth,exec_sho,vector_float_replace,exec_swap,vector_float_rever,autoconstructive_integer_ra,exec_sw,integer_add,exec_flush,float_flu,float_cos,exec_flu,integer_mod,float_div,vector_float_leng,integer_inc,vector_float_yank,exec_rot,vector_float_flush,float_dec,vector_float_set,integer_pop,vector_float_shove,exec_pop,vector_float_take,vector_float_concat,vector_float_pusha,vector_float_ya,vector_float_remo,float_sin,autoconstructive_integer_rand,vector_float_length,exec_do*count,integer_sub,float_mu,exec_no,vector_float_re,float_dup,integer_r,integer_sho,vector_float_yankd,integer_stackdepth,integer_dec,exec,vector_float_replacefir,vector_float_nth,float_swap,vector_float_co,exec_ya,float_yank,float_flush,float_t,integer_d,integer_a,integer_m,integer_i,vector_float_subv,integer_s,integer_p,vector_float_repla,vector_float_sw
0.000493052131582,0.000624995659752,1.38887924389e-05,0.0,0.000319442226096,0.000208331886584,5.55551697558e-05,6.94439621947e-06,6.94439621947e-06,0.0,0.000187498697926,0.000361108603412,0.000194443094145,6.94439621947e-06,6.94439621947e-06,1.38887924389e-05,0.0,6.94439621947e-06,0.00065971764085,0.000138887924389,6.94439621947e-06,0.000236109471462,6.24995659752e-05,0.000180554301706,0.0,4.16663773168e-05,1.38887924389e-05,0.000486107735363,0.000173609905487,6.94439621947e-06,0.000284720244998,0.0,6.24995659752e-05,4.86107735363e-05,0.0,0.0,8.33327546336e-05,2.08331886584e-05,2.08331886584e-05,6.94439621947e-06,0.000687495225728,0.000673606433289,6.94439621947e-05,0.000173609905487,2.77775848779e-05,1.38887924389e-05,0.000215276282804,0.000194443094145,0.000486107735363,9.02771508531e-05,0.00101388184804,3.47219810974e-05,0.000111110339512,0.0,0.000236109471462,0.000374997395851,0.000249998263901,9.72215470726e-05,2.08331886584e-05,0.000618051263533,0.00143054562121,0.00013194352817,9.72215470726e-05,0.000208331886584,6.94439621947e-06,5.55551697558e-05,1.38887924389e-05,1.38887924389e-05,6.94439621947e-06,1.38887924389e-05,0.000368052999632,0.000361108603412,0.000201387490365,0.00079166116902,0.00039583058451,0.000187498697926,6.94439621947e-06,2.08331886584e-05,1.38887924389e-05,0.000284720244998,0.0,0.000152776716828,0.000166665509267,7.63883584142e-05,9.02771508531e-05,4.86107735363e-05,1.38887924389e-05,0.0,7.63883584142e-05,1.38887924389e-05,1.38887924389e-05,1.38887924389e-05,2.08331886584e-05,0.000187498697926,0.000118054735731,0.000111110339512,6.94439621947e-06,7.63883584142e-05,0.0,8.33327546336e-05,0.00012499913195,0.000187498697926,0.0,9.02771508531e-05,0.00012499913195,6.94439621947e-06,3.47219810974e-05,2.08331886584e-05,0.000145832320609,2.08331886584e-05,0.0,6.24995659752e-05,0.0,0.000305553433657,0.000152776716828,0.000166665509267,0.000305553433657,0.000118054735731,0.000222220679023,0.000444441358046,0.000409719376949,0.000284720244998,2.08331886584e-05,0.000277775848779,0.000145832320609,0.000118054735731,0.000118054735731,5.55551697558e-05,0.0,4.16663773168e-05,9.72215470726e-05,0.000236109471462,0.000361108603412,0.000208331886584,0.00013194352817,8.33327546336e-05,2.77775848779e-05,0.0,0.00038888618829,1.38887924389e-05,0.0,0.0,0.000270831452559,6.94439621947e-05,9.72215470726e-05,5.55551697558e-05,0.000173609905487,9.02771508531e-05,6.94439621947e-06,0.0,4.86107735363e-05,7.63883584142e-05,1.38887924389e-05,8.33327546336e-05,6.94439621947e-06,4.16663773168e-05,1.38887924389e-05,0.0,0.0,0.0,1.38887924389e-05,1.38887924389e-05
Gen 144
float_yankdup,integer_swap,vector_float_conj,vector_float_conc,vector_float_occurrencesof,vector_float_replacefirst,vector_float_rest,vector_float_p,vector_float_s,vector_float_r,vector_float_first,integer_fromfloat,vector_float_last,vector_float_d,float_sw,exec_yankd,vector_float_n,exec_do*tim,exec_yankdup,exec_yank,integer_mu,vector_float_remove,vector_float_fir,exec_do*vector_float,float_p,float_r,vector_float_stackdep,vector_float_dup,vector_float_subvec,float_i,exec_do*range,integer_yankd,float_m,integer_rot,float_a,float_c,float_d,integer_stackdep,float_s,vector_float_occurrences,exec_stackdepth,vector_float_swap,vector_float_reverse,float_stackdepth,float_max,exec_do*vector_flo,float_min,vector_float_rot,float_rot,exec_shove,vector_float_pushall,float_stackdep,float_sub,vector_float_sho,integer_div,integer_mult,integer_min,float_shove,integer_flush,float_inc,in1,integer_yank,integer_fromflo,vector_float_yankdup,float_ya,vector_float_butla,integer_sw,float_pop,exec_d,float_yankd,integer_max,exec_dup,exec_k,float_frominteger,float_mult,exec_noop,exec_p,exec_r,exec_s,vector_float_butlast,integer_flu,exec_y,float_mod,integer_ya,integer_yankdup,exec_stackdep,exec_do*ran,vector_float_index,vector_float_pop,exec_do*cou,vector_float_ta,vector_float_flu,float_add,exec_do*times,integer_shove,float_tan,vector_float_la,vector_float_indexof,float_sho,float_frominteg,integer_dup,vector_float_stackdepth,exec_sho,vector_float_replace,exec_swap,vector_float_rever,autoconstructive_integer_ra,exec_sw,integer_add,exec_flush,float_flu,float_cos,exec_flu,integer_mod,float_div,vector_float_leng,integer_inc,vector_float_yank,exec_rot,vector_float_flush,float_dec,vector_float_set,integer_pop,vector_float_shove,exec_pop,vector_float_take,vector_float_concat,vector_float_pusha,vector_float_ya,vector_float_remo,float_sin,autoconstructive_integer_rand,vector_float_length,exec_do*count,integer_sub,float_mu,exec_no,vector_float_re,float_dup,integer_r,integer_sho,vector_float_yankd,integer_stackdepth,integer_dec,exec,vector_float_replacefir,vector_float_nth,float_swap,vector_float_co,exec_ya,float_yank,float_flush,float_t,integer_d,integer_a,integer_m,integer_i,vector_float_subv,integer_s,integer_p,vector_float_repla,vector_float_sw
0.000565513341287,0.000758615457824,2.75860166482e-05,6.89650416204e-06,0.000331032199778,0.000172412604051,0.000124137074917,6.89650416204e-06,1.37930083241e-05,0.0,0.000234481141509,0.000344825208102,0.000213791629023,3.44825208102e-05,0.0,4.82755291343e-05,0.0,2.75860166482e-05,0.00064137488707,0.000241377645671,6.89650416204e-06,0.000199998620699,4.13790249722e-05,0.000137930083241,0.0,2.06895124861e-05,6.89650416204e-06,0.000655167895394,0.000179309108213,1.37930083241e-05,0.000358618216426,6.89650416204e-06,7.58615457824e-05,6.20685374584e-05,0.0,0.0,6.20685374584e-05,6.89650416204e-06,4.82755291343e-05,0.0,0.000689650416204,0.000793097978635,0.000103447562431,0.000193102116537,4.82755291343e-05,0.0,0.000213791629023,0.000234481141509,0.000434479762209,8.96545541065e-05,0.000903442045227,4.13790249722e-05,0.000131033579079,6.89650416204e-06,0.000275860166482,0.000524134316315,0.000351721712264,0.000144826587403,4.13790249722e-05,0.000517237812153,0.00144136936987,0.000172412604051,9.65510582686e-05,0.000186205612375,0.0,4.82755291343e-05,1.37930083241e-05,2.06895124861e-05,6.89650416204e-06,2.06895124861e-05,0.000455169274695,0.000537927324639,0.000179309108213,0.000917235053551,0.00040689374556,8.27580499445e-05,1.37930083241e-05,2.75860166482e-05,6.89650416204e-06,0.000365514720588,0.0,0.000165516099889,0.000199998620699,0.000144826587403,0.000117240570755,8.96545541065e-05,2.06895124861e-05,0.0,8.27580499445e-05,1.37930083241e-05,1.37930083241e-05,1.37930083241e-05,5.51720332963e-05,0.000172412604051,0.000172412604051,0.000110344066593,0.0,5.51720332963e-05,1.37930083241e-05,4.82755291343e-05,0.000144826587403,0.000282756670644,0.0,0.000117240570755,0.000110344066593,0.0,3.44825208102e-05,0.0,0.000117240570755,2.06895124861e-05,0.0,6.20685374584e-05,0.0,0.000275860166482,0.000227584637347,0.000206895124861,0.000241377645671,0.000137930083241,0.000241377645671,0.000399997241398,0.000593099357935,0.000344825208102,2.75860166482e-05,0.00030344618313,0.000158619595727,0.000117240570755,8.96545541065e-05,2.75860166482e-05,0.0,6.89650416204e-06,8.96545541065e-05,0.000255170653995,0.000496548299667,0.000324135695616,0.000151723091565,4.82755291343e-05,6.89650416204e-05,6.89650416204e-06,0.000399997241398,6.89650416204e-06,0.0,6.89650416204e-06,0.000213791629023,0.000103447562431,6.20685374584e-05,6.89650416204e-05,0.000179309108213,6.89650416204e-05,0.0,1.37930083241e-05,0.000103447562431,0.000137930083241,1.37930083241e-05,2.75860166482e-05,6.89650416204e-06,6.89650416204e-06,2.06895124861e-05,0.0,0.0,6.89650416204e-06,0.0,8.96545541065e-05
Gen 145
float_yankdup,integer_swap,vector_float_conj,vector_float_conc,vector_float_occurrencesof,vector_float_replacefirst,vector_float_rest,vector_float_p,vector_float_s,vector_float_r,vector_float_first,integer_fromfloat,vector_float_last,vector_float_d,float_sw,exec_yankd,vector_float_n,exec_do*tim,exec_yankdup,exec_yank,integer_mu,vector_float_remove,vector_float_fir,exec_do*vector_float,float_p,float_r,vector_float_stackdep,vector_float_dup,vector_float_subvec,float_i,exec_do*range,integer_yankd,float_m,integer_rot,float_a,float_c,float_d,integer_stackdep,float_s,vector_float_occurrences,exec_stackdepth,vector_float_swap,vector_float_reverse,float_stackdepth,float_max,exec_do*vector_flo,float_min,vector_float_rot,float_rot,exec_shove,vector_float_pushall,float_stackdep,float_sub,vector_float_sho,integer_div,integer_mult,integer_min,float_shove,integer_flush,float_inc,in1,integer_yank,integer_fromflo,vector_float_yankdup,float_ya,vector_float_butla,integer_sw,float_pop,exec_d,float_yankd,integer_max,exec_dup,exec_k,float_frominteger,float_mult,exec_noop,exec_p,exec_r,exec_s,vector_float_butlast,integer_flu,exec_y,float_mod,integer_ya,integer_yankdup,exec_stackdep,exec_do*ran,vector_float_index,vector_float_pop,exec_do*cou,vector_float_ta,vector_float_flu,float_add,exec_do*times,integer_shove,float_tan,vector_float_la,vector_float_indexof,float_sho,float_frominteg,integer_dup,vector_float_stackdepth,exec_sho,vector_float_replace,exec_swap,vector_float_rever,autoconstructive_integer_ra,exec_sw,integer_add,exec_flush,float_flu,float_cos,exec_flu,integer_mod,float_div,vector_float_leng,integer_inc,vector_float_yank,exec_rot,vector_float_flush,float_dec,vector_float_set,integer_pop,vector_float_shove,exec_pop,vector_float_take,vector_float_concat,vector_float_pusha,vector_float_ya,vector_float_remo,float_sin,autoconstructive_integer_rand,vector_float_length,exec_do*count,integer_sub,float_mu,exec_no,vector_float_re,float_dup,integer_r,integer_sho,vector_float_yankd,integer_stackdepth,integer_dec,exec,vector_float_replacefir,vector_float_nth,float_swap,vector_float_co,exec_ya,float_yank,float_flush,float_t,integer_d,integer_a,integer_m,integer_i,vector_float_subv,integer_s,integer_p,vector_float_repla,vector_float_sw
0.000499996575366,0.000746570228971,1.36985363114e-05,0.0,0.000219176580982,0.000280819994384,6.8492681557e-05,0.0,6.8492681557e-06,6.8492681557e-06,0.000198628776515,0.00039725755303,0.000116437558647,1.36985363114e-05,0.0,6.16434134013e-05,0.0,2.05478044671e-05,0.000657529742947,0.000232875117294,6.8492681557e-06,0.000178080972048,4.79448770899e-05,0.000178080972048,0.0,1.36985363114e-05,6.8492681557e-06,0.000561639988767,0.000150683899425,6.8492681557e-06,0.000321915603318,0.0,6.16434134013e-05,5.47941452456e-05,0.0,6.8492681557e-06,6.8492681557e-05,6.8492681557e-06,6.16434134013e-05,2.05478044671e-05,0.000602735597701,0.000650680474791,0.000102739022335,0.000171231703892,6.8492681557e-05,0.0,0.000212327312827,0.000239724385449,0.000424654625653,7.53419497127e-05,0.000760268765282,3.42463407785e-05,0.000102739022335,3.42463407785e-05,0.000308217067006,0.00039725755303,0.000315066335162,7.53419497127e-05,2.05478044671e-05,0.000417805357498,0.00126026534065,0.000239724385449,3.42463407785e-05,0.000136985363114,0.0,4.79448770899e-05,3.42463407785e-05,0.0,2.73970726228e-05,0.0,0.000376709748563,0.000472599502743,0.000157533167581,0.00078081656975,0.000349312675941,6.8492681557e-05,6.8492681557e-06,2.05478044671e-05,0.0,0.000356161944096,0.0,0.000164382435737,0.000171231703892,9.58897541798e-05,0.000109588290491,0.000102739022335,6.8492681557e-06,0.0,0.000109588290491,1.36985363114e-05,6.8492681557e-06,2.05478044671e-05,2.73970726228e-05,0.000109588290491,0.000116437558647,0.000109588290491,0.0,9.58897541798e-05,0.0,7.53419497127e-05,6.16434134013e-05,0.000253422921761,0.0,6.8492681557e-05,0.00014383463127,0.0,7.53419497127e-05,0.0,0.000130136094958,4.79448770899e-05,0.0,6.8492681557e-05,6.8492681557e-06,0.000226025849138,0.000246573653605,0.000171231703892,0.000171231703892,0.000116437558647,0.000246573653605,0.000356161944096,0.000506845843522,0.000328764871473,6.8492681557e-06,0.000308217067006,0.000157533167581,8.90404860241e-05,6.16434134013e-05,3.42463407785e-05,0.0,6.8492681557e-06,8.21912178684e-05,0.000150683899425,0.000452051698276,0.000363011212252,0.000136985363114,2.73970726228e-05,3.42463407785e-05,2.05478044671e-05,0.000356161944096,0.0,1.36985363114e-05,6.8492681557e-06,0.000246573653605,0.000109588290491,5.47941452456e-05,4.10956089342e-05,0.000184930240204,2.73970726228e-05,0.0,6.8492681557e-06,6.16434134013e-05,0.000102739022335,6.8492681557e-06,6.16434134013e-05,0.0,2.05478044671e-05,6.8492681557e-06,6.8492681557e-06,0.0,0.0,1.36985363114e-05,3.42463407785e-05
Gen 146
float_yankdup,integer_swap,vector_float_conj,vector_float_conc,vector_float_occurrencesof,vector_float_replacefirst,vector_float_rest,vector_float_p,vector_float_s,vector_float_r,vector_float_first,integer_fromfloat,vector_float_last,vector_float_d,float_sw,exec_yankd,vector_float_n,exec_do*tim,exec_yankdup,exec_yank,integer_mu,vector_float_remove,vector_float_fir,exec_do*vector_float,float_p,float_r,vector_float_stackdep,vector_float_dup,vector_float_subvec,float_i,exec_do*range,integer_yankd,float_m,integer_rot,float_a,float_c,float_d,integer_stackdep,float_s,vector_float_occurrences,exec_stackdepth,vector_float_swap,vector_float_reverse,float_stackdepth,float_max,exec_do*vector_flo,float_min,vector_float_rot,float_rot,exec_shove,vector_float_pushall,float_stackdep,float_sub,vector_float_sho,integer_div,integer_mult,integer_min,float_shove,integer_flush,float_inc,in1,integer_yank,integer_fromflo,vector_float_yankdup,float_ya,vector_float_butla,integer_sw,float_pop,exec_d,float_yankd,integer_max,exec_dup,exec_k,float_frominteger,float_mult,exec_noop,exec_p,exec_r,exec_s,vector_float_butlast,integer_flu,exec_y,float_mod,integer_ya,integer_yankdup,exec_stackdep,exec_do*ran,vector_float_index,vector_float_pop,exec_do*cou,vector_float_ta,vector_float_flu,float_add,exec_do*times,integer_shove,float_tan,vector_float_la,vector_float_indexof,float_sho,float_frominteg,integer_dup,vector_float_stackdepth,exec_sho,vector_float_replace,exec_swap,vector_float_rever,autoconstructive_integer_ra,exec_sw,integer_add,exec_flush,float_flu,float_cos,exec_flu,integer_mod,float_div,vector_float_leng,integer_inc,vector_float_yank,exec_rot,vector_float_flush,float_dec,vector_float_set,integer_pop,vector_float_shove,exec_pop,vector_float_take,vector_float_concat,vector_float_pusha,vector_float_ya,vector_float_remo,float_sin,autoconstructive_integer_rand,vector_float_length,exec_do*count,integer_sub,float_mu,exec_no,vector_float_re,float_dup,integer_r,integer_sho,vector_float_yankd,integer_stackdepth,integer_dec,exec,vector_float_replacefir,vector_float_nth,float_swap,vector_float_co,exec_ya,float_yank,float_flush,float_t,integer_d,integer_a,integer_m,integer_i,vector_float_subv,integer_s,integer_p,vector_float_repla,vector_float_sw
0.000496595261257,0.000687070155985,2.04080244352e-05,6.80267481174e-06,0.000204080244352,0.000210882919164,3.40133740587e-05,0.0,1.36053496235e-05,6.80267481174e-06,0.000142856171046,0.000319725716152,9.52374473643e-05,2.04080244352e-05,0.0,7.48294229291e-05,0.0,0.0,0.00046938456201,0.000170066870293,1.36053496235e-05,0.000163264195482,1.36053496235e-05,0.000170066870293,0.0,1.36053496235e-05,0.0,0.000632648757491,0.000142856171046,2.04080244352e-05,0.000360541765022,0.0,9.52374473643e-05,3.40133740587e-05,0.0,0.0,5.44213984939e-05,0.0,5.44213984939e-05,0.0,0.000551016659751,0.000605438058245,0.000108842796988,0.000136053496235,3.40133740587e-05,6.80267481174e-06,0.000231290943599,0.000238093618411,0.000333331065775,4.08160488704e-05,0.000619043407868,5.44213984939e-05,8.16320977408e-05,1.36053496235e-05,0.000265304317658,0.000489792586445,0.000346936415399,0.000102040122176,2.04080244352e-05,0.00035373909021,0.00120407344168,0.000231290943599,6.80267481174e-05,0.000122448146611,6.80267481174e-06,4.76187236822e-05,5.44213984939e-05,1.36053496235e-05,6.80267481174e-06,6.80267481174e-06,0.000292515016905,0.000523805960504,0.000108842796988,0.000653056781927,0.000319725716152,6.12240733056e-05,0.0,4.76187236822e-05,1.36053496235e-05,0.000333331065775,0.0,0.000108842796988,0.000108842796988,0.0001156454718,0.000102040122176,5.44213984939e-05,6.80267481174e-06,0.0,6.80267481174e-05,2.04080244352e-05,0.0,0.0,1.36053496235e-05,6.80267481174e-05,0.000136053496235,0.000108842796988,2.04080244352e-05,8.16320977408e-05,0.0,9.52374473643e-05,5.44213984939e-05,0.000217685593976,0.0,6.12240733056e-05,8.16320977408e-05,0.0,2.72106992469e-05,0.0,0.000142856171046,2.04080244352e-05,6.80267481174e-06,4.08160488704e-05,1.36053496235e-05,0.000163264195482,0.000149658845858,0.000183672219917,0.000149658845858,0.000170066870293,0.000251698968034,0.000333331065775,0.000421765838328,0.000285712342093,6.80267481174e-06,0.000306120366528,0.0001156454718,8.16320977408e-05,5.44213984939e-05,6.80267481174e-05,0.0,6.80267481174e-06,8.16320977408e-05,9.52374473643e-05,0.000414963163516,0.000346936415399,0.000122448146611,0.0,2.04080244352e-05,2.72106992469e-05,0.000292515016905,0.0,6.80267481174e-06,6.80267481174e-06,0.000129250821423,0.000108842796988,3.40133740587e-05,6.80267481174e-05,0.000129250821423,1.36053496235e-05,0.0,6.80267481174e-06,7.48294229291e-05,7.48294229291e-05,1.36053496235e-05,2.72106992469e-05,0.0,1.36053496235e-05,6.80267481174e-06,6.80267481174e-06,6.80267481174e-06,0.0,0.0,1.36053496235e-05
Gen 147
float_yankdup,integer_swap,vector_float_conj,vector_float_conc,vector_float_occurrencesof,vector_float_replacefirst,vector_float_rest,vector_float_p,vector_float_s,vector_float_r,vector_float_first,integer_fromfloat,vector_float_last,vector_float_d,float_sw,exec_yankd,vector_float_n,exec_do*tim,exec_yankdup,exec_yank,integer_mu,vector_float_remove,vector_float_fir,exec_do*vector_float,float_p,float_r,vector_float_stackdep,vector_float_dup,vector_float_subvec,float_i,exec_do*range,integer_yankd,float_m,integer_rot,float_a,float_c,float_d,integer_stackdep,float_s,vector_float_occurrences,exec_stackdepth,vector_float_swap,vector_float_reverse,float_stackdepth,float_max,exec_do*vector_flo,float_min,vector_float_rot,float_rot,exec_shove,vector_float_pushall,float_stackdep,float_sub,vector_float_sho,integer_div,integer_mult,integer_min,float_shove,integer_flush,float_inc,in1,integer_yank,integer_fromflo,vector_float_yankdup,float_ya,vector_float_butla,integer_sw,float_pop,exec_d,float_yankd,integer_max,exec_dup,exec_k,float_frominteger,float_mult,exec_noop,exec_p,exec_r,exec_s,vector_float_butlast,integer_flu,exec_y,float_mod,integer_ya,integer_yankdup,exec_stackdep,exec_do*ran,vector_float_index,vector_float_pop,exec_do*cou,vector_float_ta,vector_float_flu,float_add,exec_do*times,integer_shove,float_tan,vector_float_la,vector_float_indexof,float_sho,float_frominteg,integer_dup,vector_float_stackdepth,exec_sho,vector_float_replace,exec_swap,vector_float_rever,autoconstructive_integer_ra,exec_sw,integer_add,exec_flush,float_flu,float_cos,exec_flu,integer_mod,float_div,vector_float_leng,integer_inc,vector_float_yank,exec_rot,vector_float_flush,float_dec,vector_float_set,integer_pop,vector_float_shove,exec_pop,vector_float_take,vector_float_concat,vector_float_pusha,vector_float_ya,vector_float_remo,float_sin,autoconstructive_integer_rand,vector_float_length,exec_do*count,integer_sub,float_mu,exec_no,vector_float_re,float_dup,integer_r,integer_sho,vector_float_yankd,integer_stackdepth,integer_dec,exec,vector_float_replacefir,vector_float_nth,float_swap,vector_float_co,exec_ya,float_yank,float_flush,float_t,integer_d,integer_a,integer_m,integer_i,vector_float_subv,integer_s,integer_p,vector_float_repla,vector_float_sw
0.000533780177161,0.000641887554814,1.35134222066e-05,0.0,0.000249998310822,0.000236484888616,5.40536888264e-05,6.7567111033e-06,6.7567111033e-06,6.7567111033e-06,0.000155404355376,0.000297295288545,0.000168917777583,6.7567111033e-06,0.0,6.7567111033e-05,0.0,0.0,0.000472969777231,0.000216214755306,6.7567111033e-06,0.000162161066479,7.43238221363e-05,0.000168917777583,0.0,0.0,0.0,0.000601347288194,0.000168917777583,6.7567111033e-06,0.000358105688475,0.0,6.7567111033e-05,3.37835555165e-05,0.0,0.0,9.45939554462e-05,6.7567111033e-06,4.05402666198e-05,1.35134222066e-05,0.000581077154884,0.000621617421504,0.000128377510963,0.000162161066479,4.05402666198e-05,2.02701333099e-05,0.000216214755306,0.000209458044202,0.000364862399578,6.08103999297e-05,0.000628374132607,6.08103999297e-05,8.10805332396e-05,1.35134222066e-05,0.000324322132959,0.000445942932818,0.000358105688475,0.000108107377653,2.70268444132e-05,0.000418916088405,0.00106080364322,0.000263511733029,3.37835555165e-05,0.000121620799859,1.35134222066e-05,5.40536888264e-05,4.05402666198e-05,2.02701333099e-05,2.02701333099e-05,0.0,0.000317565421855,0.000540536888264,0.000148647644273,0.00067567111033,0.000425672799508,0.00010135066655,6.7567111033e-06,4.05402666198e-05,0.0,0.000344592266268,1.35134222066e-05,0.000121620799859,0.000128377510963,0.000141890933169,0.000128377510963,6.08103999297e-05,1.35134222066e-05,6.7567111033e-06,0.000128377510963,2.02701333099e-05,1.35134222066e-05,0.0,6.7567111033e-06,9.45939554462e-05,0.000114864088756,0.000108107377653,6.7567111033e-06,0.00010135066655,1.35134222066e-05,6.08103999297e-05,2.02701333099e-05,0.000297295288545,0.0,8.10805332396e-05,0.00010135066655,0.0,5.40536888264e-05,0.0,0.000168917777583,0.0,0.0,4.72969777231e-05,0.0,0.000148647644273,0.000189187910892,9.45939554462e-05,0.000175674488686,0.000114864088756,0.000209458044202,0.000290538577442,0.000358105688475,0.000304051999649,3.37835555165e-05,0.000195944621996,0.000128377510963,7.43238221363e-05,6.7567111033e-05,4.72969777231e-05,6.7567111033e-06,2.02701333099e-05,7.43238221363e-05,0.000155404355376,0.000385132532888,0.000331078844062,0.000128377510963,6.7567111033e-06,2.02701333099e-05,6.7567111033e-06,0.000304051999649,0.0,0.0,2.02701333099e-05,0.000189187910892,8.10805332396e-05,4.05402666198e-05,2.70268444132e-05,9.45939554462e-05,3.37835555165e-05,0.0,0.0,4.72969777231e-05,4.05402666198e-05,0.0,2.70268444132e-05,6.7567111033e-06,1.35134222066e-05,6.7567111033e-06,0.0,0.0,1.35134222066e-05,0.0,3.37835555165e-05
Gen 148
float_yankdup,integer_swap,vector_float_conj,vector_float_conc,vector_float_occurrencesof,vector_float_replacefirst,vector_float_rest,vector_float_p,vector_float_s,vector_float_r,vector_float_first,integer_fromfloat,vector_float_last,vector_float_d,float_sw,exec_yankd,vector_float_n,exec_do*tim,exec_yankdup,exec_yank,integer_mu,vector_float_remove,vector_float_fir,exec_do*vector_float,float_p,float_r,vector_float_stackdep,vector_float_dup,vector_float_subvec,float_i,exec_do*range,integer_yankd,float_m,integer_rot,float_a,float_c,float_d,integer_stackdep,float_s,vector_float_occurrences,exec_stackdepth,vector_float_swap,vector_float_reverse,float_stackdepth,float_max,exec_do*vector_flo,float_min,vector_float_rot,float_rot,exec_shove,vector_float_pushall,float_stackdep,float_sub,vector_float_sho,integer_div,integer_mult,integer_min,float_shove,integer_flush,float_inc,in1,integer_yank,integer_fromflo,vector_float_yankdup,float_ya,vector_float_butla,integer_sw,float_pop,exec_d,float_yankd,integer_max,exec_dup,exec_k,float_frominteger,float_mult,exec_noop,exec_p,exec_r,exec_s,vector_float_butlast,integer_flu,exec_y,float_mod,integer_ya,integer_yankdup,exec_stackdep,exec_do*ran,vector_float_index,vector_float_pop,exec_do*cou,vector_float_ta,vector_float_flu,float_add,exec_do*times,integer_shove,float_tan,vector_float_la,vector_float_indexof,float_sho,float_frominteg,integer_dup,vector_float_stackdepth,exec_sho,vector_float_replace,exec_swap,vector_float_rever,autoconstructive_integer_ra,exec_sw,integer_add,exec_flush,float_flu,float_cos,exec_flu,integer_mod,float_div,vector_float_leng,integer_inc,vector_float_yank,exec_rot,vector_float_flush,float_dec,vector_float_set,integer_pop,vector_float_shove,exec_pop,vector_float_take,vector_float_concat,vector_float_pusha,vector_float_ya,vector_float_remo,float_sin,autoconstructive_integer_rand,vector_float_length,exec_do*count,integer_sub,float_mu,exec_no,vector_float_re,float_dup,integer_r,integer_sho,vector_float_yankd,integer_stackdepth,integer_dec,exec,vector_float_replacefir,vector_float_nth,float_swap,vector_float_co,exec_ya,float_yank,float_flush,float_t,integer_d,integer_a,integer_m,integer_i,vector_float_subv,integer_s,integer_p,vector_float_repla,vector_float_sw
0.000543620512614,0.000630868249206,2.6845457413e-05,0.0,0.000261743209777,0.000161072744478,2.6845457413e-05,6.71136435326e-06,1.34227287065e-05,6.71136435326e-06,0.000221475023658,0.00030872276025,0.000208052294951,4.02681861196e-05,0.0,5.36909148261e-05,6.71136435326e-06,0.0,0.000516775055201,0.000214763659304,6.71136435326e-06,0.000228186388011,3.35568217663e-05,0.000167784108831,0.0,2.6845457413e-05,6.71136435326e-06,0.000718115985799,0.000161072744478,6.71136435326e-06,0.000355702310723,2.01340930598e-05,6.04022791793e-05,8.05363722391e-05,0.0,6.71136435326e-06,9.39591009456e-05,0.0,2.6845457413e-05,2.01340930598e-05,0.0006174455205,0.000731538714505,0.000107381829652,0.000154361380125,2.01340930598e-05,1.34227287065e-05,0.000275165938484,0.000181206837538,0.000416104589902,8.72477365924e-05,0.000677847799679,6.04022791793e-05,0.000100670465299,2.6845457413e-05,0.00030872276025,0.000543620512614,0.000476506869081,7.38250078859e-05,2.6845457413e-05,0.000402681861196,0.001234891041,0.000261743209777,2.6845457413e-05,0.000134227287065,0.0,6.04022791793e-05,2.6845457413e-05,1.34227287065e-05,2.6845457413e-05,2.01340930598e-05,0.000241609116717,0.000550331876967,0.000261743209777,0.000744961443212,0.000348990946369,0.000120804558359,6.71136435326e-06,6.71136435326e-05,6.71136435326e-06,0.000375836403783,2.01340930598e-05,0.000120804558359,9.39591009456e-05,0.000140938651418,0.000114093194005,7.38250078859e-05,2.6845457413e-05,0.0,0.000140938651418,1.34227287065e-05,0.0,0.0,2.6845457413e-05,8.72477365924e-05,0.000127515922712,0.000167784108831,1.34227287065e-05,0.000120804558359,6.71136435326e-06,5.36909148261e-05,4.69795504728e-05,0.000275165938484,0.0,0.000127515922712,0.000147650015772,1.34227287065e-05,6.04022791793e-05,0.0,0.000140938651418,6.71136435326e-06,6.71136435326e-06,2.01340930598e-05,0.0,0.000147650015772,0.000194629566245,0.000140938651418,0.000174495473185,0.000107381829652,0.00026845457413,0.000315434124603,0.000402681861196,0.000295300031543,6.04022791793e-05,0.000261743209777,0.000114093194005,4.69795504728e-05,7.38250078859e-05,4.02681861196e-05,6.71136435326e-06,3.35568217663e-05,0.000120804558359,0.000201340930598,0.000409393225549,0.000375836403783,0.000134227287065,0.0,3.35568217663e-05,6.71136435326e-06,0.00030872276025,0.0,0.0,5.36909148261e-05,0.000187918201891,4.69795504728e-05,2.6845457413e-05,6.71136435326e-06,9.39591009456e-05,3.35568217663e-05,6.71136435326e-06,0.0,4.69795504728e-05,4.02681861196e-05,0.0,2.01340930598e-05,0.0,1.34227287065e-05,0.0,1.34227287065e-05,1.34227287065e-05,0.0,6.71136435326e-06,2.6845457413e-05
Gen 149
float_yankdup,integer_swap,vector_float_conj,vector_float_conc,vector_float_occurrencesof,vector_float_replacefirst,vector_float_rest,vector_float_p,vector_float_s,vector_float_r,vector_float_first,integer_fromfloat,vector_float_last,vector_float_d,float_sw,exec_yankd,vector_float_n,exec_do*tim,exec_yankdup,exec_yank,integer_mu,vector_float_remove,vector_float_fir,exec_do*vector_float,float_p,float_r,vector_float_stackdep,vector_float_dup,vector_float_subvec,float_i,exec_do*range,integer_yankd,float_m,integer_rot,float_a,float_c,float_d,integer_stackdep,float_s,vector_float_occurrences,exec_stackdepth,vector_float_swap,vector_float_reverse,float_stackdepth,float_max,exec_do*vector_flo,float_min,vector_float_rot,float_rot,exec_shove,vector_float_pushall,float_stackdep,float_sub,vector_float_sho,integer_div,integer_mult,integer_min,float_shove,integer_flush,float_inc,in1,integer_yank,integer_fromflo,vector_float_yankdup,float_ya,vector_float_butla,integer_sw,float_pop,exec_d,float_yankd,integer_max,exec_dup,exec_k,float_frominteger,float_mult,exec_noop,exec_p,exec_r,exec_s,vector_float_butlast,integer_flu,exec_y,float_mod,integer_ya,integer_yankdup,exec_stackdep,exec_do*ran,vector_float_index,vector_float_pop,exec_do*cou,vector_float_ta,vector_float_flu,float_add,exec_do*times,integer_shove,float_tan,vector_float_la,vector_float_indexof,float_sho,float_frominteg,integer_dup,vector_float_stackdepth,exec_sho,vector_float_replace,exec_swap,vector_float_rever,autoconstructive_integer_ra,exec_sw,integer_add,exec_flush,float_flu,float_cos,exec_flu,integer_mod,float_div,vector_float_leng,integer_inc,vector_float_yank,exec_rot,vector_float_flush,float_dec,vector_float_set,integer_pop,vector_float_shove,exec_pop,vector_float_take,vector_float_concat,vector_float_pusha,vector_float_ya,vector_float_remo,float_sin,autoconstructive_integer_rand,vector_float_length,exec_do*count,integer_sub,float_mu,exec_no,vector_float_re,float_dup,integer_r,integer_sho,vector_float_yankd,integer_stackdepth,integer_dec,exec,vector_float_replacefir,vector_float_nth,float_swap,vector_float_co,exec_ya,float_yank,float_flush,float_t,integer_d,integer_a,integer_m,integer_i,vector_float_subv,integer_s,integer_p,vector_float_repla,vector_float_sw
0.000526663155579,0.000599996000027,6.66662222252e-06,6.66662222252e-06,0.000293331377791,0.000213331911121,2.66664888901e-05,6.66662222252e-06,6.66662222252e-06,1.3333244445e-05,0.000193332044453,0.000293331377791,0.000226665155566,6.66662222252e-06,6.66662222252e-06,5.33329777801e-05,6.66662222252e-06,0.0,0.000519996533356,0.000186665422231,6.66662222252e-06,0.000226665155566,4.66663555576e-05,0.000193332044453,0.0,1.3333244445e-05,6.66662222252e-06,0.000713328577809,0.000179998800008,1.3333244445e-05,0.000346664355571,1.3333244445e-05,7.99994666702e-05,9.99993333378e-05,0.0,0.0,0.00015999893334,1.3333244445e-05,2.66664888901e-05,0.0,0.000639995733362,0.000633329111139,0.000199998666676,0.000126665822228,2.66664888901e-05,6.66662222252e-06,0.000366664222239,0.000206665288898,0.000459996933354,4.66663555576e-05,0.000733328444477,3.99997333351e-05,0.000153332311118,6.66662222252e-06,0.000339997733348,0.000519996533356,0.000419997200019,9.99993333378e-05,2.66664888901e-05,0.000473330177799,0.00125332497783,0.000253331644456,3.33331111126e-05,0.000206665288898,1.3333244445e-05,4.66663555576e-05,3.33331111126e-05,1.99998666676e-05,6.66662222252e-06,0.0,0.000233331777788,0.000493330044466,0.000213331911121,0.00079332804448,0.000359997600016,0.000153332311118,0.0,3.33331111126e-05,0.0,0.000319997866681,5.99996000027e-05,0.00010666595556,0.000126665822228,0.000119999200005,0.000113332577783,8.66660888927e-05,6.66662222252e-06,0.0,0.000146665688895,1.99998666676e-05,6.66662222252e-06,0.0,1.99998666676e-05,0.000126665822228,0.000166665555563,0.000119999200005,6.66662222252e-06,0.00013333244445,6.66662222252e-06,5.33329777801e-05,4.66663555576e-05,0.000226665155566,0.0,0.000153332311118,0.000119999200005,2.66664888901e-05,5.99996000027e-05,0.0,0.000199998666676,0.0,6.66662222252e-06,1.99998666676e-05,0.0,9.33327111153e-05,0.000253331644456,0.000119999200005,0.000173332177785,0.000199998666676,0.000199998666676,0.000313331244458,0.000459996933354,0.000299998000013,0.000139999066673,0.000213331911121,0.000139999066673,6.66662222252e-05,8.66660888927e-05,5.33329777801e-05,0.0,1.3333244445e-05,5.99996000027e-05,0.000239998400011,0.000446663688909,0.000313331244458,0.000146665688895,2.66664888901e-05,2.66664888901e-05,2.66664888901e-05,0.000346664355571,0.0,6.66662222252e-06,5.33329777801e-05,0.000246665022233,8.66660888927e-05,4.66663555576e-05,1.3333244445e-05,9.33327111153e-05,5.33329777801e-05,0.0,0.0,4.66663555576e-05,3.33331111126e-05,6.66662222252e-06,2.66664888901e-05,0.0,1.99998666676e-05,1.3333244445e-05,6.66662222252e-06,6.66662222252e-06,0.0,1.3333244445e-05,2.66664888901e-05
Gen 150
float_yankdup,integer_swap,vector_float_conj,vector_float_conc,vector_float_occurrencesof,vector_float_replacefirst,vector_float_rest,vector_float_p,vector_float_s,vector_float_r,vector_float_first,integer_fromfloat,vector_float_last,vector_float_d,float_sw,exec_yankd,vector_float_n,exec_do*tim,exec_yankdup,exec_yank,integer_mu,vector_float_remove,vector_float_fir,exec_do*vector_float,float_p,float_r,vector_float_stackdep,vector_float_dup,vector_float_subvec,float_i,exec_do*range,integer_yankd,float_m,integer_rot,float_a,float_c,float_d,integer_stackdep,float_s,vector_float_occurrences,exec_stackdepth,vector_float_swap,vector_float_reverse,float_stackdepth,float_max,exec_do*vector_flo,float_min,vector_float_rot,float_rot,exec_shove,vector_float_pushall,float_stackdep,float_sub,vector_float_sho,integer_div,integer_mult,integer_min,float_shove,integer_flush,float_inc,in1,integer_yank,integer_fromflo,vector_float_yankdup,float_ya,vector_float_butla,integer_sw,float_pop,exec_d,float_yankd,integer_max,exec_dup,exec_k,float_frominteger,float_mult,exec_noop,exec_p,exec_r,exec_s,vector_float_butlast,integer_flu,exec_y,float_mod,integer_ya,integer_yankdup,exec_stackdep,exec_do*ran,vector_float_index,vector_float_pop,exec_do*cou,vector_float_ta,vector_float_flu,float_add,exec_do*times,integer_shove,float_tan,vector_float_la,vector_float_indexof,float_sho,float_frominteg,integer_dup,vector_float_stackdepth,exec_sho,vector_float_replace,exec_swap,vector_float_rever,autoconstructive_integer_ra,exec_sw,integer_add,exec_flush,float_flu,float_cos,exec_flu,integer_mod,float_div,vector_float_leng,integer_inc,vector_float_yank,exec_rot,vector_float_flush,float_dec,vector_float_set,integer_pop,vector_float_shove,exec_pop,vector_float_take,vector_float_concat,vector_float_pusha,vector_float_ya,vector_float_remo,float_sin,autoconstructive_integer_rand,vector_float_length,exec_do*count,integer_sub,float_mu,exec_no,vector_float_re,float_dup,integer_r,integer_sho,vector_float_yankd,integer_stackdepth,integer_dec,exec,vector_float_replacefir,vector_float_nth,float_swap,vector_float_co,exec_ya,float_yank,float_flush,float_t,integer_d,integer_a,integer_m,integer_i,vector_float_subv,integer_s,integer_p,vector_float_repla,vector_float_sw
0.000496685452414,0.00063575737909,1.98674180966e-05,1.32449453977e-05,0.000264898907954,0.000251653962557,4.6357308892e-05,0.0,6.62247269886e-06,6.62247269886e-06,0.000185429235568,0.000311256216846,0.000225164071761,2.64898907954e-05,6.62247269886e-06,7.94696723863e-05,0.0,0.0,0.000549665234005,0.000119204508579,1.32449453977e-05,0.000284766326051,3.31123634943e-05,0.000192051708267,0.0,1.98674180966e-05,1.32449453977e-05,0.000781451778465,0.000245031489858,1.32449453977e-05,0.000516552870511,6.62247269886e-06,8.60921450851e-05,9.2714617784e-05,0.0,0.0,0.000125826981278,0.0,5.29797815909e-05,1.32449453977e-05,0.000582777597499,0.000794696723863,0.000211919126363,0.000211919126363,4.6357308892e-05,1.32449453977e-05,0.000470195561619,0.000271521380653,0.000456950616221,9.93370904828e-05,0.000761584360368,5.96022542897e-05,0.000178806762869,3.97348361931e-05,0.00029138879875,0.0005761551248,0.000503307925113,0.000132449453977,2.64898907954e-05,0.000357613525738,0.00133111701247,0.000331123634943,5.29797815909e-05,0.000198674180966,1.32449453977e-05,2.64898907954e-05,3.31123634943e-05,1.32449453977e-05,1.98674180966e-05,3.31123634943e-05,0.000211919126363,0.000503307925113,0.000311256216846,0.000761584360368,0.000331123634943,0.000152316872074,0.0,2.64898907954e-05,0.0,0.000344368580341,5.29797815909e-05,0.000119204508579,0.000125826981278,8.60921450851e-05,7.94696723863e-05,3.97348361931e-05,1.32449453977e-05,0.0,0.00017218429017,2.64898907954e-05,0.0,6.62247269886e-06,1.98674180966e-05,0.000119204508579,0.000198674180966,0.000132449453977,6.62247269886e-06,9.2714617784e-05,6.62247269886e-06,4.6357308892e-05,1.32449453977e-05,0.000178806762869,0.0,0.000139071926676,0.000105959563182,1.32449453977e-05,4.6357308892e-05,0.0,0.000251653962557,0.0,6.62247269886e-06,5.29797815909e-05,0.0,0.000185429235568,0.000278143853352,0.000158939344773,0.000205296653665,0.000304633744147,0.000225164071761,0.000350991053039,0.000543042761306,0.00029138879875,0.000139071926676,0.000258276435255,0.000145694399375,0.000132449453977,0.000132449453977,7.28471996874e-05,0.0,1.98674180966e-05,0.000112582035881,0.000178806762869,0.000509930397812,0.000324501162244,0.000139071926676,6.62247269886e-06,3.31123634943e-05,1.32449453977e-05,0.000331123634943,0.0,6.62247269886e-06,3.97348361931e-05,0.00017218429017,0.000125826981278,5.29797815909e-05,1.32449453977e-05,0.000139071926676,4.6357308892e-05,0.0,0.0,5.29797815909e-05,7.28471996874e-05,0.0,1.98674180966e-05,0.0,3.31123634943e-05,6.62247269886e-06,0.0,5.29797815909e-05,1.32449453977e-05,0.0,3.31123634943e-05
Gen 151
float_yankdup,integer_swap,vector_float_conj,vector_float_conc,vector_float_occurrencesof,vector_float_replacefirst,vector_float_rest,vector_float_p,vector_float_s,vector_float_r,vector_float_first,integer_fromfloat,vector_float_last,vector_float_d,float_sw,exec_yankd,vector_float_n,exec_do*tim,exec_yankdup,exec_yank,integer_mu,vector_float_remove,vector_float_fir,exec_do*vector_float,float_p,float_r,vector_float_stackdep,vector_float_dup,vector_float_subvec,float_i,exec_do*range,integer_yankd,float_m,integer_rot,float_a,float_c,float_d,integer_stackdep,float_s,vector_float_occurrences,exec_stackdepth,vector_float_swap,vector_float_reverse,float_stackdepth,float_max,exec_do*vector_flo,float_min,vector_float_rot,float_rot,exec_shove,vector_float_pushall,float_stackdep,float_sub,vector_float_sho,integer_div,integer_mult,integer_min,float_shove,integer_flush,float_inc,in1,integer_yank,integer_fromflo,vector_float_yankdup,float_ya,vector_float_butla,integer_sw,float_pop,exec_d,float_yankd,integer_max,exec_dup,exec_k,float_frominteger,float_mult,exec_noop,exec_p,exec_r,exec_s,vector_float_butlast,integer_flu,exec_y,float_mod,integer_ya,integer_yankdup,exec_stackdep,exec_do*ran,vector_float_index,vector_float_pop,exec_do*cou,vector_float_ta,vector_float_flu,float_add,exec_do*times,integer_shove,float_tan,vector_float_la,vector_float_indexof,float_sho,float_frominteg,integer_dup,vector_float_stackdepth,exec_sho,vector_float_replace,exec_swap,vector_float_rever,autoconstructive_integer_ra,exec_sw,integer_add,exec_flush,float_flu,float_cos,exec_flu,integer_mod,float_div,vector_float_leng,integer_inc,vector_float_yank,exec_rot,vector_float_flush,float_dec,vector_float_set,integer_pop,vector_float_shove,exec_pop,vector_float_take,vector_float_concat,vector_float_pusha,vector_float_ya,vector_float_remo,float_sin,autoconstructive_integer_rand,vector_float_length,exec_do*count,integer_sub,float_mu,exec_no,vector_float_re,float_dup,integer_r,integer_sho,vector_float_yankd,integer_stackdepth,integer_dec,exec,vector_float_replacefir,vector_float_nth,float_swap,vector_float_co,exec_ya,float_yank,float_flush,float_t,integer_d,integer_a,integer_m,integer_i,vector_float_subv,integer_s,integer_p,vector_float_repla,vector_float_sw
0.000493417806462,0.000624995888185,1.31578081723e-05,1.97367122585e-05,0.000236840547102,0.000282892875705,5.26312326893e-05,0.0,0.0,6.57890408616e-06,0.000296050683877,0.000355260820652,0.000223682738929,1.31578081723e-05,6.57890408616e-06,6.57890408616e-05,0.0,6.57890408616e-06,0.00059868027184,0.000190788218499,1.97367122585e-05,0.000368418628825,3.28945204308e-05,0.000157893698068,0.0,3.28945204308e-05,6.57890408616e-06,0.000861836435287,0.000282892875705,6.57890408616e-06,0.0004276287656,2.63156163446e-05,9.86835612924e-05,0.000124999177637,0.0,0.0,0.000118420273551,6.57890408616e-06,6.57890408616e-05,0.0,0.000605259175926,0.000717100545391,0.000263156163446,0.000197367122585,5.92101367754e-05,0.0,0.000407892053342,0.000276313971619,0.000519733422806,0.000131578081723,0.000756573969908,5.26312326893e-05,0.000177630410326,3.94734245169e-05,0.000276313971619,0.000585522463668,0.00051315451872,0.000131578081723,4.60523286031e-05,0.000499996710548,0.00127630739271,0.000223682738929,6.57890408616e-05,0.000236840547102,1.31578081723e-05,6.57890408616e-06,3.28945204308e-05,6.57890408616e-06,6.57890408616e-06,0.0,0.000276313971619,0.000480259998289,0.000289471779791,0.000789468490339,0.000401313149256,0.000203946026671,0.0,6.57890408616e-06,0.0,0.000388155341083,4.60523286031e-05,0.000157893698068,0.000144735889895,0.000124999177637,0.000124999177637,6.57890408616e-05,0.0,0.0,9.86835612924e-05,1.97367122585e-05,1.31578081723e-05,1.31578081723e-05,2.63156163446e-05,0.000164472602154,0.000217103834843,8.552575312e-05,0.0,0.000144735889895,0.0,5.26312326893e-05,5.26312326893e-05,0.000315787396136,0.0,0.000236840547102,7.23679449477e-05,1.97367122585e-05,4.60523286031e-05,0.0,0.000151314793982,0.0,0.0,5.92101367754e-05,0.0,0.000243419451188,0.000210524930757,8.552575312e-05,0.000217103834843,0.000249998355274,0.000177630410326,0.000368418628825,0.000473681094203,0.000388155341083,0.000138156985809,0.000230261643016,0.000177630410326,6.57890408616e-05,8.552575312e-05,7.23679449477e-05,0.0,1.31578081723e-05,6.57890408616e-05,0.000269735067532,0.0004276287656,0.00025657725936,0.000157893698068,0.0,5.92101367754e-05,1.97367122585e-05,0.000401313149256,1.31578081723e-05,0.0,5.92101367754e-05,0.000223682738929,7.23679449477e-05,7.89468490339e-05,6.57890408616e-06,0.000105262465379,3.94734245169e-05,0.0,6.57890408616e-06,8.552575312e-05,6.57890408616e-05,6.57890408616e-06,6.57890408616e-06,1.97367122585e-05,3.28945204308e-05,1.31578081723e-05,6.57890408616e-06,3.94734245169e-05,1.97367122585e-05,6.57890408616e-06,4.60523286031e-05
Gen 152
float_yankdup,integer_swap,vector_float_conj,vector_float_conc,vector_float_occurrencesof,vector_float_replacefirst,vector_float_rest,vector_float_p,vector_float_s,vector_float_r,vector_float_first,integer_fromfloat,vector_float_last,vector_float_d,float_sw,exec_yankd,vector_float_n,exec_do*tim,exec_yankdup,exec_yank,integer_mu,vector_float_remove,vector_float_fir,exec_do*vector_float,float_p,float_r,vector_float_stackdep,vector_float_dup,vector_float_subvec,float_i,exec_do*range,integer_yankd,float_m,integer_rot,float_a,float_c,float_d,integer_stackdep,float_s,vector_float_occurrences,exec_stackdepth,vector_float_swap,vector_float_reverse,float_stackdepth,float_max,exec_do*vector_flo,float_min,vector_float_rot,float_rot,exec_shove,vector_float_pushall,float_stackdep,float_sub,vector_float_sho,integer_div,integer_mult,integer_min,float_shove,integer_flush,float_inc,in1,integer_yank,integer_fromflo,vector_float_yankdup,float_ya,vector_float_butla,integer_sw,float_pop,exec_d,float_yankd,integer_max,exec_dup,exec_k,float_frominteger,float_mult,exec_noop,exec_p,exec_r,exec_s,vector_float_butlast,integer_flu,exec_y,float_mod,integer_ya,integer_yankdup,exec_stackdep,exec_do*ran,vector_float_index,vector_float_pop,exec_do*cou,vector_float_ta,vector_float_flu,float_add,exec_do*times,integer_shove,float_tan,vector_float_la,vector_float_indexof,float_sho,float_frominteg,integer_dup,vector_float_stackdepth,exec_sho,vector_float_replace,exec_swap,vector_float_rever,autoconstructive_integer_ra,exec_sw,integer_add,exec_flush,float_flu,float_cos,exec_flu,integer_mod,float_div,vector_float_leng,integer_inc,vector_float_yank,exec_rot,vector_float_flush,float_dec,vector_float_set,integer_pop,vector_float_shove,exec_pop,vector_float_take,vector_float_concat,vector_float_pusha,vector_float_ya,vector_float_remo,float_sin,autoconstructive_integer_rand,vector_float_length,exec_do*count,integer_sub,float_mu,exec_no,vector_float_re,float_dup,integer_r,integer_sho,vector_float_yankd,integer_stackdepth,integer_dec,exec,vector_float_replacefir,vector_float_nth,float_swap,vector_float_co,exec_ya,float_yank,float_flush,float_t,integer_d,integer_a,integer_m,integer_i,vector_float_subv,integer_s,integer_p,vector_float_repla,vector_float_sw
0.00046404925458,0.00075162907432,4.57513349586e-05,1.30718099882e-05,0.000281043914746,0.000267972104757,0.000104574479905,1.30718099882e-05,6.53590499409e-06,6.53590499409e-06,0.000209148959811,0.000333331154698,0.000209148959811,6.53590499409e-06,0.0,4.57513349586e-05,1.30718099882e-05,0.0,0.000483656969562,0.000189541244828,3.26795249704e-05,0.000241828484781,3.92154299645e-05,0.000209148959811,0.0,3.92154299645e-05,6.53590499409e-06,0.00089541898419,0.000248364389775,0.0,0.000522872399527,0.0,0.000117646289894,0.00014378990987,0.0,6.53590499409e-06,0.000137254004876,0.0,7.18949549349e-05,0.0,0.000660126404403,0.000758164979314,0.000196077149823,0.000222220769799,0.000104574479905,1.30718099882e-05,0.000450977444592,0.000241828484781,0.000418297919621,9.15026699172e-05,0.00075162907432,5.22872399527e-05,0.000150325814864,3.92154299645e-05,0.000274508009752,0.000666662309397,0.000562087829491,0.000137254004876,7.18949549349e-05,0.000450977444592,0.0013267887138,0.00028757981974,6.53590499409e-05,0.000254900294769,6.53590499409e-06,1.30718099882e-05,3.92154299645e-05,1.96077149823e-05,1.30718099882e-05,1.30718099882e-05,0.000294115724734,0.00060783916445,0.000281043914746,0.000758164979314,0.000450977444592,0.000156861719858,6.53590499409e-06,3.92154299645e-05,6.53590499409e-06,0.000470585159574,2.61436199763e-05,0.000150325814864,0.000156861719858,0.000124182194888,0.000137254004876,7.8430859929e-05,1.30718099882e-05,0.0,0.000163397624852,3.92154299645e-05,2.61436199763e-05,1.30718099882e-05,0.0,0.000202613054817,0.000169933529846,0.000183005339834,6.53590499409e-06,8.49667649231e-05,0.0,4.57513349586e-05,2.61436199763e-05,0.000372546584663,0.0,0.000130718099882,0.000130718099882,3.26795249704e-05,1.96077149823e-05,0.0,0.000235292579787,1.30718099882e-05,0.0,3.26795249704e-05,0.0,0.000222220769799,0.000222220769799,9.15026699172e-05,0.000235292579787,0.000222220769799,0.000294115724734,0.000281043914746,0.000490192874556,0.000326795249704,0.000124182194888,0.00032025934471,0.000183005339834,0.000130718099882,0.000137254004876,9.80385749113e-05,6.53590499409e-06,1.30718099882e-05,9.80385749113e-05,0.000196077149823,0.000405226109633,0.00032025934471,0.00017646943484,1.30718099882e-05,3.92154299645e-05,1.30718099882e-05,0.000379082489657,6.53590499409e-06,0.0,3.92154299645e-05,0.000215684864805,0.000111110384899,5.22872399527e-05,0.0,7.18949549349e-05,7.8430859929e-05,0.0,0.0,0.000130718099882,7.8430859929e-05,0.0,6.53590499409e-06,0.0,5.88231449468e-05,0.0,1.30718099882e-05,3.92154299645e-05,6.53590499409e-06,6.53590499409e-06,2.61436199763e-05
Gen 153
float_yankdup,integer_swap,vector_float_conj,vector_float_conc,vector_float_occurrencesof,vector_float_replacefirst,vector_float_rest,vector_float_p,vector_float_s,vector_float_r,vector_float_first,integer_fromfloat,vector_float_last,vector_float_d,float_sw,exec_yankd,vector_float_n,exec_do*tim,exec_yankdup,exec_yank,integer_mu,vector_float_remove,vector_float_fir,exec_do*vector_float,float_p,float_r,vector_float_stackdep,vector_float_dup,vector_float_subvec,float_i,exec_do*range,integer_yankd,float_m,integer_rot,float_a,float_c,float_d,integer_stackdep,float_s,vector_float_occurrences,exec_stackdepth,vector_float_swap,vector_float_reverse,float_stackdepth,float_max,exec_do*vector_flo,float_min,vector_float_rot,float_rot,exec_shove,vector_float_pushall,float_stackdep,float_sub,vector_float_sho,integer_div,integer_mult,integer_min,float_shove,integer_flush,float_inc,in1,integer_yank,integer_fromflo,vector_float_yankdup,float_ya,vector_float_butla,integer_sw,float_pop,exec_d,float_yankd,integer_max,exec_dup,exec_k,float_frominteger,float_mult,exec_noop,exec_p,exec_r,exec_s,vector_float_butlast,integer_flu,exec_y,float_mod,integer_ya,integer_yankdup,exec_stackdep,exec_do*ran,vector_float_index,vector_float_pop,exec_do*cou,vector_float_ta,vector_float_flu,float_add,exec_do*times,integer_shove,float_tan,vector_float_la,vector_float_indexof,float_sho,float_frominteg,integer_dup,vector_float_stackdepth,exec_sho,vector_float_replace,exec_swap,vector_float_rever,autoconstructive_integer_ra,exec_sw,integer_add,exec_flush,float_flu,float_cos,exec_flu,integer_mod,float_div,vector_float_leng,integer_inc,vector_float_yank,exec_rot,vector_float_flush,float_dec,vector_float_set,integer_pop,vector_float_shove,exec_pop,vector_float_take,vector_float_concat,vector_float_pusha,vector_float_ya,vector_float_remo,float_sin,autoconstructive_integer_rand,vector_float_length,exec_do*count,integer_sub,float_mu,exec_no,vector_float_re,float_dup,integer_r,integer_sho,vector_float_yankd,integer_stackdepth,integer_dec,exec,vector_float_replacefir,vector_float_nth,float_swap,vector_float_co,exec_ya,float_yank,float_flush,float_t,integer_d,integer_a,integer_m,integer_i,vector_float_subv,integer_s,integer_p,vector_float_repla,vector_float_sw
0.000415581717002,0.000623372575503,2.59738573126e-05,6.49346432815e-06,0.000292205894767,0.000292205894767,5.19477146252e-05,0.0,1.29869286563e-05,4.54542502971e-05,0.000207790858501,0.000311686287751,0.000201297394173,1.29869286563e-05,0.0,2.59738573126e-05,1.29869286563e-05,1.29869286563e-05,0.000532464074909,0.000168830072532,6.49346432815e-06,0.000240258180142,5.84411789534e-05,0.00017532353686,0.0,6.49346432815e-05,6.49346432815e-06,0.000733761469081,0.000272725501782,0.0,0.000441555574314,0.0,0.000110388893579,0.000142856215219,6.49346432815e-06,0.0,0.000123375822235,6.49346432815e-06,9.09085005942e-05,1.29869286563e-05,0.00059739871819,0.000655839897144,0.000220777787157,0.000162336608204,9.74019649223e-05,0.0,0.000396101324017,0.000266232037454,0.000402594788346,6.49346432815e-05,0.000701294147441,3.24673216408e-05,0.000194803929845,1.94803929845e-05,0.000149349679548,0.000616879111175,0.000487009824612,9.74019649223e-05,2.59738573126e-05,0.00049350328894,0.00121427782936,0.000272725501782,4.54542502971e-05,0.000201297394173,6.49346432815e-06,6.49346432815e-06,1.29869286563e-05,1.29869286563e-05,0.0,1.94803929845e-05,0.000233764715814,0.000461035967299,0.000259738573126,0.000831163434004,0.000499996753268,0.000155843143876,1.29869286563e-05,1.29869286563e-05,6.49346432815e-06,0.000376620931033,5.19477146252e-05,0.000142856215219,0.000116882357907,8.4415036266e-05,7.79215719378e-05,5.19477146252e-05,3.24673216408e-05,0.0,0.000110388893579,1.94803929845e-05,0.0,1.94803929845e-05,3.24673216408e-05,0.000149349679548,0.000272725501782,6.49346432815e-05,6.49346432815e-06,0.000168830072532,1.29869286563e-05,3.24673216408e-05,3.24673216408e-05,0.000253245108798,0.0,0.000194803929845,6.49346432815e-05,3.24673216408e-05,1.29869286563e-05,0.0,0.000129869286563,0.0,0.0,1.94803929845e-05,0.0,0.000207790858501,0.000188310465516,9.74019649223e-05,0.000129869286563,0.000259738573126,0.000259738573126,0.000415581717002,0.000538957539237,0.00031817975208,0.00017532353686,0.000298699359095,0.000162336608204,0.000110388893579,0.000110388893579,3.89607859689e-05,0.0,6.49346432815e-06,1.94803929845e-05,0.000220777787157,0.00042207518133,0.000259738573126,0.00017532353686,6.49346432815e-06,3.89607859689e-05,1.29869286563e-05,0.000311686287751,1.29869286563e-05,0.0,4.54542502971e-05,0.000168830072532,0.000136362750891,3.89607859689e-05,1.94803929845e-05,4.54542502971e-05,5.19477146252e-05,0.0,6.49346432815e-06,0.000129869286563,6.49346432815e-05,6.49346432815e-06,6.49346432815e-06,6.49346432815e-06,3.24673216408e-05,6.49346432815e-06,6.49346432815e-06,3.89607859689e-05,6.49346432815e-06,6.49346432815e-06,2.59738573126e-05
Gen 154
float_yankdup,integer_swap,vector_float_conj,vector_float_conc,vector_float_occurrencesof,vector_float_replacefirst,vector_float_rest,vector_float_p,vector_float_s,vector_float_r,vector_float_first,integer_fromfloat,vector_float_last,vector_float_d,float_sw,exec_yankd,vector_float_n,exec_do*tim,exec_yankdup,exec_yank,integer_mu,vector_float_remove,vector_float_fir,exec_do*vector_float,float_p,float_r,vector_float_stackdep,vector_float_dup,vector_float_subvec,float_i,exec_do*range,integer_yankd,float_m,integer_rot,float_a,float_c,float_d,integer_stackdep,float_s,vector_float_occurrences,exec_stackdepth,vector_float_swap,vector_float_reverse,float_stackdepth,float_max,exec_do*vector_flo,float_min,vector_float_rot,float_rot,exec_shove,vector_float_pushall,float_stackdep,float_sub,vector_float_sho,integer_div,integer_mult,integer_min,float_shove,integer_flush,float_inc,in1,integer_yank,integer_fromflo,vector_float_yankdup,float_ya,vector_float_butla,integer_sw,float_pop,exec_d,float_yankd,integer_max,exec_dup,exec_k,float_frominteger,float_mult,exec_noop,exec_p,exec_r,exec_s,vector_float_butlast,integer_flu,exec_y,float_mod,integer_ya,integer_yankdup,exec_stackdep,exec_do*ran,vector_float_index,vector_float_pop,exec_do*cou,vector_float_ta,vector_float_flu,float_add,exec_do*times,integer_shove,float_tan,vector_float_la,vector_float_indexof,float_sho,float_frominteg,integer_dup,vector_float_stackdepth,exec_sho,vector_float_replace,exec_swap,vector_float_rever,autoconstructive_integer_ra,exec_sw,integer_add,exec_flush,float_flu,float_cos,exec_flu,integer_mod,float_div,vector_float_leng,integer_inc,vector_float_yank,exec_rot,vector_float_flush,float_dec,vector_float_set,integer_pop,vector_float_shove,exec_pop,vector_float_take,vector_float_concat,vector_float_pusha,vector_float_ya,vector_float_remo,float_sin,autoconstructive_integer_rand,vector_float_length,exec_do*count,integer_sub,float_mu,exec_no,vector_float_re,float_dup,integer_r,integer_sho,vector_float_yankd,integer_stackdepth,integer_dec,exec,vector_float_replacefir,vector_float_nth,float_swap,vector_float_co,exec_ya,float_yank,float_flush,float_t,integer_d,integer_a,integer_m,integer_i,vector_float_subv,integer_s,integer_p,vector_float_repla,vector_float_sw
0.000503222559854,0.000638705556738,3.22578564009e-05,6.45157128019e-06,0.000251611279927,0.000264514422488,9.03219979226e-05,1.29031425604e-05,0.0,1.93547138406e-05,0.000148386139444,0.000303223850169,0.000187095567125,1.29031425604e-05,0.0,1.29031425604e-05,0.0,3.22578564009e-05,0.000464513132173,0.000193547138406,1.29031425604e-05,0.000187095567125,4.51609989613e-05,0.000187095567125,6.45157128019e-06,2.58062851207e-05,1.29031425604e-05,0.000748382268501,0.000206450280966,0.0,0.000483867846014,6.45157128019e-06,0.000154837710724,9.67735692028e-05,6.45157128019e-06,0.0,0.000109676711763,0.0,3.87094276811e-05,2.58062851207e-05,0.000580641415217,0.0006838665557,0.000141934568164,0.000174192424565,9.03219979226e-05,0.0,0.00036128799169,0.000154837710724,0.000445158418333,3.22578564009e-05,0.000793543267463,3.87094276811e-05,0.000199998709686,5.80641415217e-05,0.000232256566087,0.000612899271618,0.000451609989613,0.000122579854324,4.51609989613e-05,0.000464513132173,0.00131612054116,0.000277417565048,1.29031425604e-05,0.000167740853285,1.29031425604e-05,6.45157128019e-06,2.58062851207e-05,1.29031425604e-05,6.45157128019e-06,1.29031425604e-05,0.000225804994806,0.000503222559854,0.000245159708647,0.00069031812698,0.000451609989613,0.000122579854324,0.0,1.93547138406e-05,4.51609989613e-05,0.00034193327785,1.29031425604e-05,7.0967284082e-05,5.80641415217e-05,9.03219979226e-05,0.000103225140483,8.38704266424e-05,2.58062851207e-05,0.0,0.000161289282005,1.93547138406e-05,0.0,1.29031425604e-05,3.87094276811e-05,0.000109676711763,0.000193547138406,9.03219979226e-05,5.16125702415e-05,0.000116128283043,6.45157128019e-06,1.29031425604e-05,5.80641415217e-05,0.000316126992729,0.0,8.38704266424e-05,4.51609989613e-05,1.29031425604e-05,4.51609989613e-05,0.0,0.000238708137367,0.0,1.29031425604e-05,6.45157128019e-06,0.0,0.000238708137367,0.000187095567125,0.000141934568164,0.000174192424565,0.000290320707608,0.000270965993768,0.00034193327785,0.000445158418333,0.000270965993768,0.000103225140483,0.000296772278889,9.67735692028e-05,0.000141934568164,0.000141934568164,3.87094276811e-05,0.0,6.45157128019e-06,3.87094276811e-05,0.000206450280966,0.000374191134251,0.000232256566087,0.000180643995845,1.29031425604e-05,5.16125702415e-05,6.45157128019e-06,0.00033548170657,0.0,0.0,1.93547138406e-05,0.000219353423526,7.74188553622e-05,6.45157128019e-05,0.0,0.000135482996884,4.51609989613e-05,6.45157128019e-06,0.0,0.000161289282005,0.000103225140483,6.45157128019e-06,3.22578564009e-05,1.93547138406e-05,1.93547138406e-05,1.29031425604e-05,1.29031425604e-05,3.87094276811e-05,0.0,0.0,2.58062851207e-05
Gen 155
float_yankdup,integer_swap,vector_float_conj,vector_float_conc,vector_float_occurrencesof,vector_float_replacefirst,vector_float_rest,vector_float_p,vector_float_s,vector_float_r,vector_float_first,integer_fromfloat,vector_float_last,vector_float_d,float_sw,exec_yankd,vector_float_n,exec_do*tim,exec_yankdup,exec_yank,integer_mu,vector_float_remove,vector_float_fir,exec_do*vector_float,float_p,float_r,vector_float_stackdep,vector_float_dup,vector_float_subvec,float_i,exec_do*range,integer_yankd,float_m,integer_rot,float_a,float_c,float_d,integer_stackdep,float_s,vector_float_occurrences,exec_stackdepth,vector_float_swap,vector_float_reverse,float_stackdepth,float_max,exec_do*vector_flo,float_min,vector_float_rot,float_rot,exec_shove,vector_float_pushall,float_stackdep,float_sub,vector_float_sho,integer_div,integer_mult,integer_min,float_shove,integer_flush,float_inc,in1,integer_yank,integer_fromflo,vector_float_yankdup,float_ya,vector_float_butla,integer_sw,float_pop,exec_d,float_yankd,integer_max,exec_dup,exec_k,float_frominteger,float_mult,exec_noop,exec_p,exec_r,exec_s,vector_float_butlast,integer_flu,exec_y,float_mod,integer_ya,integer_yankdup,exec_stackdep,exec_do*ran,vector_float_index,vector_float_pop,exec_do*cou,vector_float_ta,vector_float_flu,float_add,exec_do*times,integer_shove,float_tan,vector_float_la,vector_float_indexof,float_sho,float_frominteg,integer_dup,vector_float_stackdepth,exec_sho,vector_float_replace,exec_swap,vector_float_rever,autoconstructive_integer_ra,exec_sw,integer_add,exec_flush,float_flu,float_cos,exec_flu,integer_mod,float_div,vector_float_leng,integer_inc,vector_float_yank,exec_rot,vector_float_flush,float_dec,vector_float_set,integer_pop,vector_float_shove,exec_pop,vector_float_take,vector_float_concat,vector_float_pusha,vector_float_ya,vector_float_remo,float_sin,autoconstructive_integer_rand,vector_float_length,exec_do*count,integer_sub,float_mu,exec_no,vector_float_re,float_dup,integer_r,integer_sho,vector_float_yankd,integer_stackdepth,integer_dec,exec,vector_float_replacefir,vector_float_nth,float_swap,vector_float_co,exec_ya,float_yank,float_flush,float_t,integer_d,integer_a,integer_m,integer_i,vector_float_subv,integer_s,integer_p,vector_float_repla,vector_float_sw
0.000346151627233,0.000628201101275,4.48715072339e-05,1.28204306383e-05,0.000288459689361,0.000301280119999,8.97430144679e-05,6.41021531913e-06,0.0,6.41021531913e-06,0.000128204306383,0.000314100550637,0.000166665598297,1.92306459574e-05,1.28204306383e-05,1.28204306383e-05,0.0,5.76919378722e-05,0.000487176364254,0.000166665598297,0.0,0.000230767751489,4.48715072339e-05,0.00014743495234,0.0,1.28204306383e-05,6.41021531913e-06,0.000628201101275,0.000160255382978,2.56408612765e-05,0.000512817225531,6.41021531913e-06,7.69225838296e-05,0.000115383875744,0.0,0.0,0.000115383875744,0.0,5.76919378722e-05,0.0,0.000551278517445,0.000493586579573,0.000121794091064,0.000128204306383,0.000141024737021,6.41021531913e-06,0.000461535502978,0.000217947320851,0.00037179248851,3.20510765957e-05,0.000743584977019,6.41021531913e-05,0.000160255382978,7.69225838296e-05,0.000160255382978,0.000512817225531,0.000320510765957,0.000153845167659,4.48715072339e-05,0.000455125287658,0.00120512048,0.000243588182127,4.48715072339e-05,0.000141024737021,6.41021531913e-06,0.0,6.41021531913e-06,1.28204306383e-05,1.28204306383e-05,6.41021531913e-06,0.000217947320851,0.000461535502978,0.000192306459574,0.000641021531913,0.000461535502978,0.000108973660425,6.41021531913e-06,6.41021531913e-06,3.84612919148e-05,0.000237177966808,2.56408612765e-05,0.000121794091064,7.05123685105e-05,7.05123685105e-05,0.000160255382978,7.69225838296e-05,0.0,6.41021531913e-06,0.000160255382978,2.56408612765e-05,1.28204306383e-05,1.28204306383e-05,4.48715072339e-05,0.000121794091064,0.000153845167659,6.41021531913e-05,3.84612919148e-05,0.000134614521702,1.92306459574e-05,3.20510765957e-05,5.12817225531e-05,0.00022435753617,0.0,6.41021531913e-05,7.69225838296e-05,6.41021531913e-06,1.28204306383e-05,0.0,0.000166665598297,6.41021531913e-06,6.41021531913e-06,2.56408612765e-05,0.0,0.000230767751489,0.000160255382978,0.000160255382978,0.000128204306383,0.000249998397446,0.000275639258723,0.000352561842552,0.000499996794892,0.000217947320851,0.000173075813617,0.000269229043404,0.000134614521702,0.000166665598297,0.00014743495234,3.20510765957e-05,0.0,0.0,4.48715072339e-05,0.000153845167659,0.000397433349786,0.00022435753617,0.00022435753617,1.92306459574e-05,3.20510765957e-05,1.28204306383e-05,0.000256408612765,0.0,6.41021531913e-06,1.92306459574e-05,0.00022435753617,8.33327991487e-05,7.69225838296e-05,0.0,0.000108973660425,8.97430144679e-05,0.0,0.0,0.000237177966808,0.000108973660425,1.28204306383e-05,1.92306459574e-05,6.41021531913e-06,1.28204306383e-05,1.92306459574e-05,1.28204306383e-05,4.48715072339e-05,0.0,0.0,1.92306459574e-05
Gen 156
float_yankdup,integer_swap,vector_float_conj,vector_float_conc,vector_float_occurrencesof,vector_float_replacefirst,vector_float_rest,vector_float_p,vector_float_s,vector_float_r,vector_float_first,integer_fromfloat,vector_float_last,vector_float_d,float_sw,exec_yankd,vector_float_n,exec_do*tim,exec_yankdup,exec_yank,integer_mu,vector_float_remove,vector_float_fir,exec_do*vector_float,float_p,float_r,vector_float_stackdep,vector_float_dup,vector_float_subvec,float_i,exec_do*range,integer_yankd,float_m,integer_rot,float_a,float_c,float_d,integer_stackdep,float_s,vector_float_occurrences,exec_stackdepth,vector_float_swap,vector_float_reverse,float_stackdepth,float_max,exec_do*vector_flo,float_min,vector_float_rot,float_rot,exec_shove,vector_float_pushall,float_stackdep,float_sub,vector_float_sho,integer_div,integer_mult,integer_min,float_shove,integer_flush,float_inc,in1,integer_yank,integer_fromflo,vector_float_yankdup,float_ya,vector_float_butla,integer_sw,float_pop,exec_d,float_yankd,integer_max,exec_dup,exec_k,float_frominteger,float_mult,exec_noop,exec_p,exec_r,exec_s,vector_float_butlast,integer_flu,exec_y,float_mod,integer_ya,integer_yankdup,exec_stackdep,exec_do*ran,vector_float_index,vector_float_pop,exec_do*cou,vector_float_ta,vector_float_flu,float_add,exec_do*times,integer_shove,float_tan,vector_float_la,vector_float_indexof,float_sho,float_frominteg,integer_dup,vector_float_stackdepth,exec_sho,vector_float_replace,exec_swap,vector_float_rever,autoconstructive_integer_ra,exec_sw,integer_add,exec_flush,float_flu,float_cos,exec_flu,integer_mod,float_div,vector_float_leng,integer_inc,vector_float_yank,exec_rot,vector_float_flush,float_dec,vector_float_set,integer_pop,vector_float_shove,exec_pop,vector_float_take,vector_float_concat,vector_float_pusha,vector_float_ya,vector_float_remo,float_sin,autoconstructive_integer_rand,vector_float_length,exec_do*count,integer_sub,float_mu,exec_no,vector_float_re,float_dup,integer_r,integer_sho,vector_float_yankd,integer_stackdepth,integer_dec,exec,vector_float_replacefir,vector_float_nth,float_swap,vector_float_co,exec_ya,float_yank,float_flush,float_t,integer_d,integer_a,integer_m,integer_i,vector_float_subv,integer_s,integer_p,vector_float_repla,vector_float_sw
0.000471334577487,0.000636938618225,3.82163170935e-05,0.0,0.000248406061108,0.000191081585468,8.28020203693e-05,6.36938618225e-06,0.0,0.0,0.000127387723645,0.000203820357832,0.000203820357832,3.18469309113e-05,0.0,3.18469309113e-05,1.27387723645e-05,3.82163170935e-05,0.000414010101846,0.000191081585468,1.91081585468e-05,0.000159234654556,3.18469309113e-05,0.000203820357832,0.0,1.27387723645e-05,0.0,0.000732479410959,0.000165604040739,1.91081585468e-05,0.000439487646575,0.0,0.000121018337463,0.000101910178916,0.0,0.0,0.000108279565098,0.0,8.28020203693e-05,6.36938618225e-06,0.000605091687314,0.000522289666945,0.000114648951281,0.000152865268374,0.000152865268374,0.0,0.000350316240024,0.000210189744014,0.000337577467659,6.36938618225e-05,0.000643308004408,3.82163170935e-05,0.000133757109827,4.45857032758e-05,0.000133757109827,0.000566875370221,0.000299361150566,6.36938618225e-05,1.27387723645e-05,0.000363055012388,0.00115285889899,0.000203820357832,4.45857032758e-05,0.000121018337463,0.0,0.0,3.18469309113e-05,0.0,3.82163170935e-05,1.27387723645e-05,0.000280252992019,0.000433118260393,0.00014012649601,0.000585983528767,0.000388532557117,0.000127387723645,0.0,6.36938618225e-06,6.36938618225e-06,0.000324838695295,3.18469309113e-05,8.28020203693e-05,7.00632480048e-05,0.000133757109827,0.000152865268374,3.18469309113e-05,6.36938618225e-06,0.0,0.000133757109827,3.82163170935e-05,1.27387723645e-05,0.0,4.45857032758e-05,5.0955089458e-05,0.000152865268374,0.000101910178916,6.36938618225e-06,8.91714065516e-05,0.0,1.27387723645e-05,4.45857032758e-05,0.000222928516379,0.0,0.000127387723645,3.18469309113e-05,6.36938618225e-06,6.36938618225e-06,6.36938618225e-06,0.000152865268374,0.0,6.36938618225e-06,2.5477544729e-05,0.0,0.00019745097165,0.000216559130197,9.55407927338e-05,5.0955089458e-05,0.000159234654556,0.000216559130197,0.000248406061108,0.000356685626206,0.000242036674926,8.28020203693e-05,0.000216559130197,0.000152865268374,9.55407927338e-05,0.000152865268374,3.18469309113e-05,1.91081585468e-05,0.0,2.5477544729e-05,0.000222928516379,0.000382163170935,0.000165604040739,0.000191081585468,6.36938618225e-06,3.18469309113e-05,6.36938618225e-06,0.000292991764384,6.36938618225e-06,0.0,0.0,0.00019745097165,8.91714065516e-05,7.6432634187e-05,6.36938618225e-06,8.91714065516e-05,0.000101910178916,6.36938618225e-06,0.0,0.000121018337463,9.55407927338e-05,1.27387723645e-05,2.5477544729e-05,0.0,3.82163170935e-05,1.27387723645e-05,6.36938618225e-06,3.82163170935e-05,6.36938618225e-06,6.36938618225e-06,2.5477544729e-05
Gen 157
float_yankdup,integer_swap,vector_float_conj,vector_float_conc,vector_float_occurrencesof,vector_float_replacefirst,vector_float_rest,vector_float_p,vector_float_s,vector_float_r,vector_float_first,integer_fromfloat,vector_float_last,vector_float_d,float_sw,exec_yankd,vector_float_n,exec_do*tim,exec_yankdup,exec_yank,integer_mu,vector_float_remove,vector_float_fir,exec_do*vector_float,float_p,float_r,vector_float_stackdep,vector_float_dup,vector_float_subvec,float_i,exec_do*range,integer_yankd,float_m,integer_rot,float_a,float_c,float_d,integer_stackdep,float_s,vector_float_occurrences,exec_stackdepth,vector_float_swap,vector_float_reverse,float_stackdepth,float_max,exec_do*vector_flo,float_min,vector_float_rot,float_rot,exec_shove,vector_float_pushall,float_stackdep,float_sub,vector_float_sho,integer_div,integer_mult,integer_min,float_shove,integer_flush,float_inc,in1,integer_yank,integer_fromflo,vector_float_yankdup,float_ya,vector_float_butla,integer_sw,float_pop,exec_d,float_yankd,integer_max,exec_dup,exec_k,float_frominteger,float_mult,exec_noop,exec_p,exec_r,exec_s,vector_float_butlast,integer_flu,exec_y,float_mod,integer_ya,integer_yankdup,exec_stackdep,exec_do*ran,vector_float_index,vector_float_pop,exec_do*cou,vector_float_ta,vector_float_flu,float_add,exec_do*times,integer_shove,float_tan,vector_float_la,vector_float_indexof,float_sho,float_frominteg,integer_dup,vector_float_stackdepth,exec_sho,vector_float_replace,exec_swap,vector_float_rever,autoconstructive_integer_ra,exec_sw,integer_add,exec_flush,float_flu,float_cos,exec_flu,integer_mod,float_div,vector_float_leng,integer_inc,vector_float_yank,exec_rot,vector_float_flush,float_dec,vector_float_set,integer_pop,vector_float_shove,exec_pop,vector_float_take,vector_float_concat,vector_float_pusha,vector_float_ya,vector_float_remo,float_sin,autoconstructive_integer_rand,vector_float_length,exec_do*count,integer_sub,float_mu,exec_no,vector_float_re,float_dup,integer_r,integer_sho,vector_float_yankd,integer_stackdepth,integer_dec,exec,vector_float_replacefir,vector_float_nth,float_swap,vector_float_co,exec_ya,float_yank,float_flush,float_t,integer_d,integer_a,integer_m,integer_i,vector_float_subv,integer_s,integer_p,vector_float_repla,vector_float_sw
0.000354428136531,0.00048733868773,3.79744431997e-05,6.32907386662e-06,0.000215188511465,0.000183543142132,5.0632590933e-05,0.0,0.0,6.32907386662e-06,0.000101265181866,0.000240504806932,0.000177214068265,2.53162954665e-05,0.0,1.89872215999e-05,0.0,5.69616647996e-05,0.000284808323998,0.000170884994399,6.32907386662e-06,0.000139239625066,5.69616647996e-05,0.000164555920532,0.0,0.0,6.32907386662e-06,0.000550629426396,0.000132910551199,1.89872215999e-05,0.000297466471731,0.0,0.000126581477332,0.000120252403466,0.0,0.0,0.000113923329599,1.89872215999e-05,4.43035170663e-05,6.32907386662e-06,0.00044936424453,0.000392402579731,0.000120252403466,0.000139239625066,0.000107594255733,6.32907386662e-06,0.000284808323998,0.000139239625066,0.000253162954665,6.32907386662e-06,0.000613920165062,1.26581477332e-05,0.000164555920532,3.79744431997e-05,0.000189872215999,0.00043037702293,0.000234175733065,0.000120252403466,2.53162954665e-05,0.000348099062664,0.000987335523193,0.000164555920532,6.96198125328e-05,0.000132910551199,6.32907386662e-06,6.32907386662e-06,5.0632590933e-05,6.32907386662e-06,6.32907386662e-06,0.0,0.000202530363732,0.000405060727464,8.86070341327e-05,0.000544300352529,0.000329111841064,0.000101265181866,0.0,0.0,1.26581477332e-05,0.000272150176265,5.0632590933e-05,9.49361079993e-05,7.59488863995e-05,9.49361079993e-05,0.000113923329599,5.69616647996e-05,6.32907386662e-06,0.0,7.59488863995e-05,3.79744431997e-05,6.32907386662e-06,6.32907386662e-06,4.43035170663e-05,5.0632590933e-05,0.000132910551199,4.43035170663e-05,6.32907386662e-06,0.000113923329599,6.32907386662e-06,1.89872215999e-05,6.32907386662e-05,0.000240504806932,0.0,5.69616647996e-05,9.49361079993e-05,6.32907386662e-06,6.32907386662e-06,0.0,0.000164555920532,0.0,6.32907386662e-06,1.26581477332e-05,0.0,0.000126581477332,0.000189872215999,0.000101265181866,8.22779602661e-05,0.000151897772799,0.000170884994399,0.000246833880798,0.000354428136531,0.000189872215999,0.000113923329599,0.000164555920532,8.22779602661e-05,6.32907386662e-05,0.000120252403466,1.89872215999e-05,0.0,0.0,4.43035170663e-05,0.000151897772799,0.000348099062664,0.000170884994399,0.000126581477332,1.89872215999e-05,6.32907386662e-06,0.0,0.000208859437598,6.32907386662e-06,0.0,6.32907386662e-06,0.000189872215999,8.22779602661e-05,3.16453693331e-05,0.0,6.96198125328e-05,7.59488863995e-05,6.32907386662e-06,6.32907386662e-06,0.000120252403466,5.0632590933e-05,6.32907386662e-06,1.26581477332e-05,0.0,1.26581477332e-05,1.89872215999e-05,6.32907386662e-06,3.16453693331e-05,0.0,1.26581477332e-05,1.26581477332e-05
Gen 158
float_yankdup,integer_swap,vector_float_conj,vector_float_conc,vector_float_occurrencesof,vector_float_replacefirst,vector_float_rest,vector_float_p,vector_float_s,vector_float_r,vector_float_first,integer_fromfloat,vector_float_last,vector_float_d,float_sw,exec_yankd,vector_float_n,exec_do*tim,exec_yankdup,exec_yank,integer_mu,vector_float_remove,vector_float_fir,exec_do*vector_float,float_p,float_r,vector_float_stackdep,vector_float_dup,vector_float_subvec,float_i,exec_do*range,integer_yankd,float_m,integer_rot,float_a,float_c,float_d,integer_stackdep,float_s,vector_float_occurrences,exec_stackdepth,vector_float_swap,vector_float_reverse,float_stackdepth,float_max,exec_do*vector_flo,float_min,vector_float_rot,float_rot,exec_shove,vector_float_pushall,float_stackdep,float_sub,vector_float_sho,integer_div,integer_mult,integer_min,float_shove,integer_flush,float_inc,in1,integer_yank,integer_fromflo,vector_float_yankdup,float_ya,vector_float_butla,integer_sw,float_pop,exec_d,float_yankd,integer_max,exec_dup,exec_k,float_frominteger,float_mult,exec_noop,exec_p,exec_r,exec_s,vector_float_butlast,integer_flu,exec_y,float_mod,integer_ya,integer_yankdup,exec_stackdep,exec_do*ran,vector_float_index,vector_float_pop,exec_do*cou,vector_float_ta,vector_float_flu,float_add,exec_do*times,integer_shove,float_tan,vector_float_la,vector_float_indexof,float_sho,float_frominteg,integer_dup,vector_float_stackdepth,exec_sho,vector_float_replace,exec_swap,vector_float_rever,autoconstructive_integer_ra,exec_sw,integer_add,exec_flush,float_flu,float_cos,exec_flu,integer_mod,float_div,vector_float_leng,integer_inc,vector_float_yank,exec_rot,vector_float_flush,float_dec,vector_float_set,integer_pop,vector_float_shove,exec_pop,vector_float_take,vector_float_concat,vector_float_pusha,vector_float_ya,vector_float_remo,float_sin,autoconstructive_integer_rand,vector_float_length,exec_do*count,integer_sub,float_mu,exec_no,vector_float_re,float_dup,integer_r,integer_sho,vector_float_yankd,integer_stackdepth,integer_dec,exec,vector_float_replacefir,vector_float_nth,float_swap,vector_float_co,exec_ya,float_yank,float_flush,float_t,integer_d,integer_a,integer_m,integer_i,vector_float_subv,integer_s,integer_p,vector_float_repla,vector_float_sw
0.000314463431048,0.000496852221055,4.40248803467e-05,6.28926862095e-06,0.000226413670354,0.000182388790008,0.000100628297935,0.0,6.28926862095e-06,6.28926862095e-06,4.40248803467e-05,0.000207545864491,0.000138363909661,3.77356117257e-05,0.0,0.0,6.28926862095e-06,4.40248803467e-05,0.00033333123691,0.000138363909661,6.28926862095e-06,0.000100628297935,4.40248803467e-05,0.000138363909661,0.0,1.25785372419e-05,0.0,0.000566034175886,0.00013207464104,1.25785372419e-05,0.000383645385878,0.0,8.17604920724e-05,8.17604920724e-05,1.88678058629e-05,6.28926862095e-06,0.000106917566556,0.0,0.000113206835177,1.25785372419e-05,0.000389934654499,0.000383645385878,0.000125785372419,0.000119496103798,0.000207545864491,0.0,0.000220124401733,0.000207545864491,0.000220124401733,1.25785372419e-05,0.000509430758297,2.51570744838e-05,0.000188678058629,2.51570744838e-05,0.00013207464104,0.000415091728983,0.000176099521387,0.000113206835177,3.77356117257e-05,0.000270438550701,0.00111320054591,0.000138363909661,4.40248803467e-05,0.00013207464104,0.0,6.28926862095e-06,0.0,1.25785372419e-05,0.0,1.25785372419e-05,0.000238992207596,0.000339620505531,9.43390293143e-05,0.000566034175886,0.000283017087943,0.000138363909661,6.28926862095e-06,0.0,6.28926862095e-06,0.000245281476217,3.77356117257e-05,0.000106917566556,3.77356117257e-05,0.000113206835177,8.17604920724e-05,0.000100628297935,0.0,0.0,9.43390293143e-05,5.66034175886e-05,1.25785372419e-05,1.25785372419e-05,2.51570744838e-05,3.77356117257e-05,0.000138363909661,5.03141489676e-05,1.88678058629e-05,6.91819548305e-05,1.25785372419e-05,6.28926862095e-06,7.54712234514e-05,0.000182388790008,0.0,5.66034175886e-05,6.28926862095e-05,0.0,6.28926862095e-06,0.0,0.000125785372419,0.0,0.0,0.0,0.0,0.000144653178282,0.000157231715524,0.000138363909661,6.91819548305e-05,0.000169810252766,0.000157231715524,0.000245281476217,0.00039622392312,0.00013207464104,7.54712234514e-05,0.000138363909661,7.54712234514e-05,8.80497606933e-05,0.00019496732725,1.25785372419e-05,0.0,0.0,4.40248803467e-05,0.000157231715524,0.000446538072088,0.000163520984145,0.000113206835177,0.0,1.25785372419e-05,0.0,0.000188678058629,6.28926862095e-06,1.25785372419e-05,6.28926862095e-06,0.000213835133112,0.000119496103798,1.88678058629e-05,0.0,7.54712234514e-05,8.80497606933e-05,6.28926862095e-06,2.51570744838e-05,9.43390293143e-05,6.28926862095e-05,6.28926862095e-06,6.28926862095e-06,6.28926862095e-06,2.51570744838e-05,6.28926862095e-06,0.0,4.40248803467e-05,0.0,3.14463431048e-05,0.0
Gen 159
float_yankdup,integer_swap,vector_float_conj,vector_float_conc,vector_float_occurrencesof,vector_float_replacefirst,vector_float_rest,vector_float_p,vector_float_s,vector_float_r,vector_float_first,integer_fromfloat,vector_float_last,vector_float_d,float_sw,exec_yankd,vector_float_n,exec_do*tim,exec_yankdup,exec_yank,integer_mu,vector_float_remove,vector_float_fir,exec_do*vector_float,float_p,float_r,vector_float_stackdep,vector_float_dup,vector_float_subvec,float_i,exec_do*range,integer_yankd,float_m,integer_rot,float_a,float_c,float_d,integer_stackdep,float_s,vector_float_occurrences,exec_stackdepth,vector_float_swap,vector_float_reverse,float_stackdepth,float_max,exec_do*vector_flo,float_min,vector_float_rot,float_rot,exec_shove,vector_float_pushall,float_stackdep,float_sub,vector_float_sho,integer_div,integer_mult,integer_min,float_shove,integer_flush,float_inc,in1,integer_yank,integer_fromflo,vector_float_yankdup,float_ya,vector_float_butla,integer_sw,float_pop,exec_d,float_yankd,integer_max,exec_dup,exec_k,float_frominteger,float_mult,exec_noop,exec_p,exec_r,exec_s,vector_float_butlast,integer_flu,exec_y,float_mod,integer_ya,integer_yankdup,exec_stackdep,exec_do*ran,vector_float_index,vector_float_pop,exec_do*cou,vector_float_ta,vector_float_flu,float_add,exec_do*times,integer_shove,float_tan,vector_float_la,vector_float_indexof,float_sho,float_frominteg,integer_dup,vector_float_stackdepth,exec_sho,vector_float_replace,exec_swap,vector_float_rever,autoconstructive_integer_ra,exec_sw,integer_add,exec_flush,float_flu,float_cos,exec_flu,integer_mod,float_div,vector_float_leng,integer_inc,vector_float_yank,exec_rot,vector_float_flush,float_dec,vector_float_set,integer_pop,vector_float_shove,exec_pop,vector_float_take,vector_float_concat,vector_float_pusha,vector_float_ya,vector_float_remo,float_sin,autoconstructive_integer_rand,vector_float_length,exec_do*count,integer_sub,float_mu,exec_no,vector_float_re,float_dup,integer_r,integer_sho,vector_float_yankd,integer_stackdepth,integer_dec,exec,vector_float_replacefir,vector_float_nth,float_swap,vector_float_co,exec_ya,float_yank,float_flush,float_t,integer_d,integer_a,integer_m,integer_i,vector_float_subv,integer_s,integer_p,vector_float_repla,vector_float_sw
0.000324997968763,0.000574996406272,9.37494140662e-05,1.24999218755e-05,0.000274998281261,0.000218748632821,0.00013749914063,0.0,0.0,6.24996093774e-06,9.99993750039e-05,0.000306248085949,0.000224998593759,6.24996093774e-06,6.24996093774e-06,2.4999843751e-05,6.24996093774e-06,3.12498046887e-05,0.000462497109393,0.000174998906257,1.24999218755e-05,7.49995312529e-05,4.37497265642e-05,0.000206248710946,0.0,6.24996093774e-06,0.0,0.000631246054712,0.000174998906257,1.24999218755e-05,0.000399997500016,0.0,0.00013749914063,0.000124999218755,0.0,0.0,0.000149999062506,0.0,7.49995312529e-05,6.24996093774e-06,0.000543746601584,0.000456247148455,0.000131249179693,0.000162498984381,0.000206248710946,0.0,0.000206248710946,0.000199998750008,0.000318748007825,1.87498828132e-05,0.000537496640646,2.4999843751e-05,0.00024999843751,2.4999843751e-05,0.000118749257817,0.000512496796895,0.000237498515634,0.000124999218755,1.87498828132e-05,0.000356247773451,0.00121249242192,0.000156249023444,9.37494140662e-05,0.000162498984381,6.24996093774e-06,0.0,0.0,3.74997656265e-05,1.24999218755e-05,6.24996093774e-06,0.000381247617202,0.00038749757814,0.00013749914063,0.000612496171899,0.000362497734389,0.000243748476572,0.0,6.24996093774e-06,6.24996093774e-06,0.000274998281261,5.62496484397e-05,0.000118749257817,0.000118749257817,0.000106249335942,0.00013749914063,0.000112499296879,2.4999843751e-05,6.24996093774e-06,8.74994531284e-05,3.12498046887e-05,6.24996093774e-06,6.24996093774e-06,6.24996093774e-05,6.24996093774e-05,0.000162498984381,6.87495703152e-05,1.24999218755e-05,9.99993750039e-05,6.24996093774e-06,3.74997656265e-05,0.000124999218755,0.000287498203136,6.24996093774e-06,0.000118749257817,9.99993750039e-05,6.24996093774e-06,6.24996093774e-06,0.0,0.000181248867195,0.0,0.0,1.24999218755e-05,0.0,0.000174998906257,0.000162498984381,4.9999687502e-05,0.00013749914063,0.000168748945319,0.000212498671883,0.000306248085949,0.000312498046887,0.000162498984381,0.000106249335942,0.000181248867195,8.74994531284e-05,8.12494921907e-05,0.000268748320323,3.12498046887e-05,0.0,1.24999218755e-05,3.12498046887e-05,0.00019374878907,0.000406247460953,0.000206248710946,0.000162498984381,1.87498828132e-05,0.0,6.24996093774e-06,0.00024999843751,0.0,6.24996093774e-06,1.87498828132e-05,0.000299998125012,9.37494140662e-05,3.12498046887e-05,0.0,8.74994531284e-05,0.00013749914063,6.24996093774e-06,6.24996093774e-06,9.37494140662e-05,4.37497265642e-05,1.24999218755e-05,3.12498046887e-05,0.0,7.49995312529e-05,6.24996093774e-06,6.24996093774e-06,1.87498828132e-05,0.0,6.87495703152e-05,1.24999218755e-05
Gen 160
float_yankdup,integer_swap,vector_float_conj,vector_float_conc,vector_float_occurrencesof,vector_float_replacefirst,vector_float_rest,vector_float_p,vector_float_s,vector_float_r,vector_float_first,integer_fromfloat,vector_float_last,vector_float_d,float_sw,exec_yankd,vector_float_n,exec_do*tim,exec_yankdup,exec_yank,integer_mu,vector_float_remove,vector_float_fir,exec_do*vector_float,float_p,float_r,vector_float_stackdep,vector_float_dup,vector_float_subvec,float_i,exec_do*range,integer_yankd,float_m,integer_rot,float_a,float_c,float_d,integer_stackdep,float_s,vector_float_occurrences,exec_stackdepth,vector_float_swap,vector_float_reverse,float_stackdepth,float_max,exec_do*vector_flo,float_min,vector_float_rot,float_rot,exec_shove,vector_float_pushall,float_stackdep,float_sub,vector_float_sho,integer_div,integer_mult,integer_min,float_shove,integer_flush,float_inc,in1,integer_yank,integer_fromflo,vector_float_yankdup,float_ya,vector_float_butla,integer_sw,float_pop,exec_d,float_yankd,integer_max,exec_dup,exec_k,float_frominteger,float_mult,exec_noop,exec_p,exec_r,exec_s,vector_float_butlast,integer_flu,exec_y,float_mod,integer_ya,integer_yankdup,exec_stackdep,exec_do*ran,vector_float_index,vector_float_pop,exec_do*cou,vector_float_ta,vector_float_flu,float_add,exec_do*times,integer_shove,float_tan,vector_float_la,vector_float_indexof,float_sho,float_frominteg,integer_dup,vector_float_stackdepth,exec_sho,vector_float_replace,exec_swap,vector_float_rever,autoconstructive_integer_ra,exec_sw,integer_add,exec_flush,float_flu,float_cos,exec_flu,integer_mod,float_div,vector_float_leng,integer_inc,vector_float_yank,exec_rot,vector_float_flush,float_dec,vector_float_set,integer_pop,vector_float_shove,exec_pop,vector_float_take,vector_float_concat,vector_float_pusha,vector_float_ya,vector_float_remo,float_sin,autoconstructive_integer_rand,vector_float_length,exec_do*count,integer_sub,float_mu,exec_no,vector_float_re,float_dup,integer_r,integer_sho,vector_float_yankd,integer_stackdepth,integer_dec,exec,vector_float_replacefir,vector_float_nth,float_swap,vector_float_co,exec_ya,float_yank,float_flush,float_t,integer_d,integer_a,integer_m,integer_i,vector_float_subv,integer_s,integer_p,vector_float_repla,vector_float_sw
0.000291923652648,0.000552791597568,9.31671231856e-05,6.2111415457e-06,0.000236023378737,0.00017391196328,8.69559816399e-05,0.0,6.2111415457e-06,1.24222830914e-05,8.69559816399e-05,0.00030434593574,0.000229812237191,6.2111415457e-06,6.2111415457e-06,0.0,0.0,5.59002739113e-05,0.000397513058925,0.000155278538643,6.2111415457e-06,0.000105589406277,2.48445661828e-05,0.00017391196328,0.0,6.2111415457e-06,0.0,0.000509313606748,0.000136645114006,1.24222830914e-05,0.000273290228011,6.2111415457e-06,9.31671231856e-05,0.000124222830914,6.2111415457e-06,0.0,3.10557077285e-05,1.86334246371e-05,0.000118011689368,1.24222830914e-05,0.000391301917379,0.000416146483562,0.000118011689368,0.000149067397097,0.000204967671008,1.86334246371e-05,0.000341612785014,0.000211178812554,0.000310557077285,1.24222830914e-05,0.000645958720753,2.48445661828e-05,0.000242234520282,4.34779908199e-05,0.000192545387917,0.000484469040565,0.000155278538643,0.000155278538643,3.10557077285e-05,0.000236023378737,0.00108073862895,0.000167700821734,5.59002739113e-05,0.000149067397097,6.2111415457e-06,6.2111415457e-06,1.24222830914e-05,6.2111415457e-06,0.0,6.2111415457e-06,0.000267079086465,0.000341612785014,0.000124222830914,0.000577636163751,0.000267079086465,0.00017391196328,6.2111415457e-06,1.24222830914e-05,0.0,0.000242234520282,4.96891323656e-05,6.83225570028e-05,9.31671231856e-05,9.31671231856e-05,0.000192545387917,8.07448400942e-05,1.86334246371e-05,0.0,0.000111800547823,3.10557077285e-05,6.2111415457e-06,1.24222830914e-05,7.45336985485e-05,6.83225570028e-05,0.000186334246371,4.96891323656e-05,2.48445661828e-05,0.000111800547823,0.0,6.2111415457e-06,0.000105589406277,0.000204967671008,0.0,9.31671231856e-05,7.45336985485e-05,1.86334246371e-05,6.2111415457e-06,6.2111415457e-06,0.000167700821734,0.0,0.0,0.0,0.0,0.000229812237191,0.000142856255551,0.000118011689368,0.00013043397246,0.000161489680188,0.000198756529463,0.00030434593574,0.000422357625108,0.000136645114006,6.2111415457e-05,0.000167700821734,0.000105589406277,8.07448400942e-05,0.000211178812554,1.24222830914e-05,0.0,1.24222830914e-05,2.48445661828e-05,0.000192545387917,0.000521735889839,0.000192545387917,0.000180123104825,6.2111415457e-06,0.0,0.0,0.000204967671008,6.2111415457e-06,6.2111415457e-06,3.10557077285e-05,0.000167700821734,0.000149067397097,6.83225570028e-05,0.0,0.000105589406277,9.93782647313e-05,0.0,0.0,8.69559816399e-05,6.83225570028e-05,0.0,1.86334246371e-05,0.0,6.2111415457e-06,1.24222830914e-05,0.0,4.34779908199e-05,6.2111415457e-06,6.2111415457e-06,2.48445661828e-05
Gen 161
float_yankdup,integer_swap,vector_float_conj,vector_float_conc,vector_float_occurrencesof,vector_float_replacefirst,vector_float_rest,vector_float_p,vector_float_s,vector_float_r,vector_float_first,integer_fromfloat,vector_float_last,vector_float_d,float_sw,exec_yankd,vector_float_n,exec_do*tim,exec_yankdup,exec_yank,integer_mu,vector_float_remove,vector_float_fir,exec_do*vector_float,float_p,float_r,vector_float_stackdep,vector_float_dup,vector_float_subvec,float_i,exec_do*range,integer_yankd,float_m,integer_rot,float_a,float_c,float_d,integer_stackdep,float_s,vector_float_occurrences,exec_stackdepth,vector_float_swap,vector_float_reverse,float_stackdepth,float_max,exec_do*vector_flo,float_min,vector_float_rot,float_rot,exec_shove,vector_float_pushall,float_stackdep,float_sub,vector_float_sho,integer_div,integer_mult,integer_min,float_shove,integer_flush,float_inc,in1,integer_yank,integer_fromflo,vector_float_yankdup,float_ya,vector_float_butla,integer_sw,float_pop,exec_d,float_yankd,integer_max,exec_dup,exec_k,float_frominteger,float_mult,exec_noop,exec_p,exec_r,exec_s,vector_float_butlast,integer_flu,exec_y,float_mod,integer_ya,integer_yankdup,exec_stackdep,exec_do*ran,vector_float_index,vector_float_pop,exec_do*cou,vector_float_ta,vector_float_flu,float_add,exec_do*times,integer_shove,float_tan,vector_float_la,vector_float_indexof,float_sho,float_frominteg,integer_dup,vector_float_stackdepth,exec_sho,vector_float_replace,exec_swap,vector_float_rever,autoconstructive_integer_ra,exec_sw,integer_add,exec_flush,float_flu,float_cos,exec_flu,integer_mod,float_div,vector_float_leng,integer_inc,vector_float_yank,exec_rot,vector_float_flush,float_dec,vector_float_set,integer_pop,vector_float_shove,exec_pop,vector_float_take,vector_float_concat,vector_float_pusha,vector_float_ya,vector_float_remo,float_sin,autoconstructive_integer_rand,vector_float_length,exec_do*count,integer_sub,float_mu,exec_no,vector_float_re,float_dup,integer_r,integer_sho,vector_float_yankd,integer_stackdepth,integer_dec,exec,vector_float_replacefir,vector_float_nth,float_swap,vector_float_co,exec_ya,float_yank,float_flush,float_t,integer_d,integer_a,integer_m,integer_i,vector_float_subv,integer_s,integer_p,vector_float_repla,vector_float_sw
0.000358022481343,0.000635798544453,8.64192196344e-05,0.0,0.000314812871525,0.000216048049086,8.64192196344e-05,6.17280140246e-06,1.23456028049e-05,1.23456028049e-05,6.17280140246e-05,0.000314812871525,0.000308640070123,1.85184042074e-05,0.0,2.46912056098e-05,6.17280140246e-06,4.93824112197e-05,0.000370368084148,0.000197529644879,6.17280140246e-06,6.79008154271e-05,4.93824112197e-05,0.000240739254696,0.0,1.23456028049e-05,6.17280140246e-06,0.000660489750063,0.000166665637866,6.17280140246e-06,0.000302467268721,0.0,0.000129628829452,0.000166665637866,6.17280140246e-06,0.0,4.32096098172e-05,0.0,6.79008154271e-05,1.23456028049e-05,0.000537033722014,0.000475305707989,0.000129628829452,0.000148147233659,0.000135801630854,1.23456028049e-05,0.000413577693965,0.000234566453293,0.00032715847433,1.23456028049e-05,0.000697526558478,6.17280140246e-05,0.000265430460306,3.70368084148e-05,0.000209875247684,0.000561724927624,0.000197529644879,0.000179011240671,2.46912056098e-05,0.000320985672928,0.00104320343702,0.000222220850489,4.32096098172e-05,0.000185184042074,0.0,0.0,3.08640070123e-05,1.23456028049e-05,6.17280140246e-06,1.85184042074e-05,0.000320985672928,0.000395059289757,0.000141974432257,0.000580243331831,0.000320985672928,0.000160492836464,1.23456028049e-05,0.0,6.17280140246e-06,0.000308640070123,7.40736168295e-05,8.64192196344e-05,5.55552126221e-05,0.000117283226647,0.000216048049086,9.87648224394e-05,0.0,6.17280140246e-06,0.000104937623842,3.70368084148e-05,0.0,1.23456028049e-05,9.25920210369e-05,6.79008154271e-05,0.000191356843476,6.17280140246e-05,4.93824112197e-05,0.000148147233659,0.0,1.85184042074e-05,9.25920210369e-05,0.000234566453293,0.0,7.40736168295e-05,8.0246418232e-05,0.0,6.17280140246e-06,6.17280140246e-06,0.000197529644879,0.0,6.17280140246e-06,6.17280140246e-06,0.0,0.000166665637866,0.000203702446281,9.25920210369e-05,0.000104937623842,0.000185184042074,0.000283948864513,0.00037654088555,0.000444441700977,0.000179011240671,4.93824112197e-05,0.000185184042074,0.000123456028049,8.64192196344e-05,0.000172838439269,6.17280140246e-06,1.23456028049e-05,6.17280140246e-06,4.93824112197e-05,0.000160492836464,0.000438268899575,0.000259257658903,0.000191356843476,0.0,6.17280140246e-06,6.17280140246e-06,0.000209875247684,0.0,3.08640070123e-05,3.70368084148e-05,0.000141974432257,0.000209875247684,3.70368084148e-05,1.23456028049e-05,0.000123456028049,0.000154320035062,6.17280140246e-06,6.17280140246e-06,0.000129628829452,3.70368084148e-05,6.17280140246e-06,6.17280140246e-06,6.17280140246e-06,3.08640070123e-05,1.23456028049e-05,0.0,4.93824112197e-05,0.0,0.0,0.0
Gen 162
float_yankdup,integer_swap,vector_float_conj,vector_float_conc,vector_float_occurrencesof,vector_float_replacefirst,vector_float_rest,vector_float_p,vector_float_s,vector_float_r,vector_float_first,integer_fromfloat,vector_float_last,vector_float_d,float_sw,exec_yankd,vector_float_n,exec_do*tim,exec_yankdup,exec_yank,integer_mu,vector_float_remove,vector_float_fir,exec_do*vector_float,float_p,float_r,vector_float_stackdep,vector_float_dup,vector_float_subvec,float_i,exec_do*range,integer_yankd,float_m,integer_rot,float_a,float_c,float_d,integer_stackdep,float_s,vector_float_occurrences,exec_stackdepth,vector_float_swap,vector_float_reverse,float_stackdepth,float_max,exec_do*vector_flo,float_min,vector_float_rot,float_rot,exec_shove,vector_float_pushall,float_stackdep,float_sub,vector_float_sho,integer_div,integer_mult,integer_min,float_shove,integer_flush,float_inc,in1,integer_yank,integer_fromflo,vector_float_yankdup,float_ya,vector_float_butla,integer_sw,float_pop,exec_d,float_yankd,integer_max,exec_dup,exec_k,float_frominteger,float_mult,exec_noop,exec_p,exec_r,exec_s,vector_float_butlast,integer_flu,exec_y,float_mod,integer_ya,integer_yankdup,exec_stackdep,exec_do*ran,vector_float_index,vector_float_pop,exec_do*cou,vector_float_ta,vector_float_flu,float_add,exec_do*times,integer_shove,float_tan,vector_float_la,vector_float_indexof,float_sho,float_frominteg,integer_dup,vector_float_stackdepth,exec_sho,vector_float_replace,exec_swap,vector_float_rever,autoconstructive_integer_ra,exec_sw,integer_add,exec_flush,float_flu,float_cos,exec_flu,integer_mod,float_div,vector_float_leng,integer_inc,vector_float_yank,exec_rot,vector_float_flush,float_dec,vector_float_set,integer_pop,vector_float_shove,exec_pop,vector_float_take,vector_float_concat,vector_float_pusha,vector_float_ya,vector_float_remo,float_sin,autoconstructive_integer_rand,vector_float_length,exec_do*count,integer_sub,float_mu,exec_no,vector_float_re,float_dup,integer_r,integer_sho,vector_float_yankd,integer_stackdepth,integer_dec,exec,vector_float_replacefir,vector_float_nth,float_swap,vector_float_co,exec_ya,float_yank,float_flush,float_t,integer_d,integer_a,integer_m,integer_i,vector_float_subv,integer_s,integer_p,vector_float_repla,vector_float_sw
0.000368095901252,0.000773001392629,0.000122698633751,6.13493168754e-06,0.000312881516064,0.000312881516064,0.000141103428813,1.22698633751e-05,0.0,1.22698633751e-05,5.52143851878e-05,0.000282206857627,0.000269936994252,3.06746584377e-05,1.22698633751e-05,6.13493168754e-06,6.13493168754e-06,7.9754111938e-05,0.000503064398378,0.000245397267501,6.13493168754e-06,7.36191802504e-05,1.84047950626e-05,0.000245397267501,6.13493168754e-06,1.22698633751e-05,0.0,0.000674842485629,0.000177913018939,6.13493168754e-06,0.000441715081503,0.0,0.000165643155563,0.000165643155563,0.0,6.13493168754e-06,3.68095901252e-05,6.13493168754e-06,9.81589070006e-05,6.13493168754e-06,0.000687112349004,0.000619628100441,0.000153373292188,0.000251532199189,0.000177913018939,2.45397267501e-05,0.000337421242814,0.000208587677376,0.000368095901252,0.0,0.000828215777817,5.52143851878e-05,0.000226992472439,4.90794535003e-05,0.000214722609064,0.000595088373691,0.000177913018939,0.000110428770376,5.52143851878e-05,0.000312881516064,0.00122085140582,0.000177913018939,3.06746584377e-05,0.000122698633751,1.84047950626e-05,1.22698633751e-05,6.13493168754e-06,0.0,1.84047950626e-05,6.13493168754e-06,0.00039877055969,0.000478524671628,7.9754111938e-05,0.000674842485629,0.00037423083294,0.000196317814001,1.22698633751e-05,6.13493168754e-06,0.0,0.000417175354752,4.29445218127e-05,9.2023975313e-05,0.000110428770376,0.000116563702063,0.000190182882314,9.2023975313e-05,6.13493168754e-06,0.0,0.000128833565438,5.52143851878e-05,0.0,1.22698633751e-05,6.13493168754e-05,4.90794535003e-05,0.000134968497126,4.90794535003e-05,4.90794535003e-05,9.81589070006e-05,6.13493168754e-06,1.22698633751e-05,0.000128833565438,0.000276071925939,0.0,0.000104293838688,4.29445218127e-05,0.0,6.13493168754e-06,1.84047950626e-05,0.000239262335814,6.13493168754e-06,0.0,1.84047950626e-05,0.0,0.000251532199189,0.000196317814001,7.36191802504e-05,9.2023975313e-05,0.000196317814001,0.000331286311127,0.00037423083294,0.000484659603315,0.000251532199189,1.84047950626e-05,0.000226992472439,0.000171778087251,0.000110428770376,0.000196317814001,1.22698633751e-05,1.22698633751e-05,0.0,6.74842485629e-05,0.000233127404126,0.000570548646941,0.000282206857627,0.000245397267501,0.0,0.0,6.13493168754e-06,0.000331286311127,0.0,1.22698633751e-05,1.22698633751e-05,0.000159508223876,0.000165643155563,6.74842485629e-05,0.0,0.000134968497126,0.000165643155563,6.13493168754e-06,0.0,0.000171778087251,7.36191802504e-05,0.0,3.68095901252e-05,0.0,3.68095901252e-05,6.13493168754e-06,1.22698633751e-05,9.81589070006e-05,6.13493168754e-06,0.0,0.0
Gen 163
float_yankdup,integer_swap,vector_float_conj,vector_float_conc,vector_float_occurrencesof,vector_float_replacefirst,vector_float_rest,vector_float_p,vector_float_s,vector_float_r,vector_float_first,integer_fromfloat,vector_float_last,vector_float_d,float_sw,exec_yankd,vector_float_n,exec_do*tim,exec_yankdup,exec_yank,integer_mu,vector_float_remove,vector_float_fir,exec_do*vector_float,float_p,float_r,vector_float_stackdep,vector_float_dup,vector_float_subvec,float_i,exec_do*range,integer_yankd,float_m,integer_rot,float_a,float_c,float_d,integer_stackdep,float_s,vector_float_occurrences,exec_stackdepth,vector_float_swap,vector_float_reverse,float_stackdepth,float_max,exec_do*vector_flo,float_min,vector_float_rot,float_rot,exec_shove,vector_float_pushall,float_stackdep,float_sub,vector_float_sho,integer_div,integer_mult,integer_min,float_shove,integer_flush,float_inc,in1,integer_yank,integer_fromflo,vector_float_yankdup,float_ya,vector_float_butla,integer_sw,float_pop,exec_d,float_yankd,integer_max,exec_dup,exec_k,float_frominteger,float_mult,exec_noop,exec_p,exec_r,exec_s,vector_float_butlast,integer_flu,exec_y,float_mod,integer_ya,integer_yankdup,exec_stackdep,exec_do*ran,vector_float_index,vector_float_pop,exec_do*cou,vector_float_ta,vector_float_flu,float_add,exec_do*times,integer_shove,float_tan,vector_float_la,vector_float_indexof,float_sho,float_frominteg,integer_dup,vector_float_stackdepth,exec_sho,vector_float_replace,exec_swap,vector_float_rever,autoconstructive_integer_ra,exec_sw,integer_add,exec_flush,float_flu,float_cos,exec_flu,integer_mod,float_div,vector_float_leng,integer_inc,vector_float_yank,exec_rot,vector_float_flush,float_dec,vector_float_set,integer_pop,vector_float_shove,exec_pop,vector_float_take,vector_float_concat,vector_float_pusha,vector_float_ya,vector_float_remo,float_sin,autoconstructive_integer_rand,vector_float_length,exec_do*count,integer_sub,float_mu,exec_no,vector_float_re,float_dup,integer_r,integer_sho,vector_float_yankd,integer_stackdepth,integer_dec,exec,vector_float_replacefir,vector_float_nth,float_swap,vector_float_co,exec_ya,float_yank,float_flush,float_t,integer_d,integer_a,integer_m,integer_i,vector_float_subv,integer_s,integer_p,vector_float_repla,vector_float_sw
0.000335363808757,0.000615849903354,9.75603807294e-05,0.0,0.000274388570801,0.000128047999707,8.53653331382e-05,6.09752379559e-06,0.0,6.09752379559e-06,5.48777141603e-05,0.000237803428028,0.000378046475326,3.04876189779e-05,0.0,1.21950475912e-05,0.0,1.21950475912e-05,0.000378046475326,6.70727617515e-05,1.82925713868e-05,0.000115852952116,3.65851427735e-05,0.000256095999415,0.0,1.82925713868e-05,0.0,0.000652435046128,0.00015243809489,0.0,0.000384143999122,0.0,0.000128047999707,0.000213413332846,1.21950475912e-05,0.0,3.04876189779e-05,6.09752379559e-06,6.70727617515e-05,0.0,0.00052438704642,0.000530484570216,0.000170730666276,0.000201218285254,0.000121950475912,2.43900951823e-05,0.000384143999122,0.00026219352321,0.000249998475619,1.21950475912e-05,0.000615849903354,5.48777141603e-05,0.000243900951823,4.26826665691e-05,0.00026219352321,0.000615849903354,0.000158535618685,0.000164633142481,4.87801903647e-05,0.000280486094597,0.00104877409284,0.000189023237663,6.09752379559e-06,0.00020731580905,6.09752379559e-06,0.0,1.21950475912e-05,1.21950475912e-05,2.43900951823e-05,6.09752379559e-06,0.000213413332846,0.000335363808757,0.000176828190072,0.00052438704642,0.000231705904232,0.000140243047298,1.82925713868e-05,1.21950475912e-05,1.21950475912e-05,0.000292681142188,9.14628569338e-05,0.000103657904525,9.75603807294e-05,5.48777141603e-05,0.000170730666276,7.3170285547e-05,6.09752379559e-06,0.0,9.14628569338e-05,4.87801903647e-05,0.0,0.0,0.000134145523503,6.70727617515e-05,0.000213413332846,3.65851427735e-05,5.48777141603e-05,0.000146340571094,0.0,6.09752379559e-06,9.75603807294e-05,0.000146340571094,6.09752379559e-06,9.75603807294e-05,3.04876189779e-05,2.43900951823e-05,0.0,6.09752379559e-06,0.00026219352321,0.0,0.0,6.09752379559e-06,0.0,0.000176828190072,0.000256095999415,7.92678093426e-05,7.3170285547e-05,0.000213413332846,0.000280486094597,0.000256095999415,0.000445119237078,9.75603807294e-05,1.82925713868e-05,0.000189023237663,0.000146340571094,7.92678093426e-05,0.000176828190072,1.82925713868e-05,1.21950475912e-05,0.0,6.70727617515e-05,0.000158535618685,0.000426826665691,0.000335363808757,0.000237803428028,6.09752379559e-06,0.0,0.0,0.000201218285254,6.09752379559e-06,0.0,6.09752379559e-06,0.000146340571094,0.00020731580905,6.09752379559e-05,0.0,8.53653331382e-05,0.00015243809489,1.21950475912e-05,6.09752379559e-06,0.000121950475912,7.3170285547e-05,0.0,2.43900951823e-05,6.09752379559e-06,3.65851427735e-05,1.21950475912e-05,1.21950475912e-05,5.48777141603e-05,6.09752379559e-06,0.0,1.21950475912e-05
Gen 164
float_yankdup,integer_swap,vector_float_conj,vector_float_conc,vector_float_occurrencesof,vector_float_replacefirst,vector_float_rest,vector_float_p,vector_float_s,vector_float_r,vector_float_first,integer_fromfloat,vector_float_last,vector_float_d,float_sw,exec_yankd,vector_float_n,exec_do*tim,exec_yankdup,exec_yank,integer_mu,vector_float_remove,vector_float_fir,exec_do*vector_float,float_p,float_r,vector_float_stackdep,vector_float_dup,vector_float_subvec,float_i,exec_do*range,integer_yankd,float_m,integer_rot,float_a,float_c,float_d,integer_stackdep,float_s,vector_float_occurrences,exec_stackdepth,vector_float_swap,vector_float_reverse,float_stackdepth,float_max,exec_do*vector_flo,float_min,vector_float_rot,float_rot,exec_shove,vector_float_pushall,float_stackdep,float_sub,vector_float_sho,integer_div,integer_mult,integer_min,float_shove,integer_flush,float_inc,in1,integer_yank,integer_fromflo,vector_float_yankdup,float_ya,vector_float_butla,integer_sw,float_pop,exec_d,float_yankd,integer_max,exec_dup,exec_k,float_frominteger,float_mult,exec_noop,exec_p,exec_r,exec_s,vector_float_butlast,integer_flu,exec_y,float_mod,integer_ya,integer_yankdup,exec_stackdep,exec_do*ran,vector_float_index,vector_float_pop,exec_do*cou,vector_float_ta,vector_float_flu,float_add,exec_do*times,integer_shove,float_tan,vector_float_la,vector_float_indexof,float_sho,float_frominteg,integer_dup,vector_float_stackdepth,exec_sho,vector_float_replace,exec_swap,vector_float_rever,autoconstructive_integer_ra,exec_sw,integer_add,exec_flush,float_flu,float_cos,exec_flu,integer_mod,float_div,vector_float_leng,integer_inc,vector_float_yank,exec_rot,vector_float_flush,float_dec,vector_float_set,integer_pop,vector_float_shove,exec_pop,vector_float_take,vector_float_concat,vector_float_pusha,vector_float_ya,vector_float_remo,float_sin,autoconstructive_integer_rand,vector_float_length,exec_do*count,integer_sub,float_mu,exec_no,vector_float_re,float_dup,integer_r,integer_sho,vector_float_yankd,integer_stackdepth,integer_dec,exec,vector_float_replacefir,vector_float_nth,float_swap,vector_float_co,exec_ya,float_yank,float_flush,float_t,integer_d,integer_a,integer_m,integer_i,vector_float_subv,integer_s,integer_p,vector_float_repla,vector_float_sw
0.000381815867783,0.000551511809019,5.45451239689e-05,0.0,0.000284846758504,0.000199998787886,6.06056932988e-05,1.21211386598e-05,0.0,6.06056932988e-06,0.000115150817268,0.000278786189175,0.000327270743814,5.45451239689e-05,6.06056932988e-06,1.21211386598e-05,0.0,6.06056932988e-05,0.000339391882473,0.000115150817268,3.63634159793e-05,9.69691092781e-05,2.42422773195e-05,0.000284846758504,0.0,1.21211386598e-05,1.21211386598e-05,0.000642420348968,0.000212119926546,6.06056932988e-06,0.000296967897164,6.06056932988e-06,0.000103029678608,0.000181817079896,6.06056932988e-06,0.0,3.63634159793e-05,6.06056932988e-06,9.09085399482e-05,6.06056932988e-06,0.000581814655669,0.00050908782371,0.000121211386598,0.000169695941237,0.000109090247938,0.0,0.000375755298453,0.000212119926546,0.000375755298453,1.21211386598e-05,0.000660602056957,4.84845546391e-05,0.000193938218556,4.84845546391e-05,0.000278786189175,0.000612117502318,0.000248483342525,0.000169695941237,0.000121211386598,0.000321210174484,0.000915145968812,0.000151514233247,6.06056932988e-06,0.000151514233247,6.06056932988e-06,6.06056932988e-06,6.06056932988e-06,0.0,0.0,6.06056932988e-06,0.000230301634536,0.000436360991752,0.000151514233247,0.000557572378349,0.000284846758504,0.000121211386598,3.03028466494e-05,0.0,2.42422773195e-05,0.000242422773195,4.84845546391e-05,0.000133332525257,9.69691092781e-05,6.66662626287e-05,0.000224241065206,6.66662626287e-05,1.21211386598e-05,0.0,0.000109090247938,4.84845546391e-05,0.0,0.0,9.69691092781e-05,7.27268319586e-05,0.000157574802577,4.24239853092e-05,6.06056932988e-05,0.000127271955928,6.06056932988e-06,6.06056932988e-06,0.000109090247938,0.000193938218556,6.06056932988e-06,3.03028466494e-05,8.48479706184e-05,0.0,0.0,1.21211386598e-05,0.000248483342525,1.21211386598e-05,0.0,1.21211386598e-05,0.0,0.000133332525257,0.000230301634536,2.42422773195e-05,7.27268319586e-05,0.000163635371907,0.000327270743814,0.000254543911855,0.000381815867783,0.000103029678608,3.03028466494e-05,0.000242422773195,0.000145453663917,0.000139393094587,0.000103029678608,6.06056932988e-06,1.21211386598e-05,0.0,3.03028466494e-05,0.000133332525257,0.000296967897164,0.000321210174484,0.000230301634536,6.06056932988e-06,1.81817079896e-05,6.06056932988e-06,0.000206059357216,1.21211386598e-05,0.0,6.06056932988e-06,0.000163635371907,0.000187877649226,9.09085399482e-05,2.42422773195e-05,9.69691092781e-05,0.000187877649226,0.0,0.0,0.000193938218556,3.63634159793e-05,0.0,2.42422773195e-05,1.21211386598e-05,1.21211386598e-05,6.06056932988e-06,6.06056932988e-06,3.63634159793e-05,6.06056932988e-06,0.0,6.06056932988e-06
Gen 165
float_yankdup,integer_swap,vector_float_conj,vector_float_conc,vector_float_occurrencesof,vector_float_replacefirst,vector_float_rest,vector_float_p,vector_float_s,vector_float_r,vector_float_first,integer_fromfloat,vector_float_last,vector_float_d,float_sw,exec_yankd,vector_float_n,exec_do*tim,exec_yankdup,exec_yank,integer_mu,vector_float_remove,vector_float_fir,exec_do*vector_float,float_p,float_r,vector_float_stackdep,vector_float_dup,vector_float_subvec,float_i,exec_do*range,integer_yankd,float_m,integer_rot,float_a,float_c,float_d,integer_stackdep,float_s,vector_float_occurrences,exec_stackdepth,vector_float_swap,vector_float_reverse,float_stackdepth,float_max,exec_do*vector_flo,float_min,vector_float_rot,float_rot,exec_shove,vector_float_pushall,float_stackdep,float_sub,vector_float_sho,integer_div,integer_mult,integer_min,float_shove,integer_flush,float_inc,in1,integer_yank,integer_fromflo,vector_float_yankdup,float_ya,vector_float_butla,integer_sw,float_pop,exec_d,float_yankd,integer_max,exec_dup,exec_k,float_frominteger,float_mult,exec_noop,exec_p,exec_r,exec_s,vector_float_butlast,integer_flu,exec_y,float_mod,integer_ya,integer_yankdup,exec_stackdep,exec_do*ran,vector_float_index,vector_float_pop,exec_do*cou,vector_float_ta,vector_float_flu,float_add,exec_do*times,integer_shove,float_tan,vector_float_la,vector_float_indexof,float_sho,float_frominteg,integer_dup,vector_float_stackdepth,exec_sho,vector_float_replace,exec_swap,vector_float_rever,autoconstructive_integer_ra,exec_sw,integer_add,exec_flush,float_flu,float_cos,exec_flu,integer_mod,float_div,vector_float_leng,integer_inc,vector_float_yank,exec_rot,vector_float_flush,float_dec,vector_float_set,integer_pop,vector_float_shove,exec_pop,vector_float_take,vector_float_concat,vector_float_pusha,vector_float_ya,vector_float_remo,float_sin,autoconstructive_integer_rand,vector_float_length,exec_do*count,integer_sub,float_mu,exec_no,vector_float_re,float_dup,integer_r,integer_sho,vector_float_yankd,integer_stackdepth,integer_dec,exec,vector_float_replacefir,vector_float_nth,float_swap,vector_float_co,exec_ya,float_yank,float_flush,float_t,integer_d,integer_a,integer_m,integer_i,vector_float_subv,integer_s,integer_p,vector_float_repla,vector_float_sw
0.000373491725953,0.000602406009602,8.43368413443e-05,0.0,0.000331323305281,0.000186745862977,9.03609014404e-05,1.2048120192e-05,0.0,6.02406009602e-06,6.62646610563e-05,0.000313251124993,0.000331323305281,5.42165408642e-05,6.02406009602e-06,1.80721802881e-05,0.0,1.2048120192e-05,0.000385539846146,0.00012048120192,1.80721802881e-05,4.81924807682e-05,3.61443605761e-05,0.000271082704321,0.0,1.2048120192e-05,1.80721802881e-05,0.000722887211523,0.000265058644225,6.02406009602e-06,0.000283130824513,6.02406009602e-06,8.43368413443e-05,0.000228914283649,0.0,6.02406009602e-06,3.01203004801e-05,6.02406009602e-06,3.01203004801e-05,6.02406009602e-06,0.00059035788941,0.000433732326914,0.000198793983169,0.000156625562497,6.02406009602e-05,0.0,0.000427708266818,0.000186745862977,0.000246986463937,3.61443605761e-05,0.000674694730755,7.83127812483e-05,0.000240962403841,4.81924807682e-05,0.000210842103361,0.000698790971139,0.000253010524033,0.000174697742785,9.03609014404e-05,0.000331323305281,0.000903609014404,0.000210842103361,1.80721802881e-05,0.000162649622593,1.2048120192e-05,1.2048120192e-05,6.02406009602e-06,1.2048120192e-05,1.2048120192e-05,0.0,0.000313251124993,0.000427708266818,0.000144577442305,0.000554213528834,0.000271082704321,0.000114457141824,0.0,0.0,3.01203004801e-05,0.000240962403841,9.03609014404e-05,0.000132529322113,0.000102409021632,5.42165408642e-05,0.000186745862977,8.43368413443e-05,4.21684206722e-05,0.0,0.000126505262016,4.21684206722e-05,0.0,6.02406009602e-06,0.000102409021632,8.43368413443e-05,0.00012048120192,4.81924807682e-05,2.40962403841e-05,0.000138553382209,0.0,6.02406009602e-06,0.000132529322113,0.000168673682689,0.0,3.01203004801e-05,6.02406009602e-05,0.0,6.02406009602e-06,6.62646610563e-05,0.000253010524033,0.0,0.0,1.2048120192e-05,0.0,0.000144577442305,0.000289154884609,3.01203004801e-05,0.000102409021632,0.000198793983169,0.000289154884609,0.000307227064897,0.00043975638701,0.000108433081728,2.40962403841e-05,0.000222890223553,0.000108433081728,0.000162649622593,7.22887211523e-05,2.40962403841e-05,3.01203004801e-05,0.0,3.01203004801e-05,0.000186745862977,0.000361443605761,0.000301203004801,0.000162649622593,6.02406009602e-06,6.02406009602e-06,0.0,0.000222890223553,0.0,0.0,1.80721802881e-05,0.000180721802881,0.000144577442305,6.62646610563e-05,0.0,0.000114457141824,0.000162649622593,6.02406009602e-06,0.0,0.000192769923073,7.83127812483e-05,0.0,5.42165408642e-05,0.0,4.21684206722e-05,6.02406009602e-06,6.02406009602e-06,6.62646610563e-05,6.02406009602e-06,0.0,6.02406009602e-06
Gen 166
float_yankdup,integer_swap,vector_float_conj,vector_float_conc,vector_float_occurrencesof,vector_float_replacefirst,vector_float_rest,vector_float_p,vector_float_s,vector_float_r,vector_float_first,integer_fromfloat,vector_float_last,vector_float_d,float_sw,exec_yankd,vector_float_n,exec_do*tim,exec_yankdup,exec_yank,integer_mu,vector_float_remove,vector_float_fir,exec_do*vector_float,float_p,float_r,vector_float_stackdep,vector_float_dup,vector_float_subvec,float_i,exec_do*range,integer_yankd,float_m,integer_rot,float_a,float_c,float_d,integer_stackdep,float_s,vector_float_occurrences,exec_stackdepth,vector_float_swap,vector_float_reverse,float_stackdepth,float_max,exec_do*vector_flo,float_min,vector_float_rot,float_rot,exec_shove,vector_float_pushall,float_stackdep,float_sub,vector_float_sho,integer_div,integer_mult,integer_min,float_shove,integer_flush,float_inc,in1,integer_yank,integer_fromflo,vector_float_yankdup,float_ya,vector_float_butla,integer_sw,float_pop,exec_d,float_yankd,integer_max,exec_dup,exec_k,float_frominteger,float_mult,exec_noop,exec_p,exec_r,exec_s,vector_float_butlast,integer_flu,exec_y,float_mod,integer_ya,integer_yankdup,exec_stackdep,exec_do*ran,vector_float_index,vector_float_pop,exec_do*cou,vector_float_ta,vector_float_flu,float_add,exec_do*times,integer_shove,float_tan,vector_float_la,vector_float_indexof,float_sho,float_frominteg,integer_dup,vector_float_stackdepth,exec_sho,vector_float_replace,exec_swap,vector_float_rever,autoconstructive_integer_ra,exec_sw,integer_add,exec_flush,float_flu,float_cos,exec_flu,integer_mod,float_div,vector_float_leng,integer_inc,vector_float_yank,exec_rot,vector_float_flush,float_dec,vector_float_set,integer_pop,vector_float_shove,exec_pop,vector_float_take,vector_float_concat,vector_float_pusha,vector_float_ya,vector_float_remo,float_sin,autoconstructive_integer_rand,vector_float_length,exec_do*count,integer_sub,float_mu,exec_no,vector_float_re,float_dup,integer_r,integer_sho,vector_float_yankd,integer_stackdepth,integer_dec,exec,vector_float_replacefir,vector_float_nth,float_swap,vector_float_co,exec_ya,float_yank,float_flush,float_t,integer_d,integer_a,integer_m,integer_i,vector_float_subv,integer_s,integer_p,vector_float_repla,vector_float_sw
0.000389219226232,0.000544906916725,0.00010179579763,1.19759761918e-05,0.000239519523835,0.000149699702397,7.78438452464e-05,0.0,5.98798809588e-06,5.98798809588e-06,2.39519523835e-05,0.000341315321465,0.000323351357178,5.98798809588e-05,5.98798809588e-06,2.39519523835e-05,0.0,3.59279285753e-05,0.000347303309561,0.000167663666685,2.99399404794e-05,0.000113771773822,3.59279285753e-05,0.000215567571452,0.0,5.98798809588e-06,0.0,0.00071257058341,0.000167663666685,0.0,0.000269459464315,0.0,8.38318333423e-05,0.000149699702397,1.19759761918e-05,0.0,4.7903904767e-05,5.98798809588e-06,1.79639642876e-05,1.79639642876e-05,0.000688618631026,0.000401195202424,0.000161675678589,0.000167663666685,0.000125747750013,0.0,0.000389219226232,0.000209579583356,0.000221555559548,1.79639642876e-05,0.000700594607218,4.19159166712e-05,0.000257483488123,4.7903904767e-05,0.000245507511931,0.000652690702451,0.00020359159526,0.000197603607164,7.18558571506e-05,0.000311375380986,0.00107783785726,0.000221555559548,0.0,0.000155687690493,0.0,0.0,5.98798809588e-06,0.0,5.98798809588e-06,5.98798809588e-06,0.000263471476219,0.000419159166712,0.000167663666685,0.000634726738163,0.000293411416698,0.000107783785726,1.19759761918e-05,5.98798809588e-06,4.7903904767e-05,0.000293411416698,5.98798809588e-05,0.00010179579763,0.000125747750013,9.58078095341e-05,0.000149699702397,9.58078095341e-05,2.39519523835e-05,0.0,4.7903904767e-05,4.7903904767e-05,5.98798809588e-06,5.98798809588e-06,0.000113771773822,4.19159166712e-05,0.000143711714301,5.98798809588e-05,1.79639642876e-05,0.000149699702397,0.0,2.39519523835e-05,8.98198214382e-05,0.000227543547643,0.0,7.78438452464e-05,0.000107783785726,5.98798809588e-06,5.98798809588e-06,3.59279285753e-05,0.000281435440506,1.19759761918e-05,0.0,1.19759761918e-05,0.0,0.000227543547643,0.00027544745241,8.38318333423e-05,0.000143711714301,0.000191615619068,0.000215567571452,0.00020359159526,0.000461075083383,0.000149699702397,4.7903904767e-05,0.000197603607164,0.000125747750013,0.000125747750013,0.000161675678589,2.99399404794e-05,0.0,5.98798809588e-06,4.7903904767e-05,0.000155687690493,0.000431135142903,0.000263471476219,0.000173651654781,5.98798809588e-06,5.98798809588e-06,5.98798809588e-06,0.000173651654781,0.0,0.0,5.98798809588e-06,0.000173651654781,0.000149699702397,9.58078095341e-05,5.98798809588e-06,8.38318333423e-05,0.000167663666685,5.98798809588e-06,5.98798809588e-06,0.000209579583356,7.18558571506e-05,5.98798809588e-06,1.19759761918e-05,1.19759761918e-05,7.78438452464e-05,0.0,1.19759761918e-05,4.7903904767e-05,0.0,0.0,5.98798809588e-06
Gen 167
float_yankdup,integer_swap,vector_float_conj,vector_float_conc,vector_float_occurrencesof,vector_float_replacefirst,vector_float_rest,vector_float_p,vector_float_s,vector_float_r,vector_float_first,integer_fromfloat,vector_float_last,vector_float_d,float_sw,exec_yankd,vector_float_n,exec_do*tim,exec_yankdup,exec_yank,integer_mu,vector_float_remove,vector_float_fir,exec_do*vector_float,float_p,float_r,vector_float_stackdep,vector_float_dup,vector_float_subvec,float_i,exec_do*range,integer_yankd,float_m,integer_rot,float_a,float_c,float_d,integer_stackdep,float_s,vector_float_occurrences,exec_stackdepth,vector_float_swap,vector_float_reverse,float_stackdepth,float_max,exec_do*vector_flo,float_min,vector_float_rot,float_rot,exec_shove,vector_float_pushall,float_stackdep,float_sub,vector_float_sho,integer_div,integer_mult,integer_min,float_shove,integer_flush,float_inc,in1,integer_yank,integer_fromflo,vector_float_yankdup,float_ya,vector_float_butla,integer_sw,float_pop,exec_d,float_yankd,integer_max,exec_dup,exec_k,float_frominteger,float_mult,exec_noop,exec_p,exec_r,exec_s,vector_float_butlast,integer_flu,exec_y,float_mod,integer_ya,integer_yankdup,exec_stackdep,exec_do*ran,vector_float_index,vector_float_pop,exec_do*cou,vector_float_ta,vector_float_flu,float_add,exec_do*times,integer_shove,float_tan,vector_float_la,vector_float_indexof,float_sho,float_frominteg,integer_dup,vector_float_stackdepth,exec_sho,vector_float_replace,exec_swap,vector_float_rever,autoconstructive_integer_ra,exec_sw,integer_add,exec_flush,float_flu,float_cos,exec_flu,integer_mod,float_div,vector_float_leng,integer_inc,vector_float_yank,exec_rot,vector_float_flush,float_dec,vector_float_set,integer_pop,vector_float_shove,exec_pop,vector_float_take,vector_float_concat,vector_float_pusha,vector_float_ya,vector_float_remo,float_sin,autoconstructive_integer_rand,vector_float_length,exec_do*count,integer_sub,float_mu,exec_no,vector_float_re,float_dup,integer_r,integer_sho,vector_float_yankd,integer_stackdepth,integer_dec,exec,vector_float_replacefir,vector_float_nth,float_swap,vector_float_co,exec_ya,float_yank,float_flush,float_t,integer_d,integer_a,integer_m,integer_i,vector_float_subv,integer_s,integer_p,vector_float_repla,vector_float_sw
0.000404759495479,0.000595234552175,5.35711096958e-05,1.19046910435e-05,0.000196427402218,0.000172618020131,9.5237528348e-05,0.0,5.95234552175e-06,5.95234552175e-06,5.35711096958e-05,0.000321426658175,0.000303569621609,6.54758007393e-05,1.19046910435e-05,1.19046910435e-05,5.95234552175e-06,3.57140731305e-05,0.000291664930566,0.000142856292522,1.19046910435e-05,0.00010118987387,4.16664186523e-05,0.000226189129827,0.0,5.95234552175e-06,0.0,0.000696424426045,0.000196427402218,0.0,0.000261903202957,0.0,6.54758007393e-05,0.00010118987387,0.0,0.0,6.54758007393e-05,5.95234552175e-06,3.57140731305e-05,1.78570365653e-05,0.000559520479045,0.000327379003696,8.92851828263e-05,0.000172618020131,8.92851828263e-05,0.0,0.000422616532044,0.000130951601479,0.000261903202957,4.16664186523e-05,0.000636900970828,3.57140731305e-05,0.000226189129827,4.16664186523e-05,0.000208332093261,0.000642853316349,0.000255950857435,0.000154760983566,8.92851828263e-05,0.000249998511914,0.000892851828263,0.000160713329087,1.19046910435e-05,0.000142856292522,5.95234552175e-06,0.0,1.19046910435e-05,0.0,5.95234552175e-06,0.0,0.000249998511914,0.000452378259653,0.000136903947,0.000565472824567,0.000345236040262,0.000107142219392,0.0,1.19046910435e-05,4.7618764174e-05,0.000261903202957,4.7618764174e-05,7.1428146261e-05,0.000124999255957,8.33328373045e-05,0.000172618020131,0.00010118987387,2.3809382087e-05,0.0,0.000107142219392,5.95234552175e-06,0.0,1.19046910435e-05,4.7618764174e-05,0.000136903947,7.73804917828e-05,0.00010118987387,5.95234552175e-06,0.000113094564913,5.95234552175e-06,2.3809382087e-05,6.54758007393e-05,0.000214284438783,0.0,9.5237528348e-05,0.000148808638044,5.95234552175e-06,0.0,6.54758007393e-05,0.000142856292522,0.0,5.95234552175e-06,2.3809382087e-05,0.0,0.000154760983566,0.00020237974774,5.35711096958e-05,0.000154760983566,0.000166665674609,0.000273807894001,0.00020237974774,0.000363093076827,0.000142856292522,8.33328373045e-05,0.000249998511914,0.000107142219392,0.000119046910435,9.5237528348e-05,6.54758007393e-05,0.0,5.95234552175e-06,7.73804917828e-05,0.000113094564913,0.000327379003696,0.00023809382087,0.000148808638044,0.0,1.78570365653e-05,5.95234552175e-06,0.000136903947,5.95234552175e-06,1.19046910435e-05,1.19046910435e-05,0.000178570365653,0.000113094564913,0.000113094564913,3.57140731305e-05,0.000107142219392,0.000178570365653,0.0,0.0,0.000249998511914,2.97617276088e-05,0.0,1.19046910435e-05,5.95234552175e-06,5.35711096958e-05,0.0,5.95234552175e-06,1.19046910435e-05,0.0,0.0,0.0
Gen 168
float_yankdup,integer_swap,vector_float_conj,vector_float_conc,vector_float_occurrencesof,vector_float_replacefirst,vector_float_rest,vector_float_p,vector_float_s,vector_float_r,vector_float_first,integer_fromfloat,vector_float_last,vector_float_d,float_sw,exec_yankd,vector_float_n,exec_do*tim,exec_yankdup,exec_yank,integer_mu,vector_float_remove,vector_float_fir,exec_do*vector_float,float_p,float_r,vector_float_stackdep,vector_float_dup,vector_float_subvec,float_i,exec_do*range,integer_yankd,float_m,integer_rot,float_a,float_c,float_d,integer_stackdep,float_s,vector_float_occurrences,exec_stackdepth,vector_float_swap,vector_float_reverse,float_stackdepth,float_max,exec_do*vector_flo,float_min,vector_float_rot,float_rot,exec_shove,vector_float_pushall,float_stackdep,float_sub,vector_float_sho,integer_div,integer_mult,integer_min,float_shove,integer_flush,float_inc,in1,integer_yank,integer_fromflo,vector_float_yankdup,float_ya,vector_float_butla,integer_sw,float_pop,exec_d,float_yankd,integer_max,exec_dup,exec_k,float_frominteger,float_mult,exec_noop,exec_p,exec_r,exec_s,vector_float_butlast,integer_flu,exec_y,float_mod,integer_ya,integer_yankdup,exec_stackdep,exec_do*ran,vector_float_index,vector_float_pop,exec_do*cou,vector_float_ta,vector_float_flu,float_add,exec_do*times,integer_shove,float_tan,vector_float_la,vector_float_indexof,float_sho,float_frominteg,integer_dup,vector_float_stackdepth,exec_sho,vector_float_replace,exec_swap,vector_float_rever,autoconstructive_integer_ra,exec_sw,integer_add,exec_flush,float_flu,float_cos,exec_flu,integer_mod,float_div,vector_float_leng,integer_inc,vector_float_yank,exec_rot,vector_float_flush,float_dec,vector_float_set,integer_pop,vector_float_shove,exec_pop,vector_float_take,vector_float_concat,vector_float_pusha,vector_float_ya,vector_float_remo,float_sin,autoconstructive_integer_rand,vector_float_length,exec_do*count,integer_sub,float_mu,exec_no,vector_float_re,float_dup,integer_r,integer_sho,vector_float_yankd,integer_stackdepth,integer_dec,exec,vector_float_replacefir,vector_float_nth,float_swap,vector_float_co,exec_ya,float_yank,float_flush,float_t,integer_d,integer_a,integer_m,integer_i,vector_float_subv,integer_s,integer_p,vector_float_repla,vector_float_sw
0.000266270613783,0.000568043976071,2.95856237537e-05,0.0,0.00023668499003,0.00015976236827,7.69226217596e-05,0.0,0.0,0.0,4.14198732552e-05,0.000343193235543,0.000230767865279,6.50883722582e-05,5.91712475074e-06,2.3668499003e-05,5.91712475074e-06,5.91712475074e-06,0.000295856237537,0.000100591120763,5.91712475074e-06,8.87568712611e-05,5.32541227567e-05,0.000278104863285,0.0,1.18342495015e-05,0.0,0.000597629599825,0.000177513742522,5.91712475074e-06,0.000325441861291,1.77513742522e-05,7.10054970089e-05,0.000112425370264,0.0,0.0,8.28397465104e-05,2.3668499003e-05,5.91712475074e-05,1.18342495015e-05,0.000449701481056,0.00031952473654,7.10054970089e-05,0.000153845243519,0.000112425370264,0.0,0.0003964473583,0.000147928118769,0.000248519239531,4.14198732552e-05,0.000668635096834,5.32541227567e-05,0.000284021988036,4.73369980059e-05,0.000195265116774,0.000568043976071,0.000313607611789,0.000147928118769,0.000112425370264,0.000278104863285,0.000970408459122,0.000147928118769,5.91712475074e-06,0.000147928118769,5.91712475074e-06,0.0,2.95856237537e-05,5.91712475074e-06,1.18342495015e-05,1.77513742522e-05,0.000230767865279,0.000372778859297,0.000130176744516,0.000508872728564,0.000278104863285,0.00015976236827,5.91712475074e-06,1.77513742522e-05,2.3668499003e-05,0.000189347992024,3.55027485044e-05,8.87568712611e-05,0.000100591120763,2.3668499003e-05,0.000177513742522,8.28397465104e-05,1.77513742522e-05,1.18342495015e-05,7.10054970089e-05,2.95856237537e-05,1.18342495015e-05,0.0,2.3668499003e-05,0.000142010994018,0.000112425370264,8.28397465104e-05,0.0,9.46739960119e-05,0.0,1.18342495015e-05,5.32541227567e-05,0.000147928118769,0.0,7.69226217596e-05,0.000112425370264,0.0,5.91712475074e-06,8.87568712611e-05,0.000112425370264,0.0,0.0,3.55027485044e-05,0.0,0.00015976236827,0.000183430867273,4.73369980059e-05,0.000130176744516,0.000177513742522,0.000284021988036,0.000313607611789,0.000325441861291,8.87568712611e-05,7.69226217596e-05,0.000289939112786,8.28397465104e-05,0.000112425370264,0.000100591120763,2.3668499003e-05,5.91712475074e-06,1.18342495015e-05,0.000153845243519,0.000106508245513,0.000313607611789,0.000289939112786,0.000171596617771,0.0,0.0,0.0,0.000165679493021,1.18342495015e-05,0.0,5.91712475074e-06,0.000177513742522,0.000112425370264,5.91712475074e-05,2.95856237537e-05,9.46739960119e-05,0.000177513742522,0.0,5.91712475074e-06,0.000213016491027,4.73369980059e-05,0.0,5.91712475074e-06,5.91712475074e-06,5.32541227567e-05,0.0,0.0,2.3668499003e-05,5.91712475074e-06,0.0,1.77513742522e-05
Gen 169
float_yankdup,integer_swap,vector_float_conj,vector_float_conc,vector_float_occurrencesof,vector_float_replacefirst,vector_float_rest,vector_float_p,vector_float_s,vector_float_r,vector_float_first,integer_fromfloat,vector_float_last,vector_float_d,float_sw,exec_yankd,vector_float_n,exec_do*tim,exec_yankdup,exec_yank,integer_mu,vector_float_remove,vector_float_fir,exec_do*vector_float,float_p,float_r,vector_float_stackdep,vector_float_dup,vector_float_subvec,float_i,exec_do*range,integer_yankd,float_m,integer_rot,float_a,float_c,float_d,integer_stackdep,float_s,vector_float_occurrences,exec_stackdepth,vector_float_swap,vector_float_reverse,float_stackdepth,float_max,exec_do*vector_flo,float_min,vector_float_rot,float_rot,exec_shove,vector_float_pushall,float_stackdep,float_sub,vector_float_sho,integer_div,integer_mult,integer_min,float_shove,integer_flush,float_inc,in1,integer_yank,integer_fromflo,vector_float_yankdup,float_ya,vector_float_butla,integer_sw,float_pop,exec_d,float_yankd,integer_max,exec_dup,exec_k,float_frominteger,float_mult,exec_noop,exec_p,exec_r,exec_s,vector_float_butlast,integer_flu,exec_y,float_mod,integer_ya,integer_yankdup,exec_stackdep,exec_do*ran,vector_float_index,vector_float_pop,exec_do*cou,vector_float_ta,vector_float_flu,float_add,exec_do*times,integer_shove,float_tan,vector_float_la,vector_float_indexof,float_sho,float_frominteg,integer_dup,vector_float_stackdepth,exec_sho,vector_float_replace,exec_swap,vector_float_rever,autoconstructive_integer_ra,exec_sw,integer_add,exec_flush,float_flu,float_cos,exec_flu,integer_mod,float_div,vector_float_leng,integer_inc,vector_float_yank,exec_rot,vector_float_flush,float_dec,vector_float_set,integer_pop,vector_float_shove,exec_pop,vector_float_take,vector_float_concat,vector_float_pusha,vector_float_ya,vector_float_remo,float_sin,autoconstructive_integer_rand,vector_float_length,exec_do*count,integer_sub,float_mu,exec_no,vector_float_re,float_dup,integer_r,integer_sho,vector_float_yankd,integer_stackdepth,integer_dec,exec,vector_float_replacefir,vector_float_nth,float_swap,vector_float_co,exec_ya,float_yank,float_flush,float_t,integer_d,integer_a,integer_m,integer_i,vector_float_subv,integer_s,integer_p,vector_float_repla,vector_float_sw
0.000205881141876,0.000547055605555,2.94115916965e-05,1.17646366786e-05,0.000229410415233,0.000129411003465,7.6470138411e-05,0.0,0.0,1.17646366786e-05,4.70585467144e-05,0.00034117446368,0.000299998235304,0.000111764048447,5.8823183393e-06,1.17646366786e-05,0.0,0.0,0.000294115916965,9.41170934289e-05,0.0,5.29408650537e-05,6.47055017323e-05,0.000305880553644,0.0,0.0,1.17646366786e-05,0.000629408062306,0.000199998823536,0.0,0.000282351280287,0.0,8.82347750896e-05,8.82347750896e-05,0.0,0.0,6.47055017323e-05,5.8823183393e-06,5.29408650537e-05,5.8823183393e-06,0.000499997058841,0.00025293968859,7.6470138411e-05,0.000158822595161,7.05878200716e-05,5.8823183393e-06,0.00034117446368,0.000182351868518,0.000223528096894,2.35292733572e-05,0.000547055605555,2.35292733572e-05,0.000264704325269,4.70585467144e-05,0.000188234186858,0.000605878788948,0.00025293968859,0.000135293321804,0.000141175640143,0.000288233598626,0.000911759342592,0.000129411003465,5.8823183393e-06,9.99994117682e-05,2.35292733572e-05,5.8823183393e-06,1.17646366786e-05,0.0,5.8823183393e-06,1.76469550179e-05,0.000223528096894,0.000299998235304,0.000129411003465,0.000499997058841,0.00033529214534,0.000129411003465,0.0,5.8823183393e-06,4.11762283751e-05,0.000182351868518,2.94115916965e-05,6.47055017323e-05,5.8823183393e-05,4.70585467144e-05,0.000229410415233,8.82347750896e-05,1.76469550179e-05,2.35292733572e-05,5.8823183393e-05,2.94115916965e-05,0.0,1.17646366786e-05,2.94115916965e-05,0.000105881730107,0.000117646366786,5.8823183393e-05,1.17646366786e-05,7.05878200716e-05,0.0,2.35292733572e-05,5.8823183393e-05,0.000129411003465,0.0,4.11762283751e-05,0.000129411003465,1.17646366786e-05,5.8823183393e-06,3.52939100358e-05,0.000117646366786,5.8823183393e-06,0.0,2.35292733572e-05,0.0,0.00017058723184,0.000152940276822,3.52939100358e-05,0.000182351868518,0.000152940276822,0.000258822006929,0.000235292733572,0.00034117446368,7.05878200716e-05,5.29408650537e-05,0.000205881141876,8.23524567503e-05,0.000105881730107,0.000105881730107,2.35292733572e-05,5.8823183393e-06,0.0,9.99994117682e-05,0.000111764048447,0.000270586643608,0.000223528096894,0.000147057958483,0.0,0.0,0.0,0.000182351868518,0.0,5.8823183393e-06,5.8823183393e-06,0.000199998823536,0.000117646366786,8.23524567503e-05,6.47055017323e-05,9.99994117682e-05,0.000158822595161,0.0,5.8823183393e-06,0.000288233598626,5.29408650537e-05,0.0,1.76469550179e-05,0.0,7.05878200716e-05,0.0,0.0,3.52939100358e-05,0.0,0.0,1.76469550179e-05
Gen 170
float_yankdup,integer_swap,vector_float_conj,vector_float_conc,vector_float_occurrencesof,vector_float_replacefirst,vector_float_rest,vector_float_p,vector_float_s,vector_float_r,vector_float_first,integer_fromfloat,vector_float_last,vector_float_d,float_sw,exec_yankd,vector_float_n,exec_do*tim,exec_yankdup,exec_yank,integer_mu,vector_float_remove,vector_float_fir,exec_do*vector_float,float_p,float_r,vector_float_stackdep,vector_float_dup,vector_float_subvec,float_i,exec_do*range,integer_yankd,float_m,integer_rot,float_a,float_c,float_d,integer_stackdep,float_s,vector_float_occurrences,exec_stackdepth,vector_float_swap,vector_float_reverse,float_stackdepth,float_max,exec_do*vector_flo,float_min,vector_float_rot,float_rot,exec_shove,vector_float_pushall,float_stackdep,float_sub,vector_float_sho,integer_div,integer_mult,integer_min,float_shove,integer_flush,float_inc,in1,integer_yank,integer_fromflo,vector_float_yankdup,float_ya,vector_float_butla,integer_sw,float_pop,exec_d,float_yankd,integer_max,exec_dup,exec_k,float_frominteger,float_mult,exec_noop,exec_p,exec_r,exec_s,vector_float_butlast,integer_flu,exec_y,float_mod,integer_ya,integer_yankdup,exec_stackdep,exec_do*ran,vector_float_index,vector_float_pop,exec_do*cou,vector_float_ta,vector_float_flu,float_add,exec_do*times,integer_shove,float_tan,vector_float_la,vector_float_indexof,float_sho,float_frominteg,integer_dup,vector_float_stackdepth,exec_sho,vector_float_replace,exec_swap,vector_float_rever,autoconstructive_integer_ra,exec_sw,integer_add,exec_flush,float_flu,float_cos,exec_flu,integer_mod,float_div,vector_float_leng,integer_inc,vector_float_yank,exec_rot,vector_float_flush,float_dec,vector_float_set,integer_pop,vector_float_shove,exec_pop,vector_float_take,vector_float_concat,vector_float_pusha,vector_float_ya,vector_float_remo,float_sin,autoconstructive_integer_rand,vector_float_length,exec_do*count,integer_sub,float_mu,exec_no,vector_float_re,float_dup,integer_r,integer_sho,vector_float_yankd,integer_stackdepth,integer_dec,exec,vector_float_replacefir,vector_float_nth,float_swap,vector_float_co,exec_ya,float_yank,float_flush,float_t,integer_d,integer_a,integer_m,integer_i,vector_float_subv,integer_s,integer_p,vector_float_repla,vector_float_sw
0.000280700112865,0.000660814849036,4.67833521441e-05,0.0,0.000192981327595,0.000181285489559,9.94146233063e-05,5.84791901802e-06,0.0,5.84791901802e-06,3.50875141081e-05,0.000385962655189,0.000298243869919,8.77187852703e-05,1.75437570541e-05,1.1695838036e-05,0.0,5.84791901802e-06,0.000315787626973,0.000122806299378,1.1695838036e-05,8.18708662522e-05,7.01750282162e-05,0.000257308436793,0.0,1.1695838036e-05,5.84791901802e-06,0.000690054444126,0.000128654218396,1.75437570541e-05,0.000251460517775,1.1695838036e-05,7.60229472342e-05,8.18708662522e-05,5.84791901802e-06,0.0,5.26312711622e-05,0.0,5.26312711622e-05,1.1695838036e-05,0.000491225197513,0.000228068841703,3.50875141081e-05,0.000163741732504,8.77187852703e-05,5.84791901802e-06,0.000380114736171,0.000198829246613,0.000263156355811,5.26312711622e-05,0.000456137683405,2.92395950901e-05,0.000286548031883,5.26312711622e-05,0.000228068841703,0.000637423172964,0.000257308436793,0.000157893813486,0.00014619797545,0.000292395950901,0.000847948257613,0.000187133408577,5.84791901802e-06,0.000128654218396,0.0,0.0,2.92395950901e-05,5.84791901802e-06,1.1695838036e-05,2.33916760721e-05,0.000245612598757,0.000327483465009,8.77187852703e-05,0.000555552306712,0.000356723060099,9.94146233063e-05,0.0,0.0,4.67833521441e-05,0.000233916760721,5.26312711622e-05,4.67833521441e-05,0.000105262542324,7.01750282162e-05,0.000280700112865,9.94146233063e-05,0.0,0.0,3.50875141081e-05,4.67833521441e-05,0.0,5.84791901802e-06,3.50875141081e-05,8.18708662522e-05,0.000140350056432,2.33916760721e-05,5.84791901802e-06,3.50875141081e-05,0.0,2.92395950901e-05,2.92395950901e-05,0.000134502137414,0.0,8.18708662522e-05,0.00011695838036,5.84791901802e-06,0.0,3.50875141081e-05,7.01750282162e-05,0.0,0.0,2.33916760721e-05,0.0,0.000157893813486,0.000152045894468,7.01750282162e-05,0.000192981327595,0.000128654218396,0.000210525084649,0.000280700112865,0.000368418898135,0.000105262542324,7.01750282162e-05,0.000192981327595,0.000111110461342,7.01750282162e-05,0.000105262542324,4.67833521441e-05,1.75437570541e-05,0.0,8.18708662522e-05,0.000105262542324,0.000298243869919,0.000228068841703,0.000157893813486,1.1695838036e-05,0.0,0.0,0.000152045894468,0.0,0.0,0.0,0.000181285489559,0.000128654218396,8.77187852703e-05,0.0,8.18708662522e-05,0.000187133408577,0.0,0.0,0.000269004274829,2.33916760721e-05,0.0,5.84791901802e-06,0.0,4.09354331261e-05,1.1695838036e-05,5.84791901802e-06,2.33916760721e-05,0.0,1.1695838036e-05,0.0
Gen 171
float_yankdup,integer_swap,vector_float_conj,vector_float_conc,vector_float_occurrencesof,vector_float_replacefirst,vector_float_rest,vector_float_p,vector_float_s,vector_float_r,vector_float_first,integer_fromfloat,vector_float_last,vector_float_d,float_sw,exec_yankd,vector_float_n,exec_do*tim,exec_yankdup,exec_yank,integer_mu,vector_float_remove,vector_float_fir,exec_do*vector_float,float_p,float_r,vector_float_stackdep,vector_float_dup,vector_float_subvec,float_i,exec_do*range,integer_yankd,float_m,integer_rot,float_a,float_c,float_d,integer_stackdep,float_s,vector_float_occurrences,exec_stackdepth,vector_float_swap,vector_float_reverse,float_stackdepth,float_max,exec_do*vector_flo,float_min,vector_float_rot,float_rot,exec_shove,vector_float_pushall,float_stackdep,float_sub,vector_float_sho,integer_div,integer_mult,integer_min,float_shove,integer_flush,float_inc,in1,integer_yank,integer_fromflo,vector_float_yankdup,float_ya,vector_float_butla,integer_sw,float_pop,exec_d,float_yankd,integer_max,exec_dup,exec_k,float_frominteger,float_mult,exec_noop,exec_p,exec_r,exec_s,vector_float_butlast,integer_flu,exec_y,float_mod,integer_ya,integer_yankdup,exec_stackdep,exec_do*ran,vector_float_index,vector_float_pop,exec_do*cou,vector_float_ta,vector_float_flu,float_add,exec_do*times,integer_shove,float_tan,vector_float_la,vector_float_indexof,float_sho,float_frominteg,integer_dup,vector_float_stackdepth,exec_sho,vector_float_replace,exec_swap,vector_float_rever,autoconstructive_integer_ra,exec_sw,integer_add,exec_flush,float_flu,float_cos,exec_flu,integer_mod,float_div,vector_float_leng,integer_inc,vector_float_yank,exec_rot,vector_float_flush,float_dec,vector_float_set,integer_pop,vector_float_shove,exec_pop,vector_float_take,vector_float_concat,vector_float_pusha,vector_float_ya,vector_float_remo,float_sin,autoconstructive_integer_rand,vector_float_length,exec_do*count,integer_sub,float_mu,exec_no,vector_float_re,float_dup,integer_r,integer_sho,vector_float_yankd,integer_stackdepth,integer_dec,exec,vector_float_replacefir,vector_float_nth,float_swap,vector_float_co,exec_ya,float_yank,float_flush,float_t,integer_d,integer_a,integer_m,integer_i,vector_float_subv,integer_s,integer_p,vector_float_repla,vector_float_sw
0.000244184626834,0.000656972924576,8.13948756112e-05,0.0,0.000273254225266,0.000168603670909,5.23252771786e-05,0.0,5.81391968651e-06,0.0,8.13948756112e-05,0.000401160458369,0.000273254225266,0.00013372015279,1.1627839373e-05,1.1627839373e-05,0.0,0.0,0.000290695984326,0.00011627839373,5.81391968651e-06,0.00011627839373,7.55809559247e-05,0.000284882064639,0.0,5.81391968651e-06,5.81391968651e-06,0.000627903326143,0.000180231510282,0.0,0.000279068144953,5.81391968651e-06,0.00013372015279,8.13948756112e-05,0.0,0.0,4.06974378056e-05,0.0,4.06974378056e-05,2.32556787461e-05,0.000593019808024,0.000261626385893,5.23252771786e-05,0.000191859349655,0.000127906233103,5.81391968651e-06,0.00036627694025,0.000220928948088,0.000273254225266,4.06974378056e-05,0.000558136289905,2.32556787461e-05,0.000273254225266,2.90695984326e-05,0.000232556787461,0.000691856442695,0.000238370707147,0.00013372015279,0.000151161911849,0.000313951663072,0.000918599310469,0.000186045429968,5.81391968651e-06,0.000168603670909,0.0,5.81391968651e-06,1.1627839373e-05,1.1627839373e-05,5.81391968651e-06,0.0,0.000197673269341,0.000319765582758,0.000127906233103,0.000604647647397,0.000406974378056,0.000127906233103,0.0,1.74417590595e-05,1.1627839373e-05,0.00026744030558,3.48835181191e-05,0.000104650554357,0.00011627839373,3.48835181191e-05,0.000284882064639,8.72087952977e-05,0.0,1.1627839373e-05,8.72087952977e-05,1.1627839373e-05,5.81391968651e-06,0.0,3.48835181191e-05,8.13948756112e-05,0.000151161911849,8.13948756112e-05,3.48835181191e-05,4.06974378056e-05,5.81391968651e-06,2.32556787461e-05,4.06974378056e-05,0.000215115028401,0.0,8.72087952977e-05,9.88366346707e-05,3.48835181191e-05,0.0,6.97670362382e-05,0.00013372015279,0.0,0.0,1.74417590595e-05,0.0,0.000203487189028,0.000232556787461,6.97670362382e-05,0.000162789751222,0.00011627839373,0.000191859349655,0.000313951663072,0.000401160458369,9.30227149842e-05,0.000110464474044,0.000232556787461,0.000174417590595,9.30227149842e-05,0.000139534072476,5.23252771786e-05,1.1627839373e-05,0.0,4.65113574921e-05,4.06974378056e-05,0.000319765582758,0.000284882064639,0.000209301108714,1.74417590595e-05,1.1627839373e-05,5.81391968651e-06,0.000255812466207,5.81391968651e-06,0.0,5.81391968651e-06,0.00011627839373,0.000145347992163,8.13948756112e-05,0.0,8.13948756112e-05,0.000174417590595,5.81391968651e-06,5.81391968651e-06,0.000273254225266,5.23252771786e-05,0.0,1.1627839373e-05,5.81391968651e-06,3.48835181191e-05,5.81391968651e-06,5.81391968651e-06,5.81391968651e-05,5.81391968651e-06,0.0,5.81391968651e-06
Gen 172
float_yankdup,integer_swap,vector_float_conj,vector_float_conc,vector_float_occurrencesof,vector_float_replacefirst,vector_float_rest,vector_float_p,vector_float_s,vector_float_r,vector_float_first,integer_fromfloat,vector_float_last,vector_float_d,float_sw,exec_yankd,vector_float_n,exec_do*tim,exec_yankdup,exec_yank,integer_mu,vector_float_remove,vector_float_fir,exec_do*vector_float,float_p,float_r,vector_float_stackdep,vector_float_dup,vector_float_subvec,float_i,exec_do*range,integer_yankd,float_m,integer_rot,float_a,float_c,float_d,integer_stackdep,float_s,vector_float_occurrences,exec_stackdepth,vector_float_swap,vector_float_reverse,float_stackdepth,float_max,exec_do*vector_flo,float_min,vector_float_rot,float_rot,exec_shove,vector_float_pushall,float_stackdep,float_sub,vector_float_sho,integer_div,integer_mult,integer_min,float_shove,integer_flush,float_inc,in1,integer_yank,integer_fromflo,vector_float_yankdup,float_ya,vector_float_butla,integer_sw,float_pop,exec_d,float_yankd,integer_max,exec_dup,exec_k,float_frominteger,float_mult,exec_noop,exec_p,exec_r,exec_s,vector_float_butlast,integer_flu,exec_y,float_mod,integer_ya,integer_yankdup,exec_stackdep,exec_do*ran,vector_float_index,vector_float_pop,exec_do*cou,vector_float_ta,vector_float_flu,float_add,exec_do*times,integer_shove,float_tan,vector_float_la,vector_float_indexof,float_sho,float_frominteg,integer_dup,vector_float_stackdepth,exec_sho,vector_float_replace,exec_swap,vector_float_rever,autoconstructive_integer_ra,exec_sw,integer_add,exec_flush,float_flu,float_cos,exec_flu,integer_mod,float_div,vector_float_leng,integer_inc,vector_float_yank,exec_rot,vector_float_flush,float_dec,vector_float_set,integer_pop,vector_float_shove,exec_pop,vector_float_take,vector_float_concat,vector_float_pusha,vector_float_ya,vector_float_remo,float_sin,autoconstructive_integer_rand,vector_float_length,exec_do*count,integer_sub,float_mu,exec_no,vector_float_re,float_dup,integer_r,integer_sho,vector_float_yankd,integer_stackdepth,integer_dec,exec,vector_float_replacefir,vector_float_nth,float_swap,vector_float_co,exec_ya,float_yank,float_flush,float_t,integer_d,integer_a,integer_m,integer_i,vector_float_subv,integer_s,integer_p,vector_float_repla,vector_float_sw
0.000248553476569,0.000572251027451,6.35834474945e-05,0.0,0.000219651909527,0.000190750342484,6.93637609031e-05,5.78031340859e-06,5.78031340859e-06,0.0,0.000127166894989,0.000468205386096,0.000277455043612,0.000132947208398,0.0,1.73409402258e-05,0.0,0.0,0.000306356610655,0.000109825954763,5.78031340859e-06,0.000173409402258,1.15606268172e-05,0.000254333789978,0.0,1.15606268172e-05,5.78031340859e-06,0.000635834474945,0.000254333789978,1.15606268172e-05,0.000202310969301,1.15606268172e-05,7.51440743117e-05,0.000144507835215,0.0,0.0,6.93637609031e-05,5.78031340859e-06,2.31212536344e-05,2.8901567043e-05,0.000531788833591,0.000179189715666,5.20228206773e-05,0.000208091282709,9.24850145375e-05,1.73409402258e-05,0.000398841625193,0.000156068462032,0.000231212536344,3.46818804516e-05,0.000676296668805,1.73409402258e-05,0.00041040225201,2.31212536344e-05,0.000260114103387,0.000664736041988,0.000277455043612,0.000184970029075,0.000173409402258,0.000300576297247,0.000988433592869,0.000179189715666,1.73409402258e-05,0.000208091282709,5.78031340859e-06,0.0,1.73409402258e-05,0.0,5.78031340859e-06,0.0,0.000231212536344,0.000265894416795,0.000184970029075,0.000595372281085,0.000364159744741,0.00028901567043,0.0,5.78031340859e-06,4.04621938602e-05,0.000167629088849,6.35834474945e-05,6.93637609031e-05,9.24850145375e-05,4.04621938602e-05,0.000387280998376,0.000150288148623,1.15606268172e-05,5.78031340859e-06,4.04621938602e-05,2.31212536344e-05,1.15606268172e-05,5.78031340859e-06,4.62425072687e-05,0.000144507835215,0.000196530655892,2.8901567043e-05,2.31212536344e-05,4.04621938602e-05,0.0,4.04621938602e-05,5.20228206773e-05,0.000184970029075,0.0,8.09243877203e-05,0.000144507835215,6.35834474945e-05,5.78031340859e-06,8.09243877203e-05,0.00012138658158,0.0,0.0,2.8901567043e-05,0.0,0.000277455043612,0.000236992849752,2.8901567043e-05,0.000173409402258,9.82653279461e-05,0.000202310969301,0.000439303819053,0.000445084132462,0.000132947208398,0.000184970029075,0.000265894416795,0.00012138658158,7.51440743117e-05,0.000156068462032,2.31212536344e-05,5.78031340859e-06,0.0,0.000150288148623,9.24850145375e-05,0.000439303819053,0.000260114103387,0.000167629088849,5.78031340859e-06,2.8901567043e-05,0.0,0.000167629088849,0.0,5.78031340859e-06,5.78031340859e-06,0.000173409402258,0.000190750342484,0.000104045641355,5.78031340859e-06,0.000144507835215,0.000202310969301,0.0,5.78031340859e-06,0.000300576297247,2.31212536344e-05,0.0,5.78031340859e-06,1.15606268172e-05,1.15606268172e-05,0.0,0.0,1.15606268172e-05,0.0,1.15606268172e-05,1.73409402258e-05
Gen 173
float_yankdup,integer_swap,vector_float_conj,vector_float_conc,vector_float_occurrencesof,vector_float_replacefirst,vector_float_rest,vector_float_p,vector_float_s,vector_float_r,vector_float_first,integer_fromfloat,vector_float_last,vector_float_d,float_sw,exec_yankd,vector_float_n,exec_do*tim,exec_yankdup,exec_yank,integer_mu,vector_float_remove,vector_float_fir,exec_do*vector_float,float_p,float_r,vector_float_stackdep,vector_float_dup,vector_float_subvec,float_i,exec_do*range,integer_yankd,float_m,integer_rot,float_a,float_c,float_d,integer_stackdep,float_s,vector_float_occurrences,exec_stackdepth,vector_float_swap,vector_float_reverse,float_stackdepth,float_max,exec_do*vector_flo,float_min,vector_float_rot,float_rot,exec_shove,vector_float_pushall,float_stackdep,float_sub,vector_float_sho,integer_div,integer_mult,integer_min,float_shove,integer_flush,float_inc,in1,integer_yank,integer_fromflo,vector_float_yankdup,float_ya,vector_float_butla,integer_sw,float_pop,exec_d,float_yankd,integer_max,exec_dup,exec_k,float_frominteger,float_mult,exec_noop,exec_p,exec_r,exec_s,vector_float_butlast,integer_flu,exec_y,float_mod,integer_ya,integer_yankdup,exec_stackdep,exec_do*ran,vector_float_index,vector_float_pop,exec_do*cou,vector_float_ta,vector_float_flu,float_add,exec_do*times,integer_shove,float_tan,vector_float_la,vector_float_indexof,float_sho,float_frominteg,integer_dup,vector_float_stackdepth,exec_sho,vector_float_replace,exec_swap,vector_float_rever,autoconstructive_integer_ra,exec_sw,integer_add,exec_flush,float_flu,float_cos,exec_flu,integer_mod,float_div,vector_float_leng,integer_inc,vector_float_yank,exec_rot,vector_float_flush,float_dec,vector_float_set,integer_pop,vector_float_shove,exec_pop,vector_float_take,vector_float_concat,vector_float_pusha,vector_float_ya,vector_float_remo,float_sin,autoconstructive_integer_rand,vector_float_length,exec_do*count,integer_sub,float_mu,exec_no,vector_float_re,float_dup,integer_r,integer_sho,vector_float_yankd,integer_stackdepth,integer_dec,exec,vector_float_replacefir,vector_float_nth,float_swap,vector_float_co,exec_ya,float_yank,float_flush,float_t,integer_d,integer_a,integer_m,integer_i,vector_float_subv,integer_s,integer_p,vector_float_repla,vector_float_sw
0.000287354670375,0.000568962247343,5.74709340751e-05,5.74709340751e-06,0.00018390698904,0.00025287210993,0.00011494186815,5.74709340751e-06,4.02296538526e-05,5.74709340751e-06,0.000103447681335,0.000436779098971,0.000235630829708,0.000132183148373,0.0,5.74709340751e-06,0.0,0.0,0.000385055258303,0.000166665708818,1.1494186815e-05,0.000109194774743,5.74709340751e-06,0.000258619203338,0.0,5.74709340751e-06,5.74709340751e-06,0.000643674461641,0.000189654082448,0.0,0.000281607576968,5.74709340751e-06,0.000120688961558,9.19534945201e-05,0.0,0.0,2.87354670375e-05,1.1494186815e-05,6.32180274826e-05,3.44825604451e-05,0.000505744219861,0.000235630829708,4.02296538526e-05,0.00018390698904,0.00011494186815,5.74709340751e-06,0.000390802351711,0.000201148269263,0.000212642456078,3.44825604451e-05,0.000643674461641,0.0,0.000362066884673,5.74709340751e-05,0.000258619203338,0.000649421555049,0.000264366296745,0.000258619203338,0.000143677335188,0.0002298837363,0.000994247159499,0.0002298837363,0.0,0.00016091861541,5.74709340751e-06,0.0,1.1494186815e-05,0.0,5.74709340751e-06,1.72412802225e-05,0.000224136642893,0.000379308164896,0.000149424428595,0.000632180274826,0.000287354670375,0.000218389549485,5.74709340751e-06,1.1494186815e-05,9.77005879277e-05,0.000212642456078,5.17238406676e-05,6.32180274826e-05,0.000126436054965,4.02296538526e-05,0.000247125016523,0.00013793024178,5.74709340751e-06,0.0,5.74709340751e-05,3.44825604451e-05,0.0,2.298837363e-05,5.74709340751e-05,0.000155171522003,0.000178159895633,5.17238406676e-05,2.298837363e-05,0.000120688961558,5.74709340751e-06,1.72412802225e-05,4.59767472601e-05,0.00025287210993,5.74709340751e-06,7.47122142976e-05,0.00018390698904,3.44825604451e-05,0.0,3.44825604451e-05,0.000126436054965,5.74709340751e-06,0.0,2.298837363e-05,0.0,0.000224136642893,0.00018390698904,5.17238406676e-05,0.000143677335188,0.00020689536267,0.000281607576968,0.000310343044005,0.000471261659416,0.000166665708818,0.000132183148373,0.000264366296745,0.000120688961558,4.02296538526e-05,0.000143677335188,1.1494186815e-05,5.74709340751e-06,1.1494186815e-05,0.000149424428595,0.000149424428595,0.000413790725341,0.000247125016523,0.000172412802225,1.1494186815e-05,2.298837363e-05,0.0,0.000178159895633,0.0,5.74709340751e-06,0.0,0.000149424428595,0.000201148269263,0.00011494186815,1.1494186815e-05,0.000166665708818,0.000235630829708,0.0,0.0,0.000327584324228,4.02296538526e-05,0.0,1.72412802225e-05,0.0,1.1494186815e-05,0.0,5.74709340751e-06,3.44825604451e-05,5.74709340751e-06,5.74709340751e-06,1.72412802225e-05
Gen 174
float_yankdup,integer_swap,vector_float_conj,vector_float_conc,vector_float_occurrencesof,vector_float_replacefirst,vector_float_rest,vector_float_p,vector_float_s,vector_float_r,vector_float_first,integer_fromfloat,vector_float_last,vector_float_d,float_sw,exec_yankd,vector_float_n,exec_do*tim,exec_yankdup,exec_yank,integer_mu,vector_float_remove,vector_float_fir,exec_do*vector_float,float_p,float_r,vector_float_stackdep,vector_float_dup,vector_float_subvec,float_i,exec_do*range,integer_yankd,float_m,integer_rot,float_a,float_c,float_d,integer_stackdep,float_s,vector_float_occurrences,exec_stackdepth,vector_float_swap,vector_float_reverse,float_stackdepth,float_max,exec_do*vector_flo,float_min,vector_float_rot,float_rot,exec_shove,vector_float_pushall,float_stackdep,float_sub,vector_float_sho,integer_div,integer_mult,integer_min,float_shove,integer_flush,float_inc,in1,integer_yank,integer_fromflo,vector_float_yankdup,float_ya,vector_float_butla,integer_sw,float_pop,exec_d,float_yankd,integer_max,exec_dup,exec_k,float_frominteger,float_mult,exec_noop,exec_p,exec_r,exec_s,vector_float_butlast,integer_flu,exec_y,float_mod,integer_ya,integer_yankdup,exec_stackdep,exec_do*ran,vector_float_index,vector_float_pop,exec_do*cou,vector_float_ta,vector_float_flu,float_add,exec_do*times,integer_shove,float_tan,vector_float_la,vector_float_indexof,float_sho,float_frominteg,integer_dup,vector_float_stackdepth,exec_sho,vector_float_replace,exec_swap,vector_float_rever,autoconstructive_integer_ra,exec_sw,integer_add,exec_flush,float_flu,float_cos,exec_flu,integer_mod,float_div,vector_float_leng,integer_inc,vector_float_yank,exec_rot,vector_float_flush,float_dec,vector_float_set,integer_pop,vector_float_shove,exec_pop,vector_float_take,vector_float_concat,vector_float_pusha,vector_float_ya,vector_float_remo,float_sin,autoconstructive_integer_rand,vector_float_length,exec_do*count,integer_sub,float_mu,exec_no,vector_float_re,float_dup,integer_r,integer_sho,vector_float_yankd,integer_stackdepth,integer_dec,exec,vector_float_replacefir,vector_float_nth,float_swap,vector_float_co,exec_ya,float_yank,float_flush,float_t,integer_d,integer_a,integer_m,integer_i,vector_float_subv,integer_s,integer_p,vector_float_repla,vector_float_sw
0.0003257124245,0.000685710367369,6.85710367369e-05,1.71427591842e-05,0.000188570351027,0.000279998400009,6.85710367369e-05,5.71425306141e-06,1.71427591842e-05,2.85712653071e-05,0.000114285061228,0.000377140702053,0.000314283918378,0.000125713567351,1.71427591842e-05,3.42855183685e-05,5.71425306141e-06,5.71425306141e-06,0.000434283232667,0.00011999931429,5.71425306141e-06,0.000137142073474,0.0,0.000279998400009,0.0,0.0,0.0,0.000617139330632,0.000217141616334,0.0,0.0003257124245,1.14285061228e-05,0.000131427820412,0.000148570579597,0.0,0.0,6.28567836755e-05,5.71425306141e-06,3.99997714299e-05,5.71425306141e-06,0.000594282318387,0.000262855640825,3.99997714299e-05,0.000205713110211,0.000142856326535,0.0,0.000382854955115,0.000177141844904,0.000337140930623,3.42855183685e-05,0.000668567608185,5.71425306141e-06,0.000359997942869,5.14282775527e-05,0.000222855869395,0.000571425306141,0.000177141844904,0.000148570579597,0.000148570579597,0.000217141616334,0.00097142302044,0.000217141616334,5.71425306141e-06,0.000114285061228,2.28570122456e-05,0.0,5.14282775527e-05,5.71425306141e-06,0.0,5.71425306141e-06,0.000291426906132,0.000337140930623,0.000142856326535,0.000634282089817,0.000371426448992,0.000217141616334,0.0,5.71425306141e-06,3.42855183685e-05,0.000268569893886,1.14285061228e-05,7.99995428598e-05,0.000182856097965,5.14282775527e-05,0.000251427134702,0.000108570808167,1.14285061228e-05,1.14285061228e-05,6.28567836755e-05,3.99997714299e-05,5.71425306141e-06,1.14285061228e-05,3.99997714299e-05,0.000182856097965,9.14280489826e-05,6.85710367369e-05,6.28567836755e-05,0.000108570808167,5.71425306141e-06,2.85712653071e-05,7.99995428598e-05,0.000228570122456,0.0,0.000114285061228,0.000171427591842,3.42855183685e-05,5.71425306141e-06,3.42855183685e-05,5.71425306141e-05,0.0,0.0,1.14285061228e-05,0.0,0.000194284604088,0.000137142073474,5.14282775527e-05,0.000251427134702,0.000108570808167,0.0003257124245,0.000371426448992,0.000434283232667,0.000137142073474,9.14280489826e-05,0.000211427363272,0.000154284832658,9.7142302044e-05,0.000148570579597,2.85712653071e-05,5.71425306141e-06,5.71425306141e-06,0.00011999931429,0.000182856097965,0.000422854726544,0.000199998857149,0.000228570122456,1.14285061228e-05,3.99997714299e-05,5.71425306141e-06,0.000222855869395,5.71425306141e-06,0.0,0.0,0.000188570351027,0.000102856555105,9.7142302044e-05,5.71425306141e-06,0.000165713338781,0.000251427134702,0.0,5.71425306141e-06,0.000382854955115,3.42855183685e-05,1.14285061228e-05,1.14285061228e-05,5.71425306141e-06,1.71427591842e-05,1.14285061228e-05,1.71427591842e-05,3.42855183685e-05,0.0,5.71425306141e-06,0.0
Gen 175
float_yankdup,integer_swap,vector_float_conj,vector_float_conc,vector_float_occurrencesof,vector_float_replacefirst,vector_float_rest,vector_float_p,vector_float_s,vector_float_r,vector_float_first,integer_fromfloat,vector_float_last,vector_float_d,float_sw,exec_yankd,vector_float_n,exec_do*tim,exec_yankdup,exec_yank,integer_mu,vector_float_remove,vector_float_fir,exec_do*vector_float,float_p,float_r,vector_float_stackdep,vector_float_dup,vector_float_subvec,float_i,exec_do*range,integer_yankd,float_m,integer_rot,float_a,float_c,float_d,integer_stackdep,float_s,vector_float_occurrences,exec_stackdepth,vector_float_swap,vector_float_reverse,float_stackdepth,float_max,exec_do*vector_flo,float_min,vector_float_rot,float_rot,exec_shove,vector_float_pushall,float_stackdep,float_sub,vector_float_sho,integer_div,integer_mult,integer_min,float_shove,integer_flush,float_inc,in1,integer_yank,integer_fromflo,vector_float_yankdup,float_ya,vector_float_butla,integer_sw,float_pop,exec_d,float_yankd,integer_max,exec_dup,exec_k,float_frominteger,float_mult,exec_noop,exec_p,exec_r,exec_s,vector_float_butlast,integer_flu,exec_y,float_mod,integer_ya,integer_yankdup,exec_stackdep,exec_do*ran,vector_float_index,vector_float_pop,exec_do*cou,vector_float_ta,vector_float_flu,float_add,exec_do*times,integer_shove,float_tan,vector_float_la,vector_float_indexof,float_sho,float_frominteg,integer_dup,vector_float_stackdepth,exec_sho,vector_float_replace,exec_swap,vector_float_rever,autoconstructive_integer_ra,exec_sw,integer_add,exec_flush,float_flu,float_cos,exec_flu,integer_mod,float_div,vector_float_leng,integer_inc,vector_float_yank,exec_rot,vector_float_flush,float_dec,vector_float_set,integer_pop,vector_float_shove,exec_pop,vector_float_take,vector_float_concat,vector_float_pusha,vector_float_ya,vector_float_remo,float_sin,autoconstructive_integer_rand,vector_float_length,exec_do*count,integer_sub,float_mu,exec_no,vector_float_re,float_dup,integer_r,integer_sho,vector_float_yankd,integer_stackdepth,integer_dec,exec,vector_float_replacefir,vector_float_nth,float_swap,vector_float_co,exec_ya,float_yank,float_flush,float_t,integer_d,integer_a,integer_m,integer_i,vector_float_subv,integer_s,integer_p,vector_float_repla,vector_float_sw
0.000363634297532,0.00064772359248,9.6590360282e-05,1.13635717979e-05,0.000210226078261,0.000221589650059,8.52267884842e-05,5.68178589894e-06,5.68178589894e-06,5.68178589894e-05,9.6590360282e-05,0.000426133942421,0.000335225368038,0.00010795393208,0.0,0.0,0.0,0.0,0.000414770370623,8.52267884842e-05,1.13635717979e-05,9.6590360282e-05,1.13635717979e-05,0.000227271435958,0.0,5.68178589894e-06,0.0,0.000693177879671,0.000170453576968,5.68178589894e-06,0.000312498224442,5.68178589894e-06,0.000164771791069,0.000119317503878,0.0,0.0,7.38632166863e-05,0.0,3.40907153937e-05,3.97725012926e-05,0.000670450736075,0.000420452156522,2.27271435958e-05,0.000284089294947,0.000232953221857,0.0,0.000471588229612,0.000164771791069,0.00032386179624,3.40907153937e-05,0.000721586809166,1.70453576968e-05,0.00032386179624,3.97725012926e-05,0.000261362151351,0.000642041806581,0.000238635007756,0.000255680365452,0.000193180720564,0.000238635007756,0.0010795393208,0.000204544292362,5.68178589894e-06,0.000130681075676,1.70453576968e-05,1.13635717979e-05,6.81814307873e-05,5.68178589894e-06,2.84089294947e-05,0.0,0.000289771080846,0.000409088584724,0.00010795393208,0.000653405378379,0.000301134652644,0.000244316793655,1.70453576968e-05,1.70453576968e-05,3.40907153937e-05,0.000312498224442,3.97725012926e-05,0.00010795393208,0.00021590786416,2.27271435958e-05,0.000289771080846,0.000136362861575,1.70453576968e-05,0.0,6.24996448884e-05,4.54542871916e-05,5.68178589894e-06,5.68178589894e-06,3.97725012926e-05,0.000170453576968,0.000102272146181,4.54542871916e-05,5.68178589894e-06,9.6590360282e-05,1.13635717979e-05,1.70453576968e-05,3.40907153937e-05,0.000261362151351,1.70453576968e-05,0.00010795393208,0.000210226078261,1.13635717979e-05,0.0,2.84089294947e-05,0.000136362861575,5.68178589894e-06,0.0,1.70453576968e-05,0.0,0.000261362151351,0.000204544292362,2.84089294947e-05,0.000164771791069,9.6590360282e-05,0.000340907153937,0.000357952511633,0.000460224657814,0.000113635717979,7.38632166863e-05,0.00021590786416,0.000227271435958,6.24996448884e-05,0.000210226078261,5.68178589894e-06,5.68178589894e-06,1.13635717979e-05,8.52267884842e-05,0.000176135362867,0.000460224657814,0.000363634297532,0.000289771080846,5.68178589894e-06,1.70453576968e-05,0.0,0.000187498934665,0.0,5.68178589894e-06,0.0,0.000142044647474,0.000147726433373,0.000147726433373,5.68178589894e-06,9.6590360282e-05,0.000301134652644,1.13635717979e-05,0.0,0.000301134652644,6.24996448884e-05,0.0,1.70453576968e-05,0.0,1.70453576968e-05,5.68178589894e-06,1.70453576968e-05,5.11360730905e-05,0.0,5.68178589894e-06,1.13635717979e-05
Gen 176
float_yankdup,integer_swap,vector_float_conj,vector_float_conc,vector_float_occurrencesof,vector_float_replacefirst,vector_float_rest,vector_float_p,vector_float_s,vector_float_r,vector_float_first,integer_fromfloat,vector_float_last,vector_float_d,float_sw,exec_yankd,vector_float_n,exec_do*tim,exec_yankdup,exec_yank,integer_mu,vector_float_remove,vector_float_fir,exec_do*vector_float,float_p,float_r,vector_float_stackdep,vector_float_dup,vector_float_subvec,float_i,exec_do*range,integer_yankd,float_m,integer_rot,float_a,float_c,float_d,integer_stackdep,float_s,vector_float_occurrences,exec_stackdepth,vector_float_swap,vector_float_reverse,float_stackdepth,float_max,exec_do*vector_flo,float_min,vector_float_rot,float_rot,exec_shove,vector_float_pushall,float_stackdep,float_sub,vector_float_sho,integer_div,integer_mult,integer_min,float_shove,integer_flush,float_inc,in1,integer_yank,integer_fromflo,vector_float_yankdup,float_ya,vector_float_butla,integer_sw,float_pop,exec_d,float_yankd,integer_max,exec_dup,exec_k,float_frominteger,float_mult,exec_noop,exec_p,exec_r,exec_s,vector_float_butlast,integer_flu,exec_y,float_mod,integer_ya,integer_yankdup,exec_stackdep,exec_do*ran,vector_float_index,vector_float_pop,exec_do*cou,vector_float_ta,vector_float_flu,float_add,exec_do*times,integer_shove,float_tan,vector_float_la,vector_float_indexof,float_sho,float_frominteg,integer_dup,vector_float_stackdepth,exec_sho,vector_float_replace,exec_swap,vector_float_rever,autoconstructive_integer_ra,exec_sw,integer_add,exec_flush,float_flu,float_cos,exec_flu,integer_mod,float_div,vector_float_leng,integer_inc,vector_float_yank,exec_rot,vector_float_flush,float_dec,vector_float_set,integer_pop,vector_float_shove,exec_pop,vector_float_take,vector_float_concat,vector_float_pusha,vector_float_ya,vector_float_remo,float_sin,autoconstructive_integer_rand,vector_float_length,exec_do*count,integer_sub,float_mu,exec_no,vector_float_re,float_dup,integer_r,integer_sho,vector_float_yankd,integer_stackdepth,integer_dec,exec,vector_float_replacefir,vector_float_nth,float_swap,vector_float_co,exec_ya,float_yank,float_flush,float_t,integer_d,integer_a,integer_m,integer_i,vector_float_subv,integer_s,integer_p,vector_float_repla,vector_float_sw
0.000355930192485,0.000661013214615,7.3445912735e-05,5.649685595e-06,0.000163840882255,0.000209038367015,9.60446551149e-05,0.0,0.0,2.8248427975e-05,6.779622714e-05,0.0003389811357,0.000288133965345,6.2146541545e-05,0.0,1.6949056785e-05,5.649685595e-06,5.649685595e-06,0.00037287924927,0.000107344026305,0.0,0.000118643397495,0.0,0.00024858616618,0.0,5.649685595e-06,1.129937119e-05,0.000581917616285,0.0001129937119,1.129937119e-05,0.000242936480585,0.0,8.47452839249e-05,0.00016949056785,1.129937119e-05,0.0,3.9547799165e-05,5.649685595e-06,2.8248427975e-05,5.0847170355e-05,0.000694911328185,0.000412427048435,1.6949056785e-05,0.000288133965345,0.000288133965345,5.649685595e-06,0.000355930192485,0.000107344026305,0.000254235851775,3.389811357e-05,0.00065536352902,1.129937119e-05,0.00028248427975,4.519748476e-05,0.000265535222965,0.00035028050689,0.000175140253445,0.00020338868142,0.00014689182547,0.000141242139875,0.000898300009604,0.00016949056785,1.129937119e-05,0.000152541511065,5.649685595e-06,5.649685595e-06,9.03949695199e-05,1.129937119e-05,1.129937119e-05,5.649685595e-06,0.00039547799165,0.000344630821295,9.60446551149e-05,0.000559318873905,0.000231637109395,0.0002259874238,0.0,5.649685595e-06,3.389811357e-05,0.00024858616618,5.0847170355e-05,9.60446551149e-05,0.00025988553737,4.519748476e-05,0.000186439624635,0.00010169434071,0.0,5.649685595e-06,7.909559833e-05,3.389811357e-05,1.129937119e-05,0.0,5.0847170355e-05,0.00023728679499,6.2146541545e-05,0.000107344026305,0.0,8.47452839249e-05,1.129937119e-05,1.129937119e-05,4.519748476e-05,0.000310732707725,5.649685595e-06,0.00010169434071,0.000197738995825,3.9547799165e-05,5.649685595e-06,1.6949056785e-05,7.3445912735e-05,0.0,0.0,1.129937119e-05,0.0,0.00025988553737,0.000152541511065,1.129937119e-05,0.0002259874238,4.519748476e-05,0.000299433336535,0.00025988553737,0.000401127677245,0.000209038367015,0.000107344026305,0.000163840882255,0.00014689182547,2.259874238e-05,0.00025988553737,5.649685595e-06,5.649685595e-06,0.0,9.03949695199e-05,0.000242936480585,0.00040677736284,0.00027118490856,0.000265535222965,1.129937119e-05,0.0,0.0,0.00014689182547,5.649685595e-06,0.0,1.129937119e-05,0.00016949056785,0.00010169434071,0.00010169434071,5.649685595e-06,9.03949695199e-05,0.000220337738205,0.0,5.649685595e-06,0.00015819119666,3.9547799165e-05,5.649685595e-06,1.6949056785e-05,0.0,3.9547799165e-05,3.389811357e-05,0.0,7.909559833e-05,0.0,5.649685595e-06,5.649685595e-06
Gen 177
float_yankdup,integer_swap,vector_float_conj,vector_float_conc,vector_float_occurrencesof,vector_float_replacefirst,vector_float_rest,vector_float_p,vector_float_s,vector_float_r,vector_float_first,integer_fromfloat,vector_float_last,vector_float_d,float_sw,exec_yankd,vector_float_n,exec_do*tim,exec_yankdup,exec_yank,integer_mu,vector_float_remove,vector_float_fir,exec_do*vector_float,float_p,float_r,vector_float_stackdep,vector_float_dup,vector_float_subvec,float_i,exec_do*range,integer_yankd,float_m,integer_rot,float_a,float_c,float_d,integer_stackdep,float_s,vector_float_occurrences,exec_stackdepth,vector_float_swap,vector_float_reverse,float_stackdepth,float_max,exec_do*vector_flo,float_min,vector_float_rot,float_rot,exec_shove,vector_float_pushall,float_stackdep,float_sub,vector_float_sho,integer_div,integer_mult,integer_min,float_shove,integer_flush,float_inc,in1,integer_yank,integer_fromflo,vector_float_yankdup,float_ya,vector_float_butla,integer_sw,float_pop,exec_d,float_yankd,integer_max,exec_dup,exec_k,float_frominteger,float_mult,exec_noop,exec_p,exec_r,exec_s,vector_float_butlast,integer_flu,exec_y,float_mod,integer_ya,integer_yankdup,exec_stackdep,exec_do*ran,vector_float_index,vector_float_pop,exec_do*cou,vector_float_ta,vector_float_flu,float_add,exec_do*times,integer_shove,float_tan,vector_float_la,vector_float_indexof,float_sho,float_frominteg,integer_dup,vector_float_stackdepth,exec_sho,vector_float_replace,exec_swap,vector_float_rever,autoconstructive_integer_ra,exec_sw,integer_add,exec_flush,float_flu,float_cos,exec_flu,integer_mod,float_div,vector_float_leng,integer_inc,vector_float_yank,exec_rot,vector_float_flush,float_dec,vector_float_set,integer_pop,vector_float_shove,exec_pop,vector_float_take,vector_float_concat,vector_float_pusha,vector_float_ya,vector_float_remo,float_sin,autoconstructive_integer_rand,vector_float_length,exec_do*count,integer_sub,float_mu,exec_no,vector_float_re,float_dup,integer_r,integer_sho,vector_float_yankd,integer_stackdepth,integer_dec,exec,vector_float_replacefir,vector_float_nth,float_swap,vector_float_co,exec_ya,float_yank,float_flush,float_t,integer_d,integer_a,integer_m,integer_i,vector_float_subv,integer_s,integer_p,vector_float_repla,vector_float_sw
0.000359548541862,0.000438199785394,6.17974056326e-05,0.0,0.000123594811265,0.000185392216898,4.49435677328e-05,0.0,0.0,2.8089729833e-05,6.17974056326e-05,0.000365166487829,0.000207864000764,7.30332975657e-05,5.6179459666e-06,5.6179459666e-06,5.6179459666e-06,0.0,0.000342694703962,0.000106740973365,5.6179459666e-06,8.98871354655e-05,0.0,0.000191010162864,0.0,2.24717838664e-05,1.68538378998e-05,0.00051123308296,9.55050814321e-05,1.12358919332e-05,0.00023033578463,5.6179459666e-06,0.000134830703198,0.000112358919332,0.0,0.0,3.93256217662e-05,1.12358919332e-05,5.05615136994e-05,3.93256217662e-05,0.000589884326493,0.000337076757996,6.74153515991e-05,0.000224717838664,0.000241571676564,5.6179459666e-06,0.000258425514463,0.000123594811265,0.000196628108831,2.8089729833e-05,0.000623592002292,5.6179459666e-06,0.00023033578463,2.24717838664e-05,0.000241571676564,0.000359548541862,0.000162920433031,0.000134830703198,9.55050814321e-05,0.000235953730597,0.000943814922388,0.000207864000764,5.6179459666e-06,0.000117976865299,0.0,1.68538378998e-05,4.49435677328e-05,2.24717838664e-05,5.6179459666e-06,1.68538378998e-05,0.000303369082196,0.00028089729833,9.55050814321e-05,0.00052808692086,0.000219099892697,0.000123594811265,5.6179459666e-06,5.6179459666e-06,3.93256217662e-05,0.000207864000764,3.37076757996e-05,6.17974056326e-05,0.000196628108831,2.8089729833e-05,0.000162920433031,8.42691894989e-05,1.12358919332e-05,0.0,5.05615136994e-05,3.93256217662e-05,0.0,0.0,3.93256217662e-05,0.000146066595131,0.000106740973365,6.74153515991e-05,0.0,8.98871354655e-05,5.6179459666e-06,2.24717838664e-05,3.37076757996e-05,0.00026404346043,0.0,8.98871354655e-05,0.000168538378998,0.0,0.0,2.8089729833e-05,0.000151684541098,0.0,0.0,2.8089729833e-05,0.0,0.000224717838664,0.000196628108831,3.93256217662e-05,0.000157302487065,0.000112358919332,0.000219099892697,0.000196628108831,0.000342694703962,0.000185392216898,7.30332975657e-05,0.000179774270931,0.000106740973365,6.74153515991e-05,0.000303369082196,2.24717838664e-05,2.24717838664e-05,0.0,8.42691894989e-05,0.000151684541098,0.000415728001528,0.00024718962253,0.000196628108831,1.68538378998e-05,1.68538378998e-05,5.6179459666e-06,0.000134830703198,0.0,0.0,5.6179459666e-06,0.000117976865299,0.000140448649165,9.55050814321e-05,5.6179459666e-06,7.86512435323e-05,0.000185392216898,0.0,0.0,0.000179774270931,1.12358919332e-05,5.6179459666e-06,5.6179459666e-06,0.0,2.8089729833e-05,3.37076757996e-05,1.12358919332e-05,6.17974056326e-05,0.0,5.6179459666e-06,5.6179459666e-06
Gen 178
float_yankdup,integer_swap,vector_float_conj,vector_float_conc,vector_float_occurrencesof,vector_float_replacefirst,vector_float_rest,vector_float_p,vector_float_s,vector_float_r,vector_float_first,integer_fromfloat,vector_float_last,vector_float_d,float_sw,exec_yankd,vector_float_n,exec_do*tim,exec_yankdup,exec_yank,integer_mu,vector_float_remove,vector_float_fir,exec_do*vector_float,float_p,float_r,vector_float_stackdep,vector_float_dup,vector_float_subvec,float_i,exec_do*range,integer_yankd,float_m,integer_rot,float_a,float_c,float_d,integer_stackdep,float_s,vector_float_occurrences,exec_stackdepth,vector_float_swap,vector_float_reverse,float_stackdepth,float_max,exec_do*vector_flo,float_min,vector_float_rot,float_rot,exec_shove,vector_float_pushall,float_stackdep,float_sub,vector_float_sho,integer_div,integer_mult,integer_min,float_shove,integer_flush,float_inc,in1,integer_yank,integer_fromflo,vector_float_yankdup,float_ya,vector_float_butla,integer_sw,float_pop,exec_d,float_yankd,integer_max,exec_dup,exec_k,float_frominteger,float_mult,exec_noop,exec_p,exec_r,exec_s,vector_float_butlast,integer_flu,exec_y,float_mod,integer_ya,integer_yankdup,exec_stackdep,exec_do*ran,vector_float_index,vector_float_pop,exec_do*cou,vector_float_ta,vector_float_flu,float_add,exec_do*times,integer_shove,float_tan,vector_float_la,vector_float_indexof,float_sho,float_frominteg,integer_dup,vector_float_stackdepth,exec_sho,vector_float_replace,exec_swap,vector_float_rever,autoconstructive_integer_ra,exec_sw,integer_add,exec_flush,float_flu,float_cos,exec_flu,integer_mod,float_div,vector_float_leng,integer_inc,vector_float_yank,exec_rot,vector_float_flush,float_dec,vector_float_set,integer_pop,vector_float_shove,exec_pop,vector_float_take,vector_float_concat,vector_float_pusha,vector_float_ya,vector_float_remo,float_sin,autoconstructive_integer_rand,vector_float_length,exec_do*count,integer_sub,float_mu,exec_no,vector_float_re,float_dup,integer_r,integer_sho,vector_float_yankd,integer_stackdepth,integer_dec,exec,vector_float_replacefir,vector_float_nth,float_swap,vector_float_co,exec_ya,float_yank,float_flush,float_t,integer_d,integer_a,integer_m,integer_i,vector_float_subv,integer_s,integer_p,vector_float_repla,vector_float_sw
0.000558656096893,0.000743012608868,6.14521706583e-05,1.67596829068e-05,0.000150837146161,0.000351953341043,9.49715364719e-05,5.58656096893e-06,0.0,5.58656096893e-06,0.000128490902285,0.00052513673108,0.000307260853291,7.82118535651e-05,1.67596829068e-05,0.0,0.0,0.0,0.000413405511701,0.000167596829068,2.23462438757e-05,0.00010614465841,0.0,0.000273741487478,5.58656096893e-06,5.58656096893e-06,1.67596829068e-05,0.000636867950458,0.000139664024223,2.23462438757e-05,0.000346366780074,1.11731219379e-05,0.000178769951006,0.000234635560695,0.0,0.0,9.49715364719e-05,1.11731219379e-05,8.3798414534e-05,7.26252925961e-05,0.000670387316272,0.000553069535924,3.35193658136e-05,0.000329607097167,0.000301674292322,0.0,0.000396645828794,0.000223462438757,0.000379886145887,2.23462438757e-05,0.000754185730806,1.67596829068e-05,0.000296087731353,4.46924877515e-05,0.000357539902012,0.000402232389763,0.000279328048447,0.000245808682633,0.000178769951006,0.000212289316819,0.00118435092541,0.000189943072944,1.67596829068e-05,0.000150837146161,5.58656096893e-06,1.11731219379e-05,5.58656096893e-05,2.23462438757e-05,0.0,5.58656096893e-06,0.000452511438484,0.000486030804297,8.93849755029e-05,0.000776531974682,0.000318433975229,0.000178769951006,5.58656096893e-06,5.58656096893e-06,2.79328048447e-05,0.000346366780074,2.79328048447e-05,7.82118535651e-05,0.000234635560695,8.93849755029e-05,0.000139664024223,0.000117317780348,0.0,5.58656096893e-06,7.82118535651e-05,3.35193658136e-05,5.58656096893e-06,0.0,3.35193658136e-05,0.00015642370713,0.00015642370713,0.000150837146161,0.0,7.26252925961e-05,0.0,1.67596829068e-05,3.91059267825e-05,0.000424578633639,0.0,7.82118535651e-05,0.000150837146161,0.0,0.0,3.35193658136e-05,0.000100558097441,5.58656096893e-06,0.0,1.67596829068e-05,0.0,0.000273741487478,0.000189943072944,3.35193658136e-05,0.000234635560695,0.000139664024223,0.000374299584919,0.000296087731353,0.000435751755577,0.000284914609416,0.000117317780348,0.000206702755851,0.000150837146161,5.58656096893e-05,0.000268154926509,5.58656096893e-06,3.35193658136e-05,5.58656096893e-06,0.000128490902285,0.000189943072944,0.000508377048173,0.000351953341043,0.00026256836554,1.11731219379e-05,5.58656096893e-06,1.11731219379e-05,0.000184356511975,5.58656096893e-06,0.0,1.67596829068e-05,0.000145250585192,0.000173183390037,0.000117317780348,5.58656096893e-06,0.00010614465841,0.000273741487478,0.0,5.58656096893e-06,0.000201116194882,3.35193658136e-05,1.67596829068e-05,1.11731219379e-05,0.0,3.91059267825e-05,5.58656096893e-06,0.0,0.000117317780348,0.0,1.11731219379e-05,1.67596829068e-05
Gen 179
float_yankdup,integer_swap,vector_float_conj,vector_float_conc,vector_float_occurrencesof,vector_float_replacefirst,vector_float_rest,vector_float_p,vector_float_s,vector_float_r,vector_float_first,integer_fromfloat,vector_float_last,vector_float_d,float_sw,exec_yankd,vector_float_n,exec_do*tim,exec_yankdup,exec_yank,integer_mu,vector_float_remove,vector_float_fir,exec_do*vector_float,float_p,float_r,vector_float_stackdep,vector_float_dup,vector_float_subvec,float_i,exec_do*range,integer_yankd,float_m,integer_rot,float_a,float_c,float_d,integer_stackdep,float_s,vector_float_occurrences,exec_stackdepth,vector_float_swap,vector_float_reverse,float_stackdepth,float_max,exec_do*vector_flo,float_min,vector_float_rot,float_rot,exec_shove,vector_float_pushall,float_stackdep,float_sub,vector_float_sho,integer_div,integer_mult,integer_min,float_shove,integer_flush,float_inc,in1,integer_yank,integer_fromflo,vector_float_yankdup,float_ya,vector_float_butla,integer_sw,float_pop,exec_d,float_yankd,integer_max,exec_dup,exec_k,float_frominteger,float_mult,exec_noop,exec_p,exec_r,exec_s,vector_float_butlast,integer_flu,exec_y,float_mod,integer_ya,integer_yankdup,exec_stackdep,exec_do*ran,vector_float_index,vector_float_pop,exec_do*cou,vector_float_ta,vector_float_flu,float_add,exec_do*times,integer_shove,float_tan,vector_float_la,vector_float_indexof,float_sho,float_frominteg,integer_dup,vector_float_stackdepth,exec_sho,vector_float_replace,exec_swap,vector_float_rever,autoconstructive_integer_ra,exec_sw,integer_add,exec_flush,float_flu,float_cos,exec_flu,integer_mod,float_div,vector_float_leng,integer_inc,vector_float_yank,exec_rot,vector_float_flush,float_dec,vector_float_set,integer_pop,vector_float_shove,exec_pop,vector_float_take,vector_float_concat,vector_float_pusha,vector_float_ya,vector_float_remo,float_sin,autoconstructive_integer_rand,vector_float_length,exec_do*count,integer_sub,float_mu,exec_no,vector_float_re,float_dup,integer_r,integer_sho,vector_float_yankd,integer_stackdepth,integer_dec,exec,vector_float_replacefir,vector_float_nth,float_swap,vector_float_co,exec_ya,float_yank,float_flush,float_t,integer_d,integer_a,integer_m,integer_i,vector_float_subv,integer_s,integer_p,vector_float_repla,vector_float_sw
0.000427775401248,0.000577774567919,5.55552469153e-05,5.55552469153e-06,0.00014444364198,0.000266665185193,0.000105554969139,0.0,0.0,3.33331481492e-05,9.99994444475e-05,0.00047221959878,0.00025555413581,4.99997222238e-05,5.55552469153e-06,5.55552469153e-06,5.55552469153e-06,5.55552469153e-06,0.00039999777779,0.000194443364204,3.33331481492e-05,0.000111110493831,0.0,0.00018333231482,0.0,1.11110493831e-05,2.77776234576e-05,0.000522219321004,0.000122221543214,2.77776234576e-05,0.000299998333343,0.0,0.00018333231482,0.000188887839512,0.0,0.0,8.33328703729e-05,1.11110493831e-05,6.11107716068e-05,5.55552469153e-05,0.000566663518536,0.000555552469153,2.22220987661e-05,0.000244443086427,0.000188887839512,1.11110493831e-05,0.000283331759268,0.000122221543214,0.00028888728396,1.11110493831e-05,0.000733329259282,1.11110493831e-05,0.000161110216054,4.99997222238e-05,0.00025555413581,0.000294442808651,0.000122221543214,0.000233332037044,0.000133332592597,0.000166665740746,0.00108332731485,0.00014444364198,5.55552469153e-06,8.88883950645e-05,0.0,5.55552469153e-06,1.66665740746e-05,5.55552469153e-06,5.55552469153e-06,5.55552469153e-06,0.000427775401248,0.000488886172855,4.44441975322e-05,0.000733329259282,0.00025555413581,0.000111110493831,1.11110493831e-05,1.11110493831e-05,1.11110493831e-05,0.000305553858034,2.22220987661e-05,4.44441975322e-05,0.000188887839512,9.4443919756e-05,9.99994444475e-05,0.000122221543214,5.55552469153e-06,5.55552469153e-06,4.44441975322e-05,2.22220987661e-05,0.0,5.55552469153e-06,1.11110493831e-05,0.000138888117288,0.000105554969139,0.000138888117288,5.55552469153e-06,4.99997222238e-05,0.0,2.22220987661e-05,6.11107716068e-05,0.000433330925939,0.0,9.99994444475e-05,0.000122221543214,0.0,5.55552469153e-06,3.33331481492e-05,9.4443919756e-05,0.0,5.55552469153e-06,1.11110493831e-05,0.0,0.00021666546297,0.000205554413587,3.88886728407e-05,0.000111110493831,0.000149999166671,0.000266665185193,0.000272220709885,0.000372220154332,0.00025555413581,3.33331481492e-05,0.00018333231482,0.000133332592597,3.33331481492e-05,0.000194443364204,3.33331481492e-05,2.77776234576e-05,5.55552469153e-06,0.000105554969139,0.000194443364204,0.000461108549397,0.000283331759268,0.00025555413581,5.55552469153e-06,1.66665740746e-05,0.0,0.000188887839512,0.0,5.55552469153e-06,1.11110493831e-05,0.00014444364198,0.000166665740746,7.22218209899e-05,5.55552469153e-06,0.000111110493831,0.000177776790129,5.55552469153e-06,5.55552469153e-06,0.000166665740746,2.77776234576e-05,0.0,5.55552469153e-06,0.0,2.77776234576e-05,5.55552469153e-06,0.0,7.77773456814e-05,5.55552469153e-06,0.0,2.22220987661e-05
Gen 180
float_yankdup,integer_swap,vector_float_conj,vector_float_conc,vector_float_occurrencesof,vector_float_replacefirst,vector_float_rest,vector_float_p,vector_float_s,vector_float_r,vector_float_first,integer_fromfloat,vector_float_last,vector_float_d,float_sw,exec_yankd,vector_float_n,exec_do*tim,exec_yankdup,exec_yank,integer_mu,vector_float_remove,vector_float_fir,exec_do*vector_float,float_p,float_r,vector_float_stackdep,vector_float_dup,vector_float_subvec,float_i,exec_do*range,integer_yankd,float_m,integer_rot,float_a,float_c,float_d,integer_stackdep,float_s,vector_float_occurrences,exec_stackdepth,vector_float_swap,vector_float_reverse,float_stackdepth,float_max,exec_do*vector_flo,float_min,vector_float_rot,float_rot,exec_shove,vector_float_pushall,float_stackdep,float_sub,vector_float_sho,integer_div,integer_mult,integer_min,float_shove,integer_flush,float_inc,in1,integer_yank,integer_fromflo,vector_float_yankdup,float_ya,vector_float_butla,integer_sw,float_pop,exec_d,float_yankd,integer_max,exec_dup,exec_k,float_frominteger,float_mult,exec_noop,exec_p,exec_r,exec_s,vector_float_butlast,integer_flu,exec_y,float_mod,integer_ya,integer_yankdup,exec_stackdep,exec_do*ran,vector_float_index,vector_float_pop,exec_do*cou,vector_float_ta,vector_float_flu,float_add,exec_do*times,integer_shove,float_tan,vector_float_la,vector_float_indexof,float_sho,float_frominteg,integer_dup,vector_float_stackdepth,exec_sho,vector_float_replace,exec_swap,vector_float_rever,autoconstructive_integer_ra,exec_sw,integer_add,exec_flush,float_flu,float_cos,exec_flu,integer_mod,float_div,vector_float_leng,integer_inc,vector_float_yank,exec_rot,vector_float_flush,float_dec,vector_float_set,integer_pop,vector_float_shove,exec_pop,vector_float_take,vector_float_concat,vector_float_pusha,vector_float_ya,vector_float_remo,float_sin,autoconstructive_integer_rand,vector_float_length,exec_do*count,integer_sub,float_mu,exec_no,vector_float_re,float_dup,integer_r,integer_sho,vector_float_yankd,integer_stackdepth,integer_dec,exec,vector_float_replacefir,vector_float_nth,float_swap,vector_float_co,exec_ya,float_yank,float_flush,float_t,integer_d,integer_a,integer_m,integer_i,vector_float_subv,integer_s,integer_p,vector_float_repla,vector_float_sw
0.000370163700753,0.00052485897868,7.18228076088e-05,5.52483135452e-06,0.00017126977199,0.00023204291689,0.000127071121154,5.52483135452e-06,5.52483135452e-06,1.1049662709e-05,7.18228076088e-05,0.000513809315971,0.00023204291689,7.18228076088e-05,5.52483135452e-06,1.1049662709e-05,1.1049662709e-05,0.0,0.000375688532108,0.000154695277927,3.31489881271e-05,0.000138120783863,0.0,0.000259667073663,0.0,1.65744940636e-05,5.52483135452e-06,0.000314915387208,0.000116021458445,1.1049662709e-05,0.00029281606179,0.0,0.000127071121154,0.000116021458445,0.0,0.0,4.41986508362e-05,5.52483135452e-06,4.97234821907e-05,2.20993254181e-05,0.000629830774416,0.000602206617643,4.41986508362e-05,0.000303865724499,0.000176794603345,1.1049662709e-05,0.000281766399081,0.00017126977199,0.000259667073663,1.65744940636e-05,0.000679554256606,5.52483135452e-06,0.000209943591472,2.76241567726e-05,0.000265191905017,0.000237567748244,0.000143645615218,0.000176794603345,0.00011049662709,0.000226518085535,0.00100551930652,0.000149170446572,1.65744940636e-05,0.00017126977199,5.52483135452e-06,0.0,1.1049662709e-05,5.52483135452e-06,5.52483135452e-06,1.1049662709e-05,0.000370163700753,0.000364638869399,0.000104971795736,0.000690603919315,0.000209943591472,0.000143645615218,1.1049662709e-05,2.20993254181e-05,5.52483135452e-06,0.000248617410954,5.52483135452e-05,8.28724703178e-05,0.000270716736372,3.86738194817e-05,0.000132595952509,0.000127071121154,2.20993254181e-05,5.52483135452e-06,2.20993254181e-05,2.76241567726e-05,0.0,0.0,1.65744940636e-05,0.000187844266054,0.00011049662709,4.97234821907e-05,1.65744940636e-05,1.65744940636e-05,1.1049662709e-05,1.65744940636e-05,5.52483135452e-05,0.000375688532108,0.0,0.000116021458445,7.73476389633e-05,0.0,5.52483135452e-06,3.31489881271e-05,8.28724703178e-05,0.0,0.0,1.1049662709e-05,0.0,0.000259667073663,0.000187844266054,4.97234821907e-05,7.18228076088e-05,0.00017126977199,0.00017126977199,0.000298340893144,0.00040331268888,0.000243092579599,6.07731448998e-05,0.0001215462898,0.000138120783863,2.76241567726e-05,0.00011049662709,1.65744940636e-05,1.65744940636e-05,1.65744940636e-05,0.000127071121154,0.000198893928763,0.000425412014298,0.000248617410954,0.000337014712626,1.1049662709e-05,0.0,5.52483135452e-06,0.000198893928763,0.0,0.0,0.0,0.000143645615218,0.0001215462898,8.83973016724e-05,1.1049662709e-05,0.000127071121154,0.000138120783863,0.0,0.0,0.000165744940636,6.62979762543e-05,5.52483135452e-06,2.20993254181e-05,5.52483135452e-06,1.1049662709e-05,2.20993254181e-05,0.0,6.07731448998e-05,0.0,0.0,1.1049662709e-05
Gen 181
float_yankdup,integer_swap,vector_float_conj,vector_float_conc,vector_float_occurrencesof,vector_float_replacefirst,vector_float_rest,vector_float_p,vector_float_s,vector_float_r,vector_float_first,integer_fromfloat,vector_float_last,vector_float_d,float_sw,exec_yankd,vector_float_n,exec_do*tim,exec_yankdup,exec_yank,integer_mu,vector_float_remove,vector_float_fir,exec_do*vector_float,float_p,float_r,vector_float_stackdep,vector_float_dup,vector_float_subvec,float_i,exec_do*range,integer_yankd,float_m,integer_rot,float_a,float_c,float_d,integer_stackdep,float_s,vector_float_occurrences,exec_stackdepth,vector_float_swap,vector_float_reverse,float_stackdepth,float_max,exec_do*vector_flo,float_min,vector_float_rot,float_rot,exec_shove,vector_float_pushall,float_stackdep,float_sub,vector_float_sho,integer_div,integer_mult,integer_min,float_shove,integer_flush,float_inc,in1,integer_yank,integer_fromflo,vector_float_yankdup,float_ya,vector_float_butla,integer_sw,float_pop,exec_d,float_yankd,integer_max,exec_dup,exec_k,float_frominteger,float_mult,exec_noop,exec_p,exec_r,exec_s,vector_float_butlast,integer_flu,exec_y,float_mod,integer_ya,integer_yankdup,exec_stackdep,exec_do*ran,vector_float_index,vector_float_pop,exec_do*cou,vector_float_ta,vector_float_flu,float_add,exec_do*times,integer_shove,float_tan,vector_float_la,vector_float_indexof,float_sho,float_frominteg,integer_dup,vector_float_stackdepth,exec_sho,vector_float_replace,exec_swap,vector_float_rever,autoconstructive_integer_ra,exec_sw,integer_add,exec_flush,float_flu,float_cos,exec_flu,integer_mod,float_div,vector_float_leng,integer_inc,vector_float_yank,exec_rot,vector_float_flush,float_dec,vector_float_set,integer_pop,vector_float_shove,exec_pop,vector_float_take,vector_float_concat,vector_float_pusha,vector_float_ya,vector_float_remo,float_sin,autoconstructive_integer_rand,vector_float_length,exec_do*count,integer_sub,float_mu,exec_no,vector_float_re,float_dup,integer_r,integer_sho,vector_float_yankd,integer_stackdepth,integer_dec,exec,vector_float_replacefir,vector_float_nth,float_swap,vector_float_co,exec_ya,float_yank,float_flush,float_t,integer_d,integer_a,integer_m,integer_i,vector_float_subv,integer_s,integer_p,vector_float_repla,vector_float_sw
0.000478019351542,0.000560436481118,3.84613271356e-05,5.49447530508e-06,0.000170328734458,0.000291207191169,0.000131867407322,0.0,0.0,6.5933703661e-05,9.34060801864e-05,0.000505491728067,0.000153845308542,7.69226542711e-05,1.09889506102e-05,0.0,5.49447530508e-06,0.0,0.000362635370135,0.000214284536898,3.29668518305e-05,0.000142856357932,0.0,0.000208790061593,5.49447530508e-06,1.64834259152e-05,0.0,0.000483513826847,0.000153845308542,1.64834259152e-05,0.00036812984544,5.49447530508e-06,0.000115383981407,8.24171295762e-05,5.49447530508e-06,0.0,9.34060801864e-05,5.49447530508e-06,5.49447530508e-05,5.49447530508e-05,0.000741754166186,0.000571425431728,8.24171295762e-05,0.000324174043,0.000126372932017,0.0,0.000340657468915,0.000164834259152,0.000263734814644,2.74723765254e-05,0.000642853610694,1.09889506102e-05,0.000214284536898,3.84613271356e-05,0.000280218240559,0.000373624320745,0.000225273487508,0.000203295586288,0.000126372932017,0.000252745864034,0.00106043373388,0.000247251388729,5.49447530508e-06,0.000208790061593,4.39558024406e-05,5.49447530508e-06,1.64834259152e-05,5.49447530508e-06,5.49447530508e-06,0.0,0.000362635370135,0.000428569073796,0.000170328734458,0.000851643672288,0.000285712715864,0.000164834259152,2.19779012203e-05,5.49447530508e-06,1.64834259152e-05,0.000247251388729,4.39558024406e-05,9.89005554915e-05,0.000225273487508,7.69226542711e-05,0.000203295586288,8.79116048813e-05,5.49447530508e-06,2.19779012203e-05,5.49447530508e-05,2.19779012203e-05,0.0,0.0,4.94502777457e-05,0.000126372932017,0.000126372932017,9.89005554915e-05,0.0,3.84613271356e-05,5.49447530508e-06,2.19779012203e-05,2.19779012203e-05,0.000423074598491,0.0,9.34060801864e-05,0.000142856357932,5.49447530508e-06,5.49447530508e-06,3.29668518305e-05,9.89005554915e-05,5.49447530508e-06,0.0,5.49447530508e-06,0.0,0.000236262438118,0.000230767962813,5.49447530508e-05,0.000175823209763,0.000186812160373,0.000203295586288,0.00035714089483,0.000478019351542,0.000362635370135,0.000115383981407,0.000214284536898,0.000181317685068,2.19779012203e-05,0.000104395030797,3.84613271356e-05,5.49447530508e-06,5.49447530508e-06,6.04392283559e-05,0.000142856357932,0.000489008302152,0.000258240339339,0.000247251388729,5.49447530508e-06,0.0,0.0,0.000214284536898,5.49447530508e-06,0.0,0.0,0.000247251388729,0.000170328734458,9.89005554915e-05,0.0,0.000170328734458,0.000225273487508,0.0,1.64834259152e-05,0.000181317685068,5.49447530508e-05,0.0,1.64834259152e-05,0.0,2.74723765254e-05,0.0,0.0,2.74723765254e-05,2.19779012203e-05,0.0,2.19779012203e-05
Gen 182
float_yankdup,integer_swap,vector_float_conj,vector_float_conc,vector_float_occurrencesof,vector_float_replacefirst,vector_float_rest,vector_float_p,vector_float_s,vector_float_r,vector_float_first,integer_fromfloat,vector_float_last,vector_float_d,float_sw,exec_yankd,vector_float_n,exec_do*tim,exec_yankdup,exec_yank,integer_mu,vector_float_remove,vector_float_fir,exec_do*vector_float,float_p,float_r,vector_float_stackdep,vector_float_dup,vector_float_subvec,float_i,exec_do*range,integer_yankd,float_m,integer_rot,float_a,float_c,float_d,integer_stackdep,float_s,vector_float_occurrences,exec_stackdepth,vector_float_swap,vector_float_reverse,float_stackdepth,float_max,exec_do*vector_flo,float_min,vector_float_rot,float_rot,exec_shove,vector_float_pushall,float_stackdep,float_sub,vector_float_sho,integer_div,integer_mult,integer_min,float_shove,integer_flush,float_inc,in1,integer_yank,integer_fromflo,vector_float_yankdup,float_ya,vector_float_butla,integer_sw,float_pop,exec_d,float_yankd,integer_max,exec_dup,exec_k,float_frominteger,float_mult,exec_noop,exec_p,exec_r,exec_s,vector_float_butlast,integer_flu,exec_y,float_mod,integer_ya,integer_yankdup,exec_stackdep,exec_do*ran,vector_float_index,vector_float_pop,exec_do*cou,vector_float_ta,vector_float_flu,float_add,exec_do*times,integer_shove,float_tan,vector_float_la,vector_float_indexof,float_sho,float_frominteg,integer_dup,vector_float_stackdepth,exec_sho,vector_float_replace,exec_swap,vector_float_rever,autoconstructive_integer_ra,exec_sw,integer_add,exec_flush,float_flu,float_cos,exec_flu,integer_mod,float_div,vector_float_leng,integer_inc,vector_float_yank,exec_rot,vector_float_flush,float_dec,vector_float_set,integer_pop,vector_float_shove,exec_pop,vector_float_take,vector_float_concat,vector_float_pusha,vector_float_ya,vector_float_remo,float_sin,autoconstructive_integer_rand,vector_float_length,exec_do*count,integer_sub,float_mu,exec_no,vector_float_re,float_dup,integer_r,integer_sho,vector_float_yankd,integer_stackdepth,integer_dec,exec,vector_float_replacefir,vector_float_nth,float_swap,vector_float_co,exec_ya,float_yank,float_flush,float_t,integer_d,integer_a,integer_m,integer_i,vector_float_subv,integer_s,integer_p,vector_float_repla,vector_float_sw
0.000387976021989,0.000535516199365,5.46445101393e-05,0.0,0.00015300462839,0.000202184687515,3.82511570975e-05,5.46445101393e-06,0.0,1.09289020279e-05,6.01089611532e-05,0.000491800591254,0.000142075726362,9.83601182507e-05,1.09289020279e-05,1.63933530418e-05,5.46445101393e-06,0.0,0.000316938158808,0.000174862432446,3.27867060836e-05,0.000158469079404,0.0,0.000251364746641,0.0,5.46445101393e-06,5.46445101393e-06,0.000426227179086,0.000158469079404,0.0,0.00030600925678,1.09289020279e-05,8.74312162229e-05,9.83601182507e-05,0.0,0.0,7.6502314195e-05,5.46445101393e-06,3.82511570975e-05,2.73222550696e-05,0.000655734121671,0.000502729493281,8.19667652089e-05,0.000322402609822,0.000174862432446,5.46445101393e-06,0.000284151452724,0.00015300462839,0.000234971393599,5.46445101393e-06,0.00073770088688,5.46445101393e-06,0.000251364746641,2.73222550696e-05,0.000273222550696,0.000327867060836,0.000224042491571,0.000218578040557,0.000169397981432,0.000273222550696,0.000978136731493,0.000245900295627,2.18578040557e-05,0.000191255785488,2.18578040557e-05,5.46445101393e-06,0.0,5.46445101393e-06,1.09289020279e-05,5.46445101393e-06,0.000398904924017,0.000426227179086,0.000142075726362,0.000759558690936,0.000207649138529,8.19667652089e-05,2.73222550696e-05,0.0,1.09289020279e-05,0.000245900295627,8.19667652089e-05,9.83601182507e-05,0.000191255785488,4.37156081114e-05,0.000185791334474,0.00015300462839,1.63933530418e-05,5.46445101393e-06,3.27867060836e-05,3.82511570975e-05,0.0,5.46445101393e-06,3.27867060836e-05,0.000158469079404,8.19667652089e-05,4.37156081114e-05,5.46445101393e-06,1.09289020279e-05,5.46445101393e-06,1.09289020279e-05,3.27867060836e-05,0.00030600925678,0.0,0.000131146824334,0.000131146824334,5.46445101393e-06,0.0,1.63933530418e-05,7.6502314195e-05,5.46445101393e-06,0.0,0.0,0.0,0.000234971393599,0.000289615903738,2.18578040557e-05,0.00012568237332,0.000229506942585,0.000142075726362,0.000273222550696,0.000349724864891,0.000284151452724,9.28956672368e-05,0.000163933530418,0.000136611275348,2.73222550696e-05,0.000142075726362,4.37156081114e-05,0.0,0.0,0.000147540177376,0.000191255785488,0.000453549434156,0.000300544805766,0.000311473707794,5.46445101393e-06,1.09289020279e-05,0.0,0.000185791334474,5.46445101393e-06,1.09289020279e-05,1.63933530418e-05,0.000163933530418,9.83601182507e-05,9.28956672368e-05,5.46445101393e-06,4.37156081114e-05,0.000174862432446,0.0,0.0,0.000163933530418,4.91800591254e-05,5.46445101393e-06,1.63933530418e-05,1.09289020279e-05,2.18578040557e-05,1.09289020279e-05,0.0,2.73222550696e-05,0.0,1.09289020279e-05,5.46445101393e-06
Gen 183
float_yankdup,integer_swap,vector_float_conj,vector_float_conc,vector_float_occurrencesof,vector_float_replacefirst,vector_float_rest,vector_float_p,vector_float_s,vector_float_r,vector_float_first,integer_fromfloat,vector_float_last,vector_float_d,float_sw,exec_yankd,vector_float_n,exec_do*tim,exec_yankdup,exec_yank,integer_mu,vector_float_remove,vector_float_fir,exec_do*vector_float,float_p,float_r,vector_float_stackdep,vector_float_dup,vector_float_subvec,float_i,exec_do*range,integer_yankd,float_m,integer_rot,float_a,float_c,float_d,integer_stackdep,float_s,vector_float_occurrences,exec_stackdepth,vector_float_swap,vector_float_reverse,float_stackdepth,float_max,exec_do*vector_flo,float_min,vector_float_rot,float_rot,exec_shove,vector_float_pushall,float_stackdep,float_sub,vector_float_sho,integer_div,integer_mult,integer_min,float_shove,integer_flush,float_inc,in1,integer_yank,integer_fromflo,vector_float_yankdup,float_ya,vector_float_butla,integer_sw,float_pop,exec_d,float_yankd,integer_max,exec_dup,exec_k,float_frominteger,float_mult,exec_noop,exec_p,exec_r,exec_s,vector_float_butlast,integer_flu,exec_y,float_mod,integer_ya,integer_yankdup,exec_stackdep,exec_do*ran,vector_float_index,vector_float_pop,exec_do*cou,vector_float_ta,vector_float_flu,float_add,exec_do*times,integer_shove,float_tan,vector_float_la,vector_float_indexof,float_sho,float_frominteg,integer_dup,vector_float_stackdepth,exec_sho,vector_float_replace,exec_swap,vector_float_rever,autoconstructive_integer_ra,exec_sw,integer_add,exec_flush,float_flu,float_cos,exec_flu,integer_mod,float_div,vector_float_leng,integer_inc,vector_float_yank,exec_rot,vector_float_flush,float_dec,vector_float_set,integer_pop,vector_float_shove,exec_pop,vector_float_take,vector_float_concat,vector_float_pusha,vector_float_ya,vector_float_remo,float_sin,autoconstructive_integer_rand,vector_float_length,exec_do*count,integer_sub,float_mu,exec_no,vector_float_re,float_dup,integer_r,integer_sho,vector_float_yankd,integer_stackdepth,integer_dec,exec,vector_float_replacefir,vector_float_nth,float_swap,vector_float_co,exec_ya,float_yank,float_flush,float_t,integer_d,integer_a,integer_m,integer_i,vector_float_subv,integer_s,integer_p,vector_float_repla,vector_float_sw
0.00035325894968,0.000478258270335,6.52170368639e-05,5.43475307199e-06,0.000141303579872,0.00010869506144,0.000103260308368,5.43475307199e-06,1.6304259216e-05,3.8043271504e-05,5.97822837919e-05,0.000320650431248,0.000184781604448,7.06517899359e-05,0.0,5.43475307199e-06,0.0,0.0,0.000233694382096,0.000168477345232,2.1739012288e-05,0.000124999320656,5.43475307199e-06,0.000260868147456,0.0,1.6304259216e-05,5.43475307199e-06,0.000423910739616,0.000119564567584,1.6304259216e-05,0.000331519937392,0.0,0.000103260308368,7.60865430079e-05,0.0,0.0,0.000103260308368,0.0,2.717376536e-05,2.717376536e-05,0.000614127097135,0.00046195401112,9.78255552959e-05,0.000228259629024,0.0001358688268,0.0,0.000249998641312,0.000114129814512,0.00019021635752,2.1739012288e-05,0.000684778887071,1.0869506144e-05,0.0001358688268,1.6304259216e-05,0.000201085863664,0.000342389443536,0.000184781604448,0.000179346851376,7.06517899359e-05,0.00024456388824,0.000978255552959,0.000195651110592,1.0869506144e-05,0.000141303579872,2.1739012288e-05,1.6304259216e-05,5.43475307199e-06,1.0869506144e-05,0.0,1.0869506144e-05,0.000336954690464,0.000402171727328,0.000157607839088,0.000673909380927,0.000146738332944,9.23908022239e-05,1.0869506144e-05,1.6304259216e-05,2.1739012288e-05,0.000206520616736,6.52170368639e-05,8.69560491519e-05,0.000179346851376,3.8043271504e-05,0.000184781604448,8.69560491519e-05,5.43475307199e-06,1.6304259216e-05,2.717376536e-05,4.3478024576e-05,5.43475307199e-06,0.0,2.717376536e-05,0.000201085863664,7.60865430079e-05,5.97822837919e-05,0.0,4.89127776479e-05,5.43475307199e-06,2.717376536e-05,3.8043271504e-05,0.000336954690464,0.0,0.000103260308368,0.000141303579872,0.0,0.0,4.3478024576e-05,8.69560491519e-05,1.0869506144e-05,0.0,1.6304259216e-05,0.0,0.000206520616736,0.0002717376536,4.3478024576e-05,0.0001358688268,0.000124999320656,0.00019021635752,0.00029891141896,0.000320650431248,0.0002717376536,9.78255552959e-05,0.000179346851376,0.0001358688268,7.60865430079e-05,0.0001358688268,8.15212960799e-05,0.0,5.43475307199e-06,0.000152173086016,0.000168477345232,0.000391302221184,0.00029891141896,0.000277172406672,1.0869506144e-05,0.0,0.0,0.000141303579872,0.0,2.717376536e-05,0.0,0.000201085863664,5.43475307199e-05,9.23908022239e-05,0.0,8.15212960799e-05,0.000141303579872,2.1739012288e-05,5.43475307199e-06,0.000130434073728,4.3478024576e-05,0.0,5.43475307199e-06,0.0,5.43475307199e-06,0.0,0.0,2.717376536e-05,0.0,1.0869506144e-05,1.0869506144e-05
Gen 184
float_yankdup,integer_swap,vector_float_conj,vector_float_conc,vector_float_occurrencesof,vector_float_replacefirst,vector_float_rest,vector_float_p,vector_float_s,vector_float_r,vector_float_first,integer_fromfloat,vector_float_last,vector_float_d,float_sw,exec_yankd,vector_float_n,exec_do*tim,exec_yankdup,exec_yank,integer_mu,vector_float_remove,vector_float_fir,exec_do*vector_float,float_p,float_r,vector_float_stackdep,vector_float_dup,vector_float_subvec,float_i,exec_do*range,integer_yankd,float_m,integer_rot,float_a,float_c,float_d,integer_stackdep,float_s,vector_float_occurrences,exec_stackdepth,vector_float_swap,vector_float_reverse,float_stackdepth,float_max,exec_do*vector_flo,float_min,vector_float_rot,float_rot,exec_shove,vector_float_pushall,float_stackdep,float_sub,vector_float_sho,integer_div,integer_mult,integer_min,float_shove,integer_flush,float_inc,in1,integer_yank,integer_fromflo,vector_float_yankdup,float_ya,vector_float_butla,integer_sw,float_pop,exec_d,float_yankd,integer_max,exec_dup,exec_k,float_frominteger,float_mult,exec_noop,exec_p,exec_r,exec_s,vector_float_butlast,integer_flu,exec_y,float_mod,integer_ya,integer_yankdup,exec_stackdep,exec_do*ran,vector_float_index,vector_float_pop,exec_do*cou,vector_float_ta,vector_float_flu,float_add,exec_do*times,integer_shove,float_tan,vector_float_la,vector_float_indexof,float_sho,float_frominteg,integer_dup,vector_float_stackdepth,exec_sho,vector_float_replace,exec_swap,vector_float_rever,autoconstructive_integer_ra,exec_sw,integer_add,exec_flush,float_flu,float_cos,exec_flu,integer_mod,float_div,vector_float_leng,integer_inc,vector_float_yank,exec_rot,vector_float_flush,float_dec,vector_float_set,integer_pop,vector_float_shove,exec_pop,vector_float_take,vector_float_concat,vector_float_pusha,vector_float_ya,vector_float_remo,float_sin,autoconstructive_integer_rand,vector_float_length,exec_do*count,integer_sub,float_mu,exec_no,vector_float_re,float_dup,integer_r,integer_sho,vector_float_yankd,integer_stackdepth,integer_dec,exec,vector_float_replacefir,vector_float_nth,float_swap,vector_float_co,exec_ya,float_yank,float_flush,float_t,integer_d,integer_a,integer_m,integer_i,vector_float_subv,integer_s,integer_p,vector_float_repla,vector_float_sw
0.000427024718785,0.00047567310447,8.10806428073e-05,1.08107523743e-05,0.000129729028492,0.000178377414176,9.18913951816e-05,5.40537618716e-06,0.0,2.70268809358e-05,4.32430094972e-05,0.000416213966411,0.000118918276117,5.94591380587e-05,0.0,5.40537618716e-06,0.0,1.08107523743e-05,0.000291890314106,0.000162161285615,1.08107523743e-05,0.000135134404679,0.0,0.000264863433171,0.0,0.0,0.0,0.00043783547116,0.000172972037989,1.62161285615e-05,0.000383781709288,2.16215047486e-05,6.48645142459e-05,8.10806428073e-05,5.40537618716e-06,0.0,0.000124323652305,0.0,5.40537618716e-05,0.0,0.0005891860044,0.000362160204539,0.000102702147556,0.000264863433171,0.000140539780866,0.0,0.000210809671299,0.000145945157053,0.000194593542738,3.24322571229e-05,0.000718915032892,5.40537618716e-06,0.000140539780866,4.86483856844e-05,0.000183782790363,0.000318917195042,0.00015135053324,0.00015135053324,9.18913951816e-05,0.000221620423673,0.00101621072319,0.00018918816655,5.40537618716e-06,0.000167566661802,1.62161285615e-05,1.62161285615e-05,2.16215047486e-05,5.40537618716e-06,1.62161285615e-05,5.40537618716e-06,0.000405403214037,0.000405403214037,0.000162161285615,0.000708104280517,0.000199998918925,0.000108107523743,1.08107523743e-05,3.78376333101e-05,2.70268809358e-05,0.000216215047486,7.56752666202e-05,6.48645142459e-05,0.000145945157053,5.94591380587e-05,0.000167566661802,8.64860189945e-05,0.0,5.40537618716e-06,4.86483856844e-05,2.16215047486e-05,0.0,5.40537618716e-06,4.32430094972e-05,0.000156755909428,0.000124323652305,6.48645142459e-05,1.08107523743e-05,3.78376333101e-05,0.0,2.16215047486e-05,4.86483856844e-05,0.000297295690294,0.0,0.000172972037989,7.0269890433e-05,0.0,0.0,2.70268809358e-05,9.72967713688e-05,5.40537618716e-06,5.40537618716e-06,2.16215047486e-05,0.0,0.000264863433171,0.000264863433171,4.86483856844e-05,0.000199998918925,0.00018918816655,0.000124323652305,0.000308106442668,0.000297295690294,0.000259458056983,9.18913951816e-05,0.000167566661802,0.000118918276117,7.0269890433e-05,0.000102702147556,5.94591380587e-05,5.40537618716e-06,1.62161285615e-05,0.000108107523743,0.000162161285615,0.00039999783785,0.000243241928422,0.000270268809358,1.08107523743e-05,1.62161285615e-05,1.08107523743e-05,0.000162161285615,0.0,2.16215047486e-05,5.40537618716e-06,0.000167566661802,9.72967713688e-05,9.18913951816e-05,1.62161285615e-05,7.56752666202e-05,0.000135134404679,0.0,0.0,0.000194593542738,3.78376333101e-05,0.0,0.0,5.40537618716e-06,2.16215047486e-05,5.40537618716e-06,5.40537618716e-06,3.24322571229e-05,0.0,1.08107523743e-05,1.08107523743e-05
Gen 185
float_yankdup,integer_swap,vector_float_conj,vector_float_conc,vector_float_occurrencesof,vector_float_replacefirst,vector_float_rest,vector_float_p,vector_float_s,vector_float_r,vector_float_first,integer_fromfloat,vector_float_last,vector_float_d,float_sw,exec_yankd,vector_float_n,exec_do*tim,exec_yankdup,exec_yank,integer_mu,vector_float_remove,vector_float_fir,exec_do*vector_float,float_p,float_r,vector_float_stackdep,vector_float_dup,vector_float_subvec,float_i,exec_do*range,integer_yankd,float_m,integer_rot,float_a,float_c,float_d,integer_stackdep,float_s,vector_float_occurrences,exec_stackdepth,vector_float_swap,vector_float_reverse,float_stackdepth,float_max,exec_do*vector_flo,float_min,vector_float_rot,float_rot,exec_shove,vector_float_pushall,float_stackdep,float_sub,vector_float_sho,integer_div,integer_mult,integer_min,float_shove,integer_flush,float_inc,in1,integer_yank,integer_fromflo,vector_float_yankdup,float_ya,vector_float_butla,integer_sw,float_pop,exec_d,float_yankd,integer_max,exec_dup,exec_k,float_frominteger,float_mult,exec_noop,exec_p,exec_r,exec_s,vector_float_butlast,integer_flu,exec_y,float_mod,integer_ya,integer_yankdup,exec_stackdep,exec_do*ran,vector_float_index,vector_float_pop,exec_do*cou,vector_float_ta,vector_float_flu,float_add,exec_do*times,integer_shove,float_tan,vector_float_la,vector_float_indexof,float_sho,float_frominteg,integer_dup,vector_float_stackdepth,exec_sho,vector_float_replace,exec_swap,vector_float_rever,autoconstructive_integer_ra,exec_sw,integer_add,exec_flush,float_flu,float_cos,exec_flu,integer_mod,float_div,vector_float_leng,integer_inc,vector_float_yank,exec_rot,vector_float_flush,float_dec,vector_float_set,integer_pop,vector_float_shove,exec_pop,vector_float_take,vector_float_concat,vector_float_pusha,vector_float_ya,vector_float_remo,float_sin,autoconstructive_integer_rand,vector_float_length,exec_do*count,integer_sub,float_mu,exec_no,vector_float_re,float_dup,integer_r,integer_sho,vector_float_yankd,integer_stackdepth,integer_dec,exec,vector_float_replacefir,vector_float_nth,float_swap,vector_float_co,exec_ya,float_yank,float_flush,float_t,integer_d,integer_a,integer_m,integer_i,vector_float_subv,integer_s,integer_p,vector_float_repla,vector_float_sw
0.000387094693039,0.000462363105575,3.76342062677e-05,1.07526303622e-05,9.67736732598e-05,0.000139784194709,4.30105214488e-05,0.0,0.0,5.91394669921e-05,7.52684125354e-05,0.000365589432315,0.000118278933984,5.91394669921e-05,5.3763151811e-06,5.3763151811e-06,0.0,1.61289455433e-05,0.000263439443874,0.000161289455433,0.0,8.60210428976e-05,0.0,0.000258063128693,0.0,1.61289455433e-05,0.0,0.000365589432315,0.000118278933984,1.61289455433e-05,0.000290321019779,1.61289455433e-05,0.000118278933984,5.3763151811e-05,0.0,0.0,8.60210428976e-05,1.61289455433e-05,3.76342062677e-05,0.0,0.000521502572567,0.000349460486772,4.83868366299e-05,0.000231181552787,0.00014516050989,5.3763151811e-06,0.00019354734652,0.000161289455433,0.000177418400976,5.3763151811e-06,0.000645157821732,3.76342062677e-05,0.000129031564346,4.30105214488e-05,0.000188171031339,0.000247310498331,0.000102149988441,0.000123655249165,9.67736732598e-05,0.000177418400976,0.000989241993323,0.000204299976882,5.3763151811e-06,0.000107526303622,5.3763151811e-06,1.07526303622e-05,1.07526303622e-05,5.3763151811e-06,0.0,1.61289455433e-05,0.000349460486772,0.000360213117134,0.000102149988441,0.000763436755716,0.000225805237606,7.52684125354e-05,5.3763151811e-06,5.3763151811e-06,5.3763151811e-06,0.000258063128693,4.83868366299e-05,7.52684125354e-05,0.000102149988441,9.67736732598e-05,0.000204299976882,0.000112902618803,5.3763151811e-06,0.0,1.61289455433e-05,2.15052607244e-05,0.0,2.15052607244e-05,5.3763151811e-06,0.000107526303622,9.13973580787e-05,2.68815759055e-05,0.0,3.22578910866e-05,0.0,1.07526303622e-05,2.15052607244e-05,0.00024193418315,0.0,0.000150536825071,0.000123655249165,0.0,5.3763151811e-06,3.76342062677e-05,5.3763151811e-05,0.0,0.0,1.61289455433e-05,0.0,0.000198923661701,0.00014516050989,3.76342062677e-05,0.000134407879528,0.000155913140252,0.000107526303622,0.000263439443874,0.000370965747496,0.000198923661701,8.06447277165e-05,9.67736732598e-05,8.60210428976e-05,3.76342062677e-05,0.000123655249165,5.91394669921e-05,5.3763151811e-06,5.3763151811e-06,6.45157821732e-05,0.000129031564346,0.000403223638583,0.000231181552787,0.000177418400976,0.0,0.0,5.3763151811e-06,0.000129031564346,0.0,5.3763151811e-06,1.07526303622e-05,0.000129031564346,0.000123655249165,4.30105214488e-05,0.0,4.30105214488e-05,0.000107526303622,5.3763151811e-06,1.07526303622e-05,0.000166665770614,4.83868366299e-05,0.0,5.3763151811e-06,5.3763151811e-06,2.68815759055e-05,1.61289455433e-05,5.3763151811e-06,2.68815759055e-05,0.0,0.0,2.15052607244e-05
Gen 186
float_yankdup,integer_swap,vector_float_conj,vector_float_conc,vector_float_occurrencesof,vector_float_replacefirst,vector_float_rest,vector_float_p,vector_float_s,vector_float_r,vector_float_first,integer_fromfloat,vector_float_last,vector_float_d,float_sw,exec_yankd,vector_float_n,exec_do*tim,exec_yankdup,exec_yank,integer_mu,vector_float_remove,vector_float_fir,exec_do*vector_float,float_p,float_r,vector_float_stackdep,vector_float_dup,vector_float_subvec,float_i,exec_do*range,integer_yankd,float_m,integer_rot,float_a,float_c,float_d,integer_stackdep,float_s,vector_float_occurrences,exec_stackdepth,vector_float_swap,vector_float_reverse,float_stackdepth,float_max,exec_do*vector_flo,float_min,vector_float_rot,float_rot,exec_shove,vector_float_pushall,float_stackdep,float_sub,vector_float_sho,integer_div,integer_mult,integer_min,float_shove,integer_flush,float_inc,in1,integer_yank,integer_fromflo,vector_float_yankdup,float_ya,vector_float_butla,integer_sw,float_pop,exec_d,float_yankd,integer_max,exec_dup,exec_k,float_frominteger,float_mult,exec_noop,exec_p,exec_r,exec_s,vector_float_butlast,integer_flu,exec_y,float_mod,integer_ya,integer_yankdup,exec_stackdep,exec_do*ran,vector_float_index,vector_float_pop,exec_do*cou,vector_float_ta,vector_float_flu,float_add,exec_do*times,integer_shove,float_tan,vector_float_la,vector_float_indexof,float_sho,float_frominteg,integer_dup,vector_float_stackdepth,exec_sho,vector_float_replace,exec_swap,vector_float_rever,autoconstructive_integer_ra,exec_sw,integer_add,exec_flush,float_flu,float_cos,exec_flu,integer_mod,float_div,vector_float_leng,integer_inc,vector_float_yank,exec_rot,vector_float_flush,float_dec,vector_float_set,integer_pop,vector_float_shove,exec_pop,vector_float_take,vector_float_concat,vector_float_pusha,vector_float_ya,vector_float_remo,float_sin,autoconstructive_integer_rand,vector_float_length,exec_do*count,integer_sub,float_mu,exec_no,vector_float_re,float_dup,integer_r,integer_sho,vector_float_yankd,integer_stackdepth,integer_dec,exec,vector_float_replacefir,vector_float_nth,float_swap,vector_float_co,exec_ya,float_yank,float_flush,float_t,integer_d,integer_a,integer_m,integer_i,vector_float_subv,integer_s,integer_p,vector_float_repla,vector_float_sw
0.000390372243999,0.000502671108711,5.88232148491e-05,5.34756498628e-06,0.000149731819616,0.000192512339506,6.95183448217e-05,5.34756498628e-06,0.0,3.7432954904e-05,6.95183448217e-05,0.000406414938958,0.000192512339506,7.4865909808e-05,0.0,1.06951299726e-05,0.0,1.06951299726e-05,0.00033154902915,0.000117646429698,1.60426949589e-05,9.09086047668e-05,0.0,0.000219250164438,0.0,1.06951299726e-05,5.34756498628e-06,0.00045989058882,0.000160426949589,5.34756498628e-06,0.000368981984054,1.60426949589e-05,6.41707798354e-05,8.02134747943e-05,0.0,0.0,8.55610397805e-05,0.0,5.88232148491e-05,1.06951299726e-05,0.000598927278464,0.00041711006893,0.000112298864712,0.000283420944273,0.000197859904492,5.34756498628e-06,0.000240640424383,0.000139036689643,0.000262030684328,2.13902599451e-05,0.000684488318244,1.60426949589e-05,0.000155079384602,4.27805198903e-05,0.000171122079561,0.000320853899177,0.000117646429698,0.000149731819616,0.000106951299726,0.000213902599451,0.00104812273731,0.000208555034465,5.34756498628e-06,0.000171122079561,5.34756498628e-06,3.20853899177e-05,1.60426949589e-05,2.67378249314e-05,1.06951299726e-05,2.13902599451e-05,0.000342244159122,0.00037432954904,0.000106951299726,0.000700531013203,0.000251335554355,8.02134747943e-05,1.60426949589e-05,1.06951299726e-05,0.0,0.000256683119342,4.27805198903e-05,8.02134747943e-05,0.000176469644547,5.88232148491e-05,0.000171122079561,0.000133689124657,1.60426949589e-05,0.0,2.13902599451e-05,4.81280848766e-05,0.0,0.0,5.34756498628e-06,0.000165774514575,8.02134747943e-05,2.13902599451e-05,5.34756498628e-06,2.67378249314e-05,5.34756498628e-06,1.60426949589e-05,3.20853899177e-05,0.000262030684328,0.0,0.000155079384602,0.000133689124657,0.0,0.0,1.60426949589e-05,9.09086047668e-05,0.0,0.0,1.06951299726e-05,0.0,0.000235292859396,0.000213902599451,5.34756498628e-05,0.000165774514575,0.000197859904492,0.000128341559671,0.000251335554355,0.000336896594136,0.000192512339506,5.88232148491e-05,0.000112298864712,0.000122993994685,8.02134747943e-05,0.000155079384602,6.41707798354e-05,5.34756498628e-06,5.34756498628e-06,0.000112298864712,0.00018716477452,0.000406414938958,0.000251335554355,0.000224597729424,0.0,5.34756498628e-06,0.0,0.000160426949589,5.34756498628e-06,4.27805198903e-05,1.06951299726e-05,0.000128341559671,0.000139036689643,8.55610397805e-05,5.34756498628e-06,4.27805198903e-05,0.00014438425463,1.06951299726e-05,0.0,0.000240640424383,5.88232148491e-05,5.34756498628e-06,2.67378249314e-05,0.0,1.06951299726e-05,1.60426949589e-05,1.06951299726e-05,2.67378249314e-05,1.06951299726e-05,1.06951299726e-05,2.13902599451e-05
Gen 187
float_yankdup,integer_swap,vector_float_conj,vector_float_conc,vector_float_occurrencesof,vector_float_replacefirst,vector_float_rest,vector_float_p,vector_float_s,vector_float_r,vector_float_first,integer_fromfloat,vector_float_last,vector_float_d,float_sw,exec_yankd,vector_float_n,exec_do*tim,exec_yankdup,exec_yank,integer_mu,vector_float_remove,vector_float_fir,exec_do*vector_float,float_p,float_r,vector_float_stackdep,vector_float_dup,vector_float_subvec,float_i,exec_do*range,integer_yankd,float_m,integer_rot,float_a,float_c,float_d,integer_stackdep,float_s,vector_float_occurrences,exec_stackdepth,vector_float_swap,vector_float_reverse,float_stackdepth,float_max,exec_do*vector_flo,float_min,vector_float_rot,float_rot,exec_shove,vector_float_pushall,float_stackdep,float_sub,vector_float_sho,integer_div,integer_mult,integer_min,float_shove,integer_flush,float_inc,in1,integer_yank,integer_fromflo,vector_float_yankdup,float_ya,vector_float_butla,integer_sw,float_pop,exec_d,float_yankd,integer_max,exec_dup,exec_k,float_frominteger,float_mult,exec_noop,exec_p,exec_r,exec_s,vector_float_butlast,integer_flu,exec_y,float_mod,integer_ya,integer_yankdup,exec_stackdep,exec_do*ran,vector_float_index,vector_float_pop,exec_do*cou,vector_float_ta,vector_float_flu,float_add,exec_do*times,integer_shove,float_tan,vector_float_la,vector_float_indexof,float_sho,float_frominteg,integer_dup,vector_float_stackdepth,exec_sho,vector_float_replace,exec_swap,vector_float_rever,autoconstructive_integer_ra,exec_sw,integer_add,exec_flush,float_flu,float_cos,exec_flu,integer_mod,float_div,vector_float_leng,integer_inc,vector_float_yank,exec_rot,vector_float_flush,float_dec,vector_float_set,integer_pop,vector_float_shove,exec_pop,vector_float_take,vector_float_concat,vector_float_pusha,vector_float_ya,vector_float_remo,float_sin,autoconstructive_integer_rand,vector_float_length,exec_do*count,integer_sub,float_mu,exec_no,vector_float_re,float_dup,integer_r,integer_sho,vector_float_yankd,integer_stackdepth,integer_dec,exec,vector_float_replacefir,vector_float_nth,float_swap,vector_float_co,exec_ya,float_yank,float_flush,float_t,integer_d,integer_a,integer_m,integer_i,vector_float_subv,integer_s,integer_p,vector_float_repla,vector_float_sw
0.000324466359221,0.000382976686294,2.65956032149e-05,5.31912064298e-06,0.000101063292217,0.000148935378003,3.72338445008e-05,5.31912064298e-06,0.0,4.25529651438e-05,4.25529651438e-05,0.000297870756007,0.000117020654145,6.38294477157e-05,0.0,0.0,0.0,5.31912064298e-06,0.000292551635364,0.000138297136717,5.31912064298e-06,7.44676890017e-05,5.31912064298e-06,0.000154254498646,5.31912064298e-06,5.31912064298e-06,1.0638241286e-05,0.000356381083079,0.00014361625736,0.0,0.000271275152792,3.19147238579e-05,7.44676890017e-05,3.72338445008e-05,0.0,0.0,9.57441715736e-05,0.0,3.19147238579e-05,1.0638241286e-05,0.000452125254653,0.000265956032149,4.78720857868e-05,0.000202126584433,0.000159573619289,0.0,0.000132978016074,0.000101063292217,0.000170211860575,1.59573619289e-05,0.000611698873942,4.78720857868e-05,0.000164892739932,2.12764825719e-05,0.000117020654145,0.00024999867022,0.00014361625736,7.97868096446e-05,8.51059302876e-05,0.000218083946362,0.00103722852538,0.000132978016074,0.0,8.51059302876e-05,1.0638241286e-05,1.59573619289e-05,5.31912064298e-06,5.31912064298e-06,1.0638241286e-05,1.0638241286e-05,0.000287232514721,0.00034042372115,6.38294477157e-05,0.000664890080372,0.000218083946362,0.00010638241286,0.0,5.31912064298e-06,0.0,0.000170211860575,2.12764825719e-05,4.25529651438e-05,0.000111701533502,9.57441715736e-05,0.000170211860575,0.000111701533502,1.59573619289e-05,5.31912064298e-06,3.72338445008e-05,1.59573619289e-05,0.0,5.31912064298e-06,1.0638241286e-05,9.04250509306e-05,5.85103270727e-05,3.72338445008e-05,5.31912064298e-06,1.0638241286e-05,0.0,4.78720857868e-05,1.0638241286e-05,0.000223403067005,0.0,0.000111701533502,0.000101063292217,0.0,0.0,5.31912064298e-05,5.85103270727e-05,0.0,5.31912064298e-06,1.0638241286e-05,0.0,0.000186169222504,0.00019680746379,3.72338445008e-05,9.04250509306e-05,0.000164892739932,6.38294477157e-05,0.000260636911506,0.00034042372115,0.000164892739932,0.000101063292217,0.000117020654145,5.85103270727e-05,3.72338445008e-05,0.000175530981218,7.44676890017e-05,0.0,0.0,9.57441715736e-05,0.000127658895431,0.00044680613401,0.000191488343147,9.04250509306e-05,1.0638241286e-05,0.0,2.12764825719e-05,0.000132978016074,0.0,1.59573619289e-05,5.31912064298e-06,0.000117020654145,0.000101063292217,3.19147238579e-05,5.31912064298e-06,4.78720857868e-05,0.000138297136717,1.0638241286e-05,0.0,0.000180850101861,3.72338445008e-05,0.0,4.25529651438e-05,0.0,4.25529651438e-05,5.31912064298e-06,5.31912064298e-06,2.65956032149e-05,5.31912064298e-06,3.72338445008e-05,2.65956032149e-05
Gen 188
float_yankdup,integer_swap,vector_float_conj,vector_float_conc,vector_float_occurrencesof,vector_float_replacefirst,vector_float_rest,vector_float_p,vector_float_s,vector_float_r,vector_float_first,integer_fromfloat,vector_float_last,vector_float_d,float_sw,exec_yankd,vector_float_n,exec_do*tim,exec_yankdup,exec_yank,integer_mu,vector_float_remove,vector_float_fir,exec_do*vector_float,float_p,float_r,vector_float_stackdep,vector_float_dup,vector_float_subvec,float_i,exec_do*range,integer_yankd,float_m,integer_rot,float_a,float_c,float_d,integer_stackdep,float_s,vector_float_occurrences,exec_stackdepth,vector_float_swap,vector_float_reverse,float_stackdepth,float_max,exec_do*vector_flo,float_min,vector_float_rot,float_rot,exec_shove,vector_float_pushall,float_stackdep,float_sub,vector_float_sho,integer_div,integer_mult,integer_min,float_shove,integer_flush,float_inc,in1,integer_yank,integer_fromflo,vector_float_yankdup,float_ya,vector_float_butla,integer_sw,float_pop,exec_d,float_yankd,integer_max,exec_dup,exec_k,float_frominteger,float_mult,exec_noop,exec_p,exec_r,exec_s,vector_float_butlast,integer_flu,exec_y,float_mod,integer_ya,integer_yankdup,exec_stackdep,exec_do*ran,vector_float_index,vector_float_pop,exec_do*cou,vector_float_ta,vector_float_flu,float_add,exec_do*times,integer_shove,float_tan,vector_float_la,vector_float_indexof,float_sho,float_frominteg,integer_dup,vector_float_stackdepth,exec_sho,vector_float_replace,exec_swap,vector_float_rever,autoconstructive_integer_ra,exec_sw,integer_add,exec_flush,float_flu,float_cos,exec_flu,integer_mod,float_div,vector_float_leng,integer_inc,vector_float_yank,exec_rot,vector_float_flush,float_dec,vector_float_set,integer_pop,vector_float_shove,exec_pop,vector_float_take,vector_float_concat,vector_float_pusha,vector_float_ya,vector_float_remo,float_sin,autoconstructive_integer_rand,vector_float_length,exec_do*count,integer_sub,float_mu,exec_no,vector_float_re,float_dup,integer_r,integer_sho,vector_float_yankd,integer_stackdepth,integer_dec,exec,vector_float_replacefir,vector_float_nth,float_swap,vector_float_co,exec_ya,float_yank,float_flush,float_t,integer_d,integer_a,integer_m,integer_i,vector_float_subv,integer_s,integer_p,vector_float_repla,vector_float_sw
0.00035449547886,0.000391532319935,0.0,0.0,6.87827048534e-05,0.00013227443241,5.29097729642e-05,0.0,5.29097729642e-06,6.87827048534e-05,4.23278183713e-05,0.000333331569674,0.000121692477818,0.000100528568632,0.0,0.0,0.0,5.29097729642e-06,0.000232803001042,0.000137565409707,0.0,0.000116401500521,1.58729318892e-05,0.000158729318892,0.0,5.29097729642e-06,1.58729318892e-05,0.00041269622912,0.000111110523225,1.05819545928e-05,0.000322749615081,2.64548864821e-05,7.40736821498e-05,2.11639091857e-05,5.29097729642e-06,0.0,0.000116401500521,5.29097729642e-06,3.70368410749e-05,1.58729318892e-05,0.00048676991127,0.000359786456156,5.82007502606e-05,0.000185184205375,0.000121692477818,5.29097729642e-06,0.000153438341596,0.000116401500521,0.000116401500521,1.05819545928e-05,0.000650790207459,5.29097729642e-05,0.000116401500521,2.11639091857e-05,0.000153438341596,0.00028042179671,0.000126983455114,0.0001481473643,7.93646594462e-05,0.000164020296189,0.000984121777133,0.000179893228078,5.29097729642e-06,0.000105819545928,5.29097729642e-06,4.23278183713e-05,1.05819545928e-05,5.29097729642e-06,1.58729318892e-05,5.29097729642e-06,0.000343913524267,0.000391532319935,9.52375913355e-05,0.000693118025831,0.000164020296189,6.87827048534e-05,5.29097729642e-06,5.29097729642e-06,1.05819545928e-05,0.000222221046449,4.76187956677e-05,5.29097729642e-05,0.000126983455114,6.87827048534e-05,0.000185184205375,0.000121692477818,5.29097729642e-06,0.0,5.29097729642e-05,5.29097729642e-06,0.0,5.29097729642e-06,1.05819545928e-05,8.46556367427e-05,5.29097729642e-05,2.11639091857e-05,0.0,2.11639091857e-05,0.0,3.17458637785e-05,5.29097729642e-06,0.000291003751303,0.0,0.000137565409707,7.93646594462e-05,0.0,0.0,5.82007502606e-05,6.3491727557e-05,0.0,0.0,5.29097729642e-06,0.0,0.000195766159967,0.000222221046449,5.29097729642e-06,0.000116401500521,0.000137565409707,8.46556367427e-05,0.000296294728599,0.000322749615081,0.000216930069153,6.87827048534e-05,8.99466140391e-05,3.70368410749e-05,5.29097729642e-05,0.000137565409707,7.40736821498e-05,0.0,1.05819545928e-05,5.82007502606e-05,0.000100528568632,0.000423278183713,0.000269839842117,0.000105819545928,1.05819545928e-05,0.0,5.29097729642e-06,0.000179893228078,0.0,2.64548864821e-05,0.0,0.000137565409707,6.3491727557e-05,2.64548864821e-05,0.0,8.99466140391e-05,9.52375913355e-05,0.0,0.0,0.000164020296189,4.76187956677e-05,5.29097729642e-06,2.64548864821e-05,0.0,2.11639091857e-05,5.29097729642e-06,0.0,3.17458637785e-05,0.0,2.11639091857e-05,2.11639091857e-05
Gen 189
float_yankdup,integer_swap,vector_float_conj,vector_float_conc,vector_float_occurrencesof,vector_float_replacefirst,vector_float_rest,vector_float_p,vector_float_s,vector_float_r,vector_float_first,integer_fromfloat,vector_float_last,vector_float_d,float_sw,exec_yankd,vector_float_n,exec_do*tim,exec_yankdup,exec_yank,integer_mu,vector_float_remove,vector_float_fir,exec_do*vector_float,float_p,float_r,vector_float_stackdep,vector_float_dup,vector_float_subvec,float_i,exec_do*range,integer_yankd,float_m,integer_rot,float_a,float_c,float_d,integer_stackdep,float_s,vector_float_occurrences,exec_stackdepth,vector_float_swap,vector_float_reverse,float_stackdepth,float_max,exec_do*vector_flo,float_min,vector_float_rot,float_rot,exec_shove,vector_float_pushall,float_stackdep,float_sub,vector_float_sho,integer_div,integer_mult,integer_min,float_shove,integer_flush,float_inc,in1,integer_yank,integer_fromflo,vector_float_yankdup,float_ya,vector_float_butla,integer_sw,float_pop,exec_d,float_yankd,integer_max,exec_dup,exec_k,float_frominteger,float_mult,exec_noop,exec_p,exec_r,exec_s,vector_float_butlast,integer_flu,exec_y,float_mod,integer_ya,integer_yankdup,exec_stackdep,exec_do*ran,vector_float_index,vector_float_pop,exec_do*cou,vector_float_ta,vector_float_flu,float_add,exec_do*times,integer_shove,float_tan,vector_float_la,vector_float_indexof,float_sho,float_frominteg,integer_dup,vector_float_stackdepth,exec_sho,vector_float_replace,exec_swap,vector_float_rever,autoconstructive_integer_ra,exec_sw,integer_add,exec_flush,float_flu,float_cos,exec_flu,integer_mod,float_div,vector_float_leng,integer_inc,vector_float_yank,exec_rot,vector_float_flush,float_dec,vector_float_set,integer_pop,vector_float_shove,exec_pop,vector_float_take,vector_float_concat,vector_float_pusha,vector_float_ya,vector_float_remo,float_sin,autoconstructive_integer_rand,vector_float_length,exec_do*count,integer_sub,float_mu,exec_no,vector_float_re,float_dup,integer_r,integer_sho,vector_float_yankd,integer_stackdepth,integer_dec,exec,vector_float_replacefir,vector_float_nth,float_swap,vector_float_co,exec_ya,float_yank,float_flush,float_t,integer_d,integer_a,integer_m,integer_i,vector_float_subv,integer_s,integer_p,vector_float_repla,vector_float_sw
0.000394734764554,0.000373682243778,4.73681717465e-05,0.0,7.89469529108e-05,0.000199998947374,5.78944321346e-05,0.0,5.26313019405e-06,4.21050415524e-05,4.21050415524e-05,0.000347366592807,0.00016842016621,0.000157893905822,0.0,0.0,0.0,0.0,0.000299998421061,0.000152630775627,1.05262603881e-05,0.000163157036016,5.26313019405e-06,0.000242103988926,0.0,0.0,1.57893905822e-05,0.000473681717465,0.000142104515239,0.0,0.00036315598339,2.63156509703e-05,0.000121051994463,2.63156509703e-05,0.0,0.0,9.47363434929e-05,1.05262603881e-05,6.31575623286e-05,5.26313019405e-06,0.000542102409987,0.000336840332419,1.57893905822e-05,0.000226314598344,0.00022105146815,4.21050415524e-05,0.000136841385045,0.000184209556792,0.000157893905822,5.26313019405e-06,0.000689470055421,3.15787811643e-05,0.000178946426598,2.10525207762e-05,0.000178946426598,0.000394734764554,0.000121051994463,0.000142104515239,8.94732132989e-05,0.00022105146815,0.00103157351803,0.000184209556792,1.57893905822e-05,0.000126315124657,5.26313019405e-06,5.26313019405e-05,2.10525207762e-05,5.26313019405e-06,1.05262603881e-05,0.0,0.000373682243778,0.00041578728533,5.78944321346e-05,0.000673680664839,0.000215788337956,0.000152630775627,5.26313019405e-06,0.0,5.26313019405e-06,0.000215788337956,2.63156509703e-05,6.84206925227e-05,0.000173683296404,5.78944321346e-05,0.000184209556792,7.36838227167e-05,1.57893905822e-05,5.26313019405e-06,5.26313019405e-05,0.0,5.26313019405e-06,5.26313019405e-06,2.10525207762e-05,6.84206925227e-05,0.000115788864269,2.63156509703e-05,0.0,4.73681717465e-05,0.0,6.84206925227e-05,3.15787811643e-05,0.000294735290867,0.0,0.000142104515239,8.42100831048e-05,5.26313019405e-06,1.05262603881e-05,3.68419113584e-05,9.47363434929e-05,0.0,0.0,3.15787811643e-05,0.0,0.000257893379509,0.000268419639897,1.05262603881e-05,0.000147367645433,0.000126315124657,0.000136841385045,0.000368419113584,0.000336840332419,0.000215788337956,7.36838227167e-05,0.000136841385045,7.89469529108e-05,7.36838227167e-05,0.000205262077568,6.31575623286e-05,5.26313019405e-06,1.05262603881e-05,9.9999473687e-05,9.47363434929e-05,0.000463155457077,0.000321050941837,0.000126315124657,1.57893905822e-05,5.26313019405e-06,4.21050415524e-05,0.000157893905822,0.0,5.26313019405e-06,1.57893905822e-05,9.9999473687e-05,0.000163157036016,5.78944321346e-05,5.26313019405e-06,8.42100831048e-05,0.000126315124657,0.0,5.26313019405e-06,0.00019473581718,2.10525207762e-05,0.0,2.63156509703e-05,1.05262603881e-05,2.10525207762e-05,1.57893905822e-05,5.26313019405e-06,2.63156509703e-05,0.0,6.31575623286e-05,2.63156509703e-05
Gen 190
float_yankdup,integer_swap,vector_float_conj,vector_float_conc,vector_float_occurrencesof,vector_float_replacefirst,vector_float_rest,vector_float_p,vector_float_s,vector_float_r,vector_float_first,integer_fromfloat,vector_float_last,vector_float_d,float_sw,exec_yankd,vector_float_n,exec_do*tim,exec_yankdup,exec_yank,integer_mu,vector_float_remove,vector_float_fir,exec_do*vector_float,float_p,float_r,vector_float_stackdep,vector_float_dup,vector_float_subvec,float_i,exec_do*range,integer_yankd,float_m,integer_rot,float_a,float_c,float_d,integer_stackdep,float_s,vector_float_occurrences,exec_stackdepth,vector_float_swap,vector_float_reverse,float_stackdepth,float_max,exec_do*vector_flo,float_min,vector_float_rot,float_rot,exec_shove,vector_float_pushall,float_stackdep,float_sub,vector_float_sho,integer_div,integer_mult,integer_min,float_shove,integer_flush,float_inc,in1,integer_yank,integer_fromflo,vector_float_yankdup,float_ya,vector_float_butla,integer_sw,float_pop,exec_d,float_yankd,integer_max,exec_dup,exec_k,float_frominteger,float_mult,exec_noop,exec_p,exec_r,exec_s,vector_float_butlast,integer_flu,exec_y,float_mod,integer_ya,integer_yankdup,exec_stackdep,exec_do*ran,vector_float_index,vector_float_pop,exec_do*cou,vector_float_ta,vector_float_flu,float_add,exec_do*times,integer_shove,float_tan,vector_float_la,vector_float_indexof,float_sho,float_frominteg,integer_dup,vector_float_stackdepth,exec_sho,vector_float_replace,exec_swap,vector_float_rever,autoconstructive_integer_ra,exec_sw,integer_add,exec_flush,float_flu,float_cos,exec_flu,integer_mod,float_div,vector_float_leng,integer_inc,vector_float_yank,exec_rot,vector_float_flush,float_dec,vector_float_set,integer_pop,vector_float_shove,exec_pop,vector_float_take,vector_float_concat,vector_float_pusha,vector_float_ya,vector_float_remo,float_sin,autoconstructive_integer_rand,vector_float_length,exec_do*count,integer_sub,float_mu,exec_no,vector_float_re,float_dup,integer_r,integer_sho,vector_float_yankd,integer_stackdepth,integer_dec,exec,vector_float_replacefir,vector_float_nth,float_swap,vector_float_co,exec_ya,float_yank,float_flush,float_t,integer_d,integer_a,integer_m,integer_i,vector_float_subv,integer_s,integer_p,vector_float_repla,vector_float_sw
0.000350783503751,0.000335076779703,3.14134480971e-05,5.23557468286e-06,0.000130889367071,0.000209422987314,0.000120418217706,0.0,0.0,2.61778734143e-05,4.71201721457e-05,0.000314134480971,0.000125653792389,8.90047696085e-05,1.57067240486e-05,1.57067240486e-05,5.23557468286e-06,0.0,0.000261778734143,0.000141360516437,4.18845974628e-05,0.000136124941754,5.23557468286e-06,0.000188480688583,0.0,2.09422987314e-05,1.57067240486e-05,0.000455494997408,0.000193716263266,1.04711493657e-05,0.000424081549311,5.23557468286e-06,0.000125653792389,3.664902278e-05,0.0,0.0,9.42403442914e-05,0.0,3.14134480971e-05,1.04711493657e-05,0.000502615169554,0.000382196951848,1.57067240486e-05,0.000251307584777,0.000115182643023,2.09422987314e-05,0.000151831665803,0.000130889367071,0.000225129711363,1.57067240486e-05,0.000722509306234,5.75913215114e-05,0.000125653792389,2.61778734143e-05,0.000167538389851,0.000350783503751,0.000125653792389,0.000125653792389,6.80624708771e-05,0.000193716263266,0.00112041298213,0.000172773964534,1.04711493657e-05,0.000188480688583,5.23557468286e-06,5.23557468286e-05,1.04711493657e-05,0.0,0.0,2.61778734143e-05,0.000356019078434,0.000424081549311,7.329804556e-05,0.000717273731551,0.000204187412631,7.85336202428e-05,0.0,0.0,5.23557468286e-06,0.000240836435411,3.14134480971e-05,5.23557468286e-05,0.00014659609112,6.80624708771e-05,0.000162302815169,0.000104711493657,4.71201721457e-05,0.0,4.18845974628e-05,0.0,1.57067240486e-05,1.57067240486e-05,2.61778734143e-05,0.000115182643023,7.329804556e-05,2.09422987314e-05,0.0,4.18845974628e-05,5.23557468286e-06,4.18845974628e-05,3.14134480971e-05,0.000282721032874,0.0,0.000120418217706,5.23557468286e-05,2.09422987314e-05,0.0,0.00010994706834,0.00014659609112,0.0,5.23557468286e-06,3.664902278e-05,0.0,0.000230365286046,0.000251307584777,3.14134480971e-05,0.000193716263266,0.000130889367071,0.000104711493657,0.000392668101214,0.000340312354386,0.000204187412631,0.000120418217706,0.000115182643023,5.23557468286e-05,8.37691949257e-05,0.000162302815169,7.85336202428e-05,5.23557468286e-06,0.0,7.85336202428e-05,9.42403442914e-05,0.000445023848043,0.000303663331606,0.000151831665803,5.23557468286e-06,5.23557468286e-06,2.09422987314e-05,0.000225129711363,0.0,0.0,1.04711493657e-05,0.000115182643023,0.000115182643023,2.61778734143e-05,5.23557468286e-06,9.42403442914e-05,0.000120418217706,5.23557468286e-06,0.0,0.000188480688583,5.23557468286e-05,5.23557468286e-06,2.09422987314e-05,5.23557468286e-06,4.18845974628e-05,0.0,5.23557468286e-06,3.664902278e-05,0.0,1.04711493657e-05,2.61778734143e-05
Gen 191
float_yankdup,integer_swap,vector_float_conj,vector_float_conc,vector_float_occurrencesof,vector_float_replacefirst,vector_float_rest,vector_float_p,vector_float_s,vector_float_r,vector_float_first,integer_fromfloat,vector_float_last,vector_float_d,float_sw,exec_yankd,vector_float_n,exec_do*tim,exec_yankdup,exec_yank,integer_mu,vector_float_remove,vector_float_fir,exec_do*vector_float,float_p,float_r,vector_float_stackdep,vector_float_dup,vector_float_subvec,float_i,exec_do*range,integer_yankd,float_m,integer_rot,float_a,float_c,float_d,integer_stackdep,float_s,vector_float_occurrences,exec_stackdepth,vector_float_swap,vector_float_reverse,float_stackdepth,float_max,exec_do*vector_flo,float_min,vector_float_rot,float_rot,exec_shove,vector_float_pushall,float_stackdep,float_sub,vector_float_sho,integer_div,integer_mult,integer_min,float_shove,integer_flush,float_inc,in1,integer_yank,integer_fromflo,vector_float_yankdup,float_ya,vector_float_butla,integer_sw,float_pop,exec_d,float_yankd,integer_max,exec_dup,exec_k,float_frominteger,float_mult,exec_noop,exec_p,exec_r,exec_s,vector_float_butlast,integer_flu,exec_y,float_mod,integer_ya,integer_yankdup,exec_stackdep,exec_do*ran,vector_float_index,vector_float_pop,exec_do*cou,vector_float_ta,vector_float_flu,float_add,exec_do*times,integer_shove,float_tan,vector_float_la,vector_float_indexof,float_sho,float_frominteg,integer_dup,vector_float_stackdepth,exec_sho,vector_float_replace,exec_swap,vector_float_rever,autoconstructive_integer_ra,exec_sw,integer_add,exec_flush,float_flu,float_cos,exec_flu,integer_mod,float_div,vector_float_leng,integer_inc,vector_float_yank,exec_rot,vector_float_flush,float_dec,vector_float_set,integer_pop,vector_float_shove,exec_pop,vector_float_take,vector_float_concat,vector_float_pusha,vector_float_ya,vector_float_remo,float_sin,autoconstructive_integer_rand,vector_float_length,exec_do*count,integer_sub,float_mu,exec_no,vector_float_re,float_dup,integer_r,integer_sho,vector_float_yankd,integer_stackdepth,integer_dec,exec,vector_float_replacefir,vector_float_nth,float_swap,vector_float_co,exec_ya,float_yank,float_flush,float_t,integer_d,integer_a,integer_m,integer_i,vector_float_subv,integer_s,integer_p,vector_float_repla,vector_float_sw
0.000437497721366,0.000411456190332,1.56249186202e-05,1.56249186202e-05,7.81245931011e-05,0.000145832573789,7.81245931011e-05,5.20830620674e-06,5.20830620674e-06,3.12498372404e-05,4.68747558606e-05,0.000281248535164,8.85412055146e-05,8.85412055146e-05,5.20830620674e-06,1.04166124135e-05,5.20830620674e-06,5.20830620674e-06,0.00022395716689,0.000182290717236,3.64581434472e-05,9.8957817928e-05,5.20830620674e-06,0.000203123942063,0.0,1.04166124135e-05,5.20830620674e-06,0.000442706027573,0.000124999348962,2.60415310337e-05,0.000286456841371,1.04166124135e-05,7.81245931011e-05,4.68747558606e-05,0.0,5.20830620674e-06,0.000130207655168,0.0,3.64581434472e-05,1.04166124135e-05,0.000526038926881,0.000291665147577,3.64581434472e-05,0.000177082411029,0.000145832573789,2.0833224827e-05,0.000171874104822,0.000145832573789,0.000182290717236,2.0833224827e-05,0.000614580132395,1.04166124135e-05,0.000130207655168,1.56249186202e-05,0.000171874104822,0.000281248535164,0.000166665798616,0.000104166124135,6.24996744809e-05,0.000229165473096,0.0010052030979,0.000166665798616,1.04166124135e-05,0.000109374430342,1.04166124135e-05,2.60415310337e-05,1.56249186202e-05,0.0,1.04166124135e-05,1.04166124135e-05,0.000364581434472,0.000432289415159,5.72913682741e-05,0.000671871500669,0.000296873453784,0.000130207655168,5.20830620674e-06,5.20830620674e-06,1.56249186202e-05,0.000229165473096,4.16664496539e-05,5.72913682741e-05,0.000145832573789,0.000109374430342,0.000156249186202,9.8957817928e-05,1.04166124135e-05,0.0,5.72913682741e-05,0.0,5.20830620674e-06,1.04166124135e-05,3.12498372404e-05,9.37495117213e-05,6.77079806876e-05,5.72913682741e-05,1.04166124135e-05,4.68747558606e-05,0.0,3.12498372404e-05,3.64581434472e-05,0.000312498372404,0.0,8.85412055146e-05,6.24996744809e-05,1.04166124135e-05,0.0,5.72913682741e-05,0.000104166124135,0.0,0.0,1.04166124135e-05,0.0,0.000229165473096,0.000213540554476,1.56249186202e-05,0.000156249186202,0.000135415961375,9.37495117213e-05,0.00023958208551,0.000302081759991,0.000229165473096,7.29162868943e-05,0.000140624267582,5.20830620674e-05,5.72913682741e-05,0.000135415961375,5.20830620674e-05,1.56249186202e-05,5.20830620674e-06,7.81245931011e-05,0.000119791042755,0.000489580783433,0.000229165473096,0.000104166124135,1.56249186202e-05,5.20830620674e-06,2.0833224827e-05,0.000187499023443,0.0,5.20830620674e-06,5.20830620674e-06,0.000187499023443,9.37495117213e-05,5.20830620674e-05,0.0,6.77079806876e-05,0.000119791042755,0.0,5.20830620674e-06,0.000249998697923,2.60415310337e-05,1.04166124135e-05,2.0833224827e-05,0.0,4.16664496539e-05,5.20830620674e-06,0.0,1.56249186202e-05,0.0,2.60415310337e-05,3.64581434472e-05
Gen 192
float_yankdup,integer_swap,vector_float_conj,vector_float_conc,vector_float_occurrencesof,vector_float_replacefirst,vector_float_rest,vector_float_p,vector_float_s,vector_float_r,vector_float_first,integer_fromfloat,vector_float_last,vector_float_d,float_sw,exec_yankd,vector_float_n,exec_do*tim,exec_yankdup,exec_yank,integer_mu,vector_float_remove,vector_float_fir,exec_do*vector_float,float_p,float_r,vector_float_stackdep,vector_float_dup,vector_float_subvec,float_i,exec_do*range,integer_yankd,float_m,integer_rot,float_a,float_c,float_d,integer_stackdep,float_s,vector_float_occurrences,exec_stackdepth,vector_float_swap,vector_float_reverse,float_stackdepth,float_max,exec_do*vector_flo,float_min,vector_float_rot,float_rot,exec_shove,vector_float_pushall,float_stackdep,float_sub,vector_float_sho,integer_div,integer_mult,integer_min,float_shove,integer_flush,float_inc,in1,integer_yank,integer_fromflo,vector_float_yankdup,float_ya,vector_float_butla,integer_sw,float_pop,exec_d,float_yankd,integer_max,exec_dup,exec_k,float_frominteger,float_mult,exec_noop,exec_p,exec_r,exec_s,vector_float_butlast,integer_flu,exec_y,float_mod,integer_ya,integer_yankdup,exec_stackdep,exec_do*ran,vector_float_index,vector_float_pop,exec_do*cou,vector_float_ta,vector_float_flu,float_add,exec_do*times,integer_shove,float_tan,vector_float_la,vector_float_indexof,float_sho,float_frominteg,integer_dup,vector_float_stackdepth,exec_sho,vector_float_replace,exec_swap,vector_float_rever,autoconstructive_integer_ra,exec_sw,integer_add,exec_flush,float_flu,float_cos,exec_flu,integer_mod,float_div,vector_float_leng,integer_inc,vector_float_yank,exec_rot,vector_float_flush,float_dec,vector_float_set,integer_pop,vector_float_shove,exec_pop,vector_float_take,vector_float_concat,vector_float_pusha,vector_float_ya,vector_float_remo,float_sin,autoconstructive_integer_rand,vector_float_length,exec_do*count,integer_sub,float_mu,exec_no,vector_float_re,float_dup,integer_r,integer_sho,vector_float_yankd,integer_stackdepth,integer_dec,exec,vector_float_replacefir,vector_float_nth,float_swap,vector_float_co,exec_ya,float_yank,float_flush,float_t,integer_d,integer_a,integer_m,integer_i,vector_float_subv,integer_s,integer_p,vector_float_repla,vector_float_sw
0.00048704410858,0.000445593546147,3.10879218242e-05,0.0,9.84450857768e-05,0.000145076968513,7.77198045606e-05,0.0,5.18132030404e-06,4.14505624323e-05,5.69945233444e-05,0.00029533525733,4.14505624323e-05,7.77198045606e-05,0.0,1.03626406081e-05,5.18132030404e-06,5.18132030404e-06,0.000233159413682,0.000165802249729,3.62692421283e-05,0.000145076968513,0.0,0.000233159413682,0.0,1.03626406081e-05,1.55439609121e-05,0.000544038631924,0.000139895648209,1.03626406081e-05,0.000326423179155,1.55439609121e-05,6.73571639525e-05,4.14505624323e-05,0.0,1.55439609121e-05,0.000160620929425,1.03626406081e-05,5.18132030404e-05,1.03626406081e-05,0.000559582592836,0.000279791296418,1.55439609121e-05,0.000279791296418,0.000108807726385,5.18132030404e-06,0.000150258288817,0.000119170366993,0.000227978093378,1.55439609121e-05,0.000647665038005,5.18132030404e-06,0.000108807726385,1.55439609121e-05,0.000165802249729,0.000248703374594,0.000186527530945,0.000134714327905,5.18132030404e-05,0.000191708851249,0.00108289594354,0.000248703374594,5.18132030404e-06,0.00021761545277,1.55439609121e-05,6.21758436485e-05,4.66318827364e-05,1.03626406081e-05,1.03626406081e-05,1.55439609121e-05,0.000435230905539,0.00053885731162,9.84450857768e-05,0.000683934280133,0.000305697897938,0.000160620929425,5.18132030404e-06,3.10879218242e-05,1.55439609121e-05,0.000253884694898,3.10879218242e-05,7.25384842566e-05,0.000113989046689,9.32637654727e-05,0.000181346210641,9.32637654727e-05,3.10879218242e-05,0.0,7.25384842566e-05,0.0,5.18132030404e-06,1.03626406081e-05,1.55439609121e-05,0.000103626406081,8.80824451687e-05,3.10879218242e-05,0.0,1.55439609121e-05,1.03626406081e-05,3.10879218242e-05,3.10879218242e-05,0.000279791296418,1.03626406081e-05,0.000108807726385,0.000108807726385,0.0,0.0,6.21758436485e-05,0.000103626406081,0.0,0.0,0.0,0.0,0.000191708851249,0.000259066015202,1.55439609121e-05,0.000145076968513,0.000103626406081,7.77198045606e-05,0.000367873741587,0.000341967140067,0.000253884694898,6.21758436485e-05,0.000176164890337,7.25384842566e-05,8.29011248646e-05,9.84450857768e-05,5.69945233444e-05,2.07252812162e-05,0.0,9.32637654727e-05,0.000103626406081,0.000497406749188,0.000279791296418,0.000145076968513,5.18132030404e-06,0.0,2.59066015202e-05,0.000139895648209,0.0,0.0,1.55439609121e-05,0.000227978093378,0.000139895648209,4.14505624323e-05,5.18132030404e-06,0.000113989046689,0.000113989046689,0.0,5.18132030404e-06,0.000253884694898,2.07252812162e-05,1.55439609121e-05,2.07252812162e-05,1.03626406081e-05,2.59066015202e-05,5.18132030404e-06,0.0,1.03626406081e-05,0.0,3.10879218242e-05,2.59066015202e-05
Gen 193
float_yankdup,integer_swap,vector_float_conj,vector_float_conc,vector_float_occurrencesof,vector_float_replacefirst,vector_float_rest,vector_float_p,vector_float_s,vector_float_r,vector_float_first,integer_fromfloat,vector_float_last,vector_float_d,float_sw,exec_yankd,vector_float_n,exec_do*tim,exec_yankdup,exec_yank,integer_mu,vector_float_remove,vector_float_fir,exec_do*vector_float,float_p,float_r,vector_float_stackdep,vector_float_dup,vector_float_subvec,float_i,exec_do*range,integer_yankd,float_m,integer_rot,float_a,float_c,float_d,integer_stackdep,float_s,vector_float_occurrences,exec_stackdepth,vector_float_swap,vector_float_reverse,float_stackdepth,float_max,exec_do*vector_flo,float_min,vector_float_rot,float_rot,exec_shove,vector_float_pushall,float_stackdep,float_sub,vector_float_sho,integer_div,integer_mult,integer_min,float_shove,integer_flush,float_inc,in1,integer_yank,integer_fromflo,vector_float_yankdup,float_ya,vector_float_butla,integer_sw,float_pop,exec_d,float_yankd,integer_max,exec_dup,exec_k,float_frominteger,float_mult,exec_noop,exec_p,exec_r,exec_s,vector_float_butlast,integer_flu,exec_y,float_mod,integer_ya,integer_yankdup,exec_stackdep,exec_do*ran,vector_float_index,vector_float_pop,exec_do*cou,vector_float_ta,vector_float_flu,float_add,exec_do*times,integer_shove,float_tan,vector_float_la,vector_float_indexof,float_sho,float_frominteg,integer_dup,vector_float_stackdepth,exec_sho,vector_float_replace,exec_swap,vector_float_rever,autoconstructive_integer_ra,exec_sw,integer_add,exec_flush,float_flu,float_cos,exec_flu,integer_mod,float_div,vector_float_leng,integer_inc,vector_float_yank,exec_rot,vector_float_flush,float_dec,vector_float_set,integer_pop,vector_float_shove,exec_pop,vector_float_take,vector_float_concat,vector_float_pusha,vector_float_ya,vector_float_remo,float_sin,autoconstructive_integer_rand,vector_float_length,exec_do*count,integer_sub,float_mu,exec_no,vector_float_re,float_dup,integer_r,integer_sho,vector_float_yankd,integer_stackdepth,integer_dec,exec,vector_float_replacefir,vector_float_nth,float_swap,vector_float_co,exec_ya,float_yank,float_flush,float_t,integer_d,integer_a,integer_m,integer_i,vector_float_subv,integer_s,integer_p,vector_float_repla,vector_float_sw
0.000489688197484,0.000417523621012,4.12369008407e-05,5.15461260509e-06,0.000113401477312,0.000154638378153,0.000103092252102,0.0,1.03092252102e-05,3.60822882356e-05,2.06184504204e-05,0.00028350369328,5.15461260509e-05,8.24738016814e-05,0.0,1.03092252102e-05,1.03092252102e-05,1.03092252102e-05,0.000237112179834,0.000185566053783,4.63915134458e-05,0.000139174540337,0.0,0.000252576017649,0.0,1.54638378153e-05,5.15461260509e-06,0.000505152035299,0.000159792990758,1.03092252102e-05,0.000252576017649,5.15461260509e-06,5.15461260509e-05,6.70099638662e-05,0.0,3.09276756305e-05,0.000108246864707,5.15461260509e-06,4.63915134458e-05,5.15461260509e-06,0.000572161999165,0.00027319446807,3.09276756305e-05,0.000242266792439,9.27830268916e-05,1.54638378153e-05,0.000134019927732,0.000123710702522,0.000175256828573,1.54638378153e-05,0.000649481188241,1.03092252102e-05,0.000108246864707,0.0,0.000159792990758,0.000180411441178,0.000170102215968,0.000123710702522,7.73191890763e-05,0.000139174540337,0.000953603331942,0.000195875278993,5.15461260509e-06,0.000170102215968,5.15461260509e-06,3.60822882356e-05,2.57730630254e-05,1.03092252102e-05,1.03092252102e-05,4.12369008407e-05,0.000463915134458,0.000427832846222,5.15461260509e-05,0.000680408863872,0.00029381291849,0.000149483765548,0.0,1.03092252102e-05,3.09276756305e-05,0.00027319446807,5.15461260509e-05,6.70099638662e-05,0.000134019927732,0.000123710702522,0.000154638378153,9.79376394967e-05,5.15461260509e-05,5.15461260509e-06,9.27830268916e-05,0.0,1.03092252102e-05,1.54638378153e-05,2.06184504204e-05,8.24738016814e-05,5.15461260509e-05,4.12369008407e-05,0.0,3.60822882356e-05,0.0,1.54638378153e-05,6.70099638662e-05,0.000278349080675,0.0,0.000154638378153,6.70099638662e-05,0.0,5.15461260509e-06,5.15461260509e-05,5.15461260509e-05,5.15461260509e-06,0.0,5.15461260509e-06,5.15461260509e-06,0.000247421405044,0.000180411441178,2.57730630254e-05,5.6700738656e-05,0.000113401477312,6.70099638662e-05,0.000298967531095,0.00028350369328,0.00027319446807,4.63915134458e-05,0.000118556089917,4.63915134458e-05,6.70099638662e-05,5.6700738656e-05,2.06184504204e-05,4.63915134458e-05,1.03092252102e-05,0.000113401477312,0.000118556089917,0.000427832846222,0.0003041221437,0.000159792990758,2.57730630254e-05,0.0,0.0,0.000108246864707,0.0,5.15461260509e-06,5.15461260509e-06,0.000226802954624,6.70099638662e-05,2.06184504204e-05,0.0,0.000103092252102,0.000123710702522,0.0,5.15461260509e-06,0.000206184504204,3.60822882356e-05,1.03092252102e-05,1.03092252102e-05,0.0,5.15461260509e-06,5.15461260509e-06,5.15461260509e-06,3.09276756305e-05,0.0,1.54638378153e-05,6.70099638662e-05
Gen 194
float_yankdup,integer_swap,vector_float_conj,vector_float_conc,vector_float_occurrencesof,vector_float_replacefirst,vector_float_rest,vector_float_p,vector_float_s,vector_float_r,vector_float_first,integer_fromfloat,vector_float_last,vector_float_d,float_sw,exec_yankd,vector_float_n,exec_do*tim,exec_yankdup,exec_yank,integer_mu,vector_float_remove,vector_float_fir,exec_do*vector_float,float_p,float_r,vector_float_stackdep,vector_float_dup,vector_float_subvec,float_i,exec_do*range,integer_yankd,float_m,integer_rot,float_a,float_c,float_d,integer_stackdep,float_s,vector_float_occurrences,exec_stackdepth,vector_float_swap,vector_float_reverse,float_stackdepth,float_max,exec_do*vector_flo,float_min,vector_float_rot,float_rot,exec_shove,vector_float_pushall,float_stackdep,float_sub,vector_float_sho,integer_div,integer_mult,integer_min,float_shove,integer_flush,float_inc,in1,integer_yank,integer_fromflo,vector_float_yankdup,float_ya,vector_float_butla,integer_sw,float_pop,exec_d,float_yankd,integer_max,exec_dup,exec_k,float_frominteger,float_mult,exec_noop,exec_p,exec_r,exec_s,vector_float_butlast,integer_flu,exec_y,float_mod,integer_ya,integer_yankdup,exec_stackdep,exec_do*ran,vector_float_index,vector_float_pop,exec_do*cou,vector_float_ta,vector_float_flu,float_add,exec_do*times,integer_shove,float_tan,vector_float_la,vector_float_indexof,float_sho,float_frominteg,integer_dup,vector_float_stackdepth,exec_sho,vector_float_replace,exec_swap,vector_float_rever,autoconstructive_integer_ra,exec_sw,integer_add,exec_flush,float_flu,float_cos,exec_flu,integer_mod,float_div,vector_float_leng,integer_inc,vector_float_yank,exec_rot,vector_float_flush,float_dec,vector_float_set,integer_pop,vector_float_shove,exec_pop,vector_float_take,vector_float_concat,vector_float_pusha,vector_float_ya,vector_float_remo,float_sin,autoconstructive_integer_rand,vector_float_length,exec_do*count,integer_sub,float_mu,exec_no,vector_float_re,float_dup,integer_r,integer_sho,vector_float_yankd,integer_stackdepth,integer_dec,exec,vector_float_replacefir,vector_float_nth,float_swap,vector_float_co,exec_ya,float_yank,float_flush,float_t,integer_d,integer_a,integer_m,integer_i,vector_float_subv,integer_s,integer_p,vector_float_repla,vector_float_sw
0.000456407915857,0.000369228875749,2.05127153194e-05,1.02563576597e-05,0.000235896226173,0.000123076291916,0.000158973543725,0.0,5.12817882985e-06,3.5897251809e-05,5.12817882985e-05,0.000266665299152,7.17945036179e-05,0.000102563576597,5.12817882985e-06,1.02563576597e-05,5.12817882985e-06,2.05127153194e-05,0.000302562550961,0.000164101722555,5.12817882985e-05,0.000169229901385,5.12817882985e-06,0.000251280762663,5.12817882985e-06,1.02563576597e-05,1.02563576597e-05,0.000471792452346,9.74353977672e-05,0.0,0.000282049835642,5.12817882985e-06,6.15381459582e-05,8.71790401075e-05,0.0,4.10254306388e-05,6.15381459582e-05,0.0,3.5897251809e-05,5.12817882985e-06,0.000625637817242,0.00033333162394,5.12817882985e-05,0.000307690729791,0.000215383510854,1.53845364896e-05,0.000164101722555,0.000184614437875,0.000133332649576,2.05127153194e-05,0.00067691960554,5.12817882985e-06,0.000184614437875,1.02563576597e-05,0.000210255332024,0.000246152583833,0.000199998974364,0.000153845364896,0.000123076291916,0.000230768047343,0.00103589212363,0.000210255332024,5.12817882985e-06,0.000174358080215,1.02563576597e-05,3.5897251809e-05,4.61536094687e-05,5.12817882985e-06,1.02563576597e-05,2.05127153194e-05,0.000538458777134,0.000415382485218,6.66663247881e-05,0.000646150532561,0.000292306193302,0.000225639868513,0.0,2.05127153194e-05,4.61536094687e-05,0.000256408941493,6.66663247881e-05,7.69226824478e-05,0.000210255332024,9.23072189373e-05,0.000179486259045,0.000133332649576,2.56408941493e-05,0.0,0.000143589007236,5.12817882985e-06,5.12817882985e-06,5.12817882985e-06,3.5897251809e-05,8.71790401075e-05,9.74353977672e-05,4.10254306388e-05,5.12817882985e-06,4.61536094687e-05,0.0,2.56408941493e-05,6.66663247881e-05,0.000302562550961,0.0,0.000153845364896,8.71790401075e-05,5.12817882985e-06,5.12817882985e-06,2.56408941493e-05,0.000133332649576,0.0,0.0,1.53845364896e-05,0.0,0.000302562550961,0.000246152583833,4.10254306388e-05,0.000117948113087,8.71790401075e-05,7.69226824478e-05,0.000328203445111,0.000323075266281,0.000276921656812,8.71790401075e-05,0.000184614437875,5.12817882985e-05,5.12817882985e-05,0.000153845364896,3.5897251809e-05,3.5897251809e-05,1.02563576597e-05,0.000164101722555,0.000164101722555,0.000512817882985,0.000256408941493,0.000215383510854,5.12817882985e-06,0.0,1.53845364896e-05,0.000184614437875,0.0,1.02563576597e-05,1.53845364896e-05,0.000261537120322,0.000102563576597,4.10254306388e-05,0.0,0.000107691755427,0.000189742616705,5.12817882985e-06,1.02563576597e-05,0.000164101722555,5.12817882985e-05,0.0,1.53845364896e-05,0.0,2.56408941493e-05,5.12817882985e-06,0.0,2.56408941493e-05,0.0,5.64099671284e-05,1.53845364896e-05
Gen 195
float_yankdup,integer_swap,vector_float_conj,vector_float_conc,vector_float_occurrencesof,vector_float_replacefirst,vector_float_rest,vector_float_p,vector_float_s,vector_float_r,vector_float_first,integer_fromfloat,vector_float_last,vector_float_d,float_sw,exec_yankd,vector_float_n,exec_do*tim,exec_yankdup,exec_yank,integer_mu,vector_float_remove,vector_float_fir,exec_do*vector_float,float_p,float_r,vector_float_stackdep,vector_float_dup,vector_float_subvec,float_i,exec_do*range,integer_yankd,float_m,integer_rot,float_a,float_c,float_d,integer_stackdep,float_s,vector_float_occurrences,exec_stackdepth,vector_float_swap,vector_float_reverse,float_stackdepth,float_max,exec_do*vector_flo,float_min,vector_float_rot,float_rot,exec_shove,vector_float_pushall,float_stackdep,float_sub,vector_float_sho,integer_div,integer_mult,integer_min,float_shove,integer_flush,float_inc,in1,integer_yank,integer_fromflo,vector_float_yankdup,float_ya,vector_float_butla,integer_sw,float_pop,exec_d,float_yankd,integer_max,exec_dup,exec_k,float_frominteger,float_mult,exec_noop,exec_p,exec_r,exec_s,vector_float_butlast,integer_flu,exec_y,float_mod,integer_ya,integer_yankdup,exec_stackdep,exec_do*ran,vector_float_index,vector_float_pop,exec_do*cou,vector_float_ta,vector_float_flu,float_add,exec_do*times,integer_shove,float_tan,vector_float_la,vector_float_indexof,float_sho,float_frominteg,integer_dup,vector_float_stackdepth,exec_sho,vector_float_replace,exec_swap,vector_float_rever,autoconstructive_integer_ra,exec_sw,integer_add,exec_flush,float_flu,float_cos,exec_flu,integer_mod,float_div,vector_float_leng,integer_inc,vector_float_yank,exec_rot,vector_float_flush,float_dec,vector_float_set,integer_pop,vector_float_shove,exec_pop,vector_float_take,vector_float_concat,vector_float_pusha,vector_float_ya,vector_float_remo,float_sin,autoconstructive_integer_rand,vector_float_length,exec_do*count,integer_sub,float_mu,exec_no,vector_float_re,float_dup,integer_r,integer_sho,vector_float_yankd,integer_stackdepth,integer_dec,exec,vector_float_replacefir,vector_float_nth,float_swap,vector_float_co,exec_ya,float_yank,float_flush,float_t,integer_d,integer_a,integer_m,integer_i,vector_float_subv,integer_s,integer_p,vector_float_repla,vector_float_sw
0.000413263197637,0.00036224304978,1.53060443569e-05,0.0,0.000107142310498,0.000132652384427,9.18362661415e-05,1.02040295713e-05,1.02040295713e-05,1.53060443569e-05,5.6122162642e-05,0.000270406783639,5.6122162642e-05,7.65302217846e-05,1.02040295713e-05,1.53060443569e-05,5.10201478564e-06,1.02040295713e-05,0.000188774547069,0.000173468502712,4.08161182851e-05,0.000102040295713,0.0,0.000193876561854,0.0,2.04080591426e-05,1.02040295713e-05,0.000403059168065,0.000142856413998,0.0,0.000239794694925,1.02040295713e-05,3.57141034995e-05,6.63261922133e-05,5.10201478564e-06,0.0,4.59181330707e-05,1.53060443569e-05,2.04080591426e-05,5.10201478564e-06,0.000489793419421,0.000285712827996,2.04080591426e-05,0.000204080591426,0.000142856413998,0.0,0.000112244325284,0.000127550369641,0.000173468502712,1.53060443569e-05,0.000551017596849,1.53060443569e-05,0.000132652384427,1.02040295713e-05,0.000142856413998,0.000193876561854,0.000173468502712,0.000107142310498,8.16322365702e-05,0.000173468502712,0.000836730424845,0.00016326447314,1.02040295713e-05,0.00016326447314,5.10201478564e-06,4.08161182851e-05,5.6122162642e-05,5.10201478564e-06,5.10201478564e-06,2.55100739282e-05,0.000387753123709,0.000346937005423,8.67342513559e-05,0.000647955877776,0.000224488650568,0.000142856413998,0.0,0.0,1.02040295713e-05,0.000214284620997,3.06120887138e-05,4.59181330707e-05,0.000153060443569,0.00011734634007,0.000158162458355,0.000112244325284,2.55100739282e-05,0.0,6.12241774277e-05,0.0,0.0,0.0,3.57141034995e-05,0.000107142310498,7.65302217846e-05,6.12241774277e-05,0.0,3.06120887138e-05,0.0,3.57141034995e-05,5.10201478564e-05,0.000219386635782,0.0,0.000112244325284,7.65302217846e-05,2.55100739282e-05,5.10201478564e-06,4.59181330707e-05,5.6122162642e-05,5.10201478564e-06,0.0,0.0,0.0,0.000168366487926,0.000153060443569,3.57141034995e-05,0.000102040295713,0.000112244325284,7.14282069989e-05,0.000306120887138,0.000270406783639,0.000229590665354,6.12241774277e-05,0.00011734634007,2.55100739282e-05,5.10201478564e-05,7.14282069989e-05,2.55100739282e-05,5.10201478564e-06,5.10201478564e-06,0.000132652384427,0.000122448354855,0.000377549094137,0.000188774547069,0.000127550369641,1.53060443569e-05,1.02040295713e-05,5.10201478564e-06,0.000204080591426,1.53060443569e-05,5.10201478564e-06,1.02040295713e-05,0.000204080591426,7.14282069989e-05,3.06120887138e-05,5.10201478564e-06,0.000102040295713,0.00011734634007,5.10201478564e-06,0.0,0.000214284620997,4.59181330707e-05,0.0,2.04080591426e-05,5.10201478564e-06,4.08161182851e-05,1.02040295713e-05,0.0,2.04080591426e-05,5.10201478564e-06,1.53060443569e-05,4.08161182851e-05
Gen 196
float_yankdup,integer_swap,vector_float_conj,vector_float_conc,vector_float_occurrencesof,vector_float_replacefirst,vector_float_rest,vector_float_p,vector_float_s,vector_float_r,vector_float_first,integer_fromfloat,vector_float_last,vector_float_d,float_sw,exec_yankd,vector_float_n,exec_do*tim,exec_yankdup,exec_yank,integer_mu,vector_float_remove,vector_float_fir,exec_do*vector_float,float_p,float_r,vector_float_stackdep,vector_float_dup,vector_float_subvec,float_i,exec_do*range,integer_yankd,float_m,integer_rot,float_a,float_c,float_d,integer_stackdep,float_s,vector_float_occurrences,exec_stackdepth,vector_float_swap,vector_float_reverse,float_stackdepth,float_max,exec_do*vector_flo,float_min,vector_float_rot,float_rot,exec_shove,vector_float_pushall,float_stackdep,float_sub,vector_float_sho,integer_div,integer_mult,integer_min,float_shove,integer_flush,float_inc,in1,integer_yank,integer_fromflo,vector_float_yankdup,float_ya,vector_float_butla,integer_sw,float_pop,exec_d,float_yankd,integer_max,exec_dup,exec_k,float_frominteger,float_mult,exec_noop,exec_p,exec_r,exec_s,vector_float_butlast,integer_flu,exec_y,float_mod,integer_ya,integer_yankdup,exec_stackdep,exec_do*ran,vector_float_index,vector_float_pop,exec_do*cou,vector_float_ta,vector_float_flu,float_add,exec_do*times,integer_shove,float_tan,vector_float_la,vector_float_indexof,float_sho,float_frominteg,integer_dup,vector_float_stackdepth,exec_sho,vector_float_replace,exec_swap,vector_float_rever,autoconstructive_integer_ra,exec_sw,integer_add,exec_flush,float_flu,float_cos,exec_flu,integer_mod,float_div,vector_float_leng,integer_inc,vector_float_yank,exec_rot,vector_float_flush,float_dec,vector_float_set,integer_pop,vector_float_shove,exec_pop,vector_float_take,vector_float_concat,vector_float_pusha,vector_float_ya,vector_float_remo,float_sin,autoconstructive_integer_rand,vector_float_length,exec_do*count,integer_sub,float_mu,exec_no,vector_float_re,float_dup,integer_r,integer_sho,vector_float_yankd,integer_stackdepth,integer_dec,exec,vector_float_replacefir,vector_float_nth,float_swap,vector_float_co,exec_ya,float_yank,float_flush,float_t,integer_d,integer_a,integer_m,integer_i,vector_float_subv,integer_s,integer_p,vector_float_repla,vector_float_sw
0.000350252029178,0.000243653585515,3.55328145542e-05,1.01522327298e-05,0.000106598443663,0.000116750676393,0.000152283490947,2.53805818245e-05,1.01522327298e-05,1.01522327298e-05,2.03044654596e-05,0.000345175912813,8.62939782032e-05,9.64462109329e-05,1.01522327298e-05,1.01522327298e-05,0.0,0.0,0.000203044654596,0.000142131258217,7.10656291085e-05,8.12178618383e-05,0.0,0.00021827300369,0.0,5.07611636489e-06,0.0,0.000340099796448,0.000137055141852,5.07611636489e-06,0.00022842523642,0.0,3.04566981893e-05,6.09133963787e-05,0.0,0.0,4.06089309191e-05,1.52283490947e-05,3.55328145542e-05,5.07611636489e-06,0.00045685047284,0.000340099796448,3.04566981893e-05,0.00021827300369,0.000157359607312,0.0,0.000167511840041,0.000137055141852,0.000233501352785,5.07611636489e-06,0.000634514545611,3.04566981893e-05,0.000147207374582,0.0,0.000182740189136,0.000197968538231,0.000137055141852,0.000116750676393,0.000137055141852,0.000142131258217,0.000817254734748,0.000172587956406,1.52283490947e-05,0.000162435723677,5.07611636489e-06,3.04566981893e-05,6.59895127436e-05,0.0,2.03044654596e-05,5.07611636489e-06,0.000365480378272,0.000304566981893,8.12178618383e-05,0.000604057847422,0.000131979025487,0.000162435723677,0.0,0.0,2.53805818245e-05,0.000172587956406,4.06089309191e-05,8.12178618383e-05,0.000152283490947,6.09133963787e-05,0.000126902909122,0.000172587956406,1.52283490947e-05,0.0,4.5685047284e-05,0.0,5.07611636489e-06,0.0,2.03044654596e-05,8.62939782032e-05,0.000101522327298,5.58372800138e-05,1.01522327298e-05,8.12178618383e-05,1.52283490947e-05,6.59895127436e-05,2.03044654596e-05,0.00021827300369,0.0,0.000167511840041,6.09133963787e-05,2.53805818245e-05,5.07611636489e-06,4.5685047284e-05,3.04566981893e-05,0.0,0.0,1.01522327298e-05,0.0,0.000197968538231,0.000177664072771,3.55328145542e-05,0.000106598443663,8.62939782032e-05,7.10656291085e-05,0.000319795330988,0.000263958050974,0.000187816305501,4.06089309191e-05,0.000121826792757,5.07611636489e-05,6.09133963787e-05,0.000147207374582,1.52283490947e-05,0.0,0.0,0.000106598443663,0.000142131258217,0.000335023680083,0.000182740189136,0.000142131258217,5.07611636489e-06,0.0,0.0,0.000162435723677,0.0,0.0,1.52283490947e-05,0.000177664072771,8.12178618383e-05,1.52283490947e-05,5.07611636489e-06,0.000111674560028,9.1370094568e-05,0.0,0.0,0.000197968538231,3.04566981893e-05,1.01522327298e-05,5.07611636489e-06,1.01522327298e-05,3.04566981893e-05,5.07611636489e-06,1.52283490947e-05,4.06089309191e-05,0.0,3.04566981893e-05,5.07611636489e-05
Gen 197
float_yankdup,integer_swap,vector_float_conj,vector_float_conc,vector_float_occurrencesof,vector_float_replacefirst,vector_float_rest,vector_float_p,vector_float_s,vector_float_r,vector_float_first,integer_fromfloat,vector_float_last,vector_float_d,float_sw,exec_yankd,vector_float_n,exec_do*tim,exec_yankdup,exec_yank,integer_mu,vector_float_remove,vector_float_fir,exec_do*vector_float,float_p,float_r,vector_float_stackdep,vector_float_dup,vector_float_subvec,float_i,exec_do*range,integer_yankd,float_m,integer_rot,float_a,float_c,float_d,integer_stackdep,float_s,vector_float_occurrences,exec_stackdepth,vector_float_swap,vector_float_reverse,float_stackdepth,float_max,exec_do*vector_flo,float_min,vector_float_rot,float_rot,exec_shove,vector_float_pushall,float_stackdep,float_sub,vector_float_sho,integer_div,integer_mult,integer_min,float_shove,integer_flush,float_inc,in1,integer_yank,integer_fromflo,vector_float_yankdup,float_ya,vector_float_butla,integer_sw,float_pop,exec_d,float_yankd,integer_max,exec_dup,exec_k,float_frominteger,float_mult,exec_noop,exec_p,exec_r,exec_s,vector_float_butlast,integer_flu,exec_y,float_mod,integer_ya,integer_yankdup,exec_stackdep,exec_do*ran,vector_float_index,vector_float_pop,exec_do*cou,vector_float_ta,vector_float_flu,float_add,exec_do*times,integer_shove,float_tan,vector_float_la,vector_float_indexof,float_sho,float_frominteg,integer_dup,vector_float_stackdepth,exec_sho,vector_float_replace,exec_swap,vector_float_rever,autoconstructive_integer_ra,exec_sw,integer_add,exec_flush,float_flu,float_cos,exec_flu,integer_mod,float_div,vector_float_leng,integer_inc,vector_float_yank,exec_rot,vector_float_flush,float_dec,vector_float_set,integer_pop,vector_float_shove,exec_pop,vector_float_take,vector_float_concat,vector_float_pusha,vector_float_ya,vector_float_remo,float_sin,autoconstructive_integer_rand,vector_float_length,exec_do*count,integer_sub,float_mu,exec_no,vector_float_re,float_dup,integer_r,integer_sho,vector_float_yankd,integer_stackdepth,integer_dec,exec,vector_float_replacefir,vector_float_nth,float_swap,vector_float_co,exec_ya,float_yank,float_flush,float_t,integer_d,integer_a,integer_m,integer_i,vector_float_subv,integer_s,integer_p,vector_float_repla,vector_float_sw
0.000338382129383,0.000262624936238,2.02019181721e-05,5.05047954303e-06,9.09086317746e-05,0.000121211509033,9.09086317746e-05,1.01009590861e-05,4.54543158873e-05,1.01009590861e-05,1.51514386291e-05,0.00023232205898,9.09086317746e-05,0.000136362947662,5.05047954303e-06,1.01009590861e-05,0.0,5.05047954303e-06,0.000186867743092,0.000141413427205,3.03028772582e-05,7.07067136025e-05,0.0,0.000222221099893,0.0,2.02019181721e-05,1.01009590861e-05,0.000328281170297,0.000186867743092,5.05047954303e-06,0.000176766784006,5.05047954303e-06,3.53533568012e-05,5.55552749734e-05,5.05047954303e-06,0.0,3.03028772582e-05,5.05047954303e-06,2.52523977152e-05,1.51514386291e-05,0.000424240281615,0.000272725895324,3.53533568012e-05,0.000181817263549,0.000131312468119,1.51514386291e-05,0.000111110549947,0.000131312468119,0.00021717062035,1.01009590861e-05,0.000626259463336,1.51514386291e-05,0.000101009590861,1.01009590861e-05,0.000106060070404,0.000176766784006,0.000156564865834,9.09086317746e-05,9.59591113176e-05,0.000106060070404,0.000787874808713,0.000126261988576,1.01009590861e-05,0.000141413427205,5.05047954303e-06,1.01009590861e-05,1.51514386291e-05,5.05047954303e-06,2.52523977152e-05,1.01009590861e-05,0.000378785965727,0.000297978293039,3.03028772582e-05,0.000606057545164,0.000156564865834,9.09086317746e-05,0.0,0.0,1.51514386291e-05,0.000131312468119,4.04038363443e-05,5.05047954303e-05,0.00011616102949,6.06057545164e-05,0.000111110549947,8.08076726885e-05,3.53533568012e-05,5.05047954303e-06,7.07067136025e-05,5.05047954303e-06,1.01009590861e-05,2.52523977152e-05,3.03028772582e-05,9.09086317746e-05,9.09086317746e-05,4.54543158873e-05,1.51514386291e-05,2.02019181721e-05,5.05047954303e-06,5.05047954303e-05,3.03028772582e-05,0.000227271579436,1.01009590861e-05,9.09086317746e-05,4.54543158873e-05,4.54543158873e-05,0.0,9.09086317746e-05,3.53533568012e-05,0.0,0.0,5.05047954303e-06,0.0,0.000191918222635,0.000222221099893,1.01009590861e-05,5.55552749734e-05,9.59591113176e-05,8.08076726885e-05,0.000292927813496,0.000287877333953,0.000181817263549,5.05047954303e-05,9.59591113176e-05,1.51514386291e-05,5.55552749734e-05,8.58581522316e-05,1.51514386291e-05,0.0,5.05047954303e-06,0.000136362947662,0.000141413427205,0.000318180211211,0.00016666582492,0.000141413427205,0.0,1.01009590861e-05,5.05047954303e-06,9.09086317746e-05,5.05047954303e-06,5.05047954303e-06,5.05047954303e-06,0.000161615345377,7.07067136025e-05,4.04038363443e-05,0.0,7.57571931455e-05,0.000121211509033,0.0,5.05047954303e-06,0.000191918222635,3.53533568012e-05,5.05047954303e-06,1.51514386291e-05,5.05047954303e-06,5.05047954303e-05,5.05047954303e-06,1.51514386291e-05,2.02019181721e-05,0.0,1.01009590861e-05,3.03028772582e-05
Gen 198
float_yankdup,integer_swap,vector_float_conj,vector_float_conc,vector_float_occurrencesof,vector_float_replacefirst,vector_float_rest,vector_float_p,vector_float_s,vector_float_r,vector_float_first,integer_fromfloat,vector_float_last,vector_float_d,float_sw,exec_yankd,vector_float_n,exec_do*tim,exec_yankdup,exec_yank,integer_mu,vector_float_remove,vector_float_fir,exec_do*vector_float,float_p,float_r,vector_float_stackdep,vector_float_dup,vector_float_subvec,float_i,exec_do*range,integer_yankd,float_m,integer_rot,float_a,float_c,float_d,integer_stackdep,float_s,vector_float_occurrences,exec_stackdepth,vector_float_swap,vector_float_reverse,float_stackdepth,float_max,exec_do*vector_flo,float_min,vector_float_rot,float_rot,exec_shove,vector_float_pushall,float_stackdep,float_sub,vector_float_sho,integer_div,integer_mult,integer_min,float_shove,integer_flush,float_inc,in1,integer_yank,integer_fromflo,vector_float_yankdup,float_ya,vector_float_butla,integer_sw,float_pop,exec_d,float_yankd,integer_max,exec_dup,exec_k,float_frominteger,float_mult,exec_noop,exec_p,exec_r,exec_s,vector_float_butlast,integer_flu,exec_y,float_mod,integer_ya,integer_yankdup,exec_stackdep,exec_do*ran,vector_float_index,vector_float_pop,exec_do*cou,vector_float_ta,vector_float_flu,float_add,exec_do*times,integer_shove,float_tan,vector_float_la,vector_float_indexof,float_sho,float_frominteg,integer_dup,vector_float_stackdepth,exec_sho,vector_float_replace,exec_swap,vector_float_rever,autoconstructive_integer_ra,exec_sw,integer_add,exec_flush,float_flu,float_cos,exec_flu,integer_mod,float_div,vector_float_leng,integer_inc,vector_float_yank,exec_rot,vector_float_flush,float_dec,vector_float_set,integer_pop,vector_float_shove,exec_pop,vector_float_take,vector_float_concat,vector_float_pusha,vector_float_ya,vector_float_remo,float_sin,autoconstructive_integer_rand,vector_float_length,exec_do*count,integer_sub,float_mu,exec_no,vector_float_re,float_dup,integer_r,integer_sho,vector_float_yankd,integer_stackdepth,integer_dec,exec,vector_float_replacefir,vector_float_nth,float_swap,vector_float_co,exec_ya,float_yank,float_flush,float_t,integer_d,integer_a,integer_m,integer_i,vector_float_subv,integer_s,integer_p,vector_float_repla,vector_float_sw
0.000432158632369,0.000286430721454,3.01506022583e-05,2.01004015055e-05,0.000140702810539,6.03012045166e-05,0.000115577308657,2.01004015055e-05,2.01004015055e-05,1.50753011291e-05,2.51255018819e-05,0.000231154617313,0.000155778111668,7.53765056457e-05,5.02510037638e-06,1.00502007528e-05,5.02510037638e-06,1.00502007528e-05,0.000211054215808,0.000226129516937,4.0200803011e-05,8.04016060221e-05,5.02510037638e-06,0.000221104416561,0.0,1.00502007528e-05,5.02510037638e-06,0.000437183732745,0.000135677710162,1.00502007528e-05,0.000266330319948,1.00502007528e-05,4.0200803011e-05,3.51757026347e-05,0.0,0.0,6.03012045166e-05,5.02510037638e-06,1.00502007528e-05,5.02510037638e-06,0.000547735941025,0.000296480922206,8.54267063985e-05,0.00023617971769,0.000115577308657,2.01004015055e-05,0.000170853412797,0.000155778111668,0.000266330319948,5.02510037638e-06,0.000658288149306,4.0200803011e-05,0.000175878513173,1.50753011291e-05,0.000140702810539,0.000221104416561,0.00018090361355,0.000130652609786,5.02510037638e-05,0.00012562750941,0.000834166662479,0.000160803212044,0.0,0.000201004015055,1.00502007528e-05,3.51757026347e-05,1.50753011291e-05,0.0,1.00502007528e-05,1.00502007528e-05,0.00041708333124,0.000336681725217,6.03012045166e-05,0.000597986944789,0.000185928713926,0.000185928713926,0.0,1.50753011291e-05,2.51255018819e-05,0.000160803212044,3.01506022583e-05,5.52761041402e-05,0.000130652609786,8.04016060221e-05,0.000120602409033,0.00011055220828,2.01004015055e-05,5.02510037638e-06,7.03514052693e-05,1.00502007528e-05,5.02510037638e-06,8.04016060221e-05,3.51757026347e-05,0.000170853412797,7.03514052693e-05,7.53765056457e-05,1.00502007528e-05,6.53263048929e-05,0.0,4.0200803011e-05,2.01004015055e-05,0.000261305219572,0.0,8.54267063985e-05,2.51255018819e-05,2.01004015055e-05,5.02510037638e-06,5.52761041402e-05,4.52259033874e-05,5.02510037638e-06,0.0,2.01004015055e-05,0.0,0.000296480922206,0.000206029115432,1.50753011291e-05,0.000190953814302,0.000115577308657,0.000130652609786,0.000286430721454,0.000241204818066,0.000256280119195,4.52259033874e-05,0.000175878513173,3.51757026347e-05,7.03514052693e-05,0.000145727910915,1.00502007528e-05,5.02510037638e-06,0.0,0.000160803212044,0.00018090361355,0.000371857427852,0.000160803212044,0.000135677710162,1.00502007528e-05,0.0,0.0,0.000185928713926,0.0,0.0,0.0,0.000261305219572,7.53765056457e-05,7.03514052693e-05,5.02510037638e-06,0.000140702810539,0.00012562750941,0.0,5.02510037638e-06,0.000195978914679,2.51255018819e-05,1.00502007528e-05,1.50753011291e-05,0.0,5.02510037638e-05,1.00502007528e-05,5.02510037638e-06,1.50753011291e-05,5.02510037638e-06,1.00502007528e-05,2.01004015055e-05
Gen 199
float_yankdup,integer_swap,vector_float_conj,vector_float_conc,vector_float_occurrencesof,vector_float_replacefirst,vector_float_rest,vector_float_p,vector_float_s,vector_float_r,vector_float_first,integer_fromfloat,vector_float_last,vector_float_d,float_sw,exec_yankd,vector_float_n,exec_do*tim,exec_yankdup,exec_yank,integer_mu,vector_float_remove,vector_float_fir,exec_do*vector_float,float_p,float_r,vector_float_stackdep,vector_float_dup,vector_float_subvec,float_i,exec_do*range,integer_yankd,float_m,integer_rot,float_a,float_c,float_d,integer_stackdep,float_s,vector_float_occurrences,exec_stackdepth,vector_float_swap,vector_float_reverse,float_stackdepth,float_max,exec_do*vector_flo,float_min,vector_float_rot,float_rot,exec_shove,vector_float_pushall,float_stackdep,float_sub,vector_float_sho,integer_div,integer_mult,integer_min,float_shove,integer_flush,float_inc,in1,integer_yank,integer_fromflo,vector_float_yankdup,float_ya,vector_float_butla,integer_sw,float_pop,exec_d,float_yankd,integer_max,exec_dup,exec_k,float_frominteger,float_mult,exec_noop,exec_p,exec_r,exec_s,vector_float_butlast,integer_flu,exec_y,float_mod,integer_ya,integer_yankdup,exec_stackdep,exec_do*ran,vector_float_index,vector_float_pop,exec_do*cou,vector_float_ta,vector_float_flu,float_add,exec_do*times,integer_shove,float_tan,vector_float_la,vector_float_indexof,float_sho,float_frominteg,integer_dup,vector_float_stackdepth,exec_sho,vector_float_replace,exec_swap,vector_float_rever,autoconstructive_integer_ra,exec_sw,integer_add,exec_flush,float_flu,float_cos,exec_flu,integer_mod,float_div,vector_float_leng,integer_inc,vector_float_yank,exec_rot,vector_float_flush,float_dec,vector_float_set,integer_pop,vector_float_shove,exec_pop,vector_float_take,vector_float_concat,vector_float_pusha,vector_float_ya,vector_float_remo,float_sin,autoconstructive_integer_rand,vector_float_length,exec_do*count,integer_sub,float_mu,exec_no,vector_float_re,float_dup,integer_r,integer_sho,vector_float_yankd,integer_stackdepth,integer_dec,exec,vector_float_replacefir,vector_float_nth,float_swap,vector_float_co,exec_ya,float_yank,float_flush,float_t,integer_d,integer_a,integer_m,integer_i,vector_float_subv,integer_s,integer_p,vector_float_repla,vector_float_sw
0.000459997700011,0.000229998850006,1.49999250004e-05,0.0,0.000144999275004,5.99997000015e-05,0.000129999350003,1.49999250004e-05,2.49998750006e-05,1.49999250004e-05,2.99998500007e-05,0.000274998625007,6.99996500017e-05,9.99995000025e-05,4.99997500012e-06,4.99997500012e-06,4.99997500012e-06,4.99997500012e-06,0.000154999225004,0.000249998750006,3.9999800001e-05,9.49995250024e-05,0.0,0.000199999000005,0.0,9.99995000025e-06,0.0,0.000544997275014,7.9999600002e-05,0.0,0.000204998975005,0.0,4.49997750011e-05,5.99997000015e-05,0.0,4.99997500012e-06,7.49996250019e-05,1.49999250004e-05,0.0,9.99995000025e-06,0.000554997225014,0.000244998775006,0.000109999450003,0.000204998975005,7.9999600002e-05,9.99995000025e-06,0.000169999150004,0.000129999350003,0.000169999150004,1.99999000005e-05,0.000624996875016,9.99995000025e-06,0.000114999425003,9.99995000025e-06,0.000134999325003,0.000244998775006,0.000194999025005,0.000109999450003,5.49997250014e-05,0.000149999250004,0.00081499592502,0.000129999350003,1.49999250004e-05,0.000159999200004,9.99995000025e-06,2.49998750006e-05,3.9999800001e-05,0.0,1.49999250004e-05,1.49999250004e-05,0.00039499802501,0.000424997875011,9.49995250024e-05,0.000684996575017,0.000149999250004,0.000134999325003,0.0,4.99997500012e-06,3.9999800001e-05,0.000174999125004,1.99999000005e-05,5.99997000015e-05,0.000124999375003,9.99995000025e-05,8.99995500022e-05,0.000154999225004,2.49998750006e-05,9.99995000025e-06,9.99995000025e-05,4.99997500012e-06,4.99997500012e-06,9.99995000025e-06,2.49998750006e-05,6.49996750016e-05,0.000114999425003,4.99997500012e-05,0.0,3.9999800001e-05,4.99997500012e-06,3.9999800001e-05,1.49999250004e-05,0.000294998525007,0.0,9.49995250024e-05,5.49997250014e-05,1.49999250004e-05,0.0,6.99996500017e-05,6.99996500017e-05,0.0,4.99997500012e-06,2.49998750006e-05,0.0,0.000169999150004,0.000249998750006,9.99995000025e-06,9.49995250024e-05,6.49996750016e-05,8.49995750021e-05,0.000254998725006,0.000259998700006,0.000264998675007,7.9999600002e-05,0.000194999025005,2.49998750006e-05,3.9999800001e-05,9.49995250024e-05,4.99997500012e-05,0.0,0.0,0.000119999400003,9.99995000025e-05,0.000309998450008,0.000189999050005,0.000164999175004,1.99999000005e-05,4.99997500012e-06,0.0,0.000184999075005,0.0,0.0,0.0,0.000264998675007,5.99997000015e-05,3.9999800001e-05,0.0,0.000134999325003,9.49995250024e-05,4.99997500012e-06,4.99997500012e-06,0.000124999375003,3.9999800001e-05,1.49999250004e-05,1.49999250004e-05,4.99997500012e-06,3.49998250009e-05,9.99995000025e-06,2.49998750006e-05,4.49997750011e-05,0.0,0.0,9.99995000025e-06
Gen 200
float_yankdup,integer_swap,vector_float_conj,vector_float_conc,vector_float_occurrencesof,vector_float_replacefirst,vector_float_rest,vector_float_p,vector_float_s,vector_float_r,vector_float_first,integer_fromfloat,vector_float_last,vector_float_d,float_sw,exec_yankd,vector_float_n,exec_do*tim,exec_yankdup,exec_yank,integer_mu,vector_float_remove,vector_float_fir,exec_do*vector_float,float_p,float_r,vector_float_stackdep,vector_float_dup,vector_float_subvec,float_i,exec_do*range,integer_yankd,float_m,integer_rot,float_a,float_c,float_d,integer_stackdep,float_s,vector_float_occurrences,exec_stackdepth,vector_float_swap,vector_float_reverse,float_stackdepth,float_max,exec_do*vector_flo,float_min,vector_float_rot,float_rot,exec_shove,vector_float_pushall,float_stackdep,float_sub,vector_float_sho,integer_div,integer_mult,integer_min,float_shove,integer_flush,float_inc,in1,integer_yank,integer_fromflo,vector_float_yankdup,float_ya,vector_float_butla,integer_sw,float_pop,exec_d,float_yankd,integer_max,exec_dup,exec_k,float_frominteger,float_mult,exec_noop,exec_p,exec_r,exec_s,vector_float_butlast,integer_flu,exec_y,float_mod,integer_ya,integer_yankdup,exec_stackdep,exec_do*ran,vector_float_index,vector_float_pop,exec_do*cou,vector_float_ta,vector_float_flu,float_add,exec_do*times,integer_shove,float_tan,vector_float_la,vector_float_indexof,float_sho,float_frominteg,integer_dup,vector_float_stackdepth,exec_sho,vector_float_replace,exec_swap,vector_float_rever,autoconstructive_integer_ra,exec_sw,integer_add,exec_flush,float_flu,float_cos,exec_flu,integer_mod,float_div,vector_float_leng,integer_inc,vector_float_yank,exec_rot,vector_float_flush,float_dec,vector_float_set,integer_pop,vector_float_shove,exec_pop,vector_float_take,vector_float_concat,vector_float_pusha,vector_float_ya,vector_float_remo,float_sin,autoconstructive_integer_rand,vector_float_length,exec_do*count,integer_sub,float_mu,exec_no,vector_float_re,float_dup,integer_r,integer_sho,vector_float_yankd,integer_stackdepth,integer_dec,exec,vector_float_replacefir,vector_float_nth,float_swap,vector_float_co,exec_ya,float_yank,float_flush,float_t,integer_d,integer_a,integer_m,integer_i,vector_float_subv,integer_s,integer_p,vector_float_repla,vector_float_sw
0.000422883468241,0.00027363047945,3.9800797011e-05,0.0,0.000119402391033,7.46264943956e-05,0.000119402391033,3.48256973846e-05,1.49252988791e-05,1.49252988791e-05,1.99003985055e-05,0.000223879483187,8.95517932747e-05,0.000149252988791,4.97509962637e-06,4.97509962637e-06,9.95019925274e-06,4.97509962637e-06,0.000179103586549,0.000199003985055,1.99003985055e-05,0.000119402391033,4.97509962637e-06,0.00021890438356,0.0,9.95019925274e-06,4.97509962637e-06,0.000537310759648,0.000134327689912,4.97509962637e-06,0.000238804782066,0.0,9.95019925274e-06,6.96513947692e-05,4.97509962637e-06,0.0,2.48754981319e-05,4.97509962637e-06,9.95019925274e-06,0.0,0.000537310759648,0.00032835657534,0.000149252988791,0.000189053785802,0.000119402391033,9.95019925274e-06,0.000194028885428,0.000149252988791,0.000199003985055,9.95019925274e-06,0.000592036855538,3.48256973846e-05,8.95517932747e-05,4.97509962637e-06,0.000154228088417,0.00034328187422,0.000189053785802,0.000139302789538,3.9800797011e-05,0.000119402391033,0.000825866537977,0.000159203188044,1.49252988791e-05,0.000154228088417,0.0,2.48754981319e-05,3.48256973846e-05,4.97509962637e-06,1.49252988791e-05,2.48754981319e-05,0.000462684265252,0.00032835657534,7.96015940219e-05,0.000631837652549,0.00016417828767,0.000139302789538,0.0,9.95019925274e-06,3.48256973846e-05,0.000174128486923,3.48256973846e-05,7.46264943956e-05,0.000159203188044,9.95019925274e-05,0.000149252988791,0.000104477092154,1.99003985055e-05,9.95019925274e-06,6.46762951428e-05,0.0,0.0,9.95019925274e-06,2.98505977582e-05,0.000119402391033,0.000124377490659,8.95517932747e-05,0.0,7.96015940219e-05,4.97509962637e-06,2.98505977582e-05,9.95019925274e-06,0.000268655379824,0.0,5.97011955164e-05,3.48256973846e-05,1.99003985055e-05,0.0,5.47260958901e-05,4.97509962637e-05,0.0,4.97509962637e-06,1.99003985055e-05,0.0,0.000248754981319,0.000298505977582,3.48256973846e-05,0.000119402391033,8.45766936483e-05,0.00010945219178,0.000208954184308,0.000268655379824,0.000263680280198,0.000104477092154,0.00016417828767,4.47758966373e-05,5.47260958901e-05,8.95517932747e-05,1.49252988791e-05,9.95019925274e-06,0.0,0.000139302789538,0.000114427291407,0.000283580678703,0.000189053785802,0.000174128486923,0.0,9.95019925274e-06,4.97509962637e-06,0.00016417828767,0.0,0.0,4.97509962637e-06,0.000258705180571,5.97011955164e-05,2.98505977582e-05,9.95019925274e-06,0.000149252988791,0.000174128486923,0.0,0.0,0.00010945219178,5.97011955164e-05,1.99003985055e-05,1.49252988791e-05,2.48754981319e-05,1.99003985055e-05,4.97509962637e-06,5.97011955164e-05,5.47260958901e-05,9.95019925274e-06,4.97509962637e-06,9.95019925274e-06
Gen 201
float_yankdup,integer_swap,vector_float_conj,vector_float_conc,vector_float_occurrencesof,vector_float_replacefirst,vector_float_rest,vector_float_p,vector_float_s,vector_float_r,vector_float_first,integer_fromfloat,vector_float_last,vector_float_d,float_sw,exec_yankd,vector_float_n,exec_do*tim,exec_yankdup,exec_yank,integer_mu,vector_float_remove,vector_float_fir,exec_do*vector_float,float_p,float_r,vector_float_stackdep,vector_float_dup,vector_float_subvec,float_i,exec_do*range,integer_yankd,float_m,integer_rot,float_a,float_c,float_d,integer_stackdep,float_s,vector_float_occurrences,exec_stackdepth,vector_float_swap,vector_float_reverse,float_stackdepth,float_max,exec_do*vector_flo,float_min,vector_float_rot,float_rot,exec_shove,vector_float_pushall,float_stackdep,float_sub,vector_float_sho,integer_div,integer_mult,integer_min,float_shove,integer_flush,float_inc,in1,integer_yank,integer_fromflo,vector_float_yankdup,float_ya,vector_float_butla,integer_sw,float_pop,exec_d,float_yankd,integer_max,exec_dup,exec_k,float_frominteger,float_mult,exec_noop,exec_p,exec_r,exec_s,vector_float_butlast,integer_flu,exec_y,float_mod,integer_ya,integer_yankdup,exec_stackdep,exec_do*ran,vector_float_index,vector_float_pop,exec_do*cou,vector_float_ta,vector_float_flu,float_add,exec_do*times,integer_shove,float_tan,vector_float_la,vector_float_indexof,float_sho,float_frominteg,integer_dup,vector_float_stackdepth,exec_sho,vector_float_replace,exec_swap,vector_float_rever,autoconstructive_integer_ra,exec_sw,integer_add,exec_flush,float_flu,float_cos,exec_flu,integer_mod,float_div,vector_float_leng,integer_inc,vector_float_yank,exec_rot,vector_float_flush,float_dec,vector_float_set,integer_pop,vector_float_shove,exec_pop,vector_float_take,vector_float_concat,vector_float_pusha,vector_float_ya,vector_float_remo,float_sin,autoconstructive_integer_rand,vector_float_length,exec_do*count,integer_sub,float_mu,exec_no,vector_float_re,float_dup,integer_r,integer_sho,vector_float_yankd,integer_stackdepth,integer_dec,exec,vector_float_replacefir,vector_float_nth,float_swap,vector_float_co,exec_ya,float_yank,float_flush,float_t,integer_d,integer_a,integer_m,integer_i,vector_float_subv,integer_s,integer_p,vector_float_repla,vector_float_sw
0.00040098811392,0.000183167410062,1.98018821689e-05,0.0,4.95047054223e-05,4.455423488e-05,0.000128712234098,5.44551759645e-05,2.47523527111e-05,1.48514116267e-05,4.455423488e-05,0.000306929173618,8.91084697601e-05,0.000128712234098,9.90094108445e-06,0.0,4.95047054223e-06,4.95047054223e-06,0.000237622586027,0.000252473997653,2.97028232534e-05,7.42570581334e-05,0.0,0.000193068351147,0.0,0.0,1.48514116267e-05,0.000450492819342,8.91084697601e-05,9.90094108445e-06,0.000242573056569,0.0,1.48514116267e-05,6.93065875912e-05,0.0,0.0,4.455423488e-05,9.90094108445e-06,4.95047054223e-06,4.95047054223e-06,0.000539601289103,0.000227721644942,7.92075286756e-05,0.000198018821689,0.000108910351929,4.95047054223e-06,0.000207919762773,0.000108910351929,0.000183167410062,0.0,0.000559403171271,4.95047054223e-05,0.000153464586809,4.95047054223e-06,0.000143563645725,0.0002227711744,0.000188117880605,0.000103959881387,4.455423488e-05,0.000158415057351,0.000727719169707,0.000123761763556,9.90094108445e-06,0.000148514116267,9.90094108445e-06,3.46532937956e-05,1.48514116267e-05,0.0,9.90094108445e-06,1.48514116267e-05,0.000475245172054,0.000381186231751,0.000123761763556,0.000554452700729,0.000143563645725,0.000183167410062,0.0,2.97028232534e-05,6.43561170489e-05,0.000183167410062,1.48514116267e-05,4.95047054223e-05,0.000103959881387,0.000128712234098,9.90094108445e-05,0.000153464586809,1.98018821689e-05,4.95047054223e-06,5.94056465067e-05,4.95047054223e-06,0.0,1.48514116267e-05,1.98018821689e-05,8.41579992178e-05,0.000103959881387,9.40589403023e-05,9.90094108445e-06,0.000113860822471,0.0,1.98018821689e-05,2.97028232534e-05,0.000316830114702,0.0,6.93065875912e-05,4.455423488e-05,0.0,0.0,3.46532937956e-05,4.95047054223e-05,0.0,0.0,9.90094108445e-06,0.0,0.000207919762773,0.000188117880605,1.98018821689e-05,0.00017821693952,8.41579992178e-05,3.96037643378e-05,0.000287127291449,0.000207919762773,0.000262374938738,6.93065875912e-05,0.000193068351147,5.44551759645e-05,7.42570581334e-05,9.40589403023e-05,2.47523527111e-05,0.0,0.0,0.000123761763556,8.91084697601e-05,0.000257424468196,0.000148514116267,0.000163365527893,1.48514116267e-05,4.95047054223e-06,4.95047054223e-06,0.000207919762773,0.0,9.90094108445e-06,4.95047054223e-06,0.000262374938738,4.95047054223e-05,9.90094108445e-06,4.95047054223e-06,8.91084697601e-05,0.000128712234098,0.0,4.95047054223e-06,0.000168315998436,6.43561170489e-05,1.98018821689e-05,4.95047054223e-06,2.47523527111e-05,2.97028232534e-05,4.95047054223e-06,0.0,3.96037643378e-05,0.0,4.95047054223e-06,4.95047054223e-06
Gen 202
float_yankdup,integer_swap,vector_float_conj,vector_float_conc,vector_float_occurrencesof,vector_float_replacefirst,vector_float_rest,vector_float_p,vector_float_s,vector_float_r,vector_float_first,integer_fromfloat,vector_float_last,vector_float_d,float_sw,exec_yankd,vector_float_n,exec_do*tim,exec_yankdup,exec_yank,integer_mu,vector_float_remove,vector_float_fir,exec_do*vector_float,float_p,float_r,vector_float_stackdep,vector_float_dup,vector_float_subvec,float_i,exec_do*range,integer_yankd,float_m,integer_rot,float_a,float_c,float_d,integer_stackdep,float_s,vector_float_occurrences,exec_stackdepth,vector_float_swap,vector_float_reverse,float_stackdepth,float_max,exec_do*vector_flo,float_min,vector_float_rot,float_rot,exec_shove,vector_float_pushall,float_stackdep,float_sub,vector_float_sho,integer_div,integer_mult,integer_min,float_shove,integer_flush,float_inc,in1,integer_yank,integer_fromflo,vector_float_yankdup,float_ya,vector_float_butla,integer_sw,float_pop,exec_d,float_yankd,integer_max,exec_dup,exec_k,float_frominteger,float_mult,exec_noop,exec_p,exec_r,exec_s,vector_float_butlast,integer_flu,exec_y,float_mod,integer_ya,integer_yankdup,exec_stackdep,exec_do*ran,vector_float_index,vector_float_pop,exec_do*cou,vector_float_ta,vector_float_flu,float_add,exec_do*times,integer_shove,float_tan,vector_float_la,vector_float_indexof,float_sho,float_frominteg,integer_dup,vector_float_stackdepth,exec_sho,vector_float_replace,exec_swap,vector_float_rever,autoconstructive_integer_ra,exec_sw,integer_add,exec_flush,float_flu,float_cos,exec_flu,integer_mod,float_div,vector_float_leng,integer_inc,vector_float_yank,exec_rot,vector_float_flush,float_dec,vector_float_set,integer_pop,vector_float_shove,exec_pop,vector_float_take,vector_float_concat,vector_float_pusha,vector_float_ya,vector_float_remo,float_sin,autoconstructive_integer_rand,vector_float_length,exec_do*count,integer_sub,float_mu,exec_no,vector_float_re,float_dup,integer_r,integer_sho,vector_float_yankd,integer_stackdepth,integer_dec,exec,vector_float_replacefir,vector_float_nth,float_swap,vector_float_co,exec_ya,float_yank,float_flush,float_t,integer_d,integer_a,integer_m,integer_i,vector_float_subv,integer_s,integer_p,vector_float_repla,vector_float_sw
0.000354678055773,0.000246304205398,2.95565046478e-05,4.92608410796e-06,6.40390934035e-05,4.92608410796e-05,0.000133004270915,4.43347569716e-05,9.85216821592e-06,3.44825887557e-05,4.43347569716e-05,0.000354678055773,8.37434298353e-05,0.000177339027887,4.92608410796e-06,4.92608410796e-06,0.0,4.92608410796e-06,0.000197043364318,0.000201969448426,2.95565046478e-05,0.000133004270915,0.0,0.000251230289506,0.0,4.92608410796e-06,4.92608410796e-06,0.000448273653824,0.000152708607347,9.85216821592e-06,0.000206895532534,4.92608410796e-06,1.97043364318e-05,7.38912616194e-05,0.0,0.0,0.000103447766267,0.0,1.97043364318e-05,0.0,0.000571425756523,0.00026600854183,0.000118226018591,0.000152708607347,0.000133004270915,9.85216821592e-06,0.00021674770075,8.86695139433e-05,0.000133004270915,1.47782523239e-05,0.000566499672415,5.41869251876e-05,0.000137930355023,9.85216821592e-06,0.000142856439131,0.000236452037182,0.000162560775563,0.000142856439131,6.40390934035e-05,0.000142856439131,0.000827582130137,0.000172412943779,1.47782523239e-05,0.000182265111995,9.85216821592e-06,3.44825887557e-05,0.0,0.0,1.97043364318e-05,2.46304205398e-05,0.000369456308097,0.000354678055773,9.85216821592e-05,0.000615760513495,0.000157634691455,9.35955980512e-05,0.0,1.47782523239e-05,2.95565046478e-05,0.000137930355023,4.92608410796e-05,5.91130092955e-05,0.000182265111995,9.35955980512e-05,0.000162560775563,0.000142856439131,9.85216821592e-06,4.92608410796e-06,6.89651775114e-05,0.0,4.92608410796e-06,1.47782523239e-05,2.95565046478e-05,0.000133004270915,7.88173457274e-05,6.40390934035e-05,0.0,6.89651775114e-05,0.0,2.95565046478e-05,3.94086728637e-05,0.000354678055773,0.0,7.38912616194e-05,6.89651775114e-05,4.92608410796e-06,0.0,7.38912616194e-05,5.91130092955e-05,0.0,0.0,2.46304205398e-05,0.0,0.000231525953074,0.000369456308097,4.92608410796e-06,0.000142856439131,6.89651775114e-05,5.41869251876e-05,0.00029063896237,0.000305417214694,0.000280786794154,6.89651775114e-05,0.000201969448426,5.41869251876e-05,5.91130092955e-05,9.85216821592e-05,7.88173457274e-05,4.92608410796e-06,4.92608410796e-06,0.000133004270915,0.000162560775563,0.000344825887557,0.000187191196102,0.000172412943779,2.46304205398e-05,4.92608410796e-06,0.0,0.000206895532534,0.0,0.0,0.0,0.000231525953074,0.000113299934483,1.47782523239e-05,9.85216821592e-06,0.000128078186807,0.000187191196102,0.0,9.85216821592e-06,0.000137930355023,3.94086728637e-05,2.46304205398e-05,4.92608410796e-06,0.0,1.97043364318e-05,4.92608410796e-06,4.92608410796e-06,2.95565046478e-05,0.0,1.47782523239e-05,9.85216821592e-06
Gen 203
float_yankdup,integer_swap,vector_float_conj,vector_float_conc,vector_float_occurrencesof,vector_float_replacefirst,vector_float_rest,vector_float_p,vector_float_s,vector_float_r,vector_float_first,integer_fromfloat,vector_float_last,vector_float_d,float_sw,exec_yankd,vector_float_n,exec_do*tim,exec_yankdup,exec_yank,integer_mu,vector_float_remove,vector_float_fir,exec_do*vector_float,float_p,float_r,vector_float_stackdep,vector_float_dup,vector_float_subvec,float_i,exec_do*range,integer_yankd,float_m,integer_rot,float_a,float_c,float_d,integer_stackdep,float_s,vector_float_occurrences,exec_stackdepth,vector_float_swap,vector_float_reverse,float_stackdepth,float_max,exec_do*vector_flo,float_min,vector_float_rot,float_rot,exec_shove,vector_float_pushall,float_stackdep,float_sub,vector_float_sho,integer_div,integer_mult,integer_min,float_shove,integer_flush,float_inc,in1,integer_yank,integer_fromflo,vector_float_yankdup,float_ya,vector_float_butla,integer_sw,float_pop,exec_d,float_yankd,integer_max,exec_dup,exec_k,float_frominteger,float_mult,exec_noop,exec_p,exec_r,exec_s,vector_float_butlast,integer_flu,exec_y,float_mod,integer_ya,integer_yankdup,exec_stackdep,exec_do*ran,vector_float_index,vector_float_pop,exec_do*cou,vector_float_ta,vector_float_flu,float_add,exec_do*times,integer_shove,float_tan,vector_float_la,vector_float_indexof,float_sho,float_frominteg,integer_dup,vector_float_stackdepth,exec_sho,vector_float_replace,exec_swap,vector_float_rever,autoconstructive_integer_ra,exec_sw,integer_add,exec_flush,float_flu,float_cos,exec_flu,integer_mod,float_div,vector_float_leng,integer_inc,vector_float_yank,exec_rot,vector_float_flush,float_dec,vector_float_set,integer_pop,vector_float_shove,exec_pop,vector_float_take,vector_float_concat,vector_float_pusha,vector_float_ya,vector_float_remo,float_sin,autoconstructive_integer_rand,vector_float_length,exec_do*count,integer_sub,float_mu,exec_no,vector_float_re,float_dup,integer_r,integer_sho,vector_float_yankd,integer_stackdepth,integer_dec,exec,vector_float_replacefir,vector_float_nth,float_swap,vector_float_co,exec_ya,float_yank,float_flush,float_t,integer_d,integer_a,integer_m,integer_i,vector_float_subv,integer_s,integer_p,vector_float_repla,vector_float_sw
0.000431370434459,0.000254900711271,3.92154940417e-05,4.90193675521e-06,0.000127450355636,6.8627114573e-05,0.000132352292391,4.41174307969e-05,1.96077470208e-05,2.94116205313e-05,4.41174307969e-05,0.000303920078823,7.35290513282e-05,0.000107842608615,4.90193675521e-06,0.0,4.90193675521e-06,0.0,0.000176469723188,0.000240194901005,5.88232410625e-05,9.80387351042e-05,1.47058102656e-05,0.000186273596698,0.0,0.0,4.90193675521e-06,0.00046078205499,0.000151960039412,9.80387351042e-06,0.000264704584781,4.90193675521e-06,9.80387351042e-06,3.92154940417e-05,4.90193675521e-06,4.90193675521e-06,0.00011274454537,9.80387351042e-06,4.90193675521e-06,4.90193675521e-06,0.000588232410625,0.000294116205313,0.000102940671859,0.000200979406964,0.00012254841888,9.80387351042e-06,0.000264704584781,0.000161763912922,0.000161763912922,1.47058102656e-05,0.000558820790094,2.94116205313e-05,0.000151960039412,4.90193675521e-06,0.000127450355636,0.000215685217229,0.000191175533453,9.3136798349e-05,2.94116205313e-05,0.000142156165901,0.000906858299714,0.000142156165901,1.96077470208e-05,0.000151960039412,9.80387351042e-06,9.80387351042e-06,4.90193675521e-06,0.0,9.80387351042e-06,2.45096837761e-05,0.000367645256641,0.000318625889089,7.35290513282e-05,0.000715682766261,0.000171567786432,0.000102940671859,0.0,4.90193675521e-06,1.47058102656e-05,0.000147058102656,3.43135572865e-05,6.8627114573e-05,0.000220587153985,0.000117646482125,0.000166665849677,8.33329248386e-05,1.96077470208e-05,0.0,0.000102940671859,0.0,4.90193675521e-06,3.43135572865e-05,4.41174307969e-05,0.000205881343719,0.000117646482125,3.92154940417e-05,4.90193675521e-06,5.39213043073e-05,4.90193675521e-06,4.90193675521e-05,4.41174307969e-05,0.000299018142068,0.0,5.39213043073e-05,7.35290513282e-05,9.80387351042e-06,4.90193675521e-06,5.39213043073e-05,4.90193675521e-05,0.0,0.0,2.94116205313e-05,0.0,0.000215685217229,0.000284312331802,2.45096837761e-05,0.000156861976167,7.35290513282e-05,5.88232410625e-05,0.000284312331802,0.00033823363611,0.00023529296425,0.000102940671859,0.000210783280474,4.90193675521e-05,9.80387351042e-05,3.43135572865e-05,5.39213043073e-05,4.90193675521e-06,4.90193675521e-06,0.000142156165901,0.000117646482125,0.000397056877172,0.000196077470208,0.000142156165901,9.80387351042e-06,4.90193675521e-06,4.90193675521e-06,0.000210783280474,0.0,4.90193675521e-06,4.90193675521e-06,0.000210783280474,0.000127450355636,0.0,0.0,0.000181371659943,0.000191175533453,4.90193675521e-06,4.90193675521e-06,8.33329248386e-05,7.35290513282e-05,1.96077470208e-05,2.94116205313e-05,4.90193675521e-06,1.47058102656e-05,4.90193675521e-06,1.96077470208e-05,4.90193675521e-05,4.90193675521e-06,9.80387351042e-06,2.94116205313e-05
Gen 204
float_yankdup,integer_swap,vector_float_conj,vector_float_conc,vector_float_occurrencesof,vector_float_replacefirst,vector_float_rest,vector_float_p,vector_float_s,vector_float_r,vector_float_first,integer_fromfloat,vector_float_last,vector_float_d,float_sw,exec_yankd,vector_float_n,exec_do*tim,exec_yankdup,exec_yank,integer_mu,vector_float_remove,vector_float_fir,exec_do*vector_float,float_p,float_r,vector_float_stackdep,vector_float_dup,vector_float_subvec,float_i,exec_do*range,integer_yankd,float_m,integer_rot,float_a,float_c,float_d,integer_stackdep,float_s,vector_float_occurrences,exec_stackdepth,vector_float_swap,vector_float_reverse,float_stackdepth,float_max,exec_do*vector_flo,float_min,vector_float_rot,float_rot,exec_shove,vector_float_pushall,float_stackdep,float_sub,vector_float_sho,integer_div,integer_mult,integer_min,float_shove,integer_flush,float_inc,in1,integer_yank,integer_fromflo,vector_float_yankdup,float_ya,vector_float_butla,integer_sw,float_pop,exec_d,float_yankd,integer_max,exec_dup,exec_k,float_frominteger,float_mult,exec_noop,exec_p,exec_r,exec_s,vector_float_butlast,integer_flu,exec_y,float_mod,integer_ya,integer_yankdup,exec_stackdep,exec_do*ran,vector_float_index,vector_float_pop,exec_do*cou,vector_float_ta,vector_float_flu,float_add,exec_do*times,integer_shove,float_tan,vector_float_la,vector_float_indexof,float_sho,float_frominteg,integer_dup,vector_float_stackdepth,exec_sho,vector_float_replace,exec_swap,vector_float_rever,autoconstructive_integer_ra,exec_sw,integer_add,exec_flush,float_flu,float_cos,exec_flu,integer_mod,float_div,vector_float_leng,integer_inc,vector_float_yank,exec_rot,vector_float_flush,float_dec,vector_float_set,integer_pop,vector_float_shove,exec_pop,vector_float_take,vector_float_concat,vector_float_pusha,vector_float_ya,vector_float_remo,float_sin,autoconstructive_integer_rand,vector_float_length,exec_do*count,integer_sub,float_mu,exec_no,vector_float_re,float_dup,integer_r,integer_sho,vector_float_yankd,integer_stackdepth,integer_dec,exec,vector_float_replacefir,vector_float_nth,float_swap,vector_float_co,exec_ya,float_yank,float_flush,float_t,integer_d,integer_a,integer_m,integer_i,vector_float_subv,integer_s,integer_p,vector_float_repla,vector_float_sw
0.000404876073775,0.000243901249262,3.41461748967e-05,4.87802498524e-06,7.31703747787e-05,5.36582748377e-05,0.000141462724572,4.39022248672e-05,9.75604997049e-06,3.9024199882e-05,2.92681499115e-05,0.000258535324218,6.82923497934e-05,9.26824747196e-05,9.75604997049e-06,9.75604997049e-06,9.75604997049e-06,4.87802498524e-06,0.000209755074365,0.000282925449144,1.46340749557e-05,0.000112194574661,4.87802498524e-06,0.000180486924454,0.0,0.0,9.75604997049e-06,0.000482924473539,0.000175608899469,9.75604997049e-06,0.000146340749557,9.75604997049e-06,1.9512099941e-05,6.34143248082e-05,0.0,4.87802498524e-06,4.87802498524e-05,4.87802498524e-06,9.75604997049e-06,4.87802498524e-06,0.000521948673421,0.000219511124336,9.75604997049e-05,0.000146340749557,0.000121950624631,1.46340749557e-05,0.000229267174306,0.000131706674602,0.000160974824513,4.87802498524e-06,0.000668289422978,5.36582748377e-05,0.000146340749557,4.87802498524e-06,9.75604997049e-05,0.000199999024395,0.000253657299233,0.00010243852469,9.26824747196e-05,0.000121950624631,0.000726825722801,0.000185364949439,4.87802498524e-06,0.000146340749557,4.87802498524e-06,9.75604997049e-06,4.87802498524e-06,9.75604997049e-06,4.87802498524e-06,4.87802498524e-06,0.00039024199882,0.000429266198701,5.85362998229e-05,0.000658533373008,0.00019512099941,0.000131706674602,0.0,0.0,1.9512099941e-05,0.000131706674602,3.41461748967e-05,3.41461748967e-05,0.000146340749557,0.000131706674602,0.00020487704938,0.00019512099941,2.43901249262e-05,0.0,5.36582748377e-05,4.87802498524e-06,0.0,2.43901249262e-05,1.9512099941e-05,0.000131706674602,9.75604997049e-05,7.31703747787e-05,4.87802498524e-06,5.85362998229e-05,0.0,3.41461748967e-05,2.92681499115e-05,0.000331705698997,0.0,0.000136584699587,8.78044497344e-05,1.46340749557e-05,4.87802498524e-06,5.85362998229e-05,5.36582748377e-05,0.0,0.0,1.46340749557e-05,0.0,0.000209755074365,0.000263413349203,1.9512099941e-05,0.000121950624631,7.80483997639e-05,7.31703747787e-05,0.000326827674011,0.000263413349203,0.000321949649026,8.29264247491e-05,0.000185364949439,3.9024199882e-05,6.34143248082e-05,5.85362998229e-05,5.85362998229e-05,0.0,4.87802498524e-06,0.000136584699587,0.000170730874484,0.000326827674011,0.000214633099351,0.000131706674602,4.87802498524e-06,1.46340749557e-05,4.87802498524e-06,0.000160974824513,0.0,9.75604997049e-06,0.0,0.000273169399174,0.000117072599646,1.9512099941e-05,0.0,0.000156096799528,0.000160974824513,0.0,1.46340749557e-05,0.000121950624631,2.43901249262e-05,2.92681499115e-05,1.9512099941e-05,0.0,2.43901249262e-05,0.0,2.43901249262e-05,1.46340749557e-05,0.0,0.0,1.9512099941e-05
Gen 205
float_yankdup,integer_swap,vector_float_conj,vector_float_conc,vector_float_occurrencesof,vector_float_replacefirst,vector_float_rest,vector_float_p,vector_float_s,vector_float_r,vector_float_first,integer_fromfloat,vector_float_last,vector_float_d,float_sw,exec_yankd,vector_float_n,exec_do*tim,exec_yankdup,exec_yank,integer_mu,vector_float_remove,vector_float_fir,exec_do*vector_float,float_p,float_r,vector_float_stackdep,vector_float_dup,vector_float_subvec,float_i,exec_do*range,integer_yankd,float_m,integer_rot,float_a,float_c,float_d,integer_stackdep,float_s,vector_float_occurrences,exec_stackdepth,vector_float_swap,vector_float_reverse,float_stackdepth,float_max,exec_do*vector_flo,float_min,vector_float_rot,float_rot,exec_shove,vector_float_pushall,float_stackdep,float_sub,vector_float_sho,integer_div,integer_mult,integer_min,float_shove,integer_flush,float_inc,in1,integer_yank,integer_fromflo,vector_float_yankdup,float_ya,vector_float_butla,integer_sw,float_pop,exec_d,float_yankd,integer_max,exec_dup,exec_k,float_frominteger,float_mult,exec_noop,exec_p,exec_r,exec_s,vector_float_butlast,integer_flu,exec_y,float_mod,integer_ya,integer_yankdup,exec_stackdep,exec_do*ran,vector_float_index,vector_float_pop,exec_do*cou,vector_float_ta,vector_float_flu,float_add,exec_do*times,integer_shove,float_tan,vector_float_la,vector_float_indexof,float_sho,float_frominteg,integer_dup,vector_float_stackdepth,exec_sho,vector_float_replace,exec_swap,vector_float_rever,autoconstructive_integer_ra,exec_sw,integer_add,exec_flush,float_flu,float_cos,exec_flu,integer_mod,float_div,vector_float_leng,integer_inc,vector_float_yank,exec_rot,vector_float_flush,float_dec,vector_float_set,integer_pop,vector_float_shove,exec_pop,vector_float_take,vector_float_concat,vector_float_pusha,vector_float_ya,vector_float_remo,float_sin,autoconstructive_integer_rand,vector_float_length,exec_do*count,integer_sub,float_mu,exec_no,vector_float_re,float_dup,integer_r,integer_sho,vector_float_yankd,integer_stackdepth,integer_dec,exec,vector_float_replacefir,vector_float_nth,float_swap,vector_float_co,exec_ya,float_yank,float_flush,float_t,integer_d,integer_a,integer_m,integer_i,vector_float_subv,integer_s,integer_p,vector_float_repla,vector_float_sw
0.00035436721181,0.000223299886894,2.42717268363e-05,9.70869073451e-06,7.28151805088e-05,3.8834762938e-05,3.39804175708e-05,2.91260722035e-05,1.9417381469e-05,9.70869073451e-06,1.45630361018e-05,0.000223299886894,2.42717268363e-05,7.28151805088e-05,0.0,3.8834762938e-05,4.85434536726e-06,9.70869073451e-06,0.000179610778588,0.000276697685934,1.45630361018e-05,0.000101941252712,4.85434536726e-06,0.000150484706385,0.0,9.70869073451e-06,0.0,0.000402910665482,0.000145630361018,1.45630361018e-05,0.000150484706385,4.85434536726e-06,3.39804175708e-05,5.33977990398e-05,0.0,0.0,7.76695258761e-05,4.85434536726e-06,9.70869073451e-06,4.85434536726e-06,0.000485434536726,0.000208736850792,9.22325619779e-05,0.000165047742487,8.73782166106e-05,0.0,0.000199028160057,0.000111649943447,9.70869073451e-05,1.9417381469e-05,0.000538832335765,2.91260722035e-05,0.000145630361018,4.85434536726e-06,5.33977990398e-05,0.000169902087854,0.000135921670283,8.73782166106e-05,1.45630361018e-05,9.70869073451e-05,0.000674754006049,0.000199028160057,1.9417381469e-05,0.000111649943447,4.85434536726e-06,1.9417381469e-05,4.85434536726e-06,0.0,1.45630361018e-05,9.70869073451e-06,0.000344658521075,0.000349512866442,7.28151805088e-05,0.000640773588478,0.000189319469323,0.000111649943447,0.0,0.0,1.9417381469e-05,0.00019417381469,1.9417381469e-05,6.31064897743e-05,0.000135921670283,0.000135921670283,0.000165047742487,7.28151805088e-05,2.42717268363e-05,0.0,6.31064897743e-05,0.0,9.70869073451e-06,2.91260722035e-05,0.0,0.00010679559808,9.70869073451e-05,4.36891083053e-05,0.0,4.36891083053e-05,4.85434536726e-06,5.33977990398e-05,1.45630361018e-05,0.000325241139606,0.0,5.33977990398e-05,0.000116504288814,4.85434536726e-06,9.70869073451e-06,4.36891083053e-05,2.91260722035e-05,0.0,0.0,2.42717268363e-05,4.85434536726e-06,0.000174756433221,0.000237862922996,4.85434536726e-06,0.000111649943447,2.91260722035e-05,7.28151805088e-05,0.000305823758137,0.000286406376668,0.000330095484973,5.33977990398e-05,0.000165047742487,2.91260722035e-05,4.85434536726e-05,4.36891083053e-05,6.31064897743e-05,0.0,0.0,0.00010679559808,8.73782166106e-05,0.000339804175708,0.000160193397119,0.000116504288814,0.0,0.0,4.85434536726e-06,0.000135921670283,0.0,4.85434536726e-06,9.70869073451e-06,0.000252425959097,6.79608351416e-05,4.85434536726e-06,4.85434536726e-06,0.000150484706385,0.000145630361018,0.0,1.9417381469e-05,7.76695258761e-05,3.8834762938e-05,0.0,6.31064897743e-05,0.0,1.45630361018e-05,0.0,1.9417381469e-05,9.70869073451e-06,0.0,9.70869073451e-06,0.0
Gen 206
float_yankdup,integer_swap,vector_float_conj,vector_float_conc,vector_float_occurrencesof,vector_float_replacefirst,vector_float_rest,vector_float_p,vector_float_s,vector_float_r,vector_float_first,integer_fromfloat,vector_float_last,vector_float_d,float_sw,exec_yankd,vector_float_n,exec_do*tim,exec_yankdup,exec_yank,integer_mu,vector_float_remove,vector_float_fir,exec_do*vector_float,float_p,float_r,vector_float_stackdep,vector_float_dup,vector_float_subvec,float_i,exec_do*range,integer_yankd,float_m,integer_rot,float_a,float_c,float_d,integer_stackdep,float_s,vector_float_occurrences,exec_stackdepth,vector_float_swap,vector_float_reverse,float_stackdepth,float_max,exec_do*vector_flo,float_min,vector_float_rot,float_rot,exec_shove,vector_float_pushall,float_stackdep,float_sub,vector_float_sho,integer_div,integer_mult,integer_min,float_shove,integer_flush,float_inc,in1,integer_yank,integer_fromflo,vector_float_yankdup,float_ya,vector_float_butla,integer_sw,float_pop,exec_d,float_yankd,integer_max,exec_dup,exec_k,float_frominteger,float_mult,exec_noop,exec_p,exec_r,exec_s,vector_float_butlast,integer_flu,exec_y,float_mod,integer_ya,integer_yankdup,exec_stackdep,exec_do*ran,vector_float_index,vector_float_pop,exec_do*cou,vector_float_ta,vector_float_flu,float_add,exec_do*times,integer_shove,float_tan,vector_float_la,vector_float_indexof,float_sho,float_frominteg,integer_dup,vector_float_stackdepth,exec_sho,vector_float_replace,exec_swap,vector_float_rever,autoconstructive_integer_ra,exec_sw,integer_add,exec_flush,float_flu,float_cos,exec_flu,integer_mod,float_div,vector_float_leng,integer_inc,vector_float_yank,exec_rot,vector_float_flush,float_dec,vector_float_set,integer_pop,vector_float_shove,exec_pop,vector_float_take,vector_float_concat,vector_float_pusha,vector_float_ya,vector_float_remo,float_sin,autoconstructive_integer_rand,vector_float_length,exec_do*count,integer_sub,float_mu,exec_no,vector_float_re,float_dup,integer_r,integer_sho,vector_float_yankd,integer_stackdepth,integer_dec,exec,vector_float_replacefir,vector_float_nth,float_swap,vector_float_co,exec_ya,float_yank,float_flush,float_t,integer_d,integer_a,integer_m,integer_i,vector_float_subv,integer_s,integer_p,vector_float_repla,vector_float_sw
0.000285022777668,0.000188404886933,2.89853672204e-05,4.83089453674e-06,8.69561016613e-05,3.86471562939e-05,5.79707344409e-05,2.89853672204e-05,1.44926836102e-05,2.41544726837e-05,9.66178907348e-06,0.000202897570543,4.34780508307e-05,7.24634180511e-05,4.83089453674e-06,4.83089453674e-06,0.0,0.0,0.000111110574345,0.000212559359617,9.66178907348e-06,8.69561016613e-05,4.83089453674e-06,0.000125603257955,9.66178907348e-06,0.0,0.0,0.000357486195719,0.000130434152492,9.66178907348e-06,0.000164250414249,0.0,9.66178907348e-06,4.83089453674e-05,0.0,0.0,8.69561016613e-05,4.83089453674e-06,4.83089453674e-06,4.83089453674e-06,0.000391302457476,0.000183573992396,9.17869961981e-05,0.000140095941565,6.28016289776e-05,0.0,0.000169081308786,0.000106279679808,6.76325235144e-05,2.89853672204e-05,0.000516905715431,4.83089453674e-06,9.17869961981e-05,0.0,4.34780508307e-05,0.000178743097859,0.000120772363419,9.66178907348e-05,2.41544726837e-05,9.17869961981e-05,0.00065217076246,0.000125603257955,0.0,0.000144926836102,0.0,4.34780508307e-05,4.83089453674e-06,0.0,1.9323578147e-05,3.38162617572e-05,0.000285022777668,0.000280191883131,7.72943125879e-05,0.000521736609968,0.000140095941565,6.28016289776e-05,0.0,9.66178907348e-06,1.44926836102e-05,0.000140095941565,2.41544726837e-05,4.34780508307e-05,0.000130434152492,0.000125603257955,0.000120772363419,5.31398399042e-05,1.44926836102e-05,0.0,4.34780508307e-05,0.0,0.0,3.86471562939e-05,1.9323578147e-05,7.72943125879e-05,8.21252071246e-05,2.41544726837e-05,0.0,4.83089453674e-06,4.83089453674e-06,9.66178907348e-06,4.83089453674e-06,0.000251206515911,4.83089453674e-06,3.86471562939e-05,6.76325235144e-05,0.0,4.83089453674e-06,3.86471562939e-05,4.34780508307e-05,0.0,0.0,4.83089453674e-05,0.0,0.000169081308786,0.000265699199521,4.83089453674e-06,0.000106279679808,2.41544726837e-05,4.83089453674e-05,0.000280191883131,0.00022222114869,0.000241544726837,3.86471562939e-05,0.000125603257955,1.9323578147e-05,5.79707344409e-05,4.34780508307e-05,2.41544726837e-05,9.66178907348e-06,0.0,8.21252071246e-05,6.28016289776e-05,0.000299515461278,0.000169081308786,9.66178907348e-05,0.0,4.83089453674e-06,0.0,0.000144926836102,4.83089453674e-06,4.83089453674e-06,0.0,0.000183573992396,8.21252071246e-05,9.66178907348e-06,4.83089453674e-06,0.000125603257955,0.000135265047029,4.83089453674e-06,2.89853672204e-05,8.21252071246e-05,3.38162617572e-05,4.83089453674e-06,1.9323578147e-05,0.0,2.41544726837e-05,0.0,2.41544726837e-05,0.0,0.0,0.0,4.83089453674e-06
Gen 207
float_yankdup,integer_swap,vector_float_conj,vector_float_conc,vector_float_occurrencesof,vector_float_replacefirst,vector_float_rest,vector_float_p,vector_float_s,vector_float_r,vector_float_first,integer_fromfloat,vector_float_last,vector_float_d,float_sw,exec_yankd,vector_float_n,exec_do*tim,exec_yankdup,exec_yank,integer_mu,vector_float_remove,vector_float_fir,exec_do*vector_float,float_p,float_r,vector_float_stackdep,vector_float_dup,vector_float_subvec,float_i,exec_do*range,integer_yankd,float_m,integer_rot,float_a,float_c,float_d,integer_stackdep,float_s,vector_float_occurrences,exec_stackdepth,vector_float_swap,vector_float_reverse,float_stackdepth,float_max,exec_do*vector_flo,float_min,vector_float_rot,float_rot,exec_shove,vector_float_pushall,float_stackdep,float_sub,vector_float_sho,integer_div,integer_mult,integer_min,float_shove,integer_flush,float_inc,in1,integer_yank,integer_fromflo,vector_float_yankdup,float_ya,vector_float_butla,integer_sw,float_pop,exec_d,float_yankd,integer_max,exec_dup,exec_k,float_frominteger,float_mult,exec_noop,exec_p,exec_r,exec_s,vector_float_butlast,integer_flu,exec_y,float_mod,integer_ya,integer_yankdup,exec_stackdep,exec_do*ran,vector_float_index,vector_float_pop,exec_do*cou,vector_float_ta,vector_float_flu,float_add,exec_do*times,integer_shove,float_tan,vector_float_la,vector_float_indexof,float_sho,float_frominteg,integer_dup,vector_float_stackdepth,exec_sho,vector_float_replace,exec_swap,vector_float_rever,autoconstructive_integer_ra,exec_sw,integer_add,exec_flush,float_flu,float_cos,exec_flu,integer_mod,float_div,vector_float_leng,integer_inc,vector_float_yank,exec_rot,vector_float_flush,float_dec,vector_float_set,integer_pop,vector_float_shove,exec_pop,vector_float_take,vector_float_concat,vector_float_pusha,vector_float_ya,vector_float_remo,float_sin,autoconstructive_integer_rand,vector_float_length,exec_do*count,integer_sub,float_mu,exec_no,vector_float_re,float_dup,integer_r,integer_sho,vector_float_yankd,integer_stackdepth,integer_dec,exec,vector_float_replacefir,vector_float_nth,float_swap,vector_float_co,exec_ya,float_yank,float_flush,float_t,integer_d,integer_a,integer_m,integer_i,vector_float_subv,integer_s,integer_p,vector_float_repla,vector_float_sw
0.000403844212287,0.000264421805664,3.36536843573e-05,4.8076691939e-06,7.21150379085e-05,2.40383459695e-05,5.28843611329e-05,4.8076691939e-05,1.92306767756e-05,4.32690227451e-05,6.24996995207e-05,0.00025961413647,9.13457146841e-05,7.21150379085e-05,9.6153383878e-06,0.0,0.0,1.44230075817e-05,0.00011057639146,0.000216345113725,0.0,0.000124999399041,0.0,0.000192306767756,0.0,0.0,0.0,0.000447113235033,0.000124999399041,1.44230075817e-05,0.000192306767756,0.0,1.44230075817e-05,6.24996995207e-05,0.0,0.0,8.65380454902e-05,4.8076691939e-06,1.92306767756e-05,4.8076691939e-06,0.000413459550675,0.000216345113725,4.8076691939e-05,0.000163460752593,5.76920303268e-05,4.8076691939e-06,0.00019711443695,0.000129807068235,6.24996995207e-05,9.6153383878e-06,0.000447113235033,4.8076691939e-06,0.000139422406623,1.44230075817e-05,0.000100961053072,0.000235575790501,0.000153845414205,9.6153383878e-05,2.40383459695e-05,7.69227071024e-05,0.000716342709891,0.000177883760174,9.6153383878e-06,0.000149037745011,0.0,2.88460151634e-05,9.6153383878e-06,0.0,3.36536843573e-05,1.92306767756e-05,0.000341344512767,0.000307690828409,7.69227071024e-05,0.000586535641656,0.000201922106144,6.24996995207e-05,0.0,0.0,1.92306767756e-05,0.000124999399041,3.36536843573e-05,3.84613535512e-05,0.000158653083399,0.000120191729847,0.000139422406623,6.24996995207e-05,1.44230075817e-05,4.8076691939e-06,2.88460151634e-05,4.8076691939e-06,4.8076691939e-06,2.40383459695e-05,1.92306767756e-05,0.000124999399041,8.17303762963e-05,7.69227071024e-05,4.8076691939e-06,3.84613535512e-05,9.6153383878e-06,1.92306767756e-05,3.36536843573e-05,0.000274037144052,2.88460151634e-05,7.69227071024e-05,9.6153383878e-05,4.8076691939e-06,1.44230075817e-05,2.40383459695e-05,4.8076691939e-05,9.6153383878e-06,0.0,4.8076691939e-05,0.0,0.000153845414205,0.000211537444532,1.44230075817e-05,0.000153845414205,5.76920303268e-05,6.24996995207e-05,0.000307690828409,0.00025961413647,0.000264421805664,6.73073687146e-05,0.000144230075817,2.88460151634e-05,3.84613535512e-05,2.40383459695e-05,2.40383459695e-05,0.0,0.0,7.69227071024e-05,0.000100961053072,0.000317306166797,0.00017307609098,0.000100961053072,0.0,4.8076691939e-06,0.0,0.000187499098562,0.0,0.0,0.0,0.000206729775338,8.17303762963e-05,4.8076691939e-06,0.0,0.000124999399041,0.000206729775338,0.0,1.44230075817e-05,9.6153383878e-05,3.36536843573e-05,9.6153383878e-06,1.92306767756e-05,0.0,1.92306767756e-05,9.6153383878e-06,4.8076691939e-06,4.8076691939e-06,0.0,4.8076691939e-06,9.6153383878e-06
Gen 208
float_yankdup,integer_swap,vector_float_conj,vector_float_conc,vector_float_occurrencesof,vector_float_replacefirst,vector_float_rest,vector_float_p,vector_float_s,vector_float_r,vector_float_first,integer_fromfloat,vector_float_last,vector_float_d,float_sw,exec_yankd,vector_float_n,exec_do*tim,exec_yankdup,exec_yank,integer_mu,vector_float_remove,vector_float_fir,exec_do*vector_float,float_p,float_r,vector_float_stackdep,vector_float_dup,vector_float_subvec,float_i,exec_do*range,integer_yankd,float_m,integer_rot,float_a,float_c,float_d,integer_stackdep,float_s,vector_float_occurrences,exec_stackdepth,vector_float_swap,vector_float_reverse,float_stackdepth,float_max,exec_do*vector_flo,float_min,vector_float_rot,float_rot,exec_shove,vector_float_pushall,float_stackdep,float_sub,vector_float_sho,integer_div,integer_mult,integer_min,float_shove,integer_flush,float_inc,in1,integer_yank,integer_fromflo,vector_float_yankdup,float_ya,vector_float_butla,integer_sw,float_pop,exec_d,float_yankd,integer_max,exec_dup,exec_k,float_frominteger,float_mult,exec_noop,exec_p,exec_r,exec_s,vector_float_butlast,integer_flu,exec_y,float_mod,integer_ya,integer_yankdup,exec_stackdep,exec_do*ran,vector_float_index,vector_float_pop,exec_do*cou,vector_float_ta,vector_float_flu,float_add,exec_do*times,integer_shove,float_tan,vector_float_la,vector_float_indexof,float_sho,float_frominteg,integer_dup,vector_float_stackdepth,exec_sho,vector_float_replace,exec_swap,vector_float_rever,autoconstructive_integer_ra,exec_sw,integer_add,exec_flush,float_flu,float_cos,exec_flu,integer_mod,float_div,vector_float_leng,integer_inc,vector_float_yank,exec_rot,vector_float_flush,float_dec,vector_float_set,integer_pop,vector_float_shove,exec_pop,vector_float_take,vector_float_concat,vector_float_pusha,vector_float_ya,vector_float_remo,float_sin,autoconstructive_integer_rand,vector_float_length,exec_do*count,integer_sub,float_mu,exec_no,vector_float_re,float_dup,integer_r,integer_sho,vector_float_yankd,integer_stackdepth,integer_dec,exec,vector_float_replacefir,vector_float_nth,float_swap,vector_float_co,exec_ya,float_yank,float_flush,float_t,integer_d,integer_a,integer_m,integer_i,vector_float_subv,integer_s,integer_p,vector_float_repla,vector_float_sw
0.000406696618676,0.000248802637308,1.91386644083e-05,2.39233305104e-05,5.26313271228e-05,4.78466610208e-06,4.78466610208e-05,1.43539983062e-05,1.91386644083e-05,4.78466610208e-05,2.87079966125e-05,0.000244017971206,6.69853254291e-05,6.69853254291e-05,9.56933220415e-06,0.0,0.0,4.78466610208e-06,0.00011483198645,0.0002296639729,4.78466610208e-06,0.000124401318654,0.0,0.000129185984756,0.0,4.78466610208e-06,4.78466610208e-06,0.000435404615289,0.000100477988144,9.56933220415e-06,0.000191386644083,4.78466610208e-06,4.78466610208e-06,5.26313271228e-05,0.0,4.78466610208e-06,0.000110047320348,0.0,3.34926627145e-05,0.0,0.000425835283085,0.000234448639002,8.13393237353e-05,0.000162678647471,9.09086559394e-05,0.0,0.000191386644083,0.000105262654246,7.17699915311e-05,1.43539983062e-05,0.000555021267841,0.0,0.000110047320348,0.0,6.2200659327e-05,0.000200955976287,0.000143539983062,9.56933220415e-05,4.78466610208e-06,9.09086559394e-05,0.000732053913618,0.000224879306798,1.43539983062e-05,0.00013875531696,0.0,3.34926627145e-05,9.56933220415e-06,0.0,1.91386644083e-05,1.43539983062e-05,0.00027751063392,0.000320572628839,8.61239898374e-05,0.000636360591576,0.000181817311879,5.74159932249e-05,0.0,1.91386644083e-05,1.43539983062e-05,0.000167463313573,2.39233305104e-05,4.30619949187e-05,0.000143539983062,0.00011483198645,0.000191386644083,7.17699915311e-05,4.78466610208e-06,0.0,5.26313271228e-05,0.0,0.0,3.34926627145e-05,2.39233305104e-05,0.000153109315266,8.13393237353e-05,5.74159932249e-05,0.0,1.91386644083e-05,9.56933220415e-06,2.39233305104e-05,0.0,0.000306218630533,4.78466610208e-06,4.30619949187e-05,0.000133970650858,0.0,2.87079966125e-05,2.39233305104e-05,3.34926627145e-05,0.0,0.0,2.87079966125e-05,0.0,0.000129185984756,0.000282295300022,1.91386644083e-05,0.000124401318654,1.91386644083e-05,6.69853254291e-05,0.00036841928986,0.000349280625452,0.000287079966125,4.30619949187e-05,0.000177032645777,1.91386644083e-05,3.34926627145e-05,4.30619949187e-05,2.39233305104e-05,9.56933220415e-06,9.56933220415e-06,6.69853254291e-05,9.56933220415e-05,0.000401911952574,0.000177032645777,0.000110047320348,9.56933220415e-06,4.78466610208e-06,0.0,0.000153109315266,0.0,4.78466610208e-06,0.0,0.000220094640695,0.000148324649164,9.56933220415e-06,0.0,0.000148324649164,0.000196171310185,0.0,3.82773288166e-05,8.13393237353e-05,2.87079966125e-05,0.0,4.30619949187e-05,0.0,1.43539983062e-05,9.56933220415e-06,9.56933220415e-06,0.0,4.78466610208e-06,0.0,1.43539983062e-05
Gen 209
float_yankdup,integer_swap,vector_float_conj,vector_float_conc,vector_float_occurrencesof,vector_float_replacefirst,vector_float_rest,vector_float_p,vector_float_s,vector_float_r,vector_float_first,integer_fromfloat,vector_float_last,vector_float_d,float_sw,exec_yankd,vector_float_n,exec_do*tim,exec_yankdup,exec_yank,integer_mu,vector_float_remove,vector_float_fir,exec_do*vector_float,float_p,float_r,vector_float_stackdep,vector_float_dup,vector_float_subvec,float_i,exec_do*range,integer_yankd,float_m,integer_rot,float_a,float_c,float_d,integer_stackdep,float_s,vector_float_occurrences,exec_stackdepth,vector_float_swap,vector_float_reverse,float_stackdepth,float_max,exec_do*vector_flo,float_min,vector_float_rot,float_rot,exec_shove,vector_float_pushall,float_stackdep,float_sub,vector_float_sho,integer_div,integer_mult,integer_min,float_shove,integer_flush,float_inc,in1,integer_yank,integer_fromflo,vector_float_yankdup,float_ya,vector_float_butla,integer_sw,float_pop,exec_d,float_yankd,integer_max,exec_dup,exec_k,float_frominteger,float_mult,exec_noop,exec_p,exec_r,exec_s,vector_float_butlast,integer_flu,exec_y,float_mod,integer_ya,integer_yankdup,exec_stackdep,exec_do*ran,vector_float_index,vector_float_pop,exec_do*cou,vector_float_ta,vector_float_flu,float_add,exec_do*times,integer_shove,float_tan,vector_float_la,vector_float_indexof,float_sho,float_frominteg,integer_dup,vector_float_stackdepth,exec_sho,vector_float_replace,exec_swap,vector_float_rever,autoconstructive_integer_ra,exec_sw,integer_add,exec_flush,float_flu,float_cos,exec_flu,integer_mod,float_div,vector_float_leng,integer_inc,vector_float_yank,exec_rot,vector_float_flush,float_dec,vector_float_set,integer_pop,vector_float_shove,exec_pop,vector_float_take,vector_float_concat,vector_float_pusha,vector_float_ya,vector_float_remo,float_sin,autoconstructive_integer_rand,vector_float_length,exec_do*count,integer_sub,float_mu,exec_no,vector_float_re,float_dup,integer_r,integer_sho,vector_float_yankd,integer_stackdepth,integer_dec,exec,vector_float_replacefir,vector_float_nth,float_swap,vector_float_co,exec_ya,float_yank,float_flush,float_t,integer_d,integer_a,integer_m,integer_i,vector_float_subv,integer_s,integer_p,vector_float_repla,vector_float_sw
0.000533330793663,0.000290474807263,2.38094104314e-05,4.76188208628e-06,7.61901133804e-05,1.42856462588e-05,5.71425850353e-05,5.71425850353e-05,3.80950566902e-05,2.85712925177e-05,4.28569387765e-05,0.000285712925177,3.33331746039e-05,0.000119047052157,1.90475283451e-05,9.52376417255e-06,4.76188208628e-06,4.76188208628e-06,0.000133332698416,0.000219046575969,4.76188208628e-06,9.99995238118e-05,0.0,0.000152380226761,0.0,9.52376417255e-06,9.52376417255e-06,0.000576187732439,0.000128570816329,0.0,0.000295236689349,0.0,2.38094104314e-05,5.2380702949e-05,0.0,0.0,8.5713877553e-05,0.0,4.76188208628e-06,9.52376417255e-06,0.000476188208628,0.000271427278918,8.09519954667e-05,0.000199999047624,8.09519954667e-05,1.42856462588e-05,0.0002428559864,0.000180951519278,0.000104761405898,0.0,0.000499997619059,9.52376417255e-06,0.000133332698416,9.52376417255e-06,9.52376417255e-05,0.000209522811796,0.000142856462588,8.09519954667e-05,4.76188208628e-06,9.04757596392e-05,0.000823805600926,0.000161903990933,9.52376417255e-06,0.000133332698416,0.0,1.90475283451e-05,9.52376417255e-06,4.76188208628e-06,3.80950566902e-05,1.90475283451e-05,0.000366664920643,0.000252379750573,8.09519954667e-05,0.000661901609992,0.000199999047624,6.66663492079e-05,4.76188208628e-06,9.52376417255e-06,9.52376417255e-06,0.00016666587302,2.38094104314e-05,7.14282312941e-05,0.000185713401365,0.000128570816329,0.000147618344675,9.52376417255e-05,4.76188208628e-06,4.76188208628e-06,6.66663492079e-05,4.76188208628e-06,9.52376417255e-06,3.33331746039e-05,1.90475283451e-05,0.00020476092971,9.52376417255e-05,2.85712925177e-05,0.0,2.38094104314e-05,0.0,2.38094104314e-05,2.38094104314e-05,0.00031904609978,0.0,2.38094104314e-05,9.99995238118e-05,0.0,4.76188208628e-06,1.42856462588e-05,3.33331746039e-05,0.0,0.0,2.85712925177e-05,0.0,0.000147618344675,0.0002428559864,1.90475283451e-05,0.000171427755106,4.28569387765e-05,4.76188208628e-05,0.000366664920643,0.000342855510212,0.000323807981867,9.04757596392e-05,0.000185713401365,1.90475283451e-05,6.19044671216e-05,3.80950566902e-05,1.90475283451e-05,0.0,0.0,8.5713877553e-05,0.000123808934243,0.000395236213161,0.000152380226761,0.000114285170071,4.76188208628e-06,0.0,0.0,0.000161903990933,4.76188208628e-06,2.38094104314e-05,0.0,0.000290474807263,0.000119047052157,9.52376417255e-06,4.76188208628e-06,0.00016666587302,0.000185713401365,4.76188208628e-06,4.76188208628e-05,9.52376417255e-05,6.19044671216e-05,4.76188208628e-06,3.33331746039e-05,4.76188208628e-06,4.28569387765e-05,4.76188208628e-06,0.0,9.52376417255e-06,0.0,0.0,4.76188208628e-06
Gen 210
float_yankdup,integer_swap,vector_float_conj,vector_float_conc,vector_float_occurrencesof,vector_float_replacefirst,vector_float_rest,vector_float_p,vector_float_s,vector_float_r,vector_float_first,integer_fromfloat,vector_float_last,vector_float_d,float_sw,exec_yankd,vector_float_n,exec_do*tim,exec_yankdup,exec_yank,integer_mu,vector_float_remove,vector_float_fir,exec_do*vector_float,float_p,float_r,vector_float_stackdep,vector_float_dup,vector_float_subvec,float_i,exec_do*range,integer_yankd,float_m,integer_rot,float_a,float_c,float_d,integer_stackdep,float_s,vector_float_occurrences,exec_stackdepth,vector_float_swap,vector_float_reverse,float_stackdepth,float_max,exec_do*vector_flo,float_min,vector_float_rot,float_rot,exec_shove,vector_float_pushall,float_stackdep,float_sub,vector_float_sho,integer_div,integer_mult,integer_min,float_shove,integer_flush,float_inc,in1,integer_yank,integer_fromflo,vector_float_yankdup,float_ya,vector_float_butla,integer_sw,float_pop,exec_d,float_yankd,integer_max,exec_dup,exec_k,float_frominteger,float_mult,exec_noop,exec_p,exec_r,exec_s,vector_float_butlast,integer_flu,exec_y,float_mod,integer_ya,integer_yankdup,exec_stackdep,exec_do*ran,vector_float_index,vector_float_pop,exec_do*cou,vector_float_ta,vector_float_flu,float_add,exec_do*times,integer_shove,float_tan,vector_float_la,vector_float_indexof,float_sho,float_frominteg,integer_dup,vector_float_stackdepth,exec_sho,vector_float_replace,exec_swap,vector_float_rever,autoconstructive_integer_ra,exec_sw,integer_add,exec_flush,float_flu,float_cos,exec_flu,integer_mod,float_div,vector_float_leng,integer_inc,vector_float_yank,exec_rot,vector_float_flush,float_dec,vector_float_set,integer_pop,vector_float_shove,exec_pop,vector_float_take,vector_float_concat,vector_float_pusha,vector_float_ya,vector_float_remo,float_sin,autoconstructive_integer_rand,vector_float_length,exec_do*count,integer_sub,float_mu,exec_no,vector_float_re,float_dup,integer_r,integer_sho,vector_float_yankd,integer_stackdepth,integer_dec,exec,vector_float_replacefir,vector_float_nth,float_swap,vector_float_co,exec_ya,float_yank,float_flush,float_t,integer_d,integer_a,integer_m,integer_i,vector_float_subv,integer_s,integer_p,vector_float_repla,vector_float_sw
0.00042179894882,0.000199051189331,4.73931403169e-06,0.0,0.000104264908697,4.73931403169e-06,1.89572561267e-05,3.31751982218e-05,2.84358841901e-05,3.79145122535e-05,1.89572561267e-05,0.000236965701584,4.26538262852e-05,7.10897104753e-05,0.0,9.47862806337e-06,0.0,9.47862806337e-06,0.000127961478856,0.000222747759489,4.73931403169e-06,0.000104264908697,4.73931403169e-06,0.000156397363046,0.0,9.47862806337e-06,1.89572561267e-05,0.000526063857517,5.68717683802e-05,0.0,0.000284358841901,0.0,2.36965701584e-05,3.79145122535e-05,0.0,0.0,9.00469666021e-05,0.0,1.89572561267e-05,4.73931403169e-06,0.000521324543486,0.000232226387553,7.10897104753e-05,0.000165875991109,3.31751982218e-05,0.0,0.000213269131426,0.000180093933204,6.63503964436e-05,9.47862806337e-06,0.000492888659295,1.42179420951e-05,0.000137440106919,4.73931403169e-06,7.5829024507e-05,0.000175354619172,0.000146918734982,8.53076525704e-05,1.89572561267e-05,0.000127961478856,0.000753550931038,0.000189572561267,9.47862806337e-06,0.000142179420951,0.0,2.36965701584e-05,1.42179420951e-05,4.73931403169e-06,2.36965701584e-05,9.47862806337e-06,0.000312794726091,0.000322273354155,7.5829024507e-05,0.000563978369771,0.000137440106919,0.000104264908697,4.73931403169e-06,4.73931403169e-06,1.42179420951e-05,0.000151658049014,1.42179420951e-05,8.53076525704e-05,0.000156397363046,9.47862806337e-05,0.000146918734982,7.5829024507e-05,4.73931403169e-06,4.73931403169e-06,8.53076525704e-05,0.0,4.73931403169e-06,3.79145122535e-05,1.42179420951e-05,0.000127961478856,0.000109004222729,2.36965701584e-05,4.73931403169e-06,3.79145122535e-05,0.0,1.42179420951e-05,1.89572561267e-05,0.000293837469965,0.0,1.89572561267e-05,9.47862806337e-05,0.0,0.0,2.84358841901e-05,4.26538262852e-05,0.0,0.0,5.68717683802e-05,0.0,0.000142179420951,0.000303316098028,2.36965701584e-05,0.000127961478856,9.47862806337e-06,3.79145122535e-05,0.000298576783996,0.000345969924313,0.000312794726091,7.5829024507e-05,0.000213269131426,0.0,3.31751982218e-05,2.36965701584e-05,2.36965701584e-05,9.47862806337e-06,0.0,7.5829024507e-05,7.5829024507e-05,0.000322273354155,0.000161136677077,0.000137440106919,4.73931403169e-06,1.42179420951e-05,9.47862806337e-06,0.000165875991109,0.0,9.47862806337e-06,9.47862806337e-06,0.000241705015616,0.000142179420951,1.42179420951e-05,0.0,0.000146918734982,0.000184833247236,0.0,5.68717683802e-05,7.10897104753e-05,6.63503964436e-05,4.73931403169e-06,1.42179420951e-05,4.73931403169e-06,2.84358841901e-05,4.73931403169e-06,4.73931403169e-06,4.73931403169e-06,0.0,4.73931403169e-06,4.73931403169e-06
Gen 211
float_yankdup,integer_swap,vector_float_conj,vector_float_conc,vector_float_occurrencesof,vector_float_replacefirst,vector_float_rest,vector_float_p,vector_float_s,vector_float_r,vector_float_first,integer_fromfloat,vector_float_last,vector_float_d,float_sw,exec_yankd,vector_float_n,exec_do*tim,exec_yankdup,exec_yank,integer_mu,vector_float_remove,vector_float_fir,exec_do*vector_float,float_p,float_r,vector_float_stackdep,vector_float_dup,vector_float_subvec,float_i,exec_do*range,integer_yankd,float_m,integer_rot,float_a,float_c,float_d,integer_stackdep,float_s,vector_float_occurrences,exec_stackdepth,vector_float_swap,vector_float_reverse,float_stackdepth,float_max,exec_do*vector_flo,float_min,vector_float_rot,float_rot,exec_shove,vector_float_pushall,float_stackdep,float_sub,vector_float_sho,integer_div,integer_mult,integer_min,float_shove,integer_flush,float_inc,in1,integer_yank,integer_fromflo,vector_float_yankdup,float_ya,vector_float_butla,integer_sw,float_pop,exec_d,float_yankd,integer_max,exec_dup,exec_k,float_frominteger,float_mult,exec_noop,exec_p,exec_r,exec_s,vector_float_butlast,integer_flu,exec_y,float_mod,integer_ya,integer_yankdup,exec_stackdep,exec_do*ran,vector_float_index,vector_float_pop,exec_do*cou,vector_float_ta,vector_float_flu,float_add,exec_do*times,integer_shove,float_tan,vector_float_la,vector_float_indexof,float_sho,float_frominteg,integer_dup,vector_float_stackdepth,exec_sho,vector_float_replace,exec_swap,vector_float_rever,autoconstructive_integer_ra,exec_sw,integer_add,exec_flush,float_flu,float_cos,exec_flu,integer_mod,float_div,vector_float_leng,integer_inc,vector_float_yank,exec_rot,vector_float_flush,float_dec,vector_float_set,integer_pop,vector_float_shove,exec_pop,vector_float_take,vector_float_concat,vector_float_pusha,vector_float_ya,vector_float_remo,float_sin,autoconstructive_integer_rand,vector_float_length,exec_do*count,integer_sub,float_mu,exec_no,vector_float_re,float_dup,integer_r,integer_sho,vector_float_yankd,integer_stackdepth,integer_dec,exec,vector_float_replacefir,vector_float_nth,float_swap,vector_float_co,exec_ya,float_yank,float_flush,float_t,integer_d,integer_a,integer_m,integer_i,vector_float_subv,integer_s,integer_p,vector_float_repla,vector_float_sw
0.000396224546111,0.000231130985231,1.41508766468e-05,4.71695888227e-06,5.1886547705e-05,1.41508766468e-05,3.30187121759e-05,1.41508766468e-05,2.35847944113e-05,2.35847944113e-05,4.24526299404e-05,0.000245281861878,3.30187121759e-05,6.60374243518e-05,0.0,0.0,4.71695888227e-06,4.71695888227e-06,9.43391776454e-05,0.000198112273055,4.71695888227e-06,9.43391776454e-05,0.0,0.000136791807586,0.0,0.0,4.71695888227e-06,0.000471695888227,0.000108490054292,4.71695888227e-06,0.000212263149702,9.43391776454e-06,2.83017532936e-05,2.35847944113e-05,0.0,0.0,7.54713421163e-05,0.0,4.71695888227e-06,0.0,0.000438677176051,0.000188678355291,7.0754383234e-05,0.000169810519762,4.24526299404e-05,4.71695888227e-06,0.000155659643115,8.49052598808e-05,8.49052598808e-05,9.43391776454e-06,0.000462261970462,1.88678355291e-05,0.000113207013174,0.0,5.66035065872e-05,0.000174527478644,0.000113207013174,0.000117923972057,9.43391776454e-06,8.96222187631e-05,0.000683959037929,0.000174527478644,4.71695888227e-06,0.000155659643115,9.43391776454e-06,4.71695888227e-05,0.0,0.0,4.71695888227e-05,1.88678355291e-05,0.000306602327348,0.000325470162877,5.66035065872e-05,0.000514148518167,0.000202829231938,8.01883009986e-05,0.0,4.71695888227e-06,1.41508766468e-05,0.000193395314173,1.41508766468e-05,4.24526299404e-05,0.000127357889821,0.000117923972057,0.000127357889821,8.01883009986e-05,9.43391776454e-06,0.0,5.1886547705e-05,0.0,9.43391776454e-06,2.35847944113e-05,1.88678355291e-05,0.000132074848704,9.90561365277e-05,9.43391776454e-06,0.0,3.30187121759e-05,4.71695888227e-06,9.43391776454e-06,3.77356710582e-05,0.000330187121759,0.0,2.35847944113e-05,5.66035065872e-05,0.0,0.0,1.41508766468e-05,4.71695888227e-05,0.0,0.0,5.66035065872e-05,0.0,0.000169810519762,0.000240564902996,2.35847944113e-05,8.01883009986e-05,2.35847944113e-05,2.35847944113e-05,0.000292451450701,0.000235847944113,0.000264149697407,6.60374243518e-05,0.000160376601997,1.41508766468e-05,5.1886547705e-05,3.77356710582e-05,2.35847944113e-05,4.71695888227e-06,4.71695888227e-06,7.54713421163e-05,3.77356710582e-05,0.000268866656289,0.000183961396409,0.000108490054292,9.43391776454e-06,0.0,9.43391776454e-06,0.000198112273055,0.0,1.41508766468e-05,1.41508766468e-05,0.000273583615172,8.96222187631e-05,9.43391776454e-06,0.0,0.000132074848704,0.000174527478644,4.71695888227e-06,3.30187121759e-05,9.90561365277e-05,4.71695888227e-05,0.0,1.41508766468e-05,4.71695888227e-06,2.83017532936e-05,4.71695888227e-06,0.0,0.0,4.71695888227e-06,0.0,9.43391776454e-06
Gen 212
float_yankdup,integer_swap,vector_float_conj,vector_float_conc,vector_float_occurrencesof,vector_float_replacefirst,vector_float_rest,vector_float_p,vector_float_s,vector_float_r,vector_float_first,integer_fromfloat,vector_float_last,vector_float_d,float_sw,exec_yankd,vector_float_n,exec_do*tim,exec_yankdup,exec_yank,integer_mu,vector_float_remove,vector_float_fir,exec_do*vector_float,float_p,float_r,vector_float_stackdep,vector_float_dup,vector_float_subvec,float_i,exec_do*range,integer_yankd,float_m,integer_rot,float_a,float_c,float_d,integer_stackdep,float_s,vector_float_occurrences,exec_stackdepth,vector_float_swap,vector_float_reverse,float_stackdepth,float_max,exec_do*vector_flo,float_min,vector_float_rot,float_rot,exec_shove,vector_float_pushall,float_stackdep,float_sub,vector_float_sho,integer_div,integer_mult,integer_min,float_shove,integer_flush,float_inc,in1,integer_yank,integer_fromflo,vector_float_yankdup,float_ya,vector_float_butla,integer_sw,float_pop,exec_d,float_yankd,integer_max,exec_dup,exec_k,float_frominteger,float_mult,exec_noop,exec_p,exec_r,exec_s,vector_float_butlast,integer_flu,exec_y,float_mod,integer_ya,integer_yankdup,exec_stackdep,exec_do*ran,vector_float_index,vector_float_pop,exec_do*cou,vector_float_ta,vector_float_flu,float_add,exec_do*times,integer_shove,float_tan,vector_float_la,vector_float_indexof,float_sho,float_frominteg,integer_dup,vector_float_stackdepth,exec_sho,vector_float_replace,exec_swap,vector_float_rever,autoconstructive_integer_ra,exec_sw,integer_add,exec_flush,float_flu,float_cos,exec_flu,integer_mod,float_div,vector_float_leng,integer_inc,vector_float_yank,exec_rot,vector_float_flush,float_dec,vector_float_set,integer_pop,vector_float_shove,exec_pop,vector_float_take,vector_float_concat,vector_float_pusha,vector_float_ya,vector_float_remo,float_sin,autoconstructive_integer_rand,vector_float_length,exec_do*count,integer_sub,float_mu,exec_no,vector_float_re,float_dup,integer_r,integer_sho,vector_float_yankd,integer_stackdepth,integer_dec,exec,vector_float_replacefir,vector_float_nth,float_swap,vector_float_co,exec_ya,float_yank,float_flush,float_t,integer_d,integer_a,integer_m,integer_i,vector_float_subv,integer_s,integer_p,vector_float_repla,vector_float_sw
0.000361500650232,0.000281688818362,9.38962727875e-06,2.34740681969e-05,0.000103285900066,2.81688818362e-05,4.69481363937e-05,3.7558509115e-05,1.87792545575e-05,0.0,3.7558509115e-05,0.000220656241051,7.04222045906e-05,5.63377636725e-05,0.0,9.38962727875e-06,1.87792545575e-05,3.28636954756e-05,0.000159623663739,0.000230045868329,4.69481363937e-06,7.98118318693e-05,4.69481363937e-06,0.000183097731936,0.0,0.0,9.38962727875e-06,0.000502345059413,0.000117370340984,4.69481363937e-06,0.000187792545575,4.69481363937e-06,2.81688818362e-05,4.69481363937e-05,0.0,0.0,9.85910864268e-05,4.69481363937e-06,4.69481363937e-06,9.38962727875e-06,0.000511734686692,0.000262909563805,8.92014591481e-05,0.000164318477378,7.98118318693e-05,0.0,0.000267604377444,0.000112675527345,0.000126759968263,1.40844409181e-05,0.000483565804855,0.0,0.000178402918296,9.38962727875e-06,7.511701823e-05,0.000211266613772,0.000117370340984,0.000131454781902,1.40844409181e-05,0.000122065154624,0.000704222045906,0.000169013291017,0.0,0.000126759968263,0.0,3.28636954756e-05,1.87792545575e-05,0.0,4.22533227544e-05,2.34740681969e-05,0.000328636954756,0.000338026582035,8.45066455087e-05,0.000615020586758,0.000239435495608,0.000140844409181,0.0,2.81688818362e-05,1.87792545575e-05,0.000169013291017,1.87792545575e-05,8.92014591481e-05,0.000239435495608,0.000145539222821,0.00015023403646,6.10325773118e-05,0.0,4.69481363937e-06,0.000103285900066,9.38962727875e-06,0.0,3.7558509115e-05,3.7558509115e-05,0.000206571800132,0.000126759968263,6.10325773118e-05,0.0,5.63377636725e-05,9.38962727875e-06,9.38962727875e-06,3.7558509115e-05,0.000384974718429,0.0,7.98118318693e-05,6.10325773118e-05,1.40844409181e-05,4.69481363937e-06,9.38962727875e-06,7.98118318693e-05,4.69481363937e-06,0.0,6.57273909512e-05,0.0,0.000131454781902,0.000178402918296,9.38962727875e-06,0.000103285900066,5.16429500331e-05,4.69481363937e-05,0.000248825122887,0.000309857700199,0.000262909563805,0.000164318477378,0.000211266613772,5.16429500331e-05,4.69481363937e-05,6.10325773118e-05,4.69481363937e-05,4.69481363937e-06,9.38962727875e-06,8.92014591481e-05,8.92014591481e-05,0.000286383632002,0.00015023403646,0.000197182172854,4.69481363937e-06,0.0,0.0,0.000192487359214,9.38962727875e-06,0.0,4.69481363937e-06,0.000262909563805,0.00015023403646,9.38962727875e-06,0.0,0.000173708104657,0.000262909563805,0.0,4.22533227544e-05,8.92014591481e-05,7.511701823e-05,4.69481363937e-06,2.34740681969e-05,4.69481363937e-06,1.87792545575e-05,4.69481363937e-06,4.69481363937e-06,0.0,0.0,0.0,9.38962727875e-06
Gen 213
float_yankdup,integer_swap,vector_float_conj,vector_float_conc,vector_float_occurrencesof,vector_float_replacefirst,vector_float_rest,vector_float_p,vector_float_s,vector_float_r,vector_float_first,integer_fromfloat,vector_float_last,vector_float_d,float_sw,exec_yankd,vector_float_n,exec_do*tim,exec_yankdup,exec_yank,integer_mu,vector_float_remove,vector_float_fir,exec_do*vector_float,float_p,float_r,vector_float_stackdep,vector_float_dup,vector_float_subvec,float_i,exec_do*range,integer_yankd,float_m,integer_rot,float_a,float_c,float_d,integer_stackdep,float_s,vector_float_occurrences,exec_stackdepth,vector_float_swap,vector_float_reverse,float_stackdepth,float_max,exec_do*vector_flo,float_min,vector_float_rot,float_rot,exec_shove,vector_float_pushall,float_stackdep,float_sub,vector_float_sho,integer_div,integer_mult,integer_min,float_shove,integer_flush,float_inc,in1,integer_yank,integer_fromflo,vector_float_yankdup,float_ya,vector_float_butla,integer_sw,float_pop,exec_d,float_yankd,integer_max,exec_dup,exec_k,float_frominteger,float_mult,exec_noop,exec_p,exec_r,exec_s,vector_float_butlast,integer_flu,exec_y,float_mod,integer_ya,integer_yankdup,exec_stackdep,exec_do*ran,vector_float_index,vector_float_pop,exec_do*cou,vector_float_ta,vector_float_flu,float_add,exec_do*times,integer_shove,float_tan,vector_float_la,vector_float_indexof,float_sho,float_frominteg,integer_dup,vector_float_stackdepth,exec_sho,vector_float_replace,exec_swap,vector_float_rever,autoconstructive_integer_ra,exec_sw,integer_add,exec_flush,float_flu,float_cos,exec_flu,integer_mod,float_div,vector_float_leng,integer_inc,vector_float_yank,exec_rot,vector_float_flush,float_dec,vector_float_set,integer_pop,vector_float_shove,exec_pop,vector_float_take,vector_float_concat,vector_float_pusha,vector_float_ya,vector_float_remo,float_sin,autoconstructive_integer_rand,vector_float_length,exec_do*count,integer_sub,float_mu,exec_no,vector_float_re,float_dup,integer_r,integer_sho,vector_float_yankd,integer_stackdepth,integer_dec,exec,vector_float_replacefir,vector_float_nth,float_swap,vector_float_co,exec_ya,float_yank,float_flush,float_t,integer_d,integer_a,integer_m,integer_i,vector_float_subv,integer_s,integer_p,vector_float_repla,vector_float_sw
0.000294391147705,0.000214952266578,2.3364376802e-05,9.34575072079e-06,0.000107476133289,1.86915014416e-05,3.73830028832e-05,4.6728753604e-05,4.20558782436e-05,0.0,5.14016289644e-05,0.000186915014416,5.14016289644e-05,4.6728753604e-05,9.34575072079e-06,0.0,9.34575072079e-06,0.0,0.000163550637614,0.000168223512974,0.0,0.000107476133289,0.0,8.87846318475e-05,0.0,0.0,9.34575072079e-06,0.000373830028832,0.000107476133289,1.40186260812e-05,0.000168223512974,1.40186260812e-05,1.86915014416e-05,5.14016289644e-05,0.0,4.6728753604e-06,8.87846318475e-05,0.0,1.40186260812e-05,9.34575072079e-06,0.000425231657796,0.000252335269461,0.000154204886893,0.000140186260812,9.34575072079e-05,4.6728753604e-06,0.000285045396984,0.00011682188401,0.000126167634731,1.86915014416e-05,0.000378502904192,4.6728753604e-06,0.000154204886893,4.6728753604e-06,8.41117564871e-05,0.000149532011533,0.000107476133289,9.34575072079e-05,1.86915014416e-05,0.00011682188401,0.000630838173653,0.000154204886893,1.40186260812e-05,0.00012149475937,4.6728753604e-06,9.34575072079e-06,0.0,0.0,4.20558782436e-05,1.40186260812e-05,0.000252335269461,0.000266353895543,5.14016289644e-05,0.000509343414283,0.000196260765137,0.000126167634731,0.0,0.0,1.40186260812e-05,9.34575072079e-05,3.27101275228e-05,5.14016289644e-05,0.000266353895543,8.87846318475e-05,9.81303825683e-05,5.60745043247e-05,4.6728753604e-06,0.0,7.47660057663e-05,0.0,0.0,1.86915014416e-05,2.80372521624e-05,0.000252335269461,7.00931304059e-05,3.73830028832e-05,0.0,4.6728753604e-05,0.0,3.27101275228e-05,5.60745043247e-05,0.000331774150588,0.0,4.6728753604e-05,4.6728753604e-05,4.6728753604e-06,0.0,9.34575072079e-06,7.00931304059e-05,0.0,4.6728753604e-06,5.60745043247e-05,0.0,0.000126167634731,0.000168223512974,1.40186260812e-05,8.87846318475e-05,3.73830028832e-05,4.6728753604e-05,0.000182242139055,0.000285045396984,0.000219625141939,0.00011682188401,0.000158877762253,1.40186260812e-05,9.34575072079e-05,5.14016289644e-05,2.80372521624e-05,4.6728753604e-06,0.0,0.000107476133289,0.00011682188401,0.000266353895543,0.000130840510091,0.000172896388335,0.0,0.0,4.6728753604e-06,0.000182242139055,4.6728753604e-06,0.0,1.40186260812e-05,0.000224298017299,0.000135513385451,9.34575072079e-06,0.0,0.000186915014416,0.00023364376802,0.0,2.3364376802e-05,4.6728753604e-05,6.07473796851e-05,4.6728753604e-06,1.86915014416e-05,0.0,2.3364376802e-05,4.6728753604e-06,0.0,4.6728753604e-06,9.34575072079e-06,4.6728753604e-06,4.6728753604e-06
Gen 214
float_yankdup,integer_swap,vector_float_conj,vector_float_conc,vector_float_occurrencesof,vector_float_replacefirst,vector_float_rest,vector_float_p,vector_float_s,vector_float_r,vector_float_first,integer_fromfloat,vector_float_last,vector_float_d,float_sw,exec_yankd,vector_float_n,exec_do*tim,exec_yankdup,exec_yank,integer_mu,vector_float_remove,vector_float_fir,exec_do*vector_float,float_p,float_r,vector_float_stackdep,vector_float_dup,vector_float_subvec,float_i,exec_do*range,integer_yankd,float_m,integer_rot,float_a,float_c,float_d,integer_stackdep,float_s,vector_float_occurrences,exec_stackdepth,vector_float_swap,vector_float_reverse,float_stackdepth,float_max,exec_do*vector_flo,float_min,vector_float_rot,float_rot,exec_shove,vector_float_pushall,float_stackdep,float_sub,vector_float_sho,integer_div,integer_mult,integer_min,float_shove,integer_flush,float_inc,in1,integer_yank,integer_fromflo,vector_float_yankdup,float_ya,vector_float_butla,integer_sw,float_pop,exec_d,float_yankd,integer_max,exec_dup,exec_k,float_frominteger,float_mult,exec_noop,exec_p,exec_r,exec_s,vector_float_butlast,integer_flu,exec_y,float_mod,integer_ya,integer_yankdup,exec_stackdep,exec_do*ran,vector_float_index,vector_float_pop,exec_do*cou,vector_float_ta,vector_float_flu,float_add,exec_do*times,integer_shove,float_tan,vector_float_la,vector_float_indexof,float_sho,float_frominteg,integer_dup,vector_float_stackdepth,exec_sho,vector_float_replace,exec_swap,vector_float_rever,autoconstructive_integer_ra,exec_sw,integer_add,exec_flush,float_flu,float_cos,exec_flu,integer_mod,float_div,vector_float_leng,integer_inc,vector_float_yank,exec_rot,vector_float_flush,float_dec,vector_float_set,integer_pop,vector_float_shove,exec_pop,vector_float_take,vector_float_concat,vector_float_pusha,vector_float_ya,vector_float_remo,float_sin,autoconstructive_integer_rand,vector_float_length,exec_do*count,integer_sub,float_mu,exec_no,vector_float_re,float_dup,integer_r,integer_sho,vector_float_yankd,integer_stackdepth,integer_dec,exec,vector_float_replacefir,vector_float_nth,float_swap,vector_float_co,exec_ya,float_yank,float_flush,float_t,integer_d,integer_a,integer_m,integer_i,vector_float_subv,integer_s,integer_p,vector_float_repla,vector_float_sw
0.000293021892921,0.000265115045977,1.86045646299e-05,4.65114115748e-06,0.000144185375882,2.32557057874e-05,6.51159762048e-05,4.18602704173e-05,2.79068469449e-05,0.0,3.25579881024e-05,0.000199999069772,0.000102325105465,4.65114115748e-05,4.65114115748e-06,0.0,0.0,0.0,0.000172092222827,0.000172092222827,0.0,0.000125580811252,0.0,0.000139534234724,0.0,0.0,4.65114115748e-06,0.000427904986488,6.51159762048e-05,3.25579881024e-05,0.000213952493244,4.65114115748e-06,1.86045646299e-05,4.65114115748e-05,4.65114115748e-06,4.65114115748e-06,0.000144185375882,9.30228231497e-06,0.0,0.0,0.000427904986488,0.000265115045977,0.000167441081669,0.000144185375882,6.51159762048e-05,0.0,0.000353486727969,0.000144185375882,6.04648350473e-05,1.39534234724e-05,0.000423253845331,9.30228231497e-06,0.000195347928614,4.65114115748e-06,7.90693996772e-05,0.000148836517039,0.000134883093567,0.000172092222827,1.39534234724e-05,0.000125580811252,0.00070232231478,0.000213952493244,9.30228231497e-06,0.000148836517039,4.65114115748e-06,4.65114115748e-06,4.65114115748e-06,0.0,1.86045646299e-05,9.30228231497e-06,0.000283719610606,0.000269766187134,5.11625527323e-05,0.00064650862089,0.000218603634402,0.000102325105465,0.0,0.0,4.65114115748e-06,0.000148836517039,4.18602704173e-05,4.18602704173e-05,0.000223254775559,0.00011162738778,0.00013023195241,2.79068469449e-05,4.65114115748e-06,4.65114115748e-06,8.37205408347e-05,4.65114115748e-06,0.0,4.65114115748e-05,4.18602704173e-05,0.000265115045977,0.00011162738778,6.04648350473e-05,4.65114115748e-06,5.11625527323e-05,4.65114115748e-06,1.39534234724e-05,3.25579881024e-05,0.000339533304496,0.0,7.44182585197e-05,2.79068469449e-05,9.30228231497e-06,0.0,4.65114115748e-06,6.04648350473e-05,0.0,0.0,3.25579881024e-05,0.0,0.00011162738778,0.000167441081669,0.0,5.58136938898e-05,9.30228231497e-05,3.72091292599e-05,0.000237208199032,0.000279068469449,0.000204650210929,0.000148836517039,0.00013023195241,4.65114115748e-06,9.30228231497e-05,9.30228231497e-05,3.72091292599e-05,0.0,0.0,0.000125580811252,0.000153487658197,0.000311626457551,0.000139534234724,0.000195347928614,9.30228231497e-06,4.65114115748e-06,4.65114115748e-06,0.000162789940512,0.0,4.65114115748e-06,1.86045646299e-05,0.000218603634402,0.00013023195241,4.65114115748e-06,9.30228231497e-06,0.000139534234724,0.000269766187134,0.0,3.72091292599e-05,3.72091292599e-05,0.000102325105465,4.65114115748e-06,2.32557057874e-05,0.0,1.39534234724e-05,0.0,4.65114115748e-06,4.65114115748e-06,4.65114115748e-06,4.65114115748e-06,3.25579881024e-05
Gen 215
float_yankdup,integer_swap,vector_float_conj,vector_float_conc,vector_float_occurrencesof,vector_float_replacefirst,vector_float_rest,vector_float_p,vector_float_s,vector_float_r,vector_float_first,integer_fromfloat,vector_float_last,vector_float_d,float_sw,exec_yankd,vector_float_n,exec_do*tim,exec_yankdup,exec_yank,integer_mu,vector_float_remove,vector_float_fir,exec_do*vector_float,float_p,float_r,vector_float_stackdep,vector_float_dup,vector_float_subvec,float_i,exec_do*range,integer_yankd,float_m,integer_rot,float_a,float_c,float_d,integer_stackdep,float_s,vector_float_occurrences,exec_stackdepth,vector_float_swap,vector_float_reverse,float_stackdepth,float_max,exec_do*vector_flo,float_min,vector_float_rot,float_rot,exec_shove,vector_float_pushall,float_stackdep,float_sub,vector_float_sho,integer_div,integer_mult,integer_min,float_shove,integer_flush,float_inc,in1,integer_yank,integer_fromflo,vector_float_yankdup,float_ya,vector_float_butla,integer_sw,float_pop,exec_d,float_yankd,integer_max,exec_dup,exec_k,float_frominteger,float_mult,exec_noop,exec_p,exec_r,exec_s,vector_float_butlast,integer_flu,exec_y,float_mod,integer_ya,integer_yankdup,exec_stackdep,exec_do*ran,vector_float_index,vector_float_pop,exec_do*cou,vector_float_ta,vector_float_flu,float_add,exec_do*times,integer_shove,float_tan,vector_float_la,vector_float_indexof,float_sho,float_frominteg,integer_dup,vector_float_stackdepth,exec_sho,vector_float_replace,exec_swap,vector_float_rever,autoconstructive_integer_ra,exec_sw,integer_add,exec_flush,float_flu,float_cos,exec_flu,integer_mod,float_div,vector_float_leng,integer_inc,vector_float_yank,exec_rot,vector_float_flush,float_dec,vector_float_set,integer_pop,vector_float_shove,exec_pop,vector_float_take,vector_float_concat,vector_float_pusha,vector_float_ya,vector_float_remo,float_sin,autoconstructive_integer_rand,vector_float_length,exec_do*count,integer_sub,float_mu,exec_no,vector_float_re,float_dup,integer_r,integer_sho,vector_float_yankd,integer_stackdepth,integer_dec,exec,vector_float_replacefir,vector_float_nth,float_swap,vector_float_co,exec_ya,float_yank,float_flush,float_t,integer_d,integer_a,integer_m,integer_i,vector_float_subv,integer_s,integer_p,vector_float_repla,vector_float_sw
0.000314813357346,0.000240739626205,2.77776491776e-05,9.25921639252e-06,0.000152777070477,2.77776491776e-05,7.87033393364e-05,1.38888245888e-05,3.70368655701e-05,0.0,6.01849065514e-05,0.000217591585224,3.70368655701e-05,6.94441229439e-05,4.62960819626e-06,4.62960819626e-06,9.25921639252e-06,9.25921639252e-06,0.000166665895065,0.00018518432785,0.0,0.000175925111458,4.62960819626e-06,0.000166665895065,0.0,4.62960819626e-06,9.25921639252e-06,0.000356479831112,8.79625557289e-05,9.25921639252e-06,0.000245369234402,4.62960819626e-06,3.70368655701e-05,4.16664737663e-05,0.0,4.62960819626e-06,9.25921639252e-05,2.77776491776e-05,9.25921639252e-06,4.62960819626e-06,0.000499997685196,0.000337961398327,0.000162036286869,0.000152777070477,7.40737311401e-05,4.62960819626e-06,0.000296294924561,9.25921639252e-05,0.00011111059671,2.31480409813e-05,0.000416664737663,4.62960819626e-06,0.000152777070477,0.0,9.72217721214e-05,0.000166665895065,0.000157406678673,0.000106480988514,2.31480409813e-05,0.000175925111458,0.000685182013046,0.000180554719654,3.24072573738e-05,0.00011111059671,0.0,4.62960819626e-06,4.62960819626e-06,9.25921639252e-06,2.77776491776e-05,1.8518432785e-05,0.000328702181934,0.000314813357346,6.01849065514e-05,0.000546293767158,0.000194443544243,0.000152777070477,4.62960819626e-06,0.0,1.38888245888e-05,0.000226850801617,2.77776491776e-05,7.40737311401e-05,0.000217591585224,8.33329475327e-05,9.25921639252e-05,1.38888245888e-05,0.0,0.0,0.000101851380318,0.0,0.0,3.24072573738e-05,9.25921639252e-06,0.000231480409813,0.000124999421299,6.94441229439e-05,0.0,5.09256901588e-05,1.38888245888e-05,1.8518432785e-05,2.77776491776e-05,0.000370368655701,0.0,7.87033393364e-05,3.24072573738e-05,9.25921639252e-06,0.0,0.0,3.70368655701e-05,0.0,4.62960819626e-06,2.31480409813e-05,0.0,0.000134258637691,0.000277776491776,4.62960819626e-06,8.33329475327e-05,9.72217721214e-05,6.48145147476e-05,0.000212961977028,0.000240739626205,0.000263887667187,9.25921639252e-05,0.00022222119342,1.8518432785e-05,6.48145147476e-05,5.55552983551e-05,2.31480409813e-05,0.0,0.0,0.000143517854084,0.000129629029495,0.000208332368832,0.000101851380318,0.000212961977028,4.62960819626e-06,1.38888245888e-05,1.38888245888e-05,0.000134258637691,0.0,4.62960819626e-06,4.62960819626e-06,0.000236110018009,0.000106480988514,1.38888245888e-05,0.0,0.000106480988514,0.000217591585224,0.0,4.16664737663e-05,4.16664737663e-05,0.000101851380318,0.0,1.38888245888e-05,0.0,5.55552983551e-05,4.62960819626e-06,1.38888245888e-05,4.62960819626e-06,0.0,4.62960819626e-06,6.01849065514e-05
Gen 216
float_yankdup,integer_swap,vector_float_conj,vector_float_conc,vector_float_occurrencesof,vector_float_replacefirst,vector_float_rest,vector_float_p,vector_float_s,vector_float_r,vector_float_first,integer_fromfloat,vector_float_last,vector_float_d,float_sw,exec_yankd,vector_float_n,exec_do*tim,exec_yankdup,exec_yank,integer_mu,vector_float_remove,vector_float_fir,exec_do*vector_float,float_p,float_r,vector_float_stackdep,vector_float_dup,vector_float_subvec,float_i,exec_do*range,integer_yankd,float_m,integer_rot,float_a,float_c,float_d,integer_stackdep,float_s,vector_float_occurrences,exec_stackdepth,vector_float_swap,vector_float_reverse,float_stackdepth,float_max,exec_do*vector_flo,float_min,vector_float_rot,float_rot,exec_shove,vector_float_pushall,float_stackdep,float_sub,vector_float_sho,integer_div,integer_mult,integer_min,float_shove,integer_flush,float_inc,in1,integer_yank,integer_fromflo,vector_float_yankdup,float_ya,vector_float_butla,integer_sw,float_pop,exec_d,float_yankd,integer_max,exec_dup,exec_k,float_frominteger,float_mult,exec_noop,exec_p,exec_r,exec_s,vector_float_butlast,integer_flu,exec_y,float_mod,integer_ya,integer_yankdup,exec_stackdep,exec_do*ran,vector_float_index,vector_float_pop,exec_do*cou,vector_float_ta,vector_float_flu,float_add,exec_do*times,integer_shove,float_tan,vector_float_la,vector_float_indexof,float_sho,float_frominteg,integer_dup,vector_float_stackdepth,exec_sho,vector_float_replace,exec_swap,vector_float_rever,autoconstructive_integer_ra,exec_sw,integer_add,exec_flush,float_flu,float_cos,exec_flu,integer_mod,float_div,vector_float_leng,integer_inc,vector_float_yank,exec_rot,vector_float_flush,float_dec,vector_float_set,integer_pop,vector_float_shove,exec_pop,vector_float_take,vector_float_concat,vector_float_pusha,vector_float_ya,vector_float_remo,float_sin,autoconstructive_integer_rand,vector_float_length,exec_do*count,integer_sub,float_mu,exec_no,vector_float_re,float_dup,integer_r,integer_sho,vector_float_yankd,integer_stackdepth,integer_dec,exec,vector_float_replacefir,vector_float_nth,float_swap,vector_float_co,exec_ya,float_yank,float_flush,float_t,integer_d,integer_a,integer_m,integer_i,vector_float_subv,integer_s,integer_p,vector_float_repla,vector_float_sw
0.000304146063843,0.000207372316257,3.22579158621e-05,0.0,8.29489265026e-05,1.84330947784e-05,7.37323791135e-05,1.84330947784e-05,3.22579158621e-05,0.0,5.06910106405e-05,0.000161289579311,3.22579158621e-05,7.83406528081e-05,0.0,9.21654738918e-06,9.21654738918e-06,1.38248210838e-05,0.000142856484532,0.000193547495173,9.21654738918e-06,9.21654738918e-05,0.0,0.000198155768867,0.0,4.60827369459e-06,4.60827369459e-06,0.000345620527094,0.000105990294976,2.3041368473e-05,0.000147464758227,0.0,4.60827369459e-06,3.68661895567e-05,0.0,0.0,0.000119815116059,1.38248210838e-05,1.84330947784e-05,0.0,0.000400919811429,0.000262671600592,0.000147464758227,0.000156681305616,9.67737475864e-05,1.38248210838e-05,0.000235021958424,7.37323791135e-05,0.000124423389754,1.38248210838e-05,0.000483868737932,0.0,0.000119815116059,2.3041368473e-05,0.000101382021281,7.37323791135e-05,0.000124423389754,8.75572001972e-05,5.52992843351e-05,8.29489265026e-05,0.000640550043548,0.000156681305616,9.21654738918e-06,0.000119815116059,0.0,9.21654738918e-06,0.0,0.0,4.14744632513e-05,9.21654738918e-06,0.000225805411035,0.00028110469537,4.14744632513e-05,0.000525343201183,0.000285712969065,0.000179722674089,4.60827369459e-06,0.0,0.0,0.000161289579311,1.84330947784e-05,4.60827369459e-05,0.000161289579311,9.21654738918e-05,0.000101382021281,1.84330947784e-05,9.21654738918e-06,4.60827369459e-06,9.21654738918e-05,9.21654738918e-06,9.21654738918e-06,4.60827369459e-05,1.84330947784e-05,0.000193547495173,5.52992843351e-05,6.91241054189e-05,9.21654738918e-06,3.22579158621e-05,0.0,1.38248210838e-05,1.84330947784e-05,0.000313362611232,0.0,0.000147464758227,1.84330947784e-05,0.0,0.0,0.0,3.22579158621e-05,4.60827369459e-06,4.60827369459e-06,0.0,0.0,0.000115206842365,0.000202764042562,4.60827369459e-06,4.14744632513e-05,2.76496421675e-05,3.22579158621e-05,0.000188939221478,0.000184330947784,0.000156681305616,9.67737475864e-05,0.000207372316257,3.22579158621e-05,7.83406528081e-05,7.83406528081e-05,1.38248210838e-05,0.0,4.60827369459e-06,0.00011059856867,9.21654738918e-05,0.00022119713734,7.83406528081e-05,0.000175114400394,0.0,0.0,1.38248210838e-05,0.000133639937143,4.60827369459e-06,0.0,2.3041368473e-05,0.000188939221478,0.000115206842365,0.0,0.0,0.000105990294976,0.000188939221478,0.0,2.3041368473e-05,5.52992843351e-05,9.21654738918e-05,0.0,4.60827369459e-06,4.60827369459e-06,3.22579158621e-05,0.0,4.60827369459e-06,0.0,9.21654738918e-06,4.60827369459e-06,0.0
Gen 217
float_yankdup,integer_swap,vector_float_conj,vector_float_conc,vector_float_occurrencesof,vector_float_replacefirst,vector_float_rest,vector_float_p,vector_float_s,vector_float_r,vector_float_first,integer_fromfloat,vector_float_last,vector_float_d,float_sw,exec_yankd,vector_float_n,exec_do*tim,exec_yankdup,exec_yank,integer_mu,vector_float_remove,vector_float_fir,exec_do*vector_float,float_p,float_r,vector_float_stackdep,vector_float_dup,vector_float_subvec,float_i,exec_do*range,integer_yankd,float_m,integer_rot,float_a,float_c,float_d,integer_stackdep,float_s,vector_float_occurrences,exec_stackdepth,vector_float_swap,vector_float_reverse,float_stackdepth,float_max,exec_do*vector_flo,float_min,vector_float_rot,float_rot,exec_shove,vector_float_pushall,float_stackdep,float_sub,vector_float_sho,integer_div,integer_mult,integer_min,float_shove,integer_flush,float_inc,in1,integer_yank,integer_fromflo,vector_float_yankdup,float_ya,vector_float_butla,integer_sw,float_pop,exec_d,float_yankd,integer_max,exec_dup,exec_k,float_frominteger,float_mult,exec_noop,exec_p,exec_r,exec_s,vector_float_butlast,integer_flu,exec_y,float_mod,integer_ya,integer_yankdup,exec_stackdep,exec_do*ran,vector_float_index,vector_float_pop,exec_do*cou,vector_float_ta,vector_float_flu,float_add,exec_do*times,integer_shove,float_tan,vector_float_la,vector_float_indexof,float_sho,float_frominteg,integer_dup,vector_float_stackdepth,exec_sho,vector_float_replace,exec_swap,vector_float_rever,autoconstructive_integer_ra,exec_sw,integer_add,exec_flush,float_flu,float_cos,exec_flu,integer_mod,float_div,vector_float_leng,integer_inc,vector_float_yank,exec_rot,vector_float_flush,float_dec,vector_float_set,integer_pop,vector_float_shove,exec_pop,vector_float_take,vector_float_concat,vector_float_pusha,vector_float_ya,vector_float_remo,float_sin,autoconstructive_integer_rand,vector_float_length,exec_do*count,integer_sub,float_mu,exec_no,vector_float_re,float_dup,integer_r,integer_sho,vector_float_yankd,integer_stackdepth,integer_dec,exec,vector_float_replacefir,vector_float_nth,float_swap,vector_float_co,exec_ya,float_yank,float_flush,float_t,integer_d,integer_a,integer_m,integer_i,vector_float_subv,integer_s,integer_p,vector_float_repla,vector_float_sw
0.000357796523869,0.000224769611149,2.75228095284e-05,0.0,6.8807023821e-05,5.04584841354e-05,3.66970793712e-05,1.83485396856e-05,5.50456190568e-05,4.5871349214e-06,5.50456190568e-05,0.000169723992092,2.75228095284e-05,3.66970793712e-05,9.1742698428e-06,4.5871349214e-06,0.0,2.2935674607e-05,0.000155962587328,0.000169723992092,1.37614047642e-05,0.000128439777799,9.1742698428e-06,0.000142201182563,0.0,4.5871349214e-06,9.1742698428e-06,0.000348622254026,6.42198888996e-05,4.5871349214e-06,0.000174311127013,9.1742698428e-06,4.5871349214e-06,6.42198888996e-05,0.0,0.0,9.63298333494e-05,4.5871349214e-06,2.2935674607e-05,4.5871349214e-06,0.000376145063555,0.000238531015913,0.000133026912721,0.000160549722249,7.79812936638e-05,9.1742698428e-06,0.000243118150834,7.79812936638e-05,0.000114678373035,9.1742698428e-06,0.000444952087376,0.0,7.33941587424e-05,9.1742698428e-06,0.000119265507956,7.33941587424e-05,7.33941587424e-05,0.000100916968271,3.66970793712e-05,0.000146788317485,0.000633024619153,0.000128439777799,4.5871349214e-06,0.000123852642878,4.5871349214e-06,4.5871349214e-06,9.1742698428e-06,0.0,4.12842142926e-05,1.37614047642e-05,0.00026146669052,0.000252292420677,4.5871349214e-05,0.000504584841354,0.00022935674607,0.000119265507956,0.0,9.1742698428e-06,9.1742698428e-06,0.000133026912721,2.2935674607e-05,5.50456190568e-05,0.000192659666699,0.000105504103192,0.000100916968271,9.1742698428e-06,1.37614047642e-05,9.1742698428e-06,9.1742698428e-05,4.5871349214e-06,1.37614047642e-05,1.83485396856e-05,1.37614047642e-05,0.000192659666699,6.42198888996e-05,8.71555635066e-05,0.0,4.12842142926e-05,9.1742698428e-06,4.5871349214e-06,3.21099444498e-05,0.00029357663497,0.0,5.96327539782e-05,5.50456190568e-05,4.5871349214e-06,0.0,4.5871349214e-06,5.50456190568e-05,4.5871349214e-06,0.0,4.5871349214e-06,0.0,0.000105504103192,0.000160549722249,0.0,4.12842142926e-05,3.21099444498e-05,4.5871349214e-05,0.000238531015913,0.000192659666699,0.000160549722249,8.71555635066e-05,0.000201833936542,3.21099444498e-05,0.000119265507956,7.79812936638e-05,2.75228095284e-05,0.0,4.5871349214e-06,0.000114678373035,8.71555635066e-05,0.000252292420677,9.63298333494e-05,0.000133026912721,4.5871349214e-06,4.5871349214e-06,1.83485396856e-05,0.000155962587328,0.0,0.0,5.50456190568e-05,0.000247705285756,0.000123852642878,9.1742698428e-06,0.0,0.000105504103192,0.000206421071463,4.5871349214e-06,2.2935674607e-05,1.83485396856e-05,0.000105504103192,4.5871349214e-06,4.5871349214e-06,9.1742698428e-06,3.66970793712e-05,0.0,9.1742698428e-06,0.0,9.1742698428e-06,4.5871349214e-06,9.1742698428e-06
Gen 218
float_yankdup,integer_swap,vector_float_conj,vector_float_conc,vector_float_occurrencesof,vector_float_replacefirst,vector_float_rest,vector_float_p,vector_float_s,vector_float_r,vector_float_first,integer_fromfloat,vector_float_last,vector_float_d,float_sw,exec_yankd,vector_float_n,exec_do*tim,exec_yankdup,exec_yank,integer_mu,vector_float_remove,vector_float_fir,exec_do*vector_float,float_p,float_r,vector_float_stackdep,vector_float_dup,vector_float_subvec,float_i,exec_do*range,integer_yankd,float_m,integer_rot,float_a,float_c,float_d,integer_stackdep,float_s,vector_float_occurrences,exec_stackdepth,vector_float_swap,vector_float_reverse,float_stackdepth,float_max,exec_do*vector_flo,float_min,vector_float_rot,float_rot,exec_shove,vector_float_pushall,float_stackdep,float_sub,vector_float_sho,integer_div,integer_mult,integer_min,float_shove,integer_flush,float_inc,in1,integer_yank,integer_fromflo,vector_float_yankdup,float_ya,vector_float_butla,integer_sw,float_pop,exec_d,float_yankd,integer_max,exec_dup,exec_k,float_frominteger,float_mult,exec_noop,exec_p,exec_r,exec_s,vector_float_butlast,integer_flu,exec_y,float_mod,integer_ya,integer_yankdup,exec_stackdep,exec_do*ran,vector_float_index,vector_float_pop,exec_do*cou,vector_float_ta,vector_float_flu,float_add,exec_do*times,integer_shove,float_tan,vector_float_la,vector_float_indexof,float_sho,float_frominteg,integer_dup,vector_float_stackdepth,exec_sho,vector_float_replace,exec_swap,vector_float_rever,autoconstructive_integer_ra,exec_sw,integer_add,exec_flush,float_flu,float_cos,exec_flu,integer_mod,float_div,vector_float_leng,integer_inc,vector_float_yank,exec_rot,vector_float_flush,float_dec,vector_float_set,integer_pop,vector_float_shove,exec_pop,vector_float_take,vector_float_concat,vector_float_pusha,vector_float_ya,vector_float_remo,float_sin,autoconstructive_integer_rand,vector_float_length,exec_do*count,integer_sub,float_mu,exec_no,vector_float_re,float_dup,integer_r,integer_sho,vector_float_yankd,integer_stackdepth,integer_dec,exec,vector_float_replacefir,vector_float_nth,float_swap,vector_float_co,exec_ya,float_yank,float_flush,float_t,integer_d,integer_a,integer_m,integer_i,vector_float_subv,integer_s,integer_p,vector_float_repla,vector_float_sw
0.000506847000699,0.000269405162534,3.19633243684e-05,4.56618919548e-06,8.21914055187e-05,1.36985675864e-05,5.47942703458e-05,1.36985675864e-05,5.02280811503e-05,4.56618919548e-06,8.67575947142e-05,0.000205478513797,4.56618919548e-05,2.73971351729e-05,4.56618919548e-06,9.13237839097e-06,0.0,2.73971351729e-05,0.000210044702992,0.00019177994621,4.56618919548e-06,0.000155250432646,4.56618919548e-05,0.000200912324601,0.0,1.82647567819e-05,0.0,0.000470317487135,6.84928379322e-05,0.0,0.000273971351729,0.0,2.73971351729e-05,5.93604595413e-05,4.56618919548e-06,0.0,0.000132419486669,9.13237839097e-06,1.82647567819e-05,0.0,0.000520545568285,0.00033333181127,0.000109588540692,0.000178081378624,0.000123287108278,2.28309459774e-05,0.000260272784143,8.21914055187e-05,0.000132419486669,4.56618919548e-06,0.000602736973804,4.56618919548e-06,8.67575947142e-05,4.56618919548e-06,0.000173515189428,0.000127853297474,9.58899731051e-05,0.000123287108278,9.13237839097e-06,0.000200912324601,0.000817347865991,0.000146118054255,1.82647567819e-05,0.000132419486669,4.56618919548e-06,0.0,4.56618919548e-06,0.0,5.93604595413e-05,1.36985675864e-05,0.000310500865293,0.000360728946443,5.93604595413e-05,0.000698626946909,0.000328765622075,0.000168949000233,4.56618919548e-06,4.56618919548e-06,4.56618919548e-06,0.000155250432646,6.39266487368e-05,6.39266487368e-05,0.000223743270579,0.00014155186506,0.000150684243451,1.82647567819e-05,4.56618919548e-06,0.0,0.000109588540692,0.0,1.36985675864e-05,6.84928379322e-05,9.13237839097e-06,0.000214610892188,6.84928379322e-05,9.13237839097e-05,0.0,3.65295135639e-05,4.56618919548e-06,4.56618919548e-06,3.19633243684e-05,0.000369861324834,0.0,8.21914055187e-05,6.39266487368e-05,9.13237839097e-06,0.0,9.13237839097e-06,4.10957027593e-05,9.13237839097e-06,4.56618919548e-06,1.82647567819e-05,0.0,0.000132419486669,0.00023287564897,2.28309459774e-05,5.47942703458e-05,2.28309459774e-05,4.10957027593e-05,0.000287669919315,0.000269405162534,0.000200912324601,0.000100456162301,0.000219177081383,2.28309459774e-05,0.000100456162301,7.30590271277e-05,2.28309459774e-05,0.0,4.56618919548e-06,0.000178081378624,0.000109588540692,0.000342464189661,0.000118720919083,0.000150684243451,0.0,0.0,2.28309459774e-05,0.000237441838165,0.0,0.0,5.47942703458e-05,0.00037442751403,0.000136985675864,4.56618919548e-06,9.13237839097e-06,0.000109588540692,0.000255706594947,4.56618919548e-06,3.19633243684e-05,2.73971351729e-05,0.00019177994621,4.56618919548e-06,4.56618919548e-06,4.56618919548e-06,6.84928379322e-05,0.0,0.0,0.0,0.0,0.0,1.36985675864e-05
Gen 219
float_yankdup,integer_swap,vector_float_conj,vector_float_conc,vector_float_occurrencesof,vector_float_replacefirst,vector_float_rest,vector_float_p,vector_float_s,vector_float_r,vector_float_first,integer_fromfloat,vector_float_last,vector_float_d,float_sw,exec_yankd,vector_float_n,exec_do*tim,exec_yankdup,exec_yank,integer_mu,vector_float_remove,vector_float_fir,exec_do*vector_float,float_p,float_r,vector_float_stackdep,vector_float_dup,vector_float_subvec,float_i,exec_do*range,integer_yankd,float_m,integer_rot,float_a,float_c,float_d,integer_stackdep,float_s,vector_float_occurrences,exec_stackdepth,vector_float_swap,vector_float_reverse,float_stackdepth,float_max,exec_do*vector_flo,float_min,vector_float_rot,float_rot,exec_shove,vector_float_pushall,float_stackdep,float_sub,vector_float_sho,integer_div,integer_mult,integer_min,float_shove,integer_flush,float_inc,in1,integer_yank,integer_fromflo,vector_float_yankdup,float_ya,vector_float_butla,integer_sw,float_pop,exec_d,float_yankd,integer_max,exec_dup,exec_k,float_frominteger,float_mult,exec_noop,exec_p,exec_r,exec_s,vector_float_butlast,integer_flu,exec_y,float_mod,integer_ya,integer_yankdup,exec_stackdep,exec_do*ran,vector_float_index,vector_float_pop,exec_do*cou,vector_float_ta,vector_float_flu,float_add,exec_do*times,integer_shove,float_tan,vector_float_la,vector_float_indexof,float_sho,float_frominteg,integer_dup,vector_float_stackdepth,exec_sho,vector_float_replace,exec_swap,vector_float_rever,autoconstructive_integer_ra,exec_sw,integer_add,exec_flush,float_flu,float_cos,exec_flu,integer_mod,float_div,vector_float_leng,integer_inc,vector_float_yank,exec_rot,vector_float_flush,float_dec,vector_float_set,integer_pop,vector_float_shove,exec_pop,vector_float_take,vector_float_concat,vector_float_pusha,vector_float_ya,vector_float_remo,float_sin,autoconstructive_integer_rand,vector_float_length,exec_do*count,integer_sub,float_mu,exec_no,vector_float_re,float_dup,integer_r,integer_sho,vector_float_yankd,integer_stackdepth,integer_dec,exec,vector_float_replacefir,vector_float_nth,float_swap,vector_float_co,exec_ya,float_yank,float_flush,float_t,integer_d,integer_a,integer_m,integer_i,vector_float_subv,integer_s,integer_p,vector_float_repla,vector_float_sw
0.000349998409098,0.000190908223144,2.72726033063e-05,0.0,6.36360743815e-05,2.72726033063e-05,5.45452066127e-05,3.18180371907e-05,5.90906404971e-05,9.09086776878e-06,2.72726033063e-05,0.00018636278926,4.54543388439e-05,4.54543388439e-05,4.54543388439e-06,0.0,0.0,2.2727169422e-05,0.000190908223144,0.000122726714879,0.0,0.000131817582647,4.54543388439e-06,0.000145453884301,0.0,0.0,9.09086776878e-06,0.000349998409098,8.63632438034e-05,9.09086776878e-06,0.000177271921491,9.09086776878e-06,9.09086776878e-06,3.63634710751e-05,0.0,0.0,0.000104544979341,1.36363016532e-05,3.18180371907e-05,0.0,0.000418179917364,0.000268180599179,0.000136363016532,0.00018636278926,8.63632438034e-05,9.09086776878e-06,0.000231817128104,7.72723760347e-05,9.99995454566e-05,1.81817355376e-05,0.000427270785133,0.0,9.54541115722e-05,9.09086776878e-06,8.1817809919e-05,8.1817809919e-05,5.45452066127e-05,9.09086776878e-05,1.81817355376e-05,0.000172726487607,0.000622724442162,0.000136363016532,4.54543388439e-06,0.000127272148763,0.0,4.54543388439e-06,0.0,4.54543388439e-06,4.09089049595e-05,9.09086776878e-06,0.000254544297526,0.000204544524798,4.99997727283e-05,0.000395452747942,0.000209089958682,0.000131817582647,0.0,0.0,1.36363016532e-05,0.000145453884301,5.90906404971e-05,4.54543388439e-05,0.000204544524798,8.63632438034e-05,0.000109090413225,9.09086776878e-06,0.0,4.54543388439e-06,0.000104544979341,0.0,4.54543388439e-06,1.36363016532e-05,9.09086776878e-06,0.000249998863642,5.45452066127e-05,4.99997727283e-05,0.0,4.54543388439e-06,4.54543388439e-06,2.2727169422e-05,4.54543388439e-05,0.000309089504139,0.0,7.27269421503e-05,4.54543388439e-05,0.0,0.0,0.0,7.72723760347e-05,0.0,0.0,3.18180371907e-05,0.0,0.000168181053722,0.000177271921491,1.36363016532e-05,5.90906404971e-05,1.36363016532e-05,4.54543388439e-05,0.000181817355376,0.000177271921491,0.000168181053722,8.63632438034e-05,0.000168181053722,1.36363016532e-05,0.000127272148763,0.000104544979341,9.09086776878e-06,4.54543388439e-06,4.54543388439e-06,0.000109090413225,0.000109090413225,0.000254544297526,9.54541115722e-05,0.000145453884301,1.81817355376e-05,4.54543388439e-06,4.54543388439e-06,0.000154544752069,0.0,0.0,5.90906404971e-05,0.000236362561988,0.000154544752069,1.36363016532e-05,4.54543388439e-06,8.63632438034e-05,0.00022727169422,0.0,2.2727169422e-05,2.2727169422e-05,8.63632438034e-05,0.0,1.81817355376e-05,4.54543388439e-06,3.18180371907e-05,0.0,0.0,4.54543388439e-06,0.0,0.0,9.09086776878e-06
Gen 220
float_yankdup,integer_swap,vector_float_conj,vector_float_conc,vector_float_occurrencesof,vector_float_replacefirst,vector_float_rest,vector_float_p,vector_float_s,vector_float_r,vector_float_first,integer_fromfloat,vector_float_last,vector_float_d,float_sw,exec_yankd,vector_float_n,exec_do*tim,exec_yankdup,exec_yank,integer_mu,vector_float_remove,vector_float_fir,exec_do*vector_float,float_p,float_r,vector_float_stackdep,vector_float_dup,vector_float_subvec,float_i,exec_do*range,integer_yankd,float_m,integer_rot,float_a,float_c,float_d,integer_stackdep,float_s,vector_float_occurrences,exec_stackdepth,vector_float_swap,vector_float_reverse,float_stackdepth,float_max,exec_do*vector_flo,float_min,vector_float_rot,float_rot,exec_shove,vector_float_pushall,float_stackdep,float_sub,vector_float_sho,integer_div,integer_mult,integer_min,float_shove,integer_flush,float_inc,in1,integer_yank,integer_fromflo,vector_float_yankdup,float_ya,vector_float_butla,integer_sw,float_pop,exec_d,float_yankd,integer_max,exec_dup,exec_k,float_frominteger,float_mult,exec_noop,exec_p,exec_r,exec_s,vector_float_butlast,integer_flu,exec_y,float_mod,integer_ya,integer_yankdup,exec_stackdep,exec_do*ran,vector_float_index,vector_float_pop,exec_do*cou,vector_float_ta,vector_float_flu,float_add,exec_do*times,integer_shove,float_tan,vector_float_la,vector_float_indexof,float_sho,float_frominteg,integer_dup,vector_float_stackdepth,exec_sho,vector_float_replace,exec_swap,vector_float_rever,autoconstructive_integer_ra,exec_sw,integer_add,exec_flush,float_flu,float_cos,exec_flu,integer_mod,float_div,vector_float_leng,integer_inc,vector_float_yank,exec_rot,vector_float_flush,float_dec,vector_float_set,integer_pop,vector_float_shove,exec_pop,vector_float_take,vector_float_concat,vector_float_pusha,vector_float_ya,vector_float_remo,float_sin,autoconstructive_integer_rand,vector_float_length,exec_do*count,integer_sub,float_mu,exec_no,vector_float_re,float_dup,integer_r,integer_sho,vector_float_yankd,integer_stackdepth,integer_dec,exec,vector_float_replacefir,vector_float_nth,float_swap,vector_float_co,exec_ya,float_yank,float_flush,float_t,integer_d,integer_a,integer_m,integer_i,vector_float_subv,integer_s,integer_p,vector_float_repla,vector_float_sw
0.000398188243492,0.000217193587359,1.80994656133e-05,9.04973280664e-06,8.59724616631e-05,4.52486640332e-06,3.16740648232e-05,2.26243320166e-05,3.61989312266e-05,9.04973280664e-06,4.07237976299e-05,0.000199094121746,2.26243320166e-05,4.52486640332e-05,4.52486640332e-06,0.0,0.0,1.357459921e-05,0.000221718453763,0.000153845457713,9.04973280664e-06,0.000117646526486,0.0,0.000140270858503,4.52486640332e-06,9.04973280664e-06,0.0,0.000425337441912,4.07237976299e-05,1.357459921e-05,0.000185519522536,9.04973280664e-06,9.04973280664e-06,4.07237976299e-05,0.0,0.0,9.04973280664e-05,4.52486640332e-06,1.357459921e-05,0.0,0.000411762842702,0.000248867652183,0.000162895190519,0.000190044388939,9.04973280664e-05,0.0,0.000230768186569,7.69227288564e-05,9.04973280664e-05,1.80994656133e-05,0.000375563911476,0.0,7.23978624531e-05,4.52486640332e-06,8.59724616631e-05,7.69227288564e-05,9.04973280664e-05,5.88232632432e-05,2.26243320166e-05,0.000171944923326,0.000570133166818,0.000117646526486,2.71491984199e-05,0.000113121660083,0.0,0.0,0.0,1.357459921e-05,2.26243320166e-05,1.80994656133e-05,0.000303166049022,0.000239817919376,3.61989312266e-05,0.000434387174719,0.000212668720956,0.000126696259293,0.0,0.0,3.16740648232e-05,0.000140270858503,4.07237976299e-05,5.88232632432e-05,0.000203618988149,0.0001357459921,8.59724616631e-05,4.52486640332e-06,4.52486640332e-06,4.52486640332e-06,0.000113121660083,0.0,0.0,1.357459921e-05,1.357459921e-05,0.000194569255343,7.23978624531e-05,4.52486640332e-05,0.0,9.04973280664e-06,9.04973280664e-06,1.80994656133e-05,3.16740648232e-05,0.000294116316216,4.52486640332e-06,4.52486640332e-05,4.97735304365e-05,4.52486640332e-06,0.0,0.0,3.16740648232e-05,4.52486640332e-06,0.0,1.80994656133e-05,0.0,0.000126696259293,0.000162895190519,4.52486640332e-06,4.97735304365e-05,1.80994656133e-05,2.26243320166e-05,0.000158370324116,0.000167420056923,0.000185519522536,7.69227288564e-05,0.00014932059131,9.04973280664e-06,0.00010859679368,7.69227288564e-05,2.26243320166e-05,0.0,0.0,8.59724616631e-05,8.59724616631e-05,0.000262442251393,5.88232632432e-05,0.000140270858503,0.0,0.0,0.0,0.0001357459921,0.0,4.52486640332e-06,5.88232632432e-05,0.000235293052973,0.000113121660083,4.52486640332e-06,0.0,7.23978624531e-05,0.000239817919376,0.0,4.97735304365e-05,3.61989312266e-05,0.00012217139289,0.0,4.52486640332e-06,4.52486640332e-06,5.42983968398e-05,4.52486640332e-06,0.0,0.0,0.0,0.0,9.04973280664e-06
Gen 221
float_yankdup,integer_swap,vector_float_conj,vector_float_conc,vector_float_occurrencesof,vector_float_replacefirst,vector_float_rest,vector_float_p,vector_float_s,vector_float_r,vector_float_first,integer_fromfloat,vector_float_last,vector_float_d,float_sw,exec_yankd,vector_float_n,exec_do*tim,exec_yankdup,exec_yank,integer_mu,vector_float_remove,vector_float_fir,exec_do*vector_float,float_p,float_r,vector_float_stackdep,vector_float_dup,vector_float_subvec,float_i,exec_do*range,integer_yankd,float_m,integer_rot,float_a,float_c,float_d,integer_stackdep,float_s,vector_float_occurrences,exec_stackdepth,vector_float_swap,vector_float_reverse,float_stackdepth,float_max,exec_do*vector_flo,float_min,vector_float_rot,float_rot,exec_shove,vector_float_pushall,float_stackdep,float_sub,vector_float_sho,integer_div,integer_mult,integer_min,float_shove,integer_flush,float_inc,in1,integer_yank,integer_fromflo,vector_float_yankdup,float_ya,vector_float_butla,integer_sw,float_pop,exec_d,float_yankd,integer_max,exec_dup,exec_k,float_frominteger,float_mult,exec_noop,exec_p,exec_r,exec_s,vector_float_butlast,integer_flu,exec_y,float_mod,integer_ya,integer_yankdup,exec_stackdep,exec_do*ran,vector_float_index,vector_float_pop,exec_do*cou,vector_float_ta,vector_float_flu,float_add,exec_do*times,integer_shove,float_tan,vector_float_la,vector_float_indexof,float_sho,float_frominteg,integer_dup,vector_float_stackdepth,exec_sho,vector_float_replace,exec_swap,vector_float_rever,autoconstructive_integer_ra,exec_sw,integer_add,exec_flush,float_flu,float_cos,exec_flu,integer_mod,float_div,vector_float_leng,integer_inc,vector_float_yank,exec_rot,vector_float_flush,float_dec,vector_float_set,integer_pop,vector_float_shove,exec_pop,vector_float_take,vector_float_concat,vector_float_pusha,vector_float_ya,vector_float_remo,float_sin,autoconstructive_integer_rand,vector_float_length,exec_do*count,integer_sub,float_mu,exec_no,vector_float_re,float_dup,integer_r,integer_sho,vector_float_yankd,integer_stackdepth,integer_dec,exec,vector_float_replacefir,vector_float_nth,float_swap,vector_float_co,exec_ya,float_yank,float_flush,float_t,integer_d,integer_a,integer_m,integer_i,vector_float_subv,integer_s,integer_p,vector_float_repla,vector_float_sw
0.000315313894982,0.000238737663344,4.50448421404e-05,0.0,8.55852000667e-05,9.00896842807e-06,8.10807158526e-05,3.15313894982e-05,4.05403579263e-05,4.50448421404e-06,3.60358737123e-05,0.00027927802127,2.70269052842e-05,1.80179368561e-05,4.50448421404e-06,4.50448421404e-06,4.50448421404e-06,2.25224210702e-05,0.00023423317913,0.000126125557993,4.50448421404e-06,0.000126125557993,0.0,0.000121621073779,0.0,4.50448421404e-06,2.25224210702e-05,0.000319818379196,7.20717474246e-05,4.50448421404e-06,0.000117116589565,1.80179368561e-05,2.25224210702e-05,3.15313894982e-05,9.00896842807e-06,0.0,0.000139639010635,4.50448421404e-06,1.35134526421e-05,4.50448421404e-06,0.000436934968761,0.000283782505484,0.000108107621137,0.000166665915919,7.65762316386e-05,0.0,0.0002567556002,0.000103603136923,0.000117116589565,1.35134526421e-05,0.000463961874046,4.50448421404e-06,0.000121621073779,9.00896842807e-06,9.45941684947e-05,0.000103603136923,5.85582947825e-05,7.65762316386e-05,2.70269052842e-05,0.000162161431705,0.000644141242607,0.000162161431705,0.0,0.000144143494849,4.50448421404e-06,0.0,4.50448421404e-06,9.00896842807e-06,3.60358737123e-05,2.25224210702e-05,0.000247746631772,0.000238737663344,2.70269052842e-05,0.000445943937189,0.00021171075806,0.000135134526421,0.0,4.50448421404e-06,4.95493263544e-05,0.000130630042207,4.50448421404e-05,4.50448421404e-05,0.000225224210702,0.000103603136923,9.90986527088e-05,1.80179368561e-05,1.80179368561e-05,4.50448421404e-06,0.000112612105351,0.0,0.0,1.80179368561e-05,0.0,0.000216215242274,5.85582947825e-05,4.95493263544e-05,4.50448421404e-06,3.60358737123e-05,9.00896842807e-06,9.00896842807e-06,5.40538105684e-05,0.000355854252909,0.0,9.00896842807e-05,5.85582947825e-05,0.0,0.0,4.50448421404e-06,3.15313894982e-05,0.0,0.0,2.70269052842e-05,0.0,0.000166665915919,0.000148647979063,4.50448421404e-06,4.05403579263e-05,1.80179368561e-05,3.15313894982e-05,0.000220719726488,0.000229728694916,0.000162161431705,0.000112612105351,0.000162161431705,1.80179368561e-05,0.000121621073779,9.45941684947e-05,1.35134526421e-05,0.0,4.50448421404e-06,9.90986527088e-05,9.00896842807e-05,0.000333331831839,8.10807158526e-05,0.000144143494849,0.0,4.50448421404e-06,0.0,0.000220719726488,0.0,0.0,4.50448421404e-05,0.00021171075806,0.000144143494849,9.00896842807e-06,0.0,7.20717474246e-05,0.000283782505484,0.0,9.00896842807e-06,4.05403579263e-05,5.40538105684e-05,0.0,1.80179368561e-05,0.0,5.40538105684e-05,1.35134526421e-05,4.50448421404e-06,4.50448421404e-06,4.50448421404e-06,4.50448421404e-06,1.35134526421e-05
Gen 222
float_yankdup,integer_swap,vector_float_conj,vector_float_conc,vector_float_occurrencesof,vector_float_replacefirst,vector_float_rest,vector_float_p,vector_float_s,vector_float_r,vector_float_first,integer_fromfloat,vector_float_last,vector_float_d,float_sw,exec_yankd,vector_float_n,exec_do*tim,exec_yankdup,exec_yank,integer_mu,vector_float_remove,vector_float_fir,exec_do*vector_float,float_p,float_r,vector_float_stackdep,vector_float_dup,vector_float_subvec,float_i,exec_do*range,integer_yankd,float_m,integer_rot,float_a,float_c,float_d,integer_stackdep,float_s,vector_float_occurrences,exec_stackdepth,vector_float_swap,vector_float_reverse,float_stackdepth,float_max,exec_do*vector_flo,float_min,vector_float_rot,float_rot,exec_shove,vector_float_pushall,float_stackdep,float_sub,vector_float_sho,integer_div,integer_mult,integer_min,float_shove,integer_flush,float_inc,in1,integer_yank,integer_fromflo,vector_float_yankdup,float_ya,vector_float_butla,integer_sw,float_pop,exec_d,float_yankd,integer_max,exec_dup,exec_k,float_frominteger,float_mult,exec_noop,exec_p,exec_r,exec_s,vector_float_butlast,integer_flu,exec_y,float_mod,integer_ya,integer_yankdup,exec_stackdep,exec_do*ran,vector_float_index,vector_float_pop,exec_do*cou,vector_float_ta,vector_float_flu,float_add,exec_do*times,integer_shove,float_tan,vector_float_la,vector_float_indexof,float_sho,float_frominteg,integer_dup,vector_float_stackdepth,exec_sho,vector_float_replace,exec_swap,vector_float_rever,autoconstructive_integer_ra,exec_sw,integer_add,exec_flush,float_flu,float_cos,exec_flu,integer_mod,float_div,vector_float_leng,integer_inc,vector_float_yank,exec_rot,vector_float_flush,float_dec,vector_float_set,integer_pop,vector_float_shove,exec_pop,vector_float_take,vector_float_concat,vector_float_pusha,vector_float_ya,vector_float_remo,float_sin,autoconstructive_integer_rand,vector_float_length,exec_do*count,integer_sub,float_mu,exec_no,vector_float_re,float_dup,integer_r,integer_sho,vector_float_yankd,integer_stackdepth,integer_dec,exec,vector_float_replacefir,vector_float_nth,float_swap,vector_float_co,exec_ya,float_yank,float_flush,float_t,integer_d,integer_a,integer_m,integer_i,vector_float_subv,integer_s,integer_p,vector_float_repla,vector_float_sw
0.000367711355554,0.000192824247425,4.93271330622e-05,0.0,0.000121075690244,1.79371392953e-05,5.3811417886e-05,2.24214241192e-05,4.03585634145e-05,4.48428482383e-06,2.6905708943e-05,0.000206277101896,4.03585634145e-05,3.13899937668e-05,8.96856964767e-06,4.48428482383e-06,4.48428482383e-06,1.79371392953e-05,0.000112107120596,0.000161434253658,4.48428482383e-06,0.000121075690244,0.0,0.000125559975067,0.0,4.48428482383e-06,2.24214241192e-05,0.000345289931435,8.52014116529e-05,8.96856964767e-06,0.000188339962601,1.79371392953e-05,1.79371392953e-05,3.58742785907e-05,0.0,0.0,7.62328420052e-05,4.48428482383e-06,8.96856964767e-06,8.96856964767e-06,0.000484302760974,0.000264572804606,0.000112107120596,0.000201792817073,9.86542661244e-05,8.96856964767e-06,0.000251119950135,9.41699813005e-05,0.000121075690244,3.13899937668e-05,0.000426007058264,4.48428482383e-06,0.00011659140542,8.96856964767e-06,7.62328420052e-05,0.000107622835772,0.000130044259891,9.86542661244e-05,1.34528544715e-05,0.00015246568401,0.000618831305689,0.000134528544715,4.48428482383e-06,0.000139012829539,8.96856964767e-06,0.0,4.48428482383e-06,3.58742785907e-05,2.6905708943e-05,1.79371392953e-05,0.000322868507316,0.000273541374254,3.13899937668e-05,0.000488787045798,0.000251119950135,0.000125559975067,0.0,0.0,2.6905708943e-05,0.00017488710813,5.82957027099e-05,6.72642723575e-05,0.000224214241192,0.000103138550948,0.000112107120596,1.79371392953e-05,4.48428482383e-06,4.48428482383e-06,0.000107622835772,0.0,4.48428482383e-06,4.93271330622e-05,0.0,0.00021076138672,9.86542661244e-05,4.48428482383e-05,0.0,2.24214241192e-05,4.48428482383e-06,8.96856964767e-06,3.58742785907e-05,0.000358742785907,4.48428482383e-06,8.96856964767e-05,5.82957027099e-05,1.34528544715e-05,4.48428482383e-06,4.48428482383e-06,4.48428482383e-05,0.0,4.48428482383e-06,2.24214241192e-05,0.0,0.000192824247425,0.000228698526016,8.96856964767e-06,4.93271330622e-05,3.13899937668e-05,3.13899937668e-05,0.000215245671544,0.000228698526016,0.00021076138672,6.27799875337e-05,9.86542661244e-05,2.24214241192e-05,0.000103138550948,8.52014116529e-05,1.34528544715e-05,4.48428482383e-06,0.0,0.000125559975067,9.41699813005e-05,0.000336321361788,8.0717126829e-05,0.000147981399187,8.96856964767e-06,4.48428482383e-06,0.0,0.000228698526016,0.0,0.0,5.3811417886e-05,0.000264572804606,0.000143497114363,4.48428482383e-06,8.96856964767e-06,6.27799875337e-05,0.000228698526016,4.48428482383e-06,4.03585634145e-05,4.48428482383e-05,0.000125559975067,4.48428482383e-06,1.79371392953e-05,0.0,2.6905708943e-05,8.96856964767e-06,8.96856964767e-06,8.96856964767e-06,0.0,4.48428482383e-06,8.96856964767e-06
Gen 223
float_yankdup,integer_swap,vector_float_conj,vector_float_conc,vector_float_occurrencesof,vector_float_replacefirst,vector_float_rest,vector_float_p,vector_float_s,vector_float_r,vector_float_first,integer_fromfloat,vector_float_last,vector_float_d,float_sw,exec_yankd,vector_float_n,exec_do*tim,exec_yankdup,exec_yank,integer_mu,vector_float_remove,vector_float_fir,exec_do*vector_float,float_p,float_r,vector_float_stackdep,vector_float_dup,vector_float_subvec,float_i,exec_do*range,integer_yankd,float_m,integer_rot,float_a,float_c,float_d,integer_stackdep,float_s,vector_float_occurrences,exec_stackdepth,vector_float_swap,vector_float_reverse,float_stackdepth,float_max,exec_do*vector_flo,float_min,vector_float_rot,float_rot,exec_shove,vector_float_pushall,float_stackdep,float_sub,vector_float_sho,integer_div,integer_mult,integer_min,float_shove,integer_flush,float_inc,in1,integer_yank,integer_fromflo,vector_float_yankdup,float_ya,vector_float_butla,integer_sw,float_pop,exec_d,float_yankd,integer_max,exec_dup,exec_k,float_frominteger,float_mult,exec_noop,exec_p,exec_r,exec_s,vector_float_butlast,integer_flu,exec_y,float_mod,integer_ya,integer_yankdup,exec_stackdep,exec_do*ran,vector_float_index,vector_float_pop,exec_do*cou,vector_float_ta,vector_float_flu,float_add,exec_do*times,integer_shove,float_tan,vector_float_la,vector_float_indexof,float_sho,float_frominteg,integer_dup,vector_float_stackdepth,exec_sho,vector_float_replace,exec_swap,vector_float_rever,autoconstructive_integer_ra,exec_sw,integer_add,exec_flush,float_flu,float_cos,exec_flu,integer_mod,float_div,vector_float_leng,integer_inc,vector_float_yank,exec_rot,vector_float_flush,float_dec,vector_float_set,integer_pop,vector_float_shove,exec_pop,vector_float_take,vector_float_concat,vector_float_pusha,vector_float_ya,vector_float_remo,float_sin,autoconstructive_integer_rand,vector_float_length,exec_do*count,integer_sub,float_mu,exec_no,vector_float_re,float_dup,integer_r,integer_sho,vector_float_yankd,integer_stackdepth,integer_dec,exec,vector_float_replacefir,vector_float_nth,float_swap,vector_float_co,exec_ya,float_yank,float_flush,float_t,integer_d,integer_a,integer_m,integer_i,vector_float_subv,integer_s,integer_p,vector_float_repla,vector_float_sw
0.000419640983746,0.00018749916295,6.24997209834e-05,8.92853156906e-06,0.000133927973536,1.33927973536e-05,4.91069236298e-05,3.57141262762e-05,4.91069236298e-05,4.46426578453e-06,7.5892518337e-05,0.00023660608658,3.12498604917e-05,2.23213289226e-05,0.0,8.92853156906e-06,2.23213289226e-05,3.12498604917e-05,0.000160713568243,0.000147320770889,0.0,0.000111606644613,0.0,0.000111606644613,4.46426578453e-06,2.23213289226e-05,1.33927973536e-05,0.000370534060116,5.35711894143e-05,0.0,0.000165177834028,0.0,1.78570631381e-05,6.24997209834e-05,0.0,0.0,0.000120535176182,4.46426578453e-06,8.92853156906e-06,8.92853156906e-06,0.000459819375806,0.000272320212856,0.000116070910398,0.00018749916295,7.14282525524e-05,0.0,0.000267855947072,0.000111606644613,0.000120535176182,2.67855947072e-05,0.000464283641591,0.0,0.000107142378829,0.0,7.14282525524e-05,0.000129463707751,0.000107142378829,9.37495814751e-05,8.92853156906e-06,0.00018749916295,0.000642854272972,0.000120535176182,0.0,0.000142856505105,1.78570631381e-05,4.46426578453e-06,8.92853156906e-06,0.0,4.01783920607e-05,8.92853156906e-06,0.00033481993384,0.000249998883934,5.80354551989e-05,0.000495533502083,0.000214284757657,0.000133927973536,8.92853156906e-06,8.92853156906e-06,2.23213289226e-05,0.000178570631381,3.12498604917e-05,0.000107142378829,0.000254463149718,8.92853156906e-05,9.82138472596e-05,8.92853156906e-06,4.46426578453e-06,4.46426578453e-06,0.000129463707751,0.0,8.92853156906e-06,1.78570631381e-05,1.33927973536e-05,0.00018749916295,0.000107142378829,7.5892518337e-05,0.0,3.57141262762e-05,0.0,1.33927973536e-05,3.12498604917e-05,0.000357141262762,0.0,8.03567841215e-05,6.69639867679e-05,1.33927973536e-05,8.92853156906e-06,4.46426578453e-06,3.57141262762e-05,4.46426578453e-06,0.0,6.24997209834e-05,0.0,0.000151785036674,0.000147320770889,4.46426578453e-06,4.01783920607e-05,1.78570631381e-05,4.01783920607e-05,0.000254463149718,0.000218749023442,0.000169642099812,0.000102678113044,0.000156249302458,2.67855947072e-05,0.000102678113044,6.24997209834e-05,4.46426578453e-06,0.0,8.92853156906e-06,8.4821049906e-05,7.5892518337e-05,0.000370534060116,5.35711894143e-05,0.000196427694519,8.92853156906e-06,1.33927973536e-05,4.46426578453e-06,0.000209820491873,0.0,4.46426578453e-06,4.91069236298e-05,0.000245534618149,0.000107142378829,1.33927973536e-05,0.0,8.4821049906e-05,0.000267855947072,4.46426578453e-06,6.69639867679e-05,5.35711894143e-05,0.000156249302458,0.0,2.23213289226e-05,4.46426578453e-06,3.57141262762e-05,0.0,0.0,1.33927973536e-05,0.0,0.0,1.33927973536e-05
Gen 224
float_yankdup,integer_swap,vector_float_conj,vector_float_conc,vector_float_occurrencesof,vector_float_replacefirst,vector_float_rest,vector_float_p,vector_float_s,vector_float_r,vector_float_first,integer_fromfloat,vector_float_last,vector_float_d,float_sw,exec_yankd,vector_float_n,exec_do*tim,exec_yankdup,exec_yank,integer_mu,vector_float_remove,vector_float_fir,exec_do*vector_float,float_p,float_r,vector_float_stackdep,vector_float_dup,vector_float_subvec,float_i,exec_do*range,integer_yankd,float_m,integer_rot,float_a,float_c,float_d,integer_stackdep,float_s,vector_float_occurrences,exec_stackdepth,vector_float_swap,vector_float_reverse,float_stackdepth,float_max,exec_do*vector_flo,float_min,vector_float_rot,float_rot,exec_shove,vector_float_pushall,float_stackdep,float_sub,vector_float_sho,integer_div,integer_mult,integer_min,float_shove,integer_flush,float_inc,in1,integer_yank,integer_fromflo,vector_float_yankdup,float_ya,vector_float_butla,integer_sw,float_pop,exec_d,float_yankd,integer_max,exec_dup,exec_k,float_frominteger,float_mult,exec_noop,exec_p,exec_r,exec_s,vector_float_butlast,integer_flu,exec_y,float_mod,integer_ya,integer_yankdup,exec_stackdep,exec_do*ran,vector_float_index,vector_float_pop,exec_do*cou,vector_float_ta,vector_float_flu,float_add,exec_do*times,integer_shove,float_tan,vector_float_la,vector_float_indexof,float_sho,float_frominteg,integer_dup,vector_float_stackdepth,exec_sho,vector_float_replace,exec_swap,vector_float_rever,autoconstructive_integer_ra,exec_sw,integer_add,exec_flush,float_flu,float_cos,exec_flu,integer_mod,float_div,vector_float_leng,integer_inc,vector_float_yank,exec_rot,vector_float_flush,float_dec,vector_float_set,integer_pop,vector_float_shove,exec_pop,vector_float_take,vector_float_concat,vector_float_pusha,vector_float_ya,vector_float_remo,float_sin,autoconstructive_integer_rand,vector_float_length,exec_do*count,integer_sub,float_mu,exec_no,vector_float_re,float_dup,integer_r,integer_sho,vector_float_yankd,integer_stackdepth,integer_dec,exec,vector_float_replacefir,vector_float_nth,float_swap,vector_float_co,exec_ya,float_yank,float_flush,float_t,integer_d,integer_a,integer_m,integer_i,vector_float_subv,integer_s,integer_p,vector_float_repla,vector_float_sw
0.000408887071613,0.000199999111115,3.55553975316e-05,4.44442469145e-06,8.44440691375e-05,4.44442469145e-05,3.55553975316e-05,2.22221234572e-05,3.9999822223e-05,0.0,8.88884938289e-05,0.000199999111115,3.9999822223e-05,3.11109728401e-05,0.0,8.88884938289e-06,2.66665481487e-05,8.88884938289e-06,0.00012444389136,0.000177776987658,4.44442469145e-06,0.000102221767903,8.88884938289e-06,0.000151110439509,0.0,8.88884938289e-06,2.22221234572e-05,0.000284443180253,4.88886716059e-05,8.88884938289e-06,0.000155554864201,4.44442469145e-06,4.44442469145e-06,4.88886716059e-05,0.0,4.44442469145e-06,7.55552197546e-05,0.0,1.33332740743e-05,4.44442469145e-06,0.000457775743219,0.000208887960498,8.44440691375e-05,0.000133332740743,0.000102221767903,4.44442469145e-06,0.000239998933338,8.88884938289e-05,0.000119999466669,4.44442469145e-05,0.000382220523464,0.0,7.9999644446e-05,0.0,0.000102221767903,0.000133332740743,0.000111110617286,0.000119999466669,4.44442469145e-06,0.000177776987658,0.000586664059271,0.00012444389136,1.33332740743e-05,0.000128888316052,8.88884938289e-06,0.0,1.33332740743e-05,8.88884938289e-06,2.22221234572e-05,4.44442469145e-06,0.000324443002476,0.000284443180253,4.44442469145e-05,0.000471109017293,0.000208887960498,0.000102221767903,0.0,0.0,2.22221234572e-05,0.000204443535807,2.66665481487e-05,5.33330962973e-05,0.000293332029635,9.77773432118e-05,0.000106666192595,1.33332740743e-05,4.44442469145e-06,0.0,8.44440691375e-05,4.44442469145e-06,0.0,1.77776987658e-05,1.77776987658e-05,0.000208887960498,9.33329185204e-05,7.55552197546e-05,4.44442469145e-06,3.11109728401e-05,4.44442469145e-06,1.77776987658e-05,3.9999822223e-05,0.000346665125933,0.0,6.66663703717e-05,7.9999644446e-05,8.88884938289e-06,4.44442469145e-06,2.22221234572e-05,3.11109728401e-05,0.0,8.88884938289e-06,3.55553975316e-05,4.44442469145e-06,9.77773432118e-05,0.000177776987658,8.88884938289e-06,4.44442469145e-05,4.88886716059e-05,4.44442469145e-05,0.000164443713583,0.000195554686424,0.000191110261732,8.88884938289e-05,0.000119999466669,2.22221234572e-05,0.000106666192595,7.55552197546e-05,4.44442469145e-06,0.0,4.44442469145e-06,8.44440691375e-05,8.44440691375e-05,0.000351109550624,5.33330962973e-05,0.00012444389136,0.0,1.33332740743e-05,4.44442469145e-06,0.000231110083955,4.44442469145e-06,4.44442469145e-06,7.9999644446e-05,0.000288887604944,0.000168888138275,4.44442469145e-06,0.0,9.33329185204e-05,0.000248887782721,0.0,2.22221234572e-05,3.9999822223e-05,8.44440691375e-05,1.77776987658e-05,1.77776987658e-05,0.0,7.11107950631e-05,8.88884938289e-06,4.44442469145e-06,8.88884938289e-06,0.0,8.88884938289e-06,4.44442469145e-06
Gen 225
float_yankdup,integer_swap,vector_float_conj,vector_float_conc,vector_float_occurrencesof,vector_float_replacefirst,vector_float_rest,vector_float_p,vector_float_s,vector_float_r,vector_float_first,integer_fromfloat,vector_float_last,vector_float_d,float_sw,exec_yankd,vector_float_n,exec_do*tim,exec_yankdup,exec_yank,integer_mu,vector_float_remove,vector_float_fir,exec_do*vector_float,float_p,float_r,vector_float_stackdep,vector_float_dup,vector_float_subvec,float_i,exec_do*range,integer_yankd,float_m,integer_rot,float_a,float_c,float_d,integer_stackdep,float_s,vector_float_occurrences,exec_stackdepth,vector_float_swap,vector_float_reverse,float_stackdepth,float_max,exec_do*vector_flo,float_min,vector_float_rot,float_rot,exec_shove,vector_float_pushall,float_stackdep,float_sub,vector_float_sho,integer_div,integer_mult,integer_min,float_shove,integer_flush,float_inc,in1,integer_yank,integer_fromflo,vector_float_yankdup,float_ya,vector_float_butla,integer_sw,float_pop,exec_d,float_yankd,integer_max,exec_dup,exec_k,float_frominteger,float_mult,exec_noop,exec_p,exec_r,exec_s,vector_float_butlast,integer_flu,exec_y,float_mod,integer_ya,integer_yankdup,exec_stackdep,exec_do*ran,vector_float_index,vector_float_pop,exec_do*cou,vector_float_ta,vector_float_flu,float_add,exec_do*times,integer_shove,float_tan,vector_float_la,vector_float_indexof,float_sho,float_frominteg,integer_dup,vector_float_stackdepth,exec_sho,vector_float_replace,exec_swap,vector_float_rever,autoconstructive_integer_ra,exec_sw,integer_add,exec_flush,float_flu,float_cos,exec_flu,integer_mod,float_div,vector_float_leng,integer_inc,vector_float_yank,exec_rot,vector_float_flush,float_dec,vector_float_set,integer_pop,vector_float_shove,exec_pop,vector_float_take,vector_float_concat,vector_float_pusha,vector_float_ya,vector_float_remo,float_sin,autoconstructive_integer_rand,vector_float_length,exec_do*count,integer_sub,float_mu,exec_no,vector_float_re,float_dup,integer_r,integer_sho,vector_float_yankd,integer_stackdepth,integer_dec,exec,vector_float_replacefir,vector_float_nth,float_swap,vector_float_co,exec_ya,float_yank,float_flush,float_t,integer_d,integer_a,integer_m,integer_i,vector_float_subv,integer_s,integer_p,vector_float_repla,vector_float_sw
0.000367255012146,0.000176990367299,4.86723510073e-05,4.42475918248e-06,0.000101769461197,2.65485550949e-05,4.42475918248e-05,1.76990367299e-05,4.86723510073e-05,4.42475918248e-06,7.07961469197e-05,0.000194689404029,2.65485550949e-05,3.53980734599e-05,4.42475918248e-06,4.42475918248e-06,2.65485550949e-05,4.42475918248e-06,0.000101769461197,0.000150441812204,8.84951836496e-06,0.000115043738745,4.42475918248e-06,0.000132742775474,0.0,4.42475918248e-06,4.42475918248e-06,0.000221237959124,3.53980734599e-05,8.84951836496e-06,0.000159291330569,0.0,1.32742775474e-05,4.86723510073e-05,0.0,0.0,5.30971101898e-05,4.42475918248e-06,3.09733142774e-05,0.0,0.000429201640701,0.000247786514219,6.19466285547e-05,0.000159291330569,7.96456652847e-05,0.0,0.000238936995854,0.000119468497927,9.73447020146e-05,4.42475918248e-05,0.000451325436613,0.0,0.000119468497927,4.42475918248e-06,0.000115043738745,0.000119468497927,0.000141592293839,7.52209061022e-05,4.42475918248e-06,0.000176990367299,0.000579643452905,0.000123893257109,1.32742775474e-05,0.000123893257109,8.84951836496e-06,0.0,4.42475918248e-06,8.84951836496e-06,8.84951836496e-06,8.84951836496e-06,0.000287609346861,0.000221237959124,3.53980734599e-05,0.000438051159066,0.000176990367299,0.00010619422038,0.0,4.42475918248e-06,0.0,0.000176990367299,2.65485550949e-05,6.63713877372e-05,0.000252211273401,6.19466285547e-05,9.73447020146e-05,1.32742775474e-05,4.42475918248e-06,8.84951836496e-06,0.00010619422038,0.0,0.0,8.84951836496e-06,1.76990367299e-05,0.000154866571387,0.000110618979562,7.52209061022e-05,0.0,2.65485550949e-05,1.32742775474e-05,1.76990367299e-05,3.09733142774e-05,0.000269910310131,0.0,7.96456652847e-05,9.73447020146e-05,8.84951836496e-06,0.0,3.09733142774e-05,3.53980734599e-05,0.0,0.0,5.75218693723e-05,0.0,9.73447020146e-05,0.000159291330569,4.42475918248e-06,3.09733142774e-05,5.75218693723e-05,5.30971101898e-05,0.000221237959124,0.000247786514219,0.000132742775474,9.29199428321e-05,0.000110618979562,3.98228326423e-05,0.000101769461197,6.19466285547e-05,1.32742775474e-05,0.0,0.0,7.96456652847e-05,0.00010619422038,0.000345131216234,4.86723510073e-05,0.000172565608117,0.0,8.84951836496e-06,0.0,0.000163716089752,8.84951836496e-06,0.0,7.52209061022e-05,0.000261060791766,0.000141592293839,4.42475918248e-06,0.0,0.000110618979562,0.000261060791766,4.42475918248e-06,4.42475918248e-05,1.32742775474e-05,0.000128318016292,1.32742775474e-05,4.86723510073e-05,4.42475918248e-06,4.86723510073e-05,4.42475918248e-06,4.42475918248e-06,4.42475918248e-06,4.42475918248e-06,4.42475918248e-06,4.42475918248e-06
Gen 226
float_yankdup,integer_swap,vector_float_conj,vector_float_conc,vector_float_occurrencesof,vector_float_replacefirst,vector_float_rest,vector_float_p,vector_float_s,vector_float_r,vector_float_first,integer_fromfloat,vector_float_last,vector_float_d,float_sw,exec_yankd,vector_float_n,exec_do*tim,exec_yankdup,exec_yank,integer_mu,vector_float_remove,vector_float_fir,exec_do*vector_float,float_p,float_r,vector_float_stackdep,vector_float_dup,vector_float_subvec,float_i,exec_do*range,integer_yankd,float_m,integer_rot,float_a,float_c,float_d,integer_stackdep,float_s,vector_float_occurrences,exec_stackdepth,vector_float_swap,vector_float_reverse,float_stackdepth,float_max,exec_do*vector_flo,float_min,vector_float_rot,float_rot,exec_shove,vector_float_pushall,float_stackdep,float_sub,vector_float_sho,integer_div,integer_mult,integer_min,float_shove,integer_flush,float_inc,in1,integer_yank,integer_fromflo,vector_float_yankdup,float_ya,vector_float_butla,integer_sw,float_pop,exec_d,float_yankd,integer_max,exec_dup,exec_k,float_frominteger,float_mult,exec_noop,exec_p,exec_r,exec_s,vector_float_butlast,integer_flu,exec_y,float_mod,integer_ya,integer_yankdup,exec_stackdep,exec_do*ran,vector_float_index,vector_float_pop,exec_do*cou,vector_float_ta,vector_float_flu,float_add,exec_do*times,integer_shove,float_tan,vector_float_la,vector_float_indexof,float_sho,float_frominteg,integer_dup,vector_float_stackdepth,exec_sho,vector_float_replace,exec_swap,vector_float_rever,autoconstructive_integer_ra,exec_sw,integer_add,exec_flush,float_flu,float_cos,exec_flu,integer_mod,float_div,vector_float_leng,integer_inc,vector_float_yank,exec_rot,vector_float_flush,float_dec,vector_float_set,integer_pop,vector_float_shove,exec_pop,vector_float_take,vector_float_concat,vector_float_pusha,vector_float_ya,vector_float_remo,float_sin,autoconstructive_integer_rand,vector_float_length,exec_do*count,integer_sub,float_mu,exec_no,vector_float_re,float_dup,integer_r,integer_sho,vector_float_yankd,integer_stackdepth,integer_dec,exec,vector_float_replacefir,vector_float_nth,float_swap,vector_float_co,exec_ya,float_yank,float_flush,float_t,integer_d,integer_a,integer_m,integer_i,vector_float_subv,integer_s,integer_p,vector_float_repla,vector_float_sw
0.000370042422721,0.000136563275052,1.76210677486e-05,1.32158008115e-05,8.37000718059e-05,3.96474024344e-05,6.60790040573e-05,2.20263346858e-05,6.16737371201e-05,0.0,3.96474024344e-05,0.000317179219475,3.52421354972e-05,1.76210677486e-05,3.08368685601e-05,0.0,0.0,8.8105338743e-06,0.000114536940366,0.000101321139554,0.0,0.000162994876675,0.0,0.000158589609737,0.0,4.40526693715e-06,8.8105338743e-06,0.000202642279109,2.20263346858e-05,1.32158008115e-05,0.000162994876675,8.8105338743e-06,1.32158008115e-05,8.8105338743e-05,0.0,4.40526693715e-06,0.000118942207303,4.40526693715e-06,2.20263346858e-05,0.0,0.000484579363087,0.000330395020286,7.04842709944e-05,0.000193831745235,9.69158726173e-05,0.0,0.000242289681543,0.000105726406492,0.000162994876675,2.20263346858e-05,0.000585900502641,4.40526693715e-06,9.25106056802e-05,4.40526693715e-06,0.000114536940366,0.00012334747424,0.000145373808926,0.000118942207303,2.20263346858e-05,0.000176210677486,0.00072686904463,0.000140968541989,1.32158008115e-05,0.000149779075863,2.20263346858e-05,0.0,8.8105338743e-06,4.40526693715e-06,1.76210677486e-05,1.32158008115e-05,0.00024669494848,0.000176210677486,6.16737371201e-05,0.00057268470183,0.000171805410549,0.000118942207303,0.0,8.8105338743e-06,2.64316016229e-05,0.0001541843428,4.84579363087e-05,6.60790040573e-05,0.00027753181704,4.40526693715e-05,0.000110131673429,8.8105338743e-06,0.0,0.0,0.000114536940366,0.0,8.8105338743e-06,8.8105338743e-06,2.64316016229e-05,0.000220263346858,0.000118942207303,0.000114536940366,0.0,3.96474024344e-05,8.8105338743e-06,1.32158008115e-05,6.16737371201e-05,0.000334800287223,0.0,7.04842709944e-05,7.48895379316e-05,8.8105338743e-06,0.0,5.28632032458e-05,3.52421354972e-05,0.0,4.40526693715e-06,3.96474024344e-05,0.0,0.0001541843428,0.000140968541989,1.32158008115e-05,4.84579363087e-05,9.25106056802e-05,5.28632032458e-05,0.000290747617852,0.000264316016229,0.00012334747424,7.04842709944e-05,0.00012334747424,3.96474024344e-05,0.000101321139554,6.16737371201e-05,2.20263346858e-05,0.0,4.40526693715e-06,0.000114536940366,9.25106056802e-05,0.000422905625966,7.04842709944e-05,0.000198237012172,0.0,4.40526693715e-06,0.0,0.000259910749292,0.0,0.0,7.48895379316e-05,0.00021585807992,0.000162994876675,8.8105338743e-06,0.0,0.000114536940366,0.000229073880732,0.0,2.64316016229e-05,7.48895379316e-05,0.000110131673429,8.8105338743e-06,6.16737371201e-05,0.0,5.28632032458e-05,1.32158008115e-05,4.40526693715e-06,8.8105338743e-06,0.0,4.40526693715e-06,2.20263346858e-05
Gen 227
float_yankdup,integer_swap,vector_float_conj,vector_float_conc,vector_float_occurrencesof,vector_float_replacefirst,vector_float_rest,vector_float_p,vector_float_s,vector_float_r,vector_float_first,integer_fromfloat,vector_float_last,vector_float_d,float_sw,exec_yankd,vector_float_n,exec_do*tim,exec_yankdup,exec_yank,integer_mu,vector_float_remove,vector_float_fir,exec_do*vector_float,float_p,float_r,vector_float_stackdep,vector_float_dup,vector_float_subvec,float_i,exec_do*range,integer_yankd,float_m,integer_rot,float_a,float_c,float_d,integer_stackdep,float_s,vector_float_occurrences,exec_stackdepth,vector_float_swap,vector_float_reverse,float_stackdepth,float_max,exec_do*vector_flo,float_min,vector_float_rot,float_rot,exec_shove,vector_float_pushall,float_stackdep,float_sub,vector_float_sho,integer_div,integer_mult,integer_min,float_shove,integer_flush,float_inc,in1,integer_yank,integer_fromflo,vector_float_yankdup,float_ya,vector_float_butla,integer_sw,float_pop,exec_d,float_yankd,integer_max,exec_dup,exec_k,float_frominteger,float_mult,exec_noop,exec_p,exec_r,exec_s,vector_float_butlast,integer_flu,exec_y,float_mod,integer_ya,integer_yankdup,exec_stackdep,exec_do*ran,vector_float_index,vector_float_pop,exec_do*cou,vector_float_ta,vector_float_flu,float_add,exec_do*times,integer_shove,float_tan,vector_float_la,vector_float_indexof,float_sho,float_frominteg,integer_dup,vector_float_stackdepth,exec_sho,vector_float_replace,exec_swap,vector_float_rever,autoconstructive_integer_ra,exec_sw,integer_add,exec_flush,float_flu,float_cos,exec_flu,integer_mod,float_div,vector_float_leng,integer_inc,vector_float_yank,exec_rot,vector_float_flush,float_dec,vector_float_set,integer_pop,vector_float_shove,exec_pop,vector_float_take,vector_float_concat,vector_float_pusha,vector_float_ya,vector_float_remo,float_sin,autoconstructive_integer_rand,vector_float_length,exec_do*count,integer_sub,float_mu,exec_no,vector_float_re,float_dup,integer_r,integer_sho,vector_float_yankd,integer_stackdepth,integer_dec,exec,vector_float_replacefir,vector_float_nth,float_swap,vector_float_co,exec_ya,float_yank,float_flush,float_t,integer_d,integer_a,integer_m,integer_i,vector_float_subv,integer_s,integer_p,vector_float_repla,vector_float_sw
0.000359647545406,0.00019298160973,2.63156740541e-05,8.77189135135e-06,7.01751308108e-05,2.63156740541e-05,4.82454024324e-05,4.38594567568e-06,3.94735110811e-05,0.0,2.63156740541e-05,0.000241227012162,5.26313481081e-05,2.19297283784e-05,1.75437827027e-05,4.38594567568e-06,0.0,4.38594567568e-06,9.64908048649e-05,0.00013157837027,4.38594567568e-06,0.00016227999,0.0,0.000166665935676,0.0,1.3157837027e-05,1.75437827027e-05,0.000236841066487,2.19297283784e-05,4.38594567568e-06,0.000149122152973,8.77189135135e-06,4.38594567568e-06,4.82454024324e-05,0.0,4.38594567568e-06,6.14032394595e-05,2.63156740541e-05,2.63156740541e-05,1.3157837027e-05,0.000447366458919,0.000276314577568,6.57891851352e-05,0.000157894044324,0.000109648641892,4.38594567568e-06,0.000197367555405,9.21048591892e-05,0.000153508098649,2.19297283784e-05,0.00045613835027,4.38594567568e-06,8.77189135135e-05,4.38594567568e-06,0.000118420533243,0.000127192424595,0.00013157837027,0.000127192424595,3.07016197297e-05,0.000171051881351,0.000565786992162,0.000157894044324,1.3157837027e-05,0.00013157837027,1.75437827027e-05,0.0,8.77189135135e-06,8.77189135135e-06,8.77189135135e-06,2.63156740541e-05,0.000267542686216,0.000210525392432,4.38594567568e-05,0.000425436730541,0.000206139446757,8.33329678379e-05,0.0,4.38594567568e-06,2.19297283784e-05,0.000157894044324,5.70172937838e-05,3.50875654054e-05,0.000285086468919,2.63156740541e-05,0.000135964315946,4.38594567568e-06,4.38594567568e-06,4.38594567568e-06,8.77189135135e-05,0.0,8.77189135135e-06,4.38594567568e-06,8.77189135135e-06,0.000219297283784,0.000109648641892,8.77189135135e-05,8.77189135135e-06,4.82454024324e-05,8.77189135135e-06,1.75437827027e-05,3.94735110811e-05,0.000328945925676,0.0,5.70172937838e-05,7.45610764865e-05,4.38594567568e-06,4.38594567568e-06,1.75437827027e-05,4.38594567568e-05,0.0,0.0,3.07016197297e-05,0.0,0.000122806478919,0.000179823772703,8.77189135135e-06,5.70172937838e-05,0.000100876750541,6.14032394595e-05,0.000135964315946,0.000219297283784,0.000140350261622,7.45610764865e-05,9.64908048649e-05,1.3157837027e-05,0.000114034587568,4.38594567568e-05,1.75437827027e-05,4.38594567568e-06,0.0,0.000135964315946,0.000109648641892,0.000315788088649,9.21048591892e-05,0.000157894044324,4.38594567568e-06,8.77189135135e-06,0.0,0.000267542686216,0.0,4.38594567568e-06,7.89470221622e-05,0.000201753501081,0.000201753501081,1.3157837027e-05,0.0,0.000122806478919,0.000267542686216,0.0,2.19297283784e-05,9.64908048649e-05,9.64908048649e-05,1.3157837027e-05,3.94735110811e-05,1.3157837027e-05,2.63156740541e-05,8.77189135135e-06,0.0,1.3157837027e-05,8.77189135135e-06,4.38594567568e-06,8.77189135135e-06
Gen 228
float_yankdup,integer_swap,vector_float_conj,vector_float_conc,vector_float_occurrencesof,vector_float_replacefirst,vector_float_rest,vector_float_p,vector_float_s,vector_float_r,vector_float_first,integer_fromfloat,vector_float_last,vector_float_d,float_sw,exec_yankd,vector_float_n,exec_do*tim,exec_yankdup,exec_yank,integer_mu,vector_float_remove,vector_float_fir,exec_do*vector_float,float_p,float_r,vector_float_stackdep,vector_float_dup,vector_float_subvec,float_i,exec_do*range,integer_yankd,float_m,integer_rot,float_a,float_c,float_d,integer_stackdep,float_s,vector_float_occurrences,exec_stackdepth,vector_float_swap,vector_float_reverse,float_stackdepth,float_max,exec_do*vector_flo,float_min,vector_float_rot,float_rot,exec_shove,vector_float_pushall,float_stackdep,float_sub,vector_float_sho,integer_div,integer_mult,integer_min,float_shove,integer_flush,float_inc,in1,integer_yank,integer_fromflo,vector_float_yankdup,float_ya,vector_float_butla,integer_sw,float_pop,exec_d,float_yankd,integer_max,exec_dup,exec_k,float_frominteger,float_mult,exec_noop,exec_p,exec_r,exec_s,vector_float_butlast,integer_flu,exec_y,float_mod,integer_ya,integer_yankdup,exec_stackdep,exec_do*ran,vector_float_index,vector_float_pop,exec_do*cou,vector_float_ta,vector_float_flu,float_add,exec_do*times,integer_shove,float_tan,vector_float_la,vector_float_indexof,float_sho,float_frominteg,integer_dup,vector_float_stackdepth,exec_sho,vector_float_replace,exec_swap,vector_float_rever,autoconstructive_integer_ra,exec_sw,integer_add,exec_flush,float_flu,float_cos,exec_flu,integer_mod,float_div,vector_float_leng,integer_inc,vector_float_yank,exec_rot,vector_float_flush,float_dec,vector_float_set,integer_pop,vector_float_shove,exec_pop,vector_float_take,vector_float_concat,vector_float_pusha,vector_float_ya,vector_float_remo,float_sin,autoconstructive_integer_rand,vector_float_length,exec_do*count,integer_sub,float_mu,exec_no,vector_float_re,float_dup,integer_r,integer_sho,vector_float_yankd,integer_stackdepth,integer_dec,exec,vector_float_replacefir,vector_float_nth,float_swap,vector_float_co,exec_ya,float_yank,float_flush,float_t,integer_d,integer_a,integer_m,integer_i,vector_float_subv,integer_s,integer_p,vector_float_repla,vector_float_sw
0.00048471404055,0.000218339657905,2.62007589487e-05,4.36679315811e-06,9.17026563203e-05,2.62007589487e-05,3.05675521068e-05,0.0,5.24015178973e-05,4.36679315811e-06,3.9301138423e-05,0.00025327400317,7.42354836878e-05,3.49343452649e-05,3.49343452649e-05,8.73358631622e-06,0.0,0.0,0.000104803035795,0.000209606071589,0.0,0.000209606071589,4.36679315811e-06,0.000157204553692,0.0,2.62007589487e-05,8.73358631622e-06,0.000240173623696,5.67683110554e-05,4.36679315811e-06,0.000152837760534,0.0,2.62007589487e-05,7.8602276846e-05,0.0,0.0,6.11351042135e-05,2.18339657905e-05,4.80347247392e-05,4.36679315811e-06,0.000541482351605,0.000305675521068,0.000104803035795,0.000183405312641,0.000135370587901,1.31003794743e-05,0.000262007589487,0.000131003794743,0.000104803035795,3.49343452649e-05,0.00048471404055,8.73358631622e-06,0.000122270208427,8.73358631622e-06,8.73358631622e-05,0.000109169828953,0.000192138898957,0.000113536622111,2.18339657905e-05,0.000244540416854,0.00071615407793,0.000205239278431,8.73358631622e-06,0.000165938140008,8.73358631622e-06,0.0,2.62007589487e-05,0.0,3.49343452649e-05,4.36679315811e-06,0.000397378177388,0.000296941934751,9.17026563203e-05,0.00055458273108,0.000248907210012,0.000109169828953,0.0,4.36679315811e-06,1.31003794743e-05,0.000235806830538,4.80347247392e-05,4.80347247392e-05,0.00039301138423,6.55018973716e-05,0.000174671726324,8.73358631622e-06,1.31003794743e-05,0.0,9.60694494784e-05,8.73358631622e-06,0.0,1.31003794743e-05,1.74671726324e-05,0.000301308727909,0.000117903415269,0.000104803035795,0.0,3.9301138423e-05,8.73358631622e-06,3.9301138423e-05,3.9301138423e-05,0.000462880074759,0.0,5.24015178973e-05,0.000100436242636,1.74671726324e-05,0.0,1.74671726324e-05,3.05675521068e-05,4.36679315811e-06,0.0,8.29690700041e-05,0.0,0.000135370587901,0.000270741175803,1.31003794743e-05,4.36679315811e-05,7.42354836878e-05,5.67683110554e-05,0.000244540416854,0.000296941934751,0.000174671726324,9.60694494784e-05,6.55018973716e-05,3.05675521068e-05,0.000157204553692,6.11351042135e-05,2.18339657905e-05,4.36679315811e-06,0.0,0.000113536622111,0.000117903415269,0.000475980454234,9.17026563203e-05,0.000157204553692,4.36679315811e-06,4.36679315811e-06,4.36679315811e-06,0.000327509486858,8.73358631622e-06,0.0,0.000126637001585,0.000318775900542,0.000213972864747,4.36679315811e-06,0.0,0.00016157134685,0.000362443832123,0.0,3.05675521068e-05,6.11351042135e-05,0.000170304933166,3.05675521068e-05,2.18339657905e-05,4.36679315811e-06,3.05675521068e-05,0.0,0.0,4.36679315811e-06,0.0,1.31003794743e-05,4.36679315811e-06
Gen 229
float_yankdup,integer_swap,vector_float_conj,vector_float_conc,vector_float_occurrencesof,vector_float_replacefirst,vector_float_rest,vector_float_p,vector_float_s,vector_float_r,vector_float_first,integer_fromfloat,vector_float_last,vector_float_d,float_sw,exec_yankd,vector_float_n,exec_do*tim,exec_yankdup,exec_yank,integer_mu,vector_float_remove,vector_float_fir,exec_do*vector_float,float_p,float_r,vector_float_stackdep,vector_float_dup,vector_float_subvec,float_i,exec_do*range,integer_yankd,float_m,integer_rot,float_a,float_c,float_d,integer_stackdep,float_s,vector_float_occurrences,exec_stackdepth,vector_float_swap,vector_float_reverse,float_stackdepth,float_max,exec_do*vector_flo,float_min,vector_float_rot,float_rot,exec_shove,vector_float_pushall,float_stackdep,float_sub,vector_float_sho,integer_div,integer_mult,integer_min,float_shove,integer_flush,float_inc,in1,integer_yank,integer_fromflo,vector_float_yankdup,float_ya,vector_float_butla,integer_sw,float_pop,exec_d,float_yankd,integer_max,exec_dup,exec_k,float_frominteger,float_mult,exec_noop,exec_p,exec_r,exec_s,vector_float_butlast,integer_flu,exec_y,float_mod,integer_ya,integer_yankdup,exec_stackdep,exec_do*ran,vector_float_index,vector_float_pop,exec_do*cou,vector_float_ta,vector_float_flu,float_add,exec_do*times,integer_shove,float_tan,vector_float_la,vector_float_indexof,float_sho,float_frominteg,integer_dup,vector_float_stackdepth,exec_sho,vector_float_replace,exec_swap,vector_float_rever,autoconstructive_integer_ra,exec_sw,integer_add,exec_flush,float_flu,float_cos,exec_flu,integer_mod,float_div,vector_float_leng,integer_inc,vector_float_yank,exec_rot,vector_float_flush,float_dec,vector_float_set,integer_pop,vector_float_shove,exec_pop,vector_float_take,vector_float_concat,vector_float_pusha,vector_float_ya,vector_float_remo,float_sin,autoconstructive_integer_rand,vector_float_length,exec_do*count,integer_sub,float_mu,exec_no,vector_float_re,float_dup,integer_r,integer_sho,vector_float_yankd,integer_stackdepth,integer_dec,exec,vector_float_replacefir,vector_float_nth,float_swap,vector_float_co,exec_ya,float_yank,float_flush,float_t,integer_d,integer_a,integer_m,integer_i,vector_float_subv,integer_s,integer_p,vector_float_repla,vector_float_sw
0.000439128525528,0.000147825444237,3.9130264651e-05,4.34780718345e-06,6.52171077517e-05,5.21736862014e-05,3.9130264651e-05,0.0,4.34780718345e-05,0.0,5.65214933848e-05,0.000286955274108,6.52171077517e-05,3.9130264651e-05,5.21736862014e-05,0.0,4.34780718345e-06,4.34780718345e-06,9.56517580358e-05,0.000165216672971,4.34780718345e-06,0.00013912982987,0.0,0.000147825444237,4.34780718345e-06,2.60868431007e-05,8.69561436689e-06,0.000217390359172,2.60868431007e-05,8.69561436689e-06,0.000117390793953,0.0,2.17390359172e-05,5.21736862014e-05,0.0,0.0,5.65214933848e-05,8.69561436689e-06,5.65214933848e-05,0.0,0.000499997826096,0.000308694310025,7.8260529302e-05,0.000199999130439,0.000104347372403,8.69561436689e-06,0.00025217281664,8.69561436689e-05,0.000134782022687,3.9130264651e-05,0.00049130221173,0.0,8.69561436689e-05,8.69561436689e-06,9.56517580358e-05,9.13039508524e-05,0.000173912287338,9.13039508524e-05,1.30434215503e-05,0.000178260094521,0.0006304320416,0.000178260094521,4.34780718345e-06,0.000160868865788,4.34780718345e-06,4.34780718345e-06,8.69561436689e-06,0.0,0.0,1.73912287338e-05,0.000313042117208,0.000278259659741,4.78258790179e-05,0.000473910982996,0.000234781587906,0.000117390793953,0.0,0.0,3.04346502841e-05,0.000191303516072,4.78258790179e-05,5.21736862014e-05,0.000269564045374,7.39127221186e-05,9.13039508524e-05,1.73912287338e-05,4.34780718345e-06,0.0,0.000130434215503,0.0,1.30434215503e-05,2.17390359172e-05,1.73912287338e-05,0.000278259659741,7.39127221186e-05,0.000108695179586,0.0,6.08693005683e-05,1.30434215503e-05,3.47824574676e-05,4.34780718345e-05,0.000339128960309,0.0,6.95649149352e-05,5.65214933848e-05,4.34780718345e-06,4.34780718345e-06,1.73912287338e-05,2.17390359172e-05,0.0,0.0,3.9130264651e-05,4.34780718345e-06,0.00012608640832,0.000213042551989,1.73912287338e-05,4.78258790179e-05,6.95649149352e-05,3.04346502841e-05,0.000182607901705,0.000191303516072,0.000156521058604,6.95649149352e-05,0.000117390793953,3.47824574676e-05,0.000108695179586,7.8260529302e-05,3.9130264651e-05,0.0,4.34780718345e-06,0.00012608640832,0.000117390793953,0.000382607032143,9.13039508524e-05,0.000156521058604,4.34780718345e-06,4.34780718345e-06,0.0,0.000243477202273,4.34780718345e-06,0.0,7.8260529302e-05,0.000295650888474,0.000108695179586,1.73912287338e-05,0.0,0.000121738601137,0.000282607466924,0.0,2.60868431007e-05,5.21736862014e-05,0.000160868865788,2.17390359172e-05,3.9130264651e-05,4.34780718345e-06,3.47824574676e-05,0.0,0.0,0.0,0.0,4.34780718345e-06,8.69561436689e-06
Gen 230
float_yankdup,integer_swap,vector_float_conj,vector_float_conc,vector_float_occurrencesof,vector_float_replacefirst,vector_float_rest,vector_float_p,vector_float_s,vector_float_r,vector_float_first,integer_fromfloat,vector_float_last,vector_float_d,float_sw,exec_yankd,vector_float_n,exec_do*tim,exec_yankdup,exec_yank,integer_mu,vector_float_remove,vector_float_fir,exec_do*vector_float,float_p,float_r,vector_float_stackdep,vector_float_dup,vector_float_subvec,float_i,exec_do*range,integer_yankd,float_m,integer_rot,float_a,float_c,float_d,integer_stackdep,float_s,vector_float_occurrences,exec_stackdepth,vector_float_swap,vector_float_reverse,float_stackdepth,float_max,exec_do*vector_flo,float_min,vector_float_rot,float_rot,exec_shove,vector_float_pushall,float_stackdep,float_sub,vector_float_sho,integer_div,integer_mult,integer_min,float_shove,integer_flush,float_inc,in1,integer_yank,integer_fromflo,vector_float_yankdup,float_ya,vector_float_butla,integer_sw,float_pop,exec_d,float_yankd,integer_max,exec_dup,exec_k,float_frominteger,float_mult,exec_noop,exec_p,exec_r,exec_s,vector_float_butlast,integer_flu,exec_y,float_mod,integer_ya,integer_yankdup,exec_stackdep,exec_do*ran,vector_float_index,vector_float_pop,exec_do*cou,vector_float_ta,vector_float_flu,float_add,exec_do*times,integer_shove,float_tan,vector_float_la,vector_float_indexof,float_sho,float_frominteg,integer_dup,vector_float_stackdepth,exec_sho,vector_float_replace,exec_swap,vector_float_rever,autoconstructive_integer_ra,exec_sw,integer_add,exec_flush,float_flu,float_cos,exec_flu,integer_mod,float_div,vector_float_leng,integer_inc,vector_float_yank,exec_rot,vector_float_flush,float_dec,vector_float_set,integer_pop,vector_float_shove,exec_pop,vector_float_take,vector_float_concat,vector_float_pusha,vector_float_ya,vector_float_remo,float_sin,autoconstructive_integer_rand,vector_float_length,exec_do*count,integer_sub,float_mu,exec_no,vector_float_re,float_dup,integer_r,integer_sho,vector_float_yankd,integer_stackdepth,integer_dec,exec,vector_float_replacefir,vector_float_nth,float_swap,vector_float_co,exec_ya,float_yank,float_flush,float_t,integer_d,integer_a,integer_m,integer_i,vector_float_subv,integer_s,integer_p,vector_float_repla,vector_float_sw
0.000424240587703,0.000186146380319,3.89608702993e-05,0.0,0.000129869567664,3.03028991216e-05,3.03028991216e-05,8.65797117761e-06,3.89608702993e-05,0.0,4.76188414769e-05,0.000194804351496,3.89608702993e-05,6.92637694209e-05,4.32898558881e-05,0.0,0.0,0.0,7.79217405985e-05,0.000220778265029,0.0,0.000151514495608,1.29869567664e-05,0.000207791308263,0.0,1.29869567664e-05,1.29869567664e-05,0.000303028991216,1.73159423552e-05,8.65797117761e-06,0.000138527538842,0.0,3.46318847105e-05,5.19478270657e-05,0.0,4.32898558881e-06,5.19478270657e-05,2.1644927944e-05,2.1644927944e-05,4.32898558881e-06,0.000493504357124,0.000303028991216,5.19478270657e-05,0.000138527538842,9.09086973649e-05,8.65797117761e-06,0.000225107250618,0.000121211596487,0.00010822463972,4.76188414769e-05,0.000554110155367,0.0,9.09086973649e-05,8.65797117761e-06,8.65797117761e-05,0.000164501452375,0.000138527538842,9.95666685426e-05,1.29869567664e-05,0.000125540582075,0.000640689867143,0.000155843481197,4.32898558881e-06,0.000168830437963,4.32898558881e-06,4.32898558881e-06,4.32898558881e-06,0.0,8.65797117761e-06,1.29869567664e-05,0.000316015947983,0.000281384063272,6.06057982433e-05,0.000502162328302,0.000194804351496,0.000103895654131,0.0,4.32898558881e-06,8.65797117761e-06,0.000220778265029,4.76188414769e-05,7.79217405985e-05,0.000242423192973,4.32898558881e-05,0.000129869567664,1.29869567664e-05,4.32898558881e-06,0.0,0.000121211596487,0.0,4.32898558881e-06,3.46318847105e-05,4.32898558881e-06,0.000173159423552,8.65797117761e-05,9.95666685426e-05,4.32898558881e-06,5.19478270657e-05,2.1644927944e-05,7.35927550097e-05,6.06057982433e-05,0.000341989861516,0.0,5.19478270657e-05,8.22507261873e-05,4.32898558881e-06,0.0,1.73159423552e-05,2.1644927944e-05,0.0,4.32898558881e-06,3.89608702993e-05,0.0,0.000186146380319,0.000155843481197,1.73159423552e-05,2.59739135328e-05,8.22507261873e-05,6.49347838321e-05,0.000207791308263,0.000225107250618,0.000194804351496,6.49347838321e-05,9.52376829538e-05,2.59739135328e-05,5.62768126545e-05,5.62768126545e-05,2.1644927944e-05,0.0,0.0,0.000121211596487,8.65797117761e-05,0.000389608702993,6.92637694209e-05,0.000142856524431,0.0,4.32898558881e-06,4.32898558881e-06,0.000229436236207,8.65797117761e-06,4.32898558881e-06,3.46318847105e-05,0.000285713048861,0.000138527538842,8.65797117761e-06,4.32898558881e-06,0.000134198553253,0.000233765221796,0.0,4.32898558881e-05,4.76188414769e-05,0.000160172466786,5.62768126545e-05,3.03028991216e-05,0.0,4.32898558881e-05,8.65797117761e-06,0.0,8.65797117761e-06,4.32898558881e-06,4.32898558881e-06,2.59739135328e-05
Gen 231
float_yankdup,integer_swap,vector_float_conj,vector_float_conc,vector_float_occurrencesof,vector_float_replacefirst,vector_float_rest,vector_float_p,vector_float_s,vector_float_r,vector_float_first,integer_fromfloat,vector_float_last,vector_float_d,float_sw,exec_yankd,vector_float_n,exec_do*tim,exec_yankdup,exec_yank,integer_mu,vector_float_remove,vector_float_fir,exec_do*vector_float,float_p,float_r,vector_float_stackdep,vector_float_dup,vector_float_subvec,float_i,exec_do*range,integer_yankd,float_m,integer_rot,float_a,float_c,float_d,integer_stackdep,float_s,vector_float_occurrences,exec_stackdepth,vector_float_swap,vector_float_reverse,float_stackdepth,float_max,exec_do*vector_flo,float_min,vector_float_rot,float_rot,exec_shove,vector_float_pushall,float_stackdep,float_sub,vector_float_sho,integer_div,integer_mult,integer_min,float_shove,integer_flush,float_inc,in1,integer_yank,integer_fromflo,vector_float_yankdup,float_ya,vector_float_butla,integer_sw,float_pop,exec_d,float_yankd,integer_max,exec_dup,exec_k,float_frominteger,float_mult,exec_noop,exec_p,exec_r,exec_s,vector_float_butlast,integer_flu,exec_y,float_mod,integer_ya,integer_yankdup,exec_stackdep,exec_do*ran,vector_float_index,vector_float_pop,exec_do*cou,vector_float_ta,vector_float_flu,float_add,exec_do*times,integer_shove,float_tan,vector_float_la,vector_float_indexof,float_sho,float_frominteg,integer_dup,vector_float_stackdepth,exec_sho,vector_float_replace,exec_swap,vector_float_rever,autoconstructive_integer_ra,exec_sw,integer_add,exec_flush,float_flu,float_cos,exec_flu,integer_mod,float_div,vector_float_leng,integer_inc,vector_float_yank,exec_rot,vector_float_flush,float_dec,vector_float_set,integer_pop,vector_float_shove,exec_pop,vector_float_take,vector_float_concat,vector_float_pusha,vector_float_ya,vector_float_remo,float_sin,autoconstructive_integer_rand,vector_float_length,exec_do*count,integer_sub,float_mu,exec_no,vector_float_re,float_dup,integer_r,integer_sho,vector_float_yankd,integer_stackdepth,integer_dec,exec,vector_float_replacefir,vector_float_nth,float_swap,vector_float_co,exec_ya,float_yank,float_flush,float_t,integer_d,integer_a,integer_m,integer_i,vector_float_subv,integer_s,integer_p,vector_float_repla,vector_float_sw
0.000422411972362,0.00021551631243,5.17239149831e-05,0.0,9.91375037177e-05,2.58619574916e-05,6.89652199775e-05,4.31032624859e-06,3.87929362373e-05,4.31032624859e-06,4.74135887345e-05,0.000193964681187,8.62065249719e-05,6.89652199775e-05,3.87929362373e-05,4.31032624859e-06,0.0,1.72413049944e-05,0.000112068482463,0.000198275007435,1.29309787458e-05,0.000159482071198,4.31032624859e-06,0.000228447291175,0.0,2.1551631243e-05,8.62065249719e-06,0.000370688057379,3.44826099888e-05,1.72413049944e-05,0.000142240766204,0.0,4.74135887345e-05,6.03445674803e-05,0.0,0.0,6.89652199775e-05,1.72413049944e-05,8.62065249719e-06,8.62065249719e-06,0.000547411433571,0.000344826099888,7.32755462261e-05,0.000142240766204,9.91375037177e-05,1.29309787458e-05,0.000249998922418,9.48271774691e-05,9.91375037177e-05,5.60342412317e-05,0.00052154947608,4.31032624859e-06,9.48271774691e-05,0.0,0.000133620113706,0.000228447291175,0.000176723376192,0.000129309787458,1.29309787458e-05,0.000159482071198,0.000663790242283,0.000224136964927,4.31032624859e-06,0.000193964681187,8.62065249719e-06,4.31032624859e-06,0.0,4.31032624859e-06,8.62065249719e-06,1.29309787458e-05,0.000310343489899,0.000293102184904,5.17239149831e-05,0.000525859802328,0.000323274468645,0.000107758156215,0.0,1.72413049944e-05,4.31032624859e-05,0.000189654354938,8.62065249719e-05,6.46548937289e-05,0.000284481532407,6.03445674803e-05,0.00021551631243,2.58619574916e-05,4.31032624859e-06,0.0,0.000124999461209,0.0,1.29309787458e-05,1.29309787458e-05,3.44826099888e-05,0.000241378269921,7.75858724747e-05,0.000129309787458,8.62065249719e-06,3.44826099888e-05,2.58619574916e-05,7.75858724747e-05,5.17239149831e-05,0.00036637773113,8.62065249719e-06,6.89652199775e-05,7.32755462261e-05,0.0,0.0,2.1551631243e-05,6.46548937289e-05,0.0,0.0,3.44826099888e-05,0.0,0.000206895659933,0.000219826638678,8.62065249719e-06,2.58619574916e-05,0.000137930439955,6.46548937289e-05,0.000232757617424,0.000280171206159,0.000181033702441,8.18961987233e-05,0.000107758156215,3.01722837402e-05,8.62065249719e-05,8.62065249719e-05,2.1551631243e-05,4.31032624859e-06,4.31032624859e-06,0.000142240766204,0.000107758156215,0.000439653277357,0.000103447829966,0.000146551092452,1.29309787458e-05,4.31032624859e-06,0.0,0.000297412511153,8.62065249719e-06,4.31032624859e-06,5.17239149831e-05,0.000288791858656,0.000224136964927,1.29309787458e-05,0.0,0.000176723376192,0.000318964142396,0.0,3.01722837402e-05,0.000112068482463,0.000159482071198,2.58619574916e-05,3.01722837402e-05,4.31032624859e-06,3.44826099888e-05,4.31032624859e-06,0.0,8.62065249719e-06,1.29309787458e-05,0.0,8.62065249719e-06
Gen 232
float_yankdup,integer_swap,vector_float_conj,vector_float_conc,vector_float_occurrencesof,vector_float_replacefirst,vector_float_rest,vector_float_p,vector_float_s,vector_float_r,vector_float_first,integer_fromfloat,vector_float_last,vector_float_d,float_sw,exec_yankd,vector_float_n,exec_do*tim,exec_yankdup,exec_yank,integer_mu,vector_float_remove,vector_float_fir,exec_do*vector_float,float_p,float_r,vector_float_stackdep,vector_float_dup,vector_float_subvec,float_i,exec_do*range,integer_yankd,float_m,integer_rot,float_a,float_c,float_d,integer_stackdep,float_s,vector_float_occurrences,exec_stackdepth,vector_float_swap,vector_float_reverse,float_stackdepth,float_max,exec_do*vector_flo,float_min,vector_float_rot,float_rot,exec_shove,vector_float_pushall,float_stackdep,float_sub,vector_float_sho,integer_div,integer_mult,integer_min,float_shove,integer_flush,float_inc,in1,integer_yank,integer_fromflo,vector_float_yankdup,float_ya,vector_float_butla,integer_sw,float_pop,exec_d,float_yankd,integer_max,exec_dup,exec_k,float_frominteger,float_mult,exec_noop,exec_p,exec_r,exec_s,vector_float_butlast,integer_flu,exec_y,float_mod,integer_ya,integer_yankdup,exec_stackdep,exec_do*ran,vector_float_index,vector_float_pop,exec_do*cou,vector_float_ta,vector_float_flu,float_add,exec_do*times,integer_shove,float_tan,vector_float_la,vector_float_indexof,float_sho,float_frominteg,integer_dup,vector_float_stackdepth,exec_sho,vector_float_replace,exec_swap,vector_float_rever,autoconstructive_integer_ra,exec_sw,integer_add,exec_flush,float_flu,float_cos,exec_flu,integer_mod,float_div,vector_float_leng,integer_inc,vector_float_yank,exec_rot,vector_float_flush,float_dec,vector_float_set,integer_pop,vector_float_shove,exec_pop,vector_float_take,vector_float_concat,vector_float_pusha,vector_float_ya,vector_float_remo,float_sin,autoconstructive_integer_rand,vector_float_length,exec_do*count,integer_sub,float_mu,exec_no,vector_float_re,float_dup,integer_r,integer_sho,vector_float_yankd,integer_stackdepth,integer_dec,exec,vector_float_replacefir,vector_float_nth,float_swap,vector_float_co,exec_ya,float_yank,float_flush,float_t,integer_d,integer_a,integer_m,integer_i,vector_float_subv,integer_s,integer_p,vector_float_repla,vector_float_sw
0.000493560113476,0.000257509624422,5.15019248844e-05,0.0,0.000167381255874,6.00855790318e-05,8.15447144004e-05,4.2918270737e-06,5.15019248844e-05,4.2918270737e-06,4.72100978107e-05,0.000261801451496,0.000124462985137,8.58365414741e-05,3.43346165896e-05,1.28754812211e-05,4.2918270737e-06,0.0,0.000175964910022,0.000214591353685,1.28754812211e-05,0.000141630293432,0.0,0.000253217797349,0.0,4.2918270737e-06,4.2918270737e-06,0.000437766361518,3.86264436633e-05,1.28754812211e-05,0.00023175866198,8.58365414741e-06,6.86692331793e-05,0.000107295676843,0.0,0.0,4.72100978107e-05,3.43346165896e-05,2.14591353685e-05,8.58365414741e-06,0.000587980309097,0.000364805301265,9.01283685478e-05,0.000223175007833,8.58365414741e-05,1.71673082948e-05,0.000317595203454,0.000163089428801,0.000137338466359,5.57937519581e-05,0.000639482233982,4.2918270737e-06,9.87120226952e-05,1.28754812211e-05,0.000124462985137,0.00026609327857,0.000145922120506,0.000128754812211,2.57509624422e-05,0.000218883180759,0.000785404354488,0.000210299526611,8.58365414741e-06,0.000236050489054,4.2918270737e-06,8.58365414741e-06,8.58365414741e-06,4.2918270737e-06,8.58365414741e-06,1.28754812211e-05,0.000399139917854,0.00034763799297,6.86692331793e-05,0.000532186557139,0.000244634143201,0.000171673082948,8.58365414741e-06,1.71673082948e-05,6.43774061056e-05,0.000278968759791,4.2918270737e-05,0.000120171158064,0.000326178857601,3.43346165896e-05,0.000210299526611,2.57509624422e-05,4.2918270737e-06,8.58365414741e-06,0.000163089428801,0.0,8.58365414741e-06,0.0,4.2918270737e-05,0.00023175866198,0.000171673082948,0.000167381255874,8.58365414741e-06,8.15447144004e-05,8.58365414741e-06,9.44201956215e-05,6.00855790318e-05,0.000450641842739,0.0,7.72528873267e-05,0.000145922120506,0.0,4.2918270737e-06,1.71673082948e-05,8.15447144004e-05,0.0,0.0,6.00855790318e-05,0.0,0.000253217797349,0.000270385105643,3.86264436633e-05,5.57937519581e-05,0.000107295676843,0.00011587933099,0.00026609327857,0.000291844241012,0.000223175007833,7.72528873267e-05,0.000137338466359,4.2918270737e-05,0.000120171158064,7.72528873267e-05,3.00427895159e-05,4.2918270737e-06,0.0,0.000145922120506,7.2961060253e-05,0.000416307226149,7.2961060253e-05,0.000145922120506,8.58365414741e-06,4.2918270737e-06,4.2918270737e-06,0.000304719722233,8.58365414741e-06,0.0,9.01283685478e-05,0.00031330337638,0.000210299526611,1.71673082948e-05,8.58365414741e-06,0.000137338466359,0.000334762511749,0.0,6.43774061056e-05,0.00019742404539,0.000163089428801,4.72100978107e-05,3.00427895159e-05,0.0,6.86692331793e-05,4.2918270737e-06,4.2918270737e-06,4.2918270737e-06,4.2918270737e-06,0.0,0.0
Gen 233
float_yankdup,integer_swap,vector_float_conj,vector_float_conc,vector_float_occurrencesof,vector_float_replacefirst,vector_float_rest,vector_float_p,vector_float_s,vector_float_r,vector_float_first,integer_fromfloat,vector_float_last,vector_float_d,float_sw,exec_yankd,vector_float_n,exec_do*tim,exec_yankdup,exec_yank,integer_mu,vector_float_remove,vector_float_fir,exec_do*vector_float,float_p,float_r,vector_float_stackdep,vector_float_dup,vector_float_subvec,float_i,exec_do*range,integer_yankd,float_m,integer_rot,float_a,float_c,float_d,integer_stackdep,float_s,vector_float_occurrences,exec_stackdepth,vector_float_swap,vector_float_reverse,float_stackdepth,float_max,exec_do*vector_flo,float_min,vector_float_rot,float_rot,exec_shove,vector_float_pushall,float_stackdep,float_sub,vector_float_sho,integer_div,integer_mult,integer_min,float_shove,integer_flush,float_inc,in1,integer_yank,integer_fromflo,vector_float_yankdup,float_ya,vector_float_butla,integer_sw,float_pop,exec_d,float_yankd,integer_max,exec_dup,exec_k,float_frominteger,float_mult,exec_noop,exec_p,exec_r,exec_s,vector_float_butlast,integer_flu,exec_y,float_mod,integer_ya,integer_yankdup,exec_stackdep,exec_do*ran,vector_float_index,vector_float_pop,exec_do*cou,vector_float_ta,vector_float_flu,float_add,exec_do*times,integer_shove,float_tan,vector_float_la,vector_float_indexof,float_sho,float_frominteg,integer_dup,vector_float_stackdepth,exec_sho,vector_float_replace,exec_swap,vector_float_rever,autoconstructive_integer_ra,exec_sw,integer_add,exec_flush,float_flu,float_cos,exec_flu,integer_mod,float_div,vector_float_leng,integer_inc,vector_float_yank,exec_rot,vector_float_flush,float_dec,vector_float_set,integer_pop,vector_float_shove,exec_pop,vector_float_take,vector_float_concat,vector_float_pusha,vector_float_ya,vector_float_remo,float_sin,autoconstructive_integer_rand,vector_float_length,exec_do*count,integer_sub,float_mu,exec_no,vector_float_re,float_dup,integer_r,integer_sho,vector_float_yankd,integer_stackdepth,integer_dec,exec,vector_float_replacefir,vector_float_nth,float_swap,vector_float_co,exec_ya,float_yank,float_flush,float_t,integer_d,integer_a,integer_m,integer_i,vector_float_subv,integer_s,integer_p,vector_float_repla,vector_float_sw
0.000435895573096,0.00023076824458,5.12818321289e-05,4.27348601074e-06,0.000102563664258,4.27348601074e-05,6.41022901612e-05,0.0,7.26492621826e-05,0.0,2.99144020752e-05,0.000222221272559,0.000162392468408,6.83757761719e-05,2.13674300537e-05,1.7093944043e-05,0.0,4.27348601074e-06,0.00017521292644,0.000162392468408,1.28204580322e-05,0.00017521292644,8.54697202149e-06,0.000226494758569,0.0,8.54697202149e-06,2.13674300537e-05,0.000427348601074,4.27348601074e-05,8.54697202149e-06,0.000192306870483,0.0,8.97432062256e-05,9.82901782471e-05,0.0,0.0,5.12818321289e-05,2.56409160645e-05,2.56409160645e-05,4.27348601074e-06,0.000495724377246,0.000282050076709,8.97432062256e-05,0.000149572010376,0.000123931094312,2.56409160645e-05,0.00023076824458,8.11962342041e-05,8.97432062256e-05,4.27348601074e-05,0.000538459237354,4.27348601074e-06,0.00011538412229,4.27348601074e-06,9.82901782471e-05,0.000196580356494,0.000145298524365,0.000149572010376,8.54697202149e-06,0.000196580356494,0.000666663817676,0.000196580356494,1.28204580322e-05,0.000188033384473,8.54697202149e-06,0.0,4.27348601074e-06,8.54697202149e-06,4.27348601074e-06,2.13674300537e-05,0.00040170768501,0.00028632356272,7.26492621826e-05,0.000431622087085,0.00028632356272,0.000162392468408,0.0,8.54697202149e-06,3.84613740967e-05,0.000222221272559,4.27348601074e-05,5.55553181397e-05,0.000290597048731,2.13674300537e-05,0.000188033384473,8.54697202149e-06,8.54697202149e-06,1.28204580322e-05,0.000141025038355,0.0,4.27348601074e-06,0.0,3.84613740967e-05,0.000226494758569,0.00011538412229,0.000123931094312,1.28204580322e-05,8.54697202149e-05,0.0,0.000102563664258,4.70083461182e-05,0.00040170768501,0.0,6.41022901612e-05,7.69227481934e-05,4.27348601074e-06,0.0,4.27348601074e-06,7.26492621826e-05,0.0,4.27348601074e-06,7.26492621826e-05,0.0,0.000209400814526,0.000209400814526,1.28204580322e-05,3.84613740967e-05,9.82901782471e-05,7.69227481934e-05,0.000235041730591,0.000235041730591,0.00017093944043,8.11962342041e-05,8.54697202149e-05,5.12818321289e-05,0.000102563664258,9.40166922364e-05,2.56409160645e-05,8.54697202149e-06,0.0,0.000153845496387,8.54697202149e-05,0.000431622087085,5.12818321289e-05,0.000141025038355,8.54697202149e-06,0.0,0.0,0.000303417506763,8.54697202149e-06,4.27348601074e-06,5.98288041504e-05,0.00028632356272,0.000192306870483,4.27348601074e-06,4.27348601074e-06,0.00011538412229,0.000256409160645,4.27348601074e-06,2.56409160645e-05,0.000192306870483,0.000102563664258,2.99144020752e-05,2.13674300537e-05,8.54697202149e-06,6.83757761719e-05,8.54697202149e-06,0.0,0.0,2.13674300537e-05,0.0,1.7093944043e-05
Gen 234
float_yankdup,integer_swap,vector_float_conj,vector_float_conc,vector_float_occurrencesof,vector_float_replacefirst,vector_float_rest,vector_float_p,vector_float_s,vector_float_r,vector_float_first,integer_fromfloat,vector_float_last,vector_float_d,float_sw,exec_yankd,vector_float_n,exec_do*tim,exec_yankdup,exec_yank,integer_mu,vector_float_remove,vector_float_fir,exec_do*vector_float,float_p,float_r,vector_float_stackdep,vector_float_dup,vector_float_subvec,float_i,exec_do*range,integer_yankd,float_m,integer_rot,float_a,float_c,float_d,integer_stackdep,float_s,vector_float_occurrences,exec_stackdepth,vector_float_swap,vector_float_reverse,float_stackdepth,float_max,exec_do*vector_flo,float_min,vector_float_rot,float_rot,exec_shove,vector_float_pushall,float_stackdep,float_sub,vector_float_sho,integer_div,integer_mult,integer_min,float_shove,integer_flush,float_inc,in1,integer_yank,integer_fromflo,vector_float_yankdup,float_ya,vector_float_butla,integer_sw,float_pop,exec_d,float_yankd,integer_max,exec_dup,exec_k,float_frominteger,float_mult,exec_noop,exec_p,exec_r,exec_s,vector_float_butlast,integer_flu,exec_y,float_mod,integer_ya,integer_yankdup,exec_stackdep,exec_do*ran,vector_float_index,vector_float_pop,exec_do*cou,vector_float_ta,vector_float_flu,float_add,exec_do*times,integer_shove,float_tan,vector_float_la,vector_float_indexof,float_sho,float_frominteg,integer_dup,vector_float_stackdepth,exec_sho,vector_float_replace,exec_swap,vector_float_rever,autoconstructive_integer_ra,exec_sw,integer_add,exec_flush,float_flu,float_cos,exec_flu,integer_mod,float_div,vector_float_leng,integer_inc,vector_float_yank,exec_rot,vector_float_flush,float_dec,vector_float_set,integer_pop,vector_float_shove,exec_pop,vector_float_take,vector_float_concat,vector_float_pusha,vector_float_ya,vector_float_remo,float_sin,autoconstructive_integer_rand,vector_float_length,exec_do*count,integer_sub,float_mu,exec_no,vector_float_re,float_dup,integer_r,integer_sho,vector_float_yankd,integer_stackdepth,integer_dec,exec,vector_float_replacefir,vector_float_nth,float_swap,vector_float_co,exec_ya,float_yank,float_flush,float_t,integer_d,integer_a,integer_m,integer_i,vector_float_subv,integer_s,integer_p,vector_float_repla,vector_float_sw
0.000365955889549,0.00023404155727,2.55318062476e-05,0.0,6.38295156191e-05,2.55318062476e-05,3.82977093714e-05,0.0,4.25530104127e-05,4.25530104127e-06,4.25530104127e-05,0.000157446138527,0.000136169633321,6.80848166604e-05,1.70212041651e-05,4.25530104127e-06,0.0,4.25530104127e-06,0.000114893128114,0.000144680235403,4.25530104127e-06,0.00016595674061,4.25530104127e-06,0.000187233245816,0.0,4.25530104127e-06,4.25530104127e-06,0.000344679384343,3.82977093714e-05,0.0,0.000148935536445,1.27659031238e-05,3.40424083302e-05,5.53189135365e-05,4.25530104127e-06,0.0,3.82977093714e-05,2.12765052064e-05,3.82977093714e-05,8.51060208254e-06,0.000451061910375,0.000297871072889,3.82977093714e-05,0.000161701439568,0.000110637827073,4.25530104127e-06,0.000263828664559,9.3616622908e-05,9.3616622908e-05,4.25530104127e-05,0.000425530104127,0.0,8.93613218667e-05,1.70212041651e-05,8.51060208254e-05,0.000136169633321,0.000123403730197,0.000161701439568,1.27659031238e-05,0.000153190837486,0.000523402028076,0.000212765052064,1.27659031238e-05,0.000191488546857,4.25530104127e-06,1.27659031238e-05,0.0,4.25530104127e-06,2.12765052064e-05,4.25530104127e-06,0.00030212637393,0.000251062761435,4.25530104127e-05,0.000387232394756,0.000289360470807,8.08507197842e-05,0.0,4.25530104127e-06,2.55318062476e-05,0.000195743847899,8.51060208254e-05,4.25530104127e-05,0.000259573363518,1.70212041651e-05,0.000182977944775,4.25530104127e-06,4.25530104127e-06,0.0,0.000123403730197,0.0,4.25530104127e-06,4.25530104127e-06,0.0,0.00023404155727,0.000119148429156,7.65954187429e-05,8.51060208254e-06,4.6808311454e-05,4.25530104127e-06,8.51060208254e-05,2.12765052064e-05,0.000310636976013,0.0,2.97871072889e-05,5.95742145778e-05,0.0,8.51060208254e-06,8.51060208254e-06,6.38295156191e-05,8.51060208254e-06,0.0,9.3616622908e-05,0.0,0.000187233245816,0.000225530955187,4.25530104127e-06,5.95742145778e-05,0.000102127224991,6.38295156191e-05,0.000187233245816,0.000251062761435,0.000187233245816,9.3616622908e-05,8.51060208254e-05,2.97871072889e-05,9.3616622908e-05,7.65954187429e-05,8.51060208254e-06,0.0,0.0,0.000144680235403,0.000131914332279,0.000361700588508,8.93613218667e-05,0.000174467342692,0.0,4.25530104127e-06,0.0,0.000225530955187,8.51060208254e-06,4.25530104127e-06,5.95742145778e-05,0.000208509751022,0.000191488546857,4.25530104127e-06,0.0,0.000144680235403,0.000319147578095,0.0,3.40424083302e-05,0.00016595674061,0.000110637827073,8.51060208254e-06,1.70212041651e-05,0.0,1.70212041651e-05,0.0,8.51060208254e-06,4.25530104127e-06,3.82977093714e-05,0.0,8.51060208254e-06
Gen 235
float_yankdup,integer_swap,vector_float_conj,vector_float_conc,vector_float_occurrencesof,vector_float_replacefirst,vector_float_rest,vector_float_p,vector_float_s,vector_float_r,vector_float_first,integer_fromfloat,vector_float_last,vector_float_d,float_sw,exec_yankd,vector_float_n,exec_do*tim,exec_yankdup,exec_yank,integer_mu,vector_float_remove,vector_float_fir,exec_do*vector_float,float_p,float_r,vector_float_stackdep,vector_float_dup,vector_float_subvec,float_i,exec_do*range,integer_yankd,float_m,integer_rot,float_a,float_c,float_d,integer_stackdep,float_s,vector_float_occurrences,exec_stackdepth,vector_float_swap,vector_float_reverse,float_stackdepth,float_max,exec_do*vector_flo,float_min,vector_float_rot,float_rot,exec_shove,vector_float_pushall,float_stackdep,float_sub,vector_float_sho,integer_div,integer_mult,integer_min,float_shove,integer_flush,float_inc,in1,integer_yank,integer_fromflo,vector_float_yankdup,float_ya,vector_float_butla,integer_sw,float_pop,exec_d,float_yankd,integer_max,exec_dup,exec_k,float_frominteger,float_mult,exec_noop,exec_p,exec_r,exec_s,vector_float_butlast,integer_flu,exec_y,float_mod,integer_ya,integer_yankdup,exec_stackdep,exec_do*ran,vector_float_index,vector_float_pop,exec_do*cou,vector_float_ta,vector_float_flu,float_add,exec_do*times,integer_shove,float_tan,vector_float_la,vector_float_indexof,float_sho,float_frominteg,integer_dup,vector_float_stackdepth,exec_sho,vector_float_replace,exec_swap,vector_float_rever,autoconstructive_integer_ra,exec_sw,integer_add,exec_flush,float_flu,float_cos,exec_flu,integer_mod,float_div,vector_float_leng,integer_inc,vector_float_yank,exec_rot,vector_float_flush,float_dec,vector_float_set,integer_pop,vector_float_shove,exec_pop,vector_float_take,vector_float_concat,vector_float_pusha,vector_float_ya,vector_float_remo,float_sin,autoconstructive_integer_rand,vector_float_length,exec_do*count,integer_sub,float_mu,exec_no,vector_float_re,float_dup,integer_r,integer_sho,vector_float_yankd,integer_stackdepth,integer_dec,exec,vector_float_replacefir,vector_float_nth,float_swap,vector_float_co,exec_ya,float_yank,float_flush,float_t,integer_d,integer_a,integer_m,integer_i,vector_float_subv,integer_s,integer_p,vector_float_repla,vector_float_sw
0.000389828856657,0.00024152440032,2.96608912674e-05,4.23727018106e-06,7.2033593078e-05,3.38981614485e-05,5.08472421727e-05,0.0,5.50845123538e-05,8.47454036212e-06,3.81354316295e-05,0.000135592645794,0.000122880835251,5.50845123538e-05,2.96608912674e-05,0.0,4.23727018106e-06,4.23727018106e-06,0.000173728077423,0.000233049859958,8.47454036212e-06,0.000105931754526,0.0,0.00019915169851,0.0,1.69490807242e-05,0.0,0.000457625179554,6.77963228969e-05,4.23727018106e-06,0.000177965347604,8.47454036212e-06,7.62708632591e-05,8.47454036212e-05,0.0,0.0,4.66099719916e-05,2.96608912674e-05,2.11863509053e-05,0.0,0.000542370583175,0.000271185291588,5.93217825348e-05,0.000148304456337,5.93217825348e-05,1.27118105432e-05,0.000228812589777,8.05081334401e-05,7.2033593078e-05,5.93217825348e-05,0.000449150639192,0.0,0.000110169024708,1.27118105432e-05,8.05081334401e-05,0.000177965347604,0.000173728077423,8.89826738022e-05,8.47454036212e-06,0.000127118105432,0.000610166906072,0.000190677158148,1.69490807242e-05,0.000148304456337,8.47454036212e-06,0.0,4.23727018106e-06,0.0,4.23727018106e-06,4.23727018106e-05,0.000377117046114,0.000347456154847,5.08472421727e-05,0.000423727018106,0.000351693425028,0.00011864356507,0.0,0.0,3.38981614485e-05,0.000216100779234,2.11863509053e-05,5.08472421727e-05,0.00024152440032,3.38981614485e-05,0.000144067186156,2.54236210864e-05,8.47454036212e-06,0.0,0.000114406294889,0.0,8.47454036212e-06,4.23727018106e-06,4.23727018106e-06,0.000144067186156,0.000114406294889,0.000135592645794,0.0,0.000152541726518,8.47454036212e-06,0.000139829915975,4.66099719916e-05,0.000355930695209,0.0,5.08472421727e-05,7.2033593078e-05,0.0,4.23727018106e-06,2.96608912674e-05,3.81354316295e-05,4.23727018106e-06,0.0,0.000114406294889,0.0,0.000169490807242,0.000152541726518,8.47454036212e-06,5.50845123538e-05,5.08472421727e-05,9.32199439833e-05,0.000266948021407,0.000228812589777,0.000169490807242,6.35590527159e-05,0.000156778996699,5.93217825348e-05,8.47454036212e-05,6.77963228969e-05,1.27118105432e-05,0.0,8.47454036212e-06,8.47454036212e-05,4.23727018106e-05,0.000402540667201,2.96608912674e-05,0.000114406294889,4.23727018106e-06,8.47454036212e-06,0.0,0.000228812589777,4.23727018106e-06,0.0,4.66099719916e-05,0.000326269803942,0.000152541726518,0.0,4.23727018106e-06,0.000110169024708,0.000249998940682,4.23727018106e-06,3.38981614485e-05,0.000131355375613,0.000156778996699,2.54236210864e-05,1.27118105432e-05,4.23727018106e-06,8.47454036212e-06,0.0,0.0,4.23727018106e-06,4.66099719916e-05,0.0,4.23727018106e-05
Gen 236
float_yankdup,integer_swap,vector_float_conj,vector_float_conc,vector_float_occurrencesof,vector_float_replacefirst,vector_float_rest,vector_float_p,vector_float_s,vector_float_r,vector_float_first,integer_fromfloat,vector_float_last,vector_float_d,float_sw,exec_yankd,vector_float_n,exec_do*tim,exec_yankdup,exec_yank,integer_mu,vector_float_remove,vector_float_fir,exec_do*vector_float,float_p,float_r,vector_float_stackdep,vector_float_dup,vector_float_subvec,float_i,exec_do*range,integer_yankd,float_m,integer_rot,float_a,float_c,float_d,integer_stackdep,float_s,vector_float_occurrences,exec_stackdepth,vector_float_swap,vector_float_reverse,float_stackdepth,float_max,exec_do*vector_flo,float_min,vector_float_rot,float_rot,exec_shove,vector_float_pushall,float_stackdep,float_sub,vector_float_sho,integer_div,integer_mult,integer_min,float_shove,integer_flush,float_inc,in1,integer_yank,integer_fromflo,vector_float_yankdup,float_ya,vector_float_butla,integer_sw,float_pop,exec_d,float_yankd,integer_max,exec_dup,exec_k,float_frominteger,float_mult,exec_noop,exec_p,exec_r,exec_s,vector_float_butlast,integer_flu,exec_y,float_mod,integer_ya,integer_yankdup,exec_stackdep,exec_do*ran,vector_float_index,vector_float_pop,exec_do*cou,vector_float_ta,vector_float_flu,float_add,exec_do*times,integer_shove,float_tan,vector_float_la,vector_float_indexof,float_sho,float_frominteg,integer_dup,vector_float_stackdepth,exec_sho,vector_float_replace,exec_swap,vector_float_rever,autoconstructive_integer_ra,exec_sw,integer_add,exec_flush,float_flu,float_cos,exec_flu,integer_mod,float_div,vector_float_leng,integer_inc,vector_float_yank,exec_rot,vector_float_flush,float_dec,vector_float_set,integer_pop,vector_float_shove,exec_pop,vector_float_take,vector_float_concat,vector_float_pusha,vector_float_ya,vector_float_remo,float_sin,autoconstructive_integer_rand,vector_float_length,exec_do*count,integer_sub,float_mu,exec_no,vector_float_re,float_dup,integer_r,integer_sho,vector_float_yankd,integer_stackdepth,integer_dec,exec,vector_float_replacefir,vector_float_nth,float_swap,vector_float_co,exec_ya,float_yank,float_flush,float_t,integer_d,integer_a,integer_m,integer_i,vector_float_subv,integer_s,integer_p,vector_float_repla,vector_float_sw
0.000443036105333,0.000232066531365,4.21939147936e-05,0.0,8.43878295872e-05,4.21939147936e-05,5.06326977523e-05,1.26581744381e-05,5.90714807111e-05,0.0,4.21939147936e-05,0.000202530791009,0.000105484786984,4.6413306273e-05,3.79745233142e-05,8.43878295872e-06,4.21939147936e-06,1.26581744381e-05,0.00013502052734,0.000240505314324,1.26581744381e-05,0.00013080113586,0.0,0.000189872616571,0.0,8.43878295872e-06,1.26581744381e-05,0.000400842190539,7.59490466285e-05,1.26581744381e-05,0.000172995050654,4.21939147936e-06,4.21939147936e-05,9.28266125459e-05,0.0,0.0,6.75102636698e-05,1.26581744381e-05,2.53163488762e-05,8.43878295872e-06,0.000556959675276,0.000312234969473,7.59490466285e-05,0.000168775659174,0.000118142961422,4.21939147936e-06,0.000232066531365,9.70460040253e-05,0.00013080113586,8.01684381079e-05,0.000481010628647,8.43878295872e-06,8.01684381079e-05,4.21939147936e-06,9.70460040253e-05,0.000181433833613,0.000172995050654,0.000105484786984,2.10969573968e-05,0.000164556267695,0.000586495415631,0.0002658216632,8.43878295872e-06,0.000189872616571,4.21939147936e-06,8.43878295872e-06,4.21939147936e-06,4.21939147936e-06,1.26581744381e-05,1.26581744381e-05,0.000421939147936,0.000320673752431,7.59490466285e-05,0.000468352454209,0.000371306450184,0.000122362352901,0.0,0.0,4.6413306273e-05,0.000240505314324,3.79745233142e-05,6.75102636698e-05,0.0002658216632,2.53163488762e-05,0.000185653225092,1.68775659174e-05,0.0,4.21939147936e-06,0.000122362352901,0.0,0.0,8.43878295872e-06,8.43878295872e-06,0.000227847139885,0.000160336876216,0.000139239918819,0.0,8.43878295872e-05,1.68775659174e-05,0.000105484786984,3.37551318349e-05,0.000392403407581,0.0,4.21939147936e-05,9.28266125459e-05,4.21939147936e-06,4.21939147936e-06,2.53163488762e-05,4.21939147936e-05,4.21939147936e-06,0.0,6.75102636698e-05,0.0,0.000172995050654,0.000181433833613,2.10969573968e-05,5.90714807111e-05,5.06326977523e-05,8.43878295872e-05,0.000244724705803,0.000210969573968,0.000206750182489,9.28266125459e-05,0.000147678701778,7.17296551491e-05,8.43878295872e-05,9.70460040253e-05,8.43878295872e-06,4.21939147936e-06,0.0,0.000122362352901,6.32908721904e-05,0.000405061582019,5.48520892317e-05,0.000122362352901,1.26581744381e-05,2.10969573968e-05,4.21939147936e-06,0.000257382880241,0.0,0.0,7.17296551491e-05,0.000341770709828,0.00019831139953,4.21939147936e-06,4.21939147936e-06,0.000118142961422,0.000324893143911,0.0,1.68775659174e-05,0.000168775659174,0.000164556267695,4.21939147936e-05,2.53163488762e-05,0.0,1.68775659174e-05,4.21939147936e-06,0.0,4.21939147936e-06,4.6413306273e-05,4.21939147936e-06,1.26581744381e-05
Gen 237
float_yankdup,integer_swap,vector_float_conj,vector_float_conc,vector_float_occurrencesof,vector_float_replacefirst,vector_float_rest,vector_float_p,vector_float_s,vector_float_r,vector_float_first,integer_fromfloat,vector_float_last,vector_float_d,float_sw,exec_yankd,vector_float_n,exec_do*tim,exec_yankdup,exec_yank,integer_mu,vector_float_remove,vector_float_fir,exec_do*vector_float,float_p,float_r,vector_float_stackdep,vector_float_dup,vector_float_subvec,float_i,exec_do*range,integer_yankd,float_m,integer_rot,float_a,float_c,float_d,integer_stackdep,float_s,vector_float_occurrences,exec_stackdepth,vector_float_swap,vector_float_reverse,float_stackdepth,float_max,exec_do*vector_flo,float_min,vector_float_rot,float_rot,exec_shove,vector_float_pushall,float_stackdep,float_sub,vector_float_sho,integer_div,integer_mult,integer_min,float_shove,integer_flush,float_inc,in1,integer_yank,integer_fromflo,vector_float_yankdup,float_ya,vector_float_butla,integer_sw,float_pop,exec_d,float_yankd,integer_max,exec_dup,exec_k,float_frominteger,float_mult,exec_noop,exec_p,exec_r,exec_s,vector_float_butlast,integer_flu,exec_y,float_mod,integer_ya,integer_yankdup,exec_stackdep,exec_do*ran,vector_float_index,vector_float_pop,exec_do*cou,vector_float_ta,vector_float_flu,float_add,exec_do*times,integer_shove,float_tan,vector_float_la,vector_float_indexof,float_sho,float_frominteg,integer_dup,vector_float_stackdepth,exec_sho,vector_float_replace,exec_swap,vector_float_rever,autoconstructive_integer_ra,exec_sw,integer_add,exec_flush,float_flu,float_cos,exec_flu,integer_mod,float_div,vector_float_leng,integer_inc,vector_float_yank,exec_rot,vector_float_flush,float_dec,vector_float_set,integer_pop,vector_float_shove,exec_pop,vector_float_take,vector_float_concat,vector_float_pusha,vector_float_ya,vector_float_remo,float_sin,autoconstructive_integer_rand,vector_float_length,exec_do*count,integer_sub,float_mu,exec_no,vector_float_re,float_dup,integer_r,integer_sho,vector_float_yankd,integer_stackdepth,integer_dec,exec,vector_float_replacefir,vector_float_nth,float_swap,vector_float_co,exec_ya,float_yank,float_flush,float_t,integer_d,integer_a,integer_m,integer_i,vector_float_subv,integer_s,integer_p,vector_float_repla,vector_float_sw
0.000386552997676,0.000214284813929,4.62182932004e-05,4.20166301822e-06,5.04199562187e-05,5.88232822551e-05,4.20166301822e-05,4.20166301822e-06,5.88232822551e-05,0.0,4.62182932004e-05,0.000151259868656,9.24365864009e-05,4.20166301822e-05,4.20166301822e-05,8.40332603645e-06,4.20166301822e-06,1.26049890547e-05,0.00011764656451,0.000201679824875,1.68066520729e-05,0.000130251553565,8.40332603645e-06,0.000201679824875,0.0,0.0,8.40332603645e-06,0.000315124726367,4.62182932004e-05,0.0,0.000168066520729,4.20166301822e-06,7.14282713098e-05,9.66382494191e-05,4.20166301822e-06,0.0,5.88232822551e-05,3.7814967164e-05,2.10083150911e-05,0.0,0.00052100621426,0.000285713085239,5.88232822551e-05,0.000159663194692,0.000109243238474,4.20166301822e-06,0.000231091466002,8.82349233827e-05,0.000113444901492,4.20166301822e-05,0.000483191247096,8.40332603645e-06,0.000100839912437,8.40332603645e-06,9.66382494191e-05,0.000168066520729,0.000163864857711,0.000100839912437,4.20166301822e-06,0.00014285654262,0.00063865277877,0.000222688139966,1.26049890547e-05,0.000147058205638,4.20166301822e-06,1.26049890547e-05,0.0,1.26049890547e-05,1.68066520729e-05,8.40332603645e-06,0.000386552997676,0.000327729715421,6.72266082916e-05,0.000462182932004,0.000336133041458,0.000109243238474,0.0,4.20166301822e-06,5.46216192369e-05,0.000205881487893,4.62182932004e-05,4.62182932004e-05,0.000264704770148,4.20166301822e-05,0.000176469846765,2.94116411276e-05,8.40332603645e-06,0.0,0.00011764656451,0.0,0.0,1.26049890547e-05,1.26049890547e-05,0.000226889802984,0.000163864857711,0.000126049890547,4.20166301822e-06,0.000113444901492,8.40332603645e-06,0.000105041575456,3.36133041458e-05,0.000348738030512,4.20166301822e-06,4.20166301822e-05,7.14282713098e-05,4.20166301822e-06,0.0,2.10083150911e-05,5.88232822551e-05,0.0,0.0,7.98315973462e-05,0.0,0.000184873172802,0.000180671509784,8.40332603645e-06,6.30249452733e-05,7.98315973462e-05,7.98315973462e-05,0.000193276498838,0.00023529312902,0.000184873172802,7.14282713098e-05,0.000205881487893,6.30249452733e-05,0.000100839912437,9.24365864009e-05,8.40332603645e-06,0.0,4.20166301822e-06,0.000109243238474,7.5629934328e-05,0.000403359649749,7.14282713098e-05,0.00014285654262,2.52099781093e-05,1.68066520729e-05,0.0,0.000252099781093,4.20166301822e-06,4.20166301822e-06,5.46216192369e-05,0.000294116411276,0.000172268183747,1.26049890547e-05,4.20166301822e-06,0.00014285654262,0.000289914748257,0.0,8.40332603645e-06,0.000151259868656,0.000130251553565,8.40332603645e-06,2.10083150911e-05,8.40332603645e-06,1.68066520729e-05,0.0,4.20166301822e-06,4.20166301822e-06,2.10083150911e-05,4.20166301822e-06,8.40332603645e-06
Gen 238
float_yankdup,integer_swap,vector_float_conj,vector_float_conc,vector_float_occurrencesof,vector_float_replacefirst,vector_float_rest,vector_float_p,vector_float_s,vector_float_r,vector_float_first,integer_fromfloat,vector_float_last,vector_float_d,float_sw,exec_yankd,vector_float_n,exec_do*tim,exec_yankdup,exec_yank,integer_mu,vector_float_remove,vector_float_fir,exec_do*vector_float,float_p,float_r,vector_float_stackdep,vector_float_dup,vector_float_subvec,float_i,exec_do*range,integer_yankd,float_m,integer_rot,float_a,float_c,float_d,integer_stackdep,float_s,vector_float_occurrences,exec_stackdepth,vector_float_swap,vector_float_reverse,float_stackdepth,float_max,exec_do*vector_flo,float_min,vector_float_rot,float_rot,exec_shove,vector_float_pushall,float_stackdep,float_sub,vector_float_sho,integer_div,integer_mult,integer_min,float_shove,integer_flush,float_inc,in1,integer_yank,integer_fromflo,vector_float_yankdup,float_ya,vector_float_butla,integer_sw,float_pop,exec_d,float_yankd,integer_max,exec_dup,exec_k,float_frominteger,float_mult,exec_noop,exec_p,exec_r,exec_s,vector_float_butlast,integer_flu,exec_y,float_mod,integer_ya,integer_yankdup,exec_stackdep,exec_do*ran,vector_float_index,vector_float_pop,exec_do*cou,vector_float_ta,vector_float_flu,float_add,exec_do*times,integer_shove,float_tan,vector_float_la,vector_float_indexof,float_sho,float_frominteg,integer_dup,vector_float_stackdepth,exec_sho,vector_float_replace,exec_swap,vector_float_rever,autoconstructive_integer_ra,exec_sw,integer_add,exec_flush,float_flu,float_cos,exec_flu,integer_mod,float_div,vector_float_leng,integer_inc,vector_float_yank,exec_rot,vector_float_flush,float_dec,vector_float_set,integer_pop,vector_float_shove,exec_pop,vector_float_take,vector_float_concat,vector_float_pusha,vector_float_ya,vector_float_remo,float_sin,autoconstructive_integer_rand,vector_float_length,exec_do*count,integer_sub,float_mu,exec_no,vector_float_re,float_dup,integer_r,integer_sho,vector_float_yankd,integer_stackdepth,integer_dec,exec,vector_float_replacefir,vector_float_nth,float_swap,vector_float_co,exec_ya,float_yank,float_flush,float_t,integer_d,integer_a,integer_m,integer_i,vector_float_subv,integer_s,integer_p,vector_float_repla,vector_float_sw
0.000430960539914,0.000205020062678,0.000100417989883,0.0,5.8577160765e-05,7.9497575324e-05,3.76567462061e-05,8.36816582357e-06,5.8577160765e-05,8.36816582357e-06,3.34726632943e-05,0.000138074736089,0.000146442901913,3.76567462061e-05,2.51044974707e-05,8.36816582357e-06,4.18408291179e-06,2.09204145589e-05,0.000108786155706,0.000230124560148,1.25522487354e-05,0.000129706570265,4.18408291179e-06,0.000230124560148,4.18408291179e-06,0.0,0.0,0.000376567462061,4.18408291179e-05,4.18408291179e-06,0.000221756394325,8.36816582357e-06,5.43930778532e-05,6.69453265886e-05,0.0,0.0,3.76567462061e-05,8.36816582357e-06,2.92885803825e-05,0.0,0.000569035276003,0.000292885803825,1.25522487354e-05,0.000179915565207,0.000125522487354,8.36816582357e-06,0.000196651896854,0.000146442901913,0.000129706570265,9.62339069711e-05,0.000472801369032,0.0,6.27612436768e-05,4.18408291179e-06,0.000100417989883,0.00016317923356,0.000154811067736,8.78657411475e-05,8.36816582357e-06,0.000167363316471,0.000644348768415,0.000213388228501,2.09204145589e-05,0.00018828373103,0.0,4.18408291179e-06,8.36816582357e-06,5.02089949414e-05,4.60249120297e-05,1.25522487354e-05,0.000401671959532,0.00039748787662,2.51044974707e-05,0.000456065037385,0.00035146296459,0.000100417989883,4.18408291179e-06,0.0,7.9497575324e-05,0.00028033355509,2.92885803825e-05,6.69453265886e-05,0.000284517638002,3.76567462061e-05,0.000225940477236,1.67363316471e-05,8.36816582357e-06,4.18408291179e-06,9.20498240593e-05,0.0,4.18408291179e-06,8.36816582357e-06,1.67363316471e-05,0.000217572311413,0.000184099648119,0.000100417989883,0.0,0.000100417989883,4.18408291179e-06,0.000154811067736,1.67363316471e-05,0.000380751544973,0.0,3.76567462061e-05,6.69453265886e-05,0.0,0.0,2.09204145589e-05,8.78657411475e-05,4.18408291179e-06,0.0,5.43930778532e-05,0.0,0.000200835979766,0.000209204145589,1.67363316471e-05,3.34726632943e-05,5.43930778532e-05,5.8577160765e-05,0.000225940477236,0.000225940477236,0.000192467813942,6.69453265886e-05,0.000138074736089,5.43930778532e-05,0.00011715432153,0.000129706570265,4.60249120297e-05,4.18408291179e-06,4.18408291179e-06,0.000133890653177,6.27612436768e-05,0.000393303793708,9.20498240593e-05,0.000125522487354,1.25522487354e-05,2.09204145589e-05,0.0,0.000301253969649,0.0,0.0,9.20498240593e-05,0.000330542550031,0.000150626984824,8.36816582357e-06,4.18408291179e-06,0.000158995150648,0.000263597223443,4.18408291179e-06,0.0,0.000179915565207,0.000179915565207,2.51044974707e-05,1.67363316471e-05,0.0,8.36816582357e-06,4.18408291179e-06,4.18408291179e-06,0.0,1.67363316471e-05,0.0,2.51044974707e-05
Gen 239
float_yankdup,integer_swap,vector_float_conj,vector_float_conc,vector_float_occurrencesof,vector_float_replacefirst,vector_float_rest,vector_float_p,vector_float_s,vector_float_r,vector_float_first,integer_fromfloat,vector_float_last,vector_float_d,float_sw,exec_yankd,vector_float_n,exec_do*tim,exec_yankdup,exec_yank,integer_mu,vector_float_remove,vector_float_fir,exec_do*vector_float,float_p,float_r,vector_float_stackdep,vector_float_dup,vector_float_subvec,float_i,exec_do*range,integer_yankd,float_m,integer_rot,float_a,float_c,float_d,integer_stackdep,float_s,vector_float_occurrences,exec_stackdepth,vector_float_swap,vector_float_reverse,float_stackdepth,float_max,exec_do*vector_flo,float_min,vector_float_rot,float_rot,exec_shove,vector_float_pushall,float_stackdep,float_sub,vector_float_sho,integer_div,integer_mult,integer_min,float_shove,integer_flush,float_inc,in1,integer_yank,integer_fromflo,vector_float_yankdup,float_ya,vector_float_butla,integer_sw,float_pop,exec_d,float_yankd,integer_max,exec_dup,exec_k,float_frominteger,float_mult,exec_noop,exec_p,exec_r,exec_s,vector_float_butlast,integer_flu,exec_y,float_mod,integer_ya,integer_yankdup,exec_stackdep,exec_do*ran,vector_float_index,vector_float_pop,exec_do*cou,vector_float_ta,vector_float_flu,float_add,exec_do*times,integer_shove,float_tan,vector_float_la,vector_float_indexof,float_sho,float_frominteg,integer_dup,vector_float_stackdepth,exec_sho,vector_float_replace,exec_swap,vector_float_rever,autoconstructive_integer_ra,exec_sw,integer_add,exec_flush,float_flu,float_cos,exec_flu,integer_mod,float_div,vector_float_leng,integer_inc,vector_float_yank,exec_rot,vector_float_flush,float_dec,vector_float_set,integer_pop,vector_float_shove,exec_pop,vector_float_take,vector_float_concat,vector_float_pusha,vector_float_ya,vector_float_remo,float_sin,autoconstructive_integer_rand,vector_float_length,exec_do*count,integer_sub,float_mu,exec_no,vector_float_re,float_dup,integer_r,integer_sho,vector_float_yankd,integer_stackdepth,integer_dec,exec,vector_float_replacefir,vector_float_nth,float_swap,vector_float_co,exec_ya,float_yank,float_flush,float_t,integer_d,integer_a,integer_m,integer_i,vector_float_subv,integer_s,integer_p,vector_float_repla,vector_float_sw
0.000433331527785,0.000233332361115,7.49996875013e-05,1.24999479169e-05,5.41664409732e-05,7.08330381957e-05,8.33329861126e-05,2.08332465281e-05,3.74998437507e-05,2.08332465281e-05,7.49996875013e-05,0.000166665972225,0.000162499322919,2.49998958338e-05,4.58331423619e-05,8.33329861126e-06,4.16664930563e-06,1.24999479169e-05,9.16662847238e-05,0.000341665243061,2.08332465281e-05,0.00013333277778,0.0,0.000241665659726,0.0,4.16664930563e-06,8.33329861126e-06,0.000370831788201,7.91663368069e-05,8.33329861126e-06,0.00022916571181,4.16664930563e-06,7.49996875013e-05,8.74996354182e-05,0.0,0.0,4.16664930563e-05,0.0,8.33329861126e-06,4.16664930563e-06,0.000712497031262,0.00033333194445,5.83330902788e-05,0.000216665763893,0.000141666076391,3.74998437507e-05,0.000220832413198,0.000154166024308,0.000141666076391,0.00013333277778,0.000524997812509,4.16664930563e-06,0.000108332881946,1.24999479169e-05,0.000116666180558,0.000158332673614,0.000237499010421,8.33329861126e-05,8.33329861126e-06,0.000216665763893,0.000620830746539,0.000270832204866,8.33329861126e-06,0.000224999062504,0.0,4.16664930563e-06,1.24999479169e-05,2.91665451394e-05,2.08332465281e-05,1.24999479169e-05,0.000541664409732,0.000479164670147,4.58331423619e-05,0.000549997708343,0.000454164774313,0.000129166128474,4.16664930563e-06,4.16664930563e-06,9.58329340294e-05,0.000324998645839,2.91665451394e-05,5.83330902788e-05,0.000370831788201,2.91665451394e-05,0.000308332048616,1.66665972225e-05,4.16664930563e-06,8.33329861126e-06,9.99995833351e-05,0.0,0.0,4.16664930563e-06,2.91665451394e-05,0.000245832309032,0.000187499218753,0.000145832725697,0.0,9.99995833351e-05,1.24999479169e-05,0.000166665972225,4.99997916675e-05,0.000524997812509,0.0,7.91663368069e-05,0.000108332881946,0.0,4.16664930563e-06,3.74998437507e-05,0.000108332881946,0.0,1.24999479169e-05,6.666638889e-05,0.0,0.000241665659726,0.000262498906255,1.24999479169e-05,8.33329861126e-05,6.666638889e-05,7.49996875013e-05,0.000249998958338,0.000287498802088,0.000170832621531,7.08330381957e-05,0.000141666076391,9.99995833351e-05,0.000170832621531,0.000112499531252,6.666638889e-05,0.0,4.16664930563e-06,0.000145832725697,7.49996875013e-05,0.000433331527785,6.24997395844e-05,0.000145832725697,1.24999479169e-05,8.33329861126e-06,0.0,0.000329165295145,4.16664930563e-06,0.0,0.000104166232641,0.000420831579868,0.000262498906255,1.24999479169e-05,4.16664930563e-06,0.000124999479169,0.000320831996533,0.0,8.33329861126e-06,0.000237499010421,0.000254165607643,1.24999479169e-05,1.66665972225e-05,8.33329861126e-06,1.24999479169e-05,0.0,4.16664930563e-06,0.0,4.16664930563e-06,0.0,2.49998958338e-05
Gen 240
float_yankdup,integer_swap,vector_float_conj,vector_float_conc,vector_float_occurrencesof,vector_float_replacefirst,vector_float_rest,vector_float_p,vector_float_s,vector_float_r,vector_float_first,integer_fromfloat,vector_float_last,vector_float_d,float_sw,exec_yankd,vector_float_n,exec_do*tim,exec_yankdup,exec_yank,integer_mu,vector_float_remove,vector_float_fir,exec_do*vector_float,float_p,float_r,vector_float_stackdep,vector_float_dup,vector_float_subvec,float_i,exec_do*range,integer_yankd,float_m,integer_rot,float_a,float_c,float_d,integer_stackdep,float_s,vector_float_occurrences,exec_stackdepth,vector_float_swap,vector_float_reverse,float_stackdepth,float_max,exec_do*vector_flo,float_min,vector_float_rot,float_rot,exec_shove,vector_float_pushall,float_stackdep,float_sub,vector_float_sho,integer_div,integer_mult,integer_min,float_shove,integer_flush,float_inc,in1,integer_yank,integer_fromflo,vector_float_yankdup,float_ya,vector_float_butla,integer_sw,float_pop,exec_d,float_yankd,integer_max,exec_dup,exec_k,float_frominteger,float_mult,exec_noop,exec_p,exec_r,exec_s,vector_float_butlast,integer_flu,exec_y,float_mod,integer_ya,integer_yankdup,exec_stackdep,exec_do*ran,vector_float_index,vector_float_pop,exec_do*cou,vector_float_ta,vector_float_flu,float_add,exec_do*times,integer_shove,float_tan,vector_float_la,vector_float_indexof,float_sho,float_frominteg,integer_dup,vector_float_stackdepth,exec_sho,vector_float_replace,exec_swap,vector_float_rever,autoconstructive_integer_ra,exec_sw,integer_add,exec_flush,float_flu,float_cos,exec_flu,integer_mod,float_div,vector_float_leng,integer_inc,vector_float_yank,exec_rot,vector_float_flush,float_dec,vector_float_set,integer_pop,vector_float_shove,exec_pop,vector_float_take,vector_float_concat,vector_float_pusha,vector_float_ya,vector_float_remo,float_sin,autoconstructive_integer_rand,vector_float_length,exec_do*count,integer_sub,float_mu,exec_no,vector_float_re,float_dup,integer_r,integer_sho,vector_float_yankd,integer_stackdepth,integer_dec,exec,vector_float_replacefir,vector_float_nth,float_swap,vector_float_co,exec_ya,float_yank,float_flush,float_t,integer_d,integer_a,integer_m,integer_i,vector_float_subv,integer_s,integer_p,vector_float_repla,vector_float_sw
0.000497923245132,0.000207468018805,6.63897660176e-05,0.0,7.05391263937e-05,7.05391263937e-05,4.97923245132e-05,8.2987207522e-06,4.56429641371e-05,2.48961622566e-05,7.05391263937e-05,0.000195019937677,0.000145227613163,2.90455226327e-05,6.22404056415e-05,1.24480811283e-05,4.1493603761e-06,1.24480811283e-05,0.000128630171659,0.000219916099933,4.1493603761e-06,0.000116182090531,8.2987207522e-06,0.000219916099933,0.0,1.65974415044e-05,1.24480811283e-05,0.000290455226327,8.71365678981e-05,0.0,0.000211617379181,4.1493603761e-06,7.88378471459e-05,7.46884867698e-05,0.0,4.1493603761e-06,4.56429641371e-05,8.2987207522e-06,2.07468018805e-05,4.1493603761e-06,0.00060580661491,0.000278007145199,4.97923245132e-05,0.000236513541438,8.71365678981e-05,4.56429641371e-05,0.000182571856548,0.000153526333916,0.000132779532035,6.63897660176e-05,0.000547715569645,0.0,0.000112032730155,4.1493603761e-06,0.000165974415044,0.00017012377542,0.000120331450907,8.71365678981e-05,2.07468018805e-05,0.000203318658429,0.000688793822432,0.000228214820685,4.1493603761e-06,0.00014937697354,4.1493603761e-06,0.0,4.1493603761e-06,1.65974415044e-05,3.31948830088e-05,8.2987207522e-06,0.000448130920619,0.000365143713097,4.97923245132e-05,0.000576761092278,0.000331948830088,0.000132779532035,0.0,4.1493603761e-06,9.54352886503e-05,0.000336098190464,1.65974415044e-05,4.97923245132e-05,0.000286305865951,2.07468018805e-05,0.000240662901814,1.24480811283e-05,8.2987207522e-06,4.1493603761e-06,0.000128630171659,0.0,0.0,4.1493603761e-06,2.48961622566e-05,0.000257260343318,0.000207468018805,0.000174273135796,0.0,7.88378471459e-05,0.0,0.000124480811283,4.1493603761e-05,0.000427384118738,0.0,4.97923245132e-05,0.000128630171659,4.1493603761e-06,4.1493603761e-06,2.90455226327e-05,9.12859282742e-05,4.1493603761e-06,4.1493603761e-06,6.63897660176e-05,0.0,0.000182571856548,0.000195019937677,2.07468018805e-05,3.31948830088e-05,5.80910452654e-05,8.2987207522e-05,0.000273857784822,0.000240662901814,0.000186721216924,6.22404056415e-05,0.000186721216924,8.2987207522e-05,0.000107883369779,0.000116182090531,3.73442433849e-05,0.0,0.0,0.000107883369779,4.56429641371e-05,0.000473027082875,5.39416848893e-05,0.000112032730155,8.2987207522e-06,2.48961622566e-05,0.0,0.000406637316858,8.2987207522e-06,0.0,0.000124480811283,0.000360994352721,0.000257260343318,2.48961622566e-05,0.0,0.000103734009402,0.000311202028207,0.0,8.2987207522e-06,0.00017012377542,0.000174273135796,2.07468018805e-05,3.31948830088e-05,4.1493603761e-06,1.24480811283e-05,4.1493603761e-06,2.48961622566e-05,8.2987207522e-06,0.0,4.1493603761e-06,1.24480811283e-05
Gen 241
float_yankdup,integer_swap,vector_float_conj,vector_float_conc,vector_float_occurrencesof,vector_float_replacefirst,vector_float_rest,vector_float_p,vector_float_s,vector_float_r,vector_float_first,integer_fromfloat,vector_float_last,vector_float_d,float_sw,exec_yankd,vector_float_n,exec_do*tim,exec_yankdup,exec_yank,integer_mu,vector_float_remove,vector_float_fir,exec_do*vector_float,float_p,float_r,vector_float_stackdep,vector_float_dup,vector_float_subvec,float_i,exec_do*range,integer_yankd,float_m,integer_rot,float_a,float_c,float_d,integer_stackdep,float_s,vector_float_occurrences,exec_stackdepth,vector_float_swap,vector_float_reverse,float_stackdepth,float_max,exec_do*vector_flo,float_min,vector_float_rot,float_rot,exec_shove,vector_float_pushall,float_stackdep,float_sub,vector_float_sho,integer_div,integer_mult,integer_min,float_shove,integer_flush,float_inc,in1,integer_yank,integer_fromflo,vector_float_yankdup,float_ya,vector_float_butla,integer_sw,float_pop,exec_d,float_yankd,integer_max,exec_dup,exec_k,float_frominteger,float_mult,exec_noop,exec_p,exec_r,exec_s,vector_float_butlast,integer_flu,exec_y,float_mod,integer_ya,integer_yankdup,exec_stackdep,exec_do*ran,vector_float_index,vector_float_pop,exec_do*cou,vector_float_ta,vector_float_flu,float_add,exec_do*times,integer_shove,float_tan,vector_float_la,vector_float_indexof,float_sho,float_frominteg,integer_dup,vector_float_stackdepth,exec_sho,vector_float_replace,exec_swap,vector_float_rever,autoconstructive_integer_ra,exec_sw,integer_add,exec_flush,float_flu,float_cos,exec_flu,integer_mod,float_div,vector_float_leng,integer_inc,vector_float_yank,exec_rot,vector_float_flush,float_dec,vector_float_set,integer_pop,vector_float_shove,exec_pop,vector_float_take,vector_float_concat,vector_float_pusha,vector_float_ya,vector_float_remo,float_sin,autoconstructive_integer_rand,vector_float_length,exec_do*count,integer_sub,float_mu,exec_no,vector_float_re,float_dup,integer_r,integer_sho,vector_float_yankd,integer_stackdepth,integer_dec,exec,vector_float_replacefir,vector_float_nth,float_swap,vector_float_co,exec_ya,float_yank,float_flush,float_t,integer_d,integer_a,integer_m,integer_i,vector_float_subv,integer_s,integer_p,vector_float_repla,vector_float_sw
0.000483469076574,0.000214875145144,9.09087152532e-05,0.0,8.26442865939e-05,3.30577146375e-05,4.13221432969e-05,4.13221432969e-06,3.71899289672e-05,2.06610716485e-05,0.000103305358242,0.000235536216792,0.000185949644836,1.65288573188e-05,7.85120722642e-05,0.0,4.13221432969e-06,0.0,6.61154292751e-05,0.000280990574419,1.23966429891e-05,9.50409295829e-05,4.13221432969e-06,0.000231404002463,0.0,4.13221432969e-06,1.23966429891e-05,0.000342973789365,6.61154292751e-05,4.13221432969e-06,0.000219007359474,1.23966429891e-05,8.26442865939e-05,6.19832149454e-05,0.0,0.0,2.89255003078e-05,4.13221432969e-06,4.13221432969e-05,8.26442865939e-06,0.000685947578729,0.000243800645452,8.26442865939e-05,0.00027272614576,0.000103305358242,1.23966429891e-05,0.000202478502155,0.000152891930199,0.000123966429891,4.95865719563e-05,0.00053305564853,8.26442865939e-06,0.000115702001231,4.13221432969e-06,0.000169420787517,0.000227271788133,0.000206610716485,8.26442865939e-05,3.71899289672e-05,0.000214875145144,0.000690079793059,0.000276858360089,4.13221432969e-06,0.000202478502155,4.13221432969e-06,8.26442865939e-06,0.0,8.26442865939e-06,1.23966429891e-05,1.65288573188e-05,0.000479336862244,0.000425618075958,4.13221432969e-05,0.000570245577498,0.000347106003694,0.000111569786902,0.0,4.13221432969e-06,0.000119834215561,0.000334709360705,2.47932859782e-05,6.61154292751e-05,0.000293387217408,3.71899289672e-05,0.000285122788749,1.65288573188e-05,0.0,0.0,9.09087152532e-05,0.0,4.13221432969e-06,8.26442865939e-06,5.3718786286e-05,0.000247932859782,0.000173553001847,0.000148759715869,0.0,0.000115702001231,1.65288573188e-05,0.00012809864422,6.19832149454e-05,0.000425618075958,0.0,2.47932859782e-05,0.00013223085855,8.26442865939e-06,0.0,2.89255003078e-05,0.000103305358242,0.0,0.0,5.3718786286e-05,0.0,0.000210742930814,0.000194214073496,1.23966429891e-05,7.85120722642e-05,9.91731439126e-05,9.09087152532e-05,0.000289255003078,0.000297519431738,0.000219007359474,6.61154292751e-05,0.00014049528721,9.91731439126e-05,0.000119834215561,0.00013223085855,5.78510006157e-05,4.13221432969e-06,0.0,9.91731439126e-05,3.30577146375e-05,0.000429750290288,4.95865719563e-05,0.00014049528721,4.13221432969e-06,2.89255003078e-05,4.13221432969e-06,0.000359502646683,4.13221432969e-06,1.23966429891e-05,0.000123966429891,0.000392560361321,0.000235536216792,1.23966429891e-05,0.0,0.000107437572572,0.00026859393143,4.13221432969e-06,0.0,0.000165288573188,0.000194214073496,3.30577146375e-05,3.71899289672e-05,4.13221432969e-06,8.26442865939e-06,8.26442865939e-06,4.13221432969e-06,0.0,0.0,0.0,8.26442865939e-06
Gen 242
float_yankdup,integer_swap,vector_float_conj,vector_float_conc,vector_float_occurrencesof,vector_float_replacefirst,vector_float_rest,vector_float_p,vector_float_s,vector_float_r,vector_float_first,integer_fromfloat,vector_float_last,vector_float_d,float_sw,exec_yankd,vector_float_n,exec_do*tim,exec_yankdup,exec_yank,integer_mu,vector_float_remove,vector_float_fir,exec_do*vector_float,float_p,float_r,vector_float_stackdep,vector_float_dup,vector_float_subvec,float_i,exec_do*range,integer_yankd,float_m,integer_rot,float_a,float_c,float_d,integer_stackdep,float_s,vector_float_occurrences,exec_stackdepth,vector_float_swap,vector_float_reverse,float_stackdepth,float_max,exec_do*vector_flo,float_min,vector_float_rot,float_rot,exec_shove,vector_float_pushall,float_stackdep,float_sub,vector_float_sho,integer_div,integer_mult,integer_min,float_shove,integer_flush,float_inc,in1,integer_yank,integer_fromflo,vector_float_yankdup,float_ya,vector_float_butla,integer_sw,float_pop,exec_d,float_yankd,integer_max,exec_dup,exec_k,float_frominteger,float_mult,exec_noop,exec_p,exec_r,exec_s,vector_float_butlast,integer_flu,exec_y,float_mod,integer_ya,integer_yankdup,exec_stackdep,exec_do*ran,vector_float_index,vector_float_pop,exec_do*cou,vector_float_ta,vector_float_flu,float_add,exec_do*times,integer_shove,float_tan,vector_float_la,vector_float_indexof,float_sho,float_frominteg,integer_dup,vector_float_stackdepth,exec_sho,vector_float_replace,exec_swap,vector_float_rever,autoconstructive_integer_ra,exec_sw,integer_add,exec_flush,float_flu,float_cos,exec_flu,integer_mod,float_div,vector_float_leng,integer_inc,vector_float_yank,exec_rot,vector_float_flush,float_dec,vector_float_set,integer_pop,vector_float_shove,exec_pop,vector_float_take,vector_float_concat,vector_float_pusha,vector_float_ya,vector_float_remo,float_sin,autoconstructive_integer_rand,vector_float_length,exec_do*count,integer_sub,float_mu,exec_no,vector_float_re,float_dup,integer_r,integer_sho,vector_float_yankd,integer_stackdepth,integer_dec,exec,vector_float_replacefir,vector_float_nth,float_swap,vector_float_co,exec_ya,float_yank,float_flush,float_t,integer_d,integer_a,integer_m,integer_i,vector_float_subv,integer_s,integer_p,vector_float_repla,vector_float_sw
0.000526746803511,0.000213990888926,0.000102880235061,4.11520940243e-06,9.87650256583e-05,7.40737692437e-05,4.11520940243e-05,4.11520940243e-06,3.29216752194e-05,3.29216752194e-05,0.000164608376097,0.000234566935939,0.000205760470122,3.29216752194e-05,4.52673034267e-05,1.23456282073e-05,0.0,8.23041880486e-06,0.00013580191028,0.000316871123987,1.64608376097e-05,0.0001687235855,1.23456282073e-05,0.000308640705182,0.0,4.11520940243e-06,1.64608376097e-05,0.000353908008609,7.40737692437e-05,1.64608376097e-05,0.000263373401756,0.0,6.58433504389e-05,8.23041880486e-05,4.11520940243e-06,0.0,6.99585598413e-05,1.23456282073e-05,2.05760470122e-05,0.0,0.000777774577059,0.000308640705182,0.000139917119683,0.00028806465817,0.000131686700878,4.11520940243e-06,0.000300410286377,0.000181069213707,0.000144032329085,7.81889786462e-05,0.000572014106938,4.11520940243e-06,9.46498162559e-05,8.23041880486e-06,0.000242797354743,0.000292179867573,0.000160493166695,0.0001687235855,2.8806465817e-05,0.000251027773548,0.000781889786462,0.000333331961597,4.11520940243e-06,0.000267488611158,0.0,4.11520940243e-06,0.0,4.52673034267e-05,4.11520940243e-05,2.05760470122e-05,0.000559668478731,0.000432096987255,3.70368846219e-05,0.00071193122662,0.000386829683828,0.000111110653866,8.23041880486e-06,0.0,0.000106995444463,0.000362138427414,2.46912564146e-05,9.87650256583e-05,0.000255142982951,3.70368846219e-05,0.000345677589804,1.64608376097e-05,4.11520940243e-06,0.0,0.000148147538487,0.0,4.11520940243e-06,4.11520940243e-06,3.70368846219e-05,0.00027160382056,0.000230451726536,0.000172838794902,0.0,0.000144032329085,4.11520940243e-06,0.000127571491475,8.6419397451e-05,0.000444442615462,0.0,4.52673034267e-05,0.00013580191028,8.23041880486e-06,0.0,3.29216752194e-05,0.000148147538487,4.11520940243e-06,0.0,7.81889786462e-05,0.0,0.000251027773548,0.000226336517134,4.11520940243e-06,9.87650256583e-05,6.17281410365e-05,0.000131686700878,0.000366253636816,0.000275719029963,0.00027160382056,9.05346068535e-05,0.000226336517134,0.000148147538487,0.00013580191028,0.000209875679524,4.93825128292e-05,8.23041880486e-06,4.11520940243e-06,9.87650256583e-05,4.52673034267e-05,0.000489709918889,6.99585598413e-05,0.000144032329085,4.11520940243e-06,5.34977222316e-05,0.0,0.000436212196658,0.0,8.23041880486e-06,0.000144032329085,0.000386829683828,0.000205760470122,4.11520940243e-06,0.0,0.000111110653866,0.000411520940243,0.0,4.11520940243e-06,0.000230451726536,0.0001687235855,8.23041880486e-05,2.8806465817e-05,0.0,8.23041880486e-06,4.11520940243e-06,4.11520940243e-06,0.0,8.23041880486e-06,0.0,0.0
Gen 243
float_yankdup,integer_swap,vector_float_conj,vector_float_conc,vector_float_occurrencesof,vector_float_replacefirst,vector_float_rest,vector_float_p,vector_float_s,vector_float_r,vector_float_first,integer_fromfloat,vector_float_last,vector_float_d,float_sw,exec_yankd,vector_float_n,exec_do*tim,exec_yankdup,exec_yank,integer_mu,vector_float_remove,vector_float_fir,exec_do*vector_float,float_p,float_r,vector_float_stackdep,vector_float_dup,vector_float_subvec,float_i,exec_do*range,integer_yankd,float_m,integer_rot,float_a,float_c,float_d,integer_stackdep,float_s,vector_float_occurrences,exec_stackdepth,vector_float_swap,vector_float_reverse,float_stackdepth,float_max,exec_do*vector_flo,float_min,vector_float_rot,float_rot,exec_shove,vector_float_pushall,float_stackdep,float_sub,vector_float_sho,integer_div,integer_mult,integer_min,float_shove,integer_flush,float_inc,in1,integer_yank,integer_fromflo,vector_float_yankdup,float_ya,vector_float_butla,integer_sw,float_pop,exec_d,float_yankd,integer_max,exec_dup,exec_k,float_frominteger,float_mult,exec_noop,exec_p,exec_r,exec_s,vector_float_butlast,integer_flu,exec_y,float_mod,integer_ya,integer_yankdup,exec_stackdep,exec_do*ran,vector_float_index,vector_float_pop,exec_do*cou,vector_float_ta,vector_float_flu,float_add,exec_do*times,integer_shove,float_tan,vector_float_la,vector_float_indexof,float_sho,float_frominteg,integer_dup,vector_float_stackdepth,exec_sho,vector_float_replace,exec_swap,vector_float_rever,autoconstructive_integer_ra,exec_sw,integer_add,exec_flush,float_flu,float_cos,exec_flu,integer_mod,float_div,vector_float_leng,integer_inc,vector_float_yank,exec_rot,vector_float_flush,float_dec,vector_float_set,integer_pop,vector_float_shove,exec_pop,vector_float_take,vector_float_concat,vector_float_pusha,vector_float_ya,vector_float_remo,float_sin,autoconstructive_integer_rand,vector_float_length,exec_do*count,integer_sub,float_mu,exec_no,vector_float_re,float_dup,integer_r,integer_sho,vector_float_yankd,integer_stackdepth,integer_dec,exec,vector_float_replacefir,vector_float_nth,float_swap,vector_float_co,exec_ya,float_yank,float_flush,float_t,integer_d,integer_a,integer_m,integer_i,vector_float_subv,integer_s,integer_p,vector_float_repla,vector_float_sw
0.00049180126311,0.000204917192962,0.000127048659637,4.09834385925e-06,7.37701894664e-05,8.60652210442e-05,4.50817824517e-05,1.22950315777e-05,3.2786750874e-05,2.86884070147e-05,0.000168032098229,0.00021721222454,0.000204917192962,8.19668771849e-06,3.2786750874e-05,1.22950315777e-05,0.0,4.09834385925e-06,0.000135245347355,0.000307375789443,8.19668771849e-06,0.000139343691214,0.0,0.000315572477162,0.0,4.09834385925e-06,0.0,0.000340162540317,0.000151638722792,0.0,0.000266392350851,8.19668771849e-06,4.9180126311e-05,7.37701894664e-05,8.19668771849e-06,4.09834385925e-06,4.9180126311e-05,1.22950315777e-05,4.09834385925e-06,0.0,0.000713111831509,0.000262294006992,0.000122950315777,0.000299179101725,0.000139343691214,8.19668771849e-06,0.000237703943836,0.000151638722792,0.000135245347355,8.19668771849e-05,0.000647538329761,2.45900631555e-05,0.0001106552842,4.09834385925e-06,0.00027458903857,0.000278687382429,0.000147540378933,0.000143442035074,4.09834385925e-05,0.000262294006992,0.000803275396412,0.000295080757866,8.19668771849e-06,0.000245900631555,1.6393375437e-05,1.6393375437e-05,8.19668771849e-06,3.2786750874e-05,7.78685333257e-05,8.19668771849e-06,0.000512292982406,0.000372949291191,2.86884070147e-05,0.00059835820345,0.000405736042065,0.000168032098229,2.45900631555e-05,4.09834385925e-06,7.78685333257e-05,0.000360654259614,2.45900631555e-05,9.83602526219e-05,0.000233605599977,2.86884070147e-05,0.000356555915754,2.04917192962e-05,1.22950315777e-05,0.0,6.96718456072e-05,0.0,0.0,1.22950315777e-05,6.55735017479e-05,0.00027049069471,0.000184425473666,0.00016393375437,8.19668771849e-06,0.000155737066651,4.09834385925e-06,0.000118851971918,7.78685333257e-05,0.000422129417502,0.0,6.55735017479e-05,0.000147540378933,2.04917192962e-05,4.09834385925e-06,0.0,0.000159835410511,4.09834385925e-06,4.09834385925e-06,4.9180126311e-05,0.0,0.00027049069471,0.000282785726288,8.19668771849e-06,0.000122950315777,0.000127048659637,0.000139343691214,0.000364752603473,0.000303277445584,0.000221310568399,7.37701894664e-05,0.000209015536822,9.01635649034e-05,0.00010655694034,0.000180327129807,4.50817824517e-05,4.09834385925e-06,0.0,0.0001106552842,5.73768140295e-05,0.000471309543813,8.60652210442e-05,0.000114753628059,4.09834385925e-06,2.86884070147e-05,0.0,0.000405736042065,8.19668771849e-06,4.09834385925e-06,0.00016393375437,0.000356555915754,0.000254097319273,3.2786750874e-05,4.09834385925e-06,0.000127048659637,0.000393441010488,0.0,1.6393375437e-05,0.000237703943836,0.000155737066651,4.9180126311e-05,2.86884070147e-05,4.09834385925e-06,1.22950315777e-05,8.19668771849e-06,4.09834385925e-06,8.19668771849e-06,4.09834385925e-06,0.0,8.19668771849e-06
Gen 244
float_yankdup,integer_swap,vector_float_conj,vector_float_conc,vector_float_occurrencesof,vector_float_replacefirst,vector_float_rest,vector_float_p,vector_float_s,vector_float_r,vector_float_first,integer_fromfloat,vector_float_last,vector_float_d,float_sw,exec_yankd,vector_float_n,exec_do*tim,exec_yankdup,exec_yank,integer_mu,vector_float_remove,vector_float_fir,exec_do*vector_float,float_p,float_r,vector_float_stackdep,vector_float_dup,vector_float_subvec,float_i,exec_do*range,integer_yankd,float_m,integer_rot,float_a,float_c,float_d,integer_stackdep,float_s,vector_float_occurrences,exec_stackdepth,vector_float_swap,vector_float_reverse,float_stackdepth,float_max,exec_do*vector_flo,float_min,vector_float_rot,float_rot,exec_shove,vector_float_pushall,float_stackdep,float_sub,vector_float_sho,integer_div,integer_mult,integer_min,float_shove,integer_flush,float_inc,in1,integer_yank,integer_fromflo,vector_float_yankdup,float_ya,vector_float_butla,integer_sw,float_pop,exec_d,float_yankd,integer_max,exec_dup,exec_k,float_frominteger,float_mult,exec_noop,exec_p,exec_r,exec_s,vector_float_butlast,integer_flu,exec_y,float_mod,integer_ya,integer_yankdup,exec_stackdep,exec_do*ran,vector_float_index,vector_float_pop,exec_do*cou,vector_float_ta,vector_float_flu,float_add,exec_do*times,integer_shove,float_tan,vector_float_la,vector_float_indexof,float_sho,float_frominteg,integer_dup,vector_float_stackdepth,exec_sho,vector_float_replace,exec_swap,vector_float_rever,autoconstructive_integer_ra,exec_sw,integer_add,exec_flush,float_flu,float_cos,exec_flu,integer_mod,float_div,vector_float_leng,integer_inc,vector_float_yank,exec_rot,vector_float_flush,float_dec,vector_float_set,integer_pop,vector_float_shove,exec_pop,vector_float_take,vector_float_concat,vector_float_pusha,vector_float_ya,vector_float_remo,float_sin,autoconstructive_integer_rand,vector_float_length,exec_do*count,integer_sub,float_mu,exec_no,vector_float_re,float_dup,integer_r,integer_sho,vector_float_yankd,integer_stackdepth,integer_dec,exec,vector_float_replacefir,vector_float_nth,float_swap,vector_float_co,exec_ya,float_yank,float_flush,float_t,integer_d,integer_a,integer_m,integer_i,vector_float_subv,integer_s,integer_p,vector_float_repla,vector_float_sw
0.000648976942951,0.000244896959604,0.000195917567683,0.0,0.000102040399835,8.97955518549e-05,6.93874718879e-05,8.16323198681e-06,4.0816159934e-05,3.26529279472e-05,0.000142856559769,0.000236733727617,0.000155101407749,8.16323198681e-06,2.85713119538e-05,4.0816159934e-06,0.0,0.0,0.000187754335697,0.000257141807584,8.16323198681e-06,0.000199999183677,2.0408079967e-05,0.000314284431492,0.0,1.22448479802e-05,0.0,0.000273468271558,0.000118366863809,4.0816159934e-06,0.000285713119538,0.0,2.85713119538e-05,0.000114285247815,0.0,4.0816159934e-06,5.30610079143e-05,1.63264639736e-05,1.63264639736e-05,4.0816159934e-06,0.00075509895878,0.00035918220742,8.57139358615e-05,0.000318366047486,0.000159183023743,2.0408079967e-05,0.000322447663479,0.000253060191591,0.00017959110371,8.97955518549e-05,0.000775507038747,1.22448479802e-05,0.000151019791756,4.0816159934e-06,0.000220407263644,0.000261223423578,0.000130611711789,0.00019183595169,5.30610079143e-05,0.000212244031657,0.000885710670569,0.000285713119538,8.16323198681e-06,0.000314284431492,2.0408079967e-05,2.44896959604e-05,4.0816159934e-06,7.75507038747e-05,5.30610079143e-05,1.63264639736e-05,0.000469385839241,0.000404079983347,4.48977759274e-05,0.000746935726793,0.00039591675136,0.000159183023743,2.44896959604e-05,4.0816159934e-06,0.000106122015829,0.000338774127453,2.85713119538e-05,0.000114285247815,0.000318366047486,1.22448479802e-05,0.000420406447321,2.0408079967e-05,1.63264639736e-05,8.16323198681e-06,0.000159183023743,4.0816159934e-06,4.0816159934e-06,1.22448479802e-05,4.48977759274e-05,0.000224488879637,0.000277549887551,0.000199999183677,4.0816159934e-06,0.00020408079967,8.16323198681e-06,0.000130611711789,0.000110203631822,0.000420406447321,0.0,6.12242399011e-05,0.000208162415664,4.48977759274e-05,4.0816159934e-06,4.0816159934e-06,0.000199999183677,8.16323198681e-06,4.0816159934e-06,8.97955518549e-05,0.0,0.000314284431492,0.000269386655565,2.0408079967e-05,0.000102040399835,0.000118366863809,0.000171427871723,0.000440814527288,0.000436732911294,0.000277549887551,6.93874718879e-05,0.000163264639736,0.000130611711789,0.000126530095796,0.000187754335697,6.93874718879e-05,2.0408079967e-05,4.0816159934e-06,0.000183672719703,7.75507038747e-05,0.000591834319044,0.000110203631822,0.000171427871723,1.63264639736e-05,3.26529279472e-05,0.0,0.000457140991261,8.16323198681e-06,0.0,0.000142856559769,0.000416324831327,0.000253060191591,1.63264639736e-05,0.0,0.000134693327782,0.000469385839241,4.0816159934e-06,1.22448479802e-05,0.000155101407749,0.000163264639736,3.67345439406e-05,3.67345439406e-05,0.0,1.63264639736e-05,4.0816159934e-06,4.0816159934e-06,0.0,0.0,0.0,8.16323198681e-06
Gen 245
float_yankdup,integer_swap,vector_float_conj,vector_float_conc,vector_float_occurrencesof,vector_float_replacefirst,vector_float_rest,vector_float_p,vector_float_s,vector_float_r,vector_float_first,integer_fromfloat,vector_float_last,vector_float_d,float_sw,exec_yankd,vector_float_n,exec_do*tim,exec_yankdup,exec_yank,integer_mu,vector_float_remove,vector_float_fir,exec_do*vector_float,float_p,float_r,vector_float_stackdep,vector_float_dup,vector_float_subvec,float_i,exec_do*range,integer_yankd,float_m,integer_rot,float_a,float_c,float_d,integer_stackdep,float_s,vector_float_occurrences,exec_stackdepth,vector_float_swap,vector_float_reverse,float_stackdepth,float_max,exec_do*vector_flo,float_min,vector_float_rot,float_rot,exec_shove,vector_float_pushall,float_stackdep,float_sub,vector_float_sho,integer_div,integer_mult,integer_min,float_shove,integer_flush,float_inc,in1,integer_yank,integer_fromflo,vector_float_yankdup,float_ya,vector_float_butla,integer_sw,float_pop,exec_d,float_yankd,integer_max,exec_dup,exec_k,float_frominteger,float_mult,exec_noop,exec_p,exec_r,exec_s,vector_float_butlast,integer_flu,exec_y,float_mod,integer_ya,integer_yankdup,exec_stackdep,exec_do*ran,vector_float_index,vector_float_pop,exec_do*cou,vector_float_ta,vector_float_flu,float_add,exec_do*times,integer_shove,float_tan,vector_float_la,vector_float_indexof,float_sho,float_frominteg,integer_dup,vector_float_stackdepth,exec_sho,vector_float_replace,exec_swap,vector_float_rever,autoconstructive_integer_ra,exec_sw,integer_add,exec_flush,float_flu,float_cos,exec_flu,integer_mod,float_div,vector_float_leng,integer_inc,vector_float_yank,exec_rot,vector_float_flush,float_dec,vector_float_set,integer_pop,vector_float_shove,exec_pop,vector_float_take,vector_float_concat,vector_float_pusha,vector_float_ya,vector_float_remo,float_sin,autoconstructive_integer_rand,vector_float_length,exec_do*count,integer_sub,float_mu,exec_no,vector_float_re,float_dup,integer_r,integer_sho,vector_float_yankd,integer_stackdepth,integer_dec,exec,vector_float_replacefir,vector_float_nth,float_swap,vector_float_co,exec_ya,float_yank,float_flush,float_t,integer_d,integer_a,integer_m,integer_i,vector_float_subv,integer_s,integer_p,vector_float_repla,vector_float_sw
0.000479672846858,0.000235771399303,0.000130080772029,0.0,7.31704342665e-05,8.94305307702e-05,6.09753618888e-05,0.0,2.43901447555e-05,2.03251206296e-05,0.000117885699652,0.000231706375177,0.000150405892659,1.21950723778e-05,1.62600965037e-05,4.06502412592e-06,0.0,0.0,0.000154470916785,0.000247966471681,0.0,0.000130080772029,4.06502412592e-06,0.000284551688814,0.0,8.13004825184e-06,1.21950723778e-05,0.000252031495807,8.94305307702e-05,4.06502412592e-06,0.000239836423429,4.06502412592e-06,4.06502412592e-05,0.000146340868533,0.0,8.13004825184e-06,3.65852171333e-05,2.43901447555e-05,4.06502412592e-06,4.06502412592e-06,0.000670728980777,0.000268291592311,8.53655066443e-05,0.000227641351051,0.000146340868533,0.0,0.000260161544059,0.00017886106154,0.000138210820281,9.7560579022e-05,0.000711379222036,1.62600965037e-05,8.13004825184e-05,4.06502412592e-06,0.000207316230422,0.000280486664688,0.000130080772029,0.000162600965037,4.06502412592e-05,0.00019918618217,0.000743899415043,0.000341462026577,1.62600965037e-05,0.000268291592311,1.21950723778e-05,4.06502412592e-06,4.06502412592e-06,4.8780289511e-05,3.65852171333e-05,1.21950723778e-05,0.000426827533221,0.000394307340214,2.03251206296e-05,0.000552843281125,0.000402437388466,0.000121950723778,4.8780289511e-05,0.0,0.0001097556514,0.000247966471681,2.84551688814e-05,6.09753618888e-05,0.000247966471681,8.13004825184e-06,0.000390242316088,8.13004825184e-06,2.84551688814e-05,4.06502412592e-06,8.53655066443e-05,0.0,0.0,0.0,2.84551688814e-05,0.000235771399303,0.000182926085666,0.000235771399303,2.03251206296e-05,0.000162600965037,4.06502412592e-06,0.000134145796155,7.31704342665e-05,0.00039837236434,0.0,3.65852171333e-05,0.000162600965037,3.25201930073e-05,0.0,4.06502412592e-06,0.000134145796155,8.13004825184e-06,4.06502412592e-06,4.8780289511e-05,0.0,0.000256096519933,0.000223576326926,2.84551688814e-05,0.000105690627274,9.34955548961e-05,0.000150405892659,0.000325201930073,0.000296746761192,0.0002195113028,7.72354583924e-05,0.000186991109792,0.000117885699652,9.7560579022e-05,0.000182926085666,2.43901447555e-05,0.0,4.06502412592e-06,0.000142275844407,8.53655066443e-05,0.000467477774481,8.53655066443e-05,0.000121950723778,1.21950723778e-05,4.47152653851e-05,0.0,0.00039837236434,1.62600965037e-05,4.06502412592e-06,0.0001097556514,0.000361787147207,0.000227641351051,1.62600965037e-05,8.13004825184e-06,0.000105690627274,0.000394307340214,4.06502412592e-06,4.06502412592e-06,0.000154470916785,0.000162600965037,4.8780289511e-05,4.06502412592e-05,0.0,8.13004825184e-06,4.06502412592e-06,4.06502412592e-06,4.06502412592e-06,0.0,0.0,4.06502412592e-06
Gen 246
float_yankdup,integer_swap,vector_float_conj,vector_float_conc,vector_float_occurrencesof,vector_float_replacefirst,vector_float_rest,vector_float_p,vector_float_s,vector_float_r,vector_float_first,integer_fromfloat,vector_float_last,vector_float_d,float_sw,exec_yankd,vector_float_n,exec_do*tim,exec_yankdup,exec_yank,integer_mu,vector_float_remove,vector_float_fir,exec_do*vector_float,float_p,float_r,vector_float_stackdep,vector_float_dup,vector_float_subvec,float_i,exec_do*range,integer_yankd,float_m,integer_rot,float_a,float_c,float_d,integer_stackdep,float_s,vector_float_occurrences,exec_stackdepth,vector_float_swap,vector_float_reverse,float_stackdepth,float_max,exec_do*vector_flo,float_min,vector_float_rot,float_rot,exec_shove,vector_float_pushall,float_stackdep,float_sub,vector_float_sho,integer_div,integer_mult,integer_min,float_shove,integer_flush,float_inc,in1,integer_yank,integer_fromflo,vector_float_yankdup,float_ya,vector_float_butla,integer_sw,float_pop,exec_d,float_yankd,integer_max,exec_dup,exec_k,float_frominteger,float_mult,exec_noop,exec_p,exec_r,exec_s,vector_float_butlast,integer_flu,exec_y,float_mod,integer_ya,integer_yankdup,exec_stackdep,exec_do*ran,vector_float_index,vector_float_pop,exec_do*cou,vector_float_ta,vector_float_flu,float_add,exec_do*times,integer_shove,float_tan,vector_float_la,vector_float_indexof,float_sho,float_frominteg,integer_dup,vector_float_stackdepth,exec_sho,vector_float_replace,exec_swap,vector_float_rever,autoconstructive_integer_ra,exec_sw,integer_add,exec_flush,float_flu,float_cos,exec_flu,integer_mod,float_div,vector_float_leng,integer_inc,vector_float_yank,exec_rot,vector_float_flush,float_dec,vector_float_set,integer_pop,vector_float_shove,exec_pop,vector_float_take,vector_float_concat,vector_float_pusha,vector_float_ya,vector_float_remo,float_sin,autoconstructive_integer_rand,vector_float_length,exec_do*count,integer_sub,float_mu,exec_no,vector_float_re,float_dup,integer_r,integer_sho,vector_float_yankd,integer_stackdepth,integer_dec,exec,vector_float_replacefir,vector_float_nth,float_swap,vector_float_co,exec_ya,float_yank,float_flush,float_t,integer_d,integer_a,integer_m,integer_i,vector_float_subv,integer_s,integer_p,vector_float_repla,vector_float_sw
0.000461536592969,0.00015384553099,0.00019433119704,8.09713320999e-06,6.07284990749e-05,6.07284990749e-05,4.04856660499e-05,8.09713320999e-06,4.04856660499e-06,2.8339966235e-05,0.00020242833025,0.00019433119704,8.90684653099e-05,0.0,4.04856660499e-06,4.04856660499e-06,0.0,0.0,0.000117408431545,0.0002429139963,4.04856660499e-06,9.71655985198e-05,8.09713320999e-06,0.000263156829325,4.04856660499e-06,0.0,2.0242833025e-05,0.000238865429695,6.88256322849e-05,1.2145699815e-05,0.000295545362165,0.0,4.04856660499e-05,8.50198987049e-05,0.0,0.0,1.2145699815e-05,1.619426642e-05,8.09713320999e-06,4.04856660499e-06,0.000615382123959,0.00023481686309,0.000133602697965,0.00021862259667,0.00010526273173,0.0,0.000287448228955,0.00023481686309,9.71655985198e-05,7.28741988899e-05,0.000631576390379,0.0,0.000109311298335,1.2145699815e-05,0.00022671972988,0.000246962562905,0.000109311298335,0.00017003979741,3.64370994449e-05,0.00022671972988,0.000757081955134,0.000303642495375,8.09713320999e-06,0.00027530252914,1.2145699815e-05,4.04856660499e-06,1.619426642e-05,8.50198987049e-05,4.85827992599e-05,2.429139963e-05,0.000315788195189,0.000319836761794,2.429139963e-05,0.000578945024514,0.000348176728029,0.000141699831175,2.0242833025e-05,4.04856660499e-06,6.88256322849e-05,0.00023481686309,2.429139963e-05,7.28741988899e-05,0.00022671972988,8.09713320999e-06,0.000417002360314,2.429139963e-05,2.429139963e-05,0.0,9.71655985198e-05,4.04856660499e-06,0.0,8.09713320999e-06,4.04856660499e-05,0.00019433119704,0.000206476896855,0.000157894097595,4.04856660499e-06,0.00017003979741,0.0,0.00012145699815,4.85827992599e-05,0.000303642495375,0.0,2.0242833025e-05,0.000141699831175,3.23885328399e-05,0.0,0.0,0.000133602697965,0.0,4.04856660499e-06,7.28741988899e-05,0.0,0.00021052546346,0.00018623406383,2.429139963e-05,0.000157894097595,0.00011335986494,0.000109311298335,0.000376516694264,0.000336031028214,0.0002429139963,0.00010526273173,0.000149796964385,8.50198987049e-05,9.71655985198e-05,0.000206476896855,4.45342326549e-05,0.0,0.0,0.00012145699815,9.31170319149e-05,0.000485827992599,7.28741988899e-05,0.00015384553099,4.04856660499e-06,5.66799324699e-05,4.04856660499e-06,0.000364370994449,4.04856660499e-06,0.0,9.31170319149e-05,0.000315788195189,0.000230768296485,1.619426642e-05,4.04856660499e-06,0.000125505564755,0.000445342326549,0.0,1.619426642e-05,0.000157894097595,0.000109311298335,4.04856660499e-05,4.45342326549e-05,0.0,8.09713320999e-06,8.09713320999e-06,4.04856660499e-06,8.09713320999e-06,0.0,0.0,0.0
Gen 247
float_yankdup,integer_swap,vector_float_conj,vector_float_conc,vector_float_occurrencesof,vector_float_replacefirst,vector_float_rest,vector_float_p,vector_float_s,vector_float_r,vector_float_first,integer_fromfloat,vector_float_last,vector_float_d,float_sw,exec_yankd,vector_float_n,exec_do*tim,exec_yankdup,exec_yank,integer_mu,vector_float_remove,vector_float_fir,exec_do*vector_float,float_p,float_r,vector_float_stackdep,vector_float_dup,vector_float_subvec,float_i,exec_do*range,integer_yankd,float_m,integer_rot,float_a,float_c,float_d,integer_stackdep,float_s,vector_float_occurrences,exec_stackdepth,vector_float_swap,vector_float_reverse,float_stackdepth,float_max,exec_do*vector_flo,float_min,vector_float_rot,float_rot,exec_shove,vector_float_pushall,float_stackdep,float_sub,vector_float_sho,integer_div,integer_mult,integer_min,float_shove,integer_flush,float_inc,in1,integer_yank,integer_fromflo,vector_float_yankdup,float_ya,vector_float_butla,integer_sw,float_pop,exec_d,float_yankd,integer_max,exec_dup,exec_k,float_frominteger,float_mult,exec_noop,exec_p,exec_r,exec_s,vector_float_butlast,integer_flu,exec_y,float_mod,integer_ya,integer_yankdup,exec_stackdep,exec_do*ran,vector_float_index,vector_float_pop,exec_do*cou,vector_float_ta,vector_float_flu,float_add,exec_do*times,integer_shove,float_tan,vector_float_la,vector_float_indexof,float_sho,float_frominteg,integer_dup,vector_float_stackdepth,exec_sho,vector_float_replace,exec_swap,vector_float_rever,autoconstructive_integer_ra,exec_sw,integer_add,exec_flush,float_flu,float_cos,exec_flu,integer_mod,float_div,vector_float_leng,integer_inc,vector_float_yank,exec_rot,vector_float_flush,float_dec,vector_float_set,integer_pop,vector_float_shove,exec_pop,vector_float_take,vector_float_concat,vector_float_pusha,vector_float_ya,vector_float_remo,float_sin,autoconstructive_integer_rand,vector_float_length,exec_do*count,integer_sub,float_mu,exec_no,vector_float_re,float_dup,integer_r,integer_sho,vector_float_yankd,integer_stackdepth,integer_dec,exec,vector_float_replacefir,vector_float_nth,float_swap,vector_float_co,exec_ya,float_yank,float_flush,float_t,integer_d,integer_a,integer_m,integer_i,vector_float_subv,integer_s,integer_p,vector_float_repla,vector_float_sw
0.000435482114991,0.000161289672219,0.000181450881246,0.0,0.000108870528748,7.66125943041e-05,4.43546598602e-05,4.03224180548e-06,8.06448361095e-06,1.61289672219e-05,0.000193547606663,0.000241934508329,0.000120967254164,4.03224180548e-06,0.0,4.03224180548e-06,0.0,4.03224180548e-06,9.67738033314e-05,0.000278224684578,4.03224180548e-06,0.000137096221386,8.06448361095e-06,0.000221773299301,0.0,4.03224180548e-06,2.01612090274e-05,0.000221773299301,8.4677077915e-05,0.0,0.000266127959161,0.0,7.25803524986e-05,0.000100806045137,0.0,0.0,8.06448361095e-06,0.0,4.03224180548e-06,4.03224180548e-06,0.000665319897904,0.000278224684578,0.000116935012359,0.000274192442772,9.2741561526e-05,4.03224180548e-06,0.000258063475551,0.000161289672219,0.00012499949597,8.87093197205e-05,0.00067741662332,4.03224180548e-06,7.66125943041e-05,4.03224180548e-06,0.000217741057496,0.00021370881569,0.000120967254164,0.000173386397635,6.85481106931e-05,0.000233870024718,0.000749996975819,0.000266127959161,4.03224180548e-06,0.00024999899194,2.01612090274e-05,4.03224180548e-06,0.0,4.83869016657e-05,2.82256926383e-05,8.06448361095e-06,0.000342740553466,0.000286289168189,4.43546598602e-05,0.000544352643739,0.000310482619022,0.00012499949597,2.01612090274e-05,0.0,0.000100806045137,0.000225805541107,2.41934508329e-05,8.4677077915e-05,0.000258063475551,4.03224180548e-06,0.000318547102633,1.20967254164e-05,2.01612090274e-05,0.0,9.2741561526e-05,0.0,0.0,0.0,4.43546598602e-05,0.000225805541107,0.000161289672219,0.000137096221386,4.03224180548e-06,0.000141128463192,4.03224180548e-06,0.000217741057496,6.45158688876e-05,0.00033870831166,0.0,4.03224180548e-05,0.000157257430414,5.64513852767e-05,0.0,4.03224180548e-06,0.000112902770553,0.0,4.03224180548e-06,6.85481106931e-05,0.0,0.000217741057496,0.000221773299301,2.01612090274e-05,0.000141128463192,0.000129031737775,0.000153225188608,0.000387095213326,0.000334676069855,0.000302418135411,9.67738033314e-05,0.000149192946803,0.000120967254164,8.4677077915e-05,0.000157257430414,4.83869016657e-05,8.06448361095e-06,0.0,0.000116935012359,8.87093197205e-05,0.000471772291241,0.000104838286942,0.00016935415583,2.01612090274e-05,3.22579344438e-05,0.0,0.000415320905964,1.61289672219e-05,0.0,7.66125943041e-05,0.000370966246104,0.000221773299301,2.01612090274e-05,4.03224180548e-06,0.000137096221386,0.000395159696937,0.0,0.0,0.000129031737775,9.67738033314e-05,8.06448361095e-06,2.41934508329e-05,0.0,2.41934508329e-05,3.62901762493e-05,0.0,1.61289672219e-05,4.03224180548e-06,4.03224180548e-06,8.06448361095e-06
Gen 248
float_yankdup,integer_swap,vector_float_conj,vector_float_conc,vector_float_occurrencesof,vector_float_replacefirst,vector_float_rest,vector_float_p,vector_float_s,vector_float_r,vector_float_first,integer_fromfloat,vector_float_last,vector_float_d,float_sw,exec_yankd,vector_float_n,exec_do*tim,exec_yankdup,exec_yank,integer_mu,vector_float_remove,vector_float_fir,exec_do*vector_float,float_p,float_r,vector_float_stackdep,vector_float_dup,vector_float_subvec,float_i,exec_do*range,integer_yankd,float_m,integer_rot,float_a,float_c,float_d,integer_stackdep,float_s,vector_float_occurrences,exec_stackdepth,vector_float_swap,vector_float_reverse,float_stackdepth,float_max,exec_do*vector_flo,float_min,vector_float_rot,float_rot,exec_shove,vector_float_pushall,float_stackdep,float_sub,vector_float_sho,integer_div,integer_mult,integer_min,float_shove,integer_flush,float_inc,in1,integer_yank,integer_fromflo,vector_float_yankdup,float_ya,vector_float_butla,integer_sw,float_pop,exec_d,float_yankd,integer_max,exec_dup,exec_k,float_frominteger,float_mult,exec_noop,exec_p,exec_r,exec_s,vector_float_butlast,integer_flu,exec_y,float_mod,integer_ya,integer_yankdup,exec_stackdep,exec_do*ran,vector_float_index,vector_float_pop,exec_do*cou,vector_float_ta,vector_float_flu,float_add,exec_do*times,integer_shove,float_tan,vector_float_la,vector_float_indexof,float_sho,float_frominteg,integer_dup,vector_float_stackdepth,exec_sho,vector_float_replace,exec_swap,vector_float_rever,autoconstructive_integer_ra,exec_sw,integer_add,exec_flush,float_flu,float_cos,exec_flu,integer_mod,float_div,vector_float_leng,integer_inc,vector_float_yank,exec_rot,vector_float_flush,float_dec,vector_float_set,integer_pop,vector_float_shove,exec_pop,vector_float_take,vector_float_concat,vector_float_pusha,vector_float_ya,vector_float_remo,float_sin,autoconstructive_integer_rand,vector_float_length,exec_do*count,integer_sub,float_mu,exec_no,vector_float_re,float_dup,integer_r,integer_sho,vector_float_yankd,integer_stackdepth,integer_dec,exec,vector_float_replacefir,vector_float_nth,float_swap,vector_float_co,exec_ya,float_yank,float_flush,float_t,integer_d,integer_a,integer_m,integer_i,vector_float_subv,integer_s,integer_p,vector_float_repla,vector_float_sw
0.00042971714973,7.22888663098e-05,0.000220882647058,4.01604812832e-06,8.83530588231e-05,9.23691069514e-05,7.22888663098e-05,1.60641925133e-05,4.01604812832e-06,8.03209625664e-06,0.000204818454544,0.000265059176469,0.000156625877005,1.60641925133e-05,8.03209625664e-06,0.0,0.0,8.03209625664e-06,0.000100401203208,0.000216866598929,4.01604812832e-06,9.63851550797e-05,8.03209625664e-06,0.000269075224597,4.01604812832e-06,4.01604812832e-06,2.81123368982e-05,0.000253011032084,6.42567700531e-05,4.01604812832e-06,0.000321283850266,4.01604812832e-06,6.42567700531e-05,9.23691069514e-05,4.01604812832e-06,4.01604812832e-06,1.2048144385e-05,0.0,4.01604812832e-06,0.0,0.000642567700531,0.000208834502673,0.000124497491978,0.000257027080213,7.63049144381e-05,8.03209625664e-06,0.000253011032084,0.000184738213903,0.000128513540106,0.000100401203208,0.000666663989301,4.01604812832e-06,0.000100401203208,8.03209625664e-06,0.000180722165774,0.000216866598929,0.000104417251336,0.000164657973261,2.81123368982e-05,0.000281123368982,0.000783129385023,0.000248994983956,4.01604812832e-06,0.000269075224597,2.40962887699e-05,8.03209625664e-06,4.01604812832e-06,0.000112449347593,6.42567700531e-05,1.60641925133e-05,0.000317267802137,0.000297187561496,3.61444331549e-05,0.000562246737965,0.000321283850266,0.000136545636363,8.03209625664e-06,8.03209625664e-06,0.000112449347593,0.000285139417111,1.2048144385e-05,4.81925775398e-05,0.000261043128341,8.03209625664e-06,0.000369476427806,4.01604812832e-06,1.2048144385e-05,0.0,0.000108433299465,0.0,0.0,1.2048144385e-05,6.02407219248e-05,0.000224898695186,0.000204818454544,0.000140561684491,0.0,0.000204818454544,0.0,0.000180722165774,5.62246737965e-05,0.000337348042779,0.0,5.22086256682e-05,0.000156625877005,1.60641925133e-05,0.0,4.01604812832e-06,0.000116465395721,8.03209625664e-06,0.0,2.40962887699e-05,0.0,0.000148593780748,0.000196786358288,8.03209625664e-06,0.000140561684491,7.63049144381e-05,0.000112449347593,0.000393572716575,0.000337348042779,0.000248994983956,0.000104417251336,0.000160641925133,0.000128513540106,0.000132529588235,0.000248994983956,4.01604812832e-05,0.0,4.01604812832e-06,8.43370106947e-05,6.42567700531e-05,0.000534134401067,6.42567700531e-05,0.000112449347593,2.40962887699e-05,3.21283850266e-05,0.0,0.00038152457219,8.03209625664e-06,4.01604812832e-06,9.23691069514e-05,0.000277107320854,0.000236946839571,4.01604812832e-06,0.0,0.00012048144385,0.00040562086096,8.03209625664e-06,4.01604812832e-06,0.000152609828876,5.22086256682e-05,3.61444331549e-05,2.81123368982e-05,1.2048144385e-05,4.01604812832e-06,2.00802406416e-05,4.01604812832e-06,8.03209625664e-06,0.0,8.03209625664e-06,0.0
Gen 249
float_yankdup,integer_swap,vector_float_conj,vector_float_conc,vector_float_occurrencesof,vector_float_replacefirst,vector_float_rest,vector_float_p,vector_float_s,vector_float_r,vector_float_first,integer_fromfloat,vector_float_last,vector_float_d,float_sw,exec_yankd,vector_float_n,exec_do*tim,exec_yankdup,exec_yank,integer_mu,vector_float_remove,vector_float_fir,exec_do*vector_float,float_p,float_r,vector_float_stackdep,vector_float_dup,vector_float_subvec,float_i,exec_do*range,integer_yankd,float_m,integer_rot,float_a,float_c,float_d,integer_stackdep,float_s,vector_float_occurrences,exec_stackdepth,vector_float_swap,vector_float_reverse,float_stackdepth,float_max,exec_do*vector_flo,float_min,vector_float_rot,float_rot,exec_shove,vector_float_pushall,float_stackdep,float_sub,vector_float_sho,integer_div,integer_mult,integer_min,float_shove,integer_flush,float_inc,in1,integer_yank,integer_fromflo,vector_float_yankdup,float_ya,vector_float_butla,integer_sw,float_pop,exec_d,float_yankd,integer_max,exec_dup,exec_k,float_frominteger,float_mult,exec_noop,exec_p,exec_r,exec_s,vector_float_butlast,integer_flu,exec_y,float_mod,integer_ya,integer_yankdup,exec_stackdep,exec_do*ran,vector_float_index,vector_float_pop,exec_do*cou,vector_float_ta,vector_float_flu,float_add,exec_do*times,integer_shove,float_tan,vector_float_la,vector_float_indexof,float_sho,float_frominteg,integer_dup,vector_float_stackdepth,exec_sho,vector_float_replace,exec_swap,vector_float_rever,autoconstructive_integer_ra,exec_sw,integer_add,exec_flush,float_flu,float_cos,exec_flu,integer_mod,float_div,vector_float_leng,integer_inc,vector_float_yank,exec_rot,vector_float_flush,float_dec,vector_float_set,integer_pop,vector_float_shove,exec_pop,vector_float_take,vector_float_concat,vector_float_pusha,vector_float_ya,vector_float_remo,float_sin,autoconstructive_integer_rand,vector_float_length,exec_do*count,integer_sub,float_mu,exec_no,vector_float_re,float_dup,integer_r,integer_sho,vector_float_yankd,integer_stackdepth,integer_dec,exec,vector_float_replacefir,vector_float_nth,float_swap,vector_float_co,exec_ya,float_yank,float_flush,float_t,integer_d,integer_a,integer_m,integer_i,vector_float_subv,integer_s,integer_p,vector_float_repla,vector_float_sw
0.000539997840009,0.000103999584002,0.000227999088004,7.99996800013e-06,0.000131999472002,0.000139999440002,8.79996480014e-05,1.59999360003e-05,3.99998400006e-06,1.99999200003e-05,0.000195999216003,0.000343998624006,0.000203999184003,7.99996800013e-06,7.99996800013e-06,3.99998400006e-06,0.0,1.19999520002e-05,0.000159999360003,0.000227999088004,3.99998400006e-06,0.000135999456002,3.99998400006e-06,0.000263998944004,0.0,7.99996800013e-06,1.59999360003e-05,0.000307998768005,0.000103999584002,1.19999520002e-05,0.000347998608006,3.99998400006e-06,8.39996640013e-05,0.000131999472002,3.99998400006e-06,3.99998400006e-06,3.19998720005e-05,3.99998400006e-06,7.99996800013e-06,7.99996800013e-06,0.000743997024012,0.000279998880004,0.000151999392002,0.000303998784005,9.59996160015e-05,3.99998400006e-06,0.000271998912004,0.000199999200003,0.000243999024004,7.99996800013e-05,0.000827996688013,0.0,0.000103999584002,3.99998400006e-06,0.000251998992004,0.000283998864005,0.000123999504002,0.000187999248003,5.19997920008e-05,0.000335998656005,0.000979996080016,0.000227999088004,1.99999200003e-05,0.000191999232003,3.19998720005e-05,7.99996800013e-06,0.0,3.59998560006e-05,3.19998720005e-05,2.79998880004e-05,0.000411998352007,0.000279998880004,7.59996960012e-05,0.000679997280011,0.000295998816005,0.000163999344003,1.59999360003e-05,0.0,0.000123999504002,0.000295998816005,7.99996800013e-06,8.79996480014e-05,0.000283998864005,1.99999200003e-05,0.000287998848005,1.99999200003e-05,1.19999520002e-05,1.19999520002e-05,0.000123999504002,0.0,3.99998400006e-06,1.19999520002e-05,0.000103999584002,0.000267998928004,0.000239999040004,0.000235999056004,7.99996800013e-06,0.000147999408002,3.99998400006e-06,0.000267998928004,9.59996160015e-05,0.000411998352007,3.99998400006e-06,0.000119999520002,0.000191999232003,1.99999200003e-05,0.0,3.99998400006e-06,0.000127999488002,0.0,0.0,5.19997920008e-05,0.0,0.000123999504002,0.000287998848005,1.99999200003e-05,0.000155999376002,0.000147999408002,9.99996000016e-05,0.000383998464006,0.000287998848005,0.000271998912004,0.000135999456002,0.000279998880004,9.19996320015e-05,0.000123999504002,0.000215999136003,3.59998560006e-05,3.99998400006e-06,0.0,7.59996960012e-05,7.99996800013e-05,0.000543997824009,0.000139999440002,0.000207999168003,3.19998720005e-05,2.79998880004e-05,3.99998400006e-06,0.000459998160007,3.99998400006e-06,0.0,7.59996960012e-05,0.000363998544006,0.000247999008004,1.19999520002e-05,3.99998400006e-06,0.000111999552002,0.000475998096008,1.19999520002e-05,3.99998400006e-06,0.000243999024004,4.79998080008e-05,1.59999360003e-05,3.59998560006e-05,3.99998400006e-06,2.39999040004e-05,1.99999200003e-05,3.99998400006e-06,2.79998880004e-05,0.0,1.59999360003e-05,7.99996800013e-06
Gen 250
float_yankdup,integer_swap,vector_float_conj,vector_float_conc,vector_float_occurrencesof,vector_float_replacefirst,vector_float_rest,vector_float_p,vector_float_s,vector_float_r,vector_float_first,integer_fromfloat,vector_float_last,vector_float_d,float_sw,exec_yankd,vector_float_n,exec_do*tim,exec_yankdup,exec_yank,integer_mu,vector_float_remove,vector_float_fir,exec_do*vector_float,float_p,float_r,vector_float_stackdep,vector_float_dup,vector_float_subvec,float_i,exec_do*range,integer_yankd,float_m,integer_rot,float_a,float_c,float_d,integer_stackdep,float_s,vector_float_occurrences,exec_stackdepth,vector_float_swap,vector_float_reverse,float_stackdepth,float_max,exec_do*vector_flo,float_min,vector_float_rot,float_rot,exec_shove,vector_float_pushall,float_stackdep,float_sub,vector_float_sho,integer_div,integer_mult,integer_min,float_shove,integer_flush,float_inc,in1,integer_yank,integer_fromflo,vector_float_yankdup,float_ya,vector_float_butla,integer_sw,float_pop,exec_d,float_yankd,integer_max,exec_dup,exec_k,float_frominteger,float_mult,exec_noop,exec_p,exec_r,exec_s,vector_float_butlast,integer_flu,exec_y,float_mod,integer_ya,integer_yankdup,exec_stackdep,exec_do*ran,vector_float_index,vector_float_pop,exec_do*cou,vector_float_ta,vector_float_flu,float_add,exec_do*times,integer_shove,float_tan,vector_float_la,vector_float_indexof,float_sho,float_frominteg,integer_dup,vector_float_stackdepth,exec_sho,vector_float_replace,exec_swap,vector_float_rever,autoconstructive_integer_ra,exec_sw,integer_add,exec_flush,float_flu,float_cos,exec_flu,integer_mod,float_div,vector_float_leng,integer_inc,vector_float_yank,exec_rot,vector_float_flush,float_dec,vector_float_set,integer_pop,vector_float_shove,exec_pop,vector_float_take,vector_float_concat,vector_float_pusha,vector_float_ya,vector_float_remo,float_sin,autoconstructive_integer_rand,vector_float_length,exec_do*count,integer_sub,float_mu,exec_no,vector_float_re,float_dup,integer_r,integer_sho,vector_float_yankd,integer_stackdepth,integer_dec,exec,vector_float_replacefir,vector_float_nth,float_swap,vector_float_co,exec_ya,float_yank,float_flush,float_t,integer_d,integer_a,integer_m,integer_i,vector_float_subv,integer_s,integer_p,vector_float_repla,vector_float_sw
0.000649399803188,7.96809574464e-05,0.00027489930319,0.0,0.000159361914893,0.000183266202127,5.57766702125e-05,5.17926223402e-05,1.1952143617e-05,1.59361914893e-05,0.000250995015956,0.000366532404253,0.000231074776595,0.0,7.96809574464e-06,3.98404787232e-06,3.98404787232e-06,0.0,0.00015537786702,0.000318723829786,0.0,0.00017131405851,3.98404787232e-06,0.000330675973402,0.0,1.1952143617e-05,1.1952143617e-05,0.000286851446807,7.17128617017e-05,3.98404787232e-06,0.000406372882977,0.0,3.18723829786e-05,0.000191234297871,3.98404787232e-06,0.0,2.78883351062e-05,7.96809574464e-06,7.96809574464e-06,0.0,0.000872506484038,0.000402388835104,0.00017131405851,0.000402388835104,0.000111553340425,1.59361914893e-05,0.000334660021275,0.000179282154254,0.000310755734041,0.000147409771276,0.000784857430847,1.1952143617e-05,9.16331010633e-05,0.0,0.000314739781913,0.000215138585105,0.000179282154254,0.000294819542552,7.17128617017e-05,0.000454181457444,0.000936251249995,0.00027489930319,7.96809574464e-06,0.000278883351062,2.78883351062e-05,7.96809574464e-06,0.0,6.77288138294e-05,4.38245265955e-05,0.0,0.000486053840423,0.000310755734041,9.9601196808e-05,0.000820713861698,0.000358564308509,0.000282867398935,3.98404787232e-06,0.0,0.000115537388297,0.000306771686169,2.39042872339e-05,9.56171489357e-05,0.000302787638296,2.78883351062e-05,0.000338644069147,3.18723829786e-05,7.96809574464e-06,3.98404787232e-06,0.000231074776595,0.0,0.0,1.1952143617e-05,0.000167330010637,0.000270915255318,0.000191234297871,0.000227090728722,1.59361914893e-05,0.000183266202127,1.1952143617e-05,0.000262947159573,0.000127489531914,0.000406372882977,0.0,8.7649053191e-05,0.00017131405851,3.98404787232e-05,3.98404787232e-06,1.1952143617e-05,0.00011952143617,3.98404787232e-06,0.0,0.000107569292553,0.0,0.00015537786702,0.000243026920211,1.59361914893e-05,0.000163345962765,0.00022310668085,9.16331010633e-05,0.000382468595743,0.000346612164892,0.000350596212764,0.00015537786702,0.000207170489361,0.000123505484042,6.77288138294e-05,0.000215138585105,3.98404787232e-05,1.1952143617e-05,3.98404787232e-06,0.000127489531914,0.000115537388297,0.000482069792551,0.000191234297871,0.000250995015956,0.0,3.98404787232e-05,0.0,0.000525894319146,3.98404787232e-06,0.0,6.77288138294e-05,0.000438245265955,0.000243026920211,1.59361914893e-05,3.98404787232e-06,0.000183266202127,0.000545814558508,3.98404787232e-06,0.0,0.000183266202127,8.7649053191e-05,1.59361914893e-05,5.17926223402e-05,0.0,7.96809574464e-06,2.39042872339e-05,7.96809574464e-06,4.78085744678e-05,7.96809574464e-06,3.98404787232e-06,1.59361914893e-05
Gen 251
float_yankdup,integer_swap,vector_float_conj,vector_float_conc,vector_float_occurrencesof,vector_float_replacefirst,vector_float_rest,vector_float_p,vector_float_s,vector_float_r,vector_float_first,integer_fromfloat,vector_float_last,vector_float_d,float_sw,exec_yankd,vector_float_n,exec_do*tim,exec_yankdup,exec_yank,integer_mu,vector_float_remove,vector_float_fir,exec_do*vector_float,float_p,float_r,vector_float_stackdep,vector_float_dup,vector_float_subvec,float_i,exec_do*range,integer_yankd,float_m,integer_rot,float_a,float_c,float_d,integer_stackdep,float_s,vector_float_occurrences,exec_stackdepth,vector_float_swap,vector_float_reverse,float_stackdepth,float_max,exec_do*vector_flo,float_min,vector_float_rot,float_rot,exec_shove,vector_float_pushall,float_stackdep,float_sub,vector_float_sho,integer_div,integer_mult,integer_min,float_shove,integer_flush,float_inc,in1,integer_yank,integer_fromflo,vector_float_yankdup,float_ya,vector_float_butla,integer_sw,float_pop,exec_d,float_yankd,integer_max,exec_dup,exec_k,float_frominteger,float_mult,exec_noop,exec_p,exec_r,exec_s,vector_float_butlast,integer_flu,exec_y,float_mod,integer_ya,integer_yankdup,exec_stackdep,exec_do*ran,vector_float_index,vector_float_pop,exec_do*cou,vector_float_ta,vector_float_flu,float_add,exec_do*times,integer_shove,float_tan,vector_float_la,vector_float_indexof,float_sho,float_frominteg,integer_dup,vector_float_stackdepth,exec_sho,vector_float_replace,exec_swap,vector_float_rever,autoconstructive_integer_ra,exec_sw,integer_add,exec_flush,float_flu,float_cos,exec_flu,integer_mod,float_div,vector_float_leng,integer_inc,vector_float_yank,exec_rot,vector_float_flush,float_dec,vector_float_set,integer_pop,vector_float_shove,exec_pop,vector_float_take,vector_float_concat,vector_float_pusha,vector_float_ya,vector_float_remo,float_sin,autoconstructive_integer_rand,vector_float_length,exec_do*count,integer_sub,float_mu,exec_no,vector_float_re,float_dup,integer_r,integer_sho,vector_float_yankd,integer_stackdepth,integer_dec,exec,vector_float_replacefir,vector_float_nth,float_swap,vector_float_co,exec_ya,float_yank,float_flush,float_t,integer_d,integer_a,integer_m,integer_i,vector_float_subv,integer_s,integer_p,vector_float_repla,vector_float_sw
0.000674600497617,0.000115078908417,0.000281744913711,7.93647644255e-06,0.000170634243515,0.000226189578613,9.52377173106e-05,1.98411911064e-05,1.19047146638e-05,3.96823822128e-05,0.000226189578613,0.000432537966119,0.000206348387506,1.19047146638e-05,1.98411911064e-05,7.93647644255e-06,0.0,1.19047146638e-05,0.0001865071964,0.000337300248809,0.0,0.000198411911064,1.98411911064e-05,0.000289681390153,0.0,1.58729528851e-05,3.96823822128e-06,0.000369046154579,4.76188586553e-05,1.19047146638e-05,0.000484125062996,7.93647644255e-06,5.55553350979e-05,0.000242062531498,3.96823822128e-06,0.0,2.77776675489e-05,7.93647644255e-06,1.19047146638e-05,0.0,0.000845234741132,0.0003730143928,0.000130951861302,0.000396823822128,7.93647644255e-05,7.93647644255e-06,0.000353173201694,0.000198411911064,0.000277776675489,8.33330026468e-05,0.000773806453149,3.96823822128e-06,9.12694790894e-05,7.93647644255e-06,0.00024999900794,0.000226189578613,0.000226189578613,0.000265871960826,5.55553350979e-05,0.000488093301217,0.00103967841397,0.000281744913711,1.19047146638e-05,0.000253967246162,0.0,0.0,3.96823822128e-06,3.57141439915e-05,1.19047146638e-05,3.96823822128e-05,0.000484125062996,0.000313490819481,9.52377173106e-05,0.000837298264689,0.000337300248809,0.000234126055055,3.96823822128e-06,1.58729528851e-05,7.93647644255e-05,0.000238094293277,4.3650620434e-05,6.34918115404e-05,0.000293649628374,3.96823822128e-06,0.000325395534145,1.98411911064e-05,7.93647644255e-06,0.0,0.000158729528851,0.0,0.0,0.0,0.000182538958179,0.000321427295923,0.000226189578613,0.000329363772366,7.93647644255e-06,0.000150793052409,1.58729528851e-05,0.000305554343038,8.73012408681e-05,0.000400792060349,0.0,0.000138888337745,0.000190475434621,1.58729528851e-05,3.96823822128e-06,3.96823822128e-06,0.00012301538486,0.0,3.96823822128e-06,7.93647644255e-05,0.0,0.000162697767072,0.000285713151932,3.96823822128e-06,0.00015476129063,0.000253967246162,0.000126983623081,0.000388887345685,0.000325395534145,0.000257935484383,0.000142856575966,0.000297617866596,0.000126983623081,9.52377173106e-05,0.000202380149285,1.58729528851e-05,0.0,0.0,0.00012301538486,0.000115078908417,0.000503966254102,0.000202380149285,0.000261903722604,3.96823822128e-06,2.77776675489e-05,3.96823822128e-06,0.000515870968766,0.0,1.58729528851e-05,8.33330026468e-05,0.000531743921651,0.000265871960826,1.98411911064e-05,0.0,0.000126983623081,0.000563489827421,3.96823822128e-06,0.0,0.000162697767072,0.000115078908417,3.57141439915e-05,7.53965262043e-05,0.0,2.38094293277e-05,1.58729528851e-05,7.93647644255e-06,3.17459057702e-05,1.19047146638e-05,0.0,3.17459057702e-05
Gen 252
float_yankdup,integer_swap,vector_float_conj,vector_float_conc,vector_float_occurrencesof,vector_float_replacefirst,vector_float_rest,vector_float_p,vector_float_s,vector_float_r,vector_float_first,integer_fromfloat,vector_float_last,vector_float_d,float_sw,exec_yankd,vector_float_n,exec_do*tim,exec_yankdup,exec_yank,integer_mu,vector_float_remove,vector_float_fir,exec_do*vector_float,float_p,float_r,vector_float_stackdep,vector_float_dup,vector_float_subvec,float_i,exec_do*range,integer_yankd,float_m,integer_rot,float_a,float_c,float_d,integer_stackdep,float_s,vector_float_occurrences,exec_stackdepth,vector_float_swap,vector_float_reverse,float_stackdepth,float_max,exec_do*vector_flo,float_min,vector_float_rot,float_rot,exec_shove,vector_float_pushall,float_stackdep,float_sub,vector_float_sho,integer_div,integer_mult,integer_min,float_shove,integer_flush,float_inc,in1,integer_yank,integer_fromflo,vector_float_yankdup,float_ya,vector_float_butla,integer_sw,float_pop,exec_d,float_yankd,integer_max,exec_dup,exec_k,float_frominteger,float_mult,exec_noop,exec_p,exec_r,exec_s,vector_float_butlast,integer_flu,exec_y,float_mod,integer_ya,integer_yankdup,exec_stackdep,exec_do*ran,vector_float_index,vector_float_pop,exec_do*cou,vector_float_ta,vector_float_flu,float_add,exec_do*times,integer_shove,float_tan,vector_float_la,vector_float_indexof,float_sho,float_frominteg,integer_dup,vector_float_stackdepth,exec_sho,vector_float_replace,exec_swap,vector_float_rever,autoconstructive_integer_ra,exec_sw,integer_add,exec_flush,float_flu,float_cos,exec_flu,integer_mod,float_div,vector_float_leng,integer_inc,vector_float_yank,exec_rot,vector_float_flush,float_dec,vector_float_set,integer_pop,vector_float_shove,exec_pop,vector_float_take,vector_float_concat,vector_float_pusha,vector_float_ya,vector_float_remo,float_sin,autoconstructive_integer_rand,vector_float_length,exec_do*count,integer_sub,float_mu,exec_no,vector_float_re,float_dup,integer_r,integer_sho,vector_float_yankd,integer_stackdepth,integer_dec,exec,vector_float_replacefir,vector_float_nth,float_swap,vector_float_co,exec_ya,float_yank,float_flush,float_t,integer_d,integer_a,integer_m,integer_i,vector_float_subv,integer_s,integer_p,vector_float_repla,vector_float_sw
0.000719364745594,0.000122529159964,0.00035572981925,3.95255354722e-06,0.000177864909625,0.00024110576638,0.000118576606417,1.97627677361e-05,3.95255354722e-06,1.97627677361e-05,0.000288536408947,0.000482211532761,0.000256915980569,0.0,1.18576606417e-05,1.18576606417e-05,0.0,7.90510709444e-06,0.000205532784455,0.000371540033439,3.95255354722e-06,0.000260868534116,0.0,0.000347824712155,3.95255354722e-06,1.18576606417e-05,3.95255354722e-06,0.000415018122458,6.32408567555e-05,7.90510709444e-06,0.00045454365793,0.0,5.92883032083e-05,0.000252963427022,0.0,3.95255354722e-06,2.37153212833e-05,7.90510709444e-06,1.18576606417e-05,3.95255354722e-06,0.000861656673294,0.0004268757831,0.000158102141889,0.000391302801175,0.000114624052869,2.37153212833e-05,0.000347824712155,0.000308299176683,0.000292488962494,0.000106718945775,0.000814226030727,3.95255354722e-06,0.000150197034794,3.95255354722e-06,0.000324109390872,0.000367587479891,0.000209485338003,0.000296441516041,8.30036244916e-05,0.00049802174695,0.00101975881518,0.000343872158608,3.95255354722e-06,0.00035572981925,3.95255354722e-06,7.90510709444e-06,0.0,5.13831961138e-05,3.95255354722e-05,7.90510709444e-06,0.000513831961138,0.00031225173023,0.000114624052869,0.00088141944103,0.000371540033439,0.000229248105739,7.90510709444e-06,0.0,9.88138386805e-05,0.000276678748305,3.5572981925e-05,0.000102766392228,0.000316204283778,7.90510709444e-06,0.000367587479891,1.58102141889e-05,1.58102141889e-05,0.0,0.00021343789155,7.90510709444e-06,3.95255354722e-06,1.18576606417e-05,0.000181817463172,0.000288536408947,0.000260868534116,0.000359682372797,3.95255354722e-06,0.000181817463172,2.37153212833e-05,0.000300394069589,0.000110671499322,0.00035572981925,0.0,0.000150197034794,0.000197627677361,3.5572981925e-05,0.0,0.0,0.000158102141889,3.95255354722e-06,3.95255354722e-06,6.71934103027e-05,0.0,0.000162054695436,0.000324109390872,0.0,0.000229248105739,0.000252963427022,0.000146244481247,0.000478258979214,0.000339919605061,0.000347824712155,0.000225295552191,0.000272726194758,0.000146244481247,9.0908731586e-05,0.00021343789155,3.95255354722e-06,0.0,1.18576606417e-05,0.000134386820605,9.0908731586e-05,0.00052568962178,0.000209485338003,0.000256915980569,7.90510709444e-06,3.5572981925e-05,0.0,0.000553357496611,3.95255354722e-06,7.90510709444e-06,6.71934103027e-05,0.000537547282422,0.000229248105739,1.58102141889e-05,3.95255354722e-06,0.000138339374153,0.000620550906913,0.0,7.90510709444e-06,0.000189722570267,0.000134386820605,1.18576606417e-05,7.50985173972e-05,7.90510709444e-06,3.95255354722e-05,3.5572981925e-05,3.95255354722e-06,3.16204283778e-05,3.95255354722e-06,0.0,2.37153212833e-05
Gen 253
float_yankdup,integer_swap,vector_float_conj,vector_float_conc,vector_float_occurrencesof,vector_float_replacefirst,vector_float_rest,vector_float_p,vector_float_s,vector_float_r,vector_float_first,integer_fromfloat,vector_float_last,vector_float_d,float_sw,exec_yankd,vector_float_n,exec_do*tim,exec_yankdup,exec_yank,integer_mu,vector_float_remove,vector_float_fir,exec_do*vector_float,float_p,float_r,vector_float_stackdep,vector_float_dup,vector_float_subvec,float_i,exec_do*range,integer_yankd,float_m,integer_rot,float_a,float_c,float_d,integer_stackdep,float_s,vector_float_occurrences,exec_stackdepth,vector_float_swap,vector_float_reverse,float_stackdepth,float_max,exec_do*vector_flo,float_min,vector_float_rot,float_rot,exec_shove,vector_float_pushall,float_stackdep,float_sub,vector_float_sho,integer_div,integer_mult,integer_min,float_shove,integer_flush,float_inc,in1,integer_yank,integer_fromflo,vector_float_yankdup,float_ya,vector_float_butla,integer_sw,float_pop,exec_d,float_yankd,integer_max,exec_dup,exec_k,float_frominteger,float_mult,exec_noop,exec_p,exec_r,exec_s,vector_float_butlast,integer_flu,exec_y,float_mod,integer_ya,integer_yankdup,exec_stackdep,exec_do*ran,vector_float_index,vector_float_pop,exec_do*cou,vector_float_ta,vector_float_flu,float_add,exec_do*times,integer_shove,float_tan,vector_float_la,vector_float_indexof,float_sho,float_frominteg,integer_dup,vector_float_stackdepth,exec_sho,vector_float_replace,exec_swap,vector_float_rever,autoconstructive_integer_ra,exec_sw,integer_add,exec_flush,float_flu,float_cos,exec_flu,integer_mod,float_div,vector_float_leng,integer_inc,vector_float_yank,exec_rot,vector_float_flush,float_dec,vector_float_set,integer_pop,vector_float_shove,exec_pop,vector_float_take,vector_float_concat,vector_float_pusha,vector_float_ya,vector_float_remo,float_sin,autoconstructive_integer_rand,vector_float_length,exec_do*count,integer_sub,float_mu,exec_no,vector_float_re,float_dup,integer_r,integer_sho,vector_float_yankd,integer_stackdepth,integer_dec,exec,vector_float_replacefir,vector_float_nth,float_swap,vector_float_co,exec_ya,float_yank,float_flush,float_t,integer_d,integer_a,integer_m,integer_i,vector_float_subv,integer_s,integer_p,vector_float_repla,vector_float_sw
0.000633855772221,0.000114172778847,0.000240156534817,7.87398474809e-06,0.000149605710214,0.000181101649206,9.44878169771e-05,3.93699237405e-06,3.93699237405e-06,7.87398474809e-06,0.000196849618702,0.000381888260282,0.000196849618702,7.87398474809e-06,7.87398474809e-06,0.0,0.0,3.93699237405e-06,0.000169290672084,0.000279526458557,1.18109771221e-05,0.000188975633954,7.87398474809e-06,0.000283463450931,7.87398474809e-06,2.36219542443e-05,3.93699237405e-06,0.00033070735942,5.90548856107e-05,0.0,0.000409447206901,3.93699237405e-06,2.75589466183e-05,0.000224408565321,0.0,0.0,5.90548856107e-05,7.87398474809e-06,1.18109771221e-05,0.0,0.000751965543443,0.00035039232129,0.000137794733092,0.000326770367046,0.000102361801725,1.18109771221e-05,0.000342518336542,0.000228345557695,0.00031102239755,8.2676839855e-05,0.000696847650206,1.18109771221e-05,0.000141731725466,7.87398474809e-06,0.000271652473809,0.000244093527191,0.00018503864158,0.000259841496687,3.54329313664e-05,0.000326770367046,0.000877949299412,0.000192912626328,3.93699237405e-06,0.000248030519565,3.93699237405e-06,0.0,0.0,4.33069161145e-05,1.96849618702e-05,3.93699237405e-06,0.000456691115389,0.000275589466183,9.84248093511e-05,0.000712595619702,0.000220471572947,0.00020472360345,0.0,1.18109771221e-05,5.51178932366e-05,0.000200786611076,1.57479694962e-05,0.000106298794099,0.000232282550069,1.18109771221e-05,0.000255904504313,1.18109771221e-05,1.57479694962e-05,7.87398474809e-06,0.000153542702588,0.0,3.93699237405e-06,0.0,0.000173227664458,0.000255904504313,0.000216534580573,0.000303148412802,1.57479694962e-05,0.000157479694962,7.87398474809e-06,0.000279526458557,8.6613832229e-05,0.000299211420427,3.93699237405e-06,0.000118109771221,0.000181101649206,1.57479694962e-05,0.0,3.93699237405e-06,0.000173227664458,3.93699237405e-06,0.0,7.48028551069e-05,0.0,0.000122046763595,0.000275589466183,7.87398474809e-06,0.00016535367971,0.000200786611076,9.84248093511e-05,0.000334644351794,0.000295274428053,0.000271652473809,0.000125983755969,0.000248030519565,0.000110235786473,6.29918779847e-05,0.00016535367971,1.57479694962e-05,3.93699237405e-06,1.18109771221e-05,8.2676839855e-05,7.08658627328e-05,0.000421258184023,0.00016535367971,0.000251967511939,3.93699237405e-06,5.90548856107e-05,3.93699237405e-06,0.000452754123015,3.93699237405e-06,1.18109771221e-05,5.51178932366e-05,0.00047637607726,0.000236219542443,1.57479694962e-05,0.0,0.000110235786473,0.000460628107763,7.87398474809e-06,1.18109771221e-05,0.000149605710214,0.000110235786473,1.57479694962e-05,3.54329313664e-05,7.87398474809e-06,1.57479694962e-05,2.75589466183e-05,7.87398474809e-06,4.33069161145e-05,3.93699237405e-06,0.0,2.75589466183e-05
Gen 254
float_yankdup,integer_swap,vector_float_conj,vector_float_conc,vector_float_occurrencesof,vector_float_replacefirst,vector_float_rest,vector_float_p,vector_float_s,vector_float_r,vector_float_first,integer_fromfloat,vector_float_last,vector_float_d,float_sw,exec_yankd,vector_float_n,exec_do*tim,exec_yankdup,exec_yank,integer_mu,vector_float_remove,vector_float_fir,exec_do*vector_float,float_p,float_r,vector_float_stackdep,vector_float_dup,vector_float_subvec,float_i,exec_do*range,integer_yankd,float_m,integer_rot,float_a,float_c,float_d,integer_stackdep,float_s,vector_float_occurrences,exec_stackdepth,vector_float_swap,vector_float_reverse,float_stackdepth,float_max,exec_do*vector_flo,float_min,vector_float_rot,float_rot,exec_shove,vector_float_pushall,float_stackdep,float_sub,vector_float_sho,integer_div,integer_mult,integer_min,float_shove,integer_flush,float_inc,in1,integer_yank,integer_fromflo,vector_float_yankdup,float_ya,vector_float_butla,integer_sw,float_pop,exec_d,float_yankd,integer_max,exec_dup,exec_k,float_frominteger,float_mult,exec_noop,exec_p,exec_r,exec_s,vector_float_butlast,integer_flu,exec_y,float_mod,integer_ya,integer_yankdup,exec_stackdep,exec_do*ran,vector_float_index,vector_float_pop,exec_do*cou,vector_float_ta,vector_float_flu,float_add,exec_do*times,integer_shove,float_tan,vector_float_la,vector_float_indexof,float_sho,float_frominteg,integer_dup,vector_float_stackdepth,exec_sho,vector_float_replace,exec_swap,vector_float_rever,autoconstructive_integer_ra,exec_sw,integer_add,exec_flush,float_flu,float_cos,exec_flu,integer_mod,float_div,vector_float_leng,integer_inc,vector_float_yank,exec_rot,vector_float_flush,float_dec,vector_float_set,integer_pop,vector_float_shove,exec_pop,vector_float_take,vector_float_concat,vector_float_pusha,vector_float_ya,vector_float_remo,float_sin,autoconstructive_integer_rand,vector_float_length,exec_do*count,integer_sub,float_mu,exec_no,vector_float_re,float_dup,integer_r,integer_sho,vector_float_yankd,integer_stackdepth,integer_dec,exec,vector_float_replacefir,vector_float_nth,float_swap,vector_float_co,exec_ya,float_yank,float_flush,float_t,integer_d,integer_a,integer_m,integer_i,vector_float_subv,integer_s,integer_p,vector_float_repla,vector_float_sw
0.000576468327575,6.66664052298e-05,0.000309802706656,0.0,0.000109803490967,0.000235293194929,5.88232987322e-05,3.13724259905e-05,0.0,3.13724259905e-05,0.000196077662441,0.000431370857369,0.000211763875436,0.0,1.96077662441e-05,0.0,3.92155324881e-06,1.56862129952e-05,0.000149019023455,0.000270587174168,3.92155324881e-06,0.000203920768938,1.17646597464e-05,0.000294116493661,3.92155324881e-06,1.17646597464e-05,1.96077662441e-05,0.00026274406767,5.09801922345e-05,1.17646597464e-05,0.00039607687813,3.92155324881e-06,2.35293194929e-05,0.00026274406767,0.0,0.0,4.31370857369e-05,7.84310649762e-06,3.92155324881e-06,3.92155324881e-06,0.000745095117274,0.000278430280666,0.000192156109192,0.000321567366402,8.2352618225e-05,3.92155324881e-06,0.000290194940412,0.000203920768938,0.000254900961173,0.000101960384469,0.000713722691284,3.92155324881e-06,0.000117646597464,3.92155324881e-06,0.000215685428685,0.000301959600158,0.000156862129952,0.000286273387163,3.52939792393e-05,0.000352939792393,0.000878427927734,0.000258822514422,3.92155324881e-06,0.000247057854675,7.84310649762e-06,7.84310649762e-06,0.0,7.05879584786e-05,3.92155324881e-05,1.96077662441e-05,0.000450978623613,0.000294116493661,6.2744851981e-05,0.000749016670523,0.000258822514422,0.000192156109192,3.92155324881e-06,0.0,3.92155324881e-05,0.00023137164168,1.56862129952e-05,9.01957247226e-05,0.000192156109192,3.92155324881e-06,0.000349018239144,7.84310649762e-06,7.84310649762e-06,0.0,0.000129411257211,3.92155324881e-06,3.92155324881e-06,7.84310649762e-06,0.000156862129952,0.000196077662441,0.000176469896196,0.000368626005388,7.84310649762e-06,0.000188234555943,3.92155324881e-06,0.000203920768938,5.88232987322e-05,0.000278430280666,7.84310649762e-06,0.000101960384469,0.000168626789699,1.17646597464e-05,3.92155324881e-06,3.92155324881e-06,0.000168626789699,0.0,0.0,4.31370857369e-05,0.0,0.000121568150713,0.000290194940412,1.56862129952e-05,0.000145097470206,0.00026274406767,7.84310649762e-05,0.000388233771632,0.000294116493661,0.000250979407924,0.000145097470206,0.000258822514422,0.000125489703962,6.66664052298e-05,0.000203920768938,4.31370857369e-05,7.84310649762e-06,3.92155324881e-06,5.49017454834e-05,3.13724259905e-05,0.000407841537876,0.000192156109192,0.000247057854675,3.92155324881e-06,3.92155324881e-05,0.0,0.000443135517116,0.0,3.92155324881e-06,5.88232987322e-05,0.000407841537876,0.000211763875436,1.17646597464e-05,3.92155324881e-06,0.000101960384469,0.00049411570935,1.56862129952e-05,1.17646597464e-05,0.000176469896196,9.80388312203e-05,1.17646597464e-05,5.09801922345e-05,0.0,1.17646597464e-05,3.52939792393e-05,1.17646597464e-05,4.31370857369e-05,0.0,1.17646597464e-05,1.56862129952e-05
Gen 255
float_yankdup,integer_swap,vector_float_conj,vector_float_conc,vector_float_occurrencesof,vector_float_replacefirst,vector_float_rest,vector_float_p,vector_float_s,vector_float_r,vector_float_first,integer_fromfloat,vector_float_last,vector_float_d,float_sw,exec_yankd,vector_float_n,exec_do*tim,exec_yankdup,exec_yank,integer_mu,vector_float_remove,vector_float_fir,exec_do*vector_float,float_p,float_r,vector_float_stackdep,vector_float_dup,vector_float_subvec,float_i,exec_do*range,integer_yankd,float_m,integer_rot,float_a,float_c,float_d,integer_stackdep,float_s,vector_float_occurrences,exec_stackdepth,vector_float_swap,vector_float_reverse,float_stackdepth,float_max,exec_do*vector_flo,float_min,vector_float_rot,float_rot,exec_shove,vector_float_pushall,float_stackdep,float_sub,vector_float_sho,integer_div,integer_mult,integer_min,float_shove,integer_flush,float_inc,in1,integer_yank,integer_fromflo,vector_float_yankdup,float_ya,vector_float_butla,integer_sw,float_pop,exec_d,float_yankd,integer_max,exec_dup,exec_k,float_frominteger,float_mult,exec_noop,exec_p,exec_r,exec_s,vector_float_butlast,integer_flu,exec_y,float_mod,integer_ya,integer_yankdup,exec_stackdep,exec_do*ran,vector_float_index,vector_float_pop,exec_do*cou,vector_float_ta,vector_float_flu,float_add,exec_do*times,integer_shove,float_tan,vector_float_la,vector_float_indexof,float_sho,float_frominteg,integer_dup,vector_float_stackdepth,exec_sho,vector_float_replace,exec_swap,vector_float_rever,autoconstructive_integer_ra,exec_sw,integer_add,exec_flush,float_flu,float_cos,exec_flu,integer_mod,float_div,vector_float_leng,integer_inc,vector_float_yank,exec_rot,vector_float_flush,float_dec,vector_float_set,integer_pop,vector_float_shove,exec_pop,vector_float_take,vector_float_concat,vector_float_pusha,vector_float_ya,vector_float_remo,float_sin,autoconstructive_integer_rand,vector_float_length,exec_do*count,integer_sub,float_mu,exec_no,vector_float_re,float_dup,integer_r,integer_sho,vector_float_yankd,integer_stackdepth,integer_dec,exec,vector_float_replacefir,vector_float_nth,float_swap,vector_float_co,exec_ya,float_yank,float_flush,float_t,integer_d,integer_a,integer_m,integer_i,vector_float_subv,integer_s,integer_p,vector_float_repla,vector_float_sw
0.000726559661876,7.42184600841e-05,0.000367186065679,0.0,0.000179686798098,0.000269530197148,5.85935211191e-05,1.56249389651e-05,3.90623474127e-06,1.56249389651e-05,0.00018359303284,0.000402342178351,0.000261717727665,1.17187042238e-05,3.90623474127e-06,0.0,1.17187042238e-05,1.17187042238e-05,0.00015234315491,0.000261717727665,3.90623474127e-06,0.000191405502322,1.56249389651e-05,0.000320311248784,7.81246948254e-06,7.81246948254e-06,1.17187042238e-05,0.000355467361456,6.24997558603e-05,1.56249389651e-05,0.000433592056281,1.56249389651e-05,2.73436431889e-05,0.000257811492924,3.90623474127e-06,0.0,0.000105468338014,0.0,1.17187042238e-05,0.0,0.000878902816786,0.000378904769903,0.00018359303284,0.00042968582154,8.5937164308e-05,1.17187042238e-05,0.000378904769903,0.000296873840337,0.000230467849735,0.000105468338014,0.000792965652478,7.81246948254e-06,0.000199217971805,7.81246948254e-06,0.000230467849735,0.000285155136113,0.000195311737064,0.000292967605595,4.68748168952e-05,0.000402342178351,0.000972652450576,0.00027734266663,0.0,0.000281248901371,0.0,7.81246948254e-06,7.81246948254e-06,9.37496337905e-05,1.95311737064e-05,1.17187042238e-05,0.000453123229987,0.000296873840337,8.20309295667e-05,0.000914058929457,0.000234374084476,0.00021484291077,1.56249389651e-05,0.0,3.51561126714e-05,0.000296873840337,1.56249389651e-05,0.000144530685427,0.000265623962406,1.56249389651e-05,0.000363279830938,1.95311737064e-05,7.81246948254e-06,7.81246948254e-06,0.000207030441287,2.73436431889e-05,0.0,1.56249389651e-05,0.000195311737064,0.000199217971805,0.000292967605595,0.000351561126714,3.90623474127e-06,0.000226561614994,2.34374084476e-05,0.000199217971805,3.90623474127e-05,0.000273436431889,7.81246948254e-06,0.000109374572756,0.000222655380252,1.17187042238e-05,0.0,0.0,0.00021484291077,7.81246948254e-06,0.0,0.000121093276979,0.0,0.000175780563357,0.000285155136113,7.81246948254e-06,0.000160155624392,0.0002460927887,0.000113280807497,0.000468748168952,0.000394529708868,0.000316405014043,0.000164061859133,0.000257811492924,0.000164061859133,8.20309295667e-05,0.00018359303284,1.17187042238e-05,3.90623474127e-06,1.56249389651e-05,7.03122253429e-05,4.2968582154e-05,0.000480466873176,0.00018359303284,0.000296873840337,0.0,5.46872863778e-05,0.0,0.000499998046883,3.90623474127e-06,3.90623474127e-06,8.20309295667e-05,0.000414060882575,0.000253905258183,7.81246948254e-06,3.90623474127e-06,0.000117187042238,0.000574216506967,2.34374084476e-05,2.34374084476e-05,0.00015234315491,9.76558685318e-05,1.56249389651e-05,6.24997558603e-05,0.0,1.56249389651e-05,5.07810516365e-05,0.0,3.90623474127e-05,0.0,3.90623474127e-06,1.17187042238e-05
Gen 256
float_yankdup,integer_swap,vector_float_conj,vector_float_conc,vector_float_occurrencesof,vector_float_replacefirst,vector_float_rest,vector_float_p,vector_float_s,vector_float_r,vector_float_first,integer_fromfloat,vector_float_last,vector_float_d,float_sw,exec_yankd,vector_float_n,exec_do*tim,exec_yankdup,exec_yank,integer_mu,vector_float_remove,vector_float_fir,exec_do*vector_float,float_p,float_r,vector_float_stackdep,vector_float_dup,vector_float_subvec,float_i,exec_do*range,integer_yankd,float_m,integer_rot,float_a,float_c,float_d,integer_stackdep,float_s,vector_float_occurrences,exec_stackdepth,vector_float_swap,vector_float_reverse,float_stackdepth,float_max,exec_do*vector_flo,float_min,vector_float_rot,float_rot,exec_shove,vector_float_pushall,float_stackdep,float_sub,vector_float_sho,integer_div,integer_mult,integer_min,float_shove,integer_flush,float_inc,in1,integer_yank,integer_fromflo,vector_float_yankdup,float_ya,vector_float_butla,integer_sw,float_pop,exec_d,float_yankd,integer_max,exec_dup,exec_k,float_frominteger,float_mult,exec_noop,exec_p,exec_r,exec_s,vector_float_butlast,integer_flu,exec_y,float_mod,integer_ya,integer_yankdup,exec_stackdep,exec_do*ran,vector_float_index,vector_float_pop,exec_do*cou,vector_float_ta,vector_float_flu,float_add,exec_do*times,integer_shove,float_tan,vector_float_la,vector_float_indexof,float_sho,float_frominteg,integer_dup,vector_float_stackdepth,exec_sho,vector_float_replace,exec_swap,vector_float_rever,autoconstructive_integer_ra,exec_sw,integer_add,exec_flush,float_flu,float_cos,exec_flu,integer_mod,float_div,vector_float_leng,integer_inc,vector_float_yank,exec_rot,vector_float_flush,float_dec,vector_float_set,integer_pop,vector_float_shove,exec_pop,vector_float_take,vector_float_concat,vector_float_pusha,vector_float_ya,vector_float_remo,float_sin,autoconstructive_integer_rand,vector_float_length,exec_do*count,integer_sub,float_mu,exec_no,vector_float_re,float_dup,integer_r,integer_sho,vector_float_yankd,integer_stackdepth,integer_dec,exec,vector_float_replacefir,vector_float_nth,float_swap,vector_float_co,exec_ya,float_yank,float_flush,float_t,integer_d,integer_a,integer_m,integer_i,vector_float_subv,integer_s,integer_p,vector_float_repla,vector_float_sw
0.000774316053245,0.000128404169634,0.000354084225353,1.16731063303e-05,0.00024902626838,0.00024902626838,8.56027797557e-05,2.33462126607e-05,1.55641417738e-05,4.28013898779e-05,0.000217897984833,0.000396885615231,0.000217897984833,3.89103544344e-06,7.78207088688e-06,3.89103544344e-06,3.89103544344e-05,1.94551772172e-05,0.000229571091163,0.000342411119023,7.78207088688e-06,0.000217897984833,7.78207088688e-06,0.000377430438014,0.0,1.55641417738e-05,0.0,0.000420231827892,8.17117443123e-05,2.33462126607e-05,0.000490270465874,1.16731063303e-05,1.55641417738e-05,0.000190660736729,3.89103544344e-06,3.89103544344e-06,7.78207088688e-05,3.89103544344e-06,3.89103544344e-06,3.89103544344e-06,0.00097275886086,0.0004747063241,0.000178987630398,0.000439687005109,0.000101166921529,2.72372481041e-05,0.00037353940257,0.000319064906362,0.000175096594955,8.17117443123e-05,0.000863809868444,1.16731063303e-05,0.000167314524068,0.0,0.00024902626838,0.000342411119023,0.000260699374711,0.000280154551928,6.61476025385e-05,0.000342411119023,0.00107003474695,0.000319064906362,0.0,0.000330738012693,3.89103544344e-06,1.94551772172e-05,0.0,9.33848506426e-05,1.94551772172e-05,1.55641417738e-05,0.000579764281073,0.000330738012693,8.17117443123e-05,0.000906611258322,0.000315173870919,0.000233462126607,3.89103544344e-06,3.89103544344e-06,4.66924253213e-05,0.000299609729145,1.16731063303e-05,0.000202333843059,0.00023735316205,1.16731063303e-05,0.000392994579788,1.94551772172e-05,1.16731063303e-05,1.16731063303e-05,0.000186769701285,1.16731063303e-05,3.89103544344e-06,7.78207088688e-06,0.000140077275964,0.000268481445597,0.000342411119023,0.000307391800032,3.89103544344e-06,0.000198442807616,1.94551772172e-05,0.00022568005572,7.39296734254e-05,0.00036186629624,7.78207088688e-06,0.000108948992416,0.000221789020276,2.72372481041e-05,3.89103544344e-06,1.16731063303e-05,0.000190660736729,1.16731063303e-05,3.89103544344e-06,0.000210115913946,0.0,0.000280154551928,0.000330738012693,1.55641417738e-05,0.000171205559511,0.000229571091163,0.000105057956973,0.000556418068412,0.00046303321777,0.000354084225353,0.000206224878502,0.00023735316205,0.000155641417738,8.17117443123e-05,0.000260699374711,2.72372481041e-05,1.16731063303e-05,0.0,0.00012451313419,6.61476025385e-05,0.000564200139299,0.000147859346851,0.000311282835475,7.78207088688e-06,4.66924253213e-05,3.89103544344e-06,0.000513616678534,3.89103544344e-06,2.33462126607e-05,4.28013898779e-05,0.000455251146883,0.000260699374711,1.94551772172e-05,3.11282835475e-05,0.00013618624052,0.000564200139299,2.33462126607e-05,1.55641417738e-05,0.000202333843059,0.000167314524068,1.16731063303e-05,4.28013898779e-05,3.89103544344e-06,3.11282835475e-05,5.05834607647e-05,3.89103544344e-06,5.05834607647e-05,7.78207088688e-06,3.89103544344e-06,1.16731063303e-05
Gen 257
float_yankdup,integer_swap,vector_float_conj,vector_float_conc,vector_float_occurrencesof,vector_float_replacefirst,vector_float_rest,vector_float_p,vector_float_s,vector_float_r,vector_float_first,integer_fromfloat,vector_float_last,vector_float_d,float_sw,exec_yankd,vector_float_n,exec_do*tim,exec_yankdup,exec_yank,integer_mu,vector_float_remove,vector_float_fir,exec_do*vector_float,float_p,float_r,vector_float_stackdep,vector_float_dup,vector_float_subvec,float_i,exec_do*range,integer_yankd,float_m,integer_rot,float_a,float_c,float_d,integer_stackdep,float_s,vector_float_occurrences,exec_stackdepth,vector_float_swap,vector_float_reverse,float_stackdepth,float_max,exec_do*vector_flo,float_min,vector_float_rot,float_rot,exec_shove,vector_float_pushall,float_stackdep,float_sub,vector_float_sho,integer_div,integer_mult,integer_min,float_shove,integer_flush,float_inc,in1,integer_yank,integer_fromflo,vector_float_yankdup,float_ya,vector_float_butla,integer_sw,float_pop,exec_d,float_yankd,integer_max,exec_dup,exec_k,float_frominteger,float_mult,exec_noop,exec_p,exec_r,exec_s,vector_float_butlast,integer_flu,exec_y,float_mod,integer_ya,integer_yankdup,exec_stackdep,exec_do*ran,vector_float_index,vector_float_pop,exec_do*cou,vector_float_ta,vector_float_flu,float_add,exec_do*times,integer_shove,float_tan,vector_float_la,vector_float_indexof,float_sho,float_frominteg,integer_dup,vector_float_stackdepth,exec_sho,vector_float_replace,exec_swap,vector_float_rever,autoconstructive_integer_ra,exec_sw,integer_add,exec_flush,float_flu,float_cos,exec_flu,integer_mod,float_div,vector_float_leng,integer_inc,vector_float_yank,exec_rot,vector_float_flush,float_dec,vector_float_set,integer_pop,vector_float_shove,exec_pop,vector_float_take,vector_float_concat,vector_float_pusha,vector_float_ya,vector_float_remo,float_sin,autoconstructive_integer_rand,vector_float_length,exec_do*count,integer_sub,float_mu,exec_no,vector_float_re,float_dup,integer_r,integer_sho,vector_float_yankd,integer_stackdepth,integer_dec,exec,vector_float_replacefir,vector_float_nth,float_swap,vector_float_co,exec_ya,float_yank,float_flush,float_t,integer_d,integer_a,integer_m,integer_i,vector_float_subv,integer_s,integer_p,vector_float_repla,vector_float_sw
0.000674415990636,0.000131782434952,0.00027906868578,3.87595396917e-06,0.000162790066705,0.000193797698459,6.97671714451e-05,3.10076317534e-05,1.55038158767e-05,2.3255723815e-05,0.000201549606397,0.00032945608738,0.000108526711137,7.75190793834e-06,7.75190793834e-06,1.16278619075e-05,4.26354936609e-05,3.87595396917e-06,0.000162790066705,0.000321704179441,3.87595396917e-06,0.000201549606397,1.16278619075e-05,0.000298448455626,0.0,0.0,7.75190793834e-06,0.000298448455626,6.97671714451e-05,0.0,0.000387595396917,1.16278619075e-05,7.75190793834e-06,0.000147286250828,7.75190793834e-06,0.0,5.42633555684e-05,0.0,3.87595396917e-06,3.87595396917e-06,0.000779066747803,0.000298448455626,0.000193797698459,0.000294572501657,0.000104650757168,3.87595396917e-06,0.000275192731811,0.000255812961965,0.000135658388921,5.03874015992e-05,0.000643408358882,3.87595396917e-06,0.000174417928613,0.0,0.000217053422274,0.000275192731811,0.000174417928613,0.000158914112736,5.03874015992e-05,0.000344959903256,0.000891469412909,0.000271316777842,1.55038158767e-05,0.000224805330212,7.75190793834e-06,0.0,0.0,6.58912174759e-05,1.16278619075e-05,1.93797698459e-05,0.00041860302867,0.000248061054027,7.36431254142e-05,0.000732555300173,0.000271316777842,0.000127906480983,1.16278619075e-05,3.87595396917e-06,4.26354936609e-05,0.000259688915934,1.93797698459e-05,0.000127906480983,0.000224805330212,3.87595396917e-06,0.000356587765164,4.26354936609e-05,1.93797698459e-05,3.48835857225e-05,0.000104650757168,0.0,7.75190793834e-06,7.75190793834e-06,7.75190793834e-05,0.000217053422274,0.000271316777842,0.000240309146089,0.0,0.000147286250828,7.75190793834e-06,0.000166666020674,4.26354936609e-05,0.000236433192119,3.87595396917e-06,7.36431254142e-05,0.000193797698459,1.93797698459e-05,0.0,1.55038158767e-05,0.000131782434952,0.0,0.0,0.000155038158767,0.0,0.000143410296859,0.000213177468304,1.16278619075e-05,0.000193797698459,0.000155038158767,0.000131782434952,0.000414727074701,0.000360463719133,0.000259688915934,0.000244185100058,0.000182169836551,0.000162790066705,8.13950333526e-05,0.000189921744489,2.3255723815e-05,0.0,1.55038158767e-05,0.000104650757168,5.81393095376e-05,0.00046899043027,8.91469412909e-05,0.000217053422274,3.87595396917e-06,1.55038158767e-05,1.16278619075e-05,0.000476742338208,1.55038158767e-05,1.16278619075e-05,5.81393095376e-05,0.000321704179441,0.00023255723815,1.16278619075e-05,3.10076317534e-05,0.000127906480983,0.000519377831869,2.71316777842e-05,2.3255723815e-05,0.000151162204798,8.52709873218e-05,1.16278619075e-05,1.93797698459e-05,7.75190793834e-06,1.93797698459e-05,3.48835857225e-05,3.87595396917e-06,2.71316777842e-05,3.87595396917e-06,0.0,3.87595396917e-06
Gen 258
float_yankdup,integer_swap,vector_float_conj,vector_float_conc,vector_float_occurrencesof,vector_float_replacefirst,vector_float_rest,vector_float_p,vector_float_s,vector_float_r,vector_float_first,integer_fromfloat,vector_float_last,vector_float_d,float_sw,exec_yankd,vector_float_n,exec_do*tim,exec_yankdup,exec_yank,integer_mu,vector_float_remove,vector_float_fir,exec_do*vector_float,float_p,float_r,vector_float_stackdep,vector_float_dup,vector_float_subvec,float_i,exec_do*range,integer_yankd,float_m,integer_rot,float_a,float_c,float_d,integer_stackdep,float_s,vector_float_occurrences,exec_stackdepth,vector_float_swap,vector_float_reverse,float_stackdepth,float_max,exec_do*vector_flo,float_min,vector_float_rot,float_rot,exec_shove,vector_float_pushall,float_stackdep,float_sub,vector_float_sho,integer_div,integer_mult,integer_min,float_shove,integer_flush,float_inc,in1,integer_yank,integer_fromflo,vector_float_yankdup,float_ya,vector_float_butla,integer_sw,float_pop,exec_d,float_yankd,integer_max,exec_dup,exec_k,float_frominteger,float_mult,exec_noop,exec_p,exec_r,exec_s,vector_float_butlast,integer_flu,exec_y,float_mod,integer_ya,integer_yankdup,exec_stackdep,exec_do*ran,vector_float_index,vector_float_pop,exec_do*cou,vector_float_ta,vector_float_flu,float_add,exec_do*times,integer_shove,float_tan,vector_float_la,vector_float_indexof,float_sho,float_frominteg,integer_dup,vector_float_stackdepth,exec_sho,vector_float_replace,exec_swap,vector_float_rever,autoconstructive_integer_ra,exec_sw,integer_add,exec_flush,float_flu,float_cos,exec_flu,integer_mod,float_div,vector_float_leng,integer_inc,vector_float_yank,exec_rot,vector_float_flush,float_dec,vector_float_set,integer_pop,vector_float_shove,exec_pop,vector_float_take,vector_float_concat,vector_float_pusha,vector_float_ya,vector_float_remo,float_sin,autoconstructive_integer_rand,vector_float_length,exec_do*count,integer_sub,float_mu,exec_no,vector_float_re,float_dup,integer_r,integer_sho,vector_float_yankd,integer_stackdepth,integer_dec,exec,vector_float_replacefir,vector_float_nth,float_swap,vector_float_co,exec_ya,float_yank,float_flush,float_t,integer_d,integer_a,integer_m,integer_i,vector_float_subv,integer_s,integer_p,vector_float_repla,vector_float_sw
0.000621619221547,8.10807680279e-05,0.000243242304084,3.86098895371e-06,0.000193049447686,0.000185327469778,7.33587901205e-05,1.54439558148e-05,1.15829668611e-05,3.08879116297e-05,0.0002084934035,0.000250964281991,7.33587901205e-05,3.86098895371e-06,2.31659337223e-05,7.72197790742e-06,4.63318674445e-05,0.0,0.000185327469778,0.000339767027927,3.86098895371e-06,0.000189188458732,1.15829668611e-05,0.000308879116297,0.0,7.72197790742e-06,3.86098895371e-06,0.000274130215713,4.24708784908e-05,1.54439558148e-05,0.000366793950603,1.54439558148e-05,0.0,0.000142856591287,0.0,3.86098895371e-06,1.93049447686e-05,0.0,7.72197790742e-06,3.86098895371e-06,0.000795363724464,0.000324323072112,0.000189188458732,0.000320462083158,8.49417569816e-05,7.72197790742e-06,0.000262547248852,0.000254825270945,0.000111968679658,6.56368122131e-05,0.00061389724364,7.72197790742e-06,0.000127412635472,7.72197790742e-06,0.000254825270945,0.000235520326176,0.00016602252501,0.000177605491871,3.86098895371e-05,0.000320462083158,0.000837834602955,0.000277991204667,3.86098895371e-06,0.000247103293037,3.86098895371e-06,0.0,7.72197790742e-06,7.33587901205e-05,1.93049447686e-05,1.15829668611e-05,0.000393820873278,0.00023938131513,5.40538453519e-05,0.000752892845974,0.000231659337223,0.00013513461338,7.72197790742e-06,0.0,3.47489005834e-05,0.000212354392454,7.72197790742e-06,0.000131273624426,0.000177605491871,1.15829668611e-05,0.000397681862232,3.86098895371e-05,7.72197790742e-06,1.54439558148e-05,0.00010424670175,7.72197790742e-06,3.86098895371e-06,7.72197790742e-06,5.79148343057e-05,0.000216215381408,0.000231659337223,0.000193049447686,3.86098895371e-06,0.000150578569195,7.72197790742e-06,0.000193049447686,7.33587901205e-05,0.000250964281991,3.86098895371e-06,6.17758232594e-05,0.000227798348269,1.15829668611e-05,0.0,1.93049447686e-05,0.000108107690704,3.86098895371e-06,0.0,0.000108107690704,0.0,0.000154439558148,0.000177605491871,0.0,0.000158300547102,0.000123551646519,0.000100385712796,0.000444013729677,0.000386098895371,0.000250964281991,0.000212354392454,0.0002084934035,0.000127412635472,8.49417569816e-05,0.000162161536056,1.54439558148e-05,7.72197790742e-06,0.0,8.10807680279e-05,4.24708784908e-05,0.000459457685492,6.94978011668e-05,0.000181466480824,7.72197790742e-06,2.31659337223e-05,3.86098895371e-06,0.000467179663399,7.72197790742e-06,7.72197790742e-06,6.56368122131e-05,0.000305018127343,0.000258686259899,0.0,2.7026922676e-05,0.000111968679658,0.000532816475612,2.7026922676e-05,1.15829668611e-05,0.000154439558148,0.000108107690704,7.72197790742e-06,3.86098895371e-05,7.72197790742e-06,1.15829668611e-05,4.24708784908e-05,7.72197790742e-06,2.7026922676e-05,1.15829668611e-05,3.86098895371e-06,3.86098895371e-06
Gen 259
float_yankdup,integer_swap,vector_float_conj,vector_float_conc,vector_float_occurrencesof,vector_float_replacefirst,vector_float_rest,vector_float_p,vector_float_s,vector_float_r,vector_float_first,integer_fromfloat,vector_float_last,vector_float_d,float_sw,exec_yankd,vector_float_n,exec_do*tim,exec_yankdup,exec_yank,integer_mu,vector_float_remove,vector_float_fir,exec_do*vector_float,float_p,float_r,vector_float_stackdep,vector_float_dup,vector_float_subvec,float_i,exec_do*range,integer_yankd,float_m,integer_rot,float_a,float_c,float_d,integer_stackdep,float_s,vector_float_occurrences,exec_stackdepth,vector_float_swap,vector_float_reverse,float_stackdepth,float_max,exec_do*vector_flo,float_min,vector_float_rot,float_rot,exec_shove,vector_float_pushall,float_stackdep,float_sub,vector_float_sho,integer_div,integer_mult,integer_min,float_shove,integer_flush,float_inc,in1,integer_yank,integer_fromflo,vector_float_yankdup,float_ya,vector_float_butla,integer_sw,float_pop,exec_d,float_yankd,integer_max,exec_dup,exec_k,float_frominteger,float_mult,exec_noop,exec_p,exec_r,exec_s,vector_float_butlast,integer_flu,exec_y,float_mod,integer_ya,integer_yankdup,exec_stackdep,exec_do*ran,vector_float_index,vector_float_pop,exec_do*cou,vector_float_ta,vector_float_flu,float_add,exec_do*times,integer_shove,float_tan,vector_float_la,vector_float_indexof,float_sho,float_frominteg,integer_dup,vector_float_stackdepth,exec_sho,vector_float_replace,exec_swap,vector_float_rever,autoconstructive_integer_ra,exec_sw,integer_add,exec_flush,float_flu,float_cos,exec_flu,integer_mod,float_div,vector_float_leng,integer_inc,vector_float_yank,exec_rot,vector_float_flush,float_dec,vector_float_set,integer_pop,vector_float_shove,exec_pop,vector_float_take,vector_float_concat,vector_float_pusha,vector_float_ya,vector_float_remo,float_sin,autoconstructive_integer_rand,vector_float_length,exec_do*count,integer_sub,float_mu,exec_no,vector_float_re,float_dup,integer_r,integer_sho,vector_float_yankd,integer_stackdepth,integer_dec,exec,vector_float_replacefir,vector_float_nth,float_swap,vector_float_co,exec_ya,float_yank,float_flush,float_t,integer_d,integer_a,integer_m,integer_i,vector_float_subv,integer_s,integer_p,vector_float_repla,vector_float_sw
0.000619228387583,5.76920857997e-05,0.000257691316572,1.15384171599e-05,0.000165383979292,0.000207691508879,0.000103845754439,3.46152514798e-05,0.0,3.46152514798e-05,0.000149999423079,0.000411536878704,0.000123076449706,1.53845562132e-05,4.9999807693e-05,7.69227810662e-06,3.84613905331e-05,0.0,0.000196153091719,0.000430767573971,7.69227810662e-06,0.000303844985212,3.46152514798e-05,0.000369229349118,3.84613905331e-06,3.84613905331e-06,7.69227810662e-06,0.000230768343199,0.000111538032546,3.84613905331e-06,0.000384613905331,1.53845562132e-05,1.53845562132e-05,0.000196153091719,7.69227810662e-06,3.84613905331e-06,3.84613905331e-05,7.69227810662e-06,0.0,7.69227810662e-06,0.000857689008888,0.000311537263318,0.000234614482252,0.000342306375745,0.000146153284026,1.15384171599e-05,0.000238460621305,0.000253845177519,0.000146153284026,7.69227810662e-05,0.000823073757409,3.84613905331e-06,0.000165383979292,3.84613905331e-06,0.000230768343199,0.000284614289945,0.000126922588759,0.000215383786985,4.9999807693e-05,0.000396152322491,0.00101153457102,0.000376921627225,1.53845562132e-05,0.000299998846158,3.84613905331e-06,3.84613905331e-06,0.0,8.07689201195e-05,4.61536686397e-05,1.15384171599e-05,0.000453844408291,0.000261537455625,8.84611982262e-05,0.000830766035515,0.000319229541425,0.000192306952666,7.69227810662e-06,7.69227810662e-06,2.69229733732e-05,0.000265383594678,7.69227810662e-06,0.000161537840239,0.000253845177519,1.92306952666e-05,0.000419229156811,4.9999807693e-05,3.07691124265e-05,7.69227810662e-06,0.000134614866866,3.84613905331e-06,3.84613905331e-06,1.53845562132e-05,9.61534763328e-05,0.000246152899412,0.000246152899412,0.000365383210065,0.0,0.000169230118346,1.53845562132e-05,0.000165383979292,6.53843639063e-05,0.000338460236691,0.0,9.23073372795e-05,0.000257691316572,1.15384171599e-05,0.0,7.69227810662e-06,0.000153845562132,7.69227810662e-06,0.0,0.000107691893493,0.0,0.000169230118346,0.000292306568052,1.15384171599e-05,0.000130768727813,0.000173076257399,0.000115384171599,0.000492305798824,0.000426921434918,0.000238460621305,0.000215383786985,0.000261537455625,0.000149999423079,0.000138461005919,0.000230768343199,0.0,7.69227810662e-06,3.84613905331e-06,7.30766420129e-05,2.69229733732e-05,0.000549997884624,8.84611982262e-05,0.000169230118346,3.84613905331e-06,3.07691124265e-05,0.0,0.000423075295864,3.84613905331e-06,1.53845562132e-05,9.23073372795e-05,0.000330767958585,0.000319229541425,7.69227810662e-06,7.69227810662e-06,0.000192306952666,0.000642305221903,4.9999807693e-05,1.92306952666e-05,0.000219229926039,0.000119230310653,1.92306952666e-05,5.38459467464e-05,1.53845562132e-05,3.84613905331e-06,3.84613905331e-05,3.84613905331e-06,3.46152514798e-05,3.84613905331e-06,0.0,1.53845562132e-05
Gen 260
float_yankdup,integer_swap,vector_float_conj,vector_float_conc,vector_float_occurrencesof,vector_float_replacefirst,vector_float_rest,vector_float_p,vector_float_s,vector_float_r,vector_float_first,integer_fromfloat,vector_float_last,vector_float_d,float_sw,exec_yankd,vector_float_n,exec_do*tim,exec_yankdup,exec_yank,integer_mu,vector_float_remove,vector_float_fir,exec_do*vector_float,float_p,float_r,vector_float_stackdep,vector_float_dup,vector_float_subvec,float_i,exec_do*range,integer_yankd,float_m,integer_rot,float_a,float_c,float_d,integer_stackdep,float_s,vector_float_occurrences,exec_stackdepth,vector_float_swap,vector_float_reverse,float_stackdepth,float_max,exec_do*vector_flo,float_min,vector_float_rot,float_rot,exec_shove,vector_float_pushall,float_stackdep,float_sub,vector_float_sho,integer_div,integer_mult,integer_min,float_shove,integer_flush,float_inc,in1,integer_yank,integer_fromflo,vector_float_yankdup,float_ya,vector_float_butla,integer_sw,float_pop,exec_d,float_yankd,integer_max,exec_dup,exec_k,float_frominteger,float_mult,exec_noop,exec_p,exec_r,exec_s,vector_float_butlast,integer_flu,exec_y,float_mod,integer_ya,integer_yankdup,exec_stackdep,exec_do*ran,vector_float_index,vector_float_pop,exec_do*cou,vector_float_ta,vector_float_flu,float_add,exec_do*times,integer_shove,float_tan,vector_float_la,vector_float_indexof,float_sho,float_frominteg,integer_dup,vector_float_stackdepth,exec_sho,vector_float_replace,exec_swap,vector_float_rever,autoconstructive_integer_ra,exec_sw,integer_add,exec_flush,float_flu,float_cos,exec_flu,integer_mod,float_div,vector_float_leng,integer_inc,vector_float_yank,exec_rot,vector_float_flush,float_dec,vector_float_set,integer_pop,vector_float_shove,exec_pop,vector_float_take,vector_float_concat,vector_float_pusha,vector_float_ya,vector_float_remo,float_sin,autoconstructive_integer_rand,vector_float_length,exec_do*count,integer_sub,float_mu,exec_no,vector_float_re,float_dup,integer_r,integer_sho,vector_float_yankd,integer_stackdepth,integer_dec,exec,vector_float_replacefir,vector_float_nth,float_swap,vector_float_co,exec_ya,float_yank,float_flush,float_t,integer_d,integer_a,integer_m,integer_i,vector_float_subv,integer_s,integer_p,vector_float_repla,vector_float_sw
0.000697315335957,4.2145432393e-05,0.000279692414972,1.53256117793e-05,0.000183907341351,0.000222221370799,0.000126436297179,1.53256117793e-05,7.66280588963e-06,2.68198206137e-05,0.00021455856491,0.000348657667978,0.000114942088344,2.68198206137e-05,3.44826265033e-05,3.83140294482e-06,1.91570147241e-05,3.83140294482e-06,0.000160918923682,0.000386971697426,3.83140294482e-06,0.000279692414972,7.66280588963e-06,0.000402297309206,0.0,3.83140294482e-06,7.66280588963e-06,0.000241378385523,0.00010344787951,1.91570147241e-05,0.00041379151804,3.06512235585e-05,7.66280588963e-06,0.000191570147241,7.66280588963e-06,0.0,3.06512235585e-05,1.91570147241e-05,1.53256117793e-05,3.83140294482e-06,0.00084290864786,0.000360151876813,0.000245209788468,0.000333332056199,0.000130267700124,3.83140294482e-06,0.000287355220861,0.000283523817916,0.000222221370799,9.19536706756e-05,0.000846740050804,3.83140294482e-06,0.000229884176689,1.53256117793e-05,0.000249041191413,0.000249041191413,0.000126436297179,0.000195401550186,4.2145432393e-05,0.000356320473868,0.00101915318332,0.000321837847365,2.29884176689e-05,0.000329500653254,0.0,7.66280588963e-06,0.0,8.81222677308e-05,1.91570147241e-05,7.66280588963e-06,0.000475093965157,0.000187738744296,0.000149424714848,0.000796931812522,0.000241378385523,0.000180075938406,2.29884176689e-05,0.0,5.36396412274e-05,0.000249041191413,7.66280588963e-06,0.000187738744296,0.000268198206137,1.14942088344e-05,0.000406128712151,3.83140294482e-05,3.06512235585e-05,0.0,0.000160918923682,0.0,3.83140294482e-06,1.53256117793e-05,9.96164765652e-05,0.000264366803192,0.00031034363853,0.000283523817916,1.14942088344e-05,0.000153256117793,1.14942088344e-05,0.000180075938406,0.000118773491289,0.000245209788468,3.83140294482e-06,0.0001111106854,0.000291186623806,3.44826265033e-05,7.66280588963e-06,1.14942088344e-05,0.000157087520737,1.14942088344e-05,0.0,0.000145593311903,0.0,0.00021455856491,0.000275861012027,1.53256117793e-05,0.000157087520737,0.000187738744296,9.57850736204e-05,0.000478925368102,0.000440611338654,0.000241378385523,0.000233715579634,0.000298849429696,0.000149424714848,0.0001111106854,0.000268198206137,2.68198206137e-05,1.14942088344e-05,7.66280588963e-06,9.57850736204e-05,3.44826265033e-05,0.000540227815219,0.000107279282455,0.00021455856491,3.83140294482e-06,2.68198206137e-05,0.0,0.000452105547488,1.14942088344e-05,7.66280588963e-06,5.74710441722e-05,0.000337163459144,0.000298849429696,7.66280588963e-06,0.0,0.000172413132517,0.000666664112398,3.83140294482e-05,3.83140294482e-06,0.000210727161965,7.27966559515e-05,3.06512235585e-05,5.74710441722e-05,3.44826265033e-05,3.06512235585e-05,4.2145432393e-05,3.83140294482e-06,4.2145432393e-05,3.83140294482e-06,7.66280588963e-06,0.0
Gen 261
float_yankdup,integer_swap,vector_float_conj,vector_float_conc,vector_float_occurrencesof,vector_float_replacefirst,vector_float_rest,vector_float_p,vector_float_s,vector_float_r,vector_float_first,integer_fromfloat,vector_float_last,vector_float_d,float_sw,exec_yankd,vector_float_n,exec_do*tim,exec_yankdup,exec_yank,integer_mu,vector_float_remove,vector_float_fir,exec_do*vector_float,float_p,float_r,vector_float_stackdep,vector_float_dup,vector_float_subvec,float_i,exec_do*range,integer_yankd,float_m,integer_rot,float_a,float_c,float_d,integer_stackdep,float_s,vector_float_occurrences,exec_stackdepth,vector_float_swap,vector_float_reverse,float_stackdepth,float_max,exec_do*vector_flo,float_min,vector_float_rot,float_rot,exec_shove,vector_float_pushall,float_stackdep,float_sub,vector_float_sho,integer_div,integer_mult,integer_min,float_shove,integer_flush,float_inc,in1,integer_yank,integer_fromflo,vector_float_yankdup,float_ya,vector_float_butla,integer_sw,float_pop,exec_d,float_yankd,integer_max,exec_dup,exec_k,float_frominteger,float_mult,exec_noop,exec_p,exec_r,exec_s,vector_float_butlast,integer_flu,exec_y,float_mod,integer_ya,integer_yankdup,exec_stackdep,exec_do*ran,vector_float_index,vector_float_pop,exec_do*cou,vector_float_ta,vector_float_flu,float_add,exec_do*times,integer_shove,float_tan,vector_float_la,vector_float_indexof,float_sho,float_frominteg,integer_dup,vector_float_stackdepth,exec_sho,vector_float_replace,exec_swap,vector_float_rever,autoconstructive_integer_ra,exec_sw,integer_add,exec_flush,float_flu,float_cos,exec_flu,integer_mod,float_div,vector_float_leng,integer_inc,vector_float_yank,exec_rot,vector_float_flush,float_dec,vector_float_set,integer_pop,vector_float_shove,exec_pop,vector_float_take,vector_float_concat,vector_float_pusha,vector_float_ya,vector_float_remo,float_sin,autoconstructive_integer_rand,vector_float_length,exec_do*count,integer_sub,float_mu,exec_no,vector_float_re,float_dup,integer_r,integer_sho,vector_float_yankd,integer_stackdepth,integer_dec,exec,vector_float_replacefir,vector_float_nth,float_swap,vector_float_co,exec_ya,float_yank,float_flush,float_t,integer_d,integer_a,integer_m,integer_i,vector_float_subv,integer_s,integer_p,vector_float_repla,vector_float_sw
0.000687020278549,2.67174552769e-05,0.000232823538841,1.52671173011e-05,0.000187022186938,0.000141220835035,0.000122136938409,1.90838966263e-05,1.14503379758e-05,3.43510139274e-05,0.000148854393686,0.000290075228721,9.16027038065e-05,2.67174552769e-05,4.58013519032e-05,3.81677932527e-06,2.29006759516e-05,0.0,0.000110686600433,0.000343510139274,3.81677932527e-06,0.000187022186938,6.48852485296e-05,0.00028244167007,7.63355865054e-06,0.0,1.14503379758e-05,0.000248090656143,8.77859244812e-05,7.63355865054e-06,0.000473280636333,7.63355865054e-06,7.63355865054e-06,0.000175571848962,7.63355865054e-06,3.81677932527e-06,3.05342346022e-05,7.63355865054e-06,0.0,3.81677932527e-06,0.000748088747753,0.000316792683997,0.000286258449395,0.000267174552769,0.000129770497059,3.81677932527e-06,0.000221373200866,0.000229006759516,0.00020992286289,8.01523658307e-05,0.000748088747753,1.52671173011e-05,0.000179388628288,0.0,0.000263357773444,0.000248090656143,0.000118320159083,0.000160304731661,3.81677932527e-05,0.000366410815226,0.0010114465212,0.000232823538841,2.29006759516e-05,0.00020992286289,0.0,0.0,7.63355865054e-06,7.63355865054e-05,2.67174552769e-05,3.05342346022e-05,0.000465647077683,0.000167938290312,0.000171755069637,0.000755722306403,0.000236640318167,0.00014503761436,2.29006759516e-05,3.81677932527e-06,6.48852485296e-05,0.000229006759516,0.0,0.00014503761436,0.000175571848962,7.63355865054e-06,0.000400761829153,5.34349105538e-05,3.81677932527e-06,3.81677932527e-06,0.000118320159083,0.0,0.0,3.81677932527e-06,7.63355865054e-05,0.000179388628288,0.000278624890745,0.000225189980191,3.81677932527e-06,0.000129770497059,1.14503379758e-05,0.000114503379758,8.39691451559e-05,0.000194655745589,0.0,8.01523658307e-05,0.000255724214793,2.67174552769e-05,0.0,1.14503379758e-05,0.000118320159083,0.0,3.81677932527e-06,0.000160304731661,0.0,0.000160304731661,0.000255724214793,1.14503379758e-05,0.000133587276384,0.00013740405571,9.54194831317e-05,0.000442746401731,0.000374044373876,0.000213739642215,0.000183205407613,0.000229006759516,0.000110686600433,0.00014503761436,0.000251907435468,3.05342346022e-05,1.52671173011e-05,7.63355865054e-06,0.000103053041782,4.96181312285e-05,0.000496181312285,8.77859244812e-05,0.000198472524914,3.81677932527e-06,2.29006759516e-05,0.0,0.00041984572578,7.63355865054e-06,3.81677932527e-06,9.16027038065e-05,0.000297708787371,0.000259540994118,3.81677932527e-06,0.0,0.000125953717734,0.000606867912718,2.67174552769e-05,7.63355865054e-06,0.000179388628288,4.58013519032e-05,3.05342346022e-05,5.34349105538e-05,3.81677932527e-06,2.67174552769e-05,3.05342346022e-05,7.63355865054e-06,4.96181312285e-05,7.63355865054e-06,7.63355865054e-06,3.81677932527e-06
Gen 262
float_yankdup,integer_swap,vector_float_conj,vector_float_conc,vector_float_occurrencesof,vector_float_replacefirst,vector_float_rest,vector_float_p,vector_float_s,vector_float_r,vector_float_first,integer_fromfloat,vector_float_last,vector_float_d,float_sw,exec_yankd,vector_float_n,exec_do*tim,exec_yankdup,exec_yank,integer_mu,vector_float_remove,vector_float_fir,exec_do*vector_float,float_p,float_r,vector_float_stackdep,vector_float_dup,vector_float_subvec,float_i,exec_do*range,integer_yankd,float_m,integer_rot,float_a,float_c,float_d,integer_stackdep,float_s,vector_float_occurrences,exec_stackdepth,vector_float_swap,vector_float_reverse,float_stackdepth,float_max,exec_do*vector_flo,float_min,vector_float_rot,float_rot,exec_shove,vector_float_pushall,float_stackdep,float_sub,vector_float_sho,integer_div,integer_mult,integer_min,float_shove,integer_flush,float_inc,in1,integer_yank,integer_fromflo,vector_float_yankdup,float_ya,vector_float_butla,integer_sw,float_pop,exec_d,float_yankd,integer_max,exec_dup,exec_k,float_frominteger,float_mult,exec_noop,exec_p,exec_r,exec_s,vector_float_butlast,integer_flu,exec_y,float_mod,integer_ya,integer_yankdup,exec_stackdep,exec_do*ran,vector_float_index,vector_float_pop,exec_do*cou,vector_float_ta,vector_float_flu,float_add,exec_do*times,integer_shove,float_tan,vector_float_la,vector_float_indexof,float_sho,float_frominteg,integer_dup,vector_float_stackdepth,exec_sho,vector_float_replace,exec_swap,vector_float_rever,autoconstructive_integer_ra,exec_sw,integer_add,exec_flush,float_flu,float_cos,exec_flu,integer_mod,float_div,vector_float_leng,integer_inc,vector_float_yank,exec_rot,vector_float_flush,float_dec,vector_float_set,integer_pop,vector_float_shove,exec_pop,vector_float_take,vector_float_concat,vector_float_pusha,vector_float_ya,vector_float_remo,float_sin,autoconstructive_integer_rand,vector_float_length,exec_do*count,integer_sub,float_mu,exec_no,vector_float_re,float_dup,integer_r,integer_sho,vector_float_yankd,integer_stackdepth,integer_dec,exec,vector_float_replacefir,vector_float_nth,float_swap,vector_float_co,exec_ya,float_yank,float_flush,float_t,integer_d,integer_a,integer_m,integer_i,vector_float_subv,integer_s,integer_p,vector_float_repla,vector_float_sw
0.000532317367615,5.7034003673e-05,0.000205322413223,1.52090676461e-05,0.000201520146311,0.000110265740434,9.50566727883e-05,1.14068007346e-05,1.14068007346e-05,1.14068007346e-05,0.000129277074992,0.000262356416896,0.000102661206611,3.04181352923e-05,3.04181352923e-05,0.0,1.14068007346e-05,0.0,0.000114068007346,0.000307983619834,1.90113345577e-05,0.000133079341904,3.80226691153e-05,0.000254751883073,0.0,3.80226691153e-06,3.80226691153e-06,0.000239542815427,0.000114068007346,0.0,0.000414447093357,3.80226691153e-06,0.0,0.000136881608815,3.80226691153e-06,3.80226691153e-06,4.18249360269e-05,1.14068007346e-05,7.60453382307e-06,3.80226691153e-06,0.000680605777164,0.00032319268748,0.000220531480869,0.000262356416896,0.000121672541169,3.80226691153e-06,0.000174904277931,0.000209124680134,0.000129277074992,7.98476051422e-05,0.000730035247014,7.60453382307e-06,0.000212926947046,1.14068007346e-05,0.000269960950719,0.00022433374778,0.000102661206611,0.000174904277931,5.7034003673e-05,0.000266158683807,0.000870719122741,0.000190113345577,1.90113345577e-05,0.000269960950719,0.0,3.80226691153e-06,0.0,9.12544058768e-05,2.28136014692e-05,2.28136014692e-05,0.000425853894092,0.000155892943373,0.000159695210284,0.000631176307314,0.000190113345577,0.000114068007346,4.18249360269e-05,1.90113345577e-05,4.94294698499e-05,0.000155892943373,0.0,0.000152090676461,0.000152090676461,1.52090676461e-05,0.000319390420569,3.42204022038e-05,1.14068007346e-05,3.80226691153e-06,0.000121672541169,3.80226691153e-06,3.80226691153e-06,3.80226691153e-06,0.000129277074992,0.0001977178794,0.000266158683807,0.000182508811754,3.80226691153e-06,0.000125474808081,1.14068007346e-05,0.000129277074992,9.88589396998e-05,0.000205322413223,0.0,6.84408044076e-05,0.000216729213957,4.56272029384e-05,0.0,3.80226691153e-06,0.00014828840955,0.0,0.0,0.000129277074992,3.80226691153e-06,0.000190113345577,0.000288972285276,1.90113345577e-05,0.000117870274258,0.000163497477196,5.32317367615e-05,0.000433458427915,0.000357413089684,0.000228136014692,0.000182508811754,0.000216729213957,6.08362705845e-05,0.000106463473523,0.000254751883073,1.14068007346e-05,1.90113345577e-05,7.60453382307e-06,9.50566727883e-05,4.56272029384e-05,0.000433458427915,4.94294698499e-05,0.000216729213957,1.90113345577e-05,1.14068007346e-05,0.0,0.000326994954392,3.80226691153e-06,1.14068007346e-05,1.90113345577e-05,0.000228136014692,0.00022433374778,1.90113345577e-05,7.60453382307e-06,9.88589396998e-05,0.000509503766145,3.04181352923e-05,3.80226691153e-06,0.000110265740434,3.80226691153e-05,3.80226691153e-06,5.7034003673e-05,7.60453382307e-06,4.56272029384e-05,1.90113345577e-05,3.80226691153e-06,2.28136014692e-05,7.60453382307e-06,3.80226691153e-06,3.80226691153e-06
Gen 263
float_yankdup,integer_swap,vector_float_conj,vector_float_conc,vector_float_occurrencesof,vector_float_replacefirst,vector_float_rest,vector_float_p,vector_float_s,vector_float_r,vector_float_first,integer_fromfloat,vector_float_last,vector_float_d,float_sw,exec_yankd,vector_float_n,exec_do*tim,exec_yankdup,exec_yank,integer_mu,vector_float_remove,vector_float_fir,exec_do*vector_float,float_p,float_r,vector_float_stackdep,vector_float_dup,vector_float_subvec,float_i,exec_do*range,integer_yankd,float_m,integer_rot,float_a,float_c,float_d,integer_stackdep,float_s,vector_float_occurrences,exec_stackdepth,vector_float_swap,vector_float_reverse,float_stackdepth,float_max,exec_do*vector_flo,float_min,vector_float_rot,float_rot,exec_shove,vector_float_pushall,float_stackdep,float_sub,vector_float_sho,integer_div,integer_mult,integer_min,float_shove,integer_flush,float_inc,in1,integer_yank,integer_fromflo,vector_float_yankdup,float_ya,vector_float_butla,integer_sw,float_pop,exec_d,float_yankd,integer_max,exec_dup,exec_k,float_frominteger,float_mult,exec_noop,exec_p,exec_r,exec_s,vector_float_butlast,integer_flu,exec_y,float_mod,integer_ya,integer_yankdup,exec_stackdep,exec_do*ran,vector_float_index,vector_float_pop,exec_do*cou,vector_float_ta,vector_float_flu,float_add,exec_do*times,integer_shove,float_tan,vector_float_la,vector_float_indexof,float_sho,float_frominteg,integer_dup,vector_float_stackdepth,exec_sho,vector_float_replace,exec_swap,vector_float_rever,autoconstructive_integer_ra,exec_sw,integer_add,exec_flush,float_flu,float_cos,exec_flu,integer_mod,float_div,vector_float_leng,integer_inc,vector_float_yank,exec_rot,vector_float_flush,float_dec,vector_float_set,integer_pop,vector_float_shove,exec_pop,vector_float_take,vector_float_concat,vector_float_pusha,vector_float_ya,vector_float_remo,float_sin,autoconstructive_integer_rand,vector_float_length,exec_do*count,integer_sub,float_mu,exec_no,vector_float_re,float_dup,integer_r,integer_sho,vector_float_yankd,integer_stackdepth,integer_dec,exec,vector_float_replacefir,vector_float_nth,float_swap,vector_float_co,exec_ya,float_yank,float_flush,float_t,integer_d,integer_a,integer_m,integer_i,vector_float_subv,integer_s,integer_p,vector_float_repla,vector_float_sw
0.000515149563827,6.06058310385e-05,0.000227271866394,7.57572887981e-06,0.000204544679755,0.000132575255397,8.3333017678e-05,2.65150510794e-05,7.57572887981e-06,1.13635933197e-05,0.000124999526517,0.000329544206272,7.57572887981e-05,1.13635933197e-05,3.78786443991e-05,3.78786443991e-06,2.27271866394e-05,1.51514577596e-05,0.000147726713156,0.000299241290753,7.57572887981e-06,0.000155302442036,3.78786443991e-05,0.000303029155193,0.0,3.78786443991e-06,0.0,0.000299241290753,0.000147726713156,7.57572887981e-06,0.00040908935951,2.27271866394e-05,2.27271866394e-05,0.000170453899796,3.78786443991e-06,3.78786443991e-06,4.1666508839e-05,1.13635933197e-05,0.0,7.57572887981e-06,0.000734845701342,0.000340907799592,0.000208332544195,0.000325756341832,8.3333017678e-05,0.0,0.000272726239673,0.000253786917474,0.000121211662077,0.000102272339878,0.00080302726126,0.0,0.000196968950875,0.0,0.000257574781914,0.000208332544195,0.000136363119837,0.000212120408635,5.30301021587e-05,0.000314392748512,0.000965905432176,0.000215908273075,1.51514577596e-05,0.000306817019633,7.57572887981e-06,1.13635933197e-05,0.0,0.000102272339878,4.92422377188e-05,7.57572887981e-06,0.000484846648308,0.000257574781914,0.000147726713156,0.000628785497025,0.000306817019633,0.000155302442036,3.03029155193e-05,4.1666508839e-05,4.1666508839e-05,0.000261362646354,3.78786443991e-06,0.000162878170916,0.000174241764236,7.57572887981e-06,0.000356059257351,4.92422377188e-05,0.0,0.0,0.000178029628676,3.78786443991e-06,3.78786443991e-06,3.78786443991e-06,0.000121211662077,0.000178029628676,0.000265150510794,0.000242423324154,0.0,0.000140150984277,3.78786443991e-06,0.000178029628676,7.57572887981e-05,0.000227271866394,3.78786443991e-06,6.43936954784e-05,0.000204544679755,4.1666508839e-05,0.0,0.0,0.000159090306476,0.0,0.0,0.000166666035356,0.0,0.000223484001955,0.000295453426313,2.27271866394e-05,0.000128787390957,0.000166666035356,8.71208821179e-05,0.000473483054988,0.000352271392911,0.000261362646354,0.000151514577596,0.000208332544195,0.000117423797637,0.000136363119837,0.000249999053034,3.40907799592e-05,1.13635933197e-05,7.57572887981e-06,6.06058310385e-05,3.03029155193e-05,0.000541664614907,6.43936954784e-05,0.000242423324154,0.0,3.78786443991e-06,7.57572887981e-06,0.000303029155193,7.57572887981e-06,1.13635933197e-05,4.54543732789e-05,0.000325756341832,0.000299241290753,2.27271866394e-05,7.57572887981e-06,0.000109848068757,0.000579543259306,3.40907799592e-05,2.27271866394e-05,0.000155302442036,7.19694243582e-05,7.57572887981e-06,0.000113635933197,3.78786443991e-06,4.92422377188e-05,1.89393221995e-05,7.57572887981e-06,2.27271866394e-05,0.0,0.0,1.13635933197e-05
Gen 264
float_yankdup,integer_swap,vector_float_conj,vector_float_conc,vector_float_occurrencesof,vector_float_replacefirst,vector_float_rest,vector_float_p,vector_float_s,vector_float_r,vector_float_first,integer_fromfloat,vector_float_last,vector_float_d,float_sw,exec_yankd,vector_float_n,exec_do*tim,exec_yankdup,exec_yank,integer_mu,vector_float_remove,vector_float_fir,exec_do*vector_float,float_p,float_r,vector_float_stackdep,vector_float_dup,vector_float_subvec,float_i,exec_do*range,integer_yankd,float_m,integer_rot,float_a,float_c,float_d,integer_stackdep,float_s,vector_float_occurrences,exec_stackdepth,vector_float_swap,vector_float_reverse,float_stackdepth,float_max,exec_do*vector_flo,float_min,vector_float_rot,float_rot,exec_shove,vector_float_pushall,float_stackdep,float_sub,vector_float_sho,integer_div,integer_mult,integer_min,float_shove,integer_flush,float_inc,in1,integer_yank,integer_fromflo,vector_float_yankdup,float_ya,vector_float_butla,integer_sw,float_pop,exec_d,float_yankd,integer_max,exec_dup,exec_k,float_frominteger,float_mult,exec_noop,exec_p,exec_r,exec_s,vector_float_butlast,integer_flu,exec_y,float_mod,integer_ya,integer_yankdup,exec_stackdep,exec_do*ran,vector_float_index,vector_float_pop,exec_do*cou,vector_float_ta,vector_float_flu,float_add,exec_do*times,integer_shove,float_tan,vector_float_la,vector_float_indexof,float_sho,float_frominteg,integer_dup,vector_float_stackdepth,exec_sho,vector_float_replace,exec_swap,vector_float_rever,autoconstructive_integer_ra,exec_sw,integer_add,exec_flush,float_flu,float_cos,exec_flu,integer_mod,float_div,vector_float_leng,integer_inc,vector_float_yank,exec_rot,vector_float_flush,float_dec,vector_float_set,integer_pop,vector_float_shove,exec_pop,vector_float_take,vector_float_concat,vector_float_pusha,vector_float_ya,vector_float_remo,float_sin,autoconstructive_integer_rand,vector_float_length,exec_do*count,integer_sub,float_mu,exec_no,vector_float_re,float_dup,integer_r,integer_sho,vector_float_yankd,integer_stackdepth,integer_dec,exec,vector_float_replacefir,vector_float_nth,float_swap,vector_float_co,exec_ya,float_yank,float_flush,float_t,integer_d,integer_a,integer_m,integer_i,vector_float_subv,integer_s,integer_p,vector_float_repla,vector_float_sw
0.000479243474553,5.28299893208e-05,0.000116980690639,3.77357066577e-06,0.000199999245286,0.000158489967962,0.000109433549307,7.54714133154e-06,0.0,3.77357066577e-06,0.000173584250625,0.000256602805272,7.92449839812e-05,3.01885653262e-05,3.01885653262e-05,3.77357066577e-06,1.13207119973e-05,7.54714133154e-06,0.00012452783197,0.000275470658601,3.77357066577e-06,0.000116980690639,1.50942826631e-05,0.000324527077256,0.0,0.0,3.77357066577e-06,0.000298112082596,0.000139622114634,0.0,0.000354715642582,7.54714133154e-06,3.39621359919e-05,0.000143395685299,3.77357066577e-06,0.0,3.39621359919e-05,3.77357066577e-06,7.54714133154e-06,0.0,0.000788676269146,0.000358489213248,0.000166037109294,0.00036603635458,0.000116980690639,1.13207119973e-05,0.000233961381278,0.000260376375938,0.000162263538628,0.000109433549307,0.000735846279825,0.0,0.000233961381278,1.50942826631e-05,0.000279244229267,0.000226414239946,0.000177357821291,0.000147169255965,3.01885653262e-05,0.000245282093275,0.000916977671782,0.000199999245286,1.88678533289e-05,0.000237734951944,3.77357066577e-06,1.13207119973e-05,3.77357066577e-06,0.000105659978642,2.26414239946e-05,7.54714133154e-06,0.000566035599866,0.000230187810612,0.000241508522609,0.000622639159852,0.000218867098615,0.000120754261305,5.66035599866e-05,5.66035599866e-05,6.41507013181e-05,0.000207546386617,0.0,0.000135848543968,0.000215093527949,1.88678533289e-05,0.00029433851193,5.66035599866e-05,7.54714133154e-06,0.0,0.000150942826631,0.0,0.0,7.54714133154e-06,0.000158489967962,0.00022264066928,0.000286791370599,0.00022264066928,0.0,0.000147169255965,7.54714133154e-06,0.000150942826631,0.000150942826631,0.000233961381278,7.54714133154e-06,0.000109433549307,0.000188678533289,1.50942826631e-05,0.0,1.13207119973e-05,0.000173584250625,0.0,0.0,0.000158489967962,0.0,0.000252829234607,0.00029433851193,3.01885653262e-05,0.000105659978642,0.00019622567462,7.92449839812e-05,0.000460375621224,0.000354715642582,0.000237734951944,0.000139622114634,0.000335847789254,0.000113207119973,0.000128301402636,0.000241508522609,7.16978426497e-05,2.64149946604e-05,7.54714133154e-06,7.54714133154e-05,7.16978426497e-05,0.000554714887868,9.43392666443e-05,0.000207546386617,0.0,7.54714133154e-06,7.54714133154e-06,0.000350942071917,3.77357066577e-06,3.77357066577e-06,5.66035599866e-05,0.00036603635458,0.000347168501251,2.26414239946e-05,3.77357066577e-06,0.000128301402636,0.000611318447855,3.77357066577e-05,7.54714133154e-06,0.000192452103954,7.92449839812e-05,7.54714133154e-06,9.43392666443e-05,3.77357066577e-06,2.26414239946e-05,3.01885653262e-05,1.88678533289e-05,1.50942826631e-05,0.0,0.0,3.77357066577e-06
Gen 265
float_yankdup,integer_swap,vector_float_conj,vector_float_conc,vector_float_occurrencesof,vector_float_replacefirst,vector_float_rest,vector_float_p,vector_float_s,vector_float_r,vector_float_first,integer_fromfloat,vector_float_last,vector_float_d,float_sw,exec_yankd,vector_float_n,exec_do*tim,exec_yankdup,exec_yank,integer_mu,vector_float_remove,vector_float_fir,exec_do*vector_float,float_p,float_r,vector_float_stackdep,vector_float_dup,vector_float_subvec,float_i,exec_do*range,integer_yankd,float_m,integer_rot,float_a,float_c,float_d,integer_stackdep,float_s,vector_float_occurrences,exec_stackdepth,vector_float_swap,vector_float_reverse,float_stackdepth,float_max,exec_do*vector_flo,float_min,vector_float_rot,float_rot,exec_shove,vector_float_pushall,float_stackdep,float_sub,vector_float_sho,integer_div,integer_mult,integer_min,float_shove,integer_flush,float_inc,in1,integer_yank,integer_fromflo,vector_float_yankdup,float_ya,vector_float_butla,integer_sw,float_pop,exec_d,float_yankd,integer_max,exec_dup,exec_k,float_frominteger,float_mult,exec_noop,exec_p,exec_r,exec_s,vector_float_butlast,integer_flu,exec_y,float_mod,integer_ya,integer_yankdup,exec_stackdep,exec_do*ran,vector_float_index,vector_float_pop,exec_do*cou,vector_float_ta,vector_float_flu,float_add,exec_do*times,integer_shove,float_tan,vector_float_la,vector_float_indexof,float_sho,float_frominteg,integer_dup,vector_float_stackdepth,exec_sho,vector_float_replace,exec_swap,vector_float_rever,autoconstructive_integer_ra,exec_sw,integer_add,exec_flush,float_flu,float_cos,exec_flu,integer_mod,float_div,vector_float_leng,integer_inc,vector_float_yank,exec_rot,vector_float_flush,float_dec,vector_float_set,integer_pop,vector_float_shove,exec_pop,vector_float_take,vector_float_concat,vector_float_pusha,vector_float_ya,vector_float_remo,float_sin,autoconstructive_integer_rand,vector_float_length,exec_do*count,integer_sub,float_mu,exec_no,vector_float_re,float_dup,integer_r,integer_sho,vector_float_yankd,integer_stackdepth,integer_dec,exec,vector_float_replacefir,vector_float_nth,float_swap,vector_float_co,exec_ya,float_yank,float_flush,float_t,integer_d,integer_a,integer_m,integer_i,vector_float_subv,integer_s,integer_p,vector_float_repla,vector_float_sw
0.000533832579577,5.63907654483e-05,0.000109022146533,0.0,0.000176691065071,0.000161653527618,0.000131578452713,7.51876872643e-06,1.12781530897e-05,7.51876872643e-06,0.000195487986887,0.000236841214883,6.39095341747e-05,3.00750749057e-05,1.50375374529e-05,1.50375374529e-05,3.75938436322e-06,7.51876872643e-06,0.00010526276217,0.000229322446156,7.51876872643e-06,0.000127819068349,2.63156905425e-05,0.0003270664396,3.75938436322e-06,0.0,1.12781530897e-05,0.000296991364694,0.000127819068349,1.12781530897e-05,0.000387216589411,1.50375374529e-05,4.88719967218e-05,0.000120300299623,3.75938436322e-06,0.0,4.13532279954e-05,1.12781530897e-05,7.51876872643e-06,1.50375374529e-05,0.000819545791181,0.000357141514506,0.000233081830519,0.000285713211604,8.27064559908e-05,1.12781530897e-05,0.00022180367743,0.000251878752336,0.000180450449434,0.000109022146533,0.00073683933519,0.0,0.000191728602524,2.63156905425e-05,0.000300750749057,0.000255638136699,0.000180450449434,0.000165412911982,3.75938436322e-05,0.000240600599246,0.000984958703163,0.00021052552434,4.88719967218e-05,0.000206766139977,0.0,3.75938436322e-06,0.0,8.6465840354e-05,1.12781530897e-05,2.63156905425e-05,0.00052631381085,0.000191728602524,0.000251878752336,0.000627817188657,0.000169172296345,0.00011654091526,4.88719967218e-05,5.2631381085e-05,8.6465840354e-05,0.000233081830519,3.75938436322e-06,9.02252247172e-05,0.00021052552434,3.75938436322e-06,0.000308269517784,6.39095341747e-05,1.12781530897e-05,0.0,0.000142856605802,0.0,3.75938436322e-06,3.75938436322e-06,0.000169172296345,0.000172931680708,0.000281953827241,0.000225563061793,0.0,0.00011654091526,7.51876872643e-06,0.000146615990165,0.000172931680708,0.000184209833798,0.0,0.000112781530897,0.000165412911982,2.25563061793e-05,0.0,3.75938436322e-06,0.000146615990165,0.0,0.0,0.000139097221439,0.0,0.000225563061793,0.000255638136699,3.75938436322e-05,8.6465840354e-05,0.000225563061793,8.6465840354e-05,0.000413532279954,0.000296991364694,0.000172931680708,0.000184209833798,0.000330825823963,0.000139097221439,0.000101503377807,0.000225563061793,9.02252247172e-05,2.25563061793e-05,7.51876872643e-06,7.89470716276e-05,7.51876872643e-05,0.000507516889034,3.00750749057e-05,0.000236841214883,0.0,0.0,0.0,0.000379697820685,1.12781530897e-05,3.75938436322e-06,4.88719967218e-05,0.000428569817407,0.000300750749057,1.12781530897e-05,3.75938436322e-06,0.000135337837076,0.00052631381085,3.3834459269e-05,3.75938436322e-06,0.000150375374529,5.2631381085e-05,7.51876872643e-06,7.89470716276e-05,3.75938436322e-06,3.00750749057e-05,1.50375374529e-05,7.51876872643e-06,1.50375374529e-05,1.50375374529e-05,3.75938436322e-06,1.87969218161e-05
Gen 266
float_yankdup,integer_swap,vector_float_conj,vector_float_conc,vector_float_occurrencesof,vector_float_replacefirst,vector_float_rest,vector_float_p,vector_float_s,vector_float_r,vector_float_first,integer_fromfloat,vector_float_last,vector_float_d,float_sw,exec_yankd,vector_float_n,exec_do*tim,exec_yankdup,exec_yank,integer_mu,vector_float_remove,vector_float_fir,exec_do*vector_float,float_p,float_r,vector_float_stackdep,vector_float_dup,vector_float_subvec,float_i,exec_do*range,integer_yankd,float_m,integer_rot,float_a,float_c,float_d,integer_stackdep,float_s,vector_float_occurrences,exec_stackdepth,vector_float_swap,vector_float_reverse,float_stackdepth,float_max,exec_do*vector_flo,float_min,vector_float_rot,float_rot,exec_shove,vector_float_pushall,float_stackdep,float_sub,vector_float_sho,integer_div,integer_mult,integer_min,float_shove,integer_flush,float_inc,in1,integer_yank,integer_fromflo,vector_float_yankdup,float_ya,vector_float_butla,integer_sw,float_pop,exec_d,float_yankd,integer_max,exec_dup,exec_k,float_frominteger,float_mult,exec_noop,exec_p,exec_r,exec_s,vector_float_butlast,integer_flu,exec_y,float_mod,integer_ya,integer_yankdup,exec_stackdep,exec_do*ran,vector_float_index,vector_float_pop,exec_do*cou,vector_float_ta,vector_float_flu,float_add,exec_do*times,integer_shove,float_tan,vector_float_la,vector_float_indexof,float_sho,float_frominteg,integer_dup,vector_float_stackdepth,exec_sho,vector_float_replace,exec_swap,vector_float_rever,autoconstructive_integer_ra,exec_sw,integer_add,exec_flush,float_flu,float_cos,exec_flu,integer_mod,float_div,vector_float_leng,integer_inc,vector_float_yank,exec_rot,vector_float_flush,float_dec,vector_float_set,integer_pop,vector_float_shove,exec_pop,vector_float_take,vector_float_concat,vector_float_pusha,vector_float_ya,vector_float_remo,float_sin,autoconstructive_integer_rand,vector_float_length,exec_do*count,integer_sub,float_mu,exec_no,vector_float_re,float_dup,integer_r,integer_sho,vector_float_yankd,integer_stackdepth,integer_dec,exec,vector_float_replacefir,vector_float_nth,float_swap,vector_float_co,exec_ya,float_yank,float_flush,float_t,integer_d,integer_a,integer_m,integer_i,vector_float_subv,integer_s,integer_p,vector_float_repla,vector_float_sw
0.000419474084367,3.7453043247e-05,0.000112359129741,3.7453043247e-06,0.00018351991191,0.000138576260014,0.000131085651365,0.0,7.49060864941e-06,3.7453043247e-06,0.000172283998936,0.00024719008543,0.000104868521092,3.37077389223e-05,1.12359129741e-05,1.87265216235e-05,0.0,2.24718259482e-05,0.000149812172988,0.00024719008543,3.7453043247e-06,0.000194755824885,2.99624345976e-05,0.000408238171393,0.0,0.0,1.49812172988e-05,0.000299624345976,0.00011984973839,3.7453043247e-06,0.000277152520028,7.49060864941e-06,0.000104868521092,0.000157302781638,3.7453043247e-06,0.0,4.49436518964e-05,1.87265216235e-05,7.49060864941e-06,3.7453043247e-05,0.000745315560616,0.000232208868132,0.000157302781638,0.000322096171924,0.000108613825416,3.7453043247e-06,0.000187265216235,0.000194755824885,0.000209737042183,0.000116104434066,0.000576776866004,3.7453043247e-06,0.000250935389755,7.49060864941e-06,0.000280897824353,0.000288388433002,0.000157302781638,0.000131085651365,3.7453043247e-05,0.000205991737859,0.000853929386032,0.000138576260014,1.87265216235e-05,0.000194755824885,3.7453043247e-06,0.0,0.0,0.000108613825416,2.24718259482e-05,4.11983475717e-05,0.000453181823289,0.000176029303261,0.000194755824885,0.000580522170329,0.000161048085962,0.000138576260014,6.36701735199e-05,1.12359129741e-05,0.000104868521092,0.000262171302729,3.7453043247e-06,9.73779124423e-05,0.000116104434066,3.7453043247e-06,0.000239699476781,4.11983475717e-05,3.7453043247e-06,3.7453043247e-06,0.000138576260014,3.7453043247e-06,3.7453043247e-06,1.12359129741e-05,0.000146066868663,0.000149812172988,0.000202246433534,0.000258425998405,7.49060864941e-06,0.000194755824885,7.49060864941e-06,0.000101123216767,0.000172283998936,0.000194755824885,1.12359129741e-05,0.000146066868663,0.00012734034704,4.49436518964e-05,0.0,0.0,0.000112359129741,0.0,0.0,0.000131085651365,0.0,0.000213482346508,0.000269661911379,1.49812172988e-05,0.000116104434066,0.000179774607586,5.61795648705e-05,0.00031086025895,0.000213482346508,0.000262171302729,0.000179774607586,0.000348313302197,0.000101123216767,0.000108613825416,0.000213482346508,3.7453043247e-06,1.12359129741e-05,7.49060864941e-06,0.000123595042715,6.36701735199e-05,0.000344567997873,6.74154778447e-05,0.000161048085962,3.7453043247e-06,0.0,0.0,0.000355803910847,1.12359129741e-05,3.7453043247e-06,3.7453043247e-05,0.000385766345444,0.000205991737859,1.87265216235e-05,3.7453043247e-06,7.11607821694e-05,0.000464417736263,3.7453043247e-06,0.0,0.000220972955157,4.86889562211e-05,0.0,7.86513908188e-05,1.49812172988e-05,7.49060864941e-06,3.37077389223e-05,0.0,0.0,3.7453043247e-06,0.0,1.12359129741e-05
Gen 267
float_yankdup,integer_swap,vector_float_conj,vector_float_conc,vector_float_occurrencesof,vector_float_replacefirst,vector_float_rest,vector_float_p,vector_float_s,vector_float_r,vector_float_first,integer_fromfloat,vector_float_last,vector_float_d,float_sw,exec_yankd,vector_float_n,exec_do*tim,exec_yankdup,exec_yank,integer_mu,vector_float_remove,vector_float_fir,exec_do*vector_float,float_p,float_r,vector_float_stackdep,vector_float_dup,vector_float_subvec,float_i,exec_do*range,integer_yankd,float_m,integer_rot,float_a,float_c,float_d,integer_stackdep,float_s,vector_float_occurrences,exec_stackdepth,vector_float_swap,vector_float_reverse,float_stackdepth,float_max,exec_do*vector_flo,float_min,vector_float_rot,float_rot,exec_shove,vector_float_pushall,float_stackdep,float_sub,vector_float_sho,integer_div,integer_mult,integer_min,float_shove,integer_flush,float_inc,in1,integer_yank,integer_fromflo,vector_float_yankdup,float_ya,vector_float_butla,integer_sw,float_pop,exec_d,float_yankd,integer_max,exec_dup,exec_k,float_frominteger,float_mult,exec_noop,exec_p,exec_r,exec_s,vector_float_butlast,integer_flu,exec_y,float_mod,integer_ya,integer_yankdup,exec_stackdep,exec_do*ran,vector_float_index,vector_float_pop,exec_do*cou,vector_float_ta,vector_float_flu,float_add,exec_do*times,integer_shove,float_tan,vector_float_la,vector_float_indexof,float_sho,float_frominteg,integer_dup,vector_float_stackdepth,exec_sho,vector_float_replace,exec_swap,vector_float_rever,autoconstructive_integer_ra,exec_sw,integer_add,exec_flush,float_flu,float_cos,exec_flu,integer_mod,float_div,vector_float_leng,integer_inc,vector_float_yank,exec_rot,vector_float_flush,float_dec,vector_float_set,integer_pop,vector_float_shove,exec_pop,vector_float_take,vector_float_concat,vector_float_pusha,vector_float_ya,vector_float_remo,float_sin,autoconstructive_integer_rand,vector_float_length,exec_do*count,integer_sub,float_mu,exec_no,vector_float_re,float_dup,integer_r,integer_sho,vector_float_yankd,integer_stackdepth,integer_dec,exec,vector_float_replacefir,vector_float_nth,float_swap,vector_float_co,exec_ya,float_yank,float_flush,float_t,integer_d,integer_a,integer_m,integer_i,vector_float_subv,integer_s,integer_p,vector_float_repla,vector_float_sw
0.000477610158171,3.73132936071e-05,0.000111939880821,0.0,0.000164178491871,0.000115671210182,7.46265872142e-05,3.73132936071e-06,0.0,3.73132936071e-06,0.00026119305525,0.000216417102921,8.20892459356e-05,2.6119305525e-05,1.49253174428e-05,3.73132936071e-06,0.0,7.46265872142e-06,0.000152984503789,0.000320894325021,3.73132936071e-06,0.000179103809314,2.6119305525e-05,0.000391789582875,3.73132936071e-06,0.0,3.35819642464e-05,0.000268655713971,0.000100745892739,1.11939880821e-05,0.000298506348857,3.73132936071e-06,4.85072816892e-05,0.000111939880821,0.0,3.73132936071e-06,4.47759523285e-05,7.46265872142e-06,7.46265872142e-06,2.98506348857e-05,0.000794773153832,0.000268655713971,0.000152984503789,0.000298506348857,9.70145633785e-05,3.35819642464e-05,0.000179103809314,0.000242536408446,0.000197760456118,0.000111939880821,0.000589550038992,0.0,0.000249999067168,3.73132936071e-06,0.000309700336939,0.000305969007578,0.000141790515707,0.000145521845068,4.10446229678e-05,0.000164178491871,0.000809698471274,0.000175372479953,2.98506348857e-05,0.000182835138675,3.73132936071e-06,7.46265872142e-06,3.73132936071e-06,0.000160447162511,1.49253174428e-05,2.6119305525e-05,0.000485072816892,0.000257461725889,0.000179103809314,0.000608206685796,0.000182835138675,0.000111939880821,2.6119305525e-05,1.11939880821e-05,0.000123133868903,0.000182835138675,3.73132936071e-06,0.000108208551461,0.000108208551461,3.73132936071e-06,0.000249999067168,7.08952578535e-05,7.46265872142e-06,3.73132936071e-06,0.000138059186346,3.73132936071e-06,0.0,1.49253174428e-05,8.95519046571e-05,0.000126865198264,0.000190297797396,0.000249999067168,3.73132936071e-06,0.000238805079086,3.73132936071e-06,0.000164178491871,0.000175372479953,0.000212685773561,0.0,0.000175372479953,0.000175372479953,2.6119305525e-05,0.0,3.73132936071e-06,9.70145633785e-05,0.0,0.0,0.000141790515707,0.0,0.000205223114839,0.000190297797396,2.98506348857e-05,0.00015671583315,0.000152984503789,5.223861105e-05,0.000384326924153,0.000220148432282,0.000249999067168,0.000231342420364,0.000347013630546,8.20892459356e-05,4.47759523285e-05,0.000238805079086,1.11939880821e-05,0.0,3.73132936071e-06,6.34325991321e-05,8.58205752964e-05,0.000298506348857,8.58205752964e-05,0.000171641150593,0.0,7.46265872142e-06,7.46265872142e-06,0.000391789582875,3.73132936071e-06,3.73132936071e-06,3.35819642464e-05,0.000384326924153,0.000283581031414,7.46265872142e-06,0.0,3.35819642464e-05,0.000425371547121,0.0,7.46265872142e-06,0.000227611091003,7.08952578535e-05,1.11939880821e-05,9.32832340178e-05,0.0,2.98506348857e-05,3.73132936071e-05,1.11939880821e-05,0.0,3.73132936071e-06,3.73132936071e-06,3.73132936071e-06
Gen 268
float_yankdup,integer_swap,vector_float_conj,vector_float_conc,vector_float_occurrencesof,vector_float_replacefirst,vector_float_rest,vector_float_p,vector_float_s,vector_float_r,vector_float_first,integer_fromfloat,vector_float_last,vector_float_d,float_sw,exec_yankd,vector_float_n,exec_do*tim,exec_yankdup,exec_yank,integer_mu,vector_float_remove,vector_float_fir,exec_do*vector_float,float_p,float_r,vector_float_stackdep,vector_float_dup,vector_float_subvec,float_i,exec_do*range,integer_yankd,float_m,integer_rot,float_a,float_c,float_d,integer_stackdep,float_s,vector_float_occurrences,exec_stackdepth,vector_float_swap,vector_float_reverse,float_stackdepth,float_max,exec_do*vector_flo,float_min,vector_float_rot,float_rot,exec_shove,vector_float_pushall,float_stackdep,float_sub,vector_float_sho,integer_div,integer_mult,integer_min,float_shove,integer_flush,float_inc,in1,integer_yank,integer_fromflo,vector_float_yankdup,float_ya,vector_float_butla,integer_sw,float_pop,exec_d,float_yankd,integer_max,exec_dup,exec_k,float_frominteger,float_mult,exec_noop,exec_p,exec_r,exec_s,vector_float_butlast,integer_flu,exec_y,float_mod,integer_ya,integer_yankdup,exec_stackdep,exec_do*ran,vector_float_index,vector_float_pop,exec_do*cou,vector_float_ta,vector_float_flu,float_add,exec_do*times,integer_shove,float_tan,vector_float_la,vector_float_indexof,float_sho,float_frominteg,integer_dup,vector_float_stackdepth,exec_sho,vector_float_replace,exec_swap,vector_float_rever,autoconstructive_integer_ra,exec_sw,integer_add,exec_flush,float_flu,float_cos,exec_flu,integer_mod,float_div,vector_float_leng,integer_inc,vector_float_yank,exec_rot,vector_float_flush,float_dec,vector_float_set,integer_pop,vector_float_shove,exec_pop,vector_float_take,vector_float_concat,vector_float_pusha,vector_float_ya,vector_float_remo,float_sin,autoconstructive_integer_rand,vector_float_length,exec_do*count,integer_sub,float_mu,exec_no,vector_float_re,float_dup,integer_r,integer_sho,vector_float_yankd,integer_stackdepth,integer_dec,exec,vector_float_replacefir,vector_float_nth,float_swap,vector_float_co,exec_ya,float_yank,float_flush,float_t,integer_d,integer_a,integer_m,integer_i,vector_float_subv,integer_s,integer_p,vector_float_repla,vector_float_sw
0.000453529912528,4.83269578923e-05,0.000122676123881,1.11523748982e-05,0.000104088832384,0.000152415790276,9.66539157847e-05,0.0,0.0,3.71745829941e-06,0.000156133248575,0.00025278716436,0.000130111040479,3.34571246947e-05,1.11523748982e-05,1.11523748982e-05,0.0,7.43491659882e-06,0.000197025289869,0.000230482414564,3.71745829941e-06,0.000118958665581,1.85872914971e-05,0.000345723621845,0.0,7.43491659882e-06,3.71745829941e-05,0.000185872914971,0.000107806290683,3.71745829941e-06,0.000286244289055,0.0,4.46094995929e-05,9.29364574853e-05,0.0,7.43491659882e-06,7.06317076888e-05,1.11523748982e-05,3.71745829941e-06,3.71745829941e-06,0.00069516470199,0.000226764956264,0.000159850706875,0.000312266497151,9.29364574853e-05,1.48698331976e-05,0.000111523748982,0.000167285623474,0.000163568165174,7.06317076888e-05,0.000557618744912,7.43491659882e-06,0.000167285623474,1.48698331976e-05,0.000267656997558,0.000167285623474,8.92189991859e-05,0.000137545957078,2.97396663953e-05,0.000178437998372,0.000776948784577,0.00018959037327,4.46094995929e-05,0.000152415790276,3.71745829941e-06,3.71745829941e-06,0.0,0.000104088832384,2.60222080959e-05,2.60222080959e-05,0.000427507704432,0.000152415790276,0.00012639358218,0.000542748911714,0.000193307831569,0.000104088832384,2.60222080959e-05,3.71745829941e-06,4.46094995929e-05,0.000178437998372,7.43491659882e-06,7.80666242876e-05,8.55015408865e-05,1.11523748982e-05,0.000245352247761,5.57618744912e-05,0.0,3.71745829941e-06,0.000159850706875,7.43491659882e-06,0.0,3.71745829941e-06,8.92189991859e-05,0.000219330039665,0.000182155456671,0.000256504622659,0.0,0.000178437998372,0.0,0.000163568165174,0.00012639358218,0.000208177664767,0.0,0.000163568165174,0.000118958665581,2.60222080959e-05,0.0,0.0,5.94793327906e-05,7.43491659882e-06,0.0,0.000130111040479,0.0,0.000185872914971,0.000182155456671,2.60222080959e-05,0.000122676123881,0.000156133248575,5.57618744912e-05,0.000282526830755,0.000152415790276,0.000237917331162,0.000174720540072,0.000338288705246,6.319679109e-05,3.34571246947e-05,0.000174720540072,1.11523748982e-05,3.71745829941e-06,1.11523748982e-05,6.69142493894e-05,4.83269578923e-05,0.000312266497151,0.000148698331976,0.000133828498779,0.0,3.71745829941e-06,0.0,0.000394050579738,3.71745829941e-06,1.11523748982e-05,5.20444161918e-05,0.000301114122252,0.000182155456671,0.0,3.71745829941e-06,4.83269578923e-05,0.000486987037223,0.0,0.0,0.000167285623474,5.57618744912e-05,7.43491659882e-06,5.94793327906e-05,0.0,2.97396663953e-05,3.71745829941e-05,7.43491659882e-06,3.71745829941e-06,0.0,0.0,7.43491659882e-06
Gen 269
float_yankdup,integer_swap,vector_float_conj,vector_float_conc,vector_float_occurrencesof,vector_float_replacefirst,vector_float_rest,vector_float_p,vector_float_s,vector_float_r,vector_float_first,integer_fromfloat,vector_float_last,vector_float_d,float_sw,exec_yankd,vector_float_n,exec_do*tim,exec_yankdup,exec_yank,integer_mu,vector_float_remove,vector_float_fir,exec_do*vector_float,float_p,float_r,vector_float_stackdep,vector_float_dup,vector_float_subvec,float_i,exec_do*range,integer_yankd,float_m,integer_rot,float_a,float_c,float_d,integer_stackdep,float_s,vector_float_occurrences,exec_stackdepth,vector_float_swap,vector_float_reverse,float_stackdepth,float_max,exec_do*vector_flo,float_min,vector_float_rot,float_rot,exec_shove,vector_float_pushall,float_stackdep,float_sub,vector_float_sho,integer_div,integer_mult,integer_min,float_shove,integer_flush,float_inc,in1,integer_yank,integer_fromflo,vector_float_yankdup,float_ya,vector_float_butla,integer_sw,float_pop,exec_d,float_yankd,integer_max,exec_dup,exec_k,float_frominteger,float_mult,exec_noop,exec_p,exec_r,exec_s,vector_float_butlast,integer_flu,exec_y,float_mod,integer_ya,integer_yankdup,exec_stackdep,exec_do*ran,vector_float_index,vector_float_pop,exec_do*cou,vector_float_ta,vector_float_flu,float_add,exec_do*times,integer_shove,float_tan,vector_float_la,vector_float_indexof,float_sho,float_frominteg,integer_dup,vector_float_stackdepth,exec_sho,vector_float_replace,exec_swap,vector_float_rever,autoconstructive_integer_ra,exec_sw,integer_add,exec_flush,float_flu,float_cos,exec_flu,integer_mod,float_div,vector_float_leng,integer_inc,vector_float_yank,exec_rot,vector_float_flush,float_dec,vector_float_set,integer_pop,vector_float_shove,exec_pop,vector_float_take,vector_float_concat,vector_float_pusha,vector_float_ya,vector_float_remo,float_sin,autoconstructive_integer_rand,vector_float_length,exec_do*count,integer_sub,float_mu,exec_no,vector_float_re,float_dup,integer_r,integer_sho,vector_float_yankd,integer_stackdepth,integer_dec,exec,vector_float_replacefir,vector_float_nth,float_swap,vector_float_co,exec_ya,float_yank,float_flush,float_t,integer_d,integer_a,integer_m,integer_i,vector_float_subv,integer_s,integer_p,vector_float_repla,vector_float_sw
0.000388887448565,3.3333209877e-05,0.000174073429358,3.70368998633e-06,8.8888559672e-05,9.25922496583e-05,7.03701097403e-05,0.0,3.70368998633e-06,7.40737997267e-06,0.000148147599453,0.000255554609057,9.9999629631e-05,1.1111069959e-05,1.1111069959e-05,0.0,1.1111069959e-05,1.1111069959e-05,0.000166666049385,0.00018148080933,0.0,8.8888559672e-05,1.85184499317e-05,0.000248147229084,3.70368998633e-06,0.0,1.85184499317e-05,0.000125925459535,0.000129629149522,3.70368998633e-06,0.00022222139918,3.70368998633e-06,1.1111069959e-05,8.51848696857e-05,3.70368998633e-06,0.0,5.5555349795e-05,3.70368998633e-06,1.48147599453e-05,1.1111069959e-05,0.000588886707827,0.000170369739371,0.000129629149522,0.000266665679016,7.7777489713e-05,2.96295198907e-05,0.000114814389576,0.000140740219481,0.000162962359399,7.40737997267e-05,0.000507405528128,1.48147599453e-05,0.000133332839508,3.70368998633e-06,0.000218517709194,0.000133332839508,7.03701097403e-05,0.000118518079563,2.59258299043e-05,0.000122221769549,0.000685182647472,0.000162962359399,2.59258299043e-05,0.000133332839508,3.70368998633e-06,1.1111069959e-05,0.0,8.51848696857e-05,1.85184499317e-05,2.2222139918e-05,0.00033333209877,0.000114814389576,8.8888559672e-05,0.000481479698223,0.00015185128944,9.25922496583e-05,2.2222139918e-05,7.40737997267e-06,7.40737997267e-05,0.000122221769549,0.0,6.29627297677e-05,9.62959396447e-05,2.2222139918e-05,0.000233332469139,7.40737997267e-05,0.0,7.40737997267e-06,8.14811796993e-05,0.0,3.70368998633e-06,3.70368998633e-06,6.6666419754e-05,0.000170369739371,0.000144443909467,0.00018148080933,0.0,0.000148147599453,0.0,0.00011111069959,0.00015185128944,0.000185184499317,0.0,0.000125925459535,0.000129629149522,2.2222139918e-05,0.0,3.70368998633e-06,7.7777489713e-05,7.40737997267e-06,0.0,0.000107407009604,0.0,0.000125925459535,0.00011111069959,1.48147599453e-05,0.00011111069959,0.000155554979426,3.70368998633e-05,0.000251850919071,0.000159258669412,0.000170369739371,0.000144443909467,0.00026296198903,5.18516598087e-05,4.4444279836e-05,0.000170369739371,3.70368998633e-06,1.1111069959e-05,0.0,4.81479698223e-05,4.07405898497e-05,0.000259258299043,0.000129629149522,0.000125925459535,1.48147599453e-05,1.1111069959e-05,1.1111069959e-05,0.00033333209877,0.0,1.1111069959e-05,2.59258299043e-05,0.000218517709194,0.000196295569276,7.40737997267e-06,0.0,5.5555349795e-05,0.000392591138551,0.0,3.70368998633e-06,0.000137036529494,4.07405898497e-05,3.70368998633e-06,4.81479698223e-05,0.0,1.48147599453e-05,2.96295198907e-05,3.70368998633e-06,0.0,0.0,3.70368998633e-06,3.70368998633e-06
Gen 270
float_yankdup,integer_swap,vector_float_conj,vector_float_conc,vector_float_occurrencesof,vector_float_replacefirst,vector_float_rest,vector_float_p,vector_float_s,vector_float_r,vector_float_first,integer_fromfloat,vector_float_last,vector_float_d,float_sw,exec_yankd,vector_float_n,exec_do*tim,exec_yankdup,exec_yank,integer_mu,vector_float_remove,vector_float_fir,exec_do*vector_float,float_p,float_r,vector_float_stackdep,vector_float_dup,vector_float_subvec,float_i,exec_do*range,integer_yankd,float_m,integer_rot,float_a,float_c,float_d,integer_stackdep,float_s,vector_float_occurrences,exec_stackdepth,vector_float_swap,vector_float_reverse,float_stackdepth,float_max,exec_do*vector_flo,float_min,vector_float_rot,float_rot,exec_shove,vector_float_pushall,float_stackdep,float_sub,vector_float_sho,integer_div,integer_mult,integer_min,float_shove,integer_flush,float_inc,in1,integer_yank,integer_fromflo,vector_float_yankdup,float_ya,vector_float_butla,integer_sw,float_pop,exec_d,float_yankd,integer_max,exec_dup,exec_k,float_frominteger,float_mult,exec_noop,exec_p,exec_r,exec_s,vector_float_butlast,integer_flu,exec_y,float_mod,integer_ya,integer_yankdup,exec_stackdep,exec_do*ran,vector_float_index,vector_float_pop,exec_do*cou,vector_float_ta,vector_float_flu,float_add,exec_do*times,integer_shove,float_tan,vector_float_la,vector_float_indexof,float_sho,float_frominteg,integer_dup,vector_float_stackdepth,exec_sho,vector_float_replace,exec_swap,vector_float_rever,autoconstructive_integer_ra,exec_sw,integer_add,exec_flush,float_flu,float_cos,exec_flu,integer_mod,float_div,vector_float_leng,integer_inc,vector_float_yank,exec_rot,vector_float_flush,float_dec,vector_float_set,integer_pop,vector_float_shove,exec_pop,vector_float_take,vector_float_concat,vector_float_pusha,vector_float_ya,vector_float_remo,float_sin,autoconstructive_integer_rand,vector_float_length,exec_do*count,integer_sub,float_mu,exec_no,vector_float_re,float_dup,integer_r,integer_sho,vector_float_yankd,integer_stackdepth,integer_dec,exec,vector_float_replacefir,vector_float_nth,float_swap,vector_float_co,exec_ya,float_yank,float_flush,float_t,integer_d,integer_a,integer_m,integer_i,vector_float_subv,integer_s,integer_p,vector_float_repla,vector_float_sw
0.000416972631097,7.7490488965e-05,0.00019188121077,3.69002328405e-06,8.48705355331e-05,0.000166051047782,4.79703026926e-05,0.0,0.0,0.0,0.000195571234054,0.000273061723019,0.000103320651953,1.10700698521e-05,0.0,7.38004656809e-06,0.0,3.69002328405e-06,0.000151290954646,0.000206641303907,0.0,8.85605588171e-05,2.21401397043e-05,0.000287821816156,3.69002328405e-06,3.69002328405e-06,2.21401397043e-05,0.000184501164202,0.00017343109435,3.69002328405e-06,0.000261991653167,7.38004656809e-06,4.42802794086e-05,8.85605588171e-05,3.69002328405e-06,0.0,5.90403725448e-05,7.38004656809e-06,1.84501164202e-05,3.69002328405e-06,0.000719554540389,0.000221401397043,8.48705355331e-05,0.000306271932576,0.000125460791658,2.95201862724e-05,0.000143910908078,0.00015498097793,0.000180811140918,9.96306286693e-05,0.000649444097992,1.10700698521e-05,0.000158671001214,3.69002328405e-06,0.000228781443611,0.000143910908078,0.000107010675237,0.00015498097793,2.21401397043e-05,0.00019188121077,0.000815495145774,0.000166051047782,2.58301629883e-05,0.000199261257339,1.10700698521e-05,4.05902561245e-05,3.69002328405e-06,0.000114390721805,1.84501164202e-05,4.05902561245e-05,0.000350552211984,0.000151290954646,0.000140220884794,0.000549813469323,0.000151290954646,8.1180512249e-05,1.84501164202e-05,2.58301629883e-05,8.48705355331e-05,0.000143910908078,0.0,8.1180512249e-05,9.22505821012e-05,1.47600931362e-05,0.000184501164202,7.01104423969e-05,0.0,7.38004656809e-06,8.48705355331e-05,0.0,0.0,1.10700698521e-05,0.000132840838226,0.000206641303907,0.000143910908078,0.000232471466895,0.0,0.000195571234054,3.69002328405e-06,0.000132840838226,0.000202951280623,0.000199261257339,3.69002328405e-06,0.00011808074509,0.000132840838226,1.10700698521e-05,0.0,0.0,7.7490488965e-05,7.38004656809e-06,3.69002328405e-06,0.000110700698521,0.0,0.000180811140918,0.000132840838226,1.47600931362e-05,0.000125460791658,0.000177121117634,6.64204191128e-05,0.000254611606599,0.000188191187486,0.000180811140918,0.000121770768374,0.000317342002428,7.7490488965e-05,4.05902561245e-05,0.000169741071066,1.84501164202e-05,3.69002328405e-06,1.10700698521e-05,6.27303958288e-05,0.000114390721805,0.000295201862724,0.000129150814942,0.00015498097793,3.69002328405e-06,3.69002328405e-06,3.69002328405e-06,0.000369002328405,3.69002328405e-06,0.0,3.32102095564e-05,0.000321032025712,0.000254611606599,1.10700698521e-05,0.0,7.01104423969e-05,0.000380072398257,0.0,3.69002328405e-06,0.000162361024498,5.90403725448e-05,0.0,6.27303958288e-05,3.69002328405e-06,4.05902561245e-05,3.32102095564e-05,2.21401397043e-05,7.38004656809e-06,7.38004656809e-06,7.38004656809e-06,3.69002328405e-06
Gen 271
float_yankdup,integer_swap,vector_float_conj,vector_float_conc,vector_float_occurrencesof,vector_float_replacefirst,vector_float_rest,vector_float_p,vector_float_s,vector_float_r,vector_float_first,integer_fromfloat,vector_float_last,vector_float_d,float_sw,exec_yankd,vector_float_n,exec_do*tim,exec_yankdup,exec_yank,integer_mu,vector_float_remove,vector_float_fir,exec_do*vector_float,float_p,float_r,vector_float_stackdep,vector_float_dup,vector_float_subvec,float_i,exec_do*range,integer_yankd,float_m,integer_rot,float_a,float_c,float_d,integer_stackdep,float_s,vector_float_occurrences,exec_stackdepth,vector_float_swap,vector_float_reverse,float_stackdepth,float_max,exec_do*vector_flo,float_min,vector_float_rot,float_rot,exec_shove,vector_float_pushall,float_stackdep,float_sub,vector_float_sho,integer_div,integer_mult,integer_min,float_shove,integer_flush,float_inc,in1,integer_yank,integer_fromflo,vector_float_yankdup,float_ya,vector_float_butla,integer_sw,float_pop,exec_d,float_yankd,integer_max,exec_dup,exec_k,float_frominteger,float_mult,exec_noop,exec_p,exec_r,exec_s,vector_float_butlast,integer_flu,exec_y,float_mod,integer_ya,integer_yankdup,exec_stackdep,exec_do*ran,vector_float_index,vector_float_pop,exec_do*cou,vector_float_ta,vector_float_flu,float_add,exec_do*times,integer_shove,float_tan,vector_float_la,vector_float_indexof,float_sho,float_frominteg,integer_dup,vector_float_stackdepth,exec_sho,vector_float_replace,exec_swap,vector_float_rever,autoconstructive_integer_ra,exec_sw,integer_add,exec_flush,float_flu,float_cos,exec_flu,integer_mod,float_div,vector_float_leng,integer_inc,vector_float_yank,exec_rot,vector_float_flush,float_dec,vector_float_set,integer_pop,vector_float_shove,exec_pop,vector_float_take,vector_float_concat,vector_float_pusha,vector_float_ya,vector_float_remo,float_sin,autoconstructive_integer_rand,vector_float_length,exec_do*count,integer_sub,float_mu,exec_no,vector_float_re,float_dup,integer_r,integer_sho,vector_float_yankd,integer_stackdepth,integer_dec,exec,vector_float_replacefir,vector_float_nth,float_swap,vector_float_co,exec_ya,float_yank,float_flush,float_t,integer_d,integer_a,integer_m,integer_i,vector_float_subv,integer_s,integer_p,vector_float_repla,vector_float_sw
0.000389704449616,4.04410277903e-05,0.000110293712155,7.3529141437e-06,5.88233131496e-05,9.92643409399e-05,6.24997702214e-05,3.67645707185e-06,0.0,0.0,0.00019852868188,0.000286763651604,9.55878838681e-05,3.67645707185e-06,7.3529141437e-06,1.83822853592e-05,0.0,7.3529141437e-06,0.000143381825802,0.000235293252598,7.3529141437e-06,0.000113970169227,2.94116565748e-05,0.000275734280389,0.0,0.0,1.83822853592e-05,0.00019852868188,0.000150734739946,1.83822853592e-05,0.000286763651604,3.67645707185e-06,2.20587424311e-05,7.72055985088e-05,3.67645707185e-06,0.0,4.04410277903e-05,7.3529141437e-06,1.83822853592e-05,0.0,0.000643379987574,0.000205881596024,0.000121323083371,0.000216910967239,5.88233131496e-05,1.47058282874e-05,0.000110293712155,0.000154411197018,0.000132352454587,5.51468560777e-05,0.000584556674424,1.47058282874e-05,0.000154411197018,1.10293712155e-05,0.000161764111161,0.000165440568233,0.000117646626299,8.45585126525e-05,2.20587424311e-05,0.000172793482377,0.000746320785585,0.000147058282874,3.30881136466e-05,0.000136028911658,3.67645707185e-06,3.67645707185e-05,7.3529141437e-06,5.51468560777e-05,1.10293712155e-05,4.04410277903e-05,0.000463233591053,0.000205881596024,9.92643409399e-05,0.000441174848622,0.000220587424311,5.51468560777e-05,4.04410277903e-05,2.57351995029e-05,8.08820555807e-05,0.00015808765409,0.0,5.14703990059e-05,6.61762272933e-05,2.20587424311e-05,0.00023896970967,5.14703990059e-05,0.0,1.10293712155e-05,7.72055985088e-05,0.0,0.0,1.47058282874e-05,5.14703990059e-05,0.000154411197018,0.000150734739946,0.000227940338455,0.0,0.000121323083371,0.0,0.000161764111161,0.000143381825802,0.000242646166742,3.67645707185e-06,0.000124999540443,9.19114267962e-05,1.47058282874e-05,3.67645707185e-06,0.0,6.61762272933e-05,0.0,3.67645707185e-06,9.19114267962e-05,0.0,0.000165440568233,0.000172793482377,1.47058282874e-05,0.000143381825802,0.000132352454587,4.41174848622e-05,0.000272057823317,0.000117646626299,0.000150734739946,0.000143381825802,0.000264704909173,8.82349697244e-05,5.51468560777e-05,0.000110293712155,7.3529141437e-06,1.10293712155e-05,0.0,1.47058282874e-05,5.51468560777e-05,0.000264704909173,0.000110293712155,9.19114267962e-05,7.3529141437e-06,7.3529141437e-06,0.0,0.000356616335969,3.67645707185e-06,3.67645707185e-06,3.30881136466e-05,0.000404410277903,0.000220587424311,3.67645707185e-06,7.3529141437e-06,1.83822853592e-05,0.000411763192047,3.67645707185e-06,0.0,0.000121323083371,0.000124999540443,3.67645707185e-06,0.000102940798012,3.67645707185e-06,1.10293712155e-05,1.47058282874e-05,3.30881136466e-05,3.67645707185e-06,3.67645707185e-06,0.0,3.67645707185e-06
Gen 272
float_yankdup,integer_swap,vector_float_conj,vector_float_conc,vector_float_occurrencesof,vector_float_replacefirst,vector_float_rest,vector_float_p,vector_float_s,vector_float_r,vector_float_first,integer_fromfloat,vector_float_last,vector_float_d,float_sw,exec_yankd,vector_float_n,exec_do*tim,exec_yankdup,exec_yank,integer_mu,vector_float_remove,vector_float_fir,exec_do*vector_float,float_p,float_r,vector_float_stackdep,vector_float_dup,vector_float_subvec,float_i,exec_do*range,integer_yankd,float_m,integer_rot,float_a,float_c,float_d,integer_stackdep,float_s,vector_float_occurrences,exec_stackdepth,vector_float_swap,vector_float_reverse,float_stackdepth,float_max,exec_do*vector_flo,float_min,vector_float_rot,float_rot,exec_shove,vector_float_pushall,float_stackdep,float_sub,vector_float_sho,integer_div,integer_mult,integer_min,float_shove,integer_flush,float_inc,in1,integer_yank,integer_fromflo,vector_float_yankdup,float_ya,vector_float_butla,integer_sw,float_pop,exec_d,float_yankd,integer_max,exec_dup,exec_k,float_frominteger,float_mult,exec_noop,exec_p,exec_r,exec_s,vector_float_butlast,integer_flu,exec_y,float_mod,integer_ya,integer_yankdup,exec_stackdep,exec_do*ran,vector_float_index,vector_float_pop,exec_do*cou,vector_float_ta,vector_float_flu,float_add,exec_do*times,integer_shove,float_tan,vector_float_la,vector_float_indexof,float_sho,float_frominteg,integer_dup,vector_float_stackdepth,exec_sho,vector_float_replace,exec_swap,vector_float_rever,autoconstructive_integer_ra,exec_sw,integer_add,exec_flush,float_flu,float_cos,exec_flu,integer_mod,float_div,vector_float_leng,integer_inc,vector_float_yank,exec_rot,vector_float_flush,float_dec,vector_float_set,integer_pop,vector_float_shove,exec_pop,vector_float_take,vector_float_concat,vector_float_pusha,vector_float_ya,vector_float_remo,float_sin,autoconstructive_integer_rand,vector_float_length,exec_do*count,integer_sub,float_mu,exec_no,vector_float_re,float_dup,integer_r,integer_sho,vector_float_yankd,integer_stackdepth,integer_dec,exec,vector_float_replacefir,vector_float_nth,float_swap,vector_float_co,exec_ya,float_yank,float_flush,float_t,integer_d,integer_a,integer_m,integer_i,vector_float_subv,integer_s,integer_p,vector_float_repla,vector_float_sw
0.000377287995282,6.22708341728e-05,7.69227951546e-05,3.66299024546e-06,9.52377463819e-05,8.05857854001e-05,2.56409317182e-05,0.0,7.32598049091e-06,3.66299024546e-06,0.000153845590309,0.000252746326937,0.000106226717118,3.66299024546e-06,1.83149512273e-05,7.32598049091e-06,0.0,0.0,9.15747561364e-05,0.000168497551291,0.0,9.89007366273e-05,1.46519609818e-05,0.0002014644635,0.0,7.32598049091e-06,2.19779414727e-05,0.000172160541536,0.000172160541536,2.93039219637e-05,0.000175823531782,7.32598049091e-06,1.09889707364e-05,6.95968146637e-05,0.0,0.0,4.02928927e-05,1.46519609818e-05,3.66299024546e-06,0.0,0.000589741429519,0.000216116424482,8.05857854001e-05,0.000223442404973,5.49448536819e-05,2.56409317182e-05,0.000117215687855,0.000150182600064,0.000128204658591,3.66299024546e-05,0.000527470595346,1.09889707364e-05,0.000146519609818,1.46519609818e-05,0.000252746326937,0.000175823531782,0.000109889707364,0.000109889707364,2.93039219637e-05,0.000128204658591,0.0006446862832,0.000106226717118,1.46519609818e-05,0.000128204658591,3.66299024546e-06,1.09889707364e-05,7.32598049091e-06,4.76188731909e-05,2.19779414727e-05,4.02928927e-05,0.000351647063564,0.000153845590309,7.32598049091e-05,0.000461536770928,0.000168497551291,5.12818634364e-05,1.83149512273e-05,4.39558829455e-05,7.69227951546e-05,0.000139193629327,0.0,5.49448536819e-05,5.49448536819e-05,3.66299024546e-06,0.0001611715708,2.19779414727e-05,7.32598049091e-06,0.0,8.7911765891e-05,0.0,3.66299024546e-06,0.0,4.39558829455e-05,0.000102563726873,9.89007366273e-05,0.000142856619573,1.09889707364e-05,0.000109889707364,3.66299024546e-06,8.7911765891e-05,0.000194138483009,0.000164834561046,3.66299024546e-06,8.7911765891e-05,8.7911765891e-05,2.56409317182e-05,3.29669122091e-05,7.32598049091e-06,5.86078439273e-05,3.66299024546e-06,7.32598049091e-06,9.89007366273e-05,0.0,0.000223442404973,0.000157508580555,3.66299024546e-06,0.000117215687855,0.0001208786781,6.22708341728e-05,0.000260072307427,0.000106226717118,0.000146519609818,8.42487756455e-05,0.000274724268409,0.000117215687855,5.12818634364e-05,6.22708341728e-05,1.46519609818e-05,0.0,3.66299024546e-06,2.93039219637e-05,4.39558829455e-05,0.000238094365955,0.000113552697609,0.000109889707364,7.32598049091e-06,3.66299024546e-06,0.0,0.0003223431416,3.66299024546e-06,0.0,1.83149512273e-05,0.0003626360343,0.000219779414727,3.66299024546e-06,0.0,7.32598049091e-06,0.000377287995282,7.32598049091e-06,7.32598049091e-06,0.000113552697609,6.95968146637e-05,3.66299024546e-06,0.000109889707364,0.0,1.09889707364e-05,2.93039219637e-05,5.49448536819e-05,7.32598049091e-06,7.32598049091e-06,3.66299024546e-06,3.66299024546e-06
Gen 273
float_yankdup,integer_swap,vector_float_conj,vector_float_conc,vector_float_occurrencesof,vector_float_replacefirst,vector_float_rest,vector_float_p,vector_float_s,vector_float_r,vector_float_first,integer_fromfloat,vector_float_last,vector_float_d,float_sw,exec_yankd,vector_float_n,exec_do*tim,exec_yankdup,exec_yank,integer_mu,vector_float_remove,vector_float_fir,exec_do*vector_float,float_p,float_r,vector_float_stackdep,vector_float_dup,vector_float_subvec,float_i,exec_do*range,integer_yankd,float_m,integer_rot,float_a,float_c,float_d,integer_stackdep,float_s,vector_float_occurrences,exec_stackdepth,vector_float_swap,vector_float_reverse,float_stackdepth,float_max,exec_do*vector_flo,float_min,vector_float_rot,float_rot,exec_shove,vector_float_pushall,float_stackdep,float_sub,vector_float_sho,integer_div,integer_mult,integer_min,float_shove,integer_flush,float_inc,in1,integer_yank,integer_fromflo,vector_float_yankdup,float_ya,vector_float_butla,integer_sw,float_pop,exec_d,float_yankd,integer_max,exec_dup,exec_k,float_frominteger,float_mult,exec_noop,exec_p,exec_r,exec_s,vector_float_butlast,integer_flu,exec_y,float_mod,integer_ya,integer_yankdup,exec_stackdep,exec_do*ran,vector_float_index,vector_float_pop,exec_do*cou,vector_float_ta,vector_float_flu,float_add,exec_do*times,integer_shove,float_tan,vector_float_la,vector_float_indexof,float_sho,float_frominteg,integer_dup,vector_float_stackdepth,exec_sho,vector_float_replace,exec_swap,vector_float_rever,autoconstructive_integer_ra,exec_sw,integer_add,exec_flush,float_flu,float_cos,exec_flu,integer_mod,float_div,vector_float_leng,integer_inc,vector_float_yank,exec_rot,vector_float_flush,float_dec,vector_float_set,integer_pop,vector_float_shove,exec_pop,vector_float_take,vector_float_concat,vector_float_pusha,vector_float_ya,vector_float_remo,float_sin,autoconstructive_integer_rand,vector_float_length,exec_do*count,integer_sub,float_mu,exec_no,vector_float_re,float_dup,integer_r,integer_sho,vector_float_yankd,integer_stackdepth,integer_dec,exec,vector_float_replacefir,vector_float_nth,float_swap,vector_float_co,exec_ya,float_yank,float_flush,float_t,integer_d,integer_a,integer_m,integer_i,vector_float_subv,integer_s,integer_p,vector_float_repla,vector_float_sw
0.000430655362572,2.91969737337e-05,9.12405429177e-05,0.0,5.47443257506e-05,0.000102189408068,2.5547352017e-05,3.64962171671e-06,3.64962171671e-06,3.64962171671e-06,0.000186130707552,0.000332115576221,9.48901646344e-05,7.29924343342e-06,3.64962171671e-06,1.09488651501e-05,0.0,0.0,9.85397863511e-05,0.000178831464119,0.0,9.12405429177e-05,5.10947040339e-05,0.000189780329269,0.0,1.09488651501e-05,2.91969737337e-05,0.000142335246952,0.000215327681286,1.09488651501e-05,0.000200729194419,3.64962171671e-06,7.29924343342e-06,9.48901646344e-05,3.64962171671e-06,0.0,3.64962171671e-05,1.09488651501e-05,1.45984868668e-05,3.64962171671e-06,0.000638683800424,0.000178831464119,9.85397863511e-05,0.000233575789869,2.91969737337e-05,2.18977303003e-05,0.000113138273218,0.000182481085835,0.000124087138368,4.37954606005e-05,0.00058758909639,7.29924343342e-06,0.000156933733818,3.64962171671e-06,0.00027737125047,0.000145984868668,8.7590921201e-05,9.85397863511e-05,1.09488651501e-05,0.000156933733818,0.000733573965059,0.000116787894935,7.29924343342e-06,0.000142335246952,0.0,1.45984868668e-05,0.0,3.28465954504e-05,3.64962171671e-06,5.47443257506e-05,0.000332115576221,0.000204378816136,5.83939474673e-05,0.00054379363579,0.000197079572702,4.74450823172e-05,1.45984868668e-05,5.83939474673e-05,8.02916777676e-05,0.000197079572702,0.0,4.74450823172e-05,7.66420560509e-05,3.64962171671e-06,0.000240875033303,3.64962171671e-05,3.64962171671e-06,3.64962171671e-06,5.83939474673e-05,0.0,0.0,3.64962171671e-06,3.28465954504e-05,0.000142335246952,0.000160583355535,0.000197079572702,7.29924343342e-06,8.02916777676e-05,3.64962171671e-06,8.39412994843e-05,0.000127736760085,0.000193429950986,3.64962171671e-06,6.20435691841e-05,0.000113138273218,3.64962171671e-06,7.29924343342e-06,3.64962171671e-06,5.83939474673e-05,0.0,1.09488651501e-05,0.000142335246952,0.0,0.000156933733818,0.000149634490385,2.18977303003e-05,0.000138685625235,0.000145984868668,3.28465954504e-05,0.000262772763603,0.000116787894935,0.000153284112102,9.85397863511e-05,0.000262772763603,0.000124087138368,5.47443257506e-05,8.7590921201e-05,2.18977303003e-05,3.64962171671e-06,2.18977303003e-05,4.01458388838e-05,2.5547352017e-05,0.000281020872187,8.39412994843e-05,9.48901646344e-05,1.09488651501e-05,1.45984868668e-05,7.29924343342e-06,0.000346714063087,0.0,3.64962171671e-06,3.28465954504e-05,0.000357662928237,0.00024452465502,1.09488651501e-05,7.29924343342e-06,0.0,0.000434304984288,3.64962171671e-06,7.29924343342e-06,0.000127736760085,5.47443257506e-05,1.09488651501e-05,0.000102189408068,0.0,1.45984868668e-05,3.64962171671e-05,3.28465954504e-05,1.09488651501e-05,2.91969737337e-05,0.0,7.29924343342e-06
Gen 274
float_yankdup,integer_swap,vector_float_conj,vector_float_conc,vector_float_occurrencesof,vector_float_replacefirst,vector_float_rest,vector_float_p,vector_float_s,vector_float_r,vector_float_first,integer_fromfloat,vector_float_last,vector_float_d,float_sw,exec_yankd,vector_float_n,exec_do*tim,exec_yankdup,exec_yank,integer_mu,vector_float_remove,vector_float_fir,exec_do*vector_float,float_p,float_r,vector_float_stackdep,vector_float_dup,vector_float_subvec,float_i,exec_do*range,integer_yankd,float_m,integer_rot,float_a,float_c,float_d,integer_stackdep,float_s,vector_float_occurrences,exec_stackdepth,vector_float_swap,vector_float_reverse,float_stackdepth,float_max,exec_do*vector_flo,float_min,vector_float_rot,float_rot,exec_shove,vector_float_pushall,float_stackdep,float_sub,vector_float_sho,integer_div,integer_mult,integer_min,float_shove,integer_flush,float_inc,in1,integer_yank,integer_fromflo,vector_float_yankdup,float_ya,vector_float_butla,integer_sw,float_pop,exec_d,float_yankd,integer_max,exec_dup,exec_k,float_frominteger,float_mult,exec_noop,exec_p,exec_r,exec_s,vector_float_butlast,integer_flu,exec_y,float_mod,integer_ya,integer_yankdup,exec_stackdep,exec_do*ran,vector_float_index,vector_float_pop,exec_do*cou,vector_float_ta,vector_float_flu,float_add,exec_do*times,integer_shove,float_tan,vector_float_la,vector_float_indexof,float_sho,float_frominteg,integer_dup,vector_float_stackdepth,exec_sho,vector_float_replace,exec_swap,vector_float_rever,autoconstructive_integer_ra,exec_sw,integer_add,exec_flush,float_flu,float_cos,exec_flu,integer_mod,float_div,vector_float_leng,integer_inc,vector_float_yank,exec_rot,vector_float_flush,float_dec,vector_float_set,integer_pop,vector_float_shove,exec_pop,vector_float_take,vector_float_concat,vector_float_pusha,vector_float_ya,vector_float_remo,float_sin,autoconstructive_integer_rand,vector_float_length,exec_do*count,integer_sub,float_mu,exec_no,vector_float_re,float_dup,integer_r,integer_sho,vector_float_yankd,integer_stackdepth,integer_dec,exec,vector_float_replacefir,vector_float_nth,float_swap,vector_float_co,exec_ya,float_yank,float_flush,float_t,integer_d,integer_a,integer_m,integer_i,vector_float_subv,integer_s,integer_p,vector_float_repla,vector_float_sw
0.000392725844633,1.09090512398e-05,9.45451107451e-05,3.63635041327e-06,7.27270082654e-05,0.000101817811572,1.81817520664e-05,7.27270082654e-06,3.63635041327e-06,1.09090512398e-05,0.000170908469424,0.000272726280995,9.81814611583e-05,3.63635041327e-06,1.09090512398e-05,7.27270082654e-06,7.27270082654e-06,0.0,0.000130908614878,0.000265453580169,3.63635041327e-06,0.000145454016531,5.45452561991e-05,0.000218181024796,0.0,1.45454016531e-05,7.27270082654e-06,0.000170908469424,0.000152726717357,3.63635041327e-06,0.00018909022149,3.63635041327e-06,1.09090512398e-05,0.000116363213225,7.27270082654e-06,3.63635041327e-06,5.45452561991e-05,1.45454016531e-05,3.63635041327e-06,3.27271537194e-05,0.000647270373562,0.000229090076036,0.000119999563638,0.000203635623143,3.9999854546e-05,1.81817520664e-05,0.000170908469424,0.000152726717357,0.000105454161985,4.36362049593e-05,0.000527270809924,1.09090512398e-05,7.9999709092e-05,1.45454016531e-05,0.000218181024796,0.000203635623143,0.000152726717357,7.9999709092e-05,3.63635041327e-06,0.000159999418184,0.000694542928935,0.000109090512398,0.0,0.000112726862811,3.63635041327e-06,3.63635041327e-06,0.0,3.27271537194e-05,1.45454016531e-05,3.63635041327e-05,0.000356362340501,0.000276362631409,8.36360595052e-05,0.000516361758685,0.000203635623143,4.36362049593e-05,7.27270082654e-06,5.09089057858e-05,8.36360595052e-05,0.000218181024796,0.0,5.45452561991e-05,6.54543074389e-05,3.63635041327e-06,0.00021090832397,3.27271537194e-05,3.63635041327e-06,1.09090512398e-05,6.90906578522e-05,7.27270082654e-06,1.09090512398e-05,7.27270082654e-06,4.72725553725e-05,0.000112726862811,0.000112726862811,0.000225453725623,3.63635041327e-06,6.90906578522e-05,3.63635041327e-06,0.000134544965291,0.000112726862811,0.000247271828102,3.63635041327e-06,6.54543074389e-05,8.36360595052e-05,0.0,1.09090512398e-05,2.90908033062e-05,3.63635041327e-05,3.63635041327e-06,7.27270082654e-06,9.45451107451e-05,0.0,0.000138181315704,0.000174544819837,2.54544528929e-05,0.000138181315704,0.000119999563638,3.9999854546e-05,0.000250908178516,0.000141817666118,0.00019999927273,0.000119999563638,0.000276362631409,0.000145454016531,3.63635041327e-05,9.45451107451e-05,1.45454016531e-05,3.63635041327e-06,0.0,5.45452561991e-05,1.81817520664e-05,0.000269089930582,8.72724099185e-05,9.45451107451e-05,0.0,1.09090512398e-05,0.0,0.000334544238021,0.0,0.0,2.18181024796e-05,0.000319998836368,0.00021090832397,1.45454016531e-05,7.27270082654e-06,7.27270082654e-06,0.000330907887608,0.0,1.09090512398e-05,0.000181817520664,0.000101817811572,3.63635041327e-06,7.9999709092e-05,3.63635041327e-06,1.09090512398e-05,7.27270082654e-06,1.09090512398e-05,1.09090512398e-05,1.81817520664e-05,0.0,3.63635041327e-06
Gen 275
float_yankdup,integer_swap,vector_float_conj,vector_float_conc,vector_float_occurrencesof,vector_float_replacefirst,vector_float_rest,vector_float_p,vector_float_s,vector_float_r,vector_float_first,integer_fromfloat,vector_float_last,vector_float_d,float_sw,exec_yankd,vector_float_n,exec_do*tim,exec_yankdup,exec_yank,integer_mu,vector_float_remove,vector_float_fir,exec_do*vector_float,float_p,float_r,vector_float_stackdep,vector_float_dup,vector_float_subvec,float_i,exec_do*range,integer_yankd,float_m,integer_rot,float_a,float_c,float_d,integer_stackdep,float_s,vector_float_occurrences,exec_stackdepth,vector_float_swap,vector_float_reverse,float_stackdepth,float_max,exec_do*vector_flo,float_min,vector_float_rot,float_rot,exec_shove,vector_float_pushall,float_stackdep,float_sub,vector_float_sho,integer_div,integer_mult,integer_min,float_shove,integer_flush,float_inc,in1,integer_yank,integer_fromflo,vector_float_yankdup,float_ya,vector_float_butla,integer_sw,float_pop,exec_d,float_yankd,integer_max,exec_dup,exec_k,float_frominteger,float_mult,exec_noop,exec_p,exec_r,exec_s,vector_float_butlast,integer_flu,exec_y,float_mod,integer_ya,integer_yankdup,exec_stackdep,exec_do*ran,vector_float_index,vector_float_pop,exec_do*cou,vector_float_ta,vector_float_flu,float_add,exec_do*times,integer_shove,float_tan,vector_float_la,vector_float_indexof,float_sho,float_frominteg,integer_dup,vector_float_stackdepth,exec_sho,vector_float_replace,exec_swap,vector_float_rever,autoconstructive_integer_ra,exec_sw,integer_add,exec_flush,float_flu,float_cos,exec_flu,integer_mod,float_div,vector_float_leng,integer_inc,vector_float_yank,exec_rot,vector_float_flush,float_dec,vector_float_set,integer_pop,vector_float_shove,exec_pop,vector_float_take,vector_float_concat,vector_float_pusha,vector_float_ya,vector_float_remo,float_sin,autoconstructive_integer_rand,vector_float_length,exec_do*count,integer_sub,float_mu,exec_no,vector_float_re,float_dup,integer_r,integer_sho,vector_float_yankd,integer_stackdepth,integer_dec,exec,vector_float_replacefir,vector_float_nth,float_swap,vector_float_co,exec_ya,float_yank,float_flush,float_t,integer_d,integer_a,integer_m,integer_i,vector_float_subv,integer_s,integer_p,vector_float_repla,vector_float_sw
0.000384056579505,3.26085775052e-05,8.69562066804e-05,0.0,0.000123187959464,6.52171550103e-05,3.26085775052e-05,3.62317527835e-06,3.62317527835e-06,2.53622269485e-05,0.000181158763918,0.000213767341423,7.97098561237e-05,1.08695258351e-05,3.62317527835e-06,0.0,0.0,0.0,7.2463505567e-05,0.000282607671711,7.2463505567e-06,0.000123187959464,3.62317527835e-05,0.000199274640309,3.62317527835e-06,3.62317527835e-06,1.44927011134e-05,0.000184781939196,0.000159419712247,7.2463505567e-06,0.000192028289753,1.08695258351e-05,1.08695258351e-05,7.97098561237e-05,7.2463505567e-06,0.0,3.62317527835e-05,7.2463505567e-06,1.44927011134e-05,0.0,0.000626809323155,0.000242752743649,8.33330314021e-05,0.000235506393093,3.26085775052e-05,1.44927011134e-05,0.000206520990866,0.000173912413361,0.000108695258351,5.79708044536e-05,0.000514490889526,2.17390516701e-05,0.000101448907794,3.62317527835e-06,0.000210144166144,0.000130434310021,0.000134057485299,0.000108695258351,0.0,0.000173912413361,0.00063767884899,0.000126811134742,1.44927011134e-05,0.000195651465031,3.62317527835e-06,1.44927011134e-05,0.0,3.62317527835e-05,7.2463505567e-06,2.17390516701e-05,0.000409418806454,0.000217390516701,0.000108695258351,0.000474635961464,0.000202897815588,7.60866808454e-05,0.0,5.79708044536e-05,9.05793819588e-05,0.000206520990866,0.0,7.2463505567e-05,4.71012786186e-05,0.0,0.000119564784186,5.79708044536e-05,3.62317527835e-06,0.0,0.000108695258351,3.62317527835e-06,3.62317527835e-06,3.62317527835e-06,3.98549280619e-05,0.000152173361691,0.000130434310021,0.000206520990866,0.0,6.88403302887e-05,7.2463505567e-06,0.000101448907794,0.000134057485299,0.000206520990866,3.62317527835e-06,0.000101448907794,0.000105072083072,0.0,1.44927011134e-05,3.62317527835e-05,7.2463505567e-05,7.2463505567e-06,3.62317527835e-06,0.000123187959464,0.0,0.000202897815588,0.000134057485299,1.44927011134e-05,0.000123187959464,0.000134057485299,3.26085775052e-05,0.000365940703113,0.000181158763918,0.000130434310021,0.000123187959464,0.000257245444763,0.000126811134742,3.26085775052e-05,8.69562066804e-05,6.1593979732e-05,7.2463505567e-06,7.2463505567e-06,7.2463505567e-05,7.2463505567e-06,0.000318839424495,7.60866808454e-05,0.000137680660577,1.08695258351e-05,2.53622269485e-05,0.0,0.000249999094206,3.62317527835e-06,0.0,2.53622269485e-05,0.000311593073938,0.000170289238082,7.2463505567e-06,7.2463505567e-06,7.2463505567e-06,0.000333332125608,0.0,0.0,0.000173912413361,9.42025572371e-05,7.2463505567e-06,8.69562066804e-05,0.0,3.26085775052e-05,7.2463505567e-06,2.53622269485e-05,7.2463505567e-06,0.0,7.2463505567e-06,3.62317527835e-06
Gen 276
float_yankdup,integer_swap,vector_float_conj,vector_float_conc,vector_float_occurrencesof,vector_float_replacefirst,vector_float_rest,vector_float_p,vector_float_s,vector_float_r,vector_float_first,integer_fromfloat,vector_float_last,vector_float_d,float_sw,exec_yankd,vector_float_n,exec_do*tim,exec_yankdup,exec_yank,integer_mu,vector_float_remove,vector_float_fir,exec_do*vector_float,float_p,float_r,vector_float_stackdep,vector_float_dup,vector_float_subvec,float_i,exec_do*range,integer_yankd,float_m,integer_rot,float_a,float_c,float_d,integer_stackdep,float_s,vector_float_occurrences,exec_stackdepth,vector_float_swap,vector_float_reverse,float_stackdepth,float_max,exec_do*vector_flo,float_min,vector_float_rot,float_rot,exec_shove,vector_float_pushall,float_stackdep,float_sub,vector_float_sho,integer_div,integer_mult,integer_min,float_shove,integer_flush,float_inc,in1,integer_yank,integer_fromflo,vector_float_yankdup,float_ya,vector_float_butla,integer_sw,float_pop,exec_d,float_yankd,integer_max,exec_dup,exec_k,float_frominteger,float_mult,exec_noop,exec_p,exec_r,exec_s,vector_float_butlast,integer_flu,exec_y,float_mod,integer_ya,integer_yankdup,exec_stackdep,exec_do*ran,vector_float_index,vector_float_pop,exec_do*cou,vector_float_ta,vector_float_flu,float_add,exec_do*times,integer_shove,float_tan,vector_float_la,vector_float_indexof,float_sho,float_frominteg,integer_dup,vector_float_stackdepth,exec_sho,vector_float_replace,exec_swap,vector_float_rever,autoconstructive_integer_ra,exec_sw,integer_add,exec_flush,float_flu,float_cos,exec_flu,integer_mod,float_div,vector_float_leng,integer_inc,vector_float_yank,exec_rot,vector_float_flush,float_dec,vector_float_set,integer_pop,vector_float_shove,exec_pop,vector_float_take,vector_float_concat,vector_float_pusha,vector_float_ya,vector_float_remo,float_sin,autoconstructive_integer_rand,vector_float_length,exec_do*count,integer_sub,float_mu,exec_no,vector_float_re,float_dup,integer_r,integer_sho,vector_float_yankd,integer_stackdepth,integer_dec,exec,vector_float_replacefir,vector_float_nth,float_swap,vector_float_co,exec_ya,float_yank,float_flush,float_t,integer_d,integer_a,integer_m,integer_i,vector_float_subv,integer_s,integer_p,vector_float_repla,vector_float_sw
0.000447651813531,5.41514290562e-05,8.66422864899e-05,0.0,0.000126353334464,6.85918101379e-05,5.41514290562e-05,7.22019054083e-06,3.61009527041e-06,7.22019054083e-06,0.000194945144602,0.000256316764199,7.58120006787e-05,0.0,1.08302858112e-05,3.61009527041e-06,0.0,7.22019054083e-06,0.000158844191898,0.000252706668929,3.61009527041e-06,0.000148013906087,5.77615243266e-05,0.000252706668929,3.61009527041e-06,0.0,2.52706668929e-05,0.000216605716225,0.000194945144602,7.22019054083e-06,0.00025992685947,3.97110479746e-05,1.08302858112e-05,0.000115523048653,0.0,0.0,2.52706668929e-05,7.22019054083e-06,1.44403810817e-05,7.22019054083e-06,0.000653427243945,0.000245486478388,0.000133573525005,0.000216605716225,3.61009527041e-05,3.61009527041e-05,0.000256316764199,0.000216605716225,0.000101082667572,4.69312385154e-05,0.000617326291241,3.61009527041e-05,6.49817148675e-05,7.22019054083e-06,0.000216605716225,0.000194945144602,0.000155234096628,9.74725723012e-05,1.44403810817e-05,0.000169674477709,0.000736459435164,0.000144403810817,1.08302858112e-05,0.000144403810817,0.0,7.22019054083e-06,3.61009527041e-06,3.61009527041e-05,0.0,1.44403810817e-05,0.000422381146638,0.00025992685947,0.000119133143924,0.000581225338537,0.000231046097307,9.38624770308e-05,7.22019054083e-06,4.3321143245e-05,7.22019054083e-05,0.000270757145281,0.0,0.000129963429735,5.05413337858e-05,7.22019054083e-06,0.000187724954062,2.52706668929e-05,3.61009527041e-06,7.22019054083e-06,0.000101082667572,1.08302858112e-05,7.22019054083e-06,7.22019054083e-06,3.97110479746e-05,0.000151624001357,0.000220215811495,0.000270757145281,3.61009527041e-06,6.85918101379e-05,0.0,7.94220959491e-05,9.74725723012e-05,0.000256316764199,3.61009527041e-06,0.000169674477709,0.000144403810817,0.0,7.22019054083e-06,3.97110479746e-05,5.05413337858e-05,3.61009527041e-06,2.16605716225e-05,0.000184114858791,0.0,0.000184114858791,0.000140793715546,1.08302858112e-05,0.000119133143924,0.000122743239194,4.3321143245e-05,0.000407940765557,0.000249096573659,0.000144403810817,0.00017328457298,0.000281587431092,0.000151624001357,3.61009527041e-05,0.000148013906087,6.49817148675e-05,7.22019054083e-06,0.0,0.000137183620276,1.08302858112e-05,0.000397110479746,5.05413337858e-05,0.000129963429735,0.0,2.52706668929e-05,7.22019054083e-06,0.000277977335822,0.0,1.08302858112e-05,2.52706668929e-05,0.000303248002715,0.000205775430414,7.22019054083e-06,3.61009527041e-06,1.08302858112e-05,0.000400720575016,7.22019054083e-06,3.61009527041e-06,0.000216605716225,9.02523817604e-05,0.0,7.94220959491e-05,0.0,3.24908574337e-05,7.22019054083e-06,0.0,7.22019054083e-06,7.22019054083e-06,0.0,7.22019054083e-06
Gen 277
float_yankdup,integer_swap,vector_float_conj,vector_float_conc,vector_float_occurrencesof,vector_float_replacefirst,vector_float_rest,vector_float_p,vector_float_s,vector_float_r,vector_float_first,integer_fromfloat,vector_float_last,vector_float_d,float_sw,exec_yankd,vector_float_n,exec_do*tim,exec_yankdup,exec_yank,integer_mu,vector_float_remove,vector_float_fir,exec_do*vector_float,float_p,float_r,vector_float_stackdep,vector_float_dup,vector_float_subvec,float_i,exec_do*range,integer_yankd,float_m,integer_rot,float_a,float_c,float_d,integer_stackdep,float_s,vector_float_occurrences,exec_stackdepth,vector_float_swap,vector_float_reverse,float_stackdepth,float_max,exec_do*vector_flo,float_min,vector_float_rot,float_rot,exec_shove,vector_float_pushall,float_stackdep,float_sub,vector_float_sho,integer_div,integer_mult,integer_min,float_shove,integer_flush,float_inc,in1,integer_yank,integer_fromflo,vector_float_yankdup,float_ya,vector_float_butla,integer_sw,float_pop,exec_d,float_yankd,integer_max,exec_dup,exec_k,float_frominteger,float_mult,exec_noop,exec_p,exec_r,exec_s,vector_float_butlast,integer_flu,exec_y,float_mod,integer_ya,integer_yankdup,exec_stackdep,exec_do*ran,vector_float_index,vector_float_pop,exec_do*cou,vector_float_ta,vector_float_flu,float_add,exec_do*times,integer_shove,float_tan,vector_float_la,vector_float_indexof,float_sho,float_frominteg,integer_dup,vector_float_stackdepth,exec_sho,vector_float_replace,exec_swap,vector_float_rever,autoconstructive_integer_ra,exec_sw,integer_add,exec_flush,float_flu,float_cos,exec_flu,integer_mod,float_div,vector_float_leng,integer_inc,vector_float_yank,exec_rot,vector_float_flush,float_dec,vector_float_set,integer_pop,vector_float_shove,exec_pop,vector_float_take,vector_float_concat,vector_float_pusha,vector_float_ya,vector_float_remo,float_sin,autoconstructive_integer_rand,vector_float_length,exec_do*count,integer_sub,float_mu,exec_no,vector_float_re,float_dup,integer_r,integer_sho,vector_float_yankd,integer_stackdepth,integer_dec,exec,vector_float_replacefir,vector_float_nth,float_swap,vector_float_co,exec_ya,float_yank,float_flush,float_t,integer_d,integer_a,integer_m,integer_i,vector_float_subv,integer_s,integer_p,vector_float_repla,vector_float_sw
0.000449638670364,7.55392966212e-05,0.000154675702605,0.0,0.000143884374517,0.000104316171525,7.91364059842e-05,3.59710936292e-06,0.0,0.0,0.00019784101496,0.000356113826929,6.83450778954e-05,1.07913280887e-05,7.19421872583e-06,0.0,0.0,0.0,0.000169064140057,0.000237409217952,3.59710936292e-06,0.000165467030694,6.11508591696e-05,0.00028417163967,0.0,7.19421872583e-06,5.03595310808e-05,0.000212229452412,0.000244603436678,1.07913280887e-05,0.000276977420945,1.43884374517e-05,1.43884374517e-05,0.000129495937065,0.0,0.0,3.95682029921e-05,3.59710936292e-06,3.59710936292e-06,3.59710936292e-06,0.00069064499768,0.000269783202219,0.000136690155791,0.000287768749033,7.55392966212e-05,2.15826561775e-05,0.000266186092856,0.000219423671138,0.000125898827702,3.59710936292e-05,0.000643882575962,2.51797655404e-05,6.11508591696e-05,1.43884374517e-05,0.000230214999227,0.000205035233686,0.000133093046428,0.000143884374517,4.67624217179e-05,0.000169064140057,0.000723018981946,0.000158272811968,7.19421872583e-06,0.00017266124942,1.07913280887e-05,3.59710936292e-06,1.07913280887e-05,4.67624217179e-05,3.59710936292e-06,7.19421872583e-06,0.000460429998453,0.000255394764767,9.71219527987e-05,0.000568343279341,0.000219423671138,0.000107913280887,0.0,5.03595310808e-05,5.39566404437e-05,0.000334531170751,0.0,0.000140287265154,3.95682029921e-05,0.0,0.000208632343049,2.51797655404e-05,7.19421872583e-06,0.0,0.000143884374517,0.0,0.0,1.07913280887e-05,3.95682029921e-05,0.00019784101496,0.000226617889864,0.000298560077122,3.59710936292e-06,7.91364059842e-05,0.0,0.000100719062162,9.71219527987e-05,0.000248200546041,0.0,0.000208632343049,0.00011151039025,0.0,3.59710936292e-06,2.51797655404e-05,4.67624217179e-05,0.0,1.07913280887e-05,0.000183452577509,3.59710936292e-06,0.000212229452412,0.000179855468146,2.15826561775e-05,9.35248434358e-05,0.000190646796235,6.47479685325e-05,0.000388487811195,0.000230214999227,0.000140287265154,0.000179855468146,0.000280574530307,0.000187049686872,7.19421872583e-05,0.000158272811968,6.47479685325e-05,3.59710936292e-06,0.0,0.000140287265154,1.07913280887e-05,0.000417264686098,4.67624217179e-05,0.000183452577509,3.59710936292e-06,2.51797655404e-05,0.0,0.000248200546041,3.59710936292e-06,0.0,4.3165312355e-05,0.00037050226438,0.000201438124323,1.07913280887e-05,3.59710936292e-06,2.15826561775e-05,0.000417264686098,3.59710936292e-06,3.59710936292e-06,0.000201438124323,6.83450778954e-05,7.19421872583e-06,0.000118704608976,3.59710936292e-06,2.15826561775e-05,0.0,3.59710936292e-06,1.07913280887e-05,0.0,7.19421872583e-06,2.15826561775e-05
Gen 278
float_yankdup,integer_swap,vector_float_conj,vector_float_conc,vector_float_occurrencesof,vector_float_replacefirst,vector_float_rest,vector_float_p,vector_float_s,vector_float_r,vector_float_first,integer_fromfloat,vector_float_last,vector_float_d,float_sw,exec_yankd,vector_float_n,exec_do*tim,exec_yankdup,exec_yank,integer_mu,vector_float_remove,vector_float_fir,exec_do*vector_float,float_p,float_r,vector_float_stackdep,vector_float_dup,vector_float_subvec,float_i,exec_do*range,integer_yankd,float_m,integer_rot,float_a,float_c,float_d,integer_stackdep,float_s,vector_float_occurrences,exec_stackdepth,vector_float_swap,vector_float_reverse,float_stackdepth,float_max,exec_do*vector_flo,float_min,vector_float_rot,float_rot,exec_shove,vector_float_pushall,float_stackdep,float_sub,vector_float_sho,integer_div,integer_mult,integer_min,float_shove,integer_flush,float_inc,in1,integer_yank,integer_fromflo,vector_float_yankdup,float_ya,vector_float_butla,integer_sw,float_pop,exec_d,float_yankd,integer_max,exec_dup,exec_k,float_frominteger,float_mult,exec_noop,exec_p,exec_r,exec_s,vector_float_butlast,integer_flu,exec_y,float_mod,integer_ya,integer_yankdup,exec_stackdep,exec_do*ran,vector_float_index,vector_float_pop,exec_do*cou,vector_float_ta,vector_float_flu,float_add,exec_do*times,integer_shove,float_tan,vector_float_la,vector_float_indexof,float_sho,float_frominteg,integer_dup,vector_float_stackdepth,exec_sho,vector_float_replace,exec_swap,vector_float_rever,autoconstructive_integer_ra,exec_sw,integer_add,exec_flush,float_flu,float_cos,exec_flu,integer_mod,float_div,vector_float_leng,integer_inc,vector_float_yank,exec_rot,vector_float_flush,float_dec,vector_float_set,integer_pop,vector_float_shove,exec_pop,vector_float_take,vector_float_concat,vector_float_pusha,vector_float_ya,vector_float_remo,float_sin,autoconstructive_integer_rand,vector_float_length,exec_do*count,integer_sub,float_mu,exec_no,vector_float_re,float_dup,integer_r,integer_sho,vector_float_yankd,integer_stackdepth,integer_dec,exec,vector_float_replacefir,vector_float_nth,float_swap,vector_float_co,exec_ya,float_yank,float_flush,float_t,integer_d,integer_a,integer_m,integer_i,vector_float_subv,integer_s,integer_p,vector_float_repla,vector_float_sw
0.000333332138594,8.24369805126e-05,0.000150537094849,0.0,0.000118279145953,8.24369805126e-05,7.52685474246e-05,7.16843308805e-06,3.58421654403e-06,3.58421654403e-06,0.000250895158082,0.000372758520579,9.67738466887e-05,3.58421654403e-06,7.16843308805e-06,0.0,3.58421654403e-06,3.58421654403e-06,0.000139784445217,0.00027598467389,0.0,0.000146952878305,8.60211970566e-05,0.000301074189698,0.0,0.0,6.09316812485e-05,0.00024014250845,0.000301074189698,1.43368661761e-05,0.000247310941538,2.15052992642e-05,1.43368661761e-05,0.000172042394113,7.16843308805e-06,7.16843308805e-06,3.22579488962e-05,1.79210827201e-05,7.16843308805e-06,0.0,0.000770606556966,0.000304658406242,0.000157705527937,0.000225805642274,8.96054136007e-05,2.15052992642e-05,0.000211468776098,0.000236558291906,0.000168458177569,3.22579488962e-05,0.000652327411013,2.50895158082e-05,7.16843308805e-05,3.58421654403e-06,0.00025806359117,0.00031182683933,0.000161289744481,0.000146952878305,6.45158977925e-05,0.000232974075362,0.000777774990054,0.000215052992642,1.07526496321e-05,0.000157705527937,0.0,7.16843308805e-06,0.0,5.73474647044e-05,7.16843308805e-06,1.07526496321e-05,0.000430105985283,0.000286737323522,0.000168458177569,0.000609316812485,0.000272400457346,0.000143368661761,1.07526496321e-05,6.81001143365e-05,0.000100358063233,0.000268816240802,0.0,0.000107526496321,5.01790316164e-05,2.15052992642e-05,0.000254479374626,1.43368661761e-05,3.58421654403e-06,7.16843308805e-06,0.000103942279777,3.58421654403e-06,0.0,1.43368661761e-05,5.73474647044e-05,0.000197131909921,0.000168458177569,0.000265232024258,7.16843308805e-06,8.24369805126e-05,7.16843308805e-06,0.000118279145953,0.000182795043745,0.000243726724994,7.16843308805e-06,0.000232974075362,0.000125447579041,3.58421654403e-06,0.0,1.07526496321e-05,7.52685474246e-05,0.0,7.16843308805e-06,0.000186379260289,0.0,0.000247310941538,0.000218637209186,1.07526496321e-05,9.31896301447e-05,0.000229389858818,9.31896301447e-05,0.000383511170211,0.000211468776098,0.000129031795585,0.000143368661761,0.000279568890434,0.000179210827201,5.37632481604e-05,0.000193547693377,8.24369805126e-05,7.16843308805e-06,0.0,0.000136200228673,1.79210827201e-05,0.000394263819843,5.73474647044e-05,0.000172042394113,3.58421654403e-06,3.58421654403e-06,0.0,0.000290321540066,1.07526496321e-05,7.16843308805e-06,3.94263819843e-05,0.000433690201827,0.000254479374626,1.07526496321e-05,3.58421654403e-06,2.15052992642e-05,0.000379926953667,0.0,1.43368661761e-05,0.000211468776098,0.000114694929409,1.07526496321e-05,0.000118279145953,0.0,2.15052992642e-05,0.0,3.58421654403e-06,3.58421654403e-06,3.58421654403e-06,0.0,2.15052992642e-05
Gen 279
float_yankdup,integer_swap,vector_float_conj,vector_float_conc,vector_float_occurrencesof,vector_float_replacefirst,vector_float_rest,vector_float_p,vector_float_s,vector_float_r,vector_float_first,integer_fromfloat,vector_float_last,vector_float_d,float_sw,exec_yankd,vector_float_n,exec_do*tim,exec_yankdup,exec_yank,integer_mu,vector_float_remove,vector_float_fir,exec_do*vector_float,float_p,float_r,vector_float_stackdep,vector_float_dup,vector_float_subvec,float_i,exec_do*range,integer_yankd,float_m,integer_rot,float_a,float_c,float_d,integer_stackdep,float_s,vector_float_occurrences,exec_stackdepth,vector_float_swap,vector_float_reverse,float_stackdepth,float_max,exec_do*vector_flo,float_min,vector_float_rot,float_rot,exec_shove,vector_float_pushall,float_stackdep,float_sub,vector_float_sho,integer_div,integer_mult,integer_min,float_shove,integer_flush,float_inc,in1,integer_yank,integer_fromflo,vector_float_yankdup,float_ya,vector_float_butla,integer_sw,float_pop,exec_d,float_yankd,integer_max,exec_dup,exec_k,float_frominteger,float_mult,exec_noop,exec_p,exec_r,exec_s,vector_float_butlast,integer_flu,exec_y,float_mod,integer_ya,integer_yankdup,exec_stackdep,exec_do*ran,vector_float_index,vector_float_pop,exec_do*cou,vector_float_ta,vector_float_flu,float_add,exec_do*times,integer_shove,float_tan,vector_float_la,vector_float_indexof,float_sho,float_frominteg,integer_dup,vector_float_stackdepth,exec_sho,vector_float_replace,exec_swap,vector_float_rever,autoconstructive_integer_ra,exec_sw,integer_add,exec_flush,float_flu,float_cos,exec_flu,integer_mod,float_div,vector_float_leng,integer_inc,vector_float_yank,exec_rot,vector_float_flush,float_dec,vector_float_set,integer_pop,vector_float_shove,exec_pop,vector_float_take,vector_float_concat,vector_float_pusha,vector_float_ya,vector_float_remo,float_sin,autoconstructive_integer_rand,vector_float_length,exec_do*count,integer_sub,float_mu,exec_no,vector_float_re,float_dup,integer_r,integer_sho,vector_float_yankd,integer_stackdepth,integer_dec,exec,vector_float_replacefir,vector_float_nth,float_swap,vector_float_co,exec_ya,float_yank,float_flush,float_t,integer_d,integer_a,integer_m,integer_i,vector_float_subv,integer_s,integer_p,vector_float_repla,vector_float_sw
0.000332141670923,8.57139795929e-05,0.000132142385206,3.57141581637e-06,7.85711479602e-05,8.57139795929e-05,4.99998214292e-05,3.57141581637e-06,0.0,1.07142474491e-05,0.000189285038268,0.00020714211735,4.28569897965e-05,3.57141581637e-06,0.0,3.57141581637e-06,3.57141581637e-06,7.14283163274e-06,0.000110713890308,0.000228570612248,1.07142474491e-05,9.99996428584e-05,2.14284948982e-05,0.000210713533166,0.0,1.07142474491e-05,1.78570790819e-05,0.00015714229592,0.000132142385206,0.0,0.000239284859697,1.07142474491e-05,3.21427423473e-05,9.28568112257e-05,3.57141581637e-06,3.57141581637e-06,2.14284948982e-05,1.07142474491e-05,1.07142474491e-05,3.57141581637e-06,0.000549998035721,0.000228570612248,0.000135713801022,0.000210713533166,7.49997321438e-05,3.57141581637e-05,0.00011785672194,0.000149999464288,0.000103571058675,2.49999107146e-05,0.000492855382659,3.21427423473e-05,6.42854846947e-05,3.57141581637e-06,0.000203570701533,0.000174999375002,0.000139285216839,0.000103571058675,2.14284948982e-05,0.000135713801022,0.000653569094396,0.000164285127553,2.14284948982e-05,0.00011785672194,7.14283163274e-06,7.14283163274e-06,0.0,4.28569897965e-05,0.0,1.78570790819e-05,0.000378570076535,0.000189285038268,4.99998214292e-05,0.000478569719394,0.000135713801022,9.28568112257e-05,3.57141581637e-06,1.78570790819e-05,4.28569897965e-05,0.000210713533166,0.0,7.85711479602e-05,3.57141581637e-05,2.8571326531e-05,0.000199999285717,2.49999107146e-05,3.57141581637e-06,7.14283163274e-06,9.28568112257e-05,0.0,3.57141581637e-06,1.42856632655e-05,2.49999107146e-05,0.000153570880104,0.000174999375002,0.000221427780615,0.0,4.99998214292e-05,0.0,0.000110713890308,0.000114285306124,0.000210713533166,0.0,0.000149999464288,7.49997321438e-05,3.57141581637e-06,0.0,1.78570790819e-05,3.92855739801e-05,7.14283163274e-06,3.57141581637e-06,0.000149999464288,0.0,0.0001964278699,8.57139795929e-05,7.14283163274e-06,7.14283163274e-05,0.000139285216839,8.92853954093e-05,0.000328570255106,0.000203570701533,0.000132142385206,0.000132142385206,0.000232142028064,8.21425637766e-05,7.85711479602e-05,0.000171427959186,5.35712372456e-05,0.0,3.57141581637e-06,9.6428227042e-05,7.14283163274e-06,0.000321427423473,5.35712372456e-05,0.000132142385206,3.57141581637e-06,0.0,0.0,0.00024642769133,3.57141581637e-06,3.57141581637e-06,2.8571326531e-05,0.000249999107146,0.000142856632655,3.57141581637e-06,0.0,2.8571326531e-05,0.000332141670923,3.57141581637e-06,7.14283163274e-06,9.6428227042e-05,9.28568112257e-05,0.0,8.21425637766e-05,0.0,3.57141581637e-05,3.57141581637e-06,0.0,1.07142474491e-05,3.57141581637e-06,7.14283163274e-06,0.0
Gen 280
float_yankdup,integer_swap,vector_float_conj,vector_float_conc,vector_float_occurrencesof,vector_float_replacefirst,vector_float_rest,vector_float_p,vector_float_s,vector_float_r,vector_float_first,integer_fromfloat,vector_float_last,vector_float_d,float_sw,exec_yankd,vector_float_n,exec_do*tim,exec_yankdup,exec_yank,integer_mu,vector_float_remove,vector_float_fir,exec_do*vector_float,float_p,float_r,vector_float_stackdep,vector_float_dup,vector_float_subvec,float_i,exec_do*range,integer_yankd,float_m,integer_rot,float_a,float_c,float_d,integer_stackdep,float_s,vector_float_occurrences,exec_stackdepth,vector_float_swap,vector_float_reverse,float_stackdepth,float_max,exec_do*vector_flo,float_min,vector_float_rot,float_rot,exec_shove,vector_float_pushall,float_stackdep,float_sub,vector_float_sho,integer_div,integer_mult,integer_min,float_shove,integer_flush,float_inc,in1,integer_yank,integer_fromflo,vector_float_yankdup,float_ya,vector_float_butla,integer_sw,float_pop,exec_d,float_yankd,integer_max,exec_dup,exec_k,float_frominteger,float_mult,exec_noop,exec_p,exec_r,exec_s,vector_float_butlast,integer_flu,exec_y,float_mod,integer_ya,integer_yankdup,exec_stackdep,exec_do*ran,vector_float_index,vector_float_pop,exec_do*cou,vector_float_ta,vector_float_flu,float_add,exec_do*times,integer_shove,float_tan,vector_float_la,vector_float_indexof,float_sho,float_frominteg,integer_dup,vector_float_stackdepth,exec_sho,vector_float_replace,exec_swap,vector_float_rever,autoconstructive_integer_ra,exec_sw,integer_add,exec_flush,float_flu,float_cos,exec_flu,integer_mod,float_div,vector_float_leng,integer_inc,vector_float_yank,exec_rot,vector_float_flush,float_dec,vector_float_set,integer_pop,vector_float_shove,exec_pop,vector_float_take,vector_float_concat,vector_float_pusha,vector_float_ya,vector_float_remo,float_sin,autoconstructive_integer_rand,vector_float_length,exec_do*count,integer_sub,float_mu,exec_no,vector_float_re,float_dup,integer_r,integer_sho,vector_float_yankd,integer_stackdepth,integer_dec,exec,vector_float_replacefir,vector_float_nth,float_swap,vector_float_co,exec_ya,float_yank,float_flush,float_t,integer_d,integer_a,integer_m,integer_i,vector_float_subv,integer_s,integer_p,vector_float_repla,vector_float_sw
0.000284696495742,7.82915363291e-05,0.000142348247871,3.55870619678e-06,6.76154177387e-05,7.47328301323e-05,2.84696495742e-05,7.11741239355e-06,0.0,3.55870619678e-06,0.000163700485052,0.000277579083348,6.04980053452e-05,3.55870619678e-06,1.06761185903e-05,2.13522371807e-05,3.55870619678e-06,7.11741239355e-06,6.4056711542e-05,0.000192170134626,3.55870619678e-06,0.000131672129281,1.42348247871e-05,0.000202846253216,3.55870619678e-06,1.42348247871e-05,2.13522371807e-05,0.000177935309839,0.000195728840823,3.55870619678e-06,0.000202846253216,2.84696495742e-05,3.55870619678e-06,0.000117437304494,3.55870619678e-06,7.11741239355e-06,5.69392991484e-05,7.11741239355e-06,1.06761185903e-05,3.55870619678e-06,0.000565834285287,0.000185052722232,0.000174376603642,0.0002206397842,6.04980053452e-05,2.49109433774e-05,0.000117437304494,0.000153024366461,9.96437735097e-05,2.49109433774e-05,0.000530247223319,1.77935309839e-05,6.4056711542e-05,7.11741239355e-06,0.000170817897445,0.000192170134626,9.96437735097e-05,8.18502425258e-05,2.84696495742e-05,0.000160141778855,0.0006619193526,7.82915363291e-05,1.06761185903e-05,0.000138789541674,3.55870619678e-06,7.11741239355e-06,3.55870619678e-06,7.11741239355e-05,3.55870619678e-06,3.2028355771e-05,0.000316724851513,0.000206404959413,7.82915363291e-05,0.000459073099384,0.000131672129281,7.82915363291e-05,7.11741239355e-06,2.84696495742e-05,6.76154177387e-05,0.000227757196594,0.0,7.82915363291e-05,2.84696495742e-05,2.13522371807e-05,0.000188611428429,1.77935309839e-05,3.55870619678e-06,7.11741239355e-06,6.04980053452e-05,3.55870619678e-06,0.0,1.06761185903e-05,4.27044743613e-05,0.00012099601069,0.000135230835477,0.000160141778855,0.0,4.98218867549e-05,0.0,7.11741239355e-05,8.89676549194e-05,0.000145906954068,0.0,0.000163700485052,8.54089487226e-05,0.0,0.0,3.55870619678e-06,6.4056711542e-05,0.0,3.55870619678e-06,0.000117437304494,0.0,0.000153024366461,0.000117437304494,3.55870619678e-06,7.11741239355e-05,0.000170817897445,6.04980053452e-05,0.000288255201939,0.000149465660265,0.000106761185903,0.000103202479706,0.000163700485052,8.54089487226e-05,3.91457681645e-05,0.000153024366461,4.62631805581e-05,3.55870619678e-06,3.55870619678e-06,8.89676549194e-05,3.55870619678e-06,0.000270461670955,4.98218867549e-05,0.000167259191248,3.55870619678e-06,3.55870619678e-06,0.0,0.000185052722232,3.55870619678e-06,0.0,2.84696495742e-05,0.000274020377152,0.000145906954068,3.55870619678e-06,0.0,1.06761185903e-05,0.000277579083348,3.55870619678e-06,3.55870619678e-06,0.000174376603642,6.04980053452e-05,7.11741239355e-06,9.25263611162e-05,3.55870619678e-06,1.77935309839e-05,3.55870619678e-06,0.0,3.55870619678e-06,0.0,1.06761185903e-05,3.55870619678e-06
Gen 281
float_yankdup,integer_swap,vector_float_conj,vector_float_conc,vector_float_occurrencesof,vector_float_replacefirst,vector_float_rest,vector_float_p,vector_float_s,vector_float_r,vector_float_first,integer_fromfloat,vector_float_last,vector_float_d,float_sw,exec_yankd,vector_float_n,exec_do*tim,exec_yankdup,exec_yank,integer_mu,vector_float_remove,vector_float_fir,exec_do*vector_float,float_p,float_r,vector_float_stackdep,vector_float_dup,vector_float_subvec,float_i,exec_do*range,integer_yankd,float_m,integer_rot,float_a,float_c,float_d,integer_stackdep,float_s,vector_float_occurrences,exec_stackdepth,vector_float_swap,vector_float_reverse,float_stackdepth,float_max,exec_do*vector_flo,float_min,vector_float_rot,float_rot,exec_shove,vector_float_pushall,float_stackdep,float_sub,vector_float_sho,integer_div,integer_mult,integer_min,float_shove,integer_flush,float_inc,in1,integer_yank,integer_fromflo,vector_float_yankdup,float_ya,vector_float_butla,integer_sw,float_pop,exec_d,float_yankd,integer_max,exec_dup,exec_k,float_frominteger,float_mult,exec_noop,exec_p,exec_r,exec_s,vector_float_butlast,integer_flu,exec_y,float_mod,integer_ya,integer_yankdup,exec_stackdep,exec_do*ran,vector_float_index,vector_float_pop,exec_do*cou,vector_float_ta,vector_float_flu,float_add,exec_do*times,integer_shove,float_tan,vector_float_la,vector_float_indexof,float_sho,float_frominteg,integer_dup,vector_float_stackdepth,exec_sho,vector_float_replace,exec_swap,vector_float_rever,autoconstructive_integer_ra,exec_sw,integer_add,exec_flush,float_flu,float_cos,exec_flu,integer_mod,float_div,vector_float_leng,integer_inc,vector_float_yank,exec_rot,vector_float_flush,float_dec,vector_float_set,integer_pop,vector_float_shove,exec_pop,vector_float_take,vector_float_concat,vector_float_pusha,vector_float_ya,vector_float_remo,float_sin,autoconstructive_integer_rand,vector_float_length,exec_do*count,integer_sub,float_mu,exec_no,vector_float_re,float_dup,integer_r,integer_sho,vector_float_yankd,integer_stackdepth,integer_dec,exec,vector_float_replacefir,vector_float_nth,float_swap,vector_float_co,exec_ya,float_yank,float_flush,float_t,integer_d,integer_a,integer_m,integer_i,vector_float_subv,integer_s,integer_p,vector_float_repla,vector_float_sw
0.000308509544292,5.67373874561e-05,0.000152481728788,7.09217343201e-06,8.51060811841e-05,7.09217343201e-05,3.90069538761e-05,0.0,3.546086716e-06,3.546086716e-06,0.000187942595948,0.000297871284144,5.67373874561e-05,0.0,1.4184346864e-05,1.0638260148e-05,3.546086716e-06,3.546086716e-06,4.25530405921e-05,0.000262410416984,7.09217343201e-06,0.000187942595948,3.90069538761e-05,0.000237587809972,0.0,3.546086716e-06,1.0638260148e-05,0.00019503476938,0.000202126942812,3.546086716e-06,0.000258864330268,1.773043358e-05,7.09217343201e-06,0.000145389555356,3.546086716e-06,0.0,3.546086716e-05,1.4184346864e-05,3.546086716e-06,3.546086716e-06,0.000617019088585,0.000237587809972,0.0001773043358,0.000262410416984,6.02834741721e-05,2.8368693728e-05,0.000163119988936,0.000202126942812,0.00010638260148,1.773043358e-05,0.000560281701129,1.0638260148e-05,0.000102836514764,3.546086716e-06,0.000198580856096,0.000223403463108,0.000113474774912,9.57443413321e-05,2.8368693728e-05,0.000145389555356,0.000691486909621,0.000113474774912,1.0638260148e-05,0.00023049563654,3.546086716e-06,3.546086716e-06,0.0,7.80139077521e-05,1.4184346864e-05,4.60991273081e-05,0.000358154758316,0.0001773043358,9.21982546161e-05,0.000478721706661,0.000131205208492,6.02834741721e-05,0.0,6.73756476041e-05,7.44678210361e-05,0.0001773043358,0.0,0.00010638260148,3.546086716e-05,1.0638260148e-05,0.0001773043358,2.1276520296e-05,3.546086716e-06,3.546086716e-06,8.86521679001e-05,0.0,0.0,0.0,2.8368693728e-05,0.000163119988936,0.000117020861628,0.000234041723256,0.0,6.02834741721e-05,0.0,7.80139077521e-05,0.00010638260148,0.000145389555356,7.09217343201e-06,0.000170212162368,9.21982546161e-05,3.546086716e-06,0.0,3.546086716e-06,7.80139077521e-05,0.0,3.546086716e-06,0.000131205208492,0.0,0.000216311289676,0.00015957390222,3.546086716e-06,7.80139077521e-05,0.000148935642072,3.546086716e-05,0.000312055631008,0.00015957390222,0.000113474774912,0.000166666075652,0.000205673029528,9.57443413321e-05,5.31913007401e-05,0.00015957390222,7.09217343201e-05,3.546086716e-06,1.4184346864e-05,0.000120566948344,1.773043358e-05,0.000262410416984,6.73756476041e-05,0.00019503476938,0.0,3.546086716e-06,7.09217343201e-06,0.000209219116244,7.09217343201e-06,3.546086716e-06,3.1914780444e-05,0.000280140850564,0.000145389555356,0.0,3.546086716e-06,2.1276520296e-05,0.000347516498168,0.0,3.546086716e-06,0.000156027815504,7.09217343201e-05,1.0638260148e-05,9.92904280481e-05,0.0,3.90069538761e-05,3.546086716e-06,0.0,7.09217343201e-06,0.0,1.0638260148e-05,7.09217343201e-06
Gen 282
float_yankdup,integer_swap,vector_float_conj,vector_float_conc,vector_float_occurrencesof,vector_float_replacefirst,vector_float_rest,vector_float_p,vector_float_s,vector_float_r,vector_float_first,integer_fromfloat,vector_float_last,vector_float_d,float_sw,exec_yankd,vector_float_n,exec_do*tim,exec_yankdup,exec_yank,integer_mu,vector_float_remove,vector_float_fir,exec_do*vector_float,float_p,float_r,vector_float_stackdep,vector_float_dup,vector_float_subvec,float_i,exec_do*range,integer_yankd,float_m,integer_rot,float_a,float_c,float_d,integer_stackdep,float_s,vector_float_occurrences,exec_stackdepth,vector_float_swap,vector_float_reverse,float_stackdepth,float_max,exec_do*vector_flo,float_min,vector_float_rot,float_rot,exec_shove,vector_float_pushall,float_stackdep,float_sub,vector_float_sho,integer_div,integer_mult,integer_min,float_shove,integer_flush,float_inc,in1,integer_yank,integer_fromflo,vector_float_yankdup,float_ya,vector_float_butla,integer_sw,float_pop,exec_d,float_yankd,integer_max,exec_dup,exec_k,float_frominteger,float_mult,exec_noop,exec_p,exec_r,exec_s,vector_float_butlast,integer_flu,exec_y,float_mod,integer_ya,integer_yankdup,exec_stackdep,exec_do*ran,vector_float_index,vector_float_pop,exec_do*cou,vector_float_ta,vector_float_flu,float_add,exec_do*times,integer_shove,float_tan,vector_float_la,vector_float_indexof,float_sho,float_frominteg,integer_dup,vector_float_stackdepth,exec_sho,vector_float_replace,exec_swap,vector_float_rever,autoconstructive_integer_ra,exec_sw,integer_add,exec_flush,float_flu,float_cos,exec_flu,integer_mod,float_div,vector_float_leng,integer_inc,vector_float_yank,exec_rot,vector_float_flush,float_dec,vector_float_set,integer_pop,vector_float_shove,exec_pop,vector_float_take,vector_float_concat,vector_float_pusha,vector_float_ya,vector_float_remo,float_sin,autoconstructive_integer_rand,vector_float_length,exec_do*count,integer_sub,float_mu,exec_no,vector_float_re,float_dup,integer_r,integer_sho,vector_float_yankd,integer_stackdepth,integer_dec,exec,vector_float_replacefir,vector_float_nth,float_swap,vector_float_co,exec_ya,float_yank,float_flush,float_t,integer_d,integer_a,integer_m,integer_i,vector_float_subv,integer_s,integer_p,vector_float_repla,vector_float_sw
0.000307419408412,9.54060233003e-05,0.000176677820926,3.53355641853e-06,7.42046847891e-05,8.48053540447e-05,5.30033462779e-05,3.53355641853e-06,0.0,7.06711283706e-06,0.000169610708089,0.000279150957064,3.53355641853e-05,3.53355641853e-06,7.06711283706e-06,1.41342256741e-05,0.0,0.0,7.42046847891e-05,0.000212013385112,7.06711283706e-06,0.000148409369578,2.47348949297e-05,0.000166077151671,0.0,1.06006692556e-05,1.06006692556e-05,0.000208479828693,0.000180211377345,3.53355641853e-06,0.000226147610786,2.82684513482e-05,3.53355641853e-06,0.000106006692556,3.53355641853e-06,0.0,3.53355641853e-05,3.53355641853e-06,7.06711283706e-06,0.0,0.000568902583383,0.000243815392878,0.000173144264508,0.000257949618553,6.0070459115e-05,2.82684513482e-05,0.000127208031067,0.000166077151671,8.12717976262e-05,2.47348949297e-05,0.000477030116501,3.53355641853e-06,9.54060233003e-05,3.53355641853e-06,0.000176677820926,0.000187278490182,0.000113073805393,4.94697898594e-05,1.76677820926e-05,0.000169610708089,0.000632506598917,0.000123674474648,1.06006692556e-05,0.000187278490182,1.06006692556e-05,3.53355641853e-06,3.53355641853e-06,6.36040155335e-05,1.76677820926e-05,2.82684513482e-05,0.000310952964831,0.000212013385112,8.12717976262e-05,0.00043109388306,0.00012014091823,6.7137571952e-05,7.06711283706e-06,5.30033462779e-05,7.06711283706e-05,0.000197879159438,0.0,7.77382412076e-05,1.76677820926e-05,3.53355641853e-06,0.000212013385112,3.88691206038e-05,3.53355641853e-06,3.53355641853e-06,7.77382412076e-05,3.53355641853e-06,0.0,7.06711283706e-06,5.30033462779e-05,0.00012014091823,9.89395797188e-05,0.000180211377345,0.0,6.36040155335e-05,1.06006692556e-05,8.48053540447e-05,8.12717976262e-05,0.000166077151671,0.0,0.000130741587486,7.77382412076e-05,0.0,3.53355641853e-06,7.06711283706e-06,8.48053540447e-05,3.53355641853e-06,0.0,0.000109540248974,0.0,0.000173144264508,0.000148409369578,1.41342256741e-05,7.06711283706e-05,0.000137808700323,3.53355641853e-05,0.000243815392878,0.000127208031067,0.000109540248974,0.00014487581316,0.000190812046601,0.000116607361811,7.77382412076e-05,0.000166077151671,5.65369026965e-05,3.53355641853e-06,1.76677820926e-05,9.18724668817e-05,1.41342256741e-05,0.000197879159438,4.94697898594e-05,0.000162543595252,0.0,3.53355641853e-06,0.0,0.000233214723623,0.0,3.53355641853e-06,3.88691206038e-05,0.000279150957064,0.000127208031067,1.06006692556e-05,0.0,2.47348949297e-05,0.000257949618553,3.53355641853e-06,0.0,0.000134275143904,7.42046847891e-05,3.53355641853e-06,9.54060233003e-05,0.0,2.82684513482e-05,7.06711283706e-06,3.53355641853e-06,3.53355641853e-06,3.53355641853e-06,1.76677820926e-05,1.41342256741e-05
Gen 283
float_yankdup,integer_swap,vector_float_conj,vector_float_conc,vector_float_occurrencesof,vector_float_replacefirst,vector_float_rest,vector_float_p,vector_float_s,vector_float_r,vector_float_first,integer_fromfloat,vector_float_last,vector_float_d,float_sw,exec_yankd,vector_float_n,exec_do*tim,exec_yankdup,exec_yank,integer_mu,vector_float_remove,vector_float_fir,exec_do*vector_float,float_p,float_r,vector_float_stackdep,vector_float_dup,vector_float_subvec,float_i,exec_do*range,integer_yankd,float_m,integer_rot,float_a,float_c,float_d,integer_stackdep,float_s,vector_float_occurrences,exec_stackdepth,vector_float_swap,vector_float_reverse,float_stackdepth,float_max,exec_do*vector_flo,float_min,vector_float_rot,float_rot,exec_shove,vector_float_pushall,float_stackdep,float_sub,vector_float_sho,integer_div,integer_mult,integer_min,float_shove,integer_flush,float_inc,in1,integer_yank,integer_fromflo,vector_float_yankdup,float_ya,vector_float_butla,integer_sw,float_pop,exec_d,float_yankd,integer_max,exec_dup,exec_k,float_frominteger,float_mult,exec_noop,exec_p,exec_r,exec_s,vector_float_butlast,integer_flu,exec_y,float_mod,integer_ya,integer_yankdup,exec_stackdep,exec_do*ran,vector_float_index,vector_float_pop,exec_do*cou,vector_float_ta,vector_float_flu,float_add,exec_do*times,integer_shove,float_tan,vector_float_la,vector_float_indexof,float_sho,float_frominteg,integer_dup,vector_float_stackdepth,exec_sho,vector_float_replace,exec_swap,vector_float_rever,autoconstructive_integer_ra,exec_sw,integer_add,exec_flush,float_flu,float_cos,exec_flu,integer_mod,float_div,vector_float_leng,integer_inc,vector_float_yank,exec_rot,vector_float_flush,float_dec,vector_float_set,integer_pop,vector_float_shove,exec_pop,vector_float_take,vector_float_concat,vector_float_pusha,vector_float_ya,vector_float_remo,float_sin,autoconstructive_integer_rand,vector_float_length,exec_do*count,integer_sub,float_mu,exec_no,vector_float_re,float_dup,integer_r,integer_sho,vector_float_yankd,integer_stackdepth,integer_dec,exec,vector_float_replacefir,vector_float_nth,float_swap,vector_float_co,exec_ya,float_yank,float_flush,float_t,integer_d,integer_a,integer_m,integer_i,vector_float_subv,integer_s,integer_p,vector_float_repla,vector_float_sw
0.000285210263344,4.22533723473e-05,0.000165492375027,1.40844574491e-05,8.09856303323e-05,8.45067446946e-05,6.33800585209e-05,0.0,7.04222872455e-06,0.0,0.000140844574491,0.000292252492069,3.8732257985e-05,7.04222872455e-06,1.40844574491e-05,0.0,3.52111436227e-06,3.52111436227e-06,9.85912021437e-05,0.00023239354791,0.0,0.000179576832476,4.22533723473e-05,0.000183097946838,0.0,1.76055718114e-05,1.05633430868e-05,0.000183097946838,0.000151407917578,3.52111436227e-06,0.000218309090461,3.52111436227e-05,0.0,0.000105633430868,0.0,0.0,3.52111436227e-05,0.0,3.52111436227e-06,7.04222872455e-06,0.000577462755413,0.00023239354791,0.000172534603751,0.000239435776635,3.8732257985e-05,2.11266861736e-05,0.000116196773955,0.000105633430868,0.000105633430868,4.92956010718e-05,0.000528167154341,3.52111436227e-06,0.000116196773955,3.52111436227e-06,0.00015492903194,0.000179576832476,0.000130281231404,6.33800585209e-05,1.40844574491e-05,0.000207745747374,0.00061971612776,9.15489734191e-05,3.52111436227e-06,0.000158450146302,2.11266861736e-05,3.52111436227e-06,3.52111436227e-06,3.8732257985e-05,3.16900292605e-05,4.92956010718e-05,0.000306336949518,0.0001866190612,9.85912021437e-05,0.000408449266024,0.000207745747374,4.92956010718e-05,0.0,2.11266861736e-05,8.09856303323e-05,0.000207745747374,0.0,6.33800585209e-05,1.40844574491e-05,1.05633430868e-05,0.000190140175563,4.92956010718e-05,0.0,3.52111436227e-06,4.22533723473e-05,0.0,3.52111436227e-06,7.04222872455e-06,4.57744867096e-05,0.00010915454523,7.39434016077e-05,0.00020070351865,0.0,8.80278590568e-05,7.04222872455e-06,7.39434016077e-05,0.00010915454523,0.000161971260665,0.0,0.00010915454523,0.00010915454523,7.04222872455e-06,0.0,3.52111436227e-06,8.80278590568e-05,3.52111436227e-06,3.52111436227e-06,0.000151407917578,0.0,0.000151407917578,0.000116196773955,3.52111436227e-06,5.98589441586e-05,0.000133802345766,3.52111436227e-05,0.000190140175563,9.15489734191e-05,9.15489734191e-05,0.00015492903194,0.000193661289925,0.00012323900268,4.92956010718e-05,0.000193661289925,5.28167154341e-05,7.04222872455e-06,2.11266861736e-05,8.80278590568e-05,2.11266861736e-05,0.000193661289925,3.16900292605e-05,0.00012323900268,7.04222872455e-06,3.52111436227e-06,0.0,0.000204224633012,7.04222872455e-06,7.04222872455e-06,2.81689148982e-05,0.000320421406967,0.000126760117042,7.04222872455e-06,7.04222872455e-06,3.16900292605e-05,0.000235914662272,7.04222872455e-06,1.05633430868e-05,0.000144365688853,8.80278590568e-05,3.52111436227e-06,6.33800585209e-05,0.0,4.92956010718e-05,7.04222872455e-06,3.52111436227e-06,1.05633430868e-05,3.52111436227e-06,0.0,0.0
Gen 284
float_yankdup,integer_swap,vector_float_conj,vector_float_conc,vector_float_occurrencesof,vector_float_replacefirst,vector_float_rest,vector_float_p,vector_float_s,vector_float_r,vector_float_first,integer_fromfloat,vector_float_last,vector_float_d,float_sw,exec_yankd,vector_float_n,exec_do*tim,exec_yankdup,exec_yank,integer_mu,vector_float_remove,vector_float_fir,exec_do*vector_float,float_p,float_r,vector_float_stackdep,vector_float_dup,vector_float_subvec,float_i,exec_do*range,integer_yankd,float_m,integer_rot,float_a,float_c,float_d,integer_stackdep,float_s,vector_float_occurrences,exec_stackdepth,vector_float_swap,vector_float_reverse,float_stackdepth,float_max,exec_do*vector_flo,float_min,vector_float_rot,float_rot,exec_shove,vector_float_pushall,float_stackdep,float_sub,vector_float_sho,integer_div,integer_mult,integer_min,float_shove,integer_flush,float_inc,in1,integer_yank,integer_fromflo,vector_float_yankdup,float_ya,vector_float_butla,integer_sw,float_pop,exec_d,float_yankd,integer_max,exec_dup,exec_k,float_frominteger,float_mult,exec_noop,exec_p,exec_r,exec_s,vector_float_butlast,integer_flu,exec_y,float_mod,integer_ya,integer_yankdup,exec_stackdep,exec_do*ran,vector_float_index,vector_float_pop,exec_do*cou,vector_float_ta,vector_float_flu,float_add,exec_do*times,integer_shove,float_tan,vector_float_la,vector_float_indexof,float_sho,float_frominteg,integer_dup,vector_float_stackdepth,exec_sho,vector_float_replace,exec_swap,vector_float_rever,autoconstructive_integer_ra,exec_sw,integer_add,exec_flush,float_flu,float_cos,exec_flu,integer_mod,float_div,vector_float_leng,integer_inc,vector_float_yank,exec_rot,vector_float_flush,float_dec,vector_float_set,integer_pop,vector_float_shove,exec_pop,vector_float_take,vector_float_concat,vector_float_pusha,vector_float_ya,vector_float_remo,float_sin,autoconstructive_integer_rand,vector_float_length,exec_do*count,integer_sub,float_mu,exec_no,vector_float_re,float_dup,integer_r,integer_sho,vector_float_yankd,integer_stackdepth,integer_dec,exec,vector_float_replacefir,vector_float_nth,float_swap,vector_float_co,exec_ya,float_yank,float_flush,float_t,integer_d,integer_a,integer_m,integer_i,vector_float_subv,integer_s,integer_p,vector_float_repla,vector_float_sw
0.000333332163747,6.3157673131e-05,0.000178946740538,1.05262788552e-05,0.000119297827025,0.000101754028933,6.3157673131e-05,0.0,1.05262788552e-05,0.0,0.000242104413669,0.000287718288708,5.26313942758e-05,7.01751923677e-06,1.05262788552e-05,7.01751923677e-06,3.50875961839e-06,3.50875961839e-06,0.000126315346262,0.00034736720222,3.50875961839e-06,0.000242104413669,3.85963558023e-05,0.000245613173287,0.0,3.50875961839e-06,3.50875961839e-06,0.000189473019393,0.000263156971379,3.50875961839e-06,0.00021754309634,1.40350384735e-05,2.10525577103e-05,0.000119297827025,0.0,0.0,5.61401538942e-05,1.05262788552e-05,0.0,0.0,0.000628067971691,0.000277192009853,0.000136841625117,0.000277192009853,5.26313942758e-05,1.75437980919e-05,0.000207016817485,0.000245613173287,0.000119297827025,5.61401538942e-05,0.00052280518314,1.05262788552e-05,0.000126315346262,0.0,0.000312279606036,0.000273683250234,0.00012982410588,4.91226346574e-05,2.45613173287e-05,0.000192981779011,0.000778944635282,0.000182455500156,1.05262788552e-05,0.00019649053863,2.80700769471e-05,0.0,0.0,2.80700769471e-05,0.0,4.21051154206e-05,0.0003052620868,0.00019649053863,8.77189904597e-05,0.000547366500468,0.000157894182827,9.12277500781e-05,3.50875961839e-06,0.000101754028933,9.82452693148e-05,0.000273683250234,0.0,0.000122806586644,2.10525577103e-05,3.50875961839e-06,0.000161402942446,3.50875961839e-05,0.0,3.50875961839e-06,0.000101754028933,0.0,3.50875961839e-06,1.05262788552e-05,4.21051154206e-05,0.000136841625117,0.000161402942446,0.000235086894432,0.0,8.42102308413e-05,3.50875961839e-06,6.66664327494e-05,0.000175437980919,0.000185964259775,7.01751923677e-06,0.000161402942446,9.82452693148e-05,1.05262788552e-05,7.01751923677e-06,0.0,7.01751923677e-05,3.50875961839e-06,0.0,0.000224560615577,0.0,0.000312279606036,0.00019649053863,0.0,7.01751923677e-05,0.000203508057866,3.50875961839e-05,0.000315788365655,0.000168420461683,0.000185964259775,0.000192981779011,0.000340349682984,0.000199999298248,6.66664327494e-05,0.000136841625117,8.77189904597e-05,1.40350384735e-05,3.85963558023e-05,0.000161402942446,2.45613173287e-05,0.00023859565405,5.96489135126e-05,0.000203508057866,7.01751923677e-06,3.50875961839e-06,0.0,0.000294735807945,3.50875961839e-06,3.50875961839e-06,5.96489135126e-05,0.000266665730997,9.47365096965e-05,1.05262788552e-05,3.50875961839e-06,4.5613875039e-05,0.000375437279167,7.01751923677e-06,0.0,0.000175437980919,7.01751923677e-05,7.01751923677e-06,8.07014712229e-05,0.0,3.85963558023e-05,0.0,7.01751923677e-06,7.01751923677e-06,3.50875961839e-06,0.0,3.50875961839e-06
Gen 285
float_yankdup,integer_swap,vector_float_conj,vector_float_conc,vector_float_occurrencesof,vector_float_replacefirst,vector_float_rest,vector_float_p,vector_float_s,vector_float_r,vector_float_first,integer_fromfloat,vector_float_last,vector_float_d,float_sw,exec_yankd,vector_float_n,exec_do*tim,exec_yankdup,exec_yank,integer_mu,vector_float_remove,vector_float_fir,exec_do*vector_float,float_p,float_r,vector_float_stackdep,vector_float_dup,vector_float_subvec,float_i,exec_do*range,integer_yankd,float_m,integer_rot,float_a,float_c,float_d,integer_stackdep,float_s,vector_float_occurrences,exec_stackdepth,vector_float_swap,vector_float_reverse,float_stackdepth,float_max,exec_do*vector_flo,float_min,vector_float_rot,float_rot,exec_shove,vector_float_pushall,float_stackdep,float_sub,vector_float_sho,integer_div,integer_mult,integer_min,float_shove,integer_flush,float_inc,in1,integer_yank,integer_fromflo,vector_float_yankdup,float_ya,vector_float_butla,integer_sw,float_pop,exec_d,float_yankd,integer_max,exec_dup,exec_k,float_frominteger,float_mult,exec_noop,exec_p,exec_r,exec_s,vector_float_butlast,integer_flu,exec_y,float_mod,integer_ya,integer_yankdup,exec_stackdep,exec_do*ran,vector_float_index,vector_float_pop,exec_do*cou,vector_float_ta,vector_float_flu,float_add,exec_do*times,integer_shove,float_tan,vector_float_la,vector_float_indexof,float_sho,float_frominteg,integer_dup,vector_float_stackdepth,exec_sho,vector_float_replace,exec_swap,vector_float_rever,autoconstructive_integer_ra,exec_sw,integer_add,exec_flush,float_flu,float_cos,exec_flu,integer_mod,float_div,vector_float_leng,integer_inc,vector_float_yank,exec_rot,vector_float_flush,float_dec,vector_float_set,integer_pop,vector_float_shove,exec_pop,vector_float_take,vector_float_concat,vector_float_pusha,vector_float_ya,vector_float_remo,float_sin,autoconstructive_integer_rand,vector_float_length,exec_do*count,integer_sub,float_mu,exec_no,vector_float_re,float_dup,integer_r,integer_sho,vector_float_yankd,integer_stackdepth,integer_dec,exec,vector_float_replacefir,vector_float_nth,float_swap,vector_float_co,exec_ya,float_yank,float_flush,float_t,integer_d,integer_a,integer_m,integer_i,vector_float_subv,integer_s,integer_p,vector_float_repla,vector_float_sw
0.000363635092185,7.69228079622e-05,0.000157342107195,1.3985965084e-05,0.000150349124653,0.000125873685756,0.00010489473813,3.49649127101e-06,6.99298254202e-06,3.49649127101e-06,0.000213285967532,0.00031118772312,3.14684214391e-05,1.3985965084e-05,1.7482456355e-05,3.49649127101e-06,0.0,3.49649127101e-06,0.000136363159569,0.000318180705662,3.49649127101e-06,0.000220278950074,3.14684214391e-05,0.000272726319139,0.0,6.99298254202e-06,3.49649127101e-06,0.000199300002448,0.000202796493719,1.0489473813e-05,0.000199300002448,1.7482456355e-05,1.3985965084e-05,0.000118880703214,0.0,3.49649127101e-06,5.94403516072e-05,1.3985965084e-05,3.49649127101e-06,0.0,0.000594403516072,0.000297201758036,0.000146852633382,0.000283215792952,7.34263166912e-05,2.44754388971e-05,0.000192307019906,0.00020629298499,0.000157342107195,7.69228079622e-05,0.000534963164464,3.49649127101e-06,0.000164335089737,3.49649127101e-06,0.000258740354055,0.000251747371513,0.000146852633382,5.24473690651e-05,3.49649127101e-05,0.000209789476261,0.000741256149454,0.000188810528635,1.0489473813e-05,0.000195803511177,6.99298254202e-06,3.49649127101e-06,1.0489473813e-05,3.49649127101e-05,3.49649127101e-06,2.79719301681e-05,0.000353145618372,0.0002412578977,0.000125873685756,0.000527970181922,0.000216782458803,8.74122817752e-05,6.99298254202e-06,5.24473690651e-05,0.000129370177027,0.000269229827868,0.0,0.00010489473813,2.44754388971e-05,0.0,0.000178321054821,5.94403516072e-05,1.3985965084e-05,0.0,0.000108391229401,0.0,6.99298254202e-06,1.3985965084e-05,5.59438603362e-05,0.00013985965084,0.000153845615924,0.000230768423887,0.0,0.000125873685756,0.0,7.69228079622e-05,0.000146852633382,0.000199300002448,3.49649127101e-06,0.000213285967532,0.000132866668298,1.3985965084e-05,0.0,0.0,7.69228079622e-05,0.0,3.49649127101e-06,0.000230768423887,0.0,0.000255243862784,0.000167831581008,3.49649127101e-06,7.34263166912e-05,0.000146852633382,4.19578952521e-05,0.00027622281041,0.000181817546092,0.000150349124653,0.000188810528635,0.000283215792952,0.000164335089737,6.64333341492e-05,0.000157342107195,6.64333341492e-05,1.7482456355e-05,2.79719301681e-05,0.000136363159569,2.09789476261e-05,0.00027622281041,4.19578952521e-05,0.000181817546092,6.99298254202e-06,0.0,0.0,0.000234264915158,3.49649127101e-06,3.49649127101e-06,4.89508777941e-05,0.000342656144559,0.000164335089737,3.14684214391e-05,1.7482456355e-05,5.94403516072e-05,0.000332166670746,1.3985965084e-05,3.49649127101e-06,0.00020629298499,9.09087730462e-05,1.0489473813e-05,7.69228079622e-05,0.0,4.19578952521e-05,6.99298254202e-06,3.49649127101e-06,6.99298254202e-06,6.99298254202e-06,3.49649127101e-06,1.3985965084e-05
Gen 286
float_yankdup,integer_swap,vector_float_conj,vector_float_conc,vector_float_occurrencesof,vector_float_replacefirst,vector_float_rest,vector_float_p,vector_float_s,vector_float_r,vector_float_first,integer_fromfloat,vector_float_last,vector_float_d,float_sw,exec_yankd,vector_float_n,exec_do*tim,exec_yankdup,exec_yank,integer_mu,vector_float_remove,vector_float_fir,exec_do*vector_float,float_p,float_r,vector_float_stackdep,vector_float_dup,vector_float_subvec,float_i,exec_do*range,integer_yankd,float_m,integer_rot,float_a,float_c,float_d,integer_stackdep,float_s,vector_float_occurrences,exec_stackdepth,vector_float_swap,vector_float_reverse,float_stackdepth,float_max,exec_do*vector_flo,float_min,vector_float_rot,float_rot,exec_shove,vector_float_pushall,float_stackdep,float_sub,vector_float_sho,integer_div,integer_mult,integer_min,float_shove,integer_flush,float_inc,in1,integer_yank,integer_fromflo,vector_float_yankdup,float_ya,vector_float_butla,integer_sw,float_pop,exec_d,float_yankd,integer_max,exec_dup,exec_k,float_frominteger,float_mult,exec_noop,exec_p,exec_r,exec_s,vector_float_butlast,integer_flu,exec_y,float_mod,integer_ya,integer_yankdup,exec_stackdep,exec_do*ran,vector_float_index,vector_float_pop,exec_do*cou,vector_float_ta,vector_float_flu,float_add,exec_do*times,integer_shove,float_tan,vector_float_la,vector_float_indexof,float_sho,float_frominteg,integer_dup,vector_float_stackdepth,exec_sho,vector_float_replace,exec_swap,vector_float_rever,autoconstructive_integer_ra,exec_sw,integer_add,exec_flush,float_flu,float_cos,exec_flu,integer_mod,float_div,vector_float_leng,integer_inc,vector_float_yank,exec_rot,vector_float_flush,float_dec,vector_float_set,integer_pop,vector_float_shove,exec_pop,vector_float_take,vector_float_concat,vector_float_pusha,vector_float_ya,vector_float_remo,float_sin,autoconstructive_integer_rand,vector_float_length,exec_do*count,integer_sub,float_mu,exec_no,vector_float_re,float_dup,integer_r,integer_sho,vector_float_yankd,integer_stackdepth,integer_dec,exec,vector_float_replacefir,vector_float_nth,float_swap,vector_float_co,exec_ya,float_yank,float_flush,float_t,integer_d,integer_a,integer_m,integer_i,vector_float_subv,integer_s,integer_p,vector_float_repla,vector_float_sw
0.000362368075373,5.57489346727e-05,0.000160278187184,2.78744673364e-05,0.000108013560928,0.000108013560928,0.000125435103014,0.0,3.48430841704e-06,0.0,0.000195121271354,0.0003066191407,6.27175515068e-05,2.09058505023e-05,1.74215420852e-05,1.04529252511e-05,3.48430841704e-06,3.48430841704e-06,0.000114982177762,0.000282228981781,1.04529252511e-05,0.000243901589193,2.09058505023e-05,0.000261323131278,3.48430841704e-06,3.48430841704e-06,3.48430841704e-06,0.000254354514444,0.000167246804018,1.04529252511e-05,0.000240417280776,1.39372336682e-05,3.48430841704e-06,7.31704767579e-05,0.0,0.0,6.27175515068e-05,1.04529252511e-05,1.39372336682e-05,6.96861683409e-06,0.000452960094216,0.000261323131278,0.000177699729269,0.000226480047108,5.22646262557e-05,2.43901589193e-05,0.000108013560928,0.000174215420852,0.000128919411431,5.92332430897e-05,0.000505224720471,3.48430841704e-06,0.000184668346103,1.04529252511e-05,0.000257838822861,0.000198605579771,0.000163762495601,5.57489346727e-05,3.48430841704e-05,0.000209058505023,0.000700345991826,0.00018815265452,6.96861683409e-06,0.000261323131278,3.48430841704e-06,0.0,3.48430841704e-06,3.13587757534e-05,1.04529252511e-05,2.78744673364e-05,0.000334493608036,0.00021254281344,8.0139093592e-05,0.000501740412054,0.000202089888189,5.57489346727e-05,0.0,3.48430841704e-05,9.05920188431e-05,0.000202089888189,3.48430841704e-06,9.75606356772e-05,2.09058505023e-05,1.39372336682e-05,0.00015330957035,4.87803178386e-05,3.48430841704e-06,3.48430841704e-06,9.75606356772e-05,0.0,6.96861683409e-06,0.0,3.48430841704e-05,0.000132403719848,0.000181184037686,0.000219511430274,0.0,0.000128919411431,0.0,3.48430841704e-05,0.000132403719848,0.00015330957035,0.0,0.000177699729269,0.000104529252511,1.74215420852e-05,0.0,0.0,9.40763272602e-05,3.48430841704e-06,3.48430841704e-06,0.000240417280776,0.0,0.00021254281344,0.000170731112435,3.48430841704e-06,3.83273925875e-05,0.00015330957035,6.96861683409e-05,0.000216027121857,0.000149825261933,0.000163762495601,0.000170731112435,0.000264807439695,0.000101044944094,3.48430841704e-05,0.000156793878767,5.22646262557e-05,2.43901589193e-05,2.78744673364e-05,0.000114982177762,3.48430841704e-05,0.000233448663942,6.27175515068e-05,0.000202089888189,6.96861683409e-06,0.0,0.0,0.000195121271354,6.96861683409e-06,1.04529252511e-05,2.78744673364e-05,0.000362368075373,0.000118466486179,2.09058505023e-05,2.43901589193e-05,3.48430841704e-05,0.000299650523866,0.0,6.96861683409e-06,0.000167246804018,9.40763272602e-05,0.0,0.000111497869345,0.0,6.62018599238e-05,3.48430841704e-06,3.48430841704e-06,0.0,1.39372336682e-05,0.0,1.04529252511e-05
Gen 287
float_yankdup,integer_swap,vector_float_conj,vector_float_conc,vector_float_occurrencesof,vector_float_replacefirst,vector_float_rest,vector_float_p,vector_float_s,vector_float_r,vector_float_first,integer_fromfloat,vector_float_last,vector_float_d,float_sw,exec_yankd,vector_float_n,exec_do*tim,exec_yankdup,exec_yank,integer_mu,vector_float_remove,vector_float_fir,exec_do*vector_float,float_p,float_r,vector_float_stackdep,vector_float_dup,vector_float_subvec,float_i,exec_do*range,integer_yankd,float_m,integer_rot,float_a,float_c,float_d,integer_stackdep,float_s,vector_float_occurrences,exec_stackdepth,vector_float_swap,vector_float_reverse,float_stackdepth,float_max,exec_do*vector_flo,float_min,vector_float_rot,float_rot,exec_shove,vector_float_pushall,float_stackdep,float_sub,vector_float_sho,integer_div,integer_mult,integer_min,float_shove,integer_flush,float_inc,in1,integer_yank,integer_fromflo,vector_float_yankdup,float_ya,vector_float_butla,integer_sw,float_pop,exec_d,float_yankd,integer_max,exec_dup,exec_k,float_frominteger,float_mult,exec_noop,exec_p,exec_r,exec_s,vector_float_butlast,integer_flu,exec_y,float_mod,integer_ya,integer_yankdup,exec_stackdep,exec_do*ran,vector_float_index,vector_float_pop,exec_do*cou,vector_float_ta,vector_float_flu,float_add,exec_do*times,integer_shove,float_tan,vector_float_la,vector_float_indexof,float_sho,float_frominteg,integer_dup,vector_float_stackdepth,exec_sho,vector_float_replace,exec_swap,vector_float_rever,autoconstructive_integer_ra,exec_sw,integer_add,exec_flush,float_flu,float_cos,exec_flu,integer_mod,float_div,vector_float_leng,integer_inc,vector_float_yank,exec_rot,vector_float_flush,float_dec,vector_float_set,integer_pop,vector_float_shove,exec_pop,vector_float_take,vector_float_concat,vector_float_pusha,vector_float_ya,vector_float_remo,float_sin,autoconstructive_integer_rand,vector_float_length,exec_do*count,integer_sub,float_mu,exec_no,vector_float_re,float_dup,integer_r,integer_sho,vector_float_yankd,integer_stackdepth,integer_dec,exec,vector_float_replacefir,vector_float_nth,float_swap,vector_float_co,exec_ya,float_yank,float_flush,float_t,integer_d,integer_a,integer_m,integer_i,vector_float_subv,integer_s,integer_p,vector_float_repla,vector_float_sw
0.000319443335266,8.33330439825e-05,0.000177082718463,3.47221016594e-06,9.02774643144e-05,7.63886236506e-05,8.68052541484e-05,3.47221016594e-06,3.47221016594e-06,3.47221016594e-06,0.000187499348961,0.000243054711616,7.63886236506e-05,0.0,1.04166304978e-05,0.0,0.0,0.0,8.68052541484e-05,0.000326387755598,3.47221016594e-06,0.000211804820122,1.73610508297e-05,0.000246526921782,0.0,3.47221016594e-06,0.0,0.000211804820122,0.000187499348961,1.38888406637e-05,0.00022222145062,1.73610508297e-05,6.94442033187e-06,7.63886236506e-05,3.47221016594e-06,3.47221016594e-06,3.47221016594e-05,6.94442033187e-06,1.04166304978e-05,6.94442033187e-06,0.000482637213065,0.000263887972611,0.000131943986306,0.00020486039979,3.12498914934e-05,3.81943118253e-05,0.000142360616803,0.000173610508297,0.000124999565974,5.5555362655e-05,0.000548609206218,3.47221016594e-06,0.000156249457467,0.0,0.000260415762445,0.000184027138795,0.000177082718463,4.16665219912e-05,4.86109423231e-05,0.000170138298131,0.000656247721362,0.000197915979458,1.04166304978e-05,0.00023958250145,6.94442033187e-06,1.04166304978e-05,6.94442033187e-06,3.12498914934e-05,3.47221016594e-06,2.77776813275e-05,0.00035069322676,0.000274304603109,4.51387321572e-05,0.000520831524891,0.000249999131947,5.90275728209e-05,6.94442033187e-06,4.16665219912e-05,7.98608338165e-05,0.000232638081118,1.04166304978e-05,8.68052541484e-05,3.12498914934e-05,1.04166304978e-05,0.000138888406637,7.98608338165e-05,3.47221016594e-06,3.47221016594e-06,9.72218846462e-05,0.0,6.94442033187e-06,3.47221016594e-06,3.47221016594e-05,0.00011111072531,0.000177082718463,0.000256943552279,0.0,0.000121527355808,0.0,5.90275728209e-05,0.000131943986306,0.000180554928629,0.0,0.000138888406637,8.33330439825e-05,2.77776813275e-05,3.47221016594e-06,3.47221016594e-06,6.59719931528e-05,3.47221016594e-06,6.94442033187e-06,0.000236110291284,0.0,0.000225693660786,0.00012847177614,0.0,5.20831524891e-05,7.98608338165e-05,4.16665219912e-05,0.000243054711616,0.000138888406637,0.000173610508297,0.000211804820122,0.000229165870952,0.000114582935476,4.16665219912e-05,0.000135416196472,4.86109423231e-05,3.12498914934e-05,2.77776813275e-05,0.00012847177614,1.73610508297e-05,0.000253471342113,4.51387321572e-05,0.000184027138795,6.94442033187e-06,0.0,0.0,0.000215277030288,0.0,3.47221016594e-06,2.43054711616e-05,0.00035069322676,0.000121527355808,2.43054711616e-05,4.86109423231e-05,3.12498914934e-05,0.000288193443773,3.47221016594e-06,2.43054711616e-05,0.000149305037135,0.000135416196472,3.47221016594e-06,6.24997829869e-05,3.47221016594e-06,5.20831524891e-05,0.0,6.94442033187e-06,1.04166304978e-05,1.04166304978e-05,3.47221016594e-06,1.04166304978e-05
Gen 288
float_yankdup,integer_swap,vector_float_conj,vector_float_conc,vector_float_occurrencesof,vector_float_replacefirst,vector_float_rest,vector_float_p,vector_float_s,vector_float_r,vector_float_first,integer_fromfloat,vector_float_last,vector_float_d,float_sw,exec_yankd,vector_float_n,exec_do*tim,exec_yankdup,exec_yank,integer_mu,vector_float_remove,vector_float_fir,exec_do*vector_float,float_p,float_r,vector_float_stackdep,vector_float_dup,vector_float_subvec,float_i,exec_do*range,integer_yankd,float_m,integer_rot,float_a,float_c,float_d,integer_stackdep,float_s,vector_float_occurrences,exec_stackdepth,vector_float_swap,vector_float_reverse,float_stackdepth,float_max,exec_do*vector_flo,float_min,vector_float_rot,float_rot,exec_shove,vector_float_pushall,float_stackdep,float_sub,vector_float_sho,integer_div,integer_mult,integer_min,float_shove,integer_flush,float_inc,in1,integer_yank,integer_fromflo,vector_float_yankdup,float_ya,vector_float_butla,integer_sw,float_pop,exec_d,float_yankd,integer_max,exec_dup,exec_k,float_frominteger,float_mult,exec_noop,exec_p,exec_r,exec_s,vector_float_butlast,integer_flu,exec_y,float_mod,integer_ya,integer_yankdup,exec_stackdep,exec_do*ran,vector_float_index,vector_float_pop,exec_do*cou,vector_float_ta,vector_float_flu,float_add,exec_do*times,integer_shove,float_tan,vector_float_la,vector_float_indexof,float_sho,float_frominteg,integer_dup,vector_float_stackdepth,exec_sho,vector_float_replace,exec_swap,vector_float_rever,autoconstructive_integer_ra,exec_sw,integer_add,exec_flush,float_flu,float_cos,exec_flu,integer_mod,float_div,vector_float_leng,integer_inc,vector_float_yank,exec_rot,vector_float_flush,float_dec,vector_float_set,integer_pop,vector_float_shove,exec_pop,vector_float_take,vector_float_concat,vector_float_pusha,vector_float_ya,vector_float_remo,float_sin,autoconstructive_integer_rand,vector_float_length,exec_do*count,integer_sub,float_mu,exec_no,vector_float_re,float_dup,integer_r,integer_sho,vector_float_yankd,integer_stackdepth,integer_dec,exec,vector_float_replacefir,vector_float_nth,float_swap,vector_float_co,exec_ya,float_yank,float_flush,float_t,integer_d,integer_a,integer_m,integer_i,vector_float_subv,integer_s,integer_p,vector_float_repla,vector_float_sw
0.000311417607552,7.61243040682e-05,0.000155708803776,3.46019563946e-06,8.65048909865e-05,5.53631302314e-05,6.57437171498e-05,0.0,3.46019563946e-06,3.46019563946e-06,0.000166089390694,0.00032179819447,0.000107266064823,3.46019563946e-06,1.38407825578e-05,3.46019563946e-06,0.0,3.46019563946e-06,9.68854779049e-05,0.00038408171598,3.46019563946e-06,0.000224912716565,1.03805869184e-05,0.000242213694762,3.46019563946e-06,3.46019563946e-06,3.46019563946e-06,0.00025951467296,0.000152248608136,3.46019563946e-06,0.000228372912204,0.0,2.42213694762e-05,7.95844997076e-05,3.46019563946e-06,0.0,4.15223476735e-05,1.03805869184e-05,1.38407825578e-05,0.0,0.000543250715395,0.000335638977028,0.000114186456102,0.000228372912204,3.46019563946e-05,3.80621520341e-05,0.000169549586334,0.000148788412497,0.000124567043021,9.68854779049e-05,0.000564011889232,0.0,0.000211071934007,1.03805869184e-05,0.000224912716565,0.000176469977613,0.000211071934007,5.88233258708e-05,2.42213694762e-05,0.000179930173252,0.000626295410743,0.000200691347089,1.38407825578e-05,0.000269895259878,0.0,0.0,0.0,5.19029345919e-05,6.92039127892e-06,3.11417607552e-05,0.000380621520341,0.000301037020633,0.000107266064823,0.000494807976443,0.000249134086041,7.95844997076e-05,0.0,3.11417607552e-05,0.000114186456102,0.00019031076017,1.03805869184e-05,0.000100345673544,2.42213694762e-05,0.0,0.000100345673544,6.22835215103e-05,1.03805869184e-05,0.0,9.34252822655e-05,0.0,0.0,3.46019563946e-06,3.11417607552e-05,8.30446953471e-05,0.000117646651742,0.000211071934007,0.0,0.0001314874343,0.0,8.9965086626e-05,0.00012802723866,0.000183390368891,0.0,0.000152248608136,0.000103805869184,1.38407825578e-05,3.46019563946e-06,6.92039127892e-06,8.30446953471e-05,0.0,0.0,0.000224912716565,0.0,0.000231833107844,8.30446953471e-05,6.92039127892e-06,5.53631302314e-05,7.95844997076e-05,2.76815651157e-05,0.000245673890402,0.000169549586334,0.000134947629939,0.00019377095581,0.00025951467296,8.30446953471e-05,2.07611738368e-05,0.000138407825578,7.95844997076e-05,2.76815651157e-05,3.11417607552e-05,0.000141868021218,1.73009781973e-05,0.000287196238075,6.57437171498e-05,0.000179930173252,3.46019563946e-06,6.92039127892e-06,1.03805869184e-05,0.000204151542728,3.46019563946e-06,6.92039127892e-06,1.73009781973e-05,0.000373701129062,0.000114186456102,1.73009781973e-05,4.84427389525e-05,2.42213694762e-05,0.000242213694762,6.92039127892e-06,2.07611738368e-05,0.000169549586334,0.000166089390694,1.03805869184e-05,9.34252822655e-05,3.46019563946e-06,4.15223476735e-05,3.46019563946e-06,6.92039127892e-06,3.46019563946e-06,3.46019563946e-06,1.38407825578e-05,3.46019563946e-06
Gen 289
float_yankdup,integer_swap,vector_float_conj,vector_float_conc,vector_float_occurrencesof,vector_float_replacefirst,vector_float_rest,vector_float_p,vector_float_s,vector_float_r,vector_float_first,integer_fromfloat,vector_float_last,vector_float_d,float_sw,exec_yankd,vector_float_n,exec_do*tim,exec_yankdup,exec_yank,integer_mu,vector_float_remove,vector_float_fir,exec_do*vector_float,float_p,float_r,vector_float_stackdep,vector_float_dup,vector_float_subvec,float_i,exec_do*range,integer_yankd,float_m,integer_rot,float_a,float_c,float_d,integer_stackdep,float_s,vector_float_occurrences,exec_stackdepth,vector_float_swap,vector_float_reverse,float_stackdepth,float_max,exec_do*vector_flo,float_min,vector_float_rot,float_rot,exec_shove,vector_float_pushall,float_stackdep,float_sub,vector_float_sho,integer_div,integer_mult,integer_min,float_shove,integer_flush,float_inc,in1,integer_yank,integer_fromflo,vector_float_yankdup,float_ya,vector_float_butla,integer_sw,float_pop,exec_d,float_yankd,integer_max,exec_dup,exec_k,float_frominteger,float_mult,exec_noop,exec_p,exec_r,exec_s,vector_float_butlast,integer_flu,exec_y,float_mod,integer_ya,integer_yankdup,exec_stackdep,exec_do*ran,vector_float_index,vector_float_pop,exec_do*cou,vector_float_ta,vector_float_flu,float_add,exec_do*times,integer_shove,float_tan,vector_float_la,vector_float_indexof,float_sho,float_frominteg,integer_dup,vector_float_stackdepth,exec_sho,vector_float_replace,exec_swap,vector_float_rever,autoconstructive_integer_ra,exec_sw,integer_add,exec_flush,float_flu,float_cos,exec_flu,integer_mod,float_div,vector_float_leng,integer_inc,vector_float_yank,exec_rot,vector_float_flush,float_dec,vector_float_set,integer_pop,vector_float_shove,exec_pop,vector_float_take,vector_float_concat,vector_float_pusha,vector_float_ya,vector_float_remo,float_sin,autoconstructive_integer_rand,vector_float_length,exec_do*count,integer_sub,float_mu,exec_no,vector_float_re,float_dup,integer_r,integer_sho,vector_float_yankd,integer_stackdepth,integer_dec,exec,vector_float_replacefir,vector_float_nth,float_swap,vector_float_co,exec_ya,float_yank,float_flush,float_t,integer_d,integer_a,integer_m,integer_i,vector_float_subv,integer_s,integer_p,vector_float_repla,vector_float_sw
0.000317240285378,0.000120689239003,0.000224137158148,3.4482639715e-06,0.000127585766946,0.000120689239003,3.79309036865e-05,0.0,0.0,6.89652794301e-06,0.000255171533891,0.000431032996438,0.000124137502974,3.4482639715e-06,2.7586111772e-05,3.4482639715e-06,6.89652794301e-06,6.89652794301e-06,0.000134482294889,0.000393102092751,6.89652794301e-06,0.000279309381692,2.0689583829e-05,0.000310343757435,0.0,3.4482639715e-06,3.4482639715e-06,0.000282757645663,0.000231033686091,3.4482639715e-06,0.000199999310347,0.0,1.3793055886e-05,0.00011379271106,3.4482639715e-06,3.4482639715e-06,4.48274316295e-05,1.03447919145e-05,1.3793055886e-05,3.4482639715e-06,0.000713790642101,0.000306895493464,0.00013793055886,0.000293102437578,5.51722235441e-05,2.0689583829e-05,0.000231033686091,0.000158620142689,0.000151723614746,0.000103447919145,0.0006413770987,3.4482639715e-06,0.000193102782404,1.03447919145e-05,0.000286205909635,0.000186206254461,0.00020689583829,7.93100713446e-05,1.3793055886e-05,0.000248275005948,0.000703445850187,0.000193102782404,6.89652794301e-06,0.000217240630205,1.03447919145e-05,3.4482639715e-06,0.0,6.55170154586e-05,1.03447919145e-05,1.72413198575e-05,0.000410343412609,0.000403446884666,0.000124137502974,0.000565515291327,0.000272412853749,0.000120689239003,3.4482639715e-06,1.72413198575e-05,0.000144827086803,0.000362067717008,1.03447919145e-05,0.000117240975031,4.8275695601e-05,3.4482639715e-06,0.000189654518433,8.62065992876e-05,6.89652794301e-06,6.89652794301e-06,0.000103447919145,0.0,3.4482639715e-06,3.4482639715e-06,3.4482639715e-05,0.000155171878718,0.000127585766946,0.000282757645663,6.89652794301e-06,0.00013793055886,6.89652794301e-06,0.000158620142689,0.000141378822832,0.000296550701549,0.0,0.000165516670632,0.000117240975031,1.03447919145e-05,0.0,6.89652794301e-06,9.65513912021e-05,0.0,3.4482639715e-06,0.000193102782404,0.0,0.000227585422119,9.65513912021e-05,6.89652794301e-06,8.62065992876e-05,0.000106896183117,6.20687514871e-05,0.000241378478005,0.000172413198575,0.000217240630205,0.000313792021407,0.000255171533891,0.00013793055886,5.86204875156e-05,0.00027586111772,9.31031272306e-05,2.0689583829e-05,2.0689583829e-05,0.00018275799049,3.10343757435e-05,0.000272412853749,5.86204875156e-05,0.000213792366233,6.89652794301e-06,3.4482639715e-06,3.4482639715e-06,0.00025172326992,1.03447919145e-05,0.0,4.1379167658e-05,0.000496550011897,0.000110344447088,2.41378478005e-05,3.79309036865e-05,7.24135434016e-05,0.000348274661122,6.89652794301e-06,2.41378478005e-05,0.000213792366233,0.000155171878718,1.72413198575e-05,4.8275695601e-05,1.03447919145e-05,3.10343757435e-05,0.0,3.10343757435e-05,3.4482639715e-06,6.89652794301e-06,1.03447919145e-05,6.89652794301e-06
Gen 290
float_yankdup,integer_swap,vector_float_conj,vector_float_conc,vector_float_occurrencesof,vector_float_replacefirst,vector_float_rest,vector_float_p,vector_float_s,vector_float_r,vector_float_first,integer_fromfloat,vector_float_last,vector_float_d,float_sw,exec_yankd,vector_float_n,exec_do*tim,exec_yankdup,exec_yank,integer_mu,vector_float_remove,vector_float_fir,exec_do*vector_float,float_p,float_r,vector_float_stackdep,vector_float_dup,vector_float_subvec,float_i,exec_do*range,integer_yankd,float_m,integer_rot,float_a,float_c,float_d,integer_stackdep,float_s,vector_float_occurrences,exec_stackdepth,vector_float_swap,vector_float_reverse,float_stackdepth,float_max,exec_do*vector_flo,float_min,vector_float_rot,float_rot,exec_shove,vector_float_pushall,float_stackdep,float_sub,vector_float_sho,integer_div,integer_mult,integer_min,float_shove,integer_flush,float_inc,in1,integer_yank,integer_fromflo,vector_float_yankdup,float_ya,vector_float_butla,integer_sw,float_pop,exec_d,float_yankd,integer_max,exec_dup,exec_k,float_frominteger,float_mult,exec_noop,exec_p,exec_r,exec_s,vector_float_butlast,integer_flu,exec_y,float_mod,integer_ya,integer_yankdup,exec_stackdep,exec_do*ran,vector_float_index,vector_float_pop,exec_do*cou,vector_float_ta,vector_float_flu,float_add,exec_do*times,integer_shove,float_tan,vector_float_la,vector_float_indexof,float_sho,float_frominteg,integer_dup,vector_float_stackdepth,exec_sho,vector_float_replace,exec_swap,vector_float_rever,autoconstructive_integer_ra,exec_sw,integer_add,exec_flush,float_flu,float_cos,exec_flu,integer_mod,float_div,vector_float_leng,integer_inc,vector_float_yank,exec_rot,vector_float_flush,float_dec,vector_float_set,integer_pop,vector_float_shove,exec_pop,vector_float_take,vector_float_concat,vector_float_pusha,vector_float_ya,vector_float_remo,float_sin,autoconstructive_integer_rand,vector_float_length,exec_do*count,integer_sub,float_mu,exec_no,vector_float_re,float_dup,integer_r,integer_sho,vector_float_yankd,integer_stackdepth,integer_dec,exec,vector_float_replacefir,vector_float_nth,float_swap,vector_float_co,exec_ya,float_yank,float_flush,float_t,integer_d,integer_a,integer_m,integer_i,vector_float_subv,integer_s,integer_p,vector_float_repla,vector_float_sw
0.000329895773554,0.000113401672159,0.00019243920124,3.43641430785e-06,0.000109965257851,0.000127147329391,4.810980031e-05,3.43641430785e-06,0.0,6.87282861571e-06,0.000230239758626,0.000443297445713,9.96560149278e-05,1.37456572314e-05,2.4054900155e-05,3.43641430785e-06,3.43641430785e-06,3.43641430785e-06,0.000151202229546,0.000426115374174,1.37456572314e-05,0.000343641430785,3.09277287707e-05,0.000292095216168,0.0,0.0,1.03092429236e-05,0.000250858244473,0.000257731073089,1.71820715393e-05,0.000250858244473,1.37456572314e-05,4.12369716943e-05,6.18554575414e-05,0.0,6.87282861571e-06,3.78005573864e-05,1.03092429236e-05,6.87282861571e-06,3.43641430785e-06,0.00070446493311,0.000271476730321,0.000147765815238,0.000285222387552,3.78005573864e-05,4.12369716943e-05,0.000219930515703,0.000168384301085,0.000109965257851,7.56011147728e-05,0.000573881189412,1.03092429236e-05,0.000226803344318,1.37456572314e-05,0.000237112587242,0.000216494101395,0.000213057687087,8.24739433885e-05,1.03092429236e-05,0.000274913144628,0.000728519833265,0.000268040316013,3.43641430785e-06,0.000274913144628,3.43641430785e-06,1.03092429236e-05,0.0,5.15462146178e-05,6.87282861571e-06,1.71820715393e-05,0.000395187645403,0.000353950673709,0.000147765815238,0.000580754018027,0.000264603901705,8.93467720042e-05,6.87282861571e-06,3.09277287707e-05,0.000116838086467,0.000295531630475,2.06184858471e-05,0.000109965257851,7.21647004649e-05,6.87282861571e-06,0.000185566372624,6.87282861571e-05,6.87282861571e-06,3.43641430785e-06,9.62196006199e-05,0.0,0.0,1.03092429236e-05,4.46733860021e-05,0.00014432940093,0.000123710915083,0.000333332187862,3.43641430785e-06,0.000140892986622,6.87282861571e-06,0.000103092429236,9.27831863121e-05,0.000254294658781,3.43641430785e-06,0.000171820715393,0.000123710915083,1.03092429236e-05,0.0,2.74913144628e-05,0.000116838086467,0.0,3.43641430785e-06,0.000195875615548,0.0,0.000209621272779,0.000137456572314,1.03092429236e-05,0.000109965257851,0.000127147329391,9.62196006199e-05,0.000250858244473,0.000171820715393,0.000158075058161,0.000274913144628,0.00024054900155,0.000154638643853,8.59103576964e-05,0.000178693544008,3.78005573864e-05,2.74913144628e-05,1.03092429236e-05,0.000140892986622,1.37456572314e-05,0.000257731073089,5.84190432335e-05,0.000175257129701,1.03092429236e-05,3.43641430785e-06,0.0,0.000264603901705,0.0,0.0,6.18554575414e-05,0.00056013553218,0.000147765815238,3.43641430785e-05,4.46733860021e-05,4.12369716943e-05,0.000374569159556,3.09277287707e-05,3.78005573864e-05,0.000175257129701,0.000154638643853,1.03092429236e-05,6.18554575414e-05,1.03092429236e-05,3.78005573864e-05,0.0,3.43641430785e-06,0.0,1.71820715393e-05,3.09277287707e-05,1.71820715393e-05
Gen 291
float_yankdup,integer_swap,vector_float_conj,vector_float_conc,vector_float_occurrencesof,vector_float_replacefirst,vector_float_rest,vector_float_p,vector_float_s,vector_float_r,vector_float_first,integer_fromfloat,vector_float_last,vector_float_d,float_sw,exec_yankd,vector_float_n,exec_do*tim,exec_yankdup,exec_yank,integer_mu,vector_float_remove,vector_float_fir,exec_do*vector_float,float_p,float_r,vector_float_stackdep,vector_float_dup,vector_float_subvec,float_i,exec_do*range,integer_yankd,float_m,integer_rot,float_a,float_c,float_d,integer_stackdep,float_s,vector_float_occurrences,exec_stackdepth,vector_float_swap,vector_float_reverse,float_stackdepth,float_max,exec_do*vector_flo,float_min,vector_float_rot,float_rot,exec_shove,vector_float_pushall,float_stackdep,float_sub,vector_float_sho,integer_div,integer_mult,integer_min,float_shove,integer_flush,float_inc,in1,integer_yank,integer_fromflo,vector_float_yankdup,float_ya,vector_float_butla,integer_sw,float_pop,exec_d,float_yankd,integer_max,exec_dup,exec_k,float_frominteger,float_mult,exec_noop,exec_p,exec_r,exec_s,vector_float_butlast,integer_flu,exec_y,float_mod,integer_ya,integer_yankdup,exec_stackdep,exec_do*ran,vector_float_index,vector_float_pop,exec_do*cou,vector_float_ta,vector_float_flu,float_add,exec_do*times,integer_shove,float_tan,vector_float_la,vector_float_indexof,float_sho,float_frominteg,integer_dup,vector_float_stackdepth,exec_sho,vector_float_replace,exec_swap,vector_float_rever,autoconstructive_integer_ra,exec_sw,integer_add,exec_flush,float_flu,float_cos,exec_flu,integer_mod,float_div,vector_float_leng,integer_inc,vector_float_yank,exec_rot,vector_float_flush,float_dec,vector_float_set,integer_pop,vector_float_shove,exec_pop,vector_float_take,vector_float_concat,vector_float_pusha,vector_float_ya,vector_float_remo,float_sin,autoconstructive_integer_rand,vector_float_length,exec_do*count,integer_sub,float_mu,exec_no,vector_float_re,float_dup,integer_r,integer_sho,vector_float_yankd,integer_stackdepth,integer_dec,exec,vector_float_replacefir,vector_float_nth,float_swap,vector_float_co,exec_ya,float_yank,float_flush,float_t,integer_d,integer_a,integer_m,integer_i,vector_float_subv,integer_s,integer_p,vector_float_repla,vector_float_sw
0.000410957496721,0.0001712322903,0.000229451269003,0.0,0.000116437957404,0.000130136540628,4.45203954781e-05,3.42464580601e-06,0.0,1.3698583224e-05,0.000219177331584,0.000428080725751,0.000208903394166,2.0547874836e-05,3.42464580601e-05,6.84929161202e-06,6.84929161202e-06,1.0273937418e-05,0.000140410478046,0.000455477892199,6.84929161202e-06,0.000308218122541,1.712322903e-05,0.000373286392855,0.0,3.42464580601e-06,1.712322903e-05,0.000294519539317,0.000267122372869,1.3698583224e-05,0.000328765997377,3.42464580601e-06,3.08218122541e-05,0.000150684415464,0.0,3.42464580601e-06,5.47943328961e-05,6.84929161202e-06,3.42464580601e-06,6.84929161202e-06,0.000784243889576,0.000369861747049,0.000157533707076,0.000297944185123,7.87668535382e-05,6.50682703141e-05,0.000270547018675,0.000157533707076,0.00015410906127,0.000116437957404,0.000654107348947,6.84929161202e-06,0.000202054102554,1.0273937418e-05,0.000277396310287,0.000202054102554,0.000287670247705,0.000140410478046,2.0547874836e-05,0.000270547018675,0.000818490347636,0.000318492059959,1.3698583224e-05,0.000321916705765,3.42464580601e-06,6.84929161202e-06,6.84929161202e-06,4.79450412841e-05,6.84929161202e-06,2.0547874836e-05,0.000534244745737,0.000363012455437,0.000178081581912,0.000660956640559,0.000328765997377,0.000157533707076,1.3698583224e-05,3.08218122541e-05,0.000116437957404,0.000332190643183,3.42464580601e-06,0.000167807644494,0.000116437957404,6.84929161202e-06,0.000181506227718,8.56161451502e-05,6.84929161202e-06,3.76711038661e-05,0.000133561186434,0.0,0.0,0.0,8.90407909562e-05,0.000191780165136,0.000157533707076,0.000369861747049,0.0,0.000133561186434,0.0,8.90407909562e-05,0.000123287249016,0.000308218122541,0.0,0.000133561186434,0.000123287249016,3.08218122541e-05,3.42464580601e-06,1.712322903e-05,0.00018835551933,0.0,0.0,0.000219177331584,0.0,0.000287670247705,0.000246574498033,1.3698583224e-05,0.00010273937418,0.00015410906127,0.00013698583224,0.000249999143839,0.000198629456748,0.00022260197739,0.000294519539317,0.000349313872213,0.00013698583224,4.79450412841e-05,0.000256848435451,4.10957496721e-05,1.0273937418e-05,3.08218122541e-05,0.000219177331584,3.76711038661e-05,0.000393834267691,0.000109588665792,0.000246574498033,6.84929161202e-06,3.42464580601e-06,0.0,0.000301368830929,3.42464580601e-06,3.42464580601e-06,2.73971664481e-05,0.000561641912185,0.000198629456748,3.76711038661e-05,4.79450412841e-05,4.10957496721e-05,0.000407532850915,3.76711038661e-05,1.3698583224e-05,0.000212328039972,0.00020547874836,1.3698583224e-05,5.47943328961e-05,3.42464580601e-06,3.08218122541e-05,0.0,6.84929161202e-06,0.0,6.84929161202e-06,1.3698583224e-05,2.73971664481e-05
Gen 292
float_yankdup,integer_swap,vector_float_conj,vector_float_conc,vector_float_occurrencesof,vector_float_replacefirst,vector_float_rest,vector_float_p,vector_float_s,vector_float_r,vector_float_first,integer_fromfloat,vector_float_last,vector_float_d,float_sw,exec_yankd,vector_float_n,exec_do*tim,exec_yankdup,exec_yank,integer_mu,vector_float_remove,vector_float_fir,exec_do*vector_float,float_p,float_r,vector_float_stackdep,vector_float_dup,vector_float_subvec,float_i,exec_do*range,integer_yankd,float_m,integer_rot,float_a,float_c,float_d,integer_stackdep,float_s,vector_float_occurrences,exec_stackdepth,vector_float_swap,vector_float_reverse,float_stackdepth,float_max,exec_do*vector_flo,float_min,vector_float_rot,float_rot,exec_shove,vector_float_pushall,float_stackdep,float_sub,vector_float_sho,integer_div,integer_mult,integer_min,float_shove,integer_flush,float_inc,in1,integer_yank,integer_fromflo,vector_float_yankdup,float_ya,vector_float_butla,integer_sw,float_pop,exec_d,float_yankd,integer_max,exec_dup,exec_k,float_frominteger,float_mult,exec_noop,exec_p,exec_r,exec_s,vector_float_butlast,integer_flu,exec_y,float_mod,integer_ya,integer_yankdup,exec_stackdep,exec_do*ran,vector_float_index,vector_float_pop,exec_do*cou,vector_float_ta,vector_float_flu,float_add,exec_do*times,integer_shove,float_tan,vector_float_la,vector_float_indexof,float_sho,float_frominteg,integer_dup,vector_float_stackdepth,exec_sho,vector_float_replace,exec_swap,vector_float_rever,autoconstructive_integer_ra,exec_sw,integer_add,exec_flush,float_flu,float_cos,exec_flu,integer_mod,float_div,vector_float_leng,integer_inc,vector_float_yank,exec_rot,vector_float_flush,float_dec,vector_float_set,integer_pop,vector_float_shove,exec_pop,vector_float_take,vector_float_concat,vector_float_pusha,vector_float_ya,vector_float_remo,float_sin,autoconstructive_integer_rand,vector_float_length,exec_do*count,integer_sub,float_mu,exec_no,vector_float_re,float_dup,integer_r,integer_sho,vector_float_yankd,integer_stackdepth,integer_dec,exec,vector_float_replacefir,vector_float_nth,float_swap,vector_float_co,exec_ya,float_yank,float_flush,float_t,integer_d,integer_a,integer_m,integer_i,vector_float_subv,integer_s,integer_p,vector_float_repla,vector_float_sw
0.000324230975321,0.000126279432493,0.000163821966478,1.36518305398e-05,8.53239408739e-05,0.000119453517223,4.43684492544e-05,0.0,0.0,1.02388729049e-05,0.000187712669923,0.000354947594036,0.000160409008843,2.38907034447e-05,4.09554916195e-05,3.41295763496e-06,1.02388729049e-05,1.02388729049e-05,0.000112627601954,0.000375425339845,2.04777458097e-05,0.000228668161542,6.82591526991e-06,0.000262797737892,0.0,0.0,0.0,0.000276449568432,0.000228668161542,1.02388729049e-05,0.000249145907352,6.82591526991e-06,3.41295763496e-06,0.000105801686684,0.0,3.41295763496e-06,5.11943645244e-05,6.82591526991e-06,1.36518305398e-05,6.82591526991e-06,0.000675765611721,0.000276449568432,0.000126279432493,0.000266210695527,7.50850679691e-05,4.09554916195e-05,0.000194538585193,0.000180886754653,0.000105801686684,6.82591526991e-05,0.000621158289562,3.41295763496e-06,0.000167234924113,1.36518305398e-05,0.000245732949717,0.000208190415732,0.000221842246272,0.000112627601954,2.38907034447e-05,0.000296927314241,0.000703069272801,0.000252558864987,0.0,0.000249145907352,3.41295763496e-06,3.41295763496e-06,3.41295763496e-06,3.75425339845e-05,1.70647881748e-05,2.38907034447e-05,0.00039249012802,0.000283275483701,9.21498561438e-05,0.000508530687609,0.000262797737892,9.21498561438e-05,6.82591526991e-06,3.75425339845e-05,0.000122866474858,0.000259384780257,6.82591526991e-06,0.000112627601954,7.16721103341e-05,1.36518305398e-05,0.000163821966478,6.14332374292e-05,1.02388729049e-05,1.02388729049e-05,0.000102388729049,3.41295763496e-06,3.41295763496e-06,1.02388729049e-05,6.14332374292e-05,0.000160409008843,0.000133105347763,0.000269623653162,3.41295763496e-06,0.000116040559589,0.0,9.21498561438e-05,0.000126279432493,0.000238907034447,3.41295763496e-06,0.000139931263033,8.53239408739e-05,3.41295763496e-05,0.0,3.41295763496e-05,0.000129692390128,6.82591526991e-06,3.41295763496e-06,0.000180886754653,0.0,0.000215016331002,0.000225255203907,2.04777458097e-05,8.1910983239e-05,0.000146757178303,8.1910983239e-05,0.000232081119177,0.000150170135938,0.000133105347763,0.000228668161542,0.000228668161542,0.000146757178303,7.50850679691e-05,0.000245732949717,2.73036610797e-05,1.02388729049e-05,1.36518305398e-05,0.000150170135938,3.07166187146e-05,0.000341295763496,9.89757714137e-05,0.000143344220668,1.36518305398e-05,0.0,0.0,0.000249145907352,0.0,0.0,3.75425339845e-05,0.000549486179228,0.000163821966478,3.07166187146e-05,2.04777458097e-05,6.48461950642e-05,0.000351534636401,1.70647881748e-05,6.82591526991e-06,0.000160409008843,0.000177473797018,1.70647881748e-05,5.46073221593e-05,3.41295763496e-06,4.77814068894e-05,3.41295763496e-06,2.04777458097e-05,0.0,1.02388729049e-05,2.04777458097e-05,2.38907034447e-05
Gen 293
float_yankdup,integer_swap,vector_float_conj,vector_float_conc,vector_float_occurrencesof,vector_float_replacefirst,vector_float_rest,vector_float_p,vector_float_s,vector_float_r,vector_float_first,integer_fromfloat,vector_float_last,vector_float_d,float_sw,exec_yankd,vector_float_n,exec_do*tim,exec_yankdup,exec_yank,integer_mu,vector_float_remove,vector_float_fir,exec_do*vector_float,float_p,float_r,vector_float_stackdep,vector_float_dup,vector_float_subvec,float_i,exec_do*range,integer_yankd,float_m,integer_rot,float_a,float_c,float_d,integer_stackdep,float_s,vector_float_occurrences,exec_stackdepth,vector_float_swap,vector_float_reverse,float_stackdepth,float_max,exec_do*vector_flo,float_min,vector_float_rot,float_rot,exec_shove,vector_float_pushall,float_stackdep,float_sub,vector_float_sho,integer_div,integer_mult,integer_min,float_shove,integer_flush,float_inc,in1,integer_yank,integer_fromflo,vector_float_yankdup,float_ya,vector_float_butla,integer_sw,float_pop,exec_d,float_yankd,integer_max,exec_dup,exec_k,float_frominteger,float_mult,exec_noop,exec_p,exec_r,exec_s,vector_float_butlast,integer_flu,exec_y,float_mod,integer_ya,integer_yankdup,exec_stackdep,exec_do*ran,vector_float_index,vector_float_pop,exec_do*cou,vector_float_ta,vector_float_flu,float_add,exec_do*times,integer_shove,float_tan,vector_float_la,vector_float_indexof,float_sho,float_frominteg,integer_dup,vector_float_stackdepth,exec_sho,vector_float_replace,exec_swap,vector_float_rever,autoconstructive_integer_ra,exec_sw,integer_add,exec_flush,float_flu,float_cos,exec_flu,integer_mod,float_div,vector_float_leng,integer_inc,vector_float_yank,exec_rot,vector_float_flush,float_dec,vector_float_set,integer_pop,vector_float_shove,exec_pop,vector_float_take,vector_float_concat,vector_float_pusha,vector_float_ya,vector_float_remo,float_sin,autoconstructive_integer_rand,vector_float_length,exec_do*count,integer_sub,float_mu,exec_no,vector_float_re,float_dup,integer_r,integer_sho,vector_float_yankd,integer_stackdepth,integer_dec,exec,vector_float_replacefir,vector_float_nth,float_swap,vector_float_co,exec_ya,float_yank,float_flush,float_t,integer_d,integer_a,integer_m,integer_i,vector_float_subv,integer_s,integer_p,vector_float_repla,vector_float_sw
0.000282311964925,0.000125849912075,0.00015646205285,3.401348975e-06,8.16323754001e-05,0.000119047214125,2.3809442825e-05,3.401348975e-06,6.80269795001e-06,0.0,0.000119047214125,0.000282311964925,0.000139455307975,2.72107918e-05,2.72107918e-05,1.0204046925e-05,6.80269795001e-06,3.401348975e-06,6.46256305251e-05,0.00038775378315,2.3809442825e-05,0.000248298475175,1.0204046925e-05,0.0002176863344,0.0,6.80269795001e-06,0.0,0.000282311964925,0.000153060703875,6.80269795001e-06,0.000248298475175,6.80269795001e-06,3.401348975e-06,7.82310264251e-05,3.401348975e-06,0.0,3.0612140775e-05,1.36053959e-05,3.401348975e-06,0.0,0.000653059003201,0.000323128152625,0.00012925126105,0.000234693079275,3.7414838725e-05,2.040809385e-05,0.000193876891575,0.000159863401825,7.82310264251e-05,5.44215836001e-05,0.000499998299326,3.401348975e-06,0.000119047214125,6.80269795001e-06,0.000207482287475,0.000132652610025,0.000268706569025,6.46256305251e-05,1.36053959e-05,0.000207482287475,0.000615644164476,0.000261903871075,1.0204046925e-05,0.0002176863344,3.401348975e-06,6.80269795001e-06,0.0,2.040809385e-05,1.7006744875e-05,1.7006744875e-05,0.000397957830075,0.000261903871075,9.18364223251e-05,0.000513603695226,0.000261903871075,7.14283284751e-05,0.0,3.0612140775e-05,9.52377713001e-05,0.0002040809385,0.0,8.50337243751e-05,6.80269795001e-05,3.401348975e-06,0.000105441818225,3.7414838725e-05,0.0,1.36053959e-05,0.0001088431672,3.401348975e-06,0.0,6.80269795001e-06,3.7414838725e-05,0.00010204046925,0.000119047214125,0.000268706569025,0.0,9.18364223251e-05,3.401348975e-06,7.14283284751e-05,0.00012925126105,0.000227890381325,3.401348975e-06,0.00011564586515,4.08161877e-05,1.36053959e-05,0.0,3.0612140775e-05,6.80269795001e-05,0.0,3.401348975e-06,0.00018367284465,0.0,0.0001768701467,0.00015646205285,0.0,5.44215836001e-05,0.0001224485631,7.48296774501e-05,0.00015646205285,0.000159863401825,0.000132652610025,0.0002176863344,0.00017006744875,0.00011564586515,7.14283284751e-05,0.0001496593549,4.761888565e-05,1.7006744875e-05,1.7006744875e-05,0.000139455307975,2.72107918e-05,0.00029251601185,9.52377713001e-05,0.0001768701467,3.401348975e-06,3.401348975e-06,3.401348975e-06,0.0001768701467,6.80269795001e-06,3.401348975e-06,3.7414838725e-05,0.000527209091126,8.50337243751e-05,2.72107918e-05,6.80269795001e-05,4.4217536675e-05,0.0003129241057,1.7006744875e-05,2.040809385e-05,0.00010204046925,0.0001768701467,2.040809385e-05,4.08161877e-05,1.0204046925e-05,5.44215836001e-05,0.0,3.0612140775e-05,0.0,3.401348975e-06,1.36053959e-05,2.040809385e-05
Gen 294
float_yankdup,integer_swap,vector_float_conj,vector_float_conc,vector_float_occurrencesof,vector_float_replacefirst,vector_float_rest,vector_float_p,vector_float_s,vector_float_r,vector_float_first,integer_fromfloat,vector_float_last,vector_float_d,float_sw,exec_yankd,vector_float_n,exec_do*tim,exec_yankdup,exec_yank,integer_mu,vector_float_remove,vector_float_fir,exec_do*vector_float,float_p,float_r,vector_float_stackdep,vector_float_dup,vector_float_subvec,float_i,exec_do*range,integer_yankd,float_m,integer_rot,float_a,float_c,float_d,integer_stackdep,float_s,vector_float_occurrences,exec_stackdepth,vector_float_swap,vector_float_reverse,float_stackdepth,float_max,exec_do*vector_flo,float_min,vector_float_rot,float_rot,exec_shove,vector_float_pushall,float_stackdep,float_sub,vector_float_sho,integer_div,integer_mult,integer_min,float_shove,integer_flush,float_inc,in1,integer_yank,integer_fromflo,vector_float_yankdup,float_ya,vector_float_butla,integer_sw,float_pop,exec_d,float_yankd,integer_max,exec_dup,exec_k,float_frominteger,float_mult,exec_noop,exec_p,exec_r,exec_s,vector_float_butlast,integer_flu,exec_y,float_mod,integer_ya,integer_yankdup,exec_stackdep,exec_do*ran,vector_float_index,vector_float_pop,exec_do*cou,vector_float_ta,vector_float_flu,float_add,exec_do*times,integer_shove,float_tan,vector_float_la,vector_float_indexof,float_sho,float_frominteg,integer_dup,vector_float_stackdepth,exec_sho,vector_float_replace,exec_swap,vector_float_rever,autoconstructive_integer_ra,exec_sw,integer_add,exec_flush,float_flu,float_cos,exec_flu,integer_mod,float_div,vector_float_leng,integer_inc,vector_float_yank,exec_rot,vector_float_flush,float_dec,vector_float_set,integer_pop,vector_float_shove,exec_pop,vector_float_take,vector_float_concat,vector_float_pusha,vector_float_ya,vector_float_remo,float_sin,autoconstructive_integer_rand,vector_float_length,exec_do*count,integer_sub,float_mu,exec_no,vector_float_re,float_dup,integer_r,integer_sho,vector_float_yankd,integer_stackdepth,integer_dec,exec,vector_float_replacefir,vector_float_nth,float_swap,vector_float_co,exec_ya,float_yank,float_flush,float_t,integer_d,integer_a,integer_m,integer_i,vector_float_subv,integer_s,integer_p,vector_float_repla,vector_float_sw
0.000325422625686,0.00011186402758,0.00015254185579,0.0,7.11861993688e-05,0.000159321493825,1.69490950878e-05,1.01694570527e-05,0.0,6.77963803513e-06,0.000132202941685,0.000325422625686,0.000189829864984,2.71185521405e-05,3.38981901756e-05,6.77963803513e-06,6.77963803513e-06,0.0,4.74574662459e-05,0.00040338846309,1.35592760703e-05,0.000294914254528,6.77963803513e-06,0.000288134616493,0.0,6.77963803513e-06,6.77963803513e-06,0.000305083711581,0.000186440045966,1.69490950878e-05,0.000247456788282,3.38981901756e-06,1.01694570527e-05,7.11861993688e-05,1.01694570527e-05,1.35592760703e-05,1.01694570527e-05,1.35592760703e-05,1.69490950878e-05,6.77963803513e-06,0.00066779434646,0.000305083711581,7.11861993688e-05,0.00027796515944,5.08472852634e-05,2.03389141054e-05,0.000230507693194,0.000199999322036,7.11861993688e-05,4.40676472283e-05,0.000586438690038,3.38981901756e-06,0.000145762217755,6.77963803513e-06,0.000216948417124,0.000172880769896,0.000240677150247,0.000132202941685,2.03389141054e-05,0.0002508466073,0.000661014708425,0.00027796515944,2.03389141054e-05,0.000169490950878,3.38981901756e-06,6.77963803513e-06,3.38981901756e-06,5.76269232986e-05,6.77963803513e-06,6.77963803513e-06,0.000396608825055,0.000305083711581,0.00012542330365,0.000538981223792,0.000261016064352,9.15251134742e-05,6.77963803513e-06,3.72880091932e-05,0.000115253846597,0.000223728055159,0.0,7.79658374039e-05,7.45760183864e-05,1.69490950878e-05,0.000135592760703,5.4237104281e-05,0.0,4.40676472283e-05,8.47454754391e-05,6.77963803513e-06,0.0,6.77963803513e-06,5.76269232986e-05,9.83047515093e-05,0.000122033484632,0.00027796515944,6.77963803513e-06,0.000132202941685,0.0,6.44065613337e-05,0.000179660407931,0.000230507693194,0.0,8.81352944566e-05,6.77963803513e-05,3.38981901756e-06,0.0,2.37287331229e-05,9.83047515093e-05,0.0,3.38981901756e-06,0.000162711312843,0.0,0.000240677150247,0.000230507693194,0.0,4.06778282108e-05,0.000183050226948,0.000145762217755,0.000186440045966,0.000128813122667,0.000169490950878,0.000284744797475,0.0002508466073,0.000159321493825,7.11861993688e-05,0.000172880769896,4.06778282108e-05,2.03389141054e-05,2.37287331229e-05,0.00011186402758,2.37287331229e-05,0.000281354978458,0.00011186402758,0.000166101131861,0.0,3.38981901756e-06,0.0,0.000176270588913,0.0,3.38981901756e-06,6.10167423161e-05,0.000616947061196,8.47454754391e-05,4.06778282108e-05,3.38981901756e-05,7.79658374039e-05,0.000355930996844,3.05083711581e-05,6.77963803513e-06,0.000115253846597,0.000169490950878,1.35592760703e-05,4.40676472283e-05,1.01694570527e-05,2.71185521405e-05,0.0,3.05083711581e-05,0.0,6.77963803513e-06,1.69490950878e-05,1.35592760703e-05
Gen 295
float_yankdup,integer_swap,vector_float_conj,vector_float_conc,vector_float_occurrencesof,vector_float_replacefirst,vector_float_rest,vector_float_p,vector_float_s,vector_float_r,vector_float_first,integer_fromfloat,vector_float_last,vector_float_d,float_sw,exec_yankd,vector_float_n,exec_do*tim,exec_yankdup,exec_yank,integer_mu,vector_float_remove,vector_float_fir,exec_do*vector_float,float_p,float_r,vector_float_stackdep,vector_float_dup,vector_float_subvec,float_i,exec_do*range,integer_yankd,float_m,integer_rot,float_a,float_c,float_d,integer_stackdep,float_s,vector_float_occurrences,exec_stackdepth,vector_float_swap,vector_float_reverse,float_stackdepth,float_max,exec_do*vector_flo,float_min,vector_float_rot,float_rot,exec_shove,vector_float_pushall,float_stackdep,float_sub,vector_float_sho,integer_div,integer_mult,integer_min,float_shove,integer_flush,float_inc,in1,integer_yank,integer_fromflo,vector_float_yankdup,float_ya,vector_float_butla,integer_sw,float_pop,exec_d,float_yankd,integer_max,exec_dup,exec_k,float_frominteger,float_mult,exec_noop,exec_p,exec_r,exec_s,vector_float_butlast,integer_flu,exec_y,float_mod,integer_ya,integer_yankdup,exec_stackdep,exec_do*ran,vector_float_index,vector_float_pop,exec_do*cou,vector_float_ta,vector_float_flu,float_add,exec_do*times,integer_shove,float_tan,vector_float_la,vector_float_indexof,float_sho,float_frominteg,integer_dup,vector_float_stackdepth,exec_sho,vector_float_replace,exec_swap,vector_float_rever,autoconstructive_integer_ra,exec_sw,integer_add,exec_flush,float_flu,float_cos,exec_flu,integer_mod,float_div,vector_float_leng,integer_inc,vector_float_yank,exec_rot,vector_float_flush,float_dec,vector_float_set,integer_pop,vector_float_shove,exec_pop,vector_float_take,vector_float_concat,vector_float_pusha,vector_float_ya,vector_float_remo,float_sin,autoconstructive_integer_rand,vector_float_length,exec_do*count,integer_sub,float_mu,exec_no,vector_float_re,float_dup,integer_r,integer_sho,vector_float_yankd,integer_stackdepth,integer_dec,exec,vector_float_replacefir,vector_float_nth,float_swap,vector_float_co,exec_ya,float_yank,float_flush,float_t,integer_d,integer_a,integer_m,integer_i,vector_float_subv,integer_s,integer_p,vector_float_repla,vector_float_sw
0.000347971797393,0.000141891412529,0.000168918348249,0.0,4.39187705447e-05,9.79726419843e-05,4.05404035797e-05,3.37836696498e-06,3.37836696498e-06,1.01351008949e-05,0.000182431816109,0.000354728531323,0.000145269779494,4.05404035797e-05,1.35134678599e-05,1.35134678599e-05,6.75673392995e-06,1.01351008949e-05,9.12159080544e-05,0.000337836696498,1.01351008949e-05,0.000195945283969,2.02702017899e-05,0.000273647724163,0.0,3.37836696498e-06,1.01351008949e-05,0.000290539558988,0.000222972219688,0.0,0.000283782825058,6.75673392995e-06,1.68918348249e-05,6.41889723346e-05,3.37836696498e-06,3.37836696498e-06,2.36485687548e-05,1.01351008949e-05,2.70269357198e-05,6.75673392995e-06,0.000635132989416,0.000253377522373,8.78375410894e-05,0.000287161192023,7.09457062645e-05,1.01351008949e-05,0.000229728953618,0.000229728953618,9.79726419843e-05,6.08106053696e-05,0.000537160347431,3.37836696498e-06,0.000155404880389,1.01351008949e-05,0.000236485687548,0.000233107320583,0.000155404880389,0.000131756311634,3.37836696498e-06,0.000253377522373,0.000716213796575,0.000219593852723,1.35134678599e-05,0.000209458751829,0.0,6.75673392995e-06,3.37836696498e-06,6.75673392995e-05,3.37836696498e-06,1.35134678599e-05,0.000334458329533,0.000229728953618,0.000192566917004,0.000587835851906,0.000179053449144,0.000101351008949,3.37836696498e-06,3.37836696498e-05,0.000135134678599,0.000199323650934,0.0,6.75673392995e-05,0.000101351008949,6.75673392995e-06,0.000104729375914,9.45942750193e-05,6.75673392995e-06,1.01351008949e-05,7.43240732295e-05,1.35134678599e-05,0.0,3.37836696498e-06,7.77024401945e-05,0.000111486109844,0.000145269779494,0.000222972219688,0.0,0.000124999577704,3.37836696498e-06,5.06755044746e-05,0.000202702017899,0.000135134678599,0.0,0.000145269779494,8.78375410894e-05,1.35134678599e-05,0.0,1.35134678599e-05,0.000155404880389,3.37836696498e-06,1.01351008949e-05,0.000209458751829,3.37836696498e-06,0.000260134256303,0.000209458751829,1.01351008949e-05,4.72971375097e-05,0.000199323650934,0.000114864476809,0.000209458751829,0.000162161614319,0.000165539981284,0.000266890990233,0.000310809760778,0.000128377944669,6.75673392995e-05,0.000192566917004,2.70269357198e-05,3.37836696498e-05,4.39187705447e-05,0.000141891412529,3.71620366147e-05,0.000243242421478,0.000108107742879,0.000216215485758,1.01351008949e-05,6.75673392995e-06,1.01351008949e-05,0.000212837118794,3.37836696498e-06,6.75673392995e-06,4.05404035797e-05,0.000516890145641,0.000152026513424,5.40538714396e-05,1.35134678599e-05,9.45942750193e-05,0.000358106898288,2.36485687548e-05,3.37836696498e-06,0.000138513045564,8.44591741244e-05,1.01351008949e-05,2.36485687548e-05,2.02702017899e-05,5.06755044746e-05,6.75673392995e-06,1.35134678599e-05,6.75673392995e-06,0.0,2.36485687548e-05,6.75673392995e-06
Gen 296
float_yankdup,integer_swap,vector_float_conj,vector_float_conc,vector_float_occurrencesof,vector_float_replacefirst,vector_float_rest,vector_float_p,vector_float_s,vector_float_r,vector_float_first,integer_fromfloat,vector_float_last,vector_float_d,float_sw,exec_yankd,vector_float_n,exec_do*tim,exec_yankdup,exec_yank,integer_mu,vector_float_remove,vector_float_fir,exec_do*vector_float,float_p,float_r,vector_float_stackdep,vector_float_dup,vector_float_subvec,float_i,exec_do*range,integer_yankd,float_m,integer_rot,float_a,float_c,float_d,integer_stackdep,float_s,vector_float_occurrences,exec_stackdepth,vector_float_swap,vector_float_reverse,float_stackdepth,float_max,exec_do*vector_flo,float_min,vector_float_rot,float_rot,exec_shove,vector_float_pushall,float_stackdep,float_sub,vector_float_sho,integer_div,integer_mult,integer_min,float_shove,integer_flush,float_inc,in1,integer_yank,integer_fromflo,vector_float_yankdup,float_ya,vector_float_butla,integer_sw,float_pop,exec_d,float_yankd,integer_max,exec_dup,exec_k,float_frominteger,float_mult,exec_noop,exec_p,exec_r,exec_s,vector_float_butlast,integer_flu,exec_y,float_mod,integer_ya,integer_yankdup,exec_stackdep,exec_do*ran,vector_float_index,vector_float_pop,exec_do*cou,vector_float_ta,vector_float_flu,float_add,exec_do*times,integer_shove,float_tan,vector_float_la,vector_float_indexof,float_sho,float_frominteg,integer_dup,vector_float_stackdepth,exec_sho,vector_float_replace,exec_swap,vector_float_rever,autoconstructive_integer_ra,exec_sw,integer_add,exec_flush,float_flu,float_cos,exec_flu,integer_mod,float_div,vector_float_leng,integer_inc,vector_float_yank,exec_rot,vector_float_flush,float_dec,vector_float_set,integer_pop,vector_float_shove,exec_pop,vector_float_take,vector_float_concat,vector_float_pusha,vector_float_ya,vector_float_remo,float_sin,autoconstructive_integer_rand,vector_float_length,exec_do*count,integer_sub,float_mu,exec_no,vector_float_re,float_dup,integer_r,integer_sho,vector_float_yankd,integer_stackdepth,integer_dec,exec,vector_float_replacefir,vector_float_nth,float_swap,vector_float_co,exec_ya,float_yank,float_flush,float_t,integer_d,integer_a,integer_m,integer_i,vector_float_subv,integer_s,integer_p,vector_float_repla,vector_float_sw
0.000313130258821,0.000111110737001,0.000131312689183,1.0100976091e-05,3.70369123336e-05,0.000107743744971,4.71378884246e-05,6.73398406066e-06,3.36699203033e-06,0.0,0.000161615617456,0.000313130258821,0.000151514641365,3.70369123336e-05,6.73398406066e-06,1.34679681213e-05,0.0,6.73398406066e-06,0.000114477729031,0.000292928306639,6.73398406066e-06,0.000218854481971,1.0100976091e-05,0.000228955458062,3.36699203033e-06,0.0,3.36699203033e-06,0.000242423426184,0.000195285537759,0.0,0.000292928306639,2.35689442123e-05,1.68349601516e-05,7.40738246673e-05,0.0,1.34679681213e-05,3.70369123336e-05,6.73398406066e-06,2.69359362426e-05,0.0,0.000619526533581,0.000279460338517,6.06058565459e-05,0.00030639627476,4.71378884246e-05,1.0100976091e-05,0.000185184561668,0.000215487489941,0.000111110737001,2.69359362426e-05,0.000535351732822,3.36699203033e-06,0.00010437675294,1.0100976091e-05,0.000225588466032,0.000185184561668,0.000168349601516,0.00010437675294,3.36699203033e-06,0.000228955458062,0.000750839222764,0.000232322450093,1.0100976091e-05,0.00020538651385,3.36699203033e-06,1.0100976091e-05,0.0,4.71378884246e-05,3.36699203033e-06,2.0201952182e-05,0.000370369123336,0.000212120497911,0.000124578705122,0.000619526533581,0.000178450577607,8.41748007582e-05,3.36699203033e-06,3.0302928273e-05,0.000121211713092,0.000175083585577,0.0,8.41748007582e-05,7.40738246673e-05,6.73398406066e-06,0.000121211713092,6.39728485763e-05,1.0100976091e-05,2.69359362426e-05,6.39728485763e-05,2.0201952182e-05,3.36699203033e-06,6.73398406066e-06,7.07068326369e-05,0.000124578705122,0.000117844721062,0.00020875350588,0.0,7.74408166976e-05,0.0,4.37708963943e-05,0.000171716593547,0.000158248625426,3.36699203033e-06,0.000117844721062,6.06058565459e-05,0.0,0.0,5.05048804549e-05,0.000171716593547,3.36699203033e-06,1.34679681213e-05,0.000168349601516,0.0,0.000272726354457,0.000239056434153,1.0100976091e-05,3.0302928273e-05,0.000218854481971,0.000111110737001,0.000232322450093,0.00020201952182,0.000127945697153,0.000212120497911,0.000289561314608,0.000127945697153,8.41748007582e-05,0.000175083585577,2.69359362426e-05,4.0403904364e-05,2.69359362426e-05,0.000131312689183,2.69359362426e-05,0.000286194322578,9.42757768492e-05,0.000215487489941,6.73398406066e-06,6.73398406066e-06,0.0,0.000235689442123,0.0,0.0,4.71378884246e-05,0.00051178278861,0.000111110737001,5.05048804549e-05,3.70369123336e-05,8.08078087279e-05,0.000353534163185,2.35689442123e-05,0.0,0.00010437675294,0.00010100976091,1.34679681213e-05,4.71378884246e-05,1.0100976091e-05,3.70369123336e-05,3.36699203033e-06,3.0302928273e-05,3.36699203033e-06,0.0,6.73398406066e-06,3.36699203033e-06
Gen 297
float_yankdup,integer_swap,vector_float_conj,vector_float_conc,vector_float_occurrencesof,vector_float_replacefirst,vector_float_rest,vector_float_p,vector_float_s,vector_float_r,vector_float_first,integer_fromfloat,vector_float_last,vector_float_d,float_sw,exec_yankd,vector_float_n,exec_do*tim,exec_yankdup,exec_yank,integer_mu,vector_float_remove,vector_float_fir,exec_do*vector_float,float_p,float_r,vector_float_stackdep,vector_float_dup,vector_float_subvec,float_i,exec_do*range,integer_yankd,float_m,integer_rot,float_a,float_c,float_d,integer_stackdep,float_s,vector_float_occurrences,exec_stackdepth,vector_float_swap,vector_float_reverse,float_stackdepth,float_max,exec_do*vector_flo,float_min,vector_float_rot,float_rot,exec_shove,vector_float_pushall,float_stackdep,float_sub,vector_float_sho,integer_div,integer_mult,integer_min,float_shove,integer_flush,float_inc,in1,integer_yank,integer_fromflo,vector_float_yankdup,float_ya,vector_float_butla,integer_sw,float_pop,exec_d,float_yankd,integer_max,exec_dup,exec_k,float_frominteger,float_mult,exec_noop,exec_p,exec_r,exec_s,vector_float_butlast,integer_flu,exec_y,float_mod,integer_ya,integer_yankdup,exec_stackdep,exec_do*ran,vector_float_index,vector_float_pop,exec_do*cou,vector_float_ta,vector_float_flu,float_add,exec_do*times,integer_shove,float_tan,vector_float_la,vector_float_indexof,float_sho,float_frominteg,integer_dup,vector_float_stackdepth,exec_sho,vector_float_replace,exec_swap,vector_float_rever,autoconstructive_integer_ra,exec_sw,integer_add,exec_flush,float_flu,float_cos,exec_flu,integer_mod,float_div,vector_float_leng,integer_inc,vector_float_yank,exec_rot,vector_float_flush,float_dec,vector_float_set,integer_pop,vector_float_shove,exec_pop,vector_float_take,vector_float_concat,vector_float_pusha,vector_float_ya,vector_float_remo,float_sin,autoconstructive_integer_rand,vector_float_length,exec_do*count,integer_sub,float_mu,exec_no,vector_float_re,float_dup,integer_r,integer_sho,vector_float_yankd,integer_stackdepth,integer_dec,exec,vector_float_replacefir,vector_float_nth,float_swap,vector_float_co,exec_ya,float_yank,float_flush,float_t,integer_d,integer_a,integer_m,integer_i,vector_float_subv,integer_s,integer_p,vector_float_repla,vector_float_sw
0.000298656715917,0.00011073788343,0.000107382189993,1.67784671864e-05,7.38252556199e-05,0.000117449270304,5.36910949963e-05,0.0,1.34227737491e-05,3.35569343727e-06,0.00018456313905,0.000288589635605,0.000191274525924,6.71138687454e-06,1.67784671864e-05,6.71138687454e-06,0.0,1.34227737491e-05,9.39594162436e-05,0.000328857956852,2.34898540609e-05,0.000224831460297,1.00670803118e-05,0.000224831460297,0.0,3.35569343727e-06,3.35569343727e-06,0.000325502263415,0.000157717591552,6.71138687454e-06,0.000315435183103,1.67784671864e-05,1.34227737491e-05,6.37581753081e-05,0.0,0.0,4.02683212472e-05,1.34227737491e-05,2.34898540609e-05,3.35569343727e-06,0.000694628541515,0.000325502263415,6.71138687454e-05,0.000335569343727,6.37581753081e-05,1.00670803118e-05,0.000191274525924,0.000261744088107,9.39594162436e-05,3.35569343727e-05,0.000499998322153,0.0,0.000114093576867,6.71138687454e-06,0.000241609927483,0.000177851752175,0.000204697299673,0.000130872044054,2.01341606236e-05,0.000224831460297,0.00072482978245,0.000241609927483,3.35569343727e-06,0.00018456313905,1.00670803118e-05,3.35569343727e-06,0.0,3.35569343727e-05,0.0,1.34227737491e-05,0.000402683212472,0.000248321314358,0.000127516350616,0.000593957738397,0.000231542847172,9.39594162436e-05,3.35569343727e-06,2.68455474982e-05,6.04024818709e-05,0.000187918832487,0.0,8.7248029369e-05,8.38923359318e-05,1.00670803118e-05,0.000117449270304,6.37581753081e-05,2.01341606236e-05,1.34227737491e-05,9.73151096808e-05,2.34898540609e-05,0.0,3.35569343727e-06,0.00011073788343,0.000104026496555,0.000177851752175,0.000261744088107,0.0,9.06037228063e-05,6.71138687454e-06,5.03354015591e-05,0.000171140365301,0.000208052993111,0.0,0.000137583430928,5.70467884336e-05,0.0,0.0,2.01341606236e-05,0.000154361898114,0.0,2.68455474982e-05,0.000181207445613,0.0,0.000285233942168,0.000238254234046,3.35569343727e-06,2.68455474982e-05,0.000191274525924,0.000140939124365,0.000228187153734,0.000228187153734,0.000164428978426,0.000218120073423,0.000312079489666,0.000154361898114,8.7248029369e-05,0.000154361898114,4.02683212472e-05,2.68455474982e-05,3.02012409354e-05,0.000127516350616,3.691262781e-05,0.000255032701233,0.000117449270304,0.00025838839467,3.35569343727e-06,2.01341606236e-05,3.35569343727e-06,0.000255032701233,3.35569343727e-06,3.35569343727e-06,5.03354015591e-05,0.00055368941715,0.00011073788343,3.691262781e-05,6.04024818709e-05,9.73151096808e-05,0.000355703504351,1.67784671864e-05,0.0,0.000100670803118,0.000124160657179,1.67784671864e-05,3.691262781e-05,2.01341606236e-05,4.69797081218e-05,6.71138687454e-06,2.01341606236e-05,1.00670803118e-05,0.0,6.71138687454e-06,6.71138687454e-06
Gen 298
float_yankdup,integer_swap,vector_float_conj,vector_float_conc,vector_float_occurrencesof,vector_float_replacefirst,vector_float_rest,vector_float_p,vector_float_s,vector_float_r,vector_float_first,integer_fromfloat,vector_float_last,vector_float_d,float_sw,exec_yankd,vector_float_n,exec_do*tim,exec_yankdup,exec_yank,integer_mu,vector_float_remove,vector_float_fir,exec_do*vector_float,float_p,float_r,vector_float_stackdep,vector_float_dup,vector_float_subvec,float_i,exec_do*range,integer_yankd,float_m,integer_rot,float_a,float_c,float_d,integer_stackdep,float_s,vector_float_occurrences,exec_stackdepth,vector_float_swap,vector_float_reverse,float_stackdepth,float_max,exec_do*vector_flo,float_min,vector_float_rot,float_rot,exec_shove,vector_float_pushall,float_stackdep,float_sub,vector_float_sho,integer_div,integer_mult,integer_min,float_shove,integer_flush,float_inc,in1,integer_yank,integer_fromflo,vector_float_yankdup,float_ya,vector_float_butla,integer_sw,float_pop,exec_d,float_yankd,integer_max,exec_dup,exec_k,float_frominteger,float_mult,exec_noop,exec_p,exec_r,exec_s,vector_float_butlast,integer_flu,exec_y,float_mod,integer_ya,integer_yankdup,exec_stackdep,exec_do*ran,vector_float_index,vector_float_pop,exec_do*cou,vector_float_ta,vector_float_flu,float_add,exec_do*times,integer_shove,float_tan,vector_float_la,vector_float_indexof,float_sho,float_frominteg,integer_dup,vector_float_stackdepth,exec_sho,vector_float_replace,exec_swap,vector_float_rever,autoconstructive_integer_ra,exec_sw,integer_add,exec_flush,float_flu,float_cos,exec_flu,integer_mod,float_div,vector_float_leng,integer_inc,vector_float_yank,exec_rot,vector_float_flush,float_dec,vector_float_set,integer_pop,vector_float_shove,exec_pop,vector_float_take,vector_float_concat,vector_float_pusha,vector_float_ya,vector_float_remo,float_sin,autoconstructive_integer_rand,vector_float_length,exec_do*count,integer_sub,float_mu,exec_no,vector_float_re,float_dup,integer_r,integer_sho,vector_float_yankd,integer_stackdepth,integer_dec,exec,vector_float_replacefir,vector_float_nth,float_swap,vector_float_co,exec_ya,float_yank,float_flush,float_t,integer_d,integer_a,integer_m,integer_i,vector_float_subv,integer_s,integer_p,vector_float_repla,vector_float_sw
0.000224079518129,0.000103678583015,0.000113711994274,2.0066822519e-05,0.000103678583015,0.000100334112595,5.35115267173e-05,3.34447041983e-06,0.0,3.34447041983e-06,0.000163879050572,0.000260868692747,0.00019397928435,1.67223520992e-05,0.0,0.0,0.0,0.0,9.03007013354e-05,0.000297657867365,3.34447041983e-05,0.000214046106869,6.68894083966e-06,0.000183945873091,0.0,3.34447041983e-06,6.68894083966e-06,0.000317724689884,0.000153845639312,6.68894083966e-06,0.000301002337785,2.34112929388e-05,1.33778816793e-05,5.68559971371e-05,6.68894083966e-06,0.0,4.0133645038e-05,1.00334112595e-05,2.0066822519e-05,0.0,0.000625415968508,0.000301002337785,6.68894083966e-05,0.000284279985686,6.35449379768e-05,1.67223520992e-05,0.000123745405534,0.000187290343511,8.0267290076e-05,3.34447041983e-05,0.000508359503814,6.68894083966e-06,6.68894083966e-05,6.68894083966e-06,0.000217390577289,0.000157190109732,0.00019063481393,0.000120400935114,2.34112929388e-05,0.000220735047709,0.000642138320608,0.00020401269561,1.00334112595e-05,0.000173912461831,3.34447041983e-06,3.34447041983e-06,6.68894083966e-06,1.67223520992e-05,3.34447041983e-06,1.00334112595e-05,0.000344480453243,0.00020401269561,0.000140467757633,0.000518392915074,0.000220735047709,9.03007013354e-05,3.34447041983e-06,1.00334112595e-05,6.35449379768e-05,0.000153845639312,0.0,6.35449379768e-05,9.03007013354e-05,1.33778816793e-05,0.000100334112595,3.34447041983e-05,3.34447041983e-05,1.00334112595e-05,8.36117604958e-05,6.68894083966e-06,6.68894083966e-06,0.0,0.000107023053435,0.000117056464694,0.000160534580152,0.000220735047709,3.34447041983e-06,7.02338788165e-05,1.00334112595e-05,6.0200467557e-05,0.000120400935114,0.000180601402671,0.0,0.000137123287213,4.34781154578e-05,0.0,0.0,3.34447041983e-05,0.000167223520992,3.34447041983e-06,2.0066822519e-05,0.000147156698473,3.34447041983e-06,0.000224079518129,0.000234112929388,1.33778816793e-05,2.67557633587e-05,0.000214046106869,0.000127089875954,0.00020066822519,0.000217390577289,0.000127089875954,0.000210701636449,0.000257524222327,0.000120400935114,8.36117604958e-05,0.000173912461831,5.01670562975e-05,2.34112929388e-05,6.68894083966e-06,0.000140467757633,4.0133645038e-05,0.000297657867365,0.000103678583015,0.00020401269561,3.34447041983e-06,2.0066822519e-05,3.34447041983e-06,0.000237457399808,1.00334112595e-05,3.34447041983e-06,3.34447041983e-05,0.000528426326333,9.69896421751e-05,7.02338788165e-05,4.34781154578e-05,8.0267290076e-05,0.000264213163167,1.67223520992e-05,3.34447041983e-06,0.000103678583015,0.000120400935114,1.67223520992e-05,3.01002337785e-05,0.0,7.02338788165e-05,0.0,2.0066822519e-05,1.00334112595e-05,0.0,1.33778816793e-05,6.68894083966e-06
Gen 299
float_yankdup,integer_swap,vector_float_conj,vector_float_conc,vector_float_occurrencesof,vector_float_replacefirst,vector_float_rest,vector_float_p,vector_float_s,vector_float_r,vector_float_first,integer_fromfloat,vector_float_last,vector_float_d,float_sw,exec_yankd,vector_float_n,exec_do*tim,exec_yankdup,exec_yank,integer_mu,vector_float_remove,vector_float_fir,exec_do*vector_float,float_p,float_r,vector_float_stackdep,vector_float_dup,vector_float_subvec,float_i,exec_do*range,integer_yankd,float_m,integer_rot,float_a,float_c,float_d,integer_stackdep,float_s,vector_float_occurrences,exec_stackdepth,vector_float_swap,vector_float_reverse,float_stackdepth,float_max,exec_do*vector_flo,float_min,vector_float_rot,float_rot,exec_shove,vector_float_pushall,float_stackdep,float_sub,vector_float_sho,integer_div,integer_mult,integer_min,float_shove,integer_flush,float_inc,in1,integer_yank,integer_fromflo,vector_float_yankdup,float_ya,vector_float_butla,integer_sw,float_pop,exec_d,float_yankd,integer_max,exec_dup,exec_k,float_frominteger,float_mult,exec_noop,exec_p,exec_r,exec_s,vector_float_butlast,integer_flu,exec_y,float_mod,integer_ya,integer_yankdup,exec_stackdep,exec_do*ran,vector_float_index,vector_float_pop,exec_do*cou,vector_float_ta,vector_float_flu,float_add,exec_do*times,integer_shove,float_tan,vector_float_la,vector_float_indexof,float_sho,float_frominteg,integer_dup,vector_float_stackdepth,exec_sho,vector_float_replace,exec_swap,vector_float_rever,autoconstructive_integer_ra,exec_sw,integer_add,exec_flush,float_flu,float_cos,exec_flu,integer_mod,float_div,vector_float_leng,integer_inc,vector_float_yank,exec_rot,vector_float_flush,float_dec,vector_float_set,integer_pop,vector_float_shove,exec_pop,vector_float_take,vector_float_concat,vector_float_pusha,vector_float_ya,vector_float_remo,float_sin,autoconstructive_integer_rand,vector_float_length,exec_do*count,integer_sub,float_mu,exec_no,vector_float_re,float_dup,integer_r,integer_sho,vector_float_yankd,integer_stackdepth,integer_dec,exec,vector_float_replacefir,vector_float_nth,float_swap,vector_float_co,exec_ya,float_yank,float_flush,float_t,integer_d,integer_a,integer_m,integer_i,vector_float_subv,integer_s,integer_p,vector_float_repla,vector_float_sw
0.000226665911114,9.99996666678e-05,6.33331222229e-05,1.66666111113e-05,6.99997666674e-05,0.000119999600001,2.33332555558e-05,0.0,0.0,9.99996666678e-06,0.000156666144446,0.000286665711114,0.000159999466668,6.66664444452e-06,1.99999333336e-05,3.33332222226e-06,6.66664444452e-06,3.33332222226e-06,8.33330555565e-05,0.000296665677781,1.66666111113e-05,0.000256665811114,3.33332222226e-05,0.000196666011113,3.33332222226e-06,3.33332222226e-06,1.66666111113e-05,0.000283332388892,0.000173332755557,9.99996666678e-06,0.000249999166669,9.99996666678e-06,2.66665777781e-05,5.66664777784e-05,0.0,9.99996666678e-06,3.33332222226e-05,0.0,1.99999333336e-05,6.66664444452e-06,0.000646664511118,0.000273332422225,5.33331555561e-05,0.000269999100003,5.33331555561e-05,1.99999333336e-05,0.000123332922224,0.000183332722224,8.9999700001e-05,4.66665111116e-05,0.000566664777784,3.33332222226e-06,7.99997333342e-05,6.66664444452e-06,0.000283332388892,0.000149999500002,0.000143332855557,0.000109999633335,1.99999333336e-05,0.000223332588891,0.000749997500008,0.000216665944447,3.33332222226e-06,0.000139999533335,3.33332222226e-06,0.0,1.66666111113e-05,3.66665444449e-05,6.66664444452e-06,1.3333288889e-05,0.000353332155559,0.000199999333336,9.99996666678e-05,0.000546664844451,0.000209999300002,5.66664777784e-05,0.0,3.99998666671e-05,8.66663777787e-05,0.000163332788891,0.0,6.33331222229e-05,6.99997666674e-05,2.33332555558e-05,0.000109999633335,5.99998000007e-05,2.99999000003e-05,6.66664444452e-06,0.00010333298889,9.99996666678e-06,3.33332222226e-06,0.0,7.99997333342e-05,0.000113332955557,0.000136666211113,0.00020666597778,0.0,6.99997666674e-05,3.33332222226e-06,4.33331888894e-05,0.00020666597778,0.000173332755557,0.0,9.66663444455e-05,4.99998333339e-05,0.0,6.66664444452e-06,5.33331555561e-05,9.33330222233e-05,0.0,2.66665777781e-05,0.000146666177779,0.0,0.000273332422225,0.000233332555558,6.66664444452e-06,3.99998666671e-05,0.000216665944447,8.66663777787e-05,0.000266665777781,0.000283332388892,0.00013333288889,0.000239999200003,0.000276665744448,0.000146666177779,7.99997333342e-05,0.000166666111113,4.66665111116e-05,2.33332555558e-05,4.33331888894e-05,0.00013333288889,1.3333288889e-05,0.00030999896667,8.33330555565e-05,0.000219999266669,3.33332222226e-06,2.33332555558e-05,3.33332222226e-06,0.000256665811114,6.66664444452e-06,3.33332222226e-06,4.66665111116e-05,0.000479998400005,6.33331222229e-05,4.66665111116e-05,1.99999333336e-05,0.000109999633335,0.00033999886667,1.3333288889e-05,0.0,0.00010333298889,7.6666411112e-05,3.33332222226e-06,2.33332555558e-05,6.66664444452e-06,4.66665111116e-05,0.0,2.66665777781e-05,3.33332222226e-06,6.66664444452e-06,0.0,3.33332222226e-06
Gen 300
float_yankdup,integer_swap,vector_float_conj,vector_float_conc,vector_float_occurrencesof,vector_float_replacefirst,vector_float_rest,vector_float_p,vector_float_s,vector_float_r,vector_float_first,integer_fromfloat,vector_float_last,vector_float_d,float_sw,exec_yankd,vector_float_n,exec_do*tim,exec_yankdup,exec_yank,integer_mu,vector_float_remove,vector_float_fir,exec_do*vector_float,float_p,float_r,vector_float_stackdep,vector_float_dup,vector_float_subvec,float_i,exec_do*range,integer_yankd,float_m,integer_rot,float_a,float_c,float_d,integer_stackdep,float_s,vector_float_occurrences,exec_stackdepth,vector_float_swap,vector_float_reverse,float_stackdepth,float_max,exec_do*vector_flo,float_min,vector_float_rot,float_rot,exec_shove,vector_float_pushall,float_stackdep,float_sub,vector_float_sho,integer_div,integer_mult,integer_min,float_shove,integer_flush,float_inc,in1,integer_yank,integer_fromflo,vector_float_yankdup,float_ya,vector_float_butla,integer_sw,float_pop,exec_d,float_yankd,integer_max,exec_dup,exec_k,float_frominteger,float_mult,exec_noop,exec_p,exec_r,exec_s,vector_float_butlast,integer_flu,exec_y,float_mod,integer_ya,integer_yankdup,exec_stackdep,exec_do*ran,vector_float_index,vector_float_pop,exec_do*cou,vector_float_ta,vector_float_flu,float_add,exec_do*times,integer_shove,float_tan,vector_float_la,vector_float_indexof,float_sho,float_frominteg,integer_dup,vector_float_stackdepth,exec_sho,vector_float_replace,exec_swap,vector_float_rever,autoconstructive_integer_ra,exec_sw,integer_add,exec_flush,float_flu,float_cos,exec_flu,integer_mod,float_div,vector_float_leng,integer_inc,vector_float_yank,exec_rot,vector_float_flush,float_dec,vector_float_set,integer_pop,vector_float_shove,exec_pop,vector_float_take,vector_float_concat,vector_float_pusha,vector_float_ya,vector_float_remo,float_sin,autoconstructive_integer_rand,vector_float_length,exec_do*count,integer_sub,float_mu,exec_no,vector_float_re,float_dup,integer_r,integer_sho,vector_float_yankd,integer_stackdepth,integer_dec,exec,vector_float_replacefir,vector_float_nth,float_swap,vector_float_co,exec_ya,float_yank,float_flush,float_t,integer_d,integer_a,integer_m,integer_i,vector_float_subv,integer_s,integer_p,vector_float_repla,vector_float_sw
75,26,28,8,26,44,6,1,2,0,52,96,45,1,1,0,0,2,25,82,3,91,3,61,0,0,2,86,50,0,76,5,6,16,1,2,18,0,3,0,182,92,18,89,18,7,46,61,18,6,166,4,35,1,79,34,49,25,3,70,188,70,4,43,1,3,3,5,2,4,103,53,17,151,63,12,0,6,28,56,0,37,18,2,22,7,11,3,46,5,0,1,22,22,39,78,1,18,1,12,46,53,0,39,10,1,1,6,26,0,9,53,0,69,52,5,8,52,34,75,70,37,83,74,35,15,47,22,16,11,51,6,83,21,77,0,4,0,65,0,0,14,153,17,8,10,33,88,10,1,34,24,4,9,2,7,2,13,2,2,0,1
