Gen 0
exec_eq,integer_swap,integer_gte,boolean_shove,boolean_and,vector_integer_flush,integer_lt,vector_integer_pushall,exec_do*vector_integer,vector_integer_reverse,vector_integer_concat,vector_integer_occurrencesof,vector_integer_subvec,integer_eq,vector_integer_yankdup,exec_yankdup,vector_integer_yank,vector_integer_swap,vector_integer_shove,exec_when,vector_integer_rest,boolean_or,boolean_empty,vector_integer_emptyvector,exec_do*while,integer_rot,exec_stackdepth,exec_do*range,vector_integer_replacefirst,vector_integer_last,exec_shove,boolean_xor,boolean_yankdup,boolean_frominteger,exec_yank,vector_integer_indexof,vector_integer_length,integer_div,integer_mult,integer_min,integer_flush,integer_yank,vector_integer_set,integer_max,exec_dup,exec_k,exec_noop,exec_s,exec_y,boolean_rot,vector_integer_stackdepth,integer_yankdup,vector_integer_remove,vector_integer_empty,boolean_stackdepth,exec_do*times,integer_shove,vector_integer_nth,boolean_dup,boolean_not,integer_dup,boolean_flush,boolean_pop,exec_swap,boolean_swap,integer_add,exec_flush,integer_mod,integer_inc,boolean_invert_first_then_and,exec_rot,vector_integer_contains,integer_pop,exec_pop,vector_integer_eq,vector_integer_take,boolean_invert_second_then_and,integer_sub,vector_integer_rot,boolean_yank,integer_stackdepth,integer_dec,integer_gt,vector_integer_butlast,in1,vector_integer_pop,integer_lte,vector_integer_first,boolean_eq,exec_if,vector_integer_replace,exec_empty,exec_do*count,vector_integer_conj,exec_while,integer_fromboolean,integer_empty,vector_integer_dup
0.642357642358,0.601398601399,0.633366633367,0.621378621379,0.62037962038,0.648351648352,0.639360639361,0.601398601399,0.607392607393,0.629370629371,0.618381618382,0.637362637363,0.637362637363,0.645354645355,0.623376623377,0.642357642358,0.616383616384,0.616383616384,0.628371628372,0.613386613387,0.617382617383,0.636363636364,0.612387612388,0.632367632368,0.63036963037,0.621378621379,0.618381618382,0.634365634366,0.625374625375,0.625374625375,0.609390609391,0.624375624376,0.614385614386,0.631368631369,0.607392607393,0.649350649351,0.637362637363,0.627372627373,0.633366633367,0.648351648352,0.637362637363,0.646353646354,0.635364635365,0.641358641359,0.613386613387,0.653346653347,0.654345654346,0.597402597403,0.645354645355,0.616383616384,0.634365634366,0.62037962038,0.62037962038,0.628371628372,0.608391608392,0.642357642358,0.638361638362,0.627372627373,0.613386613387,0.619380619381,0.624375624376,0.613386613387,0.635364635365,0.641358641359,0.622377622378,0.636363636364,0.614385614386,0.637362637363,0.641358641359,0.624375624376,0.63036963037,0.617382617383,0.621378621379,0.639360639361,0.621378621379,0.63036963037,0.644355644356,0.618381618382,0.614385614386,0.63036963037,0.614385614386,0.635364635365,0.633366633367,0.628371628372,0.642357642358,0.646353646354,0.628371628372,0.617382617383,0.646353646354,0.624375624376,0.651348651349,0.634365634366,0.613386613387,0.634365634366,0.624375624376,0.622377622378,0.648351648352,0.63036963037
Gen 1
exec_eq,integer_swap,integer_gte,boolean_shove,boolean_and,vector_integer_flush,integer_lt,vector_integer_pushall,exec_do*vector_integer,vector_integer_reverse,vector_integer_concat,vector_integer_occurrencesof,vector_integer_subvec,integer_eq,vector_integer_yankdup,exec_yankdup,vector_integer_yank,vector_integer_swap,vector_integer_shove,exec_when,vector_integer_rest,boolean_or,boolean_empty,vector_integer_emptyvector,exec_do*while,integer_rot,exec_stackdepth,exec_do*range,vector_integer_replacefirst,vector_integer_last,exec_shove,boolean_xor,boolean_yankdup,boolean_frominteger,exec_yank,vector_integer_indexof,vector_integer_length,integer_div,integer_mult,integer_min,integer_flush,integer_yank,vector_integer_set,integer_max,exec_dup,exec_k,exec_noop,exec_s,exec_y,boolean_rot,vector_integer_stackdepth,integer_yankdup,vector_integer_remove,vector_integer_empty,boolean_stackdepth,exec_do*times,integer_shove,vector_integer_nth,boolean_dup,boolean_not,integer_dup,boolean_flush,boolean_pop,exec_swap,boolean_swap,integer_add,exec_flush,integer_mod,integer_inc,boolean_invert_first_then_and,exec_rot,vector_integer_contains,integer_pop,exec_pop,vector_integer_eq,vector_integer_take,boolean_invert_second_then_and,integer_sub,vector_integer_rot,boolean_yank,integer_stackdepth,integer_dec,integer_gt,vector_integer_butlast,in1,vector_integer_pop,integer_lte,vector_integer_first,boolean_eq,exec_if,vector_integer_replace,exec_empty,exec_do*count,vector_integer_conj,exec_while,integer_fromboolean,integer_empty,vector_integer_dup
0.324337831084,0.270864567716,0.272863568216,0.373313343328,0.365317341329,0.315842078961,0.287356321839,0.385807096452,0.329835082459,0.304847576212,0.290354822589,0.327836081959,0.293853073463,0.327836081959,0.285857071464,0.384807596202,0.32383808096,0.314842578711,0.395802098951,0.295852073963,0.350824587706,0.318340829585,0.296851574213,0.27836081959,0.383308345827,0.326336831584,0.412293853073,0.370814592704,0.366316841579,0.36031984008,0.344327836082,0.320339830085,0.330834582709,0.305347326337,0.284357821089,0.340829585207,0.324837581209,0.334832583708,0.413293353323,0.31784107946,0.31684157921,0.300349825087,0.323338330835,0.391804097951,0.308345827086,0.349325337331,0.320339830085,0.354822588706,0.312343828086,0.382808595702,0.289355322339,0.314342828586,0.322338830585,0.331334332834,0.293853073463,0.336331834083,0.288355822089,0.339830084958,0.329335332334,0.347826086957,0.334332833583,0.337831084458,0.280859570215,0.319340329835,0.351824087956,0.328335832084,0.260369815092,0.338330834583,0.364817591204,0.322338830585,0.339830084958,0.354822588706,0.35732133933,0.306846576712,0.269365317341,0.348325837081,0.302348825587,0.306346826587,0.327836081959,0.292353823088,0.28135932034,0.376311844078,0.343328335832,0.294852573713,0.375812093953,0.345827086457,0.301849075462,0.334832583708,0.352823588206,0.356821589205,0.344827586207,0.266366816592,0.329835082459,0.336331834083,0.315842078961,0.312343828086,0.36031984008,0.358820589705
Gen 2
exec_eq,integer_swap,integer_gte,boolean_shove,boolean_and,vector_integer_flush,integer_lt,vector_integer_pushall,exec_do*vector_integer,vector_integer_reverse,vector_integer_concat,vector_integer_occurrencesof,vector_integer_subvec,integer_eq,vector_integer_yankdup,exec_yankdup,vector_integer_yank,vector_integer_swap,vector_integer_shove,exec_when,vector_integer_rest,boolean_or,boolean_empty,vector_integer_emptyvector,exec_do*while,integer_rot,exec_stackdepth,exec_do*range,vector_integer_replacefirst,vector_integer_last,exec_shove,boolean_xor,boolean_yankdup,boolean_frominteger,exec_yank,vector_integer_indexof,vector_integer_length,integer_div,integer_mult,integer_min,integer_flush,integer_yank,vector_integer_set,integer_max,exec_dup,exec_k,exec_noop,exec_s,exec_y,boolean_rot,vector_integer_stackdepth,integer_yankdup,vector_integer_remove,vector_integer_empty,boolean_stackdepth,exec_do*times,integer_shove,vector_integer_nth,boolean_dup,boolean_not,integer_dup,boolean_flush,boolean_pop,exec_swap,boolean_swap,integer_add,exec_flush,integer_mod,integer_inc,boolean_invert_first_then_and,exec_rot,vector_integer_contains,integer_pop,exec_pop,vector_integer_eq,vector_integer_take,boolean_invert_second_then_and,integer_sub,vector_integer_rot,boolean_yank,integer_stackdepth,integer_dec,integer_gt,vector_integer_butlast,in1,vector_integer_pop,integer_lte,vector_integer_first,boolean_eq,exec_if,vector_integer_replace,exec_empty,exec_do*count,vector_integer_conj,exec_while,integer_fromboolean,integer_empty,vector_integer_dup
0.233922025991,0.154281906031,0.195934688437,0.262912362546,0.253915361546,0.186937687438,0.178273908697,0.266244585138,0.196601132956,0.188937020993,0.160613128957,0.199600133289,0.166944351883,0.228923692103,0.167277574142,0.247250916361,0.213928690437,0.172275908031,0.236254581806,0.217260913029,0.233255581473,0.220926357881,0.188937020993,0.197934021993,0.25658113962,0.220593135621,0.289570143286,0.24758413862,0.248250583139,0.270243252249,0.261912695768,0.200933022326,0.223925358214,0.17260913029,0.172275908031,0.22125958014,0.19926691103,0.219926691103,0.284571809397,0.191269576808,0.235588137288,0.210263245585,0.202932355881,0.267244251916,0.204265244918,0.207597467511,0.221592802399,0.280573142286,0.195934688437,0.243918693769,0.195934688437,0.221592802399,0.22559146951,0.248917027657,0.215928023992,0.210263245585,0.193935354882,0.23892035988,0.236921026325,0.258247250916,0.224925024992,0.211262912363,0.169610129957,0.227590803066,0.243585471509,0.218593802066,0.157947350883,0.258913695435,0.22992335888,0.199600133289,0.218927024325,0.218260579807,0.241586137954,0.213928690437,0.167610796401,0.234255248251,0.215928023992,0.186937687438,0.234255248251,0.170609796734,0.184605131623,0.241586137954,0.219926691103,0.204265244918,0.26091302899,0.239253582139,0.185604798401,0.215928023992,0.256247917361,0.23458847051,0.244585138287,0.165278240586,0.235921359547,0.231589470177,0.209263578807,0.219593468844,0.253915361546,0.251249583472
Gen 3
exec_eq,integer_swap,integer_gte,boolean_shove,boolean_and,vector_integer_flush,integer_lt,vector_integer_pushall,exec_do*vector_integer,vector_integer_reverse,vector_integer_concat,vector_integer_occurrencesof,vector_integer_subvec,integer_eq,vector_integer_yankdup,exec_yankdup,vector_integer_yank,vector_integer_swap,vector_integer_shove,exec_when,vector_integer_rest,boolean_or,boolean_empty,vector_integer_emptyvector,exec_do*while,integer_rot,exec_stackdepth,exec_do*range,vector_integer_replacefirst,vector_integer_last,exec_shove,boolean_xor,boolean_yankdup,boolean_frominteger,exec_yank,vector_integer_indexof,vector_integer_length,integer_div,integer_mult,integer_min,integer_flush,integer_yank,vector_integer_set,integer_max,exec_dup,exec_k,exec_noop,exec_s,exec_y,boolean_rot,vector_integer_stackdepth,integer_yankdup,vector_integer_remove,vector_integer_empty,boolean_stackdepth,exec_do*times,integer_shove,vector_integer_nth,boolean_dup,boolean_not,integer_dup,boolean_flush,boolean_pop,exec_swap,boolean_swap,integer_add,exec_flush,integer_mod,integer_inc,boolean_invert_first_then_and,exec_rot,vector_integer_contains,integer_pop,exec_pop,vector_integer_eq,vector_integer_take,boolean_invert_second_then_and,integer_sub,vector_integer_rot,boolean_yank,integer_stackdepth,integer_dec,integer_gt,vector_integer_butlast,in1,vector_integer_pop,integer_lte,vector_integer_first,boolean_eq,exec_if,vector_integer_replace,exec_empty,exec_do*count,vector_integer_conj,exec_while,integer_fromboolean,integer_empty,vector_integer_dup
0.173956510872,0.109972506873,0.149712571857,0.210697325669,0.197700574856,0.143964008998,0.146463384154,0.209197700575,0.150462384404,0.131717070732,0.101974506373,0.150462384404,0.145713571607,0.168207948013,0.126468382904,0.193201699575,0.151712071982,0.114221444639,0.180454886278,0.179955011247,0.176455886028,0.150962259435,0.14096475881,0.133966508373,0.176455886028,0.166458385404,0.209197700575,0.186203449138,0.171957010747,0.213196700825,0.205198700325,0.144713821545,0.164208947763,0.13071732067,0.14671332167,0.18095476131,0.139215196201,0.156210947263,0.220194951262,0.127468132967,0.182704323919,0.149462634341,0.158210447388,0.208447888028,0.142464383904,0.151712071982,0.164708822794,0.222444388903,0.134216445889,0.168707823044,0.139715071232,0.151212196951,0.185953511622,0.193451637091,0.168207948013,0.181204698825,0.149712571857,0.195451137216,0.197200699825,0.202949262684,0.18495376156,0.143714071482,0.128467883029,0.168707823044,0.176205948513,0.159210197451,0.117470632342,0.192951762059,0.179955011247,0.133466633342,0.174456385904,0.14896275931,0.185453636591,0.151462134466,0.0937265683579,0.174206448388,0.152461884529,0.151212196951,0.157960509873,0.117220694826,0.114971257186,0.199450137466,0.153211697076,0.151212196951,0.216695826043,0.169457635591,0.153211697076,0.177205698575,0.193201699575,0.163709072732,0.181454636341,0.121219695076,0.173956510872,0.166708322919,0.149712571857,0.174956260935,0.19120219945,0.199700074981
Gen 4
exec_eq,integer_swap,integer_gte,boolean_shove,boolean_and,vector_integer_flush,integer_lt,vector_integer_pushall,exec_do*vector_integer,vector_integer_reverse,vector_integer_concat,vector_integer_occurrencesof,vector_integer_subvec,integer_eq,vector_integer_yankdup,exec_yankdup,vector_integer_yank,vector_integer_swap,vector_integer_shove,exec_when,vector_integer_rest,boolean_or,boolean_empty,vector_integer_emptyvector,exec_do*while,integer_rot,exec_stackdepth,exec_do*range,vector_integer_replacefirst,vector_integer_last,exec_shove,boolean_xor,boolean_yankdup,boolean_frominteger,exec_yank,vector_integer_indexof,vector_integer_length,integer_div,integer_mult,integer_min,integer_flush,integer_yank,vector_integer_set,integer_max,exec_dup,exec_k,exec_noop,exec_s,exec_y,boolean_rot,vector_integer_stackdepth,integer_yankdup,vector_integer_remove,vector_integer_empty,boolean_stackdepth,exec_do*times,integer_shove,vector_integer_nth,boolean_dup,boolean_not,integer_dup,boolean_flush,boolean_pop,exec_swap,boolean_swap,integer_add,exec_flush,integer_mod,integer_inc,boolean_invert_first_then_and,exec_rot,vector_integer_contains,integer_pop,exec_pop,vector_integer_eq,vector_integer_take,boolean_invert_second_then_and,integer_sub,vector_integer_rot,boolean_yank,integer_stackdepth,integer_dec,integer_gt,vector_integer_butlast,in1,vector_integer_pop,integer_lte,vector_integer_first,boolean_eq,exec_if,vector_integer_replace,exec_empty,exec_do*count,vector_integer_conj,exec_while,integer_fromboolean,integer_empty,vector_integer_dup
0.128774245151,0.108978204359,0.122175564887,0.152169566087,0.157368526295,0.106778644271,0.114377124575,0.179364127175,0.124375124975,0.112377524495,0.0841831633673,0.111377724455,0.117176564687,0.141571685663,0.101779644071,0.153769246151,0.114177164567,0.0997800439912,0.163967206559,0.159368126375,0.152769446111,0.118976204759,0.0967806438712,0.119976004799,0.152569486103,0.124775044991,0.182963407319,0.136372725455,0.143171365727,0.178364327135,0.154569086183,0.124175164967,0.138372325535,0.117576484703,0.107378524295,0.154169166167,0.125574885023,0.111977604479,0.181963607279,0.0963807238552,0.151169766047,0.119776044791,0.137372525495,0.165366926615,0.102179564087,0.117776444711,0.140171965607,0.177764447111,0.0997800439912,0.139772045591,0.0951809638072,0.123575284943,0.152969406119,0.171165766847,0.146770645871,0.164167166567,0.0933813237353,0.167366526695,0.154369126175,0.170965806839,0.141771645671,0.125574885023,0.111177764447,0.144371125775,0.151969606079,0.117176564687,0.0985802839432,0.164567086583,0.145170965807,0.119576084783,0.135572885423,0.134773045391,0.154169166167,0.132573485303,0.0915816836633,0.150369926015,0.109578084383,0.110177964407,0.133573285343,0.0683863227355,0.0937812437512,0.162767446511,0.117976404719,0.126574685063,0.179164167167,0.138572285543,0.130373925215,0.141571685663,0.160767846431,0.126774645071,0.154969006199,0.104379124175,0.149170165967,0.138572285543,0.116776644671,0.146970605879,0.159168166367,0.167966406719
Gen 5
exec_eq,integer_swap,integer_gte,boolean_shove,boolean_and,vector_integer_flush,integer_lt,vector_integer_pushall,exec_do*vector_integer,vector_integer_reverse,vector_integer_concat,vector_integer_occurrencesof,vector_integer_subvec,integer_eq,vector_integer_yankdup,exec_yankdup,vector_integer_yank,vector_integer_swap,vector_integer_shove,exec_when,vector_integer_rest,boolean_or,boolean_empty,vector_integer_emptyvector,exec_do*while,integer_rot,exec_stackdepth,exec_do*range,vector_integer_replacefirst,vector_integer_last,exec_shove,boolean_xor,boolean_yankdup,boolean_frominteger,exec_yank,vector_integer_indexof,vector_integer_length,integer_div,integer_mult,integer_min,integer_flush,integer_yank,vector_integer_set,integer_max,exec_dup,exec_k,exec_noop,exec_s,exec_y,boolean_rot,vector_integer_stackdepth,integer_yankdup,vector_integer_remove,vector_integer_empty,boolean_stackdepth,exec_do*times,integer_shove,vector_integer_nth,boolean_dup,boolean_not,integer_dup,boolean_flush,boolean_pop,exec_swap,boolean_swap,integer_add,exec_flush,integer_mod,integer_inc,boolean_invert_first_then_and,exec_rot,vector_integer_contains,integer_pop,exec_pop,vector_integer_eq,vector_integer_take,boolean_invert_second_then_and,integer_sub,vector_integer_rot,boolean_yank,integer_stackdepth,integer_dec,integer_gt,vector_integer_butlast,in1,vector_integer_pop,integer_lte,vector_integer_first,boolean_eq,exec_if,vector_integer_replace,exec_empty,exec_do*count,vector_integer_conj,exec_while,integer_fromboolean,integer_empty,vector_integer_dup
0.100483252791,0.108648558574,0.112481253124,0.114980836527,0.142142976171,0.0769871688052,0.0951508081986,0.154140976504,0.108815197467,0.100316613898,0.0666555574071,0.0978170304949,0.100316613898,0.124812531245,0.0748208631895,0.125312447925,0.102982836194,0.0934844192635,0.145142476254,0.146808865189,0.133477753708,0.105482419597,0.0778203632728,0.109148475254,0.13264455924,0.0989835027495,0.1568071988,0.100316613898,0.119646725546,0.148808531911,0.124479253458,0.107982003,0.119313447759,0.100149975004,0.0934844192635,0.141309781703,0.111148141976,0.0886518913514,0.157973671055,0.0691551408099,0.128811864689,0.0991501416431,0.117647058824,0.139643392768,0.0786535577404,0.093984335944,0.11131478087,0.143809365106,0.0809865022496,0.117647058824,0.0633227795367,0.106815530745,0.128811864689,0.142642892851,0.125812364606,0.146308948509,0.070821529745,0.141476420597,0.121813031161,0.145475754041,0.114814197634,0.110314947509,0.102482919513,0.135810698217,0.135810698217,0.0879853357774,0.0969838360273,0.146642226296,0.128311948009,0.116480586569,0.100149975004,0.117147142143,0.133811031495,0.11414764206,0.0998166972171,0.133977670388,0.0861523079487,0.0878186968839,0.116147308782,0.0409931678054,0.0881519746709,0.12931178137,0.0964839193468,0.108815197467,0.158806865522,0.121646392268,0.117147142143,0.112481253124,0.143142809532,0.0994834194301,0.127978670222,0.102482919513,0.139643392768,0.114980836527,0.0926512247959,0.130144975837,0.137143809365,0.140643226129
Gen 6
exec_eq,integer_swap,integer_gte,boolean_shove,boolean_and,vector_integer_flush,integer_lt,vector_integer_pushall,exec_do*vector_integer,vector_integer_reverse,vector_integer_concat,vector_integer_occurrencesof,vector_integer_subvec,integer_eq,vector_integer_yankdup,exec_yankdup,vector_integer_yank,vector_integer_swap,vector_integer_shove,exec_when,vector_integer_rest,boolean_or,boolean_empty,vector_integer_emptyvector,exec_do*while,integer_rot,exec_stackdepth,exec_do*range,vector_integer_replacefirst,vector_integer_last,exec_shove,boolean_xor,boolean_yankdup,boolean_frominteger,exec_yank,vector_integer_indexof,vector_integer_length,integer_div,integer_mult,integer_min,integer_flush,integer_yank,vector_integer_set,integer_max,exec_dup,exec_k,exec_noop,exec_s,exec_y,boolean_rot,vector_integer_stackdepth,integer_yankdup,vector_integer_remove,vector_integer_empty,boolean_stackdepth,exec_do*times,integer_shove,vector_integer_nth,boolean_dup,boolean_not,integer_dup,boolean_flush,boolean_pop,exec_swap,boolean_swap,integer_add,exec_flush,integer_mod,integer_inc,boolean_invert_first_then_and,exec_rot,vector_integer_contains,integer_pop,exec_pop,vector_integer_eq,vector_integer_take,boolean_invert_second_then_and,integer_sub,vector_integer_rot,boolean_yank,integer_stackdepth,integer_dec,integer_gt,vector_integer_butlast,in1,vector_integer_pop,integer_lte,vector_integer_first,boolean_eq,exec_if,vector_integer_replace,exec_empty,exec_do*count,vector_integer_conj,exec_while,integer_fromboolean,integer_empty,vector_integer_dup
0.074132266819,0.103699471504,0.106270532781,0.0972718183117,0.121982573918,0.0538494500786,0.0805599200114,0.136980431367,0.0958434509356,0.0845593486645,0.0581345522068,0.0897014712184,0.0739894300814,0.103556634766,0.0492786744751,0.102556777603,0.0899871446936,0.0854163690901,0.129410084274,0.125553492358,0.119982859591,0.0907013283817,0.0601342665334,0.106270532781,0.120982716755,0.0759891444079,0.137266104842,0.0685616340523,0.100557063277,0.129981431224,0.100699900014,0.0947007570347,0.11526924725,0.0795600628482,0.0611341236966,0.128267390373,0.107984573632,0.0728467361805,0.138837308956,0.0542779602914,0.118840165691,0.0944150835595,0.0998428795886,0.114412226825,0.0681331238395,0.0779888587345,0.101271246965,0.12726753321,0.0625624910727,0.109698614484,0.0507070418512,0.087273246679,0.117126124839,0.122696757606,0.114412226825,0.126124839309,0.0631338380231,0.114412226825,0.095700614198,0.131266961863,0.0871304099414,0.0982716754749,0.0929867161834,0.122268247393,0.119697186116,0.0732752463934,0.0835594915012,0.128553063848,0.102413940866,0.109841451221,0.0777031852592,0.110698471647,0.114840737038,0.102271104128,0.099700042851,0.123268104556,0.0671332666762,0.0661334095129,0.105413512355,0.0257106127696,0.0828453078132,0.117268961577,0.0879874303671,0.0992715326382,0.138694472218,0.109127267533,0.105842022568,0.0928438794458,0.120125696329,0.0887016140551,0.114269390087,0.089130124268,0.128695900586,0.112269675761,0.0715612055421,0.111984002285,0.119982859591,0.120839880017
Gen 7
exec_eq,integer_swap,integer_gte,boolean_shove,boolean_and,vector_integer_flush,integer_lt,vector_integer_pushall,exec_do*vector_integer,vector_integer_reverse,vector_integer_concat,vector_integer_occurrencesof,vector_integer_subvec,integer_eq,vector_integer_yankdup,exec_yankdup,vector_integer_yank,vector_integer_swap,vector_integer_shove,exec_when,vector_integer_rest,boolean_or,boolean_empty,vector_integer_emptyvector,exec_do*while,integer_rot,exec_stackdepth,exec_do*range,vector_integer_replacefirst,vector_integer_last,exec_shove,boolean_xor,boolean_yankdup,boolean_frominteger,exec_yank,vector_integer_indexof,vector_integer_length,integer_div,integer_mult,integer_min,integer_flush,integer_yank,vector_integer_set,integer_max,exec_dup,exec_k,exec_noop,exec_s,exec_y,boolean_rot,vector_integer_stackdepth,integer_yankdup,vector_integer_remove,vector_integer_empty,boolean_stackdepth,exec_do*times,integer_shove,vector_integer_nth,boolean_dup,boolean_not,integer_dup,boolean_flush,boolean_pop,exec_swap,boolean_swap,integer_add,exec_flush,integer_mod,integer_inc,boolean_invert_first_then_and,exec_rot,vector_integer_contains,integer_pop,exec_pop,vector_integer_eq,vector_integer_take,boolean_invert_second_then_and,integer_sub,vector_integer_rot,boolean_yank,integer_stackdepth,integer_dec,integer_gt,vector_integer_butlast,in1,vector_integer_pop,integer_lte,vector_integer_first,boolean_eq,exec_if,vector_integer_replace,exec_empty,exec_do*count,vector_integer_conj,exec_while,integer_fromboolean,integer_empty,vector_integer_dup
0.0618672665917,0.0997375328084,0.0861142357205,0.0774903137108,0.110111236095,0.042369703787,0.0694913135858,0.119860017498,0.0869891263592,0.0703662042245,0.0442444694413,0.0857392825897,0.0629921259843,0.092738407699,0.0364954380702,0.0918635170604,0.0818647669041,0.0776152980877,0.11361079865,0.107736532933,0.106986626672,0.0891138607674,0.0474940632421,0.103237095363,0.103987001625,0.0638670166229,0.122109736283,0.055743032121,0.087489063867,0.113110861142,0.0858642669666,0.0831146106737,0.10623672041,0.0624921884764,0.0457442819648,0.114735658043,0.095613048369,0.0581177352831,0.121359830021,0.0348706411699,0.104486939133,0.0888638920135,0.0891138607674,0.09023872016,0.0618672665917,0.0599925009374,0.0884889388826,0.112110986127,0.0533683289589,0.101112360955,0.0453693288339,0.0729908761405,0.105361829771,0.112485939258,0.101487314086,0.111236095488,0.055743032121,0.098237720285,0.0786151731034,0.116985376828,0.068866391701,0.0946131733533,0.0889888763905,0.112235970504,0.106861642295,0.0548681414823,0.0812398450194,0.113360829896,0.0842394700662,0.103987001625,0.0621172353456,0.10461192351,0.0986126734158,0.0896137982752,0.0941132358455,0.111236095488,0.0542432195976,0.0446194225722,0.0941132358455,0.0249968753906,0.0853643294588,0.103737032871,0.0749906261717,0.0882389701287,0.122109736283,0.105361829771,0.0921134858143,0.0746156730409,0.105361829771,0.076990376203,0.103487064117,0.0809898762655,0.11198600175,0.108611423572,0.0522434695663,0.10461192351,0.107236595426,0.101862267217
Gen 8
exec_eq,integer_swap,integer_gte,boolean_shove,boolean_and,vector_integer_flush,integer_lt,vector_integer_pushall,exec_do*vector_integer,vector_integer_reverse,vector_integer_concat,vector_integer_occurrencesof,vector_integer_subvec,integer_eq,vector_integer_yankdup,exec_yankdup,vector_integer_yank,vector_integer_swap,vector_integer_shove,exec_when,vector_integer_rest,boolean_or,boolean_empty,vector_integer_emptyvector,exec_do*while,integer_rot,exec_stackdepth,exec_do*range,vector_integer_replacefirst,vector_integer_last,exec_shove,boolean_xor,boolean_yankdup,boolean_frominteger,exec_yank,vector_integer_indexof,vector_integer_length,integer_div,integer_mult,integer_min,integer_flush,integer_yank,vector_integer_set,integer_max,exec_dup,exec_k,exec_noop,exec_s,exec_y,boolean_rot,vector_integer_stackdepth,integer_yankdup,vector_integer_remove,vector_integer_empty,boolean_stackdepth,exec_do*times,integer_shove,vector_integer_nth,boolean_dup,boolean_not,integer_dup,boolean_flush,boolean_pop,exec_swap,boolean_swap,integer_add,exec_flush,integer_mod,integer_inc,boolean_invert_first_then_and,exec_rot,vector_integer_contains,integer_pop,exec_pop,vector_integer_eq,vector_integer_take,boolean_invert_second_then_and,integer_sub,vector_integer_rot,boolean_yank,integer_stackdepth,integer_dec,integer_gt,vector_integer_butlast,in1,vector_integer_pop,integer_lte,vector_integer_first,boolean_eq,exec_if,vector_integer_replace,exec_empty,exec_do*count,vector_integer_conj,exec_while,integer_fromboolean,integer_empty,vector_integer_dup
0.0496611487612,0.0943228530163,0.0737695811576,0.0607710254416,0.0969892234196,0.0274413954005,0.0587712476392,0.107099211199,0.078102433063,0.0622153094101,0.0317742473059,0.0817686923675,0.0488834573936,0.08376847017,0.0262193089657,0.0748805688257,0.0752138651261,0.0708810132208,0.101877569159,0.0923230752139,0.0907676924786,0.0795467170314,0.0384401733141,0.0914342850794,0.0925452727475,0.0507721364293,0.108210198867,0.0463281857571,0.0738806799245,0.100322186424,0.0731029885568,0.0763248527941,0.097878013554,0.0523275191645,0.0319964448395,0.103655149428,0.088879013443,0.0504388401289,0.108543495167,0.023775136096,0.0943228530163,0.0777691367626,0.0759915564937,0.07299188979,0.054882790801,0.0498833462949,0.0791023219642,0.100544383957,0.0387734696145,0.0906565937118,0.0399955560493,0.0574380624375,0.0959893345184,0.0979891123209,0.0879902233085,0.0974336184868,0.048105766026,0.0774358404622,0.0658815687146,0.105766025997,0.0551049883346,0.083212976336,0.07299188979,0.102210865459,0.0981002110877,0.049216753694,0.076991445395,0.100988779025,0.0681035440507,0.091100988779,0.0534385068326,0.0912120875458,0.0833240751028,0.0759915564937,0.0871014331741,0.101322075325,0.041884235085,0.0343295189423,0.0805466059327,0.0177758026886,0.0821019886679,0.0931007665815,0.0709921119876,0.0816575936007,0.109543384068,0.0917675813798,0.0846572603044,0.0653260748806,0.0898789023442,0.0707699144539,0.089990001111,0.0736584823908,0.10287745806,0.0969892234196,0.040773247417,0.0939895567159,0.0953227419176,0.0919897789135
Gen 9
exec_eq,integer_swap,integer_gte,boolean_shove,boolean_and,vector_integer_flush,integer_lt,vector_integer_pushall,exec_do*vector_integer,vector_integer_reverse,vector_integer_concat,vector_integer_occurrencesof,vector_integer_subvec,integer_eq,vector_integer_yankdup,exec_yankdup,vector_integer_yank,vector_integer_swap,vector_integer_shove,exec_when,vector_integer_rest,boolean_or,boolean_empty,vector_integer_emptyvector,exec_do*while,integer_rot,exec_stackdepth,exec_do*range,vector_integer_replacefirst,vector_integer_last,exec_shove,boolean_xor,boolean_yankdup,boolean_frominteger,exec_yank,vector_integer_indexof,vector_integer_length,integer_div,integer_mult,integer_min,integer_flush,integer_yank,vector_integer_set,integer_max,exec_dup,exec_k,exec_noop,exec_s,exec_y,boolean_rot,vector_integer_stackdepth,integer_yankdup,vector_integer_remove,vector_integer_empty,boolean_stackdepth,exec_do*times,integer_shove,vector_integer_nth,boolean_dup,boolean_not,integer_dup,boolean_flush,boolean_pop,exec_swap,boolean_swap,integer_add,exec_flush,integer_mod,integer_inc,boolean_invert_first_then_and,exec_rot,vector_integer_contains,integer_pop,exec_pop,vector_integer_eq,vector_integer_take,boolean_invert_second_then_and,integer_sub,vector_integer_rot,boolean_yank,integer_stackdepth,integer_dec,integer_gt,vector_integer_butlast,in1,vector_integer_pop,integer_lte,vector_integer_first,boolean_eq,exec_if,vector_integer_replace,exec_empty,exec_do*count,vector_integer_conj,exec_while,integer_fromboolean,integer_empty,vector_integer_dup
0.044595540446,0.0865913408659,0.0613938606139,0.0525947405259,0.0896910308969,0.021297870213,0.0507949205079,0.0979902009799,0.0693930606939,0.0578942105789,0.02499750025,0.0735926407359,0.043195680432,0.0749925007499,0.019698030197,0.0697930206979,0.0696930306969,0.0581941805819,0.0896910308969,0.0795920407959,0.0766923307669,0.0752924707529,0.037096290371,0.0846915308469,0.0828917108289,0.048095190481,0.0974902509749,0.040095990401,0.0689931006899,0.0917908209179,0.0667933206679,0.0686931306869,0.0903909609039,0.044395560444,0.026597340266,0.0939906009399,0.0857914208579,0.045295470453,0.0981901809819,0.022297770223,0.0820917908209,0.0725927407259,0.0656934306569,0.0545945405459,0.0518948105189,0.041495850415,0.0722927707229,0.0892910708929,0.03199680032,0.0804919508049,0.038896110389,0.044095590441,0.0885911408859,0.0878912108789,0.0740925907409,0.0834916508349,0.044095590441,0.0611938806119,0.0576942305769,0.0973902609739,0.048495150485,0.0717928207179,0.0629937006299,0.0910908909109,0.0907909209079,0.0505949405059,0.0709929007099,0.0940905909409,0.0580941905809,0.0815918408159,0.0536946305369,0.0834916508349,0.0697930206979,0.0637936206379,0.0783921607839,0.0916908309169,0.03799620038,0.029197080292,0.0693930606939,0.014198580142,0.0747925207479,0.0857914208579,0.0676932306769,0.0737926207379,0.0989901009899,0.0846915308469,0.0722927707229,0.0572942705729,0.0777922207779,0.0650934906509,0.0788921107889,0.0650934906509,0.0937906209379,0.0884911508849,0.035896410359,0.0825917408259,0.0814918508149,0.0800919908009
Gen 10
exec_eq,integer_swap,integer_gte,boolean_shove,boolean_and,vector_integer_flush,integer_lt,vector_integer_pushall,exec_do*vector_integer,vector_integer_reverse,vector_integer_concat,vector_integer_occurrencesof,vector_integer_subvec,integer_eq,vector_integer_yankdup,exec_yankdup,vector_integer_yank,vector_integer_swap,vector_integer_shove,exec_when,vector_integer_rest,boolean_or,boolean_empty,vector_integer_emptyvector,exec_do*while,integer_rot,exec_stackdepth,exec_do*range,vector_integer_replacefirst,vector_integer_last,exec_shove,boolean_xor,boolean_yankdup,boolean_frominteger,exec_yank,vector_integer_indexof,vector_integer_length,integer_div,integer_mult,integer_min,integer_flush,integer_yank,vector_integer_set,integer_max,exec_dup,exec_k,exec_noop,exec_s,exec_y,boolean_rot,vector_integer_stackdepth,integer_yankdup,vector_integer_remove,vector_integer_empty,boolean_stackdepth,exec_do*times,integer_shove,vector_integer_nth,boolean_dup,boolean_not,integer_dup,boolean_flush,boolean_pop,exec_swap,boolean_swap,integer_add,exec_flush,integer_mod,integer_inc,boolean_invert_first_then_and,exec_rot,vector_integer_contains,integer_pop,exec_pop,vector_integer_eq,vector_integer_take,boolean_invert_second_then_and,integer_sub,vector_integer_rot,boolean_yank,integer_stackdepth,integer_dec,integer_gt,vector_integer_butlast,in1,vector_integer_pop,integer_lte,vector_integer_first,boolean_eq,exec_if,vector_integer_replace,exec_empty,exec_do*count,vector_integer_conj,exec_while,integer_fromboolean,integer_empty,vector_integer_dup
0.0443596036724,0.0829924552313,0.0536314880465,0.0481774384147,0.0816289428234,0.0159985455868,0.0439960003636,0.0893555131352,0.0629033724207,0.0526315789474,0.023452413417,0.0654485955822,0.036814835015,0.0689937278429,0.0149986364876,0.0659940005454,0.0697209344605,0.0567221161713,0.0829924552313,0.0723570584492,0.0699936369421,0.0686301245341,0.0355422234342,0.079629124625,0.0759930915371,0.043723297882,0.0896282156168,0.0370875374966,0.0591764385056,0.0833560585401,0.060267248432,0.0655394964094,0.0837196618489,0.0406326697573,0.0210889919098,0.0866284883192,0.0812653395146,0.0386328515589,0.0893555131352,0.022543405145,0.0735387692028,0.0629942732479,0.059812744296,0.0462685210435,0.0518134715026,0.0348150168167,0.0684483228797,0.0788110171803,0.0273611489865,0.0741750749932,0.0382692482502,0.0378147441142,0.0812653395146,0.0808108353786,0.0696300336333,0.0768111989819,0.0411780747205,0.0512680665394,0.0530860830834,0.0885374056904,0.0417234796837,0.0668121079902,0.0594491409872,0.0853558767385,0.0840832651577,0.0490864466867,0.0657212980638,0.086537587492,0.0518134715026,0.0757203890555,0.0482683392419,0.0759021907099,0.0627215707663,0.0585401327152,0.0734478683756,0.0819925461322,0.0337242068903,0.0271793473321,0.0655394964094,0.0140896282156,0.0664485046814,0.0786292155259,0.0633578765567,0.0701754385965,0.0893555131352,0.0794473229706,0.0650849922734,0.050177256613,0.0729024634124,0.0617216616671,0.0726297609308,0.0615398600127,0.0849013726025,0.0806290337242,0.0350877192982,0.0741750749932,0.0715389510045,0.0720843559676
Gen 11
exec_eq,integer_swap,integer_gte,boolean_shove,boolean_and,vector_integer_flush,integer_lt,vector_integer_pushall,exec_do*vector_integer,vector_integer_reverse,vector_integer_concat,vector_integer_occurrencesof,vector_integer_subvec,integer_eq,vector_integer_yankdup,exec_yankdup,vector_integer_yank,vector_integer_swap,vector_integer_shove,exec_when,vector_integer_rest,boolean_or,boolean_empty,vector_integer_emptyvector,exec_do*while,integer_rot,exec_stackdepth,exec_do*range,vector_integer_replacefirst,vector_integer_last,exec_shove,boolean_xor,boolean_yankdup,boolean_frominteger,exec_yank,vector_integer_indexof,vector_integer_length,integer_div,integer_mult,integer_min,integer_flush,integer_yank,vector_integer_set,integer_max,exec_dup,exec_k,exec_noop,exec_s,exec_y,boolean_rot,vector_integer_stackdepth,integer_yankdup,vector_integer_remove,vector_integer_empty,boolean_stackdepth,exec_do*times,integer_shove,vector_integer_nth,boolean_dup,boolean_not,integer_dup,boolean_flush,boolean_pop,exec_swap,boolean_swap,integer_add,exec_flush,integer_mod,integer_inc,boolean_invert_first_then_and,exec_rot,vector_integer_contains,integer_pop,exec_pop,vector_integer_eq,vector_integer_take,boolean_invert_second_then_and,integer_sub,vector_integer_rot,boolean_yank,integer_stackdepth,integer_dec,integer_gt,vector_integer_butlast,in1,vector_integer_pop,integer_lte,vector_integer_first,boolean_eq,exec_if,vector_integer_replace,exec_empty,exec_do*count,vector_integer_conj,exec_while,integer_fromboolean,integer_empty,vector_integer_dup
0.043663028081,0.0785767852679,0.0465794517124,0.0429964169653,0.076993583868,0.011582368136,0.037246896092,0.0824097991834,0.0561619865011,0.0501624864595,0.0214982084826,0.0623281393217,0.0330805766186,0.0634113823848,0.0121656528623,0.0605782851429,0.0656611949004,0.0554953753854,0.0774102158153,0.0649945837847,0.0625781184901,0.0639113407216,0.0332472293976,0.0755770352471,0.0698275143738,0.041163236397,0.0819098408466,0.0341638196817,0.0533288892592,0.0750770769103,0.0561619865011,0.0608282643113,0.0774935422048,0.0340804932922,0.0195817015249,0.0784934588784,0.0760769935839,0.0341638196817,0.0822431464045,0.02191484043,0.0662444796267,0.0595783684693,0.0559120073327,0.0387467711024,0.0482459795017,0.0303308057662,0.0615782018165,0.0701608199317,0.0244979585035,0.0667444379635,0.037246896092,0.0353303891342,0.0722439796684,0.073077243563,0.0633280559953,0.0689942504791,0.0391634030497,0.0466627781018,0.047412715607,0.0814932088993,0.039746687776,0.0636613615532,0.0537455212066,0.0771602366469,0.0795767019415,0.0447462711441,0.0607449379218,0.0795767019415,0.0458295142071,0.0697441879843,0.0417465211232,0.0699108407633,0.0554120489959,0.0541621531539,0.0674110490792,0.0759103408049,0.0342471460712,0.0215815348721,0.0594117156904,0.0138321806516,0.0620781601533,0.0712440629948,0.0584117990167,0.0636613615532,0.0820764936255,0.0737438546788,0.0590784101325,0.0466627781018,0.065411215732,0.0534955420382,0.0664111324056,0.0571619031747,0.0784934588784,0.0735772018998,0.0314140488293,0.0663278060162,0.0661611532372,0.0669110907424
Gen 12
exec_eq,integer_swap,integer_gte,boolean_shove,boolean_and,vector_integer_flush,integer_lt,vector_integer_pushall,exec_do*vector_integer,vector_integer_reverse,vector_integer_concat,vector_integer_occurrencesof,vector_integer_subvec,integer_eq,vector_integer_yankdup,exec_yankdup,vector_integer_yank,vector_integer_swap,vector_integer_shove,exec_when,vector_integer_rest,boolean_or,boolean_empty,vector_integer_emptyvector,exec_do*while,integer_rot,exec_stackdepth,exec_do*range,vector_integer_replacefirst,vector_integer_last,exec_shove,boolean_xor,boolean_yankdup,boolean_frominteger,exec_yank,vector_integer_indexof,vector_integer_length,integer_div,integer_mult,integer_min,integer_flush,integer_yank,vector_integer_set,integer_max,exec_dup,exec_k,exec_noop,exec_s,exec_y,boolean_rot,vector_integer_stackdepth,integer_yankdup,vector_integer_remove,vector_integer_empty,boolean_stackdepth,exec_do*times,integer_shove,vector_integer_nth,boolean_dup,boolean_not,integer_dup,boolean_flush,boolean_pop,exec_swap,boolean_swap,integer_add,exec_flush,integer_mod,integer_inc,boolean_invert_first_then_and,exec_rot,vector_integer_contains,integer_pop,exec_pop,vector_integer_eq,vector_integer_take,boolean_invert_second_then_and,integer_sub,vector_integer_rot,boolean_yank,integer_stackdepth,integer_dec,integer_gt,vector_integer_butlast,in1,vector_integer_pop,integer_lte,vector_integer_first,boolean_eq,exec_if,vector_integer_replace,exec_empty,exec_do*count,vector_integer_conj,exec_while,integer_fromboolean,integer_empty,vector_integer_dup
0.0394585031921,0.0740712252904,0.0410737635566,0.0396892546727,0.0720713791247,0.0108453195908,0.0316129528498,0.0761479886163,0.0504576571033,0.0484578109376,0.0201522959772,0.05984155065,0.0299976924852,0.0603799707715,0.0105376509499,0.0562264441197,0.0614568110145,0.0503807399431,0.0723021306053,0.0592262133682,0.0571494500423,0.0614568110145,0.0314591185293,0.070763787401,0.0650719175448,0.0387662487501,0.0755326513345,0.0349973078994,0.0488423967387,0.0682255211138,0.052457503269,0.0550726867164,0.0697638643181,0.0329974617337,0.0163833551265,0.0738404738097,0.0727636335666,0.0250749942312,0.0764556572571,0.023228982386,0.0596107991693,0.0545342665949,0.051072994385,0.0323052072917,0.0469194677333,0.0269979232367,0.0580724559649,0.0641489116222,0.0219983078225,0.0592262133682,0.0358433966618,0.0321513729713,0.0692254441966,0.0649950003846,0.0585339589262,0.0622259826167,0.0349973078994,0.0392277517114,0.0453811245289,0.0752249826936,0.0370740712253,0.0570725328821,0.0518421659872,0.0723790477656,0.0739943081301,0.0420736866395,0.0573032843627,0.074301976771,0.0397661718329,0.0637643258211,0.0379970771479,0.0639950773017,0.0523805861088,0.050688408584,0.0615337281748,0.0705330359203,0.0326128759326,0.0172294438889,0.0526113375894,0.0129990000769,0.0579186216445,0.0663795092685,0.0556880239982,0.0594569648489,0.0763787400969,0.069379278517,0.055995692639,0.0446888700869,0.0615337281748,0.0499192369818,0.0608414737328,0.0529190062303,0.0735328051688,0.0663795092685,0.0276901776786,0.060918390893,0.0618413968156,0.0624567340974
Gen 13
exec_eq,integer_swap,integer_gte,boolean_shove,boolean_and,vector_integer_flush,integer_lt,vector_integer_pushall,exec_do*vector_integer,vector_integer_reverse,vector_integer_concat,vector_integer_occurrencesof,vector_integer_subvec,integer_eq,vector_integer_yankdup,exec_yankdup,vector_integer_yank,vector_integer_swap,vector_integer_shove,exec_when,vector_integer_rest,boolean_or,boolean_empty,vector_integer_emptyvector,exec_do*while,integer_rot,exec_stackdepth,exec_do*range,vector_integer_replacefirst,vector_integer_last,exec_shove,boolean_xor,boolean_yankdup,boolean_frominteger,exec_yank,vector_integer_indexof,vector_integer_length,integer_div,integer_mult,integer_min,integer_flush,integer_yank,vector_integer_set,integer_max,exec_dup,exec_k,exec_noop,exec_s,exec_y,boolean_rot,vector_integer_stackdepth,integer_yankdup,vector_integer_remove,vector_integer_empty,boolean_stackdepth,exec_do*times,integer_shove,vector_integer_nth,boolean_dup,boolean_not,integer_dup,boolean_flush,boolean_pop,exec_swap,boolean_swap,integer_add,exec_flush,integer_mod,integer_inc,boolean_invert_first_then_and,exec_rot,vector_integer_contains,integer_pop,exec_pop,vector_integer_eq,vector_integer_take,boolean_invert_second_then_and,integer_sub,vector_integer_rot,boolean_yank,integer_stackdepth,integer_dec,integer_gt,vector_integer_butlast,in1,vector_integer_pop,integer_lte,vector_integer_first,boolean_eq,exec_if,vector_integer_replace,exec_empty,exec_do*count,vector_integer_conj,exec_while,integer_fromboolean,integer_empty,vector_integer_dup
0.0427112349118,0.0683522605528,0.0339261481323,0.0387115206057,0.0677808727948,0.00928505106778,0.0292836225984,0.0707806585244,0.0396400257124,0.0467109492179,0.0184272551961,0.0520677094493,0.0283551174916,0.0543532604814,0.0124991072066,0.0545675308907,0.057924433969,0.0425683879723,0.066566673809,0.0546389543604,0.0520677094493,0.0561388472252,0.032569102207,0.0646382401257,0.058781515606,0.0416398828655,0.0703521177059,0.0359974287551,0.0459967145204,0.0632097707307,0.04899650025,0.0491393471895,0.0629240768517,0.031426326691,0.0134276123134,0.0690664952503,0.0688522248411,0.0224983929719,0.0707806585244,0.0249267909435,0.0507820869938,0.0464252553389,0.0458538675809,0.0270694950361,0.0450682094136,0.0270694950361,0.0531390614956,0.0588529390758,0.0206413827584,0.0521391329191,0.033997571602,0.0251410613528,0.0626383829726,0.0606385258196,0.0517105921006,0.0547818012999,0.0302121277052,0.0336404542533,0.0444968216556,0.0707806585244,0.0394257553032,0.049853581887,0.049853581887,0.0660667095207,0.0676380258553,0.0416398828655,0.0525676737376,0.0680665666738,0.0347118062996,0.0558531533462,0.0354260409971,0.0568530819227,0.0469966430969,0.0483536890222,0.0532819084351,0.0632811942004,0.0361402756946,0.016141704164,0.0453539032926,0.0129990714949,0.0488536533105,0.0620669952146,0.0497107349475,0.0545675308907,0.0706378115849,0.0634240411399,0.0530676380259,0.040925648168,0.0572101992715,0.0419970002143,0.057067352332,0.0492107706592,0.067138061567,0.0583529747875,0.0276408827941,0.0527819441468,0.0542818370116,0.0569959288622
Gen 14
exec_eq,integer_swap,integer_gte,boolean_shove,boolean_and,vector_integer_flush,integer_lt,vector_integer_pushall,exec_do*vector_integer,vector_integer_reverse,vector_integer_concat,vector_integer_occurrencesof,vector_integer_subvec,integer_eq,vector_integer_yankdup,exec_yankdup,vector_integer_yank,vector_integer_swap,vector_integer_shove,exec_when,vector_integer_rest,boolean_or,boolean_empty,vector_integer_emptyvector,exec_do*while,integer_rot,exec_stackdepth,exec_do*range,vector_integer_replacefirst,vector_integer_last,exec_shove,boolean_xor,boolean_yankdup,boolean_frominteger,exec_yank,vector_integer_indexof,vector_integer_length,integer_div,integer_mult,integer_min,integer_flush,integer_yank,vector_integer_set,integer_max,exec_dup,exec_k,exec_noop,exec_s,exec_y,boolean_rot,vector_integer_stackdepth,integer_yankdup,vector_integer_remove,vector_integer_empty,boolean_stackdepth,exec_do*times,integer_shove,vector_integer_nth,boolean_dup,boolean_not,integer_dup,boolean_flush,boolean_pop,exec_swap,boolean_swap,integer_add,exec_flush,integer_mod,integer_inc,boolean_invert_first_then_and,exec_rot,vector_integer_contains,integer_pop,exec_pop,vector_integer_eq,vector_integer_take,boolean_invert_second_then_and,integer_sub,vector_integer_rot,boolean_yank,integer_stackdepth,integer_dec,integer_gt,vector_integer_butlast,in1,vector_integer_pop,integer_lte,vector_integer_first,boolean_eq,exec_if,vector_integer_replace,exec_empty,exec_do*count,vector_integer_conj,exec_while,integer_fromboolean,integer_empty,vector_integer_dup
0.0426638224118,0.0635957602826,0.028798080128,0.0365975601627,0.063129124725,0.00766615558963,0.0273315112326,0.0659956002933,0.0350643290447,0.0445970268649,0.0192653823078,0.0481967868809,0.0285314312379,0.0509299380041,0.0113992400507,0.0533964402373,0.0557296180255,0.0422638490767,0.0615292313846,0.0489967335511,0.0489967335511,0.0531297913472,0.0296646890207,0.0579294713686,0.0524631691221,0.041263915739,0.0655956269582,0.0352643157123,0.0429304713019,0.0579961335911,0.0467302179855,0.0475301646557,0.0590627291514,0.0313979068062,0.0114659022732,0.0641290580628,0.064795680288,0.0191320578628,0.0658622758483,0.0234651023265,0.0457302846477,0.0437970801947,0.0407972801813,0.0265982267849,0.0448636757549,0.0271981867875,0.0464635690954,0.0535964269049,0.0201986534231,0.048596760216,0.0355309646024,0.0247316845544,0.0576628224785,0.0547296846877,0.0475968268782,0.0515298980068,0.0284647690154,0.0332644490367,0.0435970935271,0.0655956269582,0.0380641290581,0.0460635957603,0.0443970401973,0.0621291913872,0.0643290447304,0.0400639957336,0.0491967202187,0.0636624225052,0.0327978134791,0.0509966002267,0.0331311245917,0.0538630757949,0.0414639024065,0.041397240184,0.0497966802213,0.0591960535964,0.0371975201653,0.0162655822945,0.0383974401707,0.0111325911606,0.0457302846477,0.0586627558163,0.0462635824278,0.0473301779881,0.0655956269582,0.059529364709,0.0463969068729,0.0391973868409,0.0514632357843,0.0379974668355,0.050396640224,0.0452636490901,0.0622625158323,0.0555296313579,0.0245316978868,0.0507966135591,0.0517965468969,0.0542630491301
Gen 15
exec_eq,integer_swap,integer_gte,boolean_shove,boolean_and,vector_integer_flush,integer_lt,vector_integer_pushall,exec_do*vector_integer,vector_integer_reverse,vector_integer_concat,vector_integer_occurrencesof,vector_integer_subvec,integer_eq,vector_integer_yankdup,exec_yankdup,vector_integer_yank,vector_integer_swap,vector_integer_shove,exec_when,vector_integer_rest,boolean_or,boolean_empty,vector_integer_emptyvector,exec_do*while,integer_rot,exec_stackdepth,exec_do*range,vector_integer_replacefirst,vector_integer_last,exec_shove,boolean_xor,boolean_yankdup,boolean_frominteger,exec_yank,vector_integer_indexof,vector_integer_length,integer_div,integer_mult,integer_min,integer_flush,integer_yank,vector_integer_set,integer_max,exec_dup,exec_k,exec_noop,exec_s,exec_y,boolean_rot,vector_integer_stackdepth,integer_yankdup,vector_integer_remove,vector_integer_empty,boolean_stackdepth,exec_do*times,integer_shove,vector_integer_nth,boolean_dup,boolean_not,integer_dup,boolean_flush,boolean_pop,exec_swap,boolean_swap,integer_add,exec_flush,integer_mod,integer_inc,boolean_invert_first_then_and,exec_rot,vector_integer_contains,integer_pop,exec_pop,vector_integer_eq,vector_integer_take,boolean_invert_second_then_and,integer_sub,vector_integer_rot,boolean_yank,integer_stackdepth,integer_dec,integer_gt,vector_integer_butlast,in1,vector_integer_pop,integer_lte,vector_integer_first,boolean_eq,exec_if,vector_integer_replace,exec_empty,exec_do*count,vector_integer_conj,exec_while,integer_fromboolean,integer_empty,vector_integer_dup
0.0446222111118,0.0593087932004,0.021498656334,0.0370601837385,0.0593712892944,0.00737453909131,0.0224985938379,0.0611836760202,0.0293106680832,0.0448096993938,0.0194987813262,0.0434347853259,0.0276232735454,0.0454971564277,0.010686832073,0.0515592775452,0.053684144741,0.0371851759265,0.0572464220986,0.0452471720517,0.0452471720517,0.0488719455034,0.0306855821511,0.053371664271,0.0486844572214,0.0408099493782,0.0616836447722,0.0356227735767,0.0409974376601,0.053371664271,0.0411849259421,0.0448721954878,0.0544965939629,0.031435535279,0.010124367227,0.0597462658584,0.0609336916443,0.0157490156865,0.0613711643022,0.0249359415037,0.0399350040622,0.042309855634,0.0392475470283,0.0262483594775,0.0434347853259,0.0269358165115,0.042059871258,0.0493094181614,0.0226860821199,0.0446847072058,0.0353727892007,0.0221861133679,0.052996687707,0.0502468595713,0.0434347853259,0.0476220236235,0.0283107305793,0.0332479220049,0.0433722892319,0.0616211486782,0.0376226485845,0.0437472657959,0.0433097931379,0.0576213986626,0.0598712580464,0.0394975314043,0.0448721954878,0.0598087619524,0.0298731329292,0.0458096368977,0.0304355977751,0.0474970314355,0.0400599962502,0.0396850196863,0.0452471720517,0.0541841134929,0.0371851759265,0.0147490781826,0.0351853009187,0.0123742266108,0.0391850509343,0.0543091056809,0.0450596837698,0.0435597775139,0.0618711330542,0.0556840197488,0.0438097618899,0.0354977813887,0.0499343791013,0.031998000125,0.0465595900256,0.0408099493782,0.0583088556965,0.0501218673833,0.0264358477595,0.0461846134617,0.0443722267358,0.0523717267671
Gen 16
exec_eq,integer_swap,integer_gte,boolean_shove,boolean_and,vector_integer_flush,integer_lt,vector_integer_pushall,exec_do*vector_integer,vector_integer_reverse,vector_integer_concat,vector_integer_occurrencesof,vector_integer_subvec,integer_eq,vector_integer_yankdup,exec_yankdup,vector_integer_yank,vector_integer_swap,vector_integer_shove,exec_when,vector_integer_rest,boolean_or,boolean_empty,vector_integer_emptyvector,exec_do*while,integer_rot,exec_stackdepth,exec_do*range,vector_integer_replacefirst,vector_integer_last,exec_shove,boolean_xor,boolean_yankdup,boolean_frominteger,exec_yank,vector_integer_indexof,vector_integer_length,integer_div,integer_mult,integer_min,integer_flush,integer_yank,vector_integer_set,integer_max,exec_dup,exec_k,exec_noop,exec_s,exec_y,boolean_rot,vector_integer_stackdepth,integer_yankdup,vector_integer_remove,vector_integer_empty,boolean_stackdepth,exec_do*times,integer_shove,vector_integer_nth,boolean_dup,boolean_not,integer_dup,boolean_flush,boolean_pop,exec_swap,boolean_swap,integer_add,exec_flush,integer_mod,integer_inc,boolean_invert_first_then_and,exec_rot,vector_integer_contains,integer_pop,exec_pop,vector_integer_eq,vector_integer_take,boolean_invert_second_then_and,integer_sub,vector_integer_rot,boolean_yank,integer_stackdepth,integer_dec,integer_gt,vector_integer_butlast,in1,vector_integer_pop,integer_lte,vector_integer_first,boolean_eq,exec_if,vector_integer_replace,exec_empty,exec_do*count,vector_integer_conj,exec_while,integer_fromboolean,integer_empty,vector_integer_dup
0.0450561731663,0.0547614846186,0.0182930415858,0.0347038409505,0.0570554673255,0.00829362978648,0.019763543321,0.0581142285748,0.0257043703312,0.0444091524028,0.0199400035292,0.0399976471972,0.0252926298453,0.0445267925416,0.00923475089701,0.0489971178166,0.0508205399682,0.0368801835186,0.0534086230222,0.0441150520558,0.0432327510146,0.0426445503206,0.0315275572025,0.0495853185107,0.0437033115699,0.0414681489324,0.0581730486442,0.0356449620611,0.0416446091406,0.0499970589965,0.038233045115,0.0429386506676,0.0505852596906,0.0322922181048,0.00894065054997,0.0549379448268,0.0575848479501,0.0161755190871,0.0568790071172,0.0248808893594,0.035350861714,0.0388800658785,0.0338803599788,0.0235280277631,0.0397623669196,0.0274689724134,0.0386447856008,0.0458208340686,0.0225869066525,0.0407623080995,0.0322922181048,0.0179989412388,0.0498794188577,0.0475266160814,0.0404682077525,0.0446444326804,0.0267043115111,0.0296453149815,0.041115228516,0.0575848479501,0.0374683842127,0.0404682077525,0.0393506264337,0.0532909828834,0.0562908064232,0.0375860243515,0.045879654138,0.0559378860067,0.0285277336627,0.0438797717781,0.0275277924828,0.0453502735133,0.0348214810893,0.0354685018528,0.0419975295571,0.0516440209399,0.0368213634492,0.0135286159638,0.0338215399094,0.0119404740898,0.0361155226163,0.0498205987883,0.0434680312923,0.0392918063643,0.058290688783,0.0504087994824,0.0398800070584,0.0338803599788,0.0449973530969,0.0290571142874,0.0441150520558,0.0422328098347,0.0559967060761,0.0459384742074,0.0237044879713,0.0434680312923,0.0423504499735,0.0508793600376
Gen 17
exec_eq,integer_swap,integer_gte,boolean_shove,boolean_and,vector_integer_flush,integer_lt,vector_integer_pushall,exec_do*vector_integer,vector_integer_reverse,vector_integer_concat,vector_integer_occurrencesof,vector_integer_subvec,integer_eq,vector_integer_yankdup,exec_yankdup,vector_integer_yank,vector_integer_swap,vector_integer_shove,exec_when,vector_integer_rest,boolean_or,boolean_empty,vector_integer_emptyvector,exec_do*while,integer_rot,exec_stackdepth,exec_do*range,vector_integer_replacefirst,vector_integer_last,exec_shove,boolean_xor,boolean_yankdup,boolean_frominteger,exec_yank,vector_integer_indexof,vector_integer_length,integer_div,integer_mult,integer_min,integer_flush,integer_yank,vector_integer_set,integer_max,exec_dup,exec_k,exec_noop,exec_s,exec_y,boolean_rot,vector_integer_stackdepth,integer_yankdup,vector_integer_remove,vector_integer_empty,boolean_stackdepth,exec_do*times,integer_shove,vector_integer_nth,boolean_dup,boolean_not,integer_dup,boolean_flush,boolean_pop,exec_swap,boolean_swap,integer_add,exec_flush,integer_mod,integer_inc,boolean_invert_first_then_and,exec_rot,vector_integer_contains,integer_pop,exec_pop,vector_integer_eq,vector_integer_take,boolean_invert_second_then_and,integer_sub,vector_integer_rot,boolean_yank,integer_stackdepth,integer_dec,integer_gt,vector_integer_butlast,in1,vector_integer_pop,integer_lte,vector_integer_first,boolean_eq,exec_if,vector_integer_replace,exec_empty,exec_do*count,vector_integer_conj,exec_while,integer_fromboolean,integer_empty,vector_integer_dup
0.0425531914894,0.051886006333,0.0197766790734,0.0298872284873,0.0539414476974,0.00805510804955,0.0181656574635,0.0548302872063,0.0247208488417,0.0413865896339,0.0197211266041,0.0366090772735,0.0252208210655,0.041219932226,0.0102772068218,0.0479417810122,0.0491083828676,0.0348313982557,0.0512193767013,0.0417199044498,0.0394422532082,0.0408310649408,0.0333870340537,0.0474418087884,0.0401644353091,0.0398311204933,0.0549413921449,0.0312204877507,0.0399977779012,0.0481084384201,0.0366090772735,0.0389422809844,0.0476640186656,0.0309982778735,0.009943892006,0.0527192933726,0.054774734737,0.0126659630021,0.0530526081884,0.0260541081051,0.0343314260319,0.0378867840676,0.0319426698517,0.0206655185823,0.0392755958002,0.0272207099606,0.0367201822121,0.043386478529,0.0208321759902,0.0372757069052,0.0311649352814,0.0167212932615,0.0477195711349,0.043219821121,0.0409421698795,0.0409977223488,0.0245541914338,0.0263874229209,0.0379423365369,0.0543303149825,0.0356646852953,0.0363868673963,0.0386645186379,0.0512193767013,0.0532748180657,0.0373868118438,0.0443308705072,0.0532192655964,0.025498583412,0.0402755402478,0.0271651574913,0.0446086328537,0.0333870340537,0.0359424476418,0.0401644353091,0.0490528303983,0.0339425587467,0.0123882006555,0.0317204599744,0.0110549413921,0.0339425587467,0.0464418643409,0.0420532192656,0.0364424198656,0.0549969446142,0.0486084106439,0.0377201266596,0.0299983334259,0.043386478529,0.0296094661408,0.0418865618577,0.0393311482695,0.0534970279429,0.0441642130993,0.0200544414199,0.0418310093884,0.0392200433309,0.0487195155825
Gen 18
exec_eq,integer_swap,integer_gte,boolean_shove,boolean_and,vector_integer_flush,integer_lt,vector_integer_pushall,exec_do*vector_integer,vector_integer_reverse,vector_integer_concat,vector_integer_occurrencesof,vector_integer_subvec,integer_eq,vector_integer_yankdup,exec_yankdup,vector_integer_yank,vector_integer_swap,vector_integer_shove,exec_when,vector_integer_rest,boolean_or,boolean_empty,vector_integer_emptyvector,exec_do*while,integer_rot,exec_stackdepth,exec_do*range,vector_integer_replacefirst,vector_integer_last,exec_shove,boolean_xor,boolean_yankdup,boolean_frominteger,exec_yank,vector_integer_indexof,vector_integer_length,integer_div,integer_mult,integer_min,integer_flush,integer_yank,vector_integer_set,integer_max,exec_dup,exec_k,exec_noop,exec_s,exec_y,boolean_rot,vector_integer_stackdepth,integer_yankdup,vector_integer_remove,vector_integer_empty,boolean_stackdepth,exec_do*times,integer_shove,vector_integer_nth,boolean_dup,boolean_not,integer_dup,boolean_flush,boolean_pop,exec_swap,boolean_swap,integer_add,exec_flush,integer_mod,integer_inc,boolean_invert_first_then_and,exec_rot,vector_integer_contains,integer_pop,exec_pop,vector_integer_eq,vector_integer_take,boolean_invert_second_then_and,integer_sub,vector_integer_rot,boolean_yank,integer_stackdepth,integer_dec,integer_gt,vector_integer_butlast,in1,vector_integer_pop,integer_lte,vector_integer_first,boolean_eq,exec_if,vector_integer_replace,exec_empty,exec_do*count,vector_integer_conj,exec_while,integer_fromboolean,integer_empty,vector_integer_dup
0.0421556760171,0.0491026788064,0.0188937424346,0.0297879058997,0.0509446871217,0.00736803326141,0.0162096731751,0.0518920056839,0.0222619862113,0.0395242355665,0.020946265986,0.0341560970475,0.0239987369086,0.0385242881954,0.0088942687227,0.0446818588495,0.0458396926478,0.0338403241935,0.0480501026262,0.0389453186674,0.036787537498,0.0373138255881,0.0330508920583,0.0456818062207,0.0375243408242,0.0386821746224,0.052260407347,0.0304194516078,0.0373138255881,0.0453134045577,0.0348402715647,0.0353665596548,0.0455239197937,0.0285248144834,0.0118414820273,0.0497342245145,0.0515762328299,0.0115257091732,0.0498394821325,0.0253144571338,0.0319456870691,0.0353665596548,0.0306299668439,0.0195779169517,0.036419135835,0.026314404505,0.0345244987106,0.04199778959,0.0221040997842,0.0362086205989,0.0296300194727,0.0159991579391,0.0445766012315,0.0393137203305,0.0400505236566,0.0385242881954,0.0252618283248,0.0267880637861,0.0370506815431,0.0510499447398,0.0351560444187,0.0349981579917,0.0371033103521,0.0482079890532,0.0497868533235,0.0355770748908,0.0423135624441,0.0508394295037,0.0224725014473,0.0396294931846,0.0272617230672,0.0429451081522,0.031314141361,0.0339982106205,0.0375769696332,0.0456818062207,0.0348402715647,0.0116309667912,0.0294721330456,0.0107889058471,0.0333666649124,0.0441555707594,0.0390505762855,0.0335771801484,0.0519972633019,0.0461028366928,0.0350507868007,0.0274722383032,0.0405768117468,0.0285774432925,0.0396821219936,0.0363665070259,0.0500499973686,0.0424714488711,0.0187884848166,0.036787537498,0.0377348560602,0.0457870638387
Gen 19
exec_eq,integer_swap,integer_gte,boolean_shove,boolean_and,vector_integer_flush,integer_lt,vector_integer_pushall,exec_do*vector_integer,vector_integer_reverse,vector_integer_concat,vector_integer_occurrencesof,vector_integer_subvec,integer_eq,vector_integer_yankdup,exec_yankdup,vector_integer_yank,vector_integer_swap,vector_integer_shove,exec_when,vector_integer_rest,boolean_or,boolean_empty,vector_integer_emptyvector,exec_do*while,integer_rot,exec_stackdepth,exec_do*range,vector_integer_replacefirst,vector_integer_last,exec_shove,boolean_xor,boolean_yankdup,boolean_frominteger,exec_yank,vector_integer_indexof,vector_integer_length,integer_div,integer_mult,integer_min,integer_flush,integer_yank,vector_integer_set,integer_max,exec_dup,exec_k,exec_noop,exec_s,exec_y,boolean_rot,vector_integer_stackdepth,integer_yankdup,vector_integer_remove,vector_integer_empty,boolean_stackdepth,exec_do*times,integer_shove,vector_integer_nth,boolean_dup,boolean_not,integer_dup,boolean_flush,boolean_pop,exec_swap,boolean_swap,integer_add,exec_flush,integer_mod,integer_inc,boolean_invert_first_then_and,exec_rot,vector_integer_contains,integer_pop,exec_pop,vector_integer_eq,vector_integer_take,boolean_invert_second_then_and,integer_sub,vector_integer_rot,boolean_yank,integer_stackdepth,integer_dec,integer_gt,vector_integer_butlast,in1,vector_integer_pop,integer_lte,vector_integer_first,boolean_eq,exec_if,vector_integer_replace,exec_empty,exec_do*count,vector_integer_conj,exec_while,integer_fromboolean,integer_empty,vector_integer_dup
0.0405979701015,0.0468976551172,0.0186490675466,0.027198640068,0.0487475626219,0.005999700015,0.0164491775411,0.0492975351232,0.0201489925504,0.0372481375931,0.0206489675516,0.0325983700815,0.024798760062,0.0353482325884,0.00774961251937,0.0420478976051,0.0426478676066,0.0330483475826,0.0449977501125,0.0370981450927,0.0324983750812,0.0345482725864,0.0334483275836,0.0431478426079,0.0350482475876,0.0365481725914,0.0494975251237,0.0280485975701,0.0368481575921,0.042397880106,0.0327483625819,0.0346482675866,0.0450477476126,0.0265486725664,0.0102994850257,0.0471476426179,0.048797560122,0.0113494325284,0.0464976751162,0.0233488325584,0.031198440078,0.0352982350882,0.028798560072,0.0196490175491,0.0344482775861,0.0274486275686,0.0289985500725,0.039198040098,0.0229988500575,0.0349982500875,0.029598520074,0.014399280036,0.042397880106,0.0373981300935,0.0376481175941,0.038398080096,0.0248487575621,0.0255487225639,0.0345982700865,0.0486975651217,0.03199840008,0.0332983350832,0.0331483425829,0.045997700115,0.0463476826159,0.0355482225889,0.040797960102,0.0477976101195,0.0204989750512,0.0373481325934,0.025198740063,0.0408979551022,0.0293985300735,0.0321983900805,0.0375481225939,0.0439478026099,0.0335483225839,0.0128993550322,0.0265486725664,0.0101994900255,0.0329983500825,0.0400979951002,0.036798160092,0.0316484175791,0.0497475126244,0.0438978051097,0.0318484075796,0.0244987750612,0.0377481125944,0.0272986350682,0.036398180091,0.0354482275886,0.0481475926204,0.041997900105,0.0168991550422,0.0364981750912,0.0339483025849,0.0443477826109
Gen 20
exec_eq,integer_swap,integer_gte,boolean_shove,boolean_and,vector_integer_flush,integer_lt,vector_integer_pushall,exec_do*vector_integer,vector_integer_reverse,vector_integer_concat,vector_integer_occurrencesof,vector_integer_subvec,integer_eq,vector_integer_yankdup,exec_yankdup,vector_integer_yank,vector_integer_swap,vector_integer_shove,exec_when,vector_integer_rest,boolean_or,boolean_empty,vector_integer_emptyvector,exec_do*while,integer_rot,exec_stackdepth,exec_do*range,vector_integer_replacefirst,vector_integer_last,exec_shove,boolean_xor,boolean_yankdup,boolean_frominteger,exec_yank,vector_integer_indexof,vector_integer_length,integer_div,integer_mult,integer_min,integer_flush,integer_yank,vector_integer_set,integer_max,exec_dup,exec_k,exec_noop,exec_s,exec_y,boolean_rot,vector_integer_stackdepth,integer_yankdup,vector_integer_remove,vector_integer_empty,boolean_stackdepth,exec_do*times,integer_shove,vector_integer_nth,boolean_dup,boolean_not,integer_dup,boolean_flush,boolean_pop,exec_swap,boolean_swap,integer_add,exec_flush,integer_mod,integer_inc,boolean_invert_first_then_and,exec_rot,vector_integer_contains,integer_pop,exec_pop,vector_integer_eq,vector_integer_take,boolean_invert_second_then_and,integer_sub,vector_integer_rot,boolean_yank,integer_stackdepth,integer_dec,integer_gt,vector_integer_butlast,in1,vector_integer_pop,integer_lte,vector_integer_first,boolean_eq,exec_if,vector_integer_replace,exec_empty,exec_do*count,vector_integer_conj,exec_while,integer_fromboolean,integer_empty,vector_integer_dup
0.0390933765059,0.044712156564,0.0179039093377,0.0263796962049,0.0463311270892,0.00614256463978,0.0148564354078,0.0468549116709,0.0192847959621,0.0362839864768,0.0207132993667,0.0318080091424,0.0242845578782,0.0323317937241,0.00752345126423,0.0390457597257,0.0412361316128,0.0319032427027,0.0423789343365,0.0359506690158,0.02795104995,0.0320937098233,0.0325698776249,0.0407599638112,0.034474548831,0.0352364173135,0.0471406123518,0.0265225465454,0.0329031950859,0.0395695443074,0.0303318889577,0.0352840340936,0.0431408028189,0.0262368458645,0.00861863720775,0.0439979048617,0.0464263606495,0.0104756916337,0.0434265034998,0.0206656825865,0.0290938526737,0.0334745964478,0.0284272177515,0.0211418503881,0.0327127279653,0.0276177324889,0.0277129660492,0.0367601542784,0.0226179705728,0.0339031474692,0.0271415646874,0.0156183038903,0.0395219275273,0.034474548831,0.0359030522356,0.036331603257,0.0216656349698,0.0266177801057,0.0324270272844,0.045331174706,0.0303795057378,0.0312366077806,0.0335222132279,0.0444264558831,0.0432360363792,0.0319032427027,0.0363792200371,0.0450930908052,0.0210466168278,0.0366649207181,0.0235226893957,0.0390457597257,0.0290462358935,0.0307128231989,0.0349507166325,0.0411408980525,0.0317127755821,0.0124755964002,0.0262844626446,0.00942812247036,0.0316175420218,0.0371410885196,0.032284176944,0.0289033855531,0.0470929955716,0.0402837960097,0.0314270749012,0.0238560068568,0.0375220227608,0.0228084376934,0.035093566973,0.0320937098233,0.0453787914861,0.0406171134708,0.0171420408552,0.0354268844341,0.0303318889577,0.0418551497548
Gen 21
exec_eq,integer_swap,integer_gte,boolean_shove,boolean_and,vector_integer_flush,integer_lt,vector_integer_pushall,exec_do*vector_integer,vector_integer_reverse,vector_integer_concat,vector_integer_occurrencesof,vector_integer_subvec,integer_eq,vector_integer_yankdup,exec_yankdup,vector_integer_yank,vector_integer_swap,vector_integer_shove,exec_when,vector_integer_rest,boolean_or,boolean_empty,vector_integer_emptyvector,exec_do*while,integer_rot,exec_stackdepth,exec_do*range,vector_integer_replacefirst,vector_integer_last,exec_shove,boolean_xor,boolean_yankdup,boolean_frominteger,exec_yank,vector_integer_indexof,vector_integer_length,integer_div,integer_mult,integer_min,integer_flush,integer_yank,vector_integer_set,integer_max,exec_dup,exec_k,exec_noop,exec_s,exec_y,boolean_rot,vector_integer_stackdepth,integer_yankdup,vector_integer_remove,vector_integer_empty,boolean_stackdepth,exec_do*times,integer_shove,vector_integer_nth,boolean_dup,boolean_not,integer_dup,boolean_flush,boolean_pop,exec_swap,boolean_swap,integer_add,exec_flush,integer_mod,integer_inc,boolean_invert_first_then_and,exec_rot,vector_integer_contains,integer_pop,exec_pop,vector_integer_eq,vector_integer_take,boolean_invert_second_then_and,integer_sub,vector_integer_rot,boolean_yank,integer_stackdepth,integer_dec,integer_gt,vector_integer_butlast,in1,vector_integer_pop,integer_lte,vector_integer_first,boolean_eq,exec_if,vector_integer_replace,exec_empty,exec_do*count,vector_integer_conj,exec_while,integer_fromboolean,integer_empty,vector_integer_dup
0.0391345847916,0.042952593064,0.0170446797873,0.0254079360029,0.0443161674469,0.00536339257306,0.0142266260625,0.0444979773647,0.0174082996227,0.0345893368483,0.0192718512795,0.0296804690696,0.0233625744284,0.0305895186582,0.0054088450525,0.0373619380937,0.0394527521476,0.0288168719604,0.0398618244625,0.0346347893278,0.0260897231944,0.0311349484114,0.0333166674242,0.038543702559,0.0332257624653,0.0332712149448,0.0449979546384,0.0250897686469,0.0309076860143,0.0381346302441,0.0293168492341,0.0322712603973,0.0413163038044,0.0256806508795,0.00640879960002,0.0414072087632,0.044634334803,0.00931775828371,0.0417253761193,0.0234989318667,0.0272260351802,0.0316349256852,0.0257261033589,0.0195445661561,0.0325894277533,0.0252715785646,0.0264533430299,0.0343620744512,0.0205445207036,0.0323621653561,0.0251806736057,0.0145447934185,0.0365892459434,0.0324985227944,0.0335893823008,0.0342711694923,0.0186355165674,0.0237261942639,0.0315894732058,0.0433162128994,0.0302258988228,0.0297713740285,0.029725921549,0.0415435662015,0.0404072542157,0.0313167583292,0.0360438161902,0.0433162128994,0.0194536611972,0.0347711467661,0.0237716467433,0.0370437707377,0.0269078678242,0.0295441116313,0.033089405027,0.0380437252852,0.0305440661788,0.010499522749,0.0240898140994,0.00995409299577,0.0289532293987,0.0350438616427,0.0326348802327,0.0294532066724,0.0452252170356,0.0384073451207,0.0299531839462,0.0226353347575,0.03445297941,0.0210444979774,0.0334984773419,0.0302713513022,0.042952593064,0.0385891550384,0.0160901777192,0.0331803099859,0.0271351302214,0.0394982046271
Gen 22
exec_eq,integer_swap,integer_gte,boolean_shove,boolean_and,vector_integer_flush,integer_lt,vector_integer_pushall,exec_do*vector_integer,vector_integer_reverse,vector_integer_concat,vector_integer_occurrencesof,vector_integer_subvec,integer_eq,vector_integer_yankdup,exec_yankdup,vector_integer_yank,vector_integer_swap,vector_integer_shove,exec_when,vector_integer_rest,boolean_or,boolean_empty,vector_integer_emptyvector,exec_do*while,integer_rot,exec_stackdepth,exec_do*range,vector_integer_replacefirst,vector_integer_last,exec_shove,boolean_xor,boolean_yankdup,boolean_frominteger,exec_yank,vector_integer_indexof,vector_integer_length,integer_div,integer_mult,integer_min,integer_flush,integer_yank,vector_integer_set,integer_max,exec_dup,exec_k,exec_noop,exec_s,exec_y,boolean_rot,vector_integer_stackdepth,integer_yankdup,vector_integer_remove,vector_integer_empty,boolean_stackdepth,exec_do*times,integer_shove,vector_integer_nth,boolean_dup,boolean_not,integer_dup,boolean_flush,boolean_pop,exec_swap,boolean_swap,integer_add,exec_flush,integer_mod,integer_inc,boolean_invert_first_then_and,exec_rot,vector_integer_contains,integer_pop,exec_pop,vector_integer_eq,vector_integer_take,boolean_invert_second_then_and,integer_sub,vector_integer_rot,boolean_yank,integer_stackdepth,integer_dec,integer_gt,vector_integer_butlast,in1,vector_integer_pop,integer_lte,vector_integer_first,boolean_eq,exec_if,vector_integer_replace,exec_empty,exec_do*count,vector_integer_conj,exec_while,integer_fromboolean,integer_empty,vector_integer_dup
0.0379113951567,0.0411721229512,0.0148254423721,0.0242598147907,0.0421286031042,0.00465197165341,0.0121299073953,0.0426937959219,0.0161297334898,0.0327811834268,0.0171296900135,0.0292161210382,0.0220425198904,0.029563932003,0.00499978261815,0.03521586018,0.0375201078214,0.0268683970262,0.037780966045,0.0319551323855,0.0239989565671,0.0274335898439,0.0321725142385,0.0368244858919,0.0323898960915,0.0320855614973,0.0431720359984,0.0243467675318,0.029563932003,0.037563584192,0.0278683535498,0.0313899395678,0.0389983044215,0.0261727750967,0.00734750663015,0.0394765444981,0.0427807486631,0.00817355767141,0.0406504065041,0.0247380548672,0.0252597713143,0.0313464631973,0.0242598147907,0.0198687013608,0.0322159906091,0.0237815747141,0.0263032042085,0.0336507108387,0.019738272249,0.0310856049737,0.0239989565671,0.0142167731838,0.0353028129212,0.031476892309,0.0318681796444,0.0329985652798,0.0173035954958,0.0240424329377,0.0312595104561,0.0409547410982,0.0312595104561,0.0290856919264,0.0283465936264,0.0399982609452,0.0395634972393,0.0298247902265,0.0339985218034,0.0419546976218,0.0198687013608,0.034259380027,0.0219120907787,0.0359549584801,0.0266075388027,0.0274770662145,0.0323898960915,0.0366505804095,0.0293900265206,0.0103908525716,0.0237815747141,0.0112603799835,0.0273901134733,0.0325203252033,0.0321290378679,0.0273031607321,0.0433459414808,0.0347376201035,0.0284335463675,0.022520759967,0.0316507977914,0.0193469849137,0.0322594669797,0.0282596408852,0.0416503630277,0.0374331550802,0.0153471588192,0.0320420851267,0.0249554367201,0.0377374896744
Gen 23
exec_eq,integer_swap,integer_gte,boolean_shove,boolean_and,vector_integer_flush,integer_lt,vector_integer_pushall,exec_do*vector_integer,vector_integer_reverse,vector_integer_concat,vector_integer_occurrencesof,vector_integer_subvec,integer_eq,vector_integer_yankdup,exec_yankdup,vector_integer_yank,vector_integer_swap,vector_integer_shove,exec_when,vector_integer_rest,boolean_or,boolean_empty,vector_integer_emptyvector,exec_do*while,integer_rot,exec_stackdepth,exec_do*range,vector_integer_replacefirst,vector_integer_last,exec_shove,boolean_xor,boolean_yankdup,boolean_frominteger,exec_yank,vector_integer_indexof,vector_integer_length,integer_div,integer_mult,integer_min,integer_flush,integer_yank,vector_integer_set,integer_max,exec_dup,exec_k,exec_noop,exec_s,exec_y,boolean_rot,vector_integer_stackdepth,integer_yankdup,vector_integer_remove,vector_integer_empty,boolean_stackdepth,exec_do*times,integer_shove,vector_integer_nth,boolean_dup,boolean_not,integer_dup,boolean_flush,boolean_pop,exec_swap,boolean_swap,integer_add,exec_flush,integer_mod,integer_inc,boolean_invert_first_then_and,exec_rot,vector_integer_contains,integer_pop,exec_pop,vector_integer_eq,vector_integer_take,boolean_invert_second_then_and,integer_sub,vector_integer_rot,boolean_yank,integer_stackdepth,integer_dec,integer_gt,vector_integer_butlast,in1,vector_integer_pop,integer_lte,vector_integer_first,boolean_eq,exec_if,vector_integer_replace,exec_empty,exec_do*count,vector_integer_conj,exec_while,integer_fromboolean,integer_empty,vector_integer_dup
0.0371234531895,0.0392066997208,0.0139160868297,0.022165743094,0.0406649722928,0.00666638890046,0.0118328402983,0.0407899670847,0.0140827465522,0.0314153576934,0.0174159410025,0.0279988333819,0.0219157535103,0.0276238490063,0.00487479688346,0.0333319445023,0.0362484896463,0.0267072205325,0.0355401858256,0.0309570434565,0.0229990417066,0.0262905712262,0.0312070330403,0.0350402066581,0.032248656306,0.0307070538728,0.0413316111829,0.0241656597642,0.0270822049081,0.0352901962418,0.0261655764343,0.030457064289,0.0366651389525,0.0251239531686,0.00870797050123,0.039081704929,0.0413316111829,0.00695804341486,0.0391650347902,0.0251239531686,0.0238323403192,0.0302070747052,0.023957335111,0.0194575226032,0.0300820799133,0.0219990833715,0.0257072621974,0.0313320278322,0.020374151077,0.0302904045665,0.0241239948335,0.012874463564,0.0332069497104,0.0294154410233,0.0301654097746,0.031123703179,0.0172492812799,0.0243739844173,0.0293737760927,0.0393733594434,0.0301654097746,0.0287488021332,0.0260822465731,0.0389150452064,0.0379150868714,0.0264155660181,0.0332486146411,0.0402483229865,0.0197908420482,0.0317903420691,0.0219157535103,0.0332069497104,0.024748968793,0.0248322986542,0.0312903629015,0.0354568559643,0.0287071372026,0.00974959376693,0.0219990833715,0.0115411857839,0.0269988750469,0.0317903420691,0.0295404358152,0.026873880255,0.0414566059748,0.0338319236698,0.0263322361568,0.0207908003833,0.0317903420691,0.0186242239907,0.0313736927628,0.0274571892838,0.0397066788884,0.0350402066581,0.0156243489855,0.0299570851215,0.0236656805966,0.0360401649931
Gen 24
exec_eq,integer_swap,integer_gte,boolean_shove,boolean_and,vector_integer_flush,integer_lt,vector_integer_pushall,exec_do*vector_integer,vector_integer_reverse,vector_integer_concat,vector_integer_occurrencesof,vector_integer_subvec,integer_eq,vector_integer_yankdup,exec_yankdup,vector_integer_yank,vector_integer_swap,vector_integer_shove,exec_when,vector_integer_rest,boolean_or,boolean_empty,vector_integer_emptyvector,exec_do*while,integer_rot,exec_stackdepth,exec_do*range,vector_integer_replacefirst,vector_integer_last,exec_shove,boolean_xor,boolean_yankdup,boolean_frominteger,exec_yank,vector_integer_indexof,vector_integer_length,integer_div,integer_mult,integer_min,integer_flush,integer_yank,vector_integer_set,integer_max,exec_dup,exec_k,exec_noop,exec_s,exec_y,boolean_rot,vector_integer_stackdepth,integer_yankdup,vector_integer_remove,vector_integer_empty,boolean_stackdepth,exec_do*times,integer_shove,vector_integer_nth,boolean_dup,boolean_not,integer_dup,boolean_flush,boolean_pop,exec_swap,boolean_swap,integer_add,exec_flush,integer_mod,integer_inc,boolean_invert_first_then_and,exec_rot,vector_integer_contains,integer_pop,exec_pop,vector_integer_eq,vector_integer_take,boolean_invert_second_then_and,integer_sub,vector_integer_rot,boolean_yank,integer_stackdepth,integer_dec,integer_gt,vector_integer_butlast,in1,vector_integer_pop,integer_lte,vector_integer_first,boolean_eq,exec_if,vector_integer_replace,exec_empty,exec_do*count,vector_integer_conj,exec_while,integer_fromboolean,integer_empty,vector_integer_dup
0.0361585536579,0.0371185152594,0.0147194112236,0.019399224031,0.0387184512619,0.00751969921203,0.0103595856166,0.0389584416623,0.0129994800208,0.0291988320467,0.0176792928283,0.0261189552418,0.023759049638,0.0260789568417,0.00547978080877,0.0313187472501,0.0345986160554,0.0265589376425,0.0328386864525,0.0288788448462,0.0224391024359,0.0251189952402,0.0295988160474,0.0329186832527,0.0298788048478,0.0295588176473,0.0394784208632,0.022479100836,0.0238790448382,0.0338786448542,0.0229190832367,0.0286388544458,0.0354385824567,0.0239990400384,0.00923963041478,0.03747850086,0.0392784288628,0.0065597376105,0.0377184912603,0.0238790448382,0.0226390944362,0.0279988800448,0.0229190832367,0.0201991920323,0.0283988640454,0.0230390784369,0.0244790208392,0.0298388064477,0.0211191552338,0.0302387904484,0.0249590016399,0.0127994880205,0.0314787408504,0.0285188592456,0.0296788128475,0.0309987600496,0.0163193472261,0.0240790368385,0.028758849646,0.0377984880605,0.0286788528459,0.0288388464461,0.0232390704372,0.0365985360586,0.0353185872565,0.0251989920403,0.0313587456502,0.0392384304628,0.0191192352306,0.0301187952482,0.0205191792328,0.0313187472501,0.0221191152354,0.0235990560378,0.0303987840486,0.0336786528539,0.0269989200432,0.0085596576137,0.0222391104356,0.0117995280189,0.02499900004,0.028718851246,0.0272389104436,0.0263989440422,0.0395984160634,0.0321587136515,0.0255189792408,0.0182392704292,0.0296788128475,0.015639374425,0.0304787808488,0.0254389824407,0.0373185072597,0.0346786128555,0.0150793968241,0.0293188272469,0.022519099236,0.0342786288548
Gen 25
exec_eq,integer_swap,integer_gte,boolean_shove,boolean_and,vector_integer_flush,integer_lt,vector_integer_pushall,exec_do*vector_integer,vector_integer_reverse,vector_integer_concat,vector_integer_occurrencesof,vector_integer_subvec,integer_eq,vector_integer_yankdup,exec_yankdup,vector_integer_yank,vector_integer_swap,vector_integer_shove,exec_when,vector_integer_rest,boolean_or,boolean_empty,vector_integer_emptyvector,exec_do*while,integer_rot,exec_stackdepth,exec_do*range,vector_integer_replacefirst,vector_integer_last,exec_shove,boolean_xor,boolean_yankdup,boolean_frominteger,exec_yank,vector_integer_indexof,vector_integer_length,integer_div,integer_mult,integer_min,integer_flush,integer_yank,vector_integer_set,integer_max,exec_dup,exec_k,exec_noop,exec_s,exec_y,boolean_rot,vector_integer_stackdepth,integer_yankdup,vector_integer_remove,vector_integer_empty,boolean_stackdepth,exec_do*times,integer_shove,vector_integer_nth,boolean_dup,boolean_not,integer_dup,boolean_flush,boolean_pop,exec_swap,boolean_swap,integer_add,exec_flush,integer_mod,integer_inc,boolean_invert_first_then_and,exec_rot,vector_integer_contains,integer_pop,exec_pop,vector_integer_eq,vector_integer_take,boolean_invert_second_then_and,integer_sub,vector_integer_rot,boolean_yank,integer_stackdepth,integer_dec,integer_gt,vector_integer_butlast,in1,vector_integer_pop,integer_lte,vector_integer_first,boolean_eq,exec_if,vector_integer_replace,exec_empty,exec_do*count,vector_integer_conj,exec_while,integer_fromboolean,integer_empty,vector_integer_dup
0.034344832891,0.0355755547864,0.0151148032768,0.0184608284297,0.0374600976886,0.00746125149033,0.0101534556363,0.0374985577478,0.0127687396639,0.0276143225261,0.0151148032768,0.0241144571363,0.0231144955963,0.0256528595054,0.00503826775893,0.0309603476789,0.0329602707588,0.0246528979655,0.0300373062575,0.0278066228222,0.0219606938195,0.0254990192685,0.0293450251913,0.0316910888043,0.0298834660205,0.0278450828814,0.038036998577,0.0211145725164,0.0241529171955,0.0330371908773,0.0224991346487,0.0271912618745,0.033998692358,0.0246913580247,0.00926887427407,0.0366139763855,0.0382292988731,0.00573054882505,0.0364216760894,0.0228068151225,0.0224606745894,0.0265374408677,0.0214607130495,0.0189992692589,0.0272297219338,0.0223068343525,0.0242298373139,0.0295373254875,0.0201530710357,0.0288835044806,0.022883735241,0.0118072381831,0.0303834467905,0.028114303296,0.0289988846583,0.0303449867313,0.0156917041652,0.0244221376101,0.0281527633553,0.0361524556748,0.0275758624668,0.0289219645398,0.0211530325757,0.0351524941348,0.034344832891,0.025075958617,0.0309218876197,0.0376523979847,0.0189992692589,0.0281912234145,0.019191569555,0.029960386139,0.0209607322795,0.0216914734049,0.0286912041845,0.0330756509365,0.0236913964848,0.00776893196416,0.0220760739972,0.012114918657,0.0235760163071,0.0268066612823,0.0277297027037,0.0256143994462,0.0381908388139,0.0307295873236,0.0244221376101,0.0179608476597,0.0283835237106,0.015653244106,0.0287296642437,0.0266143609861,0.0363832160302,0.0335756317065,0.0168070458829,0.0287296642437,0.0214222529903,0.0318449290412
Gen 26
exec_eq,integer_swap,integer_gte,boolean_shove,boolean_and,vector_integer_flush,integer_lt,vector_integer_pushall,exec_do*vector_integer,vector_integer_reverse,vector_integer_concat,vector_integer_occurrencesof,vector_integer_subvec,integer_eq,vector_integer_yankdup,exec_yankdup,vector_integer_yank,vector_integer_swap,vector_integer_shove,exec_when,vector_integer_rest,boolean_or,boolean_empty,vector_integer_emptyvector,exec_do*while,integer_rot,exec_stackdepth,exec_do*range,vector_integer_replacefirst,vector_integer_last,exec_shove,boolean_xor,boolean_yankdup,boolean_frominteger,exec_yank,vector_integer_indexof,vector_integer_length,integer_div,integer_mult,integer_min,integer_flush,integer_yank,vector_integer_set,integer_max,exec_dup,exec_k,exec_noop,exec_s,exec_y,boolean_rot,vector_integer_stackdepth,integer_yankdup,vector_integer_remove,vector_integer_empty,boolean_stackdepth,exec_do*times,integer_shove,vector_integer_nth,boolean_dup,boolean_not,integer_dup,boolean_flush,boolean_pop,exec_swap,boolean_swap,integer_add,exec_flush,integer_mod,integer_inc,boolean_invert_first_then_and,exec_rot,vector_integer_contains,integer_pop,exec_pop,vector_integer_eq,vector_integer_take,boolean_invert_second_then_and,integer_sub,vector_integer_rot,boolean_yank,integer_stackdepth,integer_dec,integer_gt,vector_integer_butlast,in1,vector_integer_pop,integer_lte,vector_integer_first,boolean_eq,exec_if,vector_integer_replace,exec_empty,exec_do*count,vector_integer_conj,exec_while,integer_fromboolean,integer_empty,vector_integer_dup
0.0330728491537,0.0346283470983,0.0137031961779,0.0175919410392,0.0361468093774,0.00659234843154,0.00859227436021,0.0358505240547,0.0115921632532,0.0276286063479,0.0145920521462,0.0234806118292,0.022925076849,0.023776897152,0.00540720714048,0.0290359616311,0.0308136735676,0.0237028258213,0.0286285693122,0.0271101070331,0.0215547572312,0.0230732195104,0.0283322839895,0.0300359245954,0.0287767119736,0.0272952853598,0.0367023443576,0.0208510795896,0.0237028258213,0.0314803155439,0.0225547201955,0.0261471797341,0.0327024925003,0.0245916817896,0.00962927298989,0.0349987037517,0.0364060590349,0.00496277915633,0.0354060960705,0.0208510795896,0.020777008259,0.0254064664272,0.0198881522907,0.0183326543461,0.0266286433836,0.0219991852154,0.0228510055183,0.0282952483241,0.0202585089441,0.0275545350172,0.0230732195104,0.0121106625681,0.0296285322766,0.0267397503796,0.0271471426984,0.0282952483241,0.0158883004333,0.0234065404985,0.0268138217103,0.0350357394171,0.0259990370727,0.0268508573757,0.0201103662827,0.0342579904448,0.0331469204844,0.0232213621718,0.0293322469538,0.0365171660309,0.0189992963224,0.0279989630014,0.0208510795896,0.028813747639,0.01981408096,0.0197770452946,0.026999000037,0.0321099218547,0.0234065404985,0.00822191770675,0.0208510795896,0.0103699862968,0.0225547201955,0.0261842153994,0.0262582867301,0.0235917188252,0.0366653086923,0.0295914966112,0.0235176474945,0.0182215473501,0.0270730713677,0.0147772304729,0.0283322839895,0.0256286804192,0.0351838820784,0.0322951001815,0.0163697640828,0.0285174623162,0.0217028998926,0.0315543868746
Gen 27
exec_eq,integer_swap,integer_gte,boolean_shove,boolean_and,vector_integer_flush,integer_lt,vector_integer_pushall,exec_do*vector_integer,vector_integer_reverse,vector_integer_concat,vector_integer_occurrencesof,vector_integer_subvec,integer_eq,vector_integer_yankdup,exec_yankdup,vector_integer_yank,vector_integer_swap,vector_integer_shove,exec_when,vector_integer_rest,boolean_or,boolean_empty,vector_integer_emptyvector,exec_do*while,integer_rot,exec_stackdepth,exec_do*range,vector_integer_replacefirst,vector_integer_last,exec_shove,boolean_xor,boolean_yankdup,boolean_frominteger,exec_yank,vector_integer_indexof,vector_integer_length,integer_div,integer_mult,integer_min,integer_flush,integer_yank,vector_integer_set,integer_max,exec_dup,exec_k,exec_noop,exec_s,exec_y,boolean_rot,vector_integer_stackdepth,integer_yankdup,vector_integer_remove,vector_integer_empty,boolean_stackdepth,exec_do*times,integer_shove,vector_integer_nth,boolean_dup,boolean_not,integer_dup,boolean_flush,boolean_pop,exec_swap,boolean_swap,integer_add,exec_flush,integer_mod,integer_inc,boolean_invert_first_then_and,exec_rot,vector_integer_contains,integer_pop,exec_pop,vector_integer_eq,vector_integer_take,boolean_invert_second_then_and,integer_sub,vector_integer_rot,boolean_yank,integer_stackdepth,integer_dec,integer_gt,vector_integer_butlast,in1,vector_integer_pop,integer_lte,vector_integer_first,boolean_eq,exec_if,vector_integer_replace,exec_empty,exec_do*count,vector_integer_conj,exec_while,integer_fromboolean,integer_empty,vector_integer_dup
0.0324274133067,0.0324631263169,0.0121424234849,0.0175350880326,0.0344273418806,0.00649976786543,0.00803542730617,0.0349987500446,0.0113924502696,0.0276418699332,0.0146780472126,0.0205706939038,0.0223563444163,0.022463483447,0.00535695153745,0.02860612121,0.0293560944252,0.024177707939,0.0281061390665,0.0258562194207,0.0202492768115,0.0215706581908,0.0279632870255,0.0272847398307,0.0280704260562,0.026891896718,0.0352487411164,0.0189636084426,0.0224277704368,0.0304631977429,0.0216777972215,0.0245705510517,0.0309274668762,0.0242134209493,0.0106424770544,0.0332488125424,0.0353201671369,0.0044641262812,0.0342130638191,0.0215349451805,0.0198564336988,0.0243562729903,0.0202135638013,0.0185350523196,0.0257133673797,0.0220706403343,0.0218563622728,0.0267133316667,0.020320702832,0.0269276097282,0.0238562908468,0.0102853469519,0.0269633227385,0.026034784472,0.0256776543695,0.0268204706975,0.0154994464483,0.0239634298775,0.0260704974822,0.0338916467269,0.0249991071747,0.0264276275847,0.0191064604836,0.0323559872862,0.0323559872862,0.0228563265598,0.0285346951895,0.0354273061676,0.0191064604836,0.027034748759,0.0189636084426,0.026749044677,0.0198207206885,0.0192135995143,0.026891896718,0.0302489196814,0.0239991428878,0.00742830613192,0.0222492053855,0.0100710688904,0.0217135102318,0.0245348380415,0.0259990714617,0.0242491339595,0.0355344451984,0.0278204349845,0.0226420484983,0.0182136352273,0.025177672226,0.0138209349666,0.0271061747795,0.0243919860005,0.0340344987679,0.0309274668762,0.0163565586943,0.0274990178922,0.0209635370165,0.0307131888147
Gen 28
exec_eq,integer_swap,integer_gte,boolean_shove,boolean_and,vector_integer_flush,integer_lt,vector_integer_pushall,exec_do*vector_integer,vector_integer_reverse,vector_integer_concat,vector_integer_occurrencesof,vector_integer_subvec,integer_eq,vector_integer_yankdup,exec_yankdup,vector_integer_yank,vector_integer_swap,vector_integer_shove,exec_when,vector_integer_rest,boolean_or,boolean_empty,vector_integer_emptyvector,exec_do*while,integer_rot,exec_stackdepth,exec_do*range,vector_integer_replacefirst,vector_integer_last,exec_shove,boolean_xor,boolean_yankdup,boolean_frominteger,exec_yank,vector_integer_indexof,vector_integer_length,integer_div,integer_mult,integer_min,integer_flush,integer_yank,vector_integer_set,integer_max,exec_dup,exec_k,exec_noop,exec_s,exec_y,boolean_rot,vector_integer_stackdepth,integer_yankdup,vector_integer_remove,vector_integer_empty,boolean_stackdepth,exec_do*times,integer_shove,vector_integer_nth,boolean_dup,boolean_not,integer_dup,boolean_flush,boolean_pop,exec_swap,boolean_swap,integer_add,exec_flush,integer_mod,integer_inc,boolean_invert_first_then_and,exec_rot,vector_integer_contains,integer_pop,exec_pop,vector_integer_eq,vector_integer_take,boolean_invert_second_then_and,integer_sub,vector_integer_rot,boolean_yank,integer_stackdepth,integer_dec,integer_gt,vector_integer_butlast,in1,vector_integer_pop,integer_lte,vector_integer_first,boolean_eq,exec_if,vector_integer_replace,exec_empty,exec_do*count,vector_integer_conj,exec_while,integer_fromboolean,integer_empty,vector_integer_dup
0.0316195993242,0.0311368573497,0.0114133995379,0.0165856349781,0.033274714665,0.0065170166546,0.00789627943864,0.0337229750698,0.0105513602979,0.0265852901624,0.0154822247509,0.0202406813558,0.0227578359367,0.0215854625703,0.00641357194579,0.0281714423641,0.0285852211993,0.0229992069239,0.025757732492,0.024723285404,0.0185510844454,0.020482052343,0.0258611772008,0.0250336195304,0.0263784007448,0.0259991034792,0.0340677907658,0.0175511189269,0.0224475018103,0.0281714423641,0.0205510154822,0.0223440571015,0.0299644839833,0.0237922830247,0.0110685838419,0.0318264887418,0.034136753905,0.00489638288335,0.0323092307162,0.0198613840902,0.0174476742181,0.0230336884935,0.0186545291542,0.0176200820661,0.0244819144167,0.0223095755319,0.0199303472294,0.0253094720872,0.0202751629254,0.027481810972,0.0225509465191,0.0099306920451,0.0252060273784,0.0255163615048,0.0243439881383,0.0269990689976,0.01468914865,0.0233440226199,0.0263439191752,0.032585083273,0.0239991724423,0.0269301058584,0.0186200475846,0.0308610047929,0.0308610047929,0.0211027205958,0.0269990689976,0.0341022723354,0.0188959001414,0.0253094720872,0.0182752318886,0.0251025826696,0.0179648977621,0.0175856004965,0.0272059584152,0.0291024447433,0.0224475018103,0.006482535085,0.0219302782663,0.00937898693149,0.019275197407,0.0232750594807,0.0250681011,0.0226543912279,0.034136753905,0.0256198062136,0.0219992414055,0.0166890796869,0.0246543222647,0.0135857384228,0.0259991034792,0.0233785041895,0.0326195648426,0.0305506706665,0.0158960035861,0.0268956242888,0.0197234578118,0.0281024792249
Gen 29
exec_eq,integer_swap,integer_gte,boolean_shove,boolean_and,vector_integer_flush,integer_lt,vector_integer_pushall,exec_do*vector_integer,vector_integer_reverse,vector_integer_concat,vector_integer_occurrencesof,vector_integer_subvec,integer_eq,vector_integer_yankdup,exec_yankdup,vector_integer_yank,vector_integer_swap,vector_integer_shove,exec_when,vector_integer_rest,boolean_or,boolean_empty,vector_integer_emptyvector,exec_do*while,integer_rot,exec_stackdepth,exec_do*range,vector_integer_replacefirst,vector_integer_last,exec_shove,boolean_xor,boolean_yankdup,boolean_frominteger,exec_yank,vector_integer_indexof,vector_integer_length,integer_div,integer_mult,integer_min,integer_flush,integer_yank,vector_integer_set,integer_max,exec_dup,exec_k,exec_noop,exec_s,exec_y,boolean_rot,vector_integer_stackdepth,integer_yankdup,vector_integer_remove,vector_integer_empty,boolean_stackdepth,exec_do*times,integer_shove,vector_integer_nth,boolean_dup,boolean_not,integer_dup,boolean_flush,boolean_pop,exec_swap,boolean_swap,integer_add,exec_flush,integer_mod,integer_inc,boolean_invert_first_then_and,exec_rot,vector_integer_contains,integer_pop,exec_pop,vector_integer_eq,vector_integer_take,boolean_invert_second_then_and,integer_sub,vector_integer_rot,boolean_yank,integer_stackdepth,integer_dec,integer_gt,vector_integer_butlast,in1,vector_integer_pop,integer_lte,vector_integer_first,boolean_eq,exec_if,vector_integer_replace,exec_empty,exec_do*count,vector_integer_conj,exec_while,integer_fromboolean,integer_empty,vector_integer_dup
0.0305323155895,0.0298990033666,0.0114662844572,0.0155994800173,0.0322322589247,0.00603313222893,0.00746641778607,0.0325989133696,0.0109663011233,0.0253658211393,0.0152661577947,0.0191660277991,0.0222659244692,0.0204326522449,0.00623312556248,0.0273990866971,0.0270990966968,0.0224659178027,0.0254991500283,0.0237658744709,0.0167994400187,0.0199993333556,0.0250324989167,0.0234325522483,0.0258658044732,0.0249991666944,0.0330988967034,0.0167661077964,0.0219326022466,0.0263991200293,0.0205993133562,0.0211659611346,0.028799040032,0.0233658878037,0.010932968901,0.0308323055898,0.0328989033699,0.00553314889504,0.0307989733676,0.0186327122429,0.0164661177961,0.0231992266924,0.0178327389087,0.017232758908,0.0234658844705,0.0225325822473,0.0194993500217,0.0240325322489,0.0202659911336,0.02699910003,0.0222659244692,0.0103663211226,0.0244991833606,0.0238658711376,0.0239658678044,0.0266324455851,0.0143661877937,0.0227325755808,0.0256658111396,0.0312989567014,0.022499250025,0.0263657878071,0.0176994100197,0.0300656644779,0.0288657044765,0.0206659778007,0.0247325089164,0.0328322389254,0.017232758908,0.0246325122496,0.0171660944635,0.0238658711376,0.0167661077964,0.0171327622413,0.026232458918,0.0279657344755,0.0214992833572,0.00653311556281,0.0208659711343,0.00903303223226,0.0174660844639,0.0226659111363,0.0237992066931,0.0209326355788,0.0331988933702,0.0240325322489,0.0212659578014,0.0161327955735,0.0229325689144,0.013632878904,0.0250324989167,0.020832638912,0.0313322889237,0.029565681144,0.0158328055731,0.0268324389187,0.0201326622446,0.027899070031
Gen 30
exec_eq,integer_swap,integer_gte,boolean_shove,boolean_and,vector_integer_flush,integer_lt,vector_integer_pushall,exec_do*vector_integer,vector_integer_reverse,vector_integer_concat,vector_integer_occurrencesof,vector_integer_subvec,integer_eq,vector_integer_yankdup,exec_yankdup,vector_integer_yank,vector_integer_swap,vector_integer_shove,exec_when,vector_integer_rest,boolean_or,boolean_empty,vector_integer_emptyvector,exec_do*while,integer_rot,exec_stackdepth,exec_do*range,vector_integer_replacefirst,vector_integer_last,exec_shove,boolean_xor,boolean_yankdup,boolean_frominteger,exec_yank,vector_integer_indexof,vector_integer_length,integer_div,integer_mult,integer_min,integer_flush,integer_yank,vector_integer_set,integer_max,exec_dup,exec_k,exec_noop,exec_s,exec_y,boolean_rot,vector_integer_stackdepth,integer_yankdup,vector_integer_remove,vector_integer_empty,boolean_stackdepth,exec_do*times,integer_shove,vector_integer_nth,boolean_dup,boolean_not,integer_dup,boolean_flush,boolean_pop,exec_swap,boolean_swap,integer_add,exec_flush,integer_mod,integer_inc,boolean_invert_first_then_and,exec_rot,vector_integer_contains,integer_pop,exec_pop,vector_integer_eq,vector_integer_take,boolean_invert_second_then_and,integer_sub,vector_integer_rot,boolean_yank,integer_stackdepth,integer_dec,integer_gt,vector_integer_butlast,in1,vector_integer_pop,integer_lte,vector_integer_first,boolean_eq,exec_if,vector_integer_replace,exec_empty,exec_do*count,vector_integer_conj,exec_while,integer_fromboolean,integer_empty,vector_integer_dup
0.0303538595529,0.0285797232347,0.0103222476694,0.0152575723364,0.031257056224,0.00616109157769,0.00738685848844,0.0314183413438,0.00932227992645,0.0249669365504,0.0149995161446,0.0165155962711,0.0219992903455,0.0189026160446,0.00641914776943,0.027386213348,0.0262572175091,0.0222896035612,0.0246766233347,0.0227089448727,0.0151608012645,0.0191929292603,0.0245475952389,0.0222250895132,0.0252572497661,0.0236443985678,0.0319667107513,0.0169994516306,0.0220638043934,0.0258378761975,0.0186123028289,0.0207412664108,0.0277087835876,0.0219025192736,0.00954807909422,0.0296119480017,0.0318699396794,0.00506435276281,0.0296442050256,0.0187413309248,0.0152898293603,0.022418631657,0.0169671946066,0.0172575078223,0.0229992580884,0.0211606077223,0.0192251862843,0.0233863423761,0.0190316441405,0.026321731557,0.0212573787942,0.00993516338183,0.0227734589207,0.023450856424,0.0230960291603,0.0259346472694,0.0142576045934,0.0205799812909,0.0259346472694,0.0301925744331,0.0215476920099,0.0259346472694,0.0159027128157,0.0289345504984,0.0275474984678,0.0211283506984,0.0242895390471,0.0319344537273,0.0173865359182,0.0233218283281,0.0158704557917,0.0230960291603,0.0153220863843,0.0152898293603,0.0254830489339,0.0268378439405,0.0212251217703,0.00535466597852,0.0197735556918,0.00774168575207,0.0160962549595,0.0220960614174,0.0232895713042,0.0208057804587,0.0320957388471,0.0236121415438,0.020547724267,0.0156769136479,0.0215476920099,0.0131608657785,0.0245475952389,0.0210638366504,0.0304828876488,0.0287732653785,0.0151285442405,0.0249024225025,0.018515531757,0.0267733298926
Gen 31
exec_eq,integer_swap,integer_gte,boolean_shove,boolean_and,vector_integer_flush,integer_lt,vector_integer_pushall,exec_do*vector_integer,vector_integer_reverse,vector_integer_concat,vector_integer_occurrencesof,vector_integer_subvec,integer_eq,vector_integer_yankdup,exec_yankdup,vector_integer_yank,vector_integer_swap,vector_integer_shove,exec_when,vector_integer_rest,boolean_or,boolean_empty,vector_integer_emptyvector,exec_do*while,integer_rot,exec_stackdepth,exec_do*range,vector_integer_replacefirst,vector_integer_last,exec_shove,boolean_xor,boolean_yankdup,boolean_frominteger,exec_yank,vector_integer_indexof,vector_integer_length,integer_div,integer_mult,integer_min,integer_flush,integer_yank,vector_integer_set,integer_max,exec_dup,exec_k,exec_noop,exec_s,exec_y,boolean_rot,vector_integer_stackdepth,integer_yankdup,vector_integer_remove,vector_integer_empty,boolean_stackdepth,exec_do*times,integer_shove,vector_integer_nth,boolean_dup,boolean_not,integer_dup,boolean_flush,boolean_pop,exec_swap,boolean_swap,integer_add,exec_flush,integer_mod,integer_inc,boolean_invert_first_then_and,exec_rot,vector_integer_contains,integer_pop,exec_pop,vector_integer_eq,vector_integer_take,boolean_invert_second_then_and,integer_sub,vector_integer_rot,boolean_yank,integer_stackdepth,integer_dec,integer_gt,vector_integer_butlast,in1,vector_integer_pop,integer_lte,vector_integer_first,boolean_eq,exec_if,vector_integer_replace,exec_empty,exec_do*count,vector_integer_conj,exec_while,integer_fromboolean,integer_empty,vector_integer_dup
0.0292803349895,0.027311646511,0.0103121777444,0.0137495703259,0.0302178056936,0.00587481641199,0.00643729883441,0.0301553076466,0.00990594043936,0.0243117402581,0.0149370332177,0.0148120371238,0.0214680791225,0.016093247086,0.00574982031812,0.0264991719009,0.0257491953376,0.0216868222868,0.0234055185775,0.0214368300991,0.0139683134902,0.0183744257992,0.0231867754133,0.0218118183807,0.0250929658448,0.0230305302959,0.0309990312803,0.0167182275554,0.0211868379113,0.0248117246336,0.017561951189,0.0193431455267,0.0274678916284,0.0219368144745,0.00903096778226,0.0289053467079,0.0308427861629,0.00446861035593,0.0290928408487,0.0179681884941,0.0152495234524,0.0227492890847,0.0163119902503,0.0167807256023,0.0221555576388,0.0215618261929,0.0186244179869,0.0232805224837,0.0190619043155,0.0264991719009,0.0215618261929,0.00846848535983,0.0216243242399,0.0229367832255,0.0227492890847,0.0258741914315,0.0130308427862,0.0196868847849,0.0246867285397,0.0285616074498,0.0203118652542,0.0257804443611,0.0142808037249,0.0281241211212,0.0264054248305,0.0191244023624,0.0229367832255,0.0310615293272,0.017093215837,0.0222805537327,0.0149995312646,0.022499296897,0.0141870566545,0.014155807631,0.0252179619387,0.0263116777601,0.0199993750195,0.00506234180182,0.0186244179869,0.00734352051498,0.015155776382,0.0214055810756,0.0215305771695,0.0199681259961,0.0310302803037,0.02243679885,0.0203118652542,0.0143120527484,0.021030592794,0.0122496171995,0.0241867441642,0.0191869004094,0.029311584013,0.0287178525671,0.0144057998188,0.0245929814693,0.0159370019687,0.0262179306897
Gen 32
exec_eq,integer_swap,integer_gte,boolean_shove,boolean_and,vector_integer_flush,integer_lt,vector_integer_pushall,exec_do*vector_integer,vector_integer_reverse,vector_integer_concat,vector_integer_occurrencesof,vector_integer_subvec,integer_eq,vector_integer_yankdup,exec_yankdup,vector_integer_yank,vector_integer_swap,vector_integer_shove,exec_when,vector_integer_rest,boolean_or,boolean_empty,vector_integer_emptyvector,exec_do*while,integer_rot,exec_stackdepth,exec_do*range,vector_integer_replacefirst,vector_integer_last,exec_shove,boolean_xor,boolean_yankdup,boolean_frominteger,exec_yank,vector_integer_indexof,vector_integer_length,integer_div,integer_mult,integer_min,integer_flush,integer_yank,vector_integer_set,integer_max,exec_dup,exec_k,exec_noop,exec_s,exec_y,boolean_rot,vector_integer_stackdepth,integer_yankdup,vector_integer_remove,vector_integer_empty,boolean_stackdepth,exec_do*times,integer_shove,vector_integer_nth,boolean_dup,boolean_not,integer_dup,boolean_flush,boolean_pop,exec_swap,boolean_swap,integer_add,exec_flush,integer_mod,integer_inc,boolean_invert_first_then_and,exec_rot,vector_integer_contains,integer_pop,exec_pop,vector_integer_eq,vector_integer_take,boolean_invert_second_then_and,integer_sub,vector_integer_rot,boolean_yank,integer_stackdepth,integer_dec,integer_gt,vector_integer_butlast,in1,vector_integer_pop,integer_lte,vector_integer_first,boolean_eq,exec_if,vector_integer_replace,exec_empty,exec_do*count,vector_integer_conj,exec_while,integer_fromboolean,integer_empty,vector_integer_dup
0.0278779430926,0.0274234114118,0.0104239265477,0.0136056483137,0.0293021423593,0.00563619284264,0.00636344353201,0.0293021423593,0.00978758219448,0.0234538347323,0.013787460986,0.0138177630981,0.0200903002939,0.0152722644768,0.00581800551498,0.0260295142571,0.0247871276628,0.0207872488712,0.0222114481379,0.0210296657677,0.0138783673222,0.0187570073634,0.0233932305082,0.021696312233,0.0237265537408,0.0209084573195,0.0297869761522,0.0161813278386,0.0219690312415,0.0240295748614,0.0177570376655,0.0202418108542,0.0263022332657,0.0206963425351,0.00848459137602,0.0283930789976,0.0297869761522,0.00475743159298,0.0283627768855,0.0176964334414,0.0139389715463,0.0219387291294,0.0158480046059,0.0161207236144,0.02224175025,0.0207569467592,0.0183024756826,0.0231205114997,0.018029756674,0.0251507530075,0.0209387594315,0.00818157025545,0.020666040423,0.0209993636556,0.0221508439138,0.0248477318869,0.0130602102967,0.0182115693464,0.0242719917578,0.0274840156359,0.0193630496046,0.0250295445593,0.0141510863307,0.0269082755068,0.0257567952486,0.0183933820187,0.023817460077,0.0299081846005,0.0170600890882,0.0221811460259,0.013787460986,0.0224538650344,0.0139086694343,0.0132723250811,0.023847762189,0.025938607921,0.0192721432684,0.00469682736887,0.0175146207691,0.00787854913487,0.0150298475804,0.0209084573195,0.0215448016727,0.0193630496046,0.0301506014969,0.0219993333535,0.0196963728372,0.014302596891,0.0204236235266,0.0125147722796,0.0229083967153,0.0189994242599,0.0286354958941,0.0276052240841,0.0129996060725,0.0237265537408,0.0163025362868,0.0255143783522
Gen 33
exec_eq,integer_swap,integer_gte,boolean_shove,boolean_and,vector_integer_flush,integer_lt,vector_integer_pushall,exec_do*vector_integer,vector_integer_reverse,vector_integer_concat,vector_integer_occurrencesof,vector_integer_subvec,integer_eq,vector_integer_yankdup,exec_yankdup,vector_integer_yank,vector_integer_swap,vector_integer_shove,exec_when,vector_integer_rest,boolean_or,boolean_empty,vector_integer_emptyvector,exec_do*while,integer_rot,exec_stackdepth,exec_do*range,vector_integer_replacefirst,vector_integer_last,exec_shove,boolean_xor,boolean_yankdup,boolean_frominteger,exec_yank,vector_integer_indexof,vector_integer_length,integer_div,integer_mult,integer_min,integer_flush,integer_yank,vector_integer_set,integer_max,exec_dup,exec_k,exec_noop,exec_s,exec_y,boolean_rot,vector_integer_stackdepth,integer_yankdup,vector_integer_remove,vector_integer_empty,boolean_stackdepth,exec_do*times,integer_shove,vector_integer_nth,boolean_dup,boolean_not,integer_dup,boolean_flush,boolean_pop,exec_swap,boolean_swap,integer_add,exec_flush,integer_mod,integer_inc,boolean_invert_first_then_and,exec_rot,vector_integer_contains,integer_pop,exec_pop,vector_integer_eq,vector_integer_take,boolean_invert_second_then_and,integer_sub,vector_integer_rot,boolean_yank,integer_stackdepth,integer_dec,integer_gt,vector_integer_butlast,in1,vector_integer_pop,integer_lte,vector_integer_first,boolean_eq,exec_if,vector_integer_replace,exec_empty,exec_do*count,vector_integer_conj,exec_while,integer_fromboolean,integer_empty,vector_integer_dup
0.0268521514073,0.0268227405076,0.00985265139261,0.0138231228493,0.0286756271874,0.0049998529455,0.00547042734037,0.0284697508897,0.00917620069998,0.0231757889474,0.013852533749,0.0134407811535,0.0201464662804,0.0144701626423,0.00561748183877,0.0251757301256,0.0240875268374,0.0195876591865,0.0209111496721,0.0206170406753,0.0136760683509,0.0164995147202,0.0225581600541,0.0201758771801,0.0222346401576,0.0204699861769,0.0289991470839,0.0157054204288,0.0219993529602,0.0230581453487,0.0163524602218,0.0183524014,0.025322784624,0.0202935207788,0.00779388841505,0.0277344783977,0.0289403252846,0.00532337284198,0.027616834799,0.0167053910179,0.0136466574513,0.0219405311608,0.0144701626423,0.0149995588365,0.0211170259698,0.0204405752772,0.0160877621246,0.0216170112644,0.0176465398077,0.0246463339314,0.0207052733743,0.00785271021441,0.0201758771801,0.0202052880798,0.0203817534778,0.0229993235493,0.0132937266551,0.0176465398077,0.0238228287403,0.0269403841063,0.0189112084939,0.0243228140349,0.0129702067586,0.0258815917179,0.0255874827211,0.0172936090115,0.0233816652451,0.0289109143849,0.0154995441311,0.0198817681833,0.0129407958589,0.0219405311608,0.0140584100468,0.0124702214641,0.0235287197435,0.0239698832387,0.0189112084939,0.00538219464133,0.0173230199112,0.00832328460928,0.0138231228493,0.0194406046881,0.0204405752772,0.0194111937884,0.0292932560807,0.0217934766625,0.0191464956913,0.0128819740596,0.0197347136849,0.0116173053734,0.0217934766625,0.0186170994971,0.0274697803006,0.0273227258022,0.0119702361695,0.0230581453487,0.0149995588365,0.0241169377371
Gen 34
exec_eq,integer_swap,integer_gte,boolean_shove,boolean_and,vector_integer_flush,integer_lt,vector_integer_pushall,exec_do*vector_integer,vector_integer_reverse,vector_integer_concat,vector_integer_occurrencesof,vector_integer_subvec,integer_eq,vector_integer_yankdup,exec_yankdup,vector_integer_yank,vector_integer_swap,vector_integer_shove,exec_when,vector_integer_rest,boolean_or,boolean_empty,vector_integer_emptyvector,exec_do*while,integer_rot,exec_stackdepth,exec_do*range,vector_integer_replacefirst,vector_integer_last,exec_shove,boolean_xor,boolean_yankdup,boolean_frominteger,exec_yank,vector_integer_indexof,vector_integer_length,integer_div,integer_mult,integer_min,integer_flush,integer_yank,vector_integer_set,integer_max,exec_dup,exec_k,exec_noop,exec_s,exec_y,boolean_rot,vector_integer_stackdepth,integer_yankdup,vector_integer_remove,vector_integer_empty,boolean_stackdepth,exec_do*times,integer_shove,vector_integer_nth,boolean_dup,boolean_not,integer_dup,boolean_flush,boolean_pop,exec_swap,boolean_swap,integer_add,exec_flush,integer_mod,integer_inc,boolean_invert_first_then_and,exec_rot,vector_integer_contains,integer_pop,exec_pop,vector_integer_eq,vector_integer_take,boolean_invert_second_then_and,integer_sub,vector_integer_rot,boolean_yank,integer_stackdepth,integer_dec,integer_gt,vector_integer_butlast,in1,vector_integer_pop,integer_lte,vector_integer_first,boolean_eq,exec_if,vector_integer_replace,exec_empty,exec_do*count,vector_integer_conj,exec_while,integer_fromboolean,integer_empty,vector_integer_dup
0.0265135281849,0.0254278449187,0.00851404245593,0.0134853289906,0.0271706522671,0.00511413959601,0.0054855575555,0.0277706351247,0.00822833633325,0.0224565012428,0.0121996514385,0.0131996228679,0.020456558384,0.0134567583783,0.00651409959715,0.0249992857347,0.023113625325,0.0189994571584,0.0193423045056,0.0197994343019,0.0141424530728,0.0161709665438,0.0222565069569,0.0187708922602,0.0207994057313,0.0193423045056,0.0280849118597,0.0151138538899,0.0209136881803,0.0221422245079,0.016399531442,0.0179137738922,0.0244278734893,0.019599440016,0.00702837061798,0.0265992400217,0.0281706236965,0.00539984571869,0.0267420930831,0.0165423845033,0.0114282449073,0.0214565298134,0.0131996228679,0.0146852947059,0.0205994114454,0.0189137453216,0.0159709722579,0.0204851289963,0.0170852261364,0.0232850489986,0.0204279877718,0.00808548327191,0.0197994343019,0.0202565640982,0.0203137053227,0.0231421959373,0.0125139281735,0.0167138081769,0.0233421902231,0.0266849518585,0.0179137738922,0.0239136024685,0.0115996685809,0.0249707151224,0.0241707379789,0.0179137738922,0.0226279249164,0.0281420530842,0.0151138538899,0.0193423045056,0.0120853689895,0.0201994228736,0.0132853347047,0.0117996628668,0.0227136367532,0.0230564841005,0.0185708979743,0.00568555184138,0.0161138253193,0.00879974857861,0.012885346133,0.0180851975658,0.019285163281,0.0183423330762,0.0284563298191,0.0200851404246,0.0185137567498,0.0122853632753,0.017999485729,0.0115425273564,0.0210279706294,0.0177423502186,0.0266563812463,0.0261706808377,0.0117425216422,0.0232279077741,0.0139424587869,0.0231993371618
Gen 35
exec_eq,integer_swap,integer_gte,boolean_shove,boolean_and,vector_integer_flush,integer_lt,vector_integer_pushall,exec_do*vector_integer,vector_integer_reverse,vector_integer_concat,vector_integer_occurrencesof,vector_integer_subvec,integer_eq,vector_integer_yankdup,exec_yankdup,vector_integer_yank,vector_integer_swap,vector_integer_shove,exec_when,vector_integer_rest,boolean_or,boolean_empty,vector_integer_emptyvector,exec_do*while,integer_rot,exec_stackdepth,exec_do*range,vector_integer_replacefirst,vector_integer_last,exec_shove,boolean_xor,boolean_yankdup,boolean_frominteger,exec_yank,vector_integer_indexof,vector_integer_length,integer_div,integer_mult,integer_min,integer_flush,integer_yank,vector_integer_set,integer_max,exec_dup,exec_k,exec_noop,exec_s,exec_y,boolean_rot,vector_integer_stackdepth,integer_yankdup,vector_integer_remove,vector_integer_empty,boolean_stackdepth,exec_do*times,integer_shove,vector_integer_nth,boolean_dup,boolean_not,integer_dup,boolean_flush,boolean_pop,exec_swap,boolean_swap,integer_add,exec_flush,integer_mod,integer_inc,boolean_invert_first_then_and,exec_rot,vector_integer_contains,integer_pop,exec_pop,vector_integer_eq,vector_integer_take,boolean_invert_second_then_and,integer_sub,vector_integer_rot,boolean_yank,integer_stackdepth,integer_dec,integer_gt,vector_integer_butlast,in1,vector_integer_pop,integer_lte,vector_integer_first,boolean_eq,exec_if,vector_integer_replace,exec_empty,exec_do*count,vector_integer_conj,exec_while,integer_fromboolean,integer_empty,vector_integer_dup
0.0254715146801,0.0236937862837,0.00958306713702,0.0126107608122,0.0264992639093,0.00502763812116,0.00505541512736,0.0266659259465,0.00722202161051,0.0218049498625,0.0113052415211,0.0120552206883,0.0196661203855,0.0131107469237,0.00669425849282,0.0243604344324,0.0218605038749,0.0171106358157,0.0196105663732,0.0179439460015,0.0136107330352,0.0158328935307,0.0219438348935,0.0188883642121,0.0197772284103,0.0178883919891,0.0272492430766,0.0146384822644,0.0208327546457,0.0216382878253,0.0159440015555,0.0167495347351,0.0231938001722,0.0193327963112,0.00786089275298,0.0263881558846,0.0273881281076,0.00419432793534,0.0259437237855,0.0172772978528,0.011583011583,0.0204716535652,0.0143884892086,0.0142218271715,0.0205272075776,0.0178606149829,0.0165273186856,0.019582789367,0.0152495764007,0.0225271520236,0.0192494652926,0.00694425154857,0.0179717230077,0.0205549845838,0.0196383433794,0.0216105108191,0.0117774506264,0.015444015444,0.023304908197,0.0259715007916,0.017305074859,0.0221938279492,0.0111941334963,0.024027110358,0.0235549012527,0.0168884197661,0.0222493819616,0.0272214660704,0.0146662592706,0.0188605872059,0.0106385933724,0.0209160856643,0.0131385239299,0.0120829976945,0.0214994027944,0.0229160301103,0.0171384128219,0.00522207716452,0.0168328657537,0.00844420988306,0.0129163078803,0.0171384128219,0.019443904336,0.0186105941502,0.0273881281076,0.0188605872059,0.018443932113,0.0121107747007,0.0183606010944,0.0106385933724,0.0211105247076,0.0180828310325,0.0254715146801,0.0254715146801,0.0100552762423,0.0224160439988,0.0133329629733,0.0216105108191
Gen 36
exec_eq,integer_swap,integer_gte,boolean_shove,boolean_and,vector_integer_flush,integer_lt,vector_integer_pushall,exec_do*vector_integer,vector_integer_reverse,vector_integer_concat,vector_integer_occurrencesof,vector_integer_subvec,integer_eq,vector_integer_yankdup,exec_yankdup,vector_integer_yank,vector_integer_swap,vector_integer_shove,exec_when,vector_integer_rest,boolean_or,boolean_empty,vector_integer_emptyvector,exec_do*while,integer_rot,exec_stackdepth,exec_do*range,vector_integer_replacefirst,vector_integer_last,exec_shove,boolean_xor,boolean_yankdup,boolean_frominteger,exec_yank,vector_integer_indexof,vector_integer_length,integer_div,integer_mult,integer_min,integer_flush,integer_yank,vector_integer_set,integer_max,exec_dup,exec_k,exec_noop,exec_s,exec_y,boolean_rot,vector_integer_stackdepth,integer_yankdup,vector_integer_remove,vector_integer_empty,boolean_stackdepth,exec_do*times,integer_shove,vector_integer_nth,boolean_dup,boolean_not,integer_dup,boolean_flush,boolean_pop,exec_swap,boolean_swap,integer_add,exec_flush,integer_mod,integer_inc,boolean_invert_first_then_and,exec_rot,vector_integer_contains,integer_pop,exec_pop,vector_integer_eq,vector_integer_take,boolean_invert_second_then_and,integer_sub,vector_integer_rot,boolean_yank,integer_stackdepth,integer_dec,integer_gt,vector_integer_butlast,in1,vector_integer_pop,integer_lte,vector_integer_first,boolean_eq,exec_if,vector_integer_replace,exec_empty,exec_do*count,vector_integer_conj,exec_while,integer_fromboolean,integer_empty,vector_integer_dup
0.0241074565552,0.0229182995054,0.00875652009405,0.0123239912435,0.0255668765709,0.00556741709684,0.00540525931732,0.0256479554607,0.00672954785006,0.0214048268966,0.0108105186346,0.0114591497527,0.0190805653901,0.0114861760493,0.00589173265587,0.0232155887679,0.0214588794897,0.0171616983325,0.0197562228048,0.016999540553,0.0125942542093,0.0151617523851,0.0215669846761,0.0170535931461,0.0199183805843,0.0178373557471,0.0266479284344,0.0138374638523,0.0211075376341,0.0217561687522,0.0165130672144,0.0164049620281,0.0224588524634,0.0188373287208,0.00770249452717,0.0251074295289,0.0265938758412,0.00464852301289,0.0246750087835,0.0154049890543,0.0110807816005,0.0193238020594,0.014513121267,0.0137563849626,0.0194589335423,0.0178914083403,0.0156482257236,0.018107618713,0.0151887786817,0.0217291424556,0.0189454339072,0.00589173265587,0.0175130401881,0.0207561957785,0.019810275398,0.0208372746683,0.0119456230913,0.014972568309,0.0224047998703,0.0247831139699,0.0157833572066,0.0215669846761,0.00932407232237,0.0234858517337,0.0222426420908,0.0158914623929,0.0201886435502,0.0266479284344,0.0137834112592,0.0178914083403,0.00989162455069,0.0195670387287,0.0115402286425,0.0115132023459,0.020594037999,0.0216210372693,0.0169454879598,0.00581065376611,0.0165941461042,0.00859436231453,0.0113240182698,0.0161617253588,0.0187292235345,0.0187832761277,0.0268641388071,0.0180805924164,0.0174860138915,0.0122969649469,0.0163238831383,0.0101078349234,0.0205670117024,0.0169725142564,0.0239723250723,0.0245939298938,0.0110537553039,0.0213778006,0.0125672279128,0.0208372746683
Gen 37
exec_eq,integer_swap,integer_gte,boolean_shove,boolean_and,vector_integer_flush,integer_lt,vector_integer_pushall,exec_do*vector_integer,vector_integer_reverse,vector_integer_concat,vector_integer_occurrencesof,vector_integer_subvec,integer_eq,vector_integer_yankdup,exec_yankdup,vector_integer_yank,vector_integer_swap,vector_integer_shove,exec_when,vector_integer_rest,boolean_or,boolean_empty,vector_integer_emptyvector,exec_do*while,integer_rot,exec_stackdepth,exec_do*range,vector_integer_replacefirst,vector_integer_last,exec_shove,boolean_xor,boolean_yankdup,boolean_frominteger,exec_yank,vector_integer_indexof,vector_integer_length,integer_div,integer_mult,integer_min,integer_flush,integer_yank,vector_integer_set,integer_max,exec_dup,exec_k,exec_noop,exec_s,exec_y,boolean_rot,vector_integer_stackdepth,integer_yankdup,vector_integer_remove,vector_integer_empty,boolean_stackdepth,exec_do*times,integer_shove,vector_integer_nth,boolean_dup,boolean_not,integer_dup,boolean_flush,boolean_pop,exec_swap,boolean_swap,integer_add,exec_flush,integer_mod,integer_inc,boolean_invert_first_then_and,exec_rot,vector_integer_contains,integer_pop,exec_pop,vector_integer_eq,vector_integer_take,boolean_invert_second_then_and,integer_sub,vector_integer_rot,boolean_yank,integer_stackdepth,integer_dec,integer_gt,vector_integer_butlast,in1,vector_integer_pop,integer_lte,vector_integer_first,boolean_eq,exec_if,vector_integer_replace,exec_empty,exec_do*count,vector_integer_conj,exec_while,integer_fromboolean,integer_empty,vector_integer_dup
0.0234467514013,0.0220520512618,0.00831557064288,0.0115523275703,0.0250256572195,0.00489460803663,0.0051051288124,0.0246835609589,0.00702613089129,0.0209205020921,0.0104207784006,0.0103681482066,0.0185258282677,0.0114996973764,0.0062893081761,0.021867845583,0.0208415568011,0.0170784979343,0.0188679245283,0.0158680034736,0.012789137128,0.0141312070735,0.0203415699587,0.0162627299282,0.0198942133102,0.0174205941949,0.0261835214863,0.0138154259098,0.0198152680193,0.0208678718981,0.0148153995947,0.0149996052735,0.0218152153891,0.0184731980737,0.00823662535196,0.024578300571,0.0259730007105,0.00444725138812,0.023709902371,0.0153943317281,0.0103681482066,0.0192626509829,0.0143680429462,0.0134733296492,0.0187626641404,0.0174469092919,0.0153417015342,0.0173942790979,0.0153943317281,0.0213152285466,0.0187889792374,0.00602615720639,0.0170784979343,0.0206836662193,0.0192363358859,0.0207626115102,0.0120523144128,0.0144206731402,0.0220257361648,0.0243151496013,0.0157364279887,0.0208678718981,0.0090260782611,0.0223415173285,0.0212362832557,0.0158680034736,0.0189995000132,0.0259993158075,0.0128417673219,0.0175258545828,0.00918396884293,0.0187363490434,0.0110786558248,0.010894450146,0.019104760401,0.0209205020921,0.0171311281282,0.00586826662456,0.0165785110918,0.00736822715192,0.0101839425278,0.0162364148312,0.0176311149707,0.0181047867161,0.0261045761954,0.0164995658009,0.0171837583221,0.0111839162127,0.0160785242494,0.00989447646115,0.0208415568011,0.0162100997342,0.023657272177,0.0238677929528,0.0098418462672,0.0205784058314,0.0122365200916,0.0198678982132
Gen 38
exec_eq,integer_swap,integer_gte,boolean_shove,boolean_and,vector_integer_flush,integer_lt,vector_integer_pushall,exec_do*vector_integer,vector_integer_reverse,vector_integer_concat,vector_integer_occurrencesof,vector_integer_subvec,integer_eq,vector_integer_yankdup,exec_yankdup,vector_integer_yank,vector_integer_swap,vector_integer_shove,exec_when,vector_integer_rest,boolean_or,boolean_empty,vector_integer_emptyvector,exec_do*while,integer_rot,exec_stackdepth,exec_do*range,vector_integer_replacefirst,vector_integer_last,exec_shove,boolean_xor,boolean_yankdup,boolean_frominteger,exec_yank,vector_integer_indexof,vector_integer_length,integer_div,integer_mult,integer_min,integer_flush,integer_yank,vector_integer_set,integer_max,exec_dup,exec_k,exec_noop,exec_s,exec_y,boolean_rot,vector_integer_stackdepth,integer_yankdup,vector_integer_remove,vector_integer_empty,boolean_stackdepth,exec_do*times,integer_shove,vector_integer_nth,boolean_dup,boolean_not,integer_dup,boolean_flush,boolean_pop,exec_swap,boolean_swap,integer_add,exec_flush,integer_mod,integer_inc,boolean_invert_first_then_and,exec_rot,vector_integer_contains,integer_pop,exec_pop,vector_integer_eq,vector_integer_take,boolean_invert_second_then_and,integer_sub,vector_integer_rot,boolean_yank,integer_stackdepth,integer_dec,integer_gt,vector_integer_butlast,in1,vector_integer_pop,integer_lte,vector_integer_first,boolean_eq,exec_if,vector_integer_replace,exec_empty,exec_do*count,vector_integer_conj,exec_while,integer_fromboolean,integer_empty,vector_integer_dup
0.0231532524807,0.0213071459706,0.00828183892721,0.0116407271608,0.0246660342043,0.00487166995718,0.00479474885259,0.0238968231584,0.00587164431681,0.0207686982385,0.0107945950104,0.0107689546422,0.0186405476783,0.0113074023743,0.00633317094433,0.0215122689162,0.0205379349247,0.0156662649676,0.0178969770006,0.0153585805492,0.0126407015205,0.0136663162483,0.0196661624061,0.0161534319633,0.0190251532012,0.0164098356452,0.0253070434091,0.0133073510936,0.0188200302556,0.0207943386067,0.0146919309761,0.0152303787082,0.0214353478116,0.0186918284147,0.00848696187277,0.0239481038948,0.0251019204636,0.00451270480244,0.0232301735853,0.0151021768673,0.00999974359632,0.0184867054691,0.0141278428758,0.0134611933027,0.0182046614189,0.0177687751596,0.0146662906079,0.0173841696367,0.0152560190764,0.0209481808159,0.0179226173688,0.00612804799877,0.0167431604318,0.0201020486654,0.0178969770006,0.0208456193431,0.0115125253199,0.0150252557627,0.021358426707,0.0231276121125,0.0153842209174,0.0208199789749,0.00956385733699,0.0220250762801,0.0205122945565,0.0161790723315,0.0188456706238,0.0253839645137,0.0133329914618,0.0171021255865,0.00871772518653,0.0184610651009,0.0113843234789,0.0108458757468,0.0195379605651,0.020435373452,0.0171790466911,0.00615368836696,0.0162559934361,0.00717930309479,0.010486910592,0.0156406245994,0.0169995641137,0.017691854055,0.0254865259865,0.0162559934361,0.0169482833773,0.010615112433,0.0157431860722,0.00915361144586,0.020050767929,0.0157431860722,0.0228199276942,0.0236404194764,0.00930745365503,0.0205892156611,0.0115638060563,0.0197943642471
Gen 39
exec_eq,integer_swap,integer_gte,boolean_shove,boolean_and,vector_integer_flush,integer_lt,vector_integer_pushall,exec_do*vector_integer,vector_integer_reverse,vector_integer_concat,vector_integer_occurrencesof,vector_integer_subvec,integer_eq,vector_integer_yankdup,exec_yankdup,vector_integer_yank,vector_integer_swap,vector_integer_shove,exec_when,vector_integer_rest,boolean_or,boolean_empty,vector_integer_emptyvector,exec_do*while,integer_rot,exec_stackdepth,exec_do*range,vector_integer_replacefirst,vector_integer_last,exec_shove,boolean_xor,boolean_yankdup,boolean_frominteger,exec_yank,vector_integer_indexof,vector_integer_length,integer_div,integer_mult,integer_min,integer_flush,integer_yank,vector_integer_set,integer_max,exec_dup,exec_k,exec_noop,exec_s,exec_y,boolean_rot,vector_integer_stackdepth,integer_yankdup,vector_integer_remove,vector_integer_empty,boolean_stackdepth,exec_do*times,integer_shove,vector_integer_nth,boolean_dup,boolean_not,integer_dup,boolean_flush,boolean_pop,exec_swap,boolean_swap,integer_add,exec_flush,integer_mod,integer_inc,boolean_invert_first_then_and,exec_rot,vector_integer_contains,integer_pop,exec_pop,vector_integer_eq,vector_integer_take,boolean_invert_second_then_and,integer_sub,vector_integer_rot,boolean_yank,integer_stackdepth,integer_dec,integer_gt,vector_integer_butlast,in1,vector_integer_pop,integer_lte,vector_integer_first,boolean_eq,exec_if,vector_integer_replace,exec_empty,exec_do*count,vector_integer_conj,exec_while,integer_fromboolean,integer_empty,vector_integer_dup
0.022324441889,0.020799480013,0.00739981500462,0.0106997325067,0.0235994100147,0.00469988250294,0.00429989250269,0.0234244143896,0.00594985125372,0.0202994925127,0.0114497137572,0.0107247318817,0.0180995475113,0.0103747406315,0.00694982625434,0.0204244893878,0.0197245068873,0.0150246243844,0.017549561261,0.0138246543836,0.0125746856329,0.0134246643834,0.0184745381365,0.0155246118847,0.0172245693858,0.0156246093848,0.0243743906402,0.0132246693833,0.0181995450114,0.0202994925127,0.0139496512587,0.0145746356341,0.020774480638,0.0183245418865,0.00694982625434,0.0232994175146,0.0243243918902,0.00454988625284,0.0225994350141,0.0145746356341,0.00997475063123,0.0180495487613,0.0130996725082,0.0132746681333,0.0165245868853,0.0168245793855,0.0137996550086,0.0164745881353,0.0142496437589,0.0206494837629,0.0168495787605,0.00532486687833,0.0168245793855,0.0193245168871,0.0169745756356,0.0204994875128,0.00999975000625,0.0140246493838,0.020749481263,0.0227994300142,0.014324641884,0.0199995000125,0.00914977125572,0.0213994650134,0.0195745106372,0.0154746131347,0.0179495512612,0.0245993850154,0.0135496612585,0.0165495862603,0.00744981375466,0.0181245468863,0.0116247093823,0.011124721882,0.0193995150121,0.0198495037624,0.0151996200095,0.00624984375391,0.0151496212595,0.00602484937877,0.00972475688108,0.0155746106347,0.0166745831354,0.0173745656359,0.0247993800155,0.0151996200095,0.0161245968851,0.00977475563111,0.0151996200095,0.00887477813055,0.019149521262,0.0152746181345,0.0220244493888,0.0229744256394,0.00892477688058,0.0190995225119,0.0123496912577,0.0192995175121
Gen 40
exec_eq,integer_swap,integer_gte,boolean_shove,boolean_and,vector_integer_flush,integer_lt,vector_integer_pushall,exec_do*vector_integer,vector_integer_reverse,vector_integer_concat,vector_integer_occurrencesof,vector_integer_subvec,integer_eq,vector_integer_yankdup,exec_yankdup,vector_integer_yank,vector_integer_swap,vector_integer_shove,exec_when,vector_integer_rest,boolean_or,boolean_empty,vector_integer_emptyvector,exec_do*while,integer_rot,exec_stackdepth,exec_do*range,vector_integer_replacefirst,vector_integer_last,exec_shove,boolean_xor,boolean_yankdup,boolean_frominteger,exec_yank,vector_integer_indexof,vector_integer_length,integer_div,integer_mult,integer_min,integer_flush,integer_yank,vector_integer_set,integer_max,exec_dup,exec_k,exec_noop,exec_s,exec_y,boolean_rot,vector_integer_stackdepth,integer_yankdup,vector_integer_remove,vector_integer_empty,boolean_stackdepth,exec_do*times,integer_shove,vector_integer_nth,boolean_dup,boolean_not,integer_dup,boolean_flush,boolean_pop,exec_swap,boolean_swap,integer_add,exec_flush,integer_mod,integer_inc,boolean_invert_first_then_and,exec_rot,vector_integer_contains,integer_pop,exec_pop,vector_integer_eq,vector_integer_take,boolean_invert_second_then_and,integer_sub,vector_integer_rot,boolean_yank,integer_stackdepth,integer_dec,integer_gt,vector_integer_butlast,in1,vector_integer_pop,integer_lte,vector_integer_first,boolean_eq,exec_if,vector_integer_replace,exec_empty,exec_do*count,vector_integer_conj,exec_while,integer_fromboolean,integer_empty,vector_integer_dup
0.0216580083413,0.0200482915051,0.00692666032536,0.0109997317139,0.022926270091,0.00441452647496,0.00419501963367,0.0225848150045,0.00599985366211,0.0196824467696,0.0112924075023,0.00941440452672,0.0173898197605,0.00987780785834,0.00680471208019,0.0196824467696,0.0188531987025,0.0145606204727,0.0165117923953,0.0142923343333,0.0114875246945,0.0129021243384,0.0180971195824,0.0158776615205,0.0167069095876,0.0156825443282,0.0239262457013,0.0130484622326,0.0176093266018,0.0197556157167,0.012585058901,0.0150728031024,0.0209019292212,0.0176337162508,0.006658374186,0.0227067632497,0.0239506353504,0.00460964366723,0.0219262944806,0.0146337894198,0.010365600839,0.017023975025,0.0135118655643,0.0137557620546,0.016316675203,0.0169751957269,0.0117314211848,0.0152435306456,0.0143167239823,0.0199019536109,0.0161459476598,0.00507304699885,0.0155849857321,0.0191458744909,0.0166337406405,0.0205116948367,0.0101948732958,0.0136338138094,0.0205848637838,0.0221458013219,0.0141459964391,0.0190239262457,0.0085119875125,0.0203165776444,0.0191946537889,0.0146581790688,0.0169264164289,0.0241945318407,0.0137801517036,0.016292285554,0.00692666032536,0.0175849369528,0.0117558108339,0.0105851076803,0.0184141850199,0.0185849125631,0.0153898685398,0.0061461915563,0.0147313480159,0.00514621594595,0.00839003926733,0.0147069583669,0.0154874271359,0.0170727543231,0.0243408697349,0.0144386722275,0.0154386478379,0.00931684593059,0.0150971927514,0.00812175312797,0.0185849125631,0.0146581790688,0.0212433843077,0.0226579839516,0.0084388185654,0.0187556401063,0.0121216555694,0.0184141850199
Gen 41
exec_eq,integer_swap,integer_gte,boolean_shove,boolean_and,vector_integer_flush,integer_lt,vector_integer_pushall,exec_do*vector_integer,vector_integer_reverse,vector_integer_concat,vector_integer_occurrencesof,vector_integer_subvec,integer_eq,vector_integer_yankdup,exec_yankdup,vector_integer_yank,vector_integer_swap,vector_integer_shove,exec_when,vector_integer_rest,boolean_or,boolean_empty,vector_integer_emptyvector,exec_do*while,integer_rot,exec_stackdepth,exec_do*range,vector_integer_replacefirst,vector_integer_last,exec_shove,boolean_xor,boolean_yankdup,boolean_frominteger,exec_yank,vector_integer_indexof,vector_integer_length,integer_div,integer_mult,integer_min,integer_flush,integer_yank,vector_integer_set,integer_max,exec_dup,exec_k,exec_noop,exec_s,exec_y,boolean_rot,vector_integer_stackdepth,integer_yankdup,vector_integer_remove,vector_integer_empty,boolean_stackdepth,exec_do*times,integer_shove,vector_integer_nth,boolean_dup,boolean_not,integer_dup,boolean_flush,boolean_pop,exec_swap,boolean_swap,integer_add,exec_flush,integer_mod,integer_inc,boolean_invert_first_then_and,exec_rot,vector_integer_contains,integer_pop,exec_pop,vector_integer_eq,vector_integer_take,boolean_invert_second_then_and,integer_sub,vector_integer_rot,boolean_yank,integer_stackdepth,integer_dec,integer_gt,vector_integer_butlast,in1,vector_integer_pop,integer_lte,vector_integer_first,boolean_eq,exec_if,vector_integer_replace,exec_empty,exec_do*count,vector_integer_conj,exec_while,integer_fromboolean,integer_empty,vector_integer_dup
0.0214518701936,0.0196661984238,0.00645222732792,0.010499750006,0.0224280374277,0.00449989285969,0.00457131973048,0.0221423299445,0.00607128401705,0.0191900192853,0.0109521201876,0.0085236065808,0.0169757862908,0.0093331111164,0.00680936168186,0.018951929716,0.0179995714388,0.0147139353825,0.0163329444537,0.0137377681484,0.0105711768767,0.0124044665603,0.0173567296017,0.0157377205305,0.0156186757458,0.0155948667889,0.0230708792648,0.0125949382158,0.0171424489893,0.0197376252946,0.0124758934311,0.0149282159949,0.0199042879931,0.017261493774,0.00669031689722,0.0216899597629,0.0234280136187,0.00485702721364,0.0212137806243,0.0140710935454,0.0095712006857,0.0169281683769,0.0127377919573,0.0129044546558,0.015904383229,0.0165234161091,0.0115235351539,0.0147377443394,0.0140710935454,0.0196900073808,0.0160234280136,0.00607128401705,0.0141425204162,0.0178329087403,0.0163805623676,0.0204518940025,0.0101902335659,0.0134520606652,0.0198804790362,0.0214756791505,0.01388062189,0.0188805028452,0.00864265136544,0.0194281088546,0.0187852670175,0.0143568010285,0.0164757981953,0.0235708673603,0.0128330277851,0.015880574272,0.00676174376801,0.0175233923002,0.0112854455846,0.0106902216614,0.0182376610081,0.0171186400324,0.0144758458132,0.00576176757696,0.0140472845885,0.0057141496631,0.00811885431299,0.0147853622533,0.0151186876503,0.0163567534106,0.0237137211019,0.014213947287,0.0161900907121,0.00919025737482,0.0143568010285,0.0082855170115,0.0181900430942,0.0139996666746,0.0207614104426,0.0220470941168,0.00873788719316,0.0177852908264,0.0127377919573,0.0179757624818
Gen 42
exec_eq,integer_swap,integer_gte,boolean_shove,boolean_and,vector_integer_flush,integer_lt,vector_integer_pushall,exec_do*vector_integer,vector_integer_reverse,vector_integer_concat,vector_integer_occurrencesof,vector_integer_subvec,integer_eq,vector_integer_yankdup,exec_yankdup,vector_integer_yank,vector_integer_swap,vector_integer_shove,exec_when,vector_integer_rest,boolean_or,boolean_empty,vector_integer_emptyvector,exec_do*while,integer_rot,exec_stackdepth,exec_do*range,vector_integer_replacefirst,vector_integer_last,exec_shove,boolean_xor,boolean_yankdup,boolean_frominteger,exec_yank,vector_integer_indexof,vector_integer_length,integer_div,integer_mult,integer_min,integer_flush,integer_yank,vector_integer_set,integer_max,exec_dup,exec_k,exec_noop,exec_s,exec_y,boolean_rot,vector_integer_stackdepth,integer_yankdup,vector_integer_remove,vector_integer_empty,boolean_stackdepth,exec_do*times,integer_shove,vector_integer_nth,boolean_dup,boolean_not,integer_dup,boolean_flush,boolean_pop,exec_swap,boolean_swap,integer_add,exec_flush,integer_mod,integer_inc,boolean_invert_first_then_and,exec_rot,vector_integer_contains,integer_pop,exec_pop,vector_integer_eq,vector_integer_take,boolean_invert_second_then_and,integer_sub,vector_integer_rot,boolean_yank,integer_stackdepth,integer_dec,integer_gt,vector_integer_butlast,in1,vector_integer_pop,integer_lte,vector_integer_first,boolean_eq,exec_if,vector_integer_replace,exec_empty,exec_do*count,vector_integer_conj,exec_while,integer_fromboolean,integer_empty,vector_integer_dup
0.0206971930885,0.0191390897886,0.00630217901909,0.00965093835027,0.0219064672915,0.0045580335341,0.00432548080277,0.0217901909258,0.00620915792656,0.0187670054185,0.0113718285621,0.00839515360108,0.0169763493872,0.00858119578614,0.00641845538476,0.0185577079603,0.0178367944932,0.0145112904351,0.0155112671798,0.0133020162322,0.0109067230995,0.0124880816725,0.016929838841,0.0149066300784,0.014674077347,0.0149531406246,0.0227901676705,0.0127671449501,0.0168368177484,0.0196274505244,0.0113253180159,0.0152089486291,0.0197669821632,0.0166972861096,0.00676728448176,0.0212320643706,0.0228134229437,0.00495337317737,0.0207437036348,0.0135345689635,0.009604427804,0.0169065835678,0.0119997209367,0.0123485500337,0.0159298620962,0.0159298620962,0.0105578940025,0.013278760959,0.014139206065,0.0197669821632,0.0166042650171,0.0058835841027,0.0135578242366,0.0170228599335,0.0168833282947,0.0204181298109,0.00953466198461,0.0139066533336,0.0191856003349,0.0207437036348,0.0133950373247,0.0189065370573,0.00813934559661,0.0188832817841,0.0186507290528,0.0133252715053,0.016581009744,0.0230227204019,0.0126973791307,0.01588335155,0.00716262412502,0.017115881026,0.0121159973024,0.009953256901,0.0174414548499,0.0173019232111,0.0145810562545,0.00509290481617,0.0136043347829,0.00595334992209,0.00795330341155,0.014139206065,0.0152554591754,0.01588335155,0.0229994651287,0.0136741006023,0.0158368410037,0.00799981395781,0.0139299086068,0.00788353759215,0.0175577312156,0.0135345689635,0.0207437036348,0.0217901909258,0.00881374851748,0.0169530941141,0.0125113369457,0.0177437734006
Gen 43
exec_eq,integer_swap,integer_gte,boolean_shove,boolean_and,vector_integer_flush,integer_lt,vector_integer_pushall,exec_do*vector_integer,vector_integer_reverse,vector_integer_concat,vector_integer_occurrencesof,vector_integer_subvec,integer_eq,vector_integer_yankdup,exec_yankdup,vector_integer_yank,vector_integer_swap,vector_integer_shove,exec_when,vector_integer_rest,boolean_or,boolean_empty,vector_integer_emptyvector,exec_do*while,integer_rot,exec_stackdepth,exec_do*range,vector_integer_replacefirst,vector_integer_last,exec_shove,boolean_xor,boolean_yankdup,boolean_frominteger,exec_yank,vector_integer_indexof,vector_integer_length,integer_div,integer_mult,integer_min,integer_flush,integer_yank,vector_integer_set,integer_max,exec_dup,exec_k,exec_noop,exec_s,exec_y,boolean_rot,vector_integer_stackdepth,integer_yankdup,vector_integer_remove,vector_integer_empty,boolean_stackdepth,exec_do*times,integer_shove,vector_integer_nth,boolean_dup,boolean_not,integer_dup,boolean_flush,boolean_pop,exec_swap,boolean_swap,integer_add,exec_flush,integer_mod,integer_inc,boolean_invert_first_then_and,exec_rot,vector_integer_contains,integer_pop,exec_pop,vector_integer_eq,vector_integer_take,boolean_invert_second_then_and,integer_sub,vector_integer_rot,boolean_yank,integer_stackdepth,integer_dec,integer_gt,vector_integer_butlast,in1,vector_integer_pop,integer_lte,vector_integer_first,boolean_eq,exec_if,vector_integer_replace,exec_empty,exec_do*count,vector_integer_conj,exec_while,integer_fromboolean,integer_empty,vector_integer_dup
0.0202949932956,0.0189995681916,0.00593168337083,0.0100452262449,0.021204063544,0.0042726301675,0.00454535124202,0.0207949819322,0.00572714256494,0.0184313992864,0.0109088429808,0.00899979545919,0.0164996250085,0.00831799277289,0.0065453057885,0.0184086725302,0.0172268812072,0.0138860480444,0.01493147883,0.0118633667417,0.0113179245926,0.0128406172587,0.0163632644713,0.015363287198,0.0145905774869,0.0154087407104,0.0224540351356,0.0123406286221,0.0167268925706,0.0189541146792,0.0114542851299,0.0142496761437,0.0195904638531,0.0159996363719,0.00690893388787,0.0206813481512,0.0223858548669,0.00474989204791,0.0200904524897,0.0133633326515,0.00893161519056,0.0154996477353,0.0126133496966,0.0126815299652,0.015249653417,0.0156132815163,0.0110906570305,0.0132951523829,0.0142042226313,0.0188859344106,0.0157269152974,0.0060907706643,0.0137724142633,0.0162950842026,0.0160905433967,0.0192950160224,0.00938615031477,0.0131133383332,0.0191132019727,0.01990863844,0.0132496988705,0.0184541260426,0.00827253926047,0.0188404808982,0.018385945774,0.0128178905025,0.0159996363719,0.0226358491852,0.0124997159155,0.0152723801732,0.00713620144997,0.0160905433967,0.0120679075476,0.00963614463308,0.0172268812072,0.0168405263517,0.0143178564124,0.00479534556033,0.0137496875071,0.00690893388787,0.00779527738006,0.0141814958751,0.0153178336856,0.0153860139542,0.022499488648,0.0131133383332,0.0160450898843,0.00870434762846,0.013090611577,0.00777255062385,0.0168859798641,0.0136133269698,0.0196813708779,0.0214086043499,0.00790891116111,0.0167496193268,0.012545169428,0.0171132474262
Gen 44
exec_eq,integer_swap,integer_gte,boolean_shove,boolean_and,vector_integer_flush,integer_lt,vector_integer_pushall,exec_do*vector_integer,vector_integer_reverse,vector_integer_concat,vector_integer_occurrencesof,vector_integer_subvec,integer_eq,vector_integer_yankdup,exec_yankdup,vector_integer_yank,vector_integer_swap,vector_integer_shove,exec_when,vector_integer_rest,boolean_or,boolean_empty,vector_integer_emptyvector,exec_do*while,integer_rot,exec_stackdepth,exec_do*range,vector_integer_replacefirst,vector_integer_last,exec_shove,boolean_xor,boolean_yankdup,boolean_frominteger,exec_yank,vector_integer_indexof,vector_integer_length,integer_div,integer_mult,integer_min,integer_flush,integer_yank,vector_integer_set,integer_max,exec_dup,exec_k,exec_noop,exec_s,exec_y,boolean_rot,vector_integer_stackdepth,integer_yankdup,vector_integer_remove,vector_integer_empty,boolean_stackdepth,exec_do*times,integer_shove,vector_integer_nth,boolean_dup,boolean_not,integer_dup,boolean_flush,boolean_pop,exec_swap,boolean_swap,integer_add,exec_flush,integer_mod,integer_inc,boolean_invert_first_then_and,exec_rot,vector_integer_contains,integer_pop,exec_pop,vector_integer_eq,vector_integer_take,boolean_invert_second_then_and,integer_sub,vector_integer_rot,boolean_yank,integer_stackdepth,integer_dec,integer_gt,vector_integer_butlast,in1,vector_integer_pop,integer_lte,vector_integer_first,boolean_eq,exec_if,vector_integer_replace,exec_empty,exec_do*count,vector_integer_conj,exec_while,integer_fromboolean,integer_empty,vector_integer_dup
0.0200217772938,0.0191995733428,0.00575542765716,0.0103108819804,0.0208662029733,0.00428879358236,0.0044221239528,0.0203551032199,0.00495544543455,0.0177996044532,0.0104442123508,0.00842203506589,0.0166440745761,0.00831092642386,0.00677762716384,0.0179107130953,0.0166662963045,0.0138219150686,0.0138885802538,0.0117552943268,0.0108664251906,0.0124663896358,0.0154663229706,0.0151329970445,0.014066354081,0.0153329926002,0.0215995200107,0.0122886158085,0.0161107530944,0.0182662607498,0.0116664074132,0.0134885891425,0.019044021244,0.0149330014889,0.00677762716384,0.0207550943312,0.021999511122,0.00499988889136,0.0196217861825,0.0123997244506,0.00853314370792,0.0150663318593,0.0114441901291,0.0120886202529,0.0146218972912,0.0153107708718,0.0100664429679,0.0130219328459,0.01324415013,0.0186884735895,0.0153329926002,0.00577764938557,0.0120441767961,0.0159107575387,0.0156218750694,0.0188218039599,0.00899980000444,0.0128441590187,0.0182884824782,0.0196440079109,0.0124663896358,0.017621830626,0.00782204839892,0.0179329348237,0.0179329348237,0.0119775116109,0.0151552187729,0.022110619764,0.0127552721051,0.0144885669207,0.00642207950934,0.0159552009955,0.0110886424746,0.00853314370792,0.0169551787738,0.0162440834648,0.0142441279083,0.00466656296527,0.0130219328459,0.00651096642297,0.00711095308993,0.0143107930935,0.014888558032,0.0143996800071,0.0220883980356,0.012644163463,0.0157107619831,0.00813315259661,0.0135996977845,0.0073553921024,0.0158440923535,0.0134441456857,0.0189329126019,0.0207328726028,0.00711095308993,0.01631074865,0.0123775027222,0.0163774138352
Gen 45
exec_eq,integer_swap,integer_gte,boolean_shove,boolean_and,vector_integer_flush,integer_lt,vector_integer_pushall,exec_do*vector_integer,vector_integer_reverse,vector_integer_concat,vector_integer_occurrencesof,vector_integer_subvec,integer_eq,vector_integer_yankdup,exec_yankdup,vector_integer_yank,vector_integer_swap,vector_integer_shove,exec_when,vector_integer_rest,boolean_or,boolean_empty,vector_integer_emptyvector,exec_do*while,integer_rot,exec_stackdepth,exec_do*range,vector_integer_replacefirst,vector_integer_last,exec_shove,boolean_xor,boolean_yankdup,boolean_frominteger,exec_yank,vector_integer_indexof,vector_integer_length,integer_div,integer_mult,integer_min,integer_flush,integer_yank,vector_integer_set,integer_max,exec_dup,exec_k,exec_noop,exec_s,exec_y,boolean_rot,vector_integer_stackdepth,integer_yankdup,vector_integer_remove,vector_integer_empty,boolean_stackdepth,exec_do*times,integer_shove,vector_integer_nth,boolean_dup,boolean_not,integer_dup,boolean_flush,boolean_pop,exec_swap,boolean_swap,integer_add,exec_flush,integer_mod,integer_inc,boolean_invert_first_then_and,exec_rot,vector_integer_contains,integer_pop,exec_pop,vector_integer_eq,vector_integer_take,boolean_invert_second_then_and,integer_sub,vector_integer_rot,boolean_yank,integer_stackdepth,integer_dec,integer_gt,vector_integer_butlast,in1,vector_integer_pop,integer_lte,vector_integer_first,boolean_eq,exec_if,vector_integer_replace,exec_empty,exec_do*count,vector_integer_conj,exec_while,integer_fromboolean,integer_empty,vector_integer_dup
0.0192821895176,0.0183474272298,0.00549988043738,0.010369339797,0.0201734744897,0.00360861720397,0.00441294754462,0.0199995652268,0.00478250472816,0.0168909371535,0.00986935066629,0.00799982609074,0.016369209365,0.0088911110628,0.00645638138301,0.017717006152,0.0156953109715,0.0132823199496,0.0138040477381,0.011260624769,0.0110649768483,0.0124127736354,0.0153692311037,0.0152170604987,0.0140214343166,0.0147605486837,0.021173452751,0.0122606030304,0.0156735723136,0.0173474489685,0.0114562726897,0.0134562292124,0.0184561205191,0.0148040259994,0.0069998478294,0.0201734744897,0.0213038846982,0.00499989130671,0.0192169735441,0.0122171257147,0.00834764461642,0.0146083780787,0.0104997717441,0.0115867046369,0.0151953218408,0.0150648898937,0.00932588421991,0.0128910241082,0.0134997065281,0.0183474272298,0.0150866285516,0.00567378970022,0.012021477794,0.0154561857351,0.0151083672094,0.0179343927306,0.00923892958849,0.0126084215561,0.0181083019934,0.0195647920697,0.0119997391361,0.0169344144693,0.00804330340645,0.0175213582313,0.0171300623899,0.0113693180583,0.0151083672094,0.0214560553031,0.0128475467925,0.0141301276059,0.00689115454012,0.0162822547336,0.0108041129541,0.00836938327428,0.0159126975501,0.0154779243929,0.0137823090802,0.00458685680746,0.0123910349775,0.00636942675159,0.00715201843438,0.0138257863959,0.0150866285516,0.0143475141845,0.021629964566,0.0124779896089,0.0153040151301,0.00819547401143,0.0129345014239,0.00695637051368,0.0154779243929,0.0136953544488,0.0181517793091,0.0207604182518,0.006608551988,0.0155648790244,0.0115867046369,0.0161083454708
Gen 46
exec_eq,integer_swap,integer_gte,boolean_shove,boolean_and,vector_integer_flush,integer_lt,vector_integer_pushall,exec_do*vector_integer,vector_integer_reverse,vector_integer_concat,vector_integer_occurrencesof,vector_integer_subvec,integer_eq,vector_integer_yankdup,exec_yankdup,vector_integer_yank,vector_integer_swap,vector_integer_shove,exec_when,vector_integer_rest,boolean_or,boolean_empty,vector_integer_emptyvector,exec_do*while,integer_rot,exec_stackdepth,exec_do*range,vector_integer_replacefirst,vector_integer_last,exec_shove,boolean_xor,boolean_yankdup,boolean_frominteger,exec_yank,vector_integer_indexof,vector_integer_length,integer_div,integer_mult,integer_min,integer_flush,integer_yank,vector_integer_set,integer_max,exec_dup,exec_k,exec_noop,exec_s,exec_y,boolean_rot,vector_integer_stackdepth,integer_yankdup,vector_integer_remove,vector_integer_empty,boolean_stackdepth,exec_do*times,integer_shove,vector_integer_nth,boolean_dup,boolean_not,integer_dup,boolean_flush,boolean_pop,exec_swap,boolean_swap,integer_add,exec_flush,integer_mod,integer_inc,boolean_invert_first_then_and,exec_rot,vector_integer_contains,integer_pop,exec_pop,vector_integer_eq,vector_integer_take,boolean_invert_second_then_and,integer_sub,vector_integer_rot,boolean_yank,integer_stackdepth,integer_dec,integer_gt,vector_integer_butlast,in1,vector_integer_pop,integer_lte,vector_integer_first,boolean_eq,exec_if,vector_integer_replace,exec_empty,exec_do*count,vector_integer_conj,exec_while,integer_fromboolean,integer_empty,vector_integer_dup
0.0185740728921,0.0176804748835,0.00472330375949,0.0102976532414,0.0194889470437,0.00361694432033,0.00436160932746,0.0199995744771,0.00510627433459,0.0162336971554,0.0098721303802,0.00676581349333,0.0161485925831,0.00838280036595,0.00655305206272,0.0174677134529,0.0149145762856,0.0128933426948,0.013297589413,0.0110635943916,0.0105529669581,0.0115742218251,0.0148720239995,0.0142124635646,0.012935894981,0.015042233144,0.0207016871981,0.0111486989639,0.0145954341397,0.017488989596,0.0109997659624,0.0134465224144,0.0181485500309,0.0140422544201,0.00674453735027,0.0194038424714,0.0208718963426,0.00502116976235,0.0185953490351,0.0116593263973,0.00706367949618,0.0140848067062,0.00955298823429,0.0109997659624,0.015063509287,0.0142550158507,0.00855300951044,0.0124678198336,0.0130209995532,0.0178294078849,0.0145954341397,0.00465947533031,0.0112550796792,0.0139571498479,0.0152975468607,0.0177230271696,0.00840407650901,0.0109784898194,0.0172975043084,0.0184676921768,0.0114465649667,0.0167230484458,0.00670198506415,0.0175740941682,0.0161698687262,0.0106806238165,0.013999702134,0.0210846577732,0.0124678198336,0.013297589413,0.00534031190826,0.0156592412927,0.0102125486692,0.00753175464352,0.0157230697219,0.014701814855,0.0131699325546,0.00442543775664,0.0118720878279,0.00582966319866,0.0064041190613,0.0131912086977,0.0138720452756,0.0129997234101,0.0211272100594,0.0123827152614,0.013999702134,0.00797855364779,0.0121699538308,0.00580838705559,0.015063509287,0.0124678198336,0.0173400565945,0.0202548881939,0.00674453735027,0.0147656432842,0.011212527393,0.0159358311525
Gen 47
exec_eq,integer_swap,integer_gte,boolean_shove,boolean_and,vector_integer_flush,integer_lt,vector_integer_pushall,exec_do*vector_integer,vector_integer_reverse,vector_integer_concat,vector_integer_occurrencesof,vector_integer_subvec,integer_eq,vector_integer_yankdup,exec_yankdup,vector_integer_yank,vector_integer_swap,vector_integer_shove,exec_when,vector_integer_rest,boolean_or,boolean_empty,vector_integer_emptyvector,exec_do*while,integer_rot,exec_stackdepth,exec_do*range,vector_integer_replacefirst,vector_integer_last,exec_shove,boolean_xor,boolean_yankdup,boolean_frominteger,exec_yank,vector_integer_indexof,vector_integer_length,integer_div,integer_mult,integer_min,integer_flush,integer_yank,vector_integer_set,integer_max,exec_dup,exec_k,exec_noop,exec_s,exec_y,boolean_rot,vector_integer_stackdepth,integer_yankdup,vector_integer_remove,vector_integer_empty,boolean_stackdepth,exec_do*times,integer_shove,vector_integer_nth,boolean_dup,boolean_not,integer_dup,boolean_flush,boolean_pop,exec_swap,boolean_swap,integer_add,exec_flush,integer_mod,integer_inc,boolean_invert_first_then_and,exec_rot,vector_integer_contains,integer_pop,exec_pop,vector_integer_eq,vector_integer_take,boolean_invert_second_then_and,integer_sub,vector_integer_rot,boolean_yank,integer_stackdepth,integer_dec,integer_gt,vector_integer_butlast,in1,vector_integer_pop,integer_lte,vector_integer_first,boolean_eq,exec_if,vector_integer_replace,exec_empty,exec_do*count,vector_integer_conj,exec_while,integer_fromboolean,integer_empty,vector_integer_dup
0.0186037790879,0.0171454761359,0.00435407595675,0.0102914522614,0.0187912751818,0.00377075477594,0.00364575738005,0.0189162725777,0.00514572613071,0.0164163246599,0.0095623007854,0.0069998541697,0.0162079956668,0.00791650173955,0.00647903168684,0.0172704735318,0.0151246849024,0.0128122330785,0.0132913897627,0.010728943147,0.0102081206642,0.0112289327306,0.0137288806483,0.0138122122456,0.013708047749,0.0145205308223,0.0203745755297,0.0112289327306,0.0147496927147,0.016687152351,0.0108956063415,0.0132288910648,0.0174371367263,0.0145205308223,0.0065623632841,0.0189162725777,0.0204995729256,0.00441657465469,0.018478781692,0.0114997604217,0.00691652257245,0.0142080373326,0.00952063498677,0.0111872669319,0.014499697923,0.0138747109435,0.0082706610279,0.0117497552134,0.0133538884607,0.0176037999208,0.014437199225,0.00418741276223,0.0115830920189,0.0141247057353,0.0146038624195,0.017416303827,0.00820816232995,0.0110831024354,0.0177079644174,0.0181246224037,0.0118122539114,0.0159788337743,0.00683319097519,0.0171454761359,0.0160621653716,0.00993729297306,0.0130622278703,0.020728734818,0.0127497343805,0.0132497239641,0.00524989062728,0.0150621862045,0.0100831232683,0.00714568446491,0.0155413428887,0.0145830295202,0.0133330555613,0.0039999166684,0.0121664131997,0.00587487760672,0.0057082144122,0.0132497239641,0.0125622382867,0.0128122330785,0.0206870690194,0.0119789171059,0.0138122122456,0.00816649653132,0.0123955750922,0.00543738672111,0.0152496822983,0.012978896273,0.0176037999208,0.019666256953,0.00649986458615,0.0144788650236,0.0113122643278,0.0155205099894
Gen 48
exec_eq,integer_swap,integer_gte,boolean_shove,boolean_and,vector_integer_flush,integer_lt,vector_integer_pushall,exec_do*vector_integer,vector_integer_reverse,vector_integer_concat,vector_integer_occurrencesof,vector_integer_subvec,integer_eq,vector_integer_yankdup,exec_yankdup,vector_integer_yank,vector_integer_swap,vector_integer_shove,exec_when,vector_integer_rest,boolean_or,boolean_empty,vector_integer_emptyvector,exec_do*while,integer_rot,exec_stackdepth,exec_do*range,vector_integer_replacefirst,vector_integer_last,exec_shove,boolean_xor,boolean_yankdup,boolean_frominteger,exec_yank,vector_integer_indexof,vector_integer_length,integer_div,integer_mult,integer_min,integer_flush,integer_yank,vector_integer_set,integer_max,exec_dup,exec_k,exec_noop,exec_s,exec_y,boolean_rot,vector_integer_stackdepth,integer_yankdup,vector_integer_remove,vector_integer_empty,boolean_stackdepth,exec_do*times,integer_shove,vector_integer_nth,boolean_dup,boolean_not,integer_dup,boolean_flush,boolean_pop,exec_swap,boolean_swap,integer_add,exec_flush,integer_mod,integer_inc,boolean_invert_first_then_and,exec_rot,vector_integer_contains,integer_pop,exec_pop,vector_integer_eq,vector_integer_take,boolean_invert_second_then_and,integer_sub,vector_integer_rot,boolean_yank,integer_stackdepth,integer_dec,integer_gt,vector_integer_butlast,in1,vector_integer_pop,integer_lte,vector_integer_first,boolean_eq,exec_if,vector_integer_replace,exec_empty,exec_do*count,vector_integer_conj,exec_while,integer_fromboolean,integer_empty,vector_integer_dup
0.018142486888,0.0171833227893,0.00467337401278,0.0100406114161,0.0185710495704,0.00395910287545,0.00361217118018,0.0185710495704,0.00520397542907,0.015632334034,0.00936715577233,0.00581620783249,0.0157547805147,0.00775494377666,0.00634680924879,0.016652721373,0.0149996938838,0.0122650558152,0.012836472725,0.0106324360727,0.00977531070794,0.0118569008796,0.0136527825963,0.01312218118,0.012836472725,0.0135711516092,0.0198771453644,0.011163037489,0.0142854227465,0.0167955756005,0.0100202036693,0.0129793269525,0.0165506826391,0.0133874818881,0.00679577967797,0.0186730883043,0.0201220383257,0.00387747188833,0.0182037101284,0.0107548825534,0.00697944939899,0.0137956368237,0.00930593253199,0.00983653394829,0.0145099079611,0.0134282973817,0.00720393461358,0.0110814065019,0.0123875022959,0.0176322932185,0.0141221607722,0.00385706414155,0.0112854839697,0.0139793065448,0.01432623824,0.0177955551928,0.00802024448481,0.011163037489,0.0171833227893,0.0178567784331,0.0111426297423,0.0156119262872,0.00644884798269,0.0167955756005,0.0157955960082,0.00973449521438,0.0132038121671,0.0202240770597,0.0128976959654,0.01312218118,0.00546927613722,0.0149384706435,0.01014265015,0.0067549641844,0.0152037713516,0.0141833840126,0.0131834044203,0.00381624864799,0.0119793473603,0.00553049937756,0.00551009163078,0.0127344339911,0.0120609783474,0.0120609783474,0.0202648925532,0.0121222015877,0.0133874818881,0.00724475010714,0.0123670945491,0.00514275218873,0.0147343931756,0.0131017734332,0.0173261770168,0.019448582682,0.00644884798269,0.0147548009224,0.0108365135405,0.0146527621885
Gen 49
exec_eq,integer_swap,integer_gte,boolean_shove,boolean_and,vector_integer_flush,integer_lt,vector_integer_pushall,exec_do*vector_integer,vector_integer_reverse,vector_integer_concat,vector_integer_occurrencesof,vector_integer_subvec,integer_eq,vector_integer_yankdup,exec_yankdup,vector_integer_yank,vector_integer_swap,vector_integer_shove,exec_when,vector_integer_rest,boolean_or,boolean_empty,vector_integer_emptyvector,exec_do*while,integer_rot,exec_stackdepth,exec_do*range,vector_integer_replacefirst,vector_integer_last,exec_shove,boolean_xor,boolean_yankdup,boolean_frominteger,exec_yank,vector_integer_indexof,vector_integer_length,integer_div,integer_mult,integer_min,integer_flush,integer_yank,vector_integer_set,integer_max,exec_dup,exec_k,exec_noop,exec_s,exec_y,boolean_rot,vector_integer_stackdepth,integer_yankdup,vector_integer_remove,vector_integer_empty,boolean_stackdepth,exec_do*times,integer_shove,vector_integer_nth,boolean_dup,boolean_not,integer_dup,boolean_flush,boolean_pop,exec_swap,boolean_swap,integer_add,exec_flush,integer_mod,integer_inc,boolean_invert_first_then_and,exec_rot,vector_integer_contains,integer_pop,exec_pop,vector_integer_eq,vector_integer_take,boolean_invert_second_then_and,integer_sub,vector_integer_rot,boolean_yank,integer_stackdepth,integer_dec,integer_gt,vector_integer_butlast,in1,vector_integer_pop,integer_lte,vector_integer_first,boolean_eq,exec_if,vector_integer_replace,exec_empty,exec_do*count,vector_integer_conj,exec_while,integer_fromboolean,integer_empty,vector_integer_dup
0.0176996460071,0.0164796704066,0.00441991160177,0.0094998100038,0.0178396432071,0.0042599148017,0.0034999300014,0.0183596328073,0.00597988040239,0.014979700406,0.00929981400372,0.00621987560249,0.0154596908062,0.00779984400312,0.00633987320254,0.0162196756065,0.0147597048059,0.0121597568049,0.0127397452051,0.0104597908042,0.00957980840383,0.0116797664047,0.0132597348053,0.0134597308054,0.0127997440051,0.0130197396052,0.0192996140077,0.0110397792044,0.0141797164057,0.0164196716066,0.00945981080378,0.0122397552049,0.0163396732065,0.0132397352053,0.00689986200276,0.0179796404072,0.0194996100078,0.00357992840143,0.0180596388072,0.0108397832043,0.00713985720286,0.0139397212056,0.00907981840363,0.0107797844043,0.0140997180056,0.0133797324054,0.00677986440271,0.00985980280394,0.0122197556049,0.0177196456071,0.0141797164057,0.00365992680146,0.0113197736045,0.0135397292054,0.0143797124058,0.017519649607,0.00755984880302,0.0106797864043,0.0170596588068,0.017419651607,0.0113197736045,0.0158396832063,0.00647987040259,0.0161796764065,0.0152796944061,0.00991980160397,0.012579748405,0.019879602408,0.0128797424052,0.0130397392052,0.00509989800204,0.0152796944061,0.0106397872043,0.00627987440251,0.014959700806,0.0144597108058,0.0131797364053,0.00367992640147,0.0114797704046,0.00483990320194,0.00469990600188,0.012559748805,0.0117597648047,0.0121197576048,0.019919601608,0.0123197536049,0.0127397452051,0.00713985720286,0.0127397452051,0.00497990040199,0.0147397052059,0.0132597348053,0.0171396572069,0.0193396132077,0.00643987120258,0.0145597088058,0.0107997840043,0.0141797164057
Gen 50
exec_eq,integer_swap,integer_gte,boolean_shove,boolean_and,vector_integer_flush,integer_lt,vector_integer_pushall,exec_do*vector_integer,vector_integer_reverse,vector_integer_concat,vector_integer_occurrencesof,vector_integer_subvec,integer_eq,vector_integer_yankdup,exec_yankdup,vector_integer_yank,vector_integer_swap,vector_integer_shove,exec_when,vector_integer_rest,boolean_or,boolean_empty,vector_integer_emptyvector,exec_do*while,integer_rot,exec_stackdepth,exec_do*range,vector_integer_replacefirst,vector_integer_last,exec_shove,boolean_xor,boolean_yankdup,boolean_frominteger,exec_yank,vector_integer_indexof,vector_integer_length,integer_div,integer_mult,integer_min,integer_flush,integer_yank,vector_integer_set,integer_max,exec_dup,exec_k,exec_noop,exec_s,exec_y,boolean_rot,vector_integer_stackdepth,integer_yankdup,vector_integer_remove,vector_integer_empty,boolean_stackdepth,exec_do*times,integer_shove,vector_integer_nth,boolean_dup,boolean_not,integer_dup,boolean_flush,boolean_pop,exec_swap,boolean_swap,integer_add,exec_flush,integer_mod,integer_inc,boolean_invert_first_then_and,exec_rot,vector_integer_contains,integer_pop,exec_pop,vector_integer_eq,vector_integer_take,boolean_invert_second_then_and,integer_sub,vector_integer_rot,boolean_yank,integer_stackdepth,integer_dec,integer_gt,vector_integer_butlast,in1,vector_integer_pop,integer_lte,vector_integer_first,boolean_eq,exec_if,vector_integer_replace,exec_empty,exec_do*count,vector_integer_conj,exec_while,integer_fromboolean,integer_empty,vector_integer_dup
0.0174506382228,0.0156271445658,0.00452932295445,0.0104703829337,0.0176467128096,0.00443128566107,0.00356855747927,0.0179604321484,0.00543126605361,0.0146663790906,0.00868610419404,0.00537244367757,0.0155291072724,0.00807827297504,0.0064704613635,0.016097723574,0.0146075567146,0.0129017078097,0.0121174094626,0.00988215917335,0.00994098154938,0.0117448677477,0.0125291660948,0.0130389600204,0.0133526793592,0.0127644555989,0.0187251230368,0.010450775475,0.014215407541,0.0154898923551,0.00901943099155,0.0122546616733,0.0157643967765,0.0137252210741,0.00680378816102,0.0174114233054,0.0192937393384,0.00347052018588,0.0174898531401,0.0102154859709,0.00635281661144,0.014156585165,0.00831356247917,0.0102154859709,0.0139409031195,0.0125683810121,0.00694104037176,0.00994098154938,0.0121762318386,0.0171565263426,0.0135095390286,0.00325483814043,0.0106468500618,0.0141761926237,0.0137448285328,0.0171565263426,0.00764690888414,0.0100782337601,0.0168231995451,0.0169996666732,0.0104899903923,0.0152546028509,0.00541165859493,0.015980078822,0.0149997058881,0.00892139369816,0.0116272229956,0.0195094213839,0.0129605301857,0.0118036901237,0.00476461245858,0.0153918550617,0.00998019646674,0.00537244367757,0.0143526597518,0.0143722672104,0.0125487735535,0.00398031411149,0.0119409423345,0.00554891080567,0.0044901080371,0.0118821199584,0.0116272229956,0.0114899707849,0.0195290288426,0.0119017274171,0.0119801572518,0.00688221799573,0.012274269132,0.00411756632223,0.0143918746691,0.0131369973138,0.0162741907021,0.0187839454128,0.00678418070234,0.0139016882022,0.010450775475,0.0133330719006
Gen 51
exec_eq,integer_swap,integer_gte,boolean_shove,boolean_and,vector_integer_flush,integer_lt,vector_integer_pushall,exec_do*vector_integer,vector_integer_reverse,vector_integer_concat,vector_integer_occurrencesof,vector_integer_subvec,integer_eq,vector_integer_yankdup,exec_yankdup,vector_integer_yank,vector_integer_swap,vector_integer_shove,exec_when,vector_integer_rest,boolean_or,boolean_empty,vector_integer_emptyvector,exec_do*while,integer_rot,exec_stackdepth,exec_do*range,vector_integer_replacefirst,vector_integer_last,exec_shove,boolean_xor,boolean_yankdup,boolean_frominteger,exec_yank,vector_integer_indexof,vector_integer_length,integer_div,integer_mult,integer_min,integer_flush,integer_yank,vector_integer_set,integer_max,exec_dup,exec_k,exec_noop,exec_s,exec_y,boolean_rot,vector_integer_stackdepth,integer_yankdup,vector_integer_remove,vector_integer_empty,boolean_stackdepth,exec_do*times,integer_shove,vector_integer_nth,boolean_dup,boolean_not,integer_dup,boolean_flush,boolean_pop,exec_swap,boolean_swap,integer_add,exec_flush,integer_mod,integer_inc,boolean_invert_first_then_and,exec_rot,vector_integer_contains,integer_pop,exec_pop,vector_integer_eq,vector_integer_take,boolean_invert_second_then_and,integer_sub,vector_integer_rot,boolean_yank,integer_stackdepth,integer_dec,integer_gt,vector_integer_butlast,in1,vector_integer_pop,integer_lte,vector_integer_first,boolean_eq,exec_if,vector_integer_replace,exec_empty,exec_do*count,vector_integer_conj,exec_while,integer_fromboolean,integer_empty,vector_integer_dup
0.0168458298879,0.0152881675352,0.00442299186554,0.00973058210419,0.0168842906867,0.00442299186554,0.00328839830003,0.0178842714563,0.00555758543105,0.0135382011884,0.00813445895271,0.00478836945443,0.0152112459376,0.00751908617142,0.00640372300533,0.0155766235265,0.0140958827715,0.0129420588066,0.0119805388358,0.00998057729659,0.0101921116902,0.0117882348416,0.0120959212323,0.0132112843984,0.0130189804042,0.0117305436434,0.0184996442376,0.00982673410127,0.0138266571797,0.0146535643545,0.00834599334628,0.0122497644276,0.0155381627276,0.013749735582,0.00653833580123,0.017499663468,0.0189034826253,0.00315378550412,0.0173458202727,0.0102882636872,0.00728832137844,0.0139228091767,0.00882675333167,0.0104421068826,0.0134035883925,0.0124612988212,0.00673063979539,0.00923059171939,0.0117882348416,0.0164419915002,0.0130382108036,0.00323070710179,0.0112113228592,0.0139997307744,0.0129228284071,0.0171342858791,0.00773062056499,0.00969212130536,0.0165189130978,0.0166342954943,0.00982673410127,0.0146343339551,0.0052498990404,0.0154804715294,0.0146727947539,0.00813445895271,0.0112113228592,0.0191342474183,0.0128074460107,0.0117497740428,0.00469221745736,0.0155381627276,0.0105382588796,0.00528835983923,0.0144612603604,0.0145574123575,0.0115382396492,0.0042499182708,0.0116536220457,0.0053652814369,0.00440376146613,0.0116343916463,0.0107690236726,0.0114228572527,0.0191342474183,0.0114228572527,0.0119228476375,0.00721139978077,0.0127112940136,0.00457683506086,0.0141535739697,0.0125766812177,0.0162112267072,0.0184611834388,0.00698063498779,0.0145958731563,0.0105190284802,0.012961289206
Gen 52
exec_eq,integer_swap,integer_gte,boolean_shove,boolean_and,vector_integer_flush,integer_lt,vector_integer_pushall,exec_do*vector_integer,vector_integer_reverse,vector_integer_concat,vector_integer_occurrencesof,vector_integer_subvec,integer_eq,vector_integer_yankdup,exec_yankdup,vector_integer_yank,vector_integer_swap,vector_integer_shove,exec_when,vector_integer_rest,boolean_or,boolean_empty,vector_integer_emptyvector,exec_do*while,integer_rot,exec_stackdepth,exec_do*range,vector_integer_replacefirst,vector_integer_last,exec_shove,boolean_xor,boolean_yankdup,boolean_frominteger,exec_yank,vector_integer_indexof,vector_integer_length,integer_div,integer_mult,integer_min,integer_flush,integer_yank,vector_integer_set,integer_max,exec_dup,exec_k,exec_noop,exec_s,exec_y,boolean_rot,vector_integer_stackdepth,integer_yankdup,vector_integer_remove,vector_integer_empty,boolean_stackdepth,exec_do*times,integer_shove,vector_integer_nth,boolean_dup,boolean_not,integer_dup,boolean_flush,boolean_pop,exec_swap,boolean_swap,integer_add,exec_flush,integer_mod,integer_inc,boolean_invert_first_then_and,exec_rot,vector_integer_contains,integer_pop,exec_pop,vector_integer_eq,vector_integer_take,boolean_invert_second_then_and,integer_sub,vector_integer_rot,boolean_yank,integer_stackdepth,integer_dec,integer_gt,vector_integer_butlast,in1,vector_integer_pop,integer_lte,vector_integer_first,boolean_eq,exec_if,vector_integer_replace,exec_empty,exec_do*count,vector_integer_conj,exec_while,integer_fromboolean,integer_empty,vector_integer_dup
0.0167921359974,0.0152261278089,0.00390558668704,0.00901869776042,0.0168864738401,0.00418860021509,0.0034150299051,0.0173958981906,0.00496217052508,0.0132072979755,0.00830173015603,0.00503764079923,0.0151506575348,0.00711307333824,0.00632063545971,0.0156789494538,0.0136035169148,0.0123582573914,0.0115469519443,0.0086979490953,0.0106601762231,0.0125091979397,0.0122261844116,0.0136789871889,0.0120563762948,0.0108865870455,0.0183392766174,0.00977340050188,0.0144714250675,0.0140940736967,0.00815078960774,0.0110186600253,0.0145846304787,0.0129620195845,0.00637723816532,0.0173958981906,0.0186222901455,0.00273579743778,0.0172449576423,0.0105281032433,0.00705647063263,0.0136601196204,0.00837720043018,0.0102262221468,0.0133582385238,0.0121507141375,0.00683005981019,0.0097356653648,0.0112073357106,0.0158298900021,0.012697873625,0.00303767853437,0.0106601762231,0.0134148412294,0.0122827871172,0.0166411954491,0.00718854361238,0.00930171128847,0.016811003566,0.0162449765099,0.00958472481651,0.0143393520877,0.00550933001264,0.0152072602404,0.0150751872606,0.00783004094262,0.011150733005,0.0187354955567,0.0134148412294,0.0105658383804,0.00405652723534,0.0155280089055,0.0101318843041,0.00533952189581,0.0142072791079,0.0145468953416,0.0113016735533,0.00426407048924,0.0113582762589,0.00532065432728,0.00454708401728,0.012414860097,0.0110375275938,0.0113582762589,0.0187354955567,0.011641289787,0.0115092168072,0.00749042470897,0.0123016546858,0.00407539480387,0.0132072979755,0.0129242844475,0.0156412143167,0.0179996603838,0.00635837059678,0.014245014245,0.0104526329692,0.0128299466048
Gen 53
exec_eq,integer_swap,integer_gte,boolean_shove,boolean_and,vector_integer_flush,integer_lt,vector_integer_pushall,exec_do*vector_integer,vector_integer_reverse,vector_integer_concat,vector_integer_occurrencesof,vector_integer_subvec,integer_eq,vector_integer_yankdup,exec_yankdup,vector_integer_yank,vector_integer_swap,vector_integer_shove,exec_when,vector_integer_rest,boolean_or,boolean_empty,vector_integer_emptyvector,exec_do*while,integer_rot,exec_stackdepth,exec_do*range,vector_integer_replacefirst,vector_integer_last,exec_shove,boolean_xor,boolean_yankdup,boolean_frominteger,exec_yank,vector_integer_indexof,vector_integer_length,integer_div,integer_mult,integer_min,integer_flush,integer_yank,vector_integer_set,integer_max,exec_dup,exec_k,exec_noop,exec_s,exec_y,boolean_rot,vector_integer_stackdepth,integer_yankdup,vector_integer_remove,vector_integer_empty,boolean_stackdepth,exec_do*times,integer_shove,vector_integer_nth,boolean_dup,boolean_not,integer_dup,boolean_flush,boolean_pop,exec_swap,boolean_swap,integer_add,exec_flush,integer_mod,integer_inc,boolean_invert_first_then_and,exec_rot,vector_integer_contains,integer_pop,exec_pop,vector_integer_eq,vector_integer_take,boolean_invert_second_then_and,integer_sub,vector_integer_rot,boolean_yank,integer_stackdepth,integer_dec,integer_gt,vector_integer_butlast,in1,vector_integer_pop,integer_lte,vector_integer_first,boolean_eq,exec_if,vector_integer_replace,exec_empty,exec_do*count,vector_integer_conj,exec_while,integer_fromboolean,integer_empty,vector_integer_dup
0.0166108035036,0.0147960222959,0.0045184348438,0.00822206996167,0.0164256217477,0.00438880761467,0.00331475343049,0.0175737486343,0.00527768004296,0.0122405140646,0.00822206996167,0.00492583470676,0.0150923131053,0.00655543415863,0.00548137997444,0.0150552767541,0.0133886409511,0.0116294142701,0.0112960871095,0.00890724245847,0.0103886965056,0.0118886687284,0.0124071776449,0.0133516045999,0.0119442232551,0.0107035054906,0.0180552211996,0.00975907853558,0.0139997407455,0.0136108590582,0.00775911557193,0.0102035147497,0.0138330771652,0.0125553230496,0.00603692524213,0.0168145034351,0.0181478120776,0.00281476268958,0.0167959852595,0.0101294420474,0.00698135219718,0.0137775226385,0.00864798800022,0.010147960223,0.0134997500046,0.0114442325142,0.00661098868539,0.00959241495528,0.0106479509639,0.0161478491139,0.0119812596063,0.00327771707931,0.0102405511009,0.0136478954093,0.0120368141331,0.0165737671525,0.006944315846,0.00975907853558,0.0164441399233,0.0156293401974,0.00940723319939,0.0144626951353,0.00570359808152,0.0144812133109,0.0148145404715,0.0076480065184,0.0114627506898,0.0184255847114,0.0134071591267,0.0101664783985,0.00490731653118,0.0157404492509,0.0101294420474,0.0053887890965,0.013888631692,0.0143330679061,0.0104998055592,0.00433325308791,0.0116479324457,0.00507398011148,0.00442584396585,0.0124256958204,0.0105368419103,0.0113146052851,0.0183885483602,0.0115738597433,0.0120368141331,0.0074628247625,0.0124812503472,0.00422214403437,0.0135182681802,0.0128330956834,0.0147219495935,0.0177589303902,0.00672209773893,0.0141478861503,0.0109072054221,0.0122960685913
Gen 54
exec_eq,integer_swap,integer_gte,boolean_shove,boolean_and,vector_integer_flush,integer_lt,vector_integer_pushall,exec_do*vector_integer,vector_integer_reverse,vector_integer_concat,vector_integer_occurrencesof,vector_integer_subvec,integer_eq,vector_integer_yankdup,exec_yankdup,vector_integer_yank,vector_integer_swap,vector_integer_shove,exec_when,vector_integer_rest,boolean_or,boolean_empty,vector_integer_emptyvector,exec_do*while,integer_rot,exec_stackdepth,exec_do*range,vector_integer_replacefirst,vector_integer_last,exec_shove,boolean_xor,boolean_yankdup,boolean_frominteger,exec_yank,vector_integer_indexof,vector_integer_length,integer_div,integer_mult,integer_min,integer_flush,integer_yank,vector_integer_set,integer_max,exec_dup,exec_k,exec_noop,exec_s,exec_y,boolean_rot,vector_integer_stackdepth,integer_yankdup,vector_integer_remove,vector_integer_empty,boolean_stackdepth,exec_do*times,integer_shove,vector_integer_nth,boolean_dup,boolean_not,integer_dup,boolean_flush,boolean_pop,exec_swap,boolean_swap,integer_add,exec_flush,integer_mod,integer_inc,boolean_invert_first_then_and,exec_rot,vector_integer_contains,integer_pop,exec_pop,vector_integer_eq,vector_integer_take,boolean_invert_second_then_and,integer_sub,vector_integer_rot,boolean_yank,integer_stackdepth,integer_dec,integer_gt,vector_integer_butlast,in1,vector_integer_pop,integer_lte,vector_integer_first,boolean_eq,exec_if,vector_integer_replace,exec_empty,exec_do*count,vector_integer_conj,exec_while,integer_fromboolean,integer_empty,vector_integer_dup
0.0161451609971,0.01414519736,0.00418174215014,0.00790894711005,0.0160360720714,0.00443628297667,0.00307267140597,0.0174360466173,0.00490900165452,0.0122543226487,0.00794531008527,0.005072635043,0.0142724677733,0.00590898347303,0.00607261686151,0.0145088271122,0.0132361229796,0.0119634188469,0.0109088925656,0.0079998545481,0.0106361702514,0.0119997818221,0.0119997818221,0.0135815712442,0.0119634188469,0.0104361738877,0.0176724059563,0.00909074380466,0.0139815639716,0.0129634006654,0.00763622479591,0.0103089034745,0.0132543044672,0.0131088525663,0.00672715041545,0.0167451500882,0.017963309758,0.00274540462901,0.016472427774,0.00992709223469,0.00674533190306,0.0135452082689,0.00869075107725,0.0105088998382,0.0126179524009,0.010890711078,0.00612716132434,0.00869075107725,0.0104361738877,0.0155997163688,0.0116543335576,0.00294540099271,0.010054362648,0.0133997563681,0.0111452519045,0.0161997054599,0.00689078380393,0.00969073289577,0.0157633497573,0.0155269904184,0.00945437355684,0.0149633643025,0.00589080198542,0.0142906492609,0.0145997345503,0.00710896165524,0.0112543408302,0.0180905801713,0.0136724786822,0.0101089071108,0.00501809058017,0.0151633606662,0.0103816294249,0.00518172396866,0.0135633897565,0.0143633752114,0.0100907256232,0.00450900892711,0.0117997854584,0.00459991636516,0.0042908310758,0.0123634115743,0.00961800694533,0.0120361447974,0.0180542171961,0.0112907038054,0.0111634333921,0.0077998581844,0.0121088707478,0.00416356066253,0.0129997636407,0.0125997709133,0.0143451937238,0.0171633243032,0.00689078380393,0.0140724714096,0.0108543481028,0.0121270522354
Gen 55
exec_eq,integer_swap,integer_gte,boolean_shove,boolean_and,vector_integer_flush,integer_lt,vector_integer_pushall,exec_do*vector_integer,vector_integer_reverse,vector_integer_concat,vector_integer_occurrencesof,vector_integer_subvec,integer_eq,vector_integer_yankdup,exec_yankdup,vector_integer_yank,vector_integer_swap,vector_integer_shove,exec_when,vector_integer_rest,boolean_or,boolean_empty,vector_integer_emptyvector,exec_do*while,integer_rot,exec_stackdepth,exec_do*range,vector_integer_replacefirst,vector_integer_last,exec_shove,boolean_xor,boolean_yankdup,boolean_frominteger,exec_yank,vector_integer_indexof,vector_integer_length,integer_div,integer_mult,integer_min,integer_flush,integer_yank,vector_integer_set,integer_max,exec_dup,exec_k,exec_noop,exec_s,exec_y,boolean_rot,vector_integer_stackdepth,integer_yankdup,vector_integer_remove,vector_integer_empty,boolean_stackdepth,exec_do*times,integer_shove,vector_integer_nth,boolean_dup,boolean_not,integer_dup,boolean_flush,boolean_pop,exec_swap,boolean_swap,integer_add,exec_flush,integer_mod,integer_inc,boolean_invert_first_then_and,exec_rot,vector_integer_contains,integer_pop,exec_pop,vector_integer_eq,vector_integer_take,boolean_invert_second_then_and,integer_sub,vector_integer_rot,boolean_yank,integer_stackdepth,integer_dec,integer_gt,vector_integer_butlast,in1,vector_integer_pop,integer_lte,vector_integer_first,boolean_eq,exec_if,vector_integer_replace,exec_empty,exec_do*count,vector_integer_conj,exec_while,integer_fromboolean,integer_empty,vector_integer_dup
0.0159282869949,0.0134819021089,0.0046070605882,0.0082498526812,0.0153925822753,0.00451777646828,0.00332136926126,0.0171068373779,0.00499991071588,0.0123569221978,0.00807128444135,0.00478562882806,0.0143568864842,0.00589275191514,0.00560704273138,0.0139104658845,0.0128211996214,0.012089069838,0.0101426760236,0.00762486384172,0.00974982589597,0.0114640809986,0.0112855127587,0.0127497723255,0.0125354904377,0.0104462420314,0.0173925465617,0.00853556186497,0.0132140497491,0.0122854949019,0.00796414349744,0.0107498080391,0.0128747700934,0.0132854770451,0.00662488169854,0.0164997053624,0.0175175443296,0.00307137372547,0.0161425688827,0.0095891144801,0.00637488616275,0.0128569132694,0.00857127551294,0.0104283852074,0.0120712130141,0.0103391010875,0.0059463223871,0.00862484598489,0.0110355172229,0.0152675845074,0.010946233103,0.00289280548562,0.0101069623757,0.0132854770451,0.0113926537026,0.0159997142908,0.00685702041035,0.00953554400814,0.0155175800432,0.0152140140355,0.0087319869288,0.0141068909484,0.00569632685131,0.0140354636524,0.0142140318923,0.00726772736201,0.0105176693273,0.0177318262174,0.013356904341,0.0104283852074,0.0052141926037,0.0147497366118,0.0101426760236,0.00492848341994,0.013392617989,0.0138033249406,0.0099462509598,0.00453563329226,0.0115176514705,0.00441063552437,0.00428563775647,0.0123747790218,0.00955340083213,0.0118212174783,0.0177853966893,0.0102319601436,0.0103033874395,0.00737486830592,0.0123033517259,0.00373207621292,0.0126247745576,0.0122140676059,0.0140176068284,0.0165889894823,0.00623203157086,0.0136604703487,0.0105176693273,0.0120712130141
Gen 56
exec_eq,integer_swap,integer_gte,boolean_shove,boolean_and,vector_integer_flush,integer_lt,vector_integer_pushall,exec_do*vector_integer,vector_integer_reverse,vector_integer_concat,vector_integer_occurrencesof,vector_integer_subvec,integer_eq,vector_integer_yankdup,exec_yankdup,vector_integer_yank,vector_integer_swap,vector_integer_shove,exec_when,vector_integer_rest,boolean_or,boolean_empty,vector_integer_emptyvector,exec_do*while,integer_rot,exec_stackdepth,exec_do*range,vector_integer_replacefirst,vector_integer_last,exec_shove,boolean_xor,boolean_yankdup,boolean_frominteger,exec_yank,vector_integer_indexof,vector_integer_length,integer_div,integer_mult,integer_min,integer_flush,integer_yank,vector_integer_set,integer_max,exec_dup,exec_k,exec_noop,exec_s,exec_y,boolean_rot,vector_integer_stackdepth,integer_yankdup,vector_integer_remove,vector_integer_empty,boolean_stackdepth,exec_do*times,integer_shove,vector_integer_nth,boolean_dup,boolean_not,integer_dup,boolean_flush,boolean_pop,exec_swap,boolean_swap,integer_add,exec_flush,integer_mod,integer_inc,boolean_invert_first_then_and,exec_rot,vector_integer_contains,integer_pop,exec_pop,vector_integer_eq,vector_integer_take,boolean_invert_second_then_and,integer_sub,vector_integer_rot,boolean_yank,integer_stackdepth,integer_dec,integer_gt,vector_integer_butlast,in1,vector_integer_pop,integer_lte,vector_integer_first,boolean_eq,exec_if,vector_integer_replace,exec_empty,exec_do*count,vector_integer_conj,exec_while,integer_fromboolean,integer_empty,vector_integer_dup
0.0157190224733,0.014034841494,0.00407010403326,0.00740337888809,0.0152979772285,0.004105191137,0.00326310064736,0.0166312871704,0.0048069332117,0.011526113577,0.00777179347731,0.00461395414116,0.0140699285977,0.00594726408309,0.00489465097104,0.0134208171786,0.0124208347222,0.0118243539587,0.00942088735285,0.0076139015105,0.00998228101261,0.0119296152699,0.0115436571288,0.013368186523,0.0119997894774,0.010192803635,0.0170347888634,0.00829810003333,0.0137015140085,0.0119296152699,0.00805249030719,0.0104033262574,0.0122453992035,0.0122278556517,0.00650865774285,0.0160698935106,0.0173681163488,0.00287714250627,0.0159821757513,0.00957877931966,0.00650865774285,0.0130173154857,0.00866651462255,0.0100349116682,0.0125611831371,0.0104384133612,0.00563148014947,0.00835073068894,0.0102980649462,0.0148418448799,0.0104384133612,0.00278942474693,0.00984193259767,0.0133330994193,0.0112454167471,0.0156137611621,0.00684198522833,0.00921036473044,0.0154383256434,0.0145085173944,0.00880686303749,0.0141050157015,0.00577182856441,0.0137541446641,0.0136137962492,0.00682444167646,0.0106840230873,0.0174032034526,0.0134383607305,0.0096138664234,0.00507008648971,0.014438343187,0.0103682391537,0.00466658479676,0.0130348590376,0.0135611655936,0.00942088735285,0.00426308310381,0.0113331345064,0.00450869282995,0.00392975561832,0.0121401378923,0.00905247276364,0.011122611884,0.01747337766,0.0109120892616,0.00956123576779,0.00714022561008,0.0122103120998,0.00328064419922,0.0122804863073,0.0124559218259,0.0135787091455,0.0161926983737,0.00587708987562,0.0136137962492,0.0101577165313,0.0116313748882
Gen 57
exec_eq,integer_swap,integer_gte,boolean_shove,boolean_and,vector_integer_flush,integer_lt,vector_integer_pushall,exec_do*vector_integer,vector_integer_reverse,vector_integer_concat,vector_integer_occurrencesof,vector_integer_subvec,integer_eq,vector_integer_yankdup,exec_yankdup,vector_integer_yank,vector_integer_swap,vector_integer_shove,exec_when,vector_integer_rest,boolean_or,boolean_empty,vector_integer_emptyvector,exec_do*while,integer_rot,exec_stackdepth,exec_do*range,vector_integer_replacefirst,vector_integer_last,exec_shove,boolean_xor,boolean_yankdup,boolean_frominteger,exec_yank,vector_integer_indexof,vector_integer_length,integer_div,integer_mult,integer_min,integer_flush,integer_yank,vector_integer_set,integer_max,exec_dup,exec_k,exec_noop,exec_s,exec_y,boolean_rot,vector_integer_stackdepth,integer_yankdup,vector_integer_remove,vector_integer_empty,boolean_stackdepth,exec_do*times,integer_shove,vector_integer_nth,boolean_dup,boolean_not,integer_dup,boolean_flush,boolean_pop,exec_swap,boolean_swap,integer_add,exec_flush,integer_mod,integer_inc,boolean_invert_first_then_and,exec_rot,vector_integer_contains,integer_pop,exec_pop,vector_integer_eq,vector_integer_take,boolean_invert_second_then_and,integer_sub,vector_integer_rot,boolean_yank,integer_stackdepth,integer_dec,integer_gt,vector_integer_butlast,in1,vector_integer_pop,integer_lte,vector_integer_first,boolean_eq,exec_if,vector_integer_replace,exec_empty,exec_do*count,vector_integer_conj,exec_while,integer_fromboolean,integer_empty,vector_integer_dup
0.0151376700402,0.0133445975069,0.00394820778952,0.00699987931243,0.0151721522043,0.00443095808693,0.00334476991776,0.0165514387683,0.00467233323563,0.0107929173635,0.00753435285599,0.00437923484078,0.013723901312,0.0055171462561,0.00570679815865,0.0132066688505,0.0118446233686,0.0118101412045,0.00970672919432,0.00799986207134,0.0100687919174,0.0116204893019,0.011637730384,0.0132239099326,0.0115515249737,0.00974121135842,0.0167238495888,0.00729297770728,0.0131377045223,0.0116722125481,0.00713780796883,0.0112239444148,0.0126377131429,0.0119308287788,0.00665505767142,0.0154997327632,0.0170514301478,0.00306891260496,0.0155342149273,0.00925846106102,0.00672402199962,0.0131032223582,0.00868950535336,0.0101032740815,0.0122928915019,0.00955155945587,0.00567231599455,0.00770676367649,0.0103274081481,0.0145514732505,0.0106549887071,0.0028102963742,0.00989638109688,0.0129308115377,0.0107067119532,0.0153273219427,0.00705160255858,0.00929294322512,0.0149997413838,0.0138790710505,0.008223996138,0.0138445888864,0.00587920897916,0.0134480439992,0.0134480439992,0.00667229875347,0.0107584351994,0.0170341890657,0.0128790882916,0.00912053240461,0.00556886950225,0.0144480267582,0.0105687832968,0.00493094946639,0.0129997758659,0.0134308029172,0.00927570214307,0.00379303805107,0.0111204979224,0.00406889536387,0.00379303805107,0.011999793107,0.00903432699436,0.011292908743,0.0172065998862,0.010620506543,0.00913777348666,0.00691367390217,0.0124653023224,0.00334476991776,0.0124308201583,0.0128618472095,0.013723901312,0.0158273133222,0.00646540576887,0.0131377045223,0.0101722384097,0.011982552025
Gen 58
exec_eq,integer_swap,integer_gte,boolean_shove,boolean_and,vector_integer_flush,integer_lt,vector_integer_pushall,exec_do*vector_integer,vector_integer_reverse,vector_integer_concat,vector_integer_occurrencesof,vector_integer_subvec,integer_eq,vector_integer_yankdup,exec_yankdup,vector_integer_yank,vector_integer_swap,vector_integer_shove,exec_when,vector_integer_rest,boolean_or,boolean_empty,vector_integer_emptyvector,exec_do*while,integer_rot,exec_stackdepth,exec_do*range,vector_integer_replacefirst,vector_integer_last,exec_shove,boolean_xor,boolean_yankdup,boolean_frominteger,exec_yank,vector_integer_indexof,vector_integer_length,integer_div,integer_mult,integer_min,integer_flush,integer_yank,vector_integer_set,integer_max,exec_dup,exec_k,exec_noop,exec_s,exec_y,boolean_rot,vector_integer_stackdepth,integer_yankdup,vector_integer_remove,vector_integer_empty,boolean_stackdepth,exec_do*times,integer_shove,vector_integer_nth,boolean_dup,boolean_not,integer_dup,boolean_flush,boolean_pop,exec_swap,boolean_swap,integer_add,exec_flush,integer_mod,integer_inc,boolean_invert_first_then_and,exec_rot,vector_integer_contains,integer_pop,exec_pop,vector_integer_eq,vector_integer_take,boolean_invert_second_then_and,integer_sub,vector_integer_rot,boolean_yank,integer_stackdepth,integer_dec,integer_gt,vector_integer_butlast,in1,vector_integer_pop,integer_lte,vector_integer_first,boolean_eq,exec_if,vector_integer_replace,exec_empty,exec_do*count,vector_integer_conj,exec_while,integer_fromboolean,integer_empty,vector_integer_dup
0.0149658480365,0.0130845239911,0.00372875036016,0.00666090405247,0.0149150014407,0.00477958000712,0.00305079574922,0.0161861663362,0.00477958000712,0.0107625294487,0.00791512008271,0.00464398908493,0.0136099388146,0.00561007440552,0.00599989830681,0.013203166048,0.0116777681734,0.0119150522872,0.00976254639752,0.00738970525923,0.00988118845443,0.0118472568262,0.0118642056914,0.0130336773953,0.011711665904,0.00898289859494,0.016609887968,0.00688123930103,0.0130506262606,0.0114404840596,0.00674564837884,0.0112031999458,0.0126269046287,0.0118811545567,0.006321926747,0.0156099049169,0.016796325486,0.00330502872833,0.015559058321,0.00911848951713,0.00654226199556,0.0128133421467,0.00901679632549,0.00950831341842,0.0117794613651,0.00949136455314,0.00544058575278,0.00752529618142,0.00983034185861,0.0142709445603,0.0100337282419,0.00288130709649,0.00988118845443,0.0129828307995,0.0101354214335,0.0153048253419,0.0074744495856,0.00874561448111,0.0151522855545,0.0138302740632,0.00903374519076,0.0133218081049,0.00620328469009,0.0132370637786,0.013576041084,0.00703377908849,0.0110167624278,0.0168471720818,0.0127963932815,0.00920323384349,0.00477958000712,0.0143387400214,0.010474398739,0.00515245504313,0.0127116489551,0.0134743478924,0.00840663717564,0.00396603447399,0.011220148811,0.00471178454602,0.00349146624633,0.0121184386705,0.0088812054033,0.0115591261165,0.0169149675429,0.0105760919306,0.00850833036728,0.00633887561228,0.0123387739191,0.00325418213251,0.0122201318622,0.0128641887426,0.0130336773953,0.0155082117252,0.00611854036372,0.0134065524313,0.010287961221,0.0111693022152
Gen 59
exec_eq,integer_swap,integer_gte,boolean_shove,boolean_and,vector_integer_flush,integer_lt,vector_integer_pushall,exec_do*vector_integer,vector_integer_reverse,vector_integer_concat,vector_integer_occurrencesof,vector_integer_subvec,integer_eq,vector_integer_yankdup,exec_yankdup,vector_integer_yank,vector_integer_swap,vector_integer_shove,exec_when,vector_integer_rest,boolean_or,boolean_empty,vector_integer_emptyvector,exec_do*while,integer_rot,exec_stackdepth,exec_do*range,vector_integer_replacefirst,vector_integer_last,exec_shove,boolean_xor,boolean_yankdup,boolean_frominteger,exec_yank,vector_integer_indexof,vector_integer_length,integer_div,integer_mult,integer_min,integer_flush,integer_yank,vector_integer_set,integer_max,exec_dup,exec_k,exec_noop,exec_s,exec_y,boolean_rot,vector_integer_stackdepth,integer_yankdup,vector_integer_remove,vector_integer_empty,boolean_stackdepth,exec_do*times,integer_shove,vector_integer_nth,boolean_dup,boolean_not,integer_dup,boolean_flush,boolean_pop,exec_swap,boolean_swap,integer_add,exec_flush,integer_mod,integer_inc,boolean_invert_first_then_and,exec_rot,vector_integer_contains,integer_pop,exec_pop,vector_integer_eq,vector_integer_take,boolean_invert_second_then_and,integer_sub,vector_integer_rot,boolean_yank,integer_stackdepth,integer_dec,integer_gt,vector_integer_butlast,in1,vector_integer_pop,integer_lte,vector_integer_first,boolean_eq,exec_if,vector_integer_replace,exec_empty,exec_do*count,vector_integer_conj,exec_while,integer_fromboolean,integer_empty,vector_integer_dup
0.0144164263929,0.0128164530591,0.00403326611223,0.00628322861286,0.0148164197263,0.00533324444593,0.00356660722321,0.0158330694488,0.0046165897235,0.0106331561141,0.00789986833553,0.00471658805687,0.0133497775037,0.00594990083499,0.00581656972384,0.0134497758371,0.0110998150031,0.0114831419476,0.00959984000267,0.00669988833519,0.00996650055832,0.01189980167,0.0115498075032,0.0131997800037,0.0114664755587,0.00903318278029,0.0163830602823,0.00691655139081,0.0130831152814,0.0114164763921,0.00681655305745,0.00998316694722,0.0121831302812,0.0116164730588,0.00661655639073,0.0154497425043,0.0164997250046,0.00316661388977,0.0150830819486,0.00936651055816,0.00663322277962,0.0123831269479,0.00886651889135,0.00986650222496,0.0120664655589,0.00933317778037,0.00581656972384,0.00734987750204,0.00969983833603,0.0141164313928,0.0103164947251,0.00293328444526,0.00948317528041,0.0127331211146,0.0105498241696,0.014866418893,0.00756654055766,0.00833319444676,0.0148830852819,0.0133331111148,0.00808319861336,0.0126331227813,0.00624989583507,0.0133664438926,0.013299778337,0.00688321861302,0.0107831536141,0.0164830586157,0.0129997833369,0.00914984750254,0.00471658805687,0.014249762504,0.0104998250029,0.0051332477792,0.0128164530591,0.013616439726,0.0087331877802,0.00426659555674,0.0112831452809,0.0043665938901,0.00339994333428,0.012833119448,0.00881651972467,0.0111664805587,0.0166497225046,0.0102664955584,0.00859985666906,0.00631656139064,0.0116664722255,0.00354994083432,0.0119164680589,0.0126497891702,0.0125497908368,0.0152997450042,0.0059165680572,0.0125664572257,0.010649822503,0.0107831536141
Gen 60
exec_eq,integer_swap,integer_gte,boolean_shove,boolean_and,vector_integer_flush,integer_lt,vector_integer_pushall,exec_do*vector_integer,vector_integer_reverse,vector_integer_concat,vector_integer_occurrencesof,vector_integer_subvec,integer_eq,vector_integer_yankdup,exec_yankdup,vector_integer_yank,vector_integer_swap,vector_integer_shove,exec_when,vector_integer_rest,boolean_or,boolean_empty,vector_integer_emptyvector,exec_do*while,integer_rot,exec_stackdepth,exec_do*range,vector_integer_replacefirst,vector_integer_last,exec_shove,boolean_xor,boolean_yankdup,boolean_frominteger,exec_yank,vector_integer_indexof,vector_integer_length,integer_div,integer_mult,integer_min,integer_flush,integer_yank,vector_integer_set,integer_max,exec_dup,exec_k,exec_noop,exec_s,exec_y,boolean_rot,vector_integer_stackdepth,integer_yankdup,vector_integer_remove,vector_integer_empty,boolean_stackdepth,exec_do*times,integer_shove,vector_integer_nth,boolean_dup,boolean_not,integer_dup,boolean_flush,boolean_pop,exec_swap,boolean_swap,integer_add,exec_flush,integer_mod,integer_inc,boolean_invert_first_then_and,exec_rot,vector_integer_contains,integer_pop,exec_pop,vector_integer_eq,vector_integer_take,boolean_invert_second_then_and,integer_sub,vector_integer_rot,boolean_yank,integer_stackdepth,integer_dec,integer_gt,vector_integer_butlast,in1,vector_integer_pop,integer_lte,vector_integer_first,boolean_eq,exec_if,vector_integer_replace,exec_empty,exec_do*count,vector_integer_conj,exec_while,integer_fromboolean,integer_empty,vector_integer_dup
0.0143932066687,0.0124915984984,0.00388518221013,0.00588514942378,0.0148358223636,0.00485237946919,0.00340978016754,0.0154587629711,0.00459008868707,0.0108522811101,0.00775397124637,0.00454090916542,0.0128850346716,0.00573761085884,0.00578679038049,0.0133932230619,0.0113604695005,0.0112129309356,0.00955722037344,0.00659005590072,0.0100818019377,0.0117211193259,0.0121473418469,0.0132128981492,0.0114752217177,0.00878674120096,0.0160161308831,0.00693431255225,0.0127211029327,0.010868674284,0.00608186751037,0.00950804085179,0.0114916148916,0.0108850674579,0.00647530368355,0.0152456517106,0.0162620284913,0.00280323273389,0.0152948312323,0.00929492959132,0.00665562859625,0.0126063507156,0.00898345928755,0.00978672480779,0.012262094064,0.0090326388092,0.00545892690284,0.00668841494402,0.00957361354732,0.0136063343224,0.0106555630236,0.00329502795036,0.00872116850543,0.0123604531073,0.0101309814593,0.0142784544516,0.00750807363814,0.00793429615908,0.014770249668,0.0129506073671,0.00831133915837,0.0123604531073,0.00652448320519,0.0132620776709,0.0131309322798,0.00718021016049,0.0110817855445,0.0162620284913,0.0126719234111,0.00878674120096,0.00432779790495,0.0136883001918,0.0105572039803,0.00499991803413,0.012262094064,0.0135407616269,0.00891788659202,0.00380321634072,0.0109834265012,0.00508188390354,0.00359010508024,0.0126555302372,0.00878674120096,0.010868674284,0.0163767807085,0.0103932722414,0.00836051868002,0.00596711529319,0.0117539056737,0.00347535286307,0.0119342305864,0.0128522483238,0.0119178374125,0.0149505745807,0.00573761085884,0.012130948673,0.0110653923706,0.0106555630236
Gen 61
exec_eq,integer_swap,integer_gte,boolean_shove,boolean_and,vector_integer_flush,integer_lt,vector_integer_pushall,exec_do*vector_integer,vector_integer_reverse,vector_integer_concat,vector_integer_occurrencesof,vector_integer_subvec,integer_eq,vector_integer_yankdup,exec_yankdup,vector_integer_yank,vector_integer_swap,vector_integer_shove,exec_when,vector_integer_rest,boolean_or,boolean_empty,vector_integer_emptyvector,exec_do*while,integer_rot,exec_stackdepth,exec_do*range,vector_integer_replacefirst,vector_integer_last,exec_shove,boolean_xor,boolean_yankdup,boolean_frominteger,exec_yank,vector_integer_indexof,vector_integer_length,integer_div,integer_mult,integer_min,integer_flush,integer_yank,vector_integer_set,integer_max,exec_dup,exec_k,exec_noop,exec_s,exec_y,boolean_rot,vector_integer_stackdepth,integer_yankdup,vector_integer_remove,vector_integer_empty,boolean_stackdepth,exec_do*times,integer_shove,vector_integer_nth,boolean_dup,boolean_not,integer_dup,boolean_flush,boolean_pop,exec_swap,boolean_swap,integer_add,exec_flush,integer_mod,integer_inc,boolean_invert_first_then_and,exec_rot,vector_integer_contains,integer_pop,exec_pop,vector_integer_eq,vector_integer_take,boolean_invert_second_then_and,integer_sub,vector_integer_rot,boolean_yank,integer_stackdepth,integer_dec,integer_gt,vector_integer_butlast,in1,vector_integer_pop,integer_lte,vector_integer_first,boolean_eq,exec_if,vector_integer_replace,exec_empty,exec_do*count,vector_integer_conj,exec_while,integer_fromboolean,integer_empty,vector_integer_dup
0.0141933194626,0.0126610861115,0.00348381477718,0.00585474427832,0.0148545991194,0.00475798777439,0.00345155723295,0.0149997580684,0.00451605619264,0.0108062773181,0.00756439412268,0.00424186706666,0.0122739955807,0.00472573023016,0.00582248673408,0.0131933355914,0.0113062692537,0.0114352994307,0.00883856711989,0.0057418428735,0.00987080853535,0.0112578829374,0.011757874873,0.0125643134788,0.0117417461009,0.00867727939872,0.0156771664973,0.00627409235335,0.0121933517201,0.0108224060902,0.0054515249754,0.00922565765068,0.011209496621,0.0104353155594,0.0066127965678,0.0149029854357,0.0159674843954,0.0025322172223,0.014806212803,0.00920952887857,0.00672569797261,0.0123062531249,0.00911275624587,0.0092417864228,0.0121610941759,0.0094353316882,0.00485476040709,0.00609667586007,0.00987080853535,0.0130159190981,0.0103869292431,0.00316123933485,0.00849986290544,0.0116449734682,0.0101288688892,0.0139836454251,0.00745149271786,0.00756439412268,0.0144997661328,0.0129514040096,0.0086611506266,0.0121933517201,0.0066127965678,0.0134997822616,0.0130804341865,0.00719343236399,0.0110320801277,0.0159836131675,0.0126772148836,0.00937081659973,0.00414509443396,0.0128546313769,0.0102256415219,0.00462895759746,0.0117417461009,0.0130804341865,0.00879018080354,0.00361284495411,0.0112578829374,0.00479024531862,0.00383864776375,0.0125804422509,0.00867727939872,0.0110159513556,0.0160803858002,0.0102740278383,0.00829018886792,0.00580635796197,0.0111449815326,0.00337091337236,0.0118707762778,0.0125643134788,0.011903033822,0.0146449250819,0.00530636602635,0.012032063999,0.0106933759133,0.0104514443315
Gen 62
exec_eq,integer_swap,integer_gte,boolean_shove,boolean_and,vector_integer_flush,integer_lt,vector_integer_pushall,exec_do*vector_integer,vector_integer_reverse,vector_integer_concat,vector_integer_occurrencesof,vector_integer_subvec,integer_eq,vector_integer_yankdup,exec_yankdup,vector_integer_yank,vector_integer_swap,vector_integer_shove,exec_when,vector_integer_rest,boolean_or,boolean_empty,vector_integer_emptyvector,exec_do*while,integer_rot,exec_stackdepth,exec_do*range,vector_integer_replacefirst,vector_integer_last,exec_shove,boolean_xor,boolean_yankdup,boolean_frominteger,exec_yank,vector_integer_indexof,vector_integer_length,integer_div,integer_mult,integer_min,integer_flush,integer_yank,vector_integer_set,integer_max,exec_dup,exec_k,exec_noop,exec_s,exec_y,boolean_rot,vector_integer_stackdepth,integer_yankdup,vector_integer_remove,vector_integer_empty,boolean_stackdepth,exec_do*times,integer_shove,vector_integer_nth,boolean_dup,boolean_not,integer_dup,boolean_flush,boolean_pop,exec_swap,boolean_swap,integer_add,exec_flush,integer_mod,integer_inc,boolean_invert_first_then_and,exec_rot,vector_integer_contains,integer_pop,exec_pop,vector_integer_eq,vector_integer_take,boolean_invert_second_then_and,integer_sub,vector_integer_rot,boolean_yank,integer_stackdepth,integer_dec,integer_gt,vector_integer_butlast,in1,vector_integer_pop,integer_lte,vector_integer_first,boolean_eq,exec_if,vector_integer_replace,exec_empty,exec_do*count,vector_integer_conj,exec_while,integer_fromboolean,integer_empty,vector_integer_dup
0.0143807241155,0.0124759924446,0.00361899017476,0.00601577752734,0.0145711972826,0.00395231821717,0.00369835399438,0.0148886525611,0.00469833812162,0.0109522071078,0.00782527261472,0.00428564625958,0.0122537737496,0.00484119299694,0.00614275963874,0.0131902668212,0.0110950619831,0.0112855351502,0.00885700226981,0.00590466817987,0.0100315868002,0.0111744258028,0.0113966444977,0.0125553562642,0.0116664814844,0.00879351121411,0.0155076903541,0.00595228647164,0.0121267916382,0.0104760241901,0.00506341169188,0.00909509372867,0.0113014079142,0.0104601514262,0.0063173600419,0.0147140521579,0.0158251456326,0.00257138775575,0.0141743781845,0.00912683925652,0.00719036205775,0.0125077379724,0.00855541975524,0.00928556689576,0.01217440993,0.00868240186664,0.00450786495452,0.00598403199949,0.00941254900716,0.0130474119458,0.0104125331344,0.00301582514563,0.00801574578181,0.011555372137,0.0101109506198,0.0139839050174,0.00684116125141,0.0076824177394,0.014491833463,0.0127299566674,0.00855541975524,0.0122220282218,0.00657132426469,0.0128569387787,0.0124759924446,0.00692052507103,0.0107934794686,0.0156981635212,0.0129045570705,0.00920620307614,0.00434913731528,0.0130791574737,0.0100950778559,0.00495230234441,0.011555372137,0.0129839208901,0.00836494658815,0.00373009952223,0.0113014079142,0.00444437389883,0.00365073570261,0.0120633005825,0.00838081935207,0.0107617339407,0.0158727639244,0.0106030063015,0.00819034618498,0.00634910556975,0.0112696623863,0.00336502595197,0.0118728274154,0.0121585371661,0.0116506087205,0.0144124696433,0.00557134013746,0.0116823542483,0.0103331693148,0.00996809574451
Gen 63
exec_eq,integer_swap,integer_gte,boolean_shove,boolean_and,vector_integer_flush,integer_lt,vector_integer_pushall,exec_do*vector_integer,vector_integer_reverse,vector_integer_concat,vector_integer_occurrencesof,vector_integer_subvec,integer_eq,vector_integer_yankdup,exec_yankdup,vector_integer_yank,vector_integer_swap,vector_integer_shove,exec_when,vector_integer_rest,boolean_or,boolean_empty,vector_integer_emptyvector,exec_do*while,integer_rot,exec_stackdepth,exec_do*range,vector_integer_replacefirst,vector_integer_last,exec_shove,boolean_xor,boolean_yankdup,boolean_frominteger,exec_yank,vector_integer_indexof,vector_integer_length,integer_div,integer_mult,integer_min,integer_flush,integer_yank,vector_integer_set,integer_max,exec_dup,exec_k,exec_noop,exec_s,exec_y,boolean_rot,vector_integer_stackdepth,integer_yankdup,vector_integer_remove,vector_integer_empty,boolean_stackdepth,exec_do*times,integer_shove,vector_integer_nth,boolean_dup,boolean_not,integer_dup,boolean_flush,boolean_pop,exec_swap,boolean_swap,integer_add,exec_flush,integer_mod,integer_inc,boolean_invert_first_then_and,exec_rot,vector_integer_contains,integer_pop,exec_pop,vector_integer_eq,vector_integer_take,boolean_invert_second_then_and,integer_sub,vector_integer_rot,boolean_yank,integer_stackdepth,integer_dec,integer_gt,vector_integer_butlast,in1,vector_integer_pop,integer_lte,vector_integer_first,boolean_eq,exec_if,vector_integer_replace,exec_empty,exec_do*count,vector_integer_conj,exec_while,integer_fromboolean,integer_empty,vector_integer_dup
0.0136560366244,0.0121404353057,0.00312495117264,0.00584365869283,0.0143435258824,0.0040311870127,0.00359369384853,0.0148122685583,0.00443743066515,0.0104842111842,0.00768737988469,0.00406243652443,0.0117966906767,0.00476555053827,0.0055624130873,0.0128435493195,0.0105779597194,0.0110935766629,0.00856236621303,0.00574991015765,0.0101560913111,0.0109842033718,0.0113904470243,0.0124373056671,0.0111404509305,0.00871861377166,0.0152341369666,0.00581240918111,0.0119216887236,0.0101404665552,0.00467180200309,0.00865611474821,0.0109529538601,0.0101873408228,0.00589053296042,0.0144060249059,0.0154528835487,0.00242183715879,0.0140935297886,0.00892173559788,0.00660927173013,0.0124685551788,0.00820299682817,0.00879673755098,0.0120935610381,0.00824987109576,0.00446868017687,0.00554678833143,0.00851549194544,0.0126873017609,0.0104685864283,0.00321869970782,0.00771862939642,0.0112341994656,0.00993734472899,0.0132341682161,0.0067498945329,0.00731238574397,0.0141404040562,0.0119998125029,0.00826549585163,0.0120935610381,0.00654677270668,0.0121248105498,0.0126404274933,0.00692176684739,0.010624833987,0.0154528835487,0.0129997968782,0.00910923266824,0.00456242871205,0.0130310463899,0.00945297729723,0.00478117529414,0.0114841955594,0.0133904157748,0.00781237793159,0.00356244433681,0.0110623271511,0.00453117920032,0.00368744238371,0.0113591975125,0.00790612646677,0.0100310932642,0.0156247558632,0.00978109717036,0.00831237011922,0.00604678051905,0.0112185747098,0.00329682348713,0.011765441165,0.0117029421415,0.0107810815456,0.0138435336948,0.00578115966938,0.0109998281277,0.0100310932642,0.00968734863518
Gen 64
exec_eq,integer_swap,integer_gte,boolean_shove,boolean_and,vector_integer_flush,integer_lt,vector_integer_pushall,exec_do*vector_integer,vector_integer_reverse,vector_integer_concat,vector_integer_occurrencesof,vector_integer_subvec,integer_eq,vector_integer_yankdup,exec_yankdup,vector_integer_yank,vector_integer_swap,vector_integer_shove,exec_when,vector_integer_rest,boolean_or,boolean_empty,vector_integer_emptyvector,exec_do*while,integer_rot,exec_stackdepth,exec_do*range,vector_integer_replacefirst,vector_integer_last,exec_shove,boolean_xor,boolean_yankdup,boolean_frominteger,exec_yank,vector_integer_indexof,vector_integer_length,integer_div,integer_mult,integer_min,integer_flush,integer_yank,vector_integer_set,integer_max,exec_dup,exec_k,exec_noop,exec_s,exec_y,boolean_rot,vector_integer_stackdepth,integer_yankdup,vector_integer_remove,vector_integer_empty,boolean_stackdepth,exec_do*times,integer_shove,vector_integer_nth,boolean_dup,boolean_not,integer_dup,boolean_flush,boolean_pop,exec_swap,boolean_swap,integer_add,exec_flush,integer_mod,integer_inc,boolean_invert_first_then_and,exec_rot,vector_integer_contains,integer_pop,exec_pop,vector_integer_eq,vector_integer_take,boolean_invert_second_then_and,integer_sub,vector_integer_rot,boolean_yank,integer_stackdepth,integer_dec,integer_gt,vector_integer_butlast,in1,vector_integer_pop,integer_lte,vector_integer_first,boolean_eq,exec_if,vector_integer_replace,exec_empty,exec_do*count,vector_integer_conj,exec_while,integer_fromboolean,integer_empty,vector_integer_dup
0.013676712666,0.0119075091152,0.00310764449778,0.0057383732558,0.0140459377548,0.00392301656898,0.00356917585883,0.0144459316011,0.00507684497162,0.0103383024877,0.00684604852233,0.00436916355133,0.0117075121921,0.00478454177628,0.00472300426147,0.0125998061568,0.0102767649728,0.0107536807126,0.00861525207305,0.00507684497162,0.00978446485439,0.0105075306534,0.0107382963339,0.0119844310088,0.0111844433163,0.00856909893694,0.0150305379917,0.00589221704281,0.0118459716004,0.0102459962154,0.00458454485316,0.00890755526838,0.0105998369256,0.00966138982477,0.00621528899555,0.0142767034353,0.0152613036723,0.00229227242658,0.0140305533761,0.00881524899617,0.00667682035661,0.012076737281,0.00832294887771,0.00849217704343,0.0121844279319,0.00849217704343,0.00452300733835,0.00536914816695,0.00892293964708,0.0124613467485,0.0103075337303,0.00321533514869,0.00723065798988,0.0113229027246,0.00999984615621,0.0132151813049,0.00635374840387,0.00706142982416,0.0137690189382,0.0116921278134,0.00835371763511,0.0119228934939,0.00612298272334,0.0121844279319,0.0122767342041,0.0065845140844,0.0103536868664,0.0152920724297,0.0125998061568,0.0090767834341,0.00423070414301,0.0128921093522,0.0091075521915,0.00461531361056,0.0118921247365,0.0130459531392,0.00687681727973,0.00352302272273,0.0109844463931,0.0041076291134,0.00350763834403,0.011092137044,0.00753834556391,0.0102306118367,0.0153689943232,0.00932293349333,0.00781526438055,0.00604606082983,0.0108767557422,0.00335379455701,0.0114459777542,0.011507515269,0.0110613682866,0.0137844033169,0.00507684497162,0.0104152243812,0.00926139597852,0.00930754911463
Gen 65
exec_eq,integer_swap,integer_gte,boolean_shove,boolean_and,vector_integer_flush,integer_lt,vector_integer_pushall,exec_do*vector_integer,vector_integer_reverse,vector_integer_concat,vector_integer_occurrencesof,vector_integer_subvec,integer_eq,vector_integer_yankdup,exec_yankdup,vector_integer_yank,vector_integer_swap,vector_integer_shove,exec_when,vector_integer_rest,boolean_or,boolean_empty,vector_integer_emptyvector,exec_do*while,integer_rot,exec_stackdepth,exec_do*range,vector_integer_replacefirst,vector_integer_last,exec_shove,boolean_xor,boolean_yankdup,boolean_frominteger,exec_yank,vector_integer_indexof,vector_integer_length,integer_div,integer_mult,integer_min,integer_flush,integer_yank,vector_integer_set,integer_max,exec_dup,exec_k,exec_noop,exec_s,exec_y,boolean_rot,vector_integer_stackdepth,integer_yankdup,vector_integer_remove,vector_integer_empty,boolean_stackdepth,exec_do*times,integer_shove,vector_integer_nth,boolean_dup,boolean_not,integer_dup,boolean_flush,boolean_pop,exec_swap,boolean_swap,integer_add,exec_flush,integer_mod,integer_inc,boolean_invert_first_then_and,exec_rot,vector_integer_contains,integer_pop,exec_pop,vector_integer_eq,vector_integer_take,boolean_invert_second_then_and,integer_sub,vector_integer_rot,boolean_yank,integer_stackdepth,integer_dec,integer_gt,vector_integer_butlast,in1,vector_integer_pop,integer_lte,vector_integer_first,boolean_eq,exec_if,vector_integer_replace,exec_empty,exec_do*count,vector_integer_conj,exec_while,integer_fromboolean,integer_empty,vector_integer_dup
0.0135604006,0.0114392206179,0.00275753397676,0.00593930394994,0.0140149391676,0.00384842653899,0.00330298025787,0.0142725110226,0.00490901653005,0.0103028741989,0.00703019651217,0.00398478810927,0.0114543719035,0.00503022681475,0.00487871395888,0.0122270874684,0.00998469720156,0.0106968076241,0.00815139164558,0.0051968909562,0.00933319192133,0.0102271177709,0.0105755973394,0.011545279617,0.0112119513341,0.0086968379267,0.0147422008757,0.00568173209497,0.0114240693323,0.0100604536295,0.00459083953273,0.00895440978167,0.0102119664854,0.00937864577809,0.00627263223284,0.0138785775973,0.0150149240163,0.00212117998212,0.0136664595991,0.00862108149877,0.00674232208603,0.0117119437584,0.00818169421675,0.00786351721944,0.0118331540431,0.00803018136089,0.00433326767776,0.00522719352737,0.00887865335374,0.0118180027575,0.0100756049151,0.00343934182815,0.0074544325086,0.0106513537674,0.00969682277541,0.0129846517477,0.00587869880759,0.00728776836715,0.0136361570279,0.0108786230512,0.00836350964379,0.0119240617566,0.00571203466614,0.0119695156134,0.0119392130422,0.00609081680581,0.0104846896259,0.0150452265875,0.0119240617566,0.0086968379267,0.00404539325162,0.0125755670369,0.00872714049787,0.00410599839396,0.0116513386161,0.0130149543189,0.00674232208603,0.0031666186876,0.0107877153376,0.00384842653899,0.00337873668581,0.0106816563385,0.00734837350949,0.0104240844836,0.0151209830154,0.00921198163664,0.00771200436357,0.00646959894547,0.0102422690565,0.00322722382994,0.0116361873305,0.0111816487629,0.0110604384782,0.0135755518856,0.0053029499553,0.00995439463038,0.00871198921228,0.0089241072105
Gen 66
exec_eq,integer_swap,integer_gte,boolean_shove,boolean_and,vector_integer_flush,integer_lt,vector_integer_pushall,exec_do*vector_integer,vector_integer_reverse,vector_integer_concat,vector_integer_occurrencesof,vector_integer_subvec,integer_eq,vector_integer_yankdup,exec_yankdup,vector_integer_yank,vector_integer_swap,vector_integer_shove,exec_when,vector_integer_rest,boolean_or,boolean_empty,vector_integer_emptyvector,exec_do*while,integer_rot,exec_stackdepth,exec_do*range,vector_integer_replacefirst,vector_integer_last,exec_shove,boolean_xor,boolean_yankdup,boolean_frominteger,exec_yank,vector_integer_indexof,vector_integer_length,integer_div,integer_mult,integer_min,integer_flush,integer_yank,vector_integer_set,integer_max,exec_dup,exec_k,exec_noop,exec_s,exec_y,boolean_rot,vector_integer_stackdepth,integer_yankdup,vector_integer_remove,vector_integer_empty,boolean_stackdepth,exec_do*times,integer_shove,vector_integer_nth,boolean_dup,boolean_not,integer_dup,boolean_flush,boolean_pop,exec_swap,boolean_swap,integer_add,exec_flush,integer_mod,integer_inc,boolean_invert_first_then_and,exec_rot,vector_integer_contains,integer_pop,exec_pop,vector_integer_eq,vector_integer_take,boolean_invert_second_then_and,integer_sub,vector_integer_rot,boolean_yank,integer_stackdepth,integer_dec,integer_gt,vector_integer_butlast,in1,vector_integer_pop,integer_lte,vector_integer_first,boolean_eq,exec_if,vector_integer_replace,exec_empty,exec_do*count,vector_integer_conj,exec_while,integer_fromboolean,integer_empty,vector_integer_dup
0.0133430844316,0.0112983388308,0.00259697616453,0.00555215593797,0.0135371113864,0.00391038939717,0.00338800913419,0.0140147161983,0.00467157206609,0.0101938777033,0.00704467097506,0.00438799420904,0.0111490873271,0.0048208235698,0.00479097326906,0.0118505693945,0.0098953746959,0.0104177549589,0.00797003029806,0.0047163475172,0.00935806928255,0.00982074894405,0.0108804346204,0.0113132639811,0.0107311831167,0.00868643751586,0.0144773958598,0.00549245533649,0.0112386382293,0.00970134774108,0.0048208235698,0.00877598841808,0.00940284473366,0.00879091356845,0.00626856315577,0.0137908389427,0.0147908240176,0.00202982045044,0.0136714377397,0.00870136266623,0.00619393740392,0.0119998208982,0.00798495544843,0.00846256026029,0.0115819166878,0.00746257518544,0.0043581439083,0.0048208235698,0.0087162878166,0.0118057939434,0.00967149744034,0.00301488037492,0.0068207937195,0.0104774555604,0.00922374292921,0.0127759287175,0.00583573379502,0.00665661706542,0.0139550155968,0.0105222310115,0.0082536081551,0.0113132639811,0.00552230563723,0.0114475903345,0.0114774406352,0.00619393740392,0.0106864076656,0.0147311234161,0.0118953448456,0.00795510514768,0.00368651214161,0.0122833987552,0.00807450635065,0.00431336845719,0.011910269996,0.0127908538679,0.00691034462172,0.00319398217937,0.0110893867256,0.00373128759272,0.00341785943493,0.0108505843196,0.00634318890763,0.00973119804182,0.0149102252205,0.00922374292921,0.00776107819286,0.0059999104491,0.0102535783048,0.00298503007418,0.0116863927404,0.0108804346204,0.0103879046581,0.0130893568753,0.0044626199609,0.00977597349293,0.00880583871883,0.00902971597439
Gen 67
exec_eq,integer_swap,integer_gte,boolean_shove,boolean_and,vector_integer_flush,integer_lt,vector_integer_pushall,exec_do*vector_integer,vector_integer_reverse,vector_integer_concat,vector_integer_occurrencesof,vector_integer_subvec,integer_eq,vector_integer_yankdup,exec_yankdup,vector_integer_yank,vector_integer_swap,vector_integer_shove,exec_when,vector_integer_rest,boolean_or,boolean_empty,vector_integer_emptyvector,exec_do*while,integer_rot,exec_stackdepth,exec_do*range,vector_integer_replacefirst,vector_integer_last,exec_shove,boolean_xor,boolean_yankdup,boolean_frominteger,exec_yank,vector_integer_indexof,vector_integer_length,integer_div,integer_mult,integer_min,integer_flush,integer_yank,vector_integer_set,integer_max,exec_dup,exec_k,exec_noop,exec_s,exec_y,boolean_rot,vector_integer_stackdepth,integer_yankdup,vector_integer_remove,vector_integer_empty,boolean_stackdepth,exec_do*times,integer_shove,vector_integer_nth,boolean_dup,boolean_not,integer_dup,boolean_flush,boolean_pop,exec_swap,boolean_swap,integer_add,exec_flush,integer_mod,integer_inc,boolean_invert_first_then_and,exec_rot,vector_integer_contains,integer_pop,exec_pop,vector_integer_eq,vector_integer_take,boolean_invert_second_then_and,integer_sub,vector_integer_rot,boolean_yank,integer_stackdepth,integer_dec,integer_gt,vector_integer_butlast,in1,vector_integer_pop,integer_lte,vector_integer_first,boolean_eq,exec_if,vector_integer_replace,exec_empty,exec_do*count,vector_integer_conj,exec_while,integer_fromboolean,integer_empty,vector_integer_dup
0.0130439258246,0.011043955236,0.00242643490537,0.00538227379009,0.0131174541551,0.00394111851296,0.00347053719798,0.0136174468023,0.00454405082278,0.0100880869399,0.00677931206894,0.00483816414464,0.0116174762136,0.00517639446479,0.00491169247511,0.0116027705475,0.00992632461287,0.0109116042411,0.008367524007,0.00423523183483,0.00924986397259,0.00932339230305,0.0103380832635,0.0110145439038,0.011058660902,0.00842634667137,0.0142497904443,0.00498522080558,0.0113821855561,0.00935280363524,0.00441169982794,0.00839693533919,0.0092204526404,0.00910280731166,0.00655872707754,0.0136615638005,0.0146174320966,0.00188232525992,0.013264510816,0.00860281466449,0.00674990073675,0.0116615932119,0.00826458434435,0.00830870134263,0.010735136248,0.00733812738048,0.00438228849576,0.0047205188159,0.00869104866105,0.011838061205,0.00980867928413,0.00311760121175,0.00652931574536,0.0103969059279,0.00870575432714,0.0125145218453,0.00591167776944,0.00652931574536,0.0135292128057,0.010735136248,0.00761753503625,0.0112498345613,0.00569109277805,0.0111468948986,0.0110880722342,0.00573520977633,0.00998514727725,0.0144556697696,0.0114998308848,0.00810282201732,0.0040734695078,0.0122057028573,0.00813223334951,0.00435287716357,0.0113233628917,0.0125439331775,0.00645578741489,0.0034264201997,0.0110733665681,0.00370582785547,0.0038675901825,0.0105439625888,0.00658813840973,0.00954397729445,0.014676254761,0.00873516565933,0.00795576535639,0.00594108910163,0.0103527889296,0.00305877854737,0.0117204158762,0.0107498419141,0.010264554933,0.0130880428229,0.00435287716357,0.00989691328069,0.00824987867825,0.00911751297775
Gen 68
exec_eq,integer_swap,integer_gte,boolean_shove,boolean_and,vector_integer_flush,integer_lt,vector_integer_pushall,exec_do*vector_integer,vector_integer_reverse,vector_integer_concat,vector_integer_occurrencesof,vector_integer_subvec,integer_eq,vector_integer_yankdup,exec_yankdup,vector_integer_yank,vector_integer_swap,vector_integer_shove,exec_when,vector_integer_rest,boolean_or,boolean_empty,vector_integer_emptyvector,exec_do*while,integer_rot,exec_stackdepth,exec_do*range,vector_integer_replacefirst,vector_integer_last,exec_shove,boolean_xor,boolean_yankdup,boolean_frominteger,exec_yank,vector_integer_indexof,vector_integer_length,integer_div,integer_mult,integer_min,integer_flush,integer_yank,vector_integer_set,integer_max,exec_dup,exec_k,exec_noop,exec_s,exec_y,boolean_rot,vector_integer_stackdepth,integer_yankdup,vector_integer_remove,vector_integer_empty,boolean_stackdepth,exec_do*times,integer_shove,vector_integer_nth,boolean_dup,boolean_not,integer_dup,boolean_flush,boolean_pop,exec_swap,boolean_swap,integer_add,exec_flush,integer_mod,integer_inc,boolean_invert_first_then_and,exec_rot,vector_integer_contains,integer_pop,exec_pop,vector_integer_eq,vector_integer_take,boolean_invert_second_then_and,integer_sub,vector_integer_rot,boolean_yank,integer_stackdepth,integer_dec,integer_gt,vector_integer_butlast,in1,vector_integer_pop,integer_lte,vector_integer_first,boolean_eq,exec_if,vector_integer_replace,exec_empty,exec_do*count,vector_integer_conj,exec_while,integer_fromboolean,integer_empty,vector_integer_dup
0.0127969159867,0.0110288256692,0.00220286662512,0.0055071665628,0.0129418414226,0.00442022579383,0.00326082230692,0.0134635729917,0.00473906175273,0.00986942218229,0.00682598802916,0.00455065868611,0.0116520050434,0.00484050955783,0.00510137534239,0.0111447660179,0.010159273054,0.0110578107564,0.00840567528007,0.0043477630759,0.00862306343386,0.00913030245938,0.010159273054,0.0105360791873,0.0109563629513,0.00844915291083,0.0138693642121,0.00495644990652,0.010579556818,0.00955058622339,0.00395646439907,0.00842016782365,0.00939116824394,0.00907233228504,0.0064636744395,0.013594005884,0.0143766032376,0.00205794118926,0.012927348879,0.00840567528007,0.00676801785481,0.0115650497819,0.00828973493138,0.00844915291083,0.0103621686642,0.0068839582035,0.00442022579383,0.00457964377328,0.00917378009014,0.0115070796075,0.00926073535166,0.00288401617368,0.00640570426516,0.0107679598846,0.00849263054159,0.012507065115,0.00575353980377,0.00624628628571,0.0132606773815,0.0100723177925,0.0078404660802,0.0112896914537,0.00598542050115,0.0108839002333,0.0107969449718,0.00578252489094,0.00963754148491,0.0143041405197,0.0116809901306,0.00827524238779,0.00373907624527,0.0117824379357,0.00765206301358,0.00397095694265,0.0111882436486,0.0119708410023,0.00566658454225,0.00324632976334,0.0104636164693,0.00368110607093,0.00431877798872,0.0105505717308,0.00575353980377,0.00895639193635,0.0144635584992,0.00881146650049,0.00798539151606,0.00539122621411,0.00998536253098,0.0029709714352,0.0118693931972,0.0100433327053,0.0105360791873,0.0127099607252,0.00478253938349,0.00956507876697,0.00785495862379,0.0083766901929
Gen 69
exec_eq,integer_swap,integer_gte,boolean_shove,boolean_and,vector_integer_flush,integer_lt,vector_integer_pushall,exec_do*vector_integer,vector_integer_reverse,vector_integer_concat,vector_integer_occurrencesof,vector_integer_subvec,integer_eq,vector_integer_yankdup,exec_yankdup,vector_integer_yank,vector_integer_swap,vector_integer_shove,exec_when,vector_integer_rest,boolean_or,boolean_empty,vector_integer_emptyvector,exec_do*while,integer_rot,exec_stackdepth,exec_do*range,vector_integer_replacefirst,vector_integer_last,exec_shove,boolean_xor,boolean_yankdup,boolean_frominteger,exec_yank,vector_integer_indexof,vector_integer_length,integer_div,integer_mult,integer_min,integer_flush,integer_yank,vector_integer_set,integer_max,exec_dup,exec_k,exec_noop,exec_s,exec_y,boolean_rot,vector_integer_stackdepth,integer_yankdup,vector_integer_remove,vector_integer_empty,boolean_stackdepth,exec_do*times,integer_shove,vector_integer_nth,boolean_dup,boolean_not,integer_dup,boolean_flush,boolean_pop,exec_swap,boolean_swap,integer_add,exec_flush,integer_mod,integer_inc,boolean_invert_first_then_and,exec_rot,vector_integer_contains,integer_pop,exec_pop,vector_integer_eq,vector_integer_take,boolean_invert_second_then_and,integer_sub,vector_integer_rot,boolean_yank,integer_stackdepth,integer_dec,integer_gt,vector_integer_butlast,in1,vector_integer_pop,integer_lte,vector_integer_first,boolean_eq,exec_if,vector_integer_replace,exec_empty,exec_do*count,vector_integer_conj,exec_while,integer_fromboolean,integer_empty,vector_integer_dup
0.0127712461251,0.0108141312267,0.00187140183712,0.00552849245011,0.0127426751046,0.00402851387837,0.00338566591906,0.01311409837,0.0042856530621,0.00969986143055,0.00689990142998,0.00422851102127,0.0114426936758,0.00502849959286,0.00504278510307,0.0113998371452,0.00972843245096,0.0108141312267,0.00814274081799,0.00382851673548,0.00839988000171,0.0091855830631,0.0102712818388,0.0101855687776,0.0106141340838,0.00812845530778,0.0136426622477,0.00447136469479,0.0102284253082,0.00888558734875,0.00375708918444,0.00805702775675,0.00962843387952,0.00907129898144,0.00638562306253,0.0132283824517,0.0142426536764,0.00207139898001,0.0125426779617,0.00811416979757,0.00594277224611,0.0116141197983,0.00757132040971,0.00881415979772,0.010142712247,0.00692847245039,0.00442850816417,0.00488564449079,0.00885701632834,0.0115998342881,0.00925701061413,0.0026571048985,0.00618562591963,0.0103998514307,0.00792845816488,0.0122998242882,0.00582848816445,0.00627133898087,0.0129998142884,0.00989985857345,0.00781417408323,0.0110855559206,0.00557134898073,0.0110284138798,0.0104712789817,0.00559992000114,0.00951414979786,0.0141140840845,0.0113426951044,0.00745703632805,0.00357137755175,0.0115998342881,0.00791417265468,0.00398565734775,0.010699847145,0.0116284053085,0.00605705632777,0.00311424122513,0.0106855616348,0.00368566163341,0.00348566449051,0.0101569977572,0.00564277653176,0.00851416408337,0.0142283681662,0.0081570263282,0.00721418265453,0.00555706347052,0.00969986143055,0.00271424693933,0.0116284053085,0.0100141426551,0.0100998557163,0.0125998200026,0.00409994142941,0.0093998657162,0.00785703061385,0.00854273510378
Gen 70
exec_eq,integer_swap,integer_gte,boolean_shove,boolean_and,vector_integer_flush,integer_lt,vector_integer_pushall,exec_do*vector_integer,vector_integer_reverse,vector_integer_concat,vector_integer_occurrencesof,vector_integer_subvec,integer_eq,vector_integer_yankdup,exec_yankdup,vector_integer_yank,vector_integer_swap,vector_integer_shove,exec_when,vector_integer_rest,boolean_or,boolean_empty,vector_integer_emptyvector,exec_do*while,integer_rot,exec_stackdepth,exec_do*range,vector_integer_replacefirst,vector_integer_last,exec_shove,boolean_xor,boolean_yankdup,boolean_frominteger,exec_yank,vector_integer_indexof,vector_integer_length,integer_div,integer_mult,integer_min,integer_flush,integer_yank,vector_integer_set,integer_max,exec_dup,exec_k,exec_noop,exec_s,exec_y,boolean_rot,vector_integer_stackdepth,integer_yankdup,vector_integer_remove,vector_integer_empty,boolean_stackdepth,exec_do*times,integer_shove,vector_integer_nth,boolean_dup,boolean_not,integer_dup,boolean_flush,boolean_pop,exec_swap,boolean_swap,integer_add,exec_flush,integer_mod,integer_inc,boolean_invert_first_then_and,exec_rot,vector_integer_contains,integer_pop,exec_pop,vector_integer_eq,vector_integer_take,boolean_invert_second_then_and,integer_sub,vector_integer_rot,boolean_yank,integer_stackdepth,integer_dec,integer_gt,vector_integer_butlast,in1,vector_integer_pop,integer_lte,vector_integer_first,boolean_eq,exec_if,vector_integer_replace,exec_empty,exec_do*count,vector_integer_conj,exec_while,integer_fromboolean,integer_empty,vector_integer_dup
0.0124364445571,0.0105209785778,0.00208447768341,0.00526753144322,0.0124082759398,0.00398585935409,0.00342248700723,0.0127744679652,0.00449289446628,0.00912663201927,0.00639427613696,0.00388726919339,0.0109153392206,0.00481683356572,0.0048309178744,0.0107181588992,0.0092111378713,0.0106759059732,0.00812664610358,0.00369008887199,0.00838016365967,0.00840833227701,0.0100421120829,0.0104505570344,0.0100139434656,0.00797171870819,0.0133237560034,0.00449289446628,0.0104083041084,0.00835199504232,0.0040844495148,0.00766186391741,0.00912663201927,0.00802805594287,0.00640836044563,0.012999816904,0.014027971437,0.00180279150998,0.0123096857791,0.00784495993014,0.00566189208603,0.0116618075802,0.00695764848382,0.00854917536373,0.00997169053957,0.00657737214969,0.00435205137956,0.00490133941775,0.00823932057295,0.0116054703455,0.00883086153716,0.00321122237715,0.00552104899931,0.010211123787,0.00790129716483,0.0119998309883,0.00515485697385,0.0056759763947,0.0133800932381,0.00912663201927,0.00785904423881,0.0112111097027,0.00501401388713,0.011197025394,0.0105350628864,0.00561963916001,0.00942240250137,0.0137181166462,0.0112533626287,0.00683088970578,0.00318305375981,0.0111406881593,0.00754918944804,0.00356333009394,0.0106195687385,0.0114787115674,0.00560555485134,0.00294362051239,0.0105350628864,0.00326755961184,0.0034365713159,0.00990126899621,0.00538020591259,0.00759144237405,0.014070224363,0.00823932057295,0.00683088970578,0.00526753144322,0.00988718468754,0.00257742848692,0.0118589879016,0.0099576062309,0.00935198095801,0.0122956014704,0.00416895536683,0.0085632596724,0.00790129716483,0.00790129716483
Gen 71
exec_eq,integer_swap,integer_gte,boolean_shove,boolean_and,vector_integer_flush,integer_lt,vector_integer_pushall,exec_do*vector_integer,vector_integer_reverse,vector_integer_concat,vector_integer_occurrencesof,vector_integer_subvec,integer_eq,vector_integer_yankdup,exec_yankdup,vector_integer_yank,vector_integer_swap,vector_integer_shove,exec_when,vector_integer_rest,boolean_or,boolean_empty,vector_integer_emptyvector,exec_do*while,integer_rot,exec_stackdepth,exec_do*range,vector_integer_replacefirst,vector_integer_last,exec_shove,boolean_xor,boolean_yankdup,boolean_frominteger,exec_yank,vector_integer_indexof,vector_integer_length,integer_div,integer_mult,integer_min,integer_flush,integer_yank,vector_integer_set,integer_max,exec_dup,exec_k,exec_noop,exec_s,exec_y,boolean_rot,vector_integer_stackdepth,integer_yankdup,vector_integer_remove,vector_integer_empty,boolean_stackdepth,exec_do*times,integer_shove,vector_integer_nth,boolean_dup,boolean_not,integer_dup,boolean_flush,boolean_pop,exec_swap,boolean_swap,integer_add,exec_flush,integer_mod,integer_inc,boolean_invert_first_then_and,exec_rot,vector_integer_contains,integer_pop,exec_pop,vector_integer_eq,vector_integer_take,boolean_invert_second_then_and,integer_sub,vector_integer_rot,boolean_yank,integer_stackdepth,integer_dec,integer_gt,vector_integer_butlast,in1,vector_integer_pop,integer_lte,vector_integer_first,boolean_eq,exec_if,vector_integer_replace,exec_empty,exec_do*count,vector_integer_conj,exec_while,integer_fromboolean,integer_empty,vector_integer_dup
0.0122220524715,0.0105831863446,0.00180553047874,0.00508326273246,0.0123192733434,0.00376383661338,0.00319440007778,0.0128053777031,0.00444438271691,0.00901376369773,0.00638880015555,0.00380550270135,0.0109998472243,0.00477771142067,0.00469437924473,0.0102220802489,0.00880543325787,0.0102220802489,0.00769433757864,0.00365272704546,0.00818044193831,0.0081943306343,0.00963875501729,0.0101387480729,0.00998597241705,0.00786100193053,0.0133053707587,0.00438882793295,0.00994430632908,0.00838877237816,0.00433327314898,0.00770822627464,0.00931931500951,0.00783322453855,0.00649990972348,0.0128053777031,0.0138331412064,0.00174997569478,0.0121248315996,0.00755545061874,0.0060415827558,0.0115692837599,0.00701379147512,0.00849988194608,0.00993041763309,0.00684712712323,0.00456938098082,0.00506937403647,0.00836099498618,0.0113053985361,0.00848599325009,0.00306940181386,0.00572214274802,0.0101387480729,0.00808322106637,0.0117776141998,0.00579158622797,0.00562492187609,0.0132359272788,0.00901376369773,0.00779155845058,0.0109859585284,0.00511104012444,0.0109998472243,0.0104859654727,0.00565269926807,0.00920820544159,0.0135970333745,0.0109442924404,0.00687490451522,0.00305551311787,0.0108192941765,0.00729156539493,0.00398605574923,0.0102637463369,0.0113609533201,0.00563881057208,0.00293051485396,0.0105137428647,0.00369439313343,0.00377772530937,0.00999986111304,0.00561103318009,0.00727767669893,0.0138609185984,0.0080415549784,0.00665268537937,0.00452771489285,0.00931931500951,0.00251385397425,0.0113887307121,0.00984708545715,0.00920820544159,0.0120831655116,0.00377772530937,0.00877765586589,0.00752767322676,0.00848599325009
Gen 72
exec_eq,integer_swap,integer_gte,boolean_shove,boolean_and,vector_integer_flush,integer_lt,vector_integer_pushall,exec_do*vector_integer,vector_integer_reverse,vector_integer_concat,vector_integer_occurrencesof,vector_integer_subvec,integer_eq,vector_integer_yankdup,exec_yankdup,vector_integer_yank,vector_integer_swap,vector_integer_shove,exec_when,vector_integer_rest,boolean_or,boolean_empty,vector_integer_emptyvector,exec_do*while,integer_rot,exec_stackdepth,exec_do*range,vector_integer_replacefirst,vector_integer_last,exec_shove,boolean_xor,boolean_yankdup,boolean_frominteger,exec_yank,vector_integer_indexof,vector_integer_length,integer_div,integer_mult,integer_min,integer_flush,integer_yank,vector_integer_set,integer_max,exec_dup,exec_k,exec_noop,exec_s,exec_y,boolean_rot,vector_integer_stackdepth,integer_yankdup,vector_integer_remove,vector_integer_empty,boolean_stackdepth,exec_do*times,integer_shove,vector_integer_nth,boolean_dup,boolean_not,integer_dup,boolean_flush,boolean_pop,exec_swap,boolean_swap,integer_add,exec_flush,integer_mod,integer_inc,boolean_invert_first_then_and,exec_rot,vector_integer_contains,integer_pop,exec_pop,vector_integer_eq,vector_integer_take,boolean_invert_second_then_and,integer_sub,vector_integer_rot,boolean_yank,integer_stackdepth,integer_dec,integer_gt,vector_integer_butlast,in1,vector_integer_pop,integer_lte,vector_integer_first,boolean_eq,exec_if,vector_integer_replace,exec_empty,exec_do*count,vector_integer_conj,exec_while,integer_fromboolean,integer_empty,vector_integer_dup
0.0120546293886,0.0101642443254,0.00179449596581,0.00520540814509,0.012177915371,0.00327392775441,0.00301365734716,0.0125888686456,0.00463007356064,0.00876700319174,0.0058355364995,0.00327392775441,0.0104519116176,0.00460267667566,0.00468486733058,0.0099724661306,0.00875330474925,0.00972589416583,0.00706839632334,0.00291776824975,0.00768482623526,0.00772592156272,0.00945192531609,0.00983548170573,0.00979438637827,0.00750674648292,0.0129587265928,0.00427391405597,0.0099724661306,0.00810947795236,0.00435610471089,0.00756154025287,0.00899987671402,0.00757523869536,0.00664374460624,0.0126573608581,0.0136573471596,0.00216435391296,0.0119450418487,0.00791769975754,0.0053012972425,0.0114245010342,0.00667114149121,0.00821906549225,0.00980808482076,0.00621909288914,0.00453418446323,0.00472596265805,0.00824646237723,0.0108628648923,0.00826016081971,0.00320543554198,0.00521910658758,0.00989027547568,0.00835604991712,0.0113560088218,0.00564375830468,0.00553417076478,0.0130683141327,0.00889028917412,0.00824646237723,0.010602594485,0.00431500938343,0.011191627512,0.0100135614581,0.00543828166737,0.00910946425391,0.0134518705223,0.0110546430871,0.00686291968603,0.00336981685182,0.0105204038301,0.00675333214613,0.00421912028602,0.0099724661306,0.0112327228394,0.00523280503007,0.00264379940001,0.010068355228,0.00352049971918,0.00338351529431,0.00982178326324,0.00561636141971,0.00741085738552,0.0136299502747,0.0076437309078,0.00616429911919,0.00426021561348,0.00873960630676,0.00230133833783,0.0114518979192,0.00957521129848,0.00915055958138,0.0119039465213,0.00352049971918,0.00868481253681,0.00765742935028,0.007958795085
Gen 73
exec_eq,integer_swap,integer_gte,boolean_shove,boolean_and,vector_integer_flush,integer_lt,vector_integer_pushall,exec_do*vector_integer,vector_integer_reverse,vector_integer_concat,vector_integer_occurrencesof,vector_integer_subvec,integer_eq,vector_integer_yankdup,exec_yankdup,vector_integer_yank,vector_integer_swap,vector_integer_shove,exec_when,vector_integer_rest,boolean_or,boolean_empty,vector_integer_emptyvector,exec_do*while,integer_rot,exec_stackdepth,exec_do*range,vector_integer_replacefirst,vector_integer_last,exec_shove,boolean_xor,boolean_yankdup,boolean_frominteger,exec_yank,vector_integer_indexof,vector_integer_length,integer_div,integer_mult,integer_min,integer_flush,integer_yank,vector_integer_set,integer_max,exec_dup,exec_k,exec_noop,exec_s,exec_y,boolean_rot,vector_integer_stackdepth,integer_yankdup,vector_integer_remove,vector_integer_empty,boolean_stackdepth,exec_do*times,integer_shove,vector_integer_nth,boolean_dup,boolean_not,integer_dup,boolean_flush,boolean_pop,exec_swap,boolean_swap,integer_add,exec_flush,integer_mod,integer_inc,boolean_invert_first_then_and,exec_rot,vector_integer_contains,integer_pop,exec_pop,vector_integer_eq,vector_integer_take,boolean_invert_second_then_and,integer_sub,vector_integer_rot,boolean_yank,integer_stackdepth,integer_dec,integer_gt,vector_integer_butlast,in1,vector_integer_pop,integer_lte,vector_integer_first,boolean_eq,exec_if,vector_integer_replace,exec_empty,exec_do*count,vector_integer_conj,exec_while,integer_fromboolean,integer_empty,vector_integer_dup
0.0119863245091,0.00970257158687,0.00182429967163,0.00485128579344,0.0122295644653,0.00354049269604,0.00262158619478,0.0122836177889,0.00470263915352,0.0086620451075,0.00549992567668,0.00299995946001,0.0105674247645,0.0042702125647,0.00408102593208,0.00949987162336,0.00905393170363,0.00924311833624,0.00690531209038,0.0029459061364,0.00755395197362,0.00745935865732,0.00966203159417,0.00997283820489,0.00975662491047,0.00713503871569,0.0128646910177,0.0043783192119,0.00994581154309,0.00808097187876,0.00420264591019,0.00699990540668,0.00855393846029,0.0071755787084,0.00605397224362,0.0123646977744,0.0134727909082,0.00197294631154,0.0117025445602,0.00766205862083,0.00497290577154,0.0113511979568,0.00622964554533,0.00809448520966,0.00991878488129,0.0058512722801,0.00408102593208,0.0043242658883,0.00821610518777,0.0105674247645,0.00752692531182,0.00327022607803,0.00491885244794,0.00932419832164,0.00804043188606,0.0108512047134,0.00525668572046,0.00490533911704,0.0128782043486,0.00845934514398,0.00816205186416,0.0104322914555,0.00377021932136,0.0112836313023,0.0101079715139,0.00514857907326,0.00939176497615,0.0131349576357,0.011053904677,0.00635126552344,0.00359454601965,0.0101214848448,0.00643234550884,0.00385129930677,0.00979716490318,0.0106890447426,0.00532425237497,0.00254050620938,0.0101349981757,0.00358103268875,0.00344589937974,0.00999986486669,0.00536479236767,0.0072701720247,0.0134592775773,0.0072431453629,0.0057972189565,0.00394589262307,0.00856745179119,0.00209456628964,0.0114863312658,0.00929717165984,0.00902690504182,0.0118241645383,0.00322968608532,0.00841880515128,0.00806745854786,0.00749989865002
Gen 74
exec_eq,integer_swap,integer_gte,boolean_shove,boolean_and,vector_integer_flush,integer_lt,vector_integer_pushall,exec_do*vector_integer,vector_integer_reverse,vector_integer_concat,vector_integer_occurrencesof,vector_integer_subvec,integer_eq,vector_integer_yankdup,exec_yankdup,vector_integer_yank,vector_integer_swap,vector_integer_shove,exec_when,vector_integer_rest,boolean_or,boolean_empty,vector_integer_emptyvector,exec_do*while,integer_rot,exec_stackdepth,exec_do*range,vector_integer_replacefirst,vector_integer_last,exec_shove,boolean_xor,boolean_yankdup,boolean_frominteger,exec_yank,vector_integer_indexof,vector_integer_length,integer_div,integer_mult,integer_min,integer_flush,integer_yank,vector_integer_set,integer_max,exec_dup,exec_k,exec_noop,exec_s,exec_y,boolean_rot,vector_integer_stackdepth,integer_yankdup,vector_integer_remove,vector_integer_empty,boolean_stackdepth,exec_do*times,integer_shove,vector_integer_nth,boolean_dup,boolean_not,integer_dup,boolean_flush,boolean_pop,exec_swap,boolean_swap,integer_add,exec_flush,integer_mod,integer_inc,boolean_invert_first_then_and,exec_rot,vector_integer_contains,integer_pop,exec_pop,vector_integer_eq,vector_integer_take,boolean_invert_second_then_and,integer_sub,vector_integer_rot,boolean_yank,integer_stackdepth,integer_dec,integer_gt,vector_integer_butlast,in1,vector_integer_pop,integer_lte,vector_integer_first,boolean_eq,exec_if,vector_integer_replace,exec_empty,exec_do*count,vector_integer_conj,exec_while,integer_fromboolean,integer_empty,vector_integer_dup
0.0115865121798,0.0094132078239,0.00189330808923,0.00491993440087,0.0119998400021,0.00283996213384,0.00291996106719,0.0120798389355,0.00458660551193,0.00838655484594,0.00558659217877,0.00327995626725,0.010346528713,0.00407994560073,0.00403994613405,0.00923987680164,0.0088398821349,0.00919987733497,0.00637324835669,0.00283996213384,0.00769323075692,0.00745323395688,0.00951987306836,0.00959987200171,0.00962653831282,0.00694657404568,0.0127064972467,0.00435994186744,0.00993320089065,0.0079865601792,0.00391994773403,0.00666657777896,0.0083332222237,0.00699990666791,0.00585325528993,0.0124665004467,0.0132531566246,0.00235996853375,0.0115465127132,0.00821322382368,0.00454660604525,0.0111331848909,0.00585325528993,0.00758656551246,0.0096665377795,0.00590658791216,0.00410661191184,0.00410661191184,0.00751989973467,0.0101998640018,0.0079865601792,0.00338662151171,0.00495993386755,0.00882654897935,0.00789322809029,0.0105465260463,0.00535992853429,0.00509326542313,0.0127064972467,0.00851988640151,0.00759989866802,0.0101998640018,0.00369328408955,0.0109998533353,0.00986653511287,0.00499993333422,0.00949320675724,0.0130798256023,0.0111198517353,0.00595992053439,0.00354661937841,0.00986653511287,0.00617325102332,0.004373275023,0.00962653831282,0.0106665244463,0.00510659857869,0.00274663004493,0.0104398608019,0.00339995466727,0.00347995360062,0.0096665377795,0.00550659324542,0.00663991146785,0.0132798229357,0.00705323929014,0.0058932547566,0.00406661244517,0.00846655377928,0.00223997013373,0.0113731816909,0.00909321209051,0.00838655484594,0.0116265116465,0.00301329315609,0.00789322809029,0.00783989546806,0.00729323609019
Gen 75
exec_eq,integer_swap,integer_gte,boolean_shove,boolean_and,vector_integer_flush,integer_lt,vector_integer_pushall,exec_do*vector_integer,vector_integer_reverse,vector_integer_concat,vector_integer_occurrencesof,vector_integer_subvec,integer_eq,vector_integer_yankdup,exec_yankdup,vector_integer_yank,vector_integer_swap,vector_integer_shove,exec_when,vector_integer_rest,boolean_or,boolean_empty,vector_integer_emptyvector,exec_do*while,integer_rot,exec_stackdepth,exec_do*range,vector_integer_replacefirst,vector_integer_last,exec_shove,boolean_xor,boolean_yankdup,boolean_frominteger,exec_yank,vector_integer_indexof,vector_integer_length,integer_div,integer_mult,integer_min,integer_flush,integer_yank,vector_integer_set,integer_max,exec_dup,exec_k,exec_noop,exec_s,exec_y,boolean_rot,vector_integer_stackdepth,integer_yankdup,vector_integer_remove,vector_integer_empty,boolean_stackdepth,exec_do*times,integer_shove,vector_integer_nth,boolean_dup,boolean_not,integer_dup,boolean_flush,boolean_pop,exec_swap,boolean_swap,integer_add,exec_flush,integer_mod,integer_inc,boolean_invert_first_then_and,exec_rot,vector_integer_contains,integer_pop,exec_pop,vector_integer_eq,vector_integer_take,boolean_invert_second_then_and,integer_sub,vector_integer_rot,boolean_yank,integer_stackdepth,integer_dec,integer_gt,vector_integer_butlast,in1,vector_integer_pop,integer_lte,vector_integer_first,boolean_eq,exec_if,vector_integer_replace,exec_empty,exec_do*count,vector_integer_conj,exec_while,integer_fromboolean,integer_empty,vector_integer_dup
0.0116708990671,0.00888146208603,0.00193418507651,0.00446046762543,0.0115919527375,0.0030920645781,0.00272364837305,0.0116708990671,0.0048683569953,0.00814462967593,0.00576308206471,0.00336837673189,0.0101972342469,0.00380258154498,0.00428941724451,0.00932882462073,0.00851304588098,0.00885514664281,0.0063420218155,0.00282891014592,0.00799989473823,0.00747358587387,0.00881567347798,0.00940777095038,0.00930250917751,0.00674991118538,0.0124603623637,0.00449994079025,0.00974987171221,0.00785515980053,0.00367100432889,0.00624991776424,0.00848673043776,0.00671043802055,0.00565782029184,0.0124340469204,0.0131182484441,0.00263154432179,0.0111972210892,0.00803936790305,0.00460520256312,0.0104603886791,0.00577623978632,0.00713148511204,0.00953934816647,0.00581571295115,0.0042762595229,0.0038288969882,0.00723674688491,0.00977618715543,0.00747358587387,0.00371047749372,0.00492098788174,0.00881567347798,0.0078156866357,0.0102367074117,0.00539466585966,0.00489467243852,0.0126050973014,0.00836831094328,0.00761832081157,0.010091972474,0.00365784660728,0.0108156471625,0.00953934816647,0.00465783344956,0.00907882791016,0.0128682517335,0.0107630162761,0.00588150155919,0.00367100432889,0.00967092538256,0.00601307877528,0.00440783673899,0.00955250588808,0.0101051301957,0.00521045775713,0.002355232168,0.0102761805766,0.00318416862936,0.00356574255602,0.00930250917751,0.00494730332496,0.00644728358837,0.0130919330009,0.00701306561756,0.0057499243431,0.00346048078315,0.00892093525085,0.00184208102525,0.0116314259023,0.00935514006395,0.00818410284075,0.0117366876752,0.00301311824844,0.00784200207892,0.0078156866357,0.00723674688491
Gen 76
exec_eq,integer_swap,integer_gte,boolean_shove,boolean_and,vector_integer_flush,integer_lt,vector_integer_pushall,exec_do*vector_integer,vector_integer_reverse,vector_integer_concat,vector_integer_occurrencesof,vector_integer_subvec,integer_eq,vector_integer_yankdup,exec_yankdup,vector_integer_yank,vector_integer_swap,vector_integer_shove,exec_when,vector_integer_rest,boolean_or,boolean_empty,vector_integer_emptyvector,exec_do*while,integer_rot,exec_stackdepth,exec_do*range,vector_integer_replacefirst,vector_integer_last,exec_shove,boolean_xor,boolean_yankdup,boolean_frominteger,exec_yank,vector_integer_indexof,vector_integer_length,integer_div,integer_mult,integer_min,integer_flush,integer_yank,vector_integer_set,integer_max,exec_dup,exec_k,exec_noop,exec_s,exec_y,boolean_rot,vector_integer_stackdepth,integer_yankdup,vector_integer_remove,vector_integer_empty,boolean_stackdepth,exec_do*times,integer_shove,vector_integer_nth,boolean_dup,boolean_not,integer_dup,boolean_flush,boolean_pop,exec_swap,boolean_swap,integer_add,exec_flush,integer_mod,integer_inc,boolean_invert_first_then_and,exec_rot,vector_integer_contains,integer_pop,exec_pop,vector_integer_eq,vector_integer_take,boolean_invert_second_then_and,integer_sub,vector_integer_rot,boolean_yank,integer_stackdepth,integer_dec,integer_gt,vector_integer_butlast,in1,vector_integer_pop,integer_lte,vector_integer_first,boolean_eq,exec_if,vector_integer_replace,exec_empty,exec_do*count,vector_integer_conj,exec_while,integer_fromboolean,integer_empty,vector_integer_dup
0.0113764756302,0.00935052791522,0.00206490824794,0.00506486928741,0.0111556992766,0.00315580317139,0.00316879001571,0.011805041493,0.00467526395761,0.00764925130842,0.00597394839028,0.00370125063311,0.00996090959858,0.00431163231646,0.0042337112505,0.0093894884482,0.0084154751237,0.00948039635849,0.00587005363567,0.00314281632706,0.00801288294957,0.00767522499708,0.00925962000493,0.00937650160388,0.00936351475955,0.00628563265412,0.0124154231763,0.0040389085856,0.00968818586772,0.00753236970948,0.00388306645368,0.00649342216335,0.0086102777886,0.00662329060662,0.00598693523461,0.0122855547331,0.0129348969494,0.00254542148803,0.0112076466539,0.00789600135063,0.00489604031116,0.0106881728809,0.00589602732432,0.00728561966728,0.0097271464007,0.00563629043779,0.00411682965156,0.00376618485474,0.00770119868573,0.0102076596408,0.00746743548785,0.00337657952494,0.00485707977818,0.00902585680705,0.00774015921871,0.0101427254192,0.00514279035337,0.00502590875443,0.0122595810444,0.00859729094427,0.00746743548785,0.00993493590992,0.00370125063311,0.0105712912819,0.00932455422657,0.00454539551434,0.00937650160388,0.0127790548175,0.0107531071025,0.00609082998922,0.00362332956715,0.00980506746666,0.00607784314489,0.00449344813704,0.00898689627407,0.0101037648862,0.00536356670693,0.00250646095505,0.0101427254192,0.0030648952611,0.00353242165686,0.00940247529253,0.00542850092856,0.00615576421085,0.0129089232607,0.00696094855911,0.00571421150375,0.00381813223205,0.00870118569889,0.00201296087064,0.0110647913663,0.00928559369359,0.00863625147725,0.0115323177621,0.00332463214763,0.00777911975169,0.00766223815275,0.00711679069103
Gen 77
exec_eq,integer_swap,integer_gte,boolean_shove,boolean_and,vector_integer_flush,integer_lt,vector_integer_pushall,exec_do*vector_integer,vector_integer_reverse,vector_integer_concat,vector_integer_occurrencesof,vector_integer_subvec,integer_eq,vector_integer_yankdup,exec_yankdup,vector_integer_yank,vector_integer_swap,vector_integer_shove,exec_when,vector_integer_rest,boolean_or,boolean_empty,vector_integer_emptyvector,exec_do*while,integer_rot,exec_stackdepth,exec_do*range,vector_integer_replacefirst,vector_integer_last,exec_shove,boolean_xor,boolean_yankdup,boolean_frominteger,exec_yank,vector_integer_indexof,vector_integer_length,integer_div,integer_mult,integer_min,integer_flush,integer_yank,vector_integer_set,integer_max,exec_dup,exec_k,exec_noop,exec_s,exec_y,boolean_rot,vector_integer_stackdepth,integer_yankdup,vector_integer_remove,vector_integer_empty,boolean_stackdepth,exec_do*times,integer_shove,vector_integer_nth,boolean_dup,boolean_not,integer_dup,boolean_flush,boolean_pop,exec_swap,boolean_swap,integer_add,exec_flush,integer_mod,integer_inc,boolean_invert_first_then_and,exec_rot,vector_integer_contains,integer_pop,exec_pop,vector_integer_eq,vector_integer_take,boolean_invert_second_then_and,integer_sub,vector_integer_rot,boolean_yank,integer_stackdepth,integer_dec,integer_gt,vector_integer_butlast,in1,vector_integer_pop,integer_lte,vector_integer_first,boolean_eq,exec_if,vector_integer_replace,exec_empty,exec_do*count,vector_integer_conj,exec_while,integer_fromboolean,integer_empty,vector_integer_dup
0.0113716490814,0.00917936949526,0.0024486865553,0.00470506788375,0.011499852566,0.00299996153895,0.0032563685081,0.0116793374444,0.00474352892912,0.00753836489276,0.00587171959334,0.00353841617415,0.00994859040269,0.00410251150626,0.00433327777849,0.00944859681286,0.00834604684555,0.00946141716132,0.00589736029025,0.00303842258433,0.00793579569493,0.00728195792362,0.00892296252612,0.00933321367675,0.00885886078384,0.00599992307791,0.0122818938219,0.00429481673312,0.00966654273663,0.00711529339367,0.00370508070409,0.00648709631928,0.00821784336098,0.00653837771311,0.00584607889642,0.0119870258074,0.0128075281086,0.00264099178216,0.0109613979308,0.00775631081653,0.00475634927757,0.0102434584172,0.00599992307791,0.00692298816682,0.00978192587275,0.00575633645722,0.00415379290009,0.00356405687107,0.0074358021051,0.00994859040269,0.00744862245356,0.0034358533865,0.00494865450443,0.00867937590544,0.00769220907424,0.00993577005423,0.00523070217048,0.00446148126306,0.0120767682466,0.00839732823938,0.00708965269676,0.00947423750978,0.00382046384021,0.0102819194626,0.00953833925206,0.00464096614146,0.00939731541903,0.0126408635787,0.0102434584172,0.00598710272945,0.00342303303804,0.00964090203972,0.00562813297265,0.00442302021769,0.00899988461686,0.00999987179652,0.00506403764054,0.00261535108524,0.00973064447892,0.00321790746272,0.00310252432661,0.00926911193446,0.00488455276214,0.00615376725939,0.0127818874117,0.00657683875848,0.0054358277458,0.00384610453712,0.00866655555698,0.00201279470776,0.0110896014154,0.00957680029743,0.00858963346624,0.011499852566,0.00274355456981,0.00758964628659,0.00766656837733,0.0068973474699
Gen 78
exec_eq,integer_swap,integer_gte,boolean_shove,boolean_and,vector_integer_flush,integer_lt,vector_integer_pushall,exec_do*vector_integer,vector_integer_reverse,vector_integer_concat,vector_integer_occurrencesof,vector_integer_subvec,integer_eq,vector_integer_yankdup,exec_yankdup,vector_integer_yank,vector_integer_swap,vector_integer_shove,exec_when,vector_integer_rest,boolean_or,boolean_empty,vector_integer_emptyvector,exec_do*while,integer_rot,exec_stackdepth,exec_do*range,vector_integer_replacefirst,vector_integer_last,exec_shove,boolean_xor,boolean_yankdup,boolean_frominteger,exec_yank,vector_integer_indexof,vector_integer_length,integer_div,integer_mult,integer_min,integer_flush,integer_yank,vector_integer_set,integer_max,exec_dup,exec_k,exec_noop,exec_s,exec_y,boolean_rot,vector_integer_stackdepth,integer_yankdup,vector_integer_remove,vector_integer_empty,boolean_stackdepth,exec_do*times,integer_shove,vector_integer_nth,boolean_dup,boolean_not,integer_dup,boolean_flush,boolean_pop,exec_swap,boolean_swap,integer_add,exec_flush,integer_mod,integer_inc,boolean_invert_first_then_and,exec_rot,vector_integer_contains,integer_pop,exec_pop,vector_integer_eq,vector_integer_take,boolean_invert_second_then_and,integer_sub,vector_integer_rot,boolean_yank,integer_stackdepth,integer_dec,integer_gt,vector_integer_butlast,in1,vector_integer_pop,integer_lte,vector_integer_first,boolean_eq,exec_if,vector_integer_replace,exec_empty,exec_do*count,vector_integer_conj,exec_while,integer_fromboolean,integer_empty,vector_integer_dup
0.0112783382489,0.00859482791357,0.00239237478007,0.00407589777345,0.0111137833698,0.00348096859533,0.0029366716877,0.011506183466,0.00436703332869,0.00715180820496,0.00601258211921,0.00292401362008,0.00967076366122,0.00381007835344,0.00439234946393,0.00908849255073,0.00824040202023,0.00941760230883,0.00563284009063,0.00272148453817,0.0080252148707,0.00696193719067,0.00860748598119,0.00896191187453,0.00853153757547,0.00586068530778,0.012139086847,0.00467082695156,0.00925304742978,0.00739231148973,0.00367083960963,0.00643029835065,0.008480905305,0.00635434994494,0.00574676269921,0.0116707383451,0.0125821192137,0.00259490386198,0.0109239123555,0.00811382134403,0.00488601410109,0.0100251895546,0.00605055632207,0.00703788559638,0.00970873786408,0.00577207883445,0.00399994936773,0.00301262009342,0.00692396298781,0.0101644282984,0.00697459525829,0.00350628473057,0.00468348501918,0.00850622144023,0.00803787293832,0.00999987341932,0.0054176529411,0.00420247844964,0.0118226351565,0.00831635042594,0.00694927912305,0.00969607979646,0.00327843951342,0.0103036670422,0.00917709902406,0.00470880115442,0.00901254414501,0.0124935127403,0.0100505056898,0.00637966608018,0.00306325236389,0.00939228617359,0.00550625941444,0.00443032366679,0.00901254414501,0.00999987341932,0.00524043999443,0.00297464589056,0.0101391121631,0.00324046531057,0.00283540714674,0.00864546018405,0.00432905912583,0.00621511120112,0.0126580676194,0.00596194984874,0.00529107226491,0.003392362122,0.00892393767168,0.00174681333148,0.0111517575727,0.0093289958355,0.00824040202023,0.011506183466,0.00236705864483,0.00722775661068,0.00787331805927,0.006784724244
Gen 79
exec_eq,integer_swap,integer_gte,boolean_shove,boolean_and,vector_integer_flush,integer_lt,vector_integer_pushall,exec_do*vector_integer,vector_integer_reverse,vector_integer_concat,vector_integer_occurrencesof,vector_integer_subvec,integer_eq,vector_integer_yankdup,exec_yankdup,vector_integer_yank,vector_integer_swap,vector_integer_shove,exec_when,vector_integer_rest,boolean_or,boolean_empty,vector_integer_emptyvector,exec_do*while,integer_rot,exec_stackdepth,exec_do*range,vector_integer_replacefirst,vector_integer_last,exec_shove,boolean_xor,boolean_yankdup,boolean_frominteger,exec_yank,vector_integer_indexof,vector_integer_length,integer_div,integer_mult,integer_min,integer_flush,integer_yank,vector_integer_set,integer_max,exec_dup,exec_k,exec_noop,exec_s,exec_y,boolean_rot,vector_integer_stackdepth,integer_yankdup,vector_integer_remove,vector_integer_empty,boolean_stackdepth,exec_do*times,integer_shove,vector_integer_nth,boolean_dup,boolean_not,integer_dup,boolean_flush,boolean_pop,exec_swap,boolean_swap,integer_add,exec_flush,integer_mod,integer_inc,boolean_invert_first_then_and,exec_rot,vector_integer_contains,integer_pop,exec_pop,vector_integer_eq,vector_integer_take,boolean_invert_second_then_and,integer_sub,vector_integer_rot,boolean_yank,integer_stackdepth,integer_dec,integer_gt,vector_integer_butlast,in1,vector_integer_pop,integer_lte,vector_integer_first,boolean_eq,exec_if,vector_integer_replace,exec_empty,exec_do*count,vector_integer_conj,exec_while,integer_fromboolean,integer_empty,vector_integer_dup
0.0115248559393,0.00804989937626,0.00243746953163,0.00404994937563,0.0109623629705,0.00337495781303,0.00289996375045,0.011337358283,0.00407494906314,0.00681241484481,0.00563742953213,0.00283746453169,0.00936238297021,0.00369995375058,0.00437494531318,0.0089498881264,0.00831239609505,0.00884988937638,0.00549993125086,0.00241246984413,0.00804989937626,0.00666241671979,0.00879989000137,0.0086123923451,0.00879989000137,0.00572492843839,0.0119498506269,0.00459994250072,0.00912488593893,0.00664991687604,0.00328745890676,0.00602492468844,0.00841239484506,0.00636242046974,0.00583742703216,0.0113998575018,0.0124623442207,0.00242496968788,0.0108123648454,0.00824989687629,0.00488743890701,0.0101248734391,0.00589992625092,0.00648741890726,0.00951238109524,0.00562492968838,0.00387495156311,0.00318746015675,0.00712491093861,0.0102748715641,0.00679991500106,0.00369995375058,0.0048124398445,0.00826239672004,0.0073374082824,0.00999987500156,0.00513743578205,0.00352495593805,0.0116998537518,0.00816239797003,0.00672491593855,0.00941238234522,0.00304996187548,0.0105873676579,0.00881238984513,0.00468744140698,0.00908738640767,0.0123123460957,0.00981237734528,0.00636242046974,0.00302496218797,0.00947488156398,0.00547493156336,0.00461244234447,0.00916238547018,0.00971237859527,0.00466244171948,0.00251246859414,0.00987487656404,0.0035374557818,0.00264996687541,0.00864989187635,0.00392495093811,0.00587492656342,0.0124623442207,0.0057749278134,0.00529993375083,0.00344995687554,0.0086623917201,0.0019499756253,0.0108998637517,0.00967487906401,0.00819989750128,0.011187360158,0.00238747015662,0.00681241484481,0.00753740578243,0.00693741328233
Gen 80
exec_eq,integer_swap,integer_gte,boolean_shove,boolean_and,vector_integer_flush,integer_lt,vector_integer_pushall,exec_do*vector_integer,vector_integer_reverse,vector_integer_concat,vector_integer_occurrencesof,vector_integer_subvec,integer_eq,vector_integer_yankdup,exec_yankdup,vector_integer_yank,vector_integer_swap,vector_integer_shove,exec_when,vector_integer_rest,boolean_or,boolean_empty,vector_integer_emptyvector,exec_do*while,integer_rot,exec_stackdepth,exec_do*range,vector_integer_replacefirst,vector_integer_last,exec_shove,boolean_xor,boolean_yankdup,boolean_frominteger,exec_yank,vector_integer_indexof,vector_integer_length,integer_div,integer_mult,integer_min,integer_flush,integer_yank,vector_integer_set,integer_max,exec_dup,exec_k,exec_noop,exec_s,exec_y,boolean_rot,vector_integer_stackdepth,integer_yankdup,vector_integer_remove,vector_integer_empty,boolean_stackdepth,exec_do*times,integer_shove,vector_integer_nth,boolean_dup,boolean_not,integer_dup,boolean_flush,boolean_pop,exec_swap,boolean_swap,integer_add,exec_flush,integer_mod,integer_inc,boolean_invert_first_then_and,exec_rot,vector_integer_contains,integer_pop,exec_pop,vector_integer_eq,vector_integer_take,boolean_invert_second_then_and,integer_sub,vector_integer_rot,boolean_yank,integer_stackdepth,integer_dec,integer_gt,vector_integer_butlast,in1,vector_integer_pop,integer_lte,vector_integer_first,boolean_eq,exec_if,vector_integer_replace,exec_empty,exec_do*count,vector_integer_conj,exec_while,integer_fromboolean,integer_empty,vector_integer_dup
0.0114196121036,0.00783940939001,0.00258021505907,0.00440735299564,0.0108146813002,0.00323452796879,0.00262959716547,0.0109998641992,0.00440735299564,0.00604930803323,0.00561721460229,0.00275305243145,0.00929618152862,0.00381476771892,0.00417278799027,0.0086789051987,0.00829619387415,0.00876532388489,0.00586412513426,0.0023950321601,0.00801224676239,0.00645671041098,0.00901223441686,0.00851841335292,0.00851841335292,0.00564190565549,0.0116788681621,0.00388884087851,0.00925914494883,0.00638263725139,0.00298761743682,0.00575301539487,0.00781471833681,0.00625918198541,0.00570363328848,0.011283811311,0.0122591079122,0.0023950321601,0.0107529536672,0.00829619387415,0.0047530277404,0.00991345785854,0.00541968617671,0.00604930803323,0.0094937099542,0.00524684880434,0.0039629140381,0.0031234182294,0.00676534857594,0.00986407575215,0.00685176726213,0.00374069455933,0.00456784484142,0.00816039308157,0.00743200701226,0.0094937099542,0.00455549931482,0.00346909297416,0.0116418315823,0.00765422649103,0.00651843804397,0.00885174257108,0.00329625560178,0.0100862952309,0.00872828730509,0.00411106035728,0.00912334415624,0.0121479981729,0.00976531153936,0.00612338119282,0.00330860112838,0.00918507178924,0.00497524721917,0.00413575141048,0.00880236046469,0.00939494574141,0.00433327983605,0.00246910531969,0.00992580338514,0.00338267428797,0.00230861347391,0.0086912507253,0.00407402377748,0.00607399908643,0.0123331810718,0.00570363328848,0.00511104801175,0.00364193034654,0.00832088492735,0.00212343057493,0.010666534981,0.00940729126801,0.00770360859742,0.0109010999864,0.00197528425575,0.00674065752275,0.00753077122505,0.00654312909717
Gen 81
exec_eq,integer_swap,integer_gte,boolean_shove,boolean_and,vector_integer_flush,integer_lt,vector_integer_pushall,exec_do*vector_integer,vector_integer_reverse,vector_integer_concat,vector_integer_occurrencesof,vector_integer_subvec,integer_eq,vector_integer_yankdup,exec_yankdup,vector_integer_yank,vector_integer_swap,vector_integer_shove,exec_when,vector_integer_rest,boolean_or,boolean_empty,vector_integer_emptyvector,exec_do*while,integer_rot,exec_stackdepth,exec_do*range,vector_integer_replacefirst,vector_integer_last,exec_shove,boolean_xor,boolean_yankdup,boolean_frominteger,exec_yank,vector_integer_indexof,vector_integer_length,integer_div,integer_mult,integer_min,integer_flush,integer_yank,vector_integer_set,integer_max,exec_dup,exec_k,exec_noop,exec_s,exec_y,boolean_rot,vector_integer_stackdepth,integer_yankdup,vector_integer_remove,vector_integer_empty,boolean_stackdepth,exec_do*times,integer_shove,vector_integer_nth,boolean_dup,boolean_not,integer_dup,boolean_flush,boolean_pop,exec_swap,boolean_swap,integer_add,exec_flush,integer_mod,integer_inc,boolean_invert_first_then_and,exec_rot,vector_integer_contains,integer_pop,exec_pop,vector_integer_eq,vector_integer_take,boolean_invert_second_then_and,integer_sub,vector_integer_rot,boolean_yank,integer_stackdepth,integer_dec,integer_gt,vector_integer_butlast,in1,vector_integer_pop,integer_lte,vector_integer_first,boolean_eq,exec_if,vector_integer_replace,exec_empty,exec_do*count,vector_integer_conj,exec_while,integer_fromboolean,integer_empty,vector_integer_dup
0.0110242558018,0.0075364934574,0.00240240972671,0.00398775624688,0.0105608468189,0.0028536237363,0.0028170388166,0.0108047462836,0.00443897025646,0.005938951964,0.00503652394483,0.00290240362922,0.00937793441543,0.00357312715699,0.00449994512262,0.00831697174425,0.00795112254729,0.00847550639626,0.00574383239229,0.00221948512823,0.00787795270789,0.00635358105389,0.0087559907806,0.00820721698516,0.00881696564676,0.00546334800795,0.0116340044634,0.00404873111304,0.00884135559322,0.00596334191046,0.00284142876306,0.00580480725845,0.00790234265436,0.00591456201754,0.00610968158925,0.0110852306679,0.0121461933391,0.00236582480701,0.0104145071402,0.00804868233314,0.00435360544384,0.00968280874623,0.00585358715138,0.00606090169632,0.00908525505787,0.00541456811502,0.00359751710345,0.0031219131474,0.00676821014378,0.00945110425483,0.0065487006256,0.00417068084536,0.00482920939989,0.00770722308265,0.00701210960842,0.00952427409422,0.00473164961403,0.00307313325447,0.0114144949452,0.00787795270789,0.00630480116096,0.00878038072706,0.00352434726406,0.00996329313057,0.00809746222607,0.00402434116657,0.00893891537908,0.0119632687406,0.00957305398715,0.00630480116096,0.00303654833478,0.00885355056646,0.00521944854331,0.00447555517616,0.00881696564676,0.00926817965635,0.00419507079182,0.00273167400398,0.01003646297,0.00337800758527,0.00235362983378,0.0081096571993,0.00390239143425,0.00568285752613,0.0121705832856,0.00558529774027,0.00520725357008,0.00325605785295,0.00840233655687,0.00236582480701,0.0105242618992,0.00914622992403,0.00786575773466,0.0110730356947,0.00212192534237,0.00674382019731,0.00736576383215,0.00663406543823
Gen 82
exec_eq,integer_swap,integer_gte,boolean_shove,boolean_and,vector_integer_flush,integer_lt,vector_integer_pushall,exec_do*vector_integer,vector_integer_reverse,vector_integer_concat,vector_integer_occurrencesof,vector_integer_subvec,integer_eq,vector_integer_yankdup,exec_yankdup,vector_integer_yank,vector_integer_swap,vector_integer_shove,exec_when,vector_integer_rest,boolean_or,boolean_empty,vector_integer_emptyvector,exec_do*while,integer_rot,exec_stackdepth,exec_do*range,vector_integer_replacefirst,vector_integer_last,exec_shove,boolean_xor,boolean_yankdup,boolean_frominteger,exec_yank,vector_integer_indexof,vector_integer_length,integer_div,integer_mult,integer_min,integer_flush,integer_yank,vector_integer_set,integer_max,exec_dup,exec_k,exec_noop,exec_s,exec_y,boolean_rot,vector_integer_stackdepth,integer_yankdup,vector_integer_remove,vector_integer_empty,boolean_stackdepth,exec_do*times,integer_shove,vector_integer_nth,boolean_dup,boolean_not,integer_dup,boolean_flush,boolean_pop,exec_swap,boolean_swap,integer_add,exec_flush,integer_mod,integer_inc,boolean_invert_first_then_and,exec_rot,vector_integer_contains,integer_pop,exec_pop,vector_integer_eq,vector_integer_take,boolean_invert_second_then_and,integer_sub,vector_integer_rot,boolean_yank,integer_stackdepth,integer_dec,integer_gt,vector_integer_butlast,in1,vector_integer_pop,integer_lte,vector_integer_first,boolean_eq,exec_if,vector_integer_replace,exec_empty,exec_do*count,vector_integer_conj,exec_while,integer_fromboolean,integer_empty,vector_integer_dup
0.010795050662,0.00744569342538,0.00246984976085,0.00406019204588,0.0101324080433,0.0026023782846,0.00293972361779,0.0109998674715,0.00409633618872,0.0059035433308,0.00449392175998,0.0030361079987,0.00916856423417,0.00424091276009,0.00440958542668,0.00831315285358,0.00802399971085,0.00821676847267,0.00527704485488,0.00207226418959,0.00796375947278,0.00625293671161,0.00837339309165,0.00774689461573,0.00869869037722,0.00579511090228,0.0115661257093,0.00437344128384,0.0085902579487,0.00575896675944,0.00245780171323,0.00527704485488,0.00789147118709,0.0059035433308,0.00568667847375,0.0109396272334,0.0119998554234,0.0022529849038,0.0102890326623,0.00784327899664,0.00428910495054,0.00924085251985,0.00562643823568,0.00566258237853,0.00868664232961,0.00556619799761,0.0037348947603,0.00296381971302,0.00671076252093,0.00953000566258,0.00620474452115,0.00413248033156,0.00497584366453,0.0080721919013,0.00657823399718,0.00920470837701,0.00449392175998,0.003120444332,0.0111926362333,0.00781918290141,0.00636136914013,0.00874688256768,0.00313249237961,0.00981915880532,0.00793966337755,0.00384332718883,0.00877097866291,0.0118432308044,0.00975891856725,0.00615655233069,0.00320478066529,0.0090239876628,0.00499993975976,0.00445777761714,0.00873483452007,0.00899989156757,0.00402404790304,0.00261442633221,0.00990349513861,0.00326502090336,0.00203612004675,0.00790351923471,0.00408428814111,0.00595173552126,0.012011903471,0.00537342923579,0.00480717099794,0.00333730918905,0.00861435404393,0.00237346537994,0.0105540897098,0.00921675642462,0.00751798171106,0.0111685401381,0.00203612004675,0.00640956133059,0.00713244418742,0.00614450428308
Gen 83
exec_eq,integer_swap,integer_gte,boolean_shove,boolean_and,vector_integer_flush,integer_lt,vector_integer_pushall,exec_do*vector_integer,vector_integer_reverse,vector_integer_concat,vector_integer_occurrencesof,vector_integer_subvec,integer_eq,vector_integer_yankdup,exec_yankdup,vector_integer_yank,vector_integer_swap,vector_integer_shove,exec_when,vector_integer_rest,boolean_or,boolean_empty,vector_integer_emptyvector,exec_do*while,integer_rot,exec_stackdepth,exec_do*range,vector_integer_replacefirst,vector_integer_last,exec_shove,boolean_xor,boolean_yankdup,boolean_frominteger,exec_yank,vector_integer_indexof,vector_integer_length,integer_div,integer_mult,integer_min,integer_flush,integer_yank,vector_integer_set,integer_max,exec_dup,exec_k,exec_noop,exec_s,exec_y,boolean_rot,vector_integer_stackdepth,integer_yankdup,vector_integer_remove,vector_integer_empty,boolean_stackdepth,exec_do*times,integer_shove,vector_integer_nth,boolean_dup,boolean_not,integer_dup,boolean_flush,boolean_pop,exec_swap,boolean_swap,integer_add,exec_flush,integer_mod,integer_inc,boolean_invert_first_then_and,exec_rot,vector_integer_contains,integer_pop,exec_pop,vector_integer_eq,vector_integer_take,boolean_invert_second_then_and,integer_sub,vector_integer_rot,boolean_yank,integer_stackdepth,integer_dec,integer_gt,vector_integer_butlast,in1,vector_integer_pop,integer_lte,vector_integer_first,boolean_eq,exec_if,vector_integer_replace,exec_empty,exec_do*count,vector_integer_conj,exec_while,integer_fromboolean,integer_empty,vector_integer_dup
0.0108332043666,0.00709515362912,0.00257139795955,0.004226140165,0.0102260687373,0.00235711479625,0.0031666289687,0.0109760598088,0.00419042630445,0.00515470053928,0.00377376459804,0.00284520422376,0.00892846513732,0.00384519231914,0.00464280187141,0.00744038761443,0.00813085558505,0.00782133546029,0.00509517743836,0.00214283163296,0.00782133546029,0.00633325793741,0.00820228330615,0.00786895394102,0.00858323115201,0.00528565136129,0.0110832013905,0.00433328174665,0.00878560969512,0.00564278996679,0.00214283163296,0.00496422661635,0.00764276615755,0.00588088237045,0.005071368198,0.0107379674051,0.0118570017024,0.00204759467149,0.01040463804,0.00786895394102,0.00426185402555,0.00927369912263,0.00540469756312,0.00557136224569,0.00899989285842,0.00540469756312,0.00332138903108,0.00282139498339,0.00599992857228,0.00939274532446,0.00565469458697,0.00447613718884,0.00503565433745,0.00778562159974,0.00602373781265,0.00939274532446,0.00444042332829,0.00329757979072,0.0110355829097,0.00764276615755,0.00627373483649,0.00896417899787,0.00304758276687,0.00945226842538,0.00803561862359,0.004226140165,0.00889275127677,0.0117617647409,0.00979750241069,0.00585707313008,0.00379757383841,0.00909512981988,0.00464280187141,0.00460708801086,0.00892846513732,0.00905941595933,0.00391662004024,0.00274996726229,0.00970226544922,0.00357138605493,0.00201188081094,0.00792847704194,0.00361900453566,0.00596421471173,0.0118689063225,0.00508327281818,0.00473803883287,0.00270234878156,0.00882132355567,0.00223806859442,0.0107498720253,0.00903560671897,0.00707134438876,0.0111665337317,0.00191664384948,0.00623802097594,0.00726181831169,0.00613087939429
Gen 84
exec_eq,integer_swap,integer_gte,boolean_shove,boolean_and,vector_integer_flush,integer_lt,vector_integer_pushall,exec_do*vector_integer,vector_integer_reverse,vector_integer_concat,vector_integer_occurrencesof,vector_integer_subvec,integer_eq,vector_integer_yankdup,exec_yankdup,vector_integer_yank,vector_integer_swap,vector_integer_shove,exec_when,vector_integer_rest,boolean_or,boolean_empty,vector_integer_emptyvector,exec_do*while,integer_rot,exec_stackdepth,exec_do*range,vector_integer_replacefirst,vector_integer_last,exec_shove,boolean_xor,boolean_yankdup,boolean_frominteger,exec_yank,vector_integer_indexof,vector_integer_length,integer_div,integer_mult,integer_min,integer_flush,integer_yank,vector_integer_set,integer_max,exec_dup,exec_k,exec_noop,exec_s,exec_y,boolean_rot,vector_integer_stackdepth,integer_yankdup,vector_integer_remove,vector_integer_empty,boolean_stackdepth,exec_do*times,integer_shove,vector_integer_nth,boolean_dup,boolean_not,integer_dup,boolean_flush,boolean_pop,exec_swap,boolean_swap,integer_add,exec_flush,integer_mod,integer_inc,boolean_invert_first_then_and,exec_rot,vector_integer_contains,integer_pop,exec_pop,vector_integer_eq,vector_integer_take,boolean_invert_second_then_and,integer_sub,vector_integer_rot,boolean_yank,integer_stackdepth,integer_dec,integer_gt,vector_integer_butlast,in1,vector_integer_pop,integer_lte,vector_integer_first,boolean_eq,exec_if,vector_integer_replace,exec_empty,exec_do*count,vector_integer_conj,exec_while,integer_fromboolean,integer_empty,vector_integer_dup
0.0106469335655,0.00689403654075,0.00241173633251,0.00389407183445,0.0102939965412,0.00237644263009,0.00284702532911,0.0107410501053,0.00428230256115,0.00502347031211,0.00372936788979,0.00242350089999,0.00877636733685,0.00377642615969,0.00465876872037,0.0073057964024,0.00830578463783,0.00734109010482,0.00475288526017,0.0021293867131,0.00759991058929,0.0060469876825,0.00838813661016,0.00835284290773,0.00842343031258,0.00476464982765,0.0109998705898,0.00462347501794,0.00902342325384,0.00521170339172,0.00203527017329,0.00472935612522,0.00757638145434,0.00544699474124,0.0048352372325,0.0110233997247,0.0117410383407,0.00183527252621,0.0105645815932,0.00801167045094,0.00354113481018,0.00950577052035,0.00504699944707,0.00542346560629,0.00899989411889,0.00487053093493,0.0034823119728,0.0030470229762,0.00569405065823,0.00954106422277,0.00544699474124,0.00495288290726,0.00468229785532,0.00727050269997,0.00563522782085,0.00930577287326,0.00421171515629,0.00332937259562,0.0108351666451,0.00727050269997,0.00639992470677,0.00925871460336,0.00281173162669,0.00959988706015,0.00835284290773,0.00408230491406,0.00905871695627,0.0116704509359,0.00999988235433,0.00547052387619,0.00378819072717,0.0090940106587,0.0043058316961,0.00479994353008,0.00885871930918,0.00916459806355,0.00414112775144,0.00241173633251,0.00944694768297,0.00356466394513,0.00209409301067,0.0086116633922,0.00363525134998,0.00596463571017,0.0117057446383,0.00521170339172,0.00485876636745,0.00281173162669,0.00850578228491,0.00204703474077,0.0105175233233,0.00922342090093,0.00672933259609,0.0107881083752,0.00181174339125,0.00541170103881,0.00769402712909,0.00567052152328
Gen 85
exec_eq,integer_swap,integer_gte,boolean_shove,boolean_and,vector_integer_flush,integer_lt,vector_integer_pushall,exec_do*vector_integer,vector_integer_reverse,vector_integer_concat,vector_integer_occurrencesof,vector_integer_subvec,integer_eq,vector_integer_yankdup,exec_yankdup,vector_integer_yank,vector_integer_swap,vector_integer_shove,exec_when,vector_integer_rest,boolean_or,boolean_empty,vector_integer_emptyvector,exec_do*while,integer_rot,exec_stackdepth,exec_do*range,vector_integer_replacefirst,vector_integer_last,exec_shove,boolean_xor,boolean_yankdup,boolean_frominteger,exec_yank,vector_integer_indexof,vector_integer_length,integer_div,integer_mult,integer_min,integer_flush,integer_yank,vector_integer_set,integer_max,exec_dup,exec_k,exec_noop,exec_s,exec_y,boolean_rot,vector_integer_stackdepth,integer_yankdup,vector_integer_remove,vector_integer_empty,boolean_stackdepth,exec_do*times,integer_shove,vector_integer_nth,boolean_dup,boolean_not,integer_dup,boolean_flush,boolean_pop,exec_swap,boolean_swap,integer_add,exec_flush,integer_mod,integer_inc,boolean_invert_first_then_and,exec_rot,vector_integer_contains,integer_pop,exec_pop,vector_integer_eq,vector_integer_take,boolean_invert_second_then_and,integer_sub,vector_integer_rot,boolean_yank,integer_stackdepth,integer_dec,integer_gt,vector_integer_butlast,in1,vector_integer_pop,integer_lte,vector_integer_first,boolean_eq,exec_if,vector_integer_replace,exec_empty,exec_do*count,vector_integer_conj,exec_while,integer_fromboolean,integer_empty,vector_integer_dup
0.0103719724189,0.0067673631702,0.00219764886455,0.00401158126068,0.010267322473,0.00208137114685,0.00286043185544,0.0105580167672,0.00417437006546,0.00480226974105,0.00359298147696,0.00239532098464,0.00848827339217,0.00336042604156,0.00473250311043,0.00739526284578,0.00854641225102,0.00706968523622,0.00489529191521,0.00199997674446,0.00739526284578,0.00631388007116,0.00855804002279,0.00844176230509,0.00831385681562,0.00443018104441,0.0109882443227,0.00445343658795,0.00877896768642,0.00490691968698,0.00163951581958,0.00482552528459,0.00749991279171,0.00525575284008,0.00488366414344,0.0109417332357,0.0116161439983,0.00193021011384,0.0104068557342,0.00822083464146,0.0033836815851,0.00959291171033,0.00530226392716,0.00477901419751,0.00917431192661,0.00489529191521,0.00351158707457,0.00281392076836,0.00490691968698,0.00953477285148,0.00526738061185,0.00554644713434,0.00447669213149,0.0073487517587,0.00517435843769,0.00932547295962,0.00411623120661,0.00301159288845,0.0108021999744,0.00737200730224,0.00655806327833,0.00926733410077,0.00298833734491,0.00941849513378,0.00826734572854,0.00393018685829,0.00908128975244,0.0115114940524,0.00997662817874,0.00576737479797,0.00344182044395,0.00898826757828,0.00445343658795,0.00479064196928,0.00880222322996,0.00940686736201,0.00441855327264,0.00270927082243,0.00949988953617,0.00352321484634,0.00196509342915,0.00869757328403,0.00348833153103,0.00555807490611,0.0115696329112,0.0050929640353,0.00441855327264,0.00268601527889,0.00893012871943,0.0022557877234,0.0104766223649,0.00922082301369,0.00605806909222,0.0107324333438,0.00188369902676,0.00548830827549,0.00789525703189,0.00545342496017
Gen 86
exec_eq,integer_swap,integer_gte,boolean_shove,boolean_and,vector_integer_flush,integer_lt,vector_integer_pushall,exec_do*vector_integer,vector_integer_reverse,vector_integer_concat,vector_integer_occurrencesof,vector_integer_subvec,integer_eq,vector_integer_yankdup,exec_yankdup,vector_integer_yank,vector_integer_swap,vector_integer_shove,exec_when,vector_integer_rest,boolean_or,boolean_empty,vector_integer_emptyvector,exec_do*while,integer_rot,exec_stackdepth,exec_do*range,vector_integer_replacefirst,vector_integer_last,exec_shove,boolean_xor,boolean_yankdup,boolean_frominteger,exec_yank,vector_integer_indexof,vector_integer_length,integer_div,integer_mult,integer_min,integer_flush,integer_yank,vector_integer_set,integer_max,exec_dup,exec_k,exec_noop,exec_s,exec_y,boolean_rot,vector_integer_stackdepth,integer_yankdup,vector_integer_remove,vector_integer_empty,boolean_stackdepth,exec_do*times,integer_shove,vector_integer_nth,boolean_dup,boolean_not,integer_dup,boolean_flush,boolean_pop,exec_swap,boolean_swap,integer_add,exec_flush,integer_mod,integer_inc,boolean_invert_first_then_and,exec_rot,vector_integer_contains,integer_pop,exec_pop,vector_integer_eq,vector_integer_take,boolean_invert_second_then_and,integer_sub,vector_integer_rot,boolean_yank,integer_stackdepth,integer_dec,integer_gt,vector_integer_butlast,in1,vector_integer_pop,integer_lte,vector_integer_first,boolean_eq,exec_if,vector_integer_replace,exec_empty,exec_do*count,vector_integer_conj,exec_while,integer_fromboolean,integer_empty,vector_integer_dup
0.0101952851117,0.00654015471087,0.00232181239296,0.00310341260445,0.0100573556626,0.00178158871737,0.00249422420432,0.0104596498891,0.00398845990276,0.00489649544258,0.00371260100459,0.0021494005816,0.00827576694521,0.00313789496672,0.00473557775198,0.0070688842657,0.00833323754899,0.00697693129964,0.00522982494454,0.00159768278526,0.00680451948828,0.00587349570695,0.00806887277158,0.00850564936035,0.00801140216779,0.00455167181986,0.0108619441156,0.00410340111033,0.00874702589625,0.00456316594062,0.00145975333617,0.00433328352548,0.00713784899024,0.00558614268802,0.00481603659728,0.010747002908,0.0114826266365,0.00195400052873,0.0105286146136,0.00791944920173,0.00322984793278,0.00950563786623,0.00510338961621,0.00464362478592,0.00904587303594,0.00437926000851,0.00304594200067,0.00251721244583,0.00486201308031,0.0094596613832,0.00520683670303,0.00534476615211,0.0042183423179,0.00672406064298,0.0054826956012,0.00914932012276,0.00424133055942,0.0030919184837,0.0106665440627,0.00688497833358,0.00622981345042,0.00918380248503,0.00289651843082,0.00871254353398,0.00797691980552,0.00366662452156,0.00890794358686,0.0113906736704,0.00982747324743,0.00570108389559,0.00324134205354,0.00864357880944,0.00431029528396,0.00457466006138,0.00848266111884,0.0092182848473,0.00433328352548,0.00278157722325,0.0094596613832,0.00331030677808,0.00208043585706,0.0085746140849,0.00337927150263,0.00544821323893,0.0114711325157,0.00471258951047,0.00427581292169,0.00255169480811,0.00891943770761,0.00225284766842,0.0106090734589,0.00898840243216,0.00579303686165,0.0105286146136,0.0016666475098,0.00565510741256,0.00774703739037,0.00528729554833
Gen 87
exec_eq,integer_swap,integer_gte,boolean_shove,boolean_and,vector_integer_flush,integer_lt,vector_integer_pushall,exec_do*vector_integer,vector_integer_reverse,vector_integer_concat,vector_integer_occurrencesof,vector_integer_subvec,integer_eq,vector_integer_yankdup,exec_yankdup,vector_integer_yank,vector_integer_swap,vector_integer_shove,exec_when,vector_integer_rest,boolean_or,boolean_empty,vector_integer_emptyvector,exec_do*while,integer_rot,exec_stackdepth,exec_do*range,vector_integer_replacefirst,vector_integer_last,exec_shove,boolean_xor,boolean_yankdup,boolean_frominteger,exec_yank,vector_integer_indexof,vector_integer_length,integer_div,integer_mult,integer_min,integer_flush,integer_yank,vector_integer_set,integer_max,exec_dup,exec_k,exec_noop,exec_s,exec_y,boolean_rot,vector_integer_stackdepth,integer_yankdup,vector_integer_remove,vector_integer_empty,boolean_stackdepth,exec_do*times,integer_shove,vector_integer_nth,boolean_dup,boolean_not,integer_dup,boolean_flush,boolean_pop,exec_swap,boolean_swap,integer_add,exec_flush,integer_mod,integer_inc,boolean_invert_first_then_and,exec_rot,vector_integer_contains,integer_pop,exec_pop,vector_integer_eq,vector_integer_take,boolean_invert_second_then_and,integer_sub,vector_integer_rot,boolean_yank,integer_stackdepth,integer_dec,integer_gt,vector_integer_butlast,in1,vector_integer_pop,integer_lte,vector_integer_first,boolean_eq,exec_if,vector_integer_replace,exec_empty,exec_do*count,vector_integer_conj,exec_while,integer_fromboolean,integer_empty,vector_integer_dup
0.0103294280747,0.00672719628186,0.00221588391041,0.00293178486608,0.00990897830706,0.00157952750537,0.00234088248997,0.0103407915819,0.00361359530005,0.0048749446029,0.00369313985068,0.00211361234531,0.00824990625107,0.00311360098181,0.00452267587868,0.00695446642652,0.00820445222213,0.00688628538312,0.0048408540812,0.00153407347644,0.00718173657118,0.00604538584789,0.00814763468597,0.00835217781616,0.00776127544005,0.00451131237145,0.0107612413495,0.0040454085749,0.00870444654038,0.00440904080635,0.00145452892581,0.0041135896183,0.00681810433972,0.00560220906581,0.00492039863183,0.0106589697844,0.0113407802184,0.00214770286701,0.0105339712049,0.00794309155578,0.00293178486608,0.00932943943819,0.00517039579096,0.00455676640038,0.00897717071397,0.0040113180532,0.00313632799627,0.00267042419973,0.00482949057397,0.00924989488756,0.00476130953057,0.00543175645731,0.00392040999534,0.00690901239759,0.00531812138498,0.00893171668504,0.00403404506767,0.0031817820252,0.0103976091181,0.00671583277463,0.00610220338405,0.00881808161271,0.00302269292394,0.00867035601868,0.00786354700515,0.00371586686515,0.00897717071397,0.0112044181316,0.00982943375643,0.00527266735605,0.00343177918433,0.00837490483063,0.00415904364723,0.00432949625572,0.00824990625107,0.00903398825013,0.00390904648811,0.00279542277929,0.00944307451052,0.00314769150351,0.0017272530994,0.00877262758378,0.00336359814093,0.00512494176203,0.0113294167112,0.00465903796548,0.00437495028466,0.00253406211293,0.00931807593096,0.00211361234531,0.0104771536687,0.00914762332246,0.00543175645731,0.0104316996398,0.00138634788241,0.0057726616743,0.00806809013534,0.00513630526926
Gen 88
exec_eq,integer_swap,integer_gte,boolean_shove,boolean_and,vector_integer_flush,integer_lt,vector_integer_pushall,exec_do*vector_integer,vector_integer_reverse,vector_integer_concat,vector_integer_occurrencesof,vector_integer_subvec,integer_eq,vector_integer_yankdup,exec_yankdup,vector_integer_yank,vector_integer_swap,vector_integer_shove,exec_when,vector_integer_rest,boolean_or,boolean_empty,vector_integer_emptyvector,exec_do*while,integer_rot,exec_stackdepth,exec_do*range,vector_integer_replacefirst,vector_integer_last,exec_shove,boolean_xor,boolean_yankdup,boolean_frominteger,exec_yank,vector_integer_indexof,vector_integer_length,integer_div,integer_mult,integer_min,integer_flush,integer_yank,vector_integer_set,integer_max,exec_dup,exec_k,exec_noop,exec_s,exec_y,boolean_rot,vector_integer_stackdepth,integer_yankdup,vector_integer_remove,vector_integer_empty,boolean_stackdepth,exec_do*times,integer_shove,vector_integer_nth,boolean_dup,boolean_not,integer_dup,boolean_flush,boolean_pop,exec_swap,boolean_swap,integer_add,exec_flush,integer_mod,integer_inc,boolean_invert_first_then_and,exec_rot,vector_integer_contains,integer_pop,exec_pop,vector_integer_eq,vector_integer_take,boolean_invert_second_then_and,integer_sub,vector_integer_rot,boolean_yank,integer_stackdepth,integer_dec,integer_gt,vector_integer_butlast,in1,vector_integer_pop,integer_lte,vector_integer_first,boolean_eq,exec_if,vector_integer_replace,exec_empty,exec_do*count,vector_integer_conj,exec_while,integer_fromboolean,integer_empty,vector_integer_dup
0.0102358400467,0.00646060156627,0.00241570319435,0.00279772137392,0.00969652026382,0.00188761924023,0.00216851496051,0.0101459534163,0.00352805024663,0.00542690531567,0.00333704115684,0.00191009089786,0.0085504657251,0.00282019303154,0.00478646307345,0.00651678071033,0.00795496679813,0.00676396894417,0.00458421815485,0.00151683688947,0.00642689407984,0.00561791440546,0.00774148605072,0.00806732508623,0.00796620262694,0.00486511387512,0.0106290940551,0.00367411602117,0.00877518230132,0.00443815238031,0.00135953528612,0.00408984168717,0.00708980797969,0.00574150852238,0.00479769890226,0.0105729149111,0.0112021213245,0.00196627004191,0.0102583117044,0.00787631599645,0.00275277805867,0.0091684363097,0.00476399141583,0.00461792564128,0.00873023898608,0.00398871922787,0.00295502297727,0.00241570319435,0.00530331119875,0.00924708711138,0.00503365130729,0.00591004595454,0.00382018179571,0.00668531814249,0.00467410478534,0.00901113470635,0.00402242671431,0.0029887304637,0.0102583117044,0.00662913899844,0.00615723418838,0.00871900315727,0.002674127257,0.008438107437,0.00770777856429,0.00334827698565,0.00886506893181,0.011112234694,0.00965157694857,0.0051460095954,0.00316850372468,0.00816844754553,0.00398871922787,0.00404489837193,0.00812350423029,0.00866282401321,0.0042246716329,0.00260671228413,0.00923585128257,0.00301120212132,0.00167413849283,0.00886506893181,0.00337074864327,0.0050448871361,0.0112358288109,0.00429208660577,0.00410107751598,0.00246064650959,0.00914596465208,0.00221345827575,0.0102583117044,0.00907854967922,0.00574150852238,0.0103819058213,0.00129212031325,0.00547184863091,0.00814597588791,0.00544937697329
Gen 89
exec_eq,integer_swap,integer_gte,boolean_shove,boolean_and,vector_integer_flush,integer_lt,vector_integer_pushall,exec_do*vector_integer,vector_integer_reverse,vector_integer_concat,vector_integer_occurrencesof,vector_integer_subvec,integer_eq,vector_integer_yankdup,exec_yankdup,vector_integer_yank,vector_integer_swap,vector_integer_shove,exec_when,vector_integer_rest,boolean_or,boolean_empty,vector_integer_emptyvector,exec_do*while,integer_rot,exec_stackdepth,exec_do*range,vector_integer_replacefirst,vector_integer_last,exec_shove,boolean_xor,boolean_yankdup,boolean_frominteger,exec_yank,vector_integer_indexof,vector_integer_length,integer_div,integer_mult,integer_min,integer_flush,integer_yank,vector_integer_set,integer_max,exec_dup,exec_k,exec_noop,exec_s,exec_y,boolean_rot,vector_integer_stackdepth,integer_yankdup,vector_integer_remove,vector_integer_empty,boolean_stackdepth,exec_do*times,integer_shove,vector_integer_nth,boolean_dup,boolean_not,integer_dup,boolean_flush,boolean_pop,exec_swap,boolean_swap,integer_add,exec_flush,integer_mod,integer_inc,boolean_invert_first_then_and,exec_rot,vector_integer_contains,integer_pop,exec_pop,vector_integer_eq,vector_integer_take,boolean_invert_second_then_and,integer_sub,vector_integer_rot,boolean_yank,integer_stackdepth,integer_dec,integer_gt,vector_integer_butlast,in1,vector_integer_pop,integer_lte,vector_integer_first,boolean_eq,exec_if,vector_integer_replace,exec_empty,exec_do*count,vector_integer_conj,exec_while,integer_fromboolean,integer_empty,vector_integer_dup
0.0100443328407,0.00551104987722,0.00211108765458,0.00302218864235,0.00977766913701,0.00193331185209,0.00207775469161,0.0100665548161,0.00327774135843,0.00508883234631,0.00315552049422,0.00204442172865,0.0083999066677,0.0027333029633,0.00466661481539,0.00588882345752,0.00821101987756,0.00641103987733,0.00439995111165,0.00151109432117,0.00635548493906,0.00558882679081,0.0079999111121,0.00805546605038,0.007422139754,0.00462217086477,0.0102443306185,0.0038110687659,0.00886656814924,0.00435550716103,0.00102221086432,0.00386662370418,0.00697770024778,0.00547771691426,0.00441106209931,0.0105109943223,0.0110554327174,0.0018555349385,0.0100443328407,0.00794435617382,0.00279996888923,0.00874434728503,0.00507772135865,0.0042888412351,0.00884434617393,0.00379995777825,0.00247775024722,0.00222219753114,0.00476661370429,0.0090776769147,0.00484439061788,0.00628881901312,0.00385551271653,0.0062443750625,0.00492216753147,0.00863323740847,0.00357773802513,0.00259997111143,0.00989989000122,0.00629993000078,0.00615548716125,0.00879990222331,0.0023333074077,0.00841101765536,0.00785546827257,0.00334440728436,0.00919989777891,0.0110443217298,0.00962211530983,0.00466661481539,0.00343329518561,0.00818879790225,0.00409995444495,0.00368884790169,0.00798880012444,0.00853323851957,0.00405551049433,0.00252219419784,0.0091776758036,0.00251108321019,0.00151109432117,0.00883323518628,0.0027333029633,0.00446661703759,0.0110776546927,0.00388884567949,0.00399995555605,0.00224441950645,0.00923323074188,0.00204442172865,0.0101109987667,0.00892212308752,0.00519994222286,0.0102554416062,0.00142220641993,0.005066610371,0.00828879679115,0.00509994333396
Gen 90
exec_eq,integer_swap,integer_gte,boolean_shove,boolean_and,vector_integer_flush,integer_lt,vector_integer_pushall,exec_do*vector_integer,vector_integer_reverse,vector_integer_concat,vector_integer_occurrencesof,vector_integer_subvec,integer_eq,vector_integer_yankdup,exec_yankdup,vector_integer_yank,vector_integer_swap,vector_integer_shove,exec_when,vector_integer_rest,boolean_or,boolean_empty,vector_integer_emptyvector,exec_do*while,integer_rot,exec_stackdepth,exec_do*range,vector_integer_replacefirst,vector_integer_last,exec_shove,boolean_xor,boolean_yankdup,boolean_frominteger,exec_yank,vector_integer_indexof,vector_integer_length,integer_div,integer_mult,integer_min,integer_flush,integer_yank,vector_integer_set,integer_max,exec_dup,exec_k,exec_noop,exec_s,exec_y,boolean_rot,vector_integer_stackdepth,integer_yankdup,vector_integer_remove,vector_integer_empty,boolean_stackdepth,exec_do*times,integer_shove,vector_integer_nth,boolean_dup,boolean_not,integer_dup,boolean_flush,boolean_pop,exec_swap,boolean_swap,integer_add,exec_flush,integer_mod,integer_inc,boolean_invert_first_then_and,exec_rot,vector_integer_contains,integer_pop,exec_pop,vector_integer_eq,vector_integer_take,boolean_invert_second_then_and,integer_sub,vector_integer_rot,boolean_yank,integer_stackdepth,integer_dec,integer_gt,vector_integer_butlast,in1,vector_integer_pop,integer_lte,vector_integer_first,boolean_eq,exec_if,vector_integer_replace,exec_empty,exec_do*count,vector_integer_conj,exec_while,integer_fromboolean,integer_empty,vector_integer_dup
0.00995593455017,0.00546147844529,0.00197800024176,0.0027142558873,0.00947242337996,0.00184613355897,0.0018900891199,0.00997791233063,0.00278018922869,0.00524170064065,0.00304392259426,0.00184613355897,0.00839551213723,0.00274722255799,0.00417577828815,0.00590103405457,0.00852737882001,0.00599993406666,0.00423072273931,0.00171426687619,0.00636256744431,0.00560433401831,0.0078021120647,0.00796694541818,0.00736255645542,0.00437357831233,0.0104064790497,0.00390105603235,0.00887902330744,0.00456038944627,0.00129668904737,0.00365930044725,0.00636256744431,0.00560433401831,0.00478016725091,0.0103845012692,0.0108899902199,0.00157141130317,0.010043845672,0.00808782321073,0.00251645586312,0.00845045658839,0.00499994505555,0.00428566719047,0.00897792331952,0.0040219338249,0.00218678915616,0.00218678915616,0.00447247832441,0.0088680344172,0.00483511170207,0.00581312293272,0.00368127822771,0.00623070076153,0.00462632278766,0.00870320106372,0.00352743376446,0.00241755585103,0.00979110119669,0.00638454522478,0.00654937857826,0.00874715662465,0.00248348919243,0.00809881210097,0.00779112317447,0.00320875594774,0.00938451225811,0.0109229568906,0.00975813452599,0.00425270051977,0.00320875594774,0.00795595652795,0.00386808936166,0.00408786716629,0.0080768343205,0.00848342325909,0.00386808936166,0.00251645586312,0.00925264557532,0.00241755585103,0.00186811133944,0.00885704552697,0.00282414478962,0.00446148943418,0.0109559235613,0.00380215602026,0.00430764497093,0.00221975582686,0.00923066779486,0.00236261139987,0.00994494565994,0.0092086900144,0.00493401171416,0.0101976901353,0.00128570015714,0.00521972286019,0.00864825661256,0.00531862287228
Gen 91
exec_eq,integer_swap,integer_gte,boolean_shove,boolean_and,vector_integer_flush,integer_lt,vector_integer_pushall,exec_do*vector_integer,vector_integer_reverse,vector_integer_concat,vector_integer_occurrencesof,vector_integer_subvec,integer_eq,vector_integer_yankdup,exec_yankdup,vector_integer_yank,vector_integer_swap,vector_integer_shove,exec_when,vector_integer_rest,boolean_or,boolean_empty,vector_integer_emptyvector,exec_do*while,integer_rot,exec_stackdepth,exec_do*range,vector_integer_replacefirst,vector_integer_last,exec_shove,boolean_xor,boolean_yankdup,boolean_frominteger,exec_yank,vector_integer_indexof,vector_integer_length,integer_div,integer_mult,integer_min,integer_flush,integer_yank,vector_integer_set,integer_max,exec_dup,exec_k,exec_noop,exec_s,exec_y,boolean_rot,vector_integer_stackdepth,integer_yankdup,vector_integer_remove,vector_integer_empty,boolean_stackdepth,exec_do*times,integer_shove,vector_integer_nth,boolean_dup,boolean_not,integer_dup,boolean_flush,boolean_pop,exec_swap,boolean_swap,integer_add,exec_flush,integer_mod,integer_inc,boolean_invert_first_then_and,exec_rot,vector_integer_contains,integer_pop,exec_pop,vector_integer_eq,vector_integer_take,boolean_invert_second_then_and,integer_sub,vector_integer_rot,boolean_yank,integer_stackdepth,integer_dec,integer_gt,vector_integer_butlast,in1,vector_integer_pop,integer_lte,vector_integer_first,boolean_eq,exec_if,vector_integer_replace,exec_empty,exec_do*count,vector_integer_conj,exec_while,integer_fromboolean,integer_empty,vector_integer_dup
0.0098585884936,0.00554341800633,0.00201084770818,0.0030977924153,0.00964119955218,0.00167389484897,0.0017391115314,0.00981511070532,0.00280431734438,0.00541298464147,0.00260866729709,0.00190215323746,0.0085759937392,0.00273910066195,0.00419560656949,0.00571732915947,0.00885859936305,0.00577167639482,0.00382604536907,0.00188041434332,0.00583689307725,0.00519559570005,0.00797817415028,0.00790208802078,0.00749991847915,0.0044564732992,0.0104020608472,0.00351083140401,0.00913033553983,0.00447821219335,0.00142389756633,0.00344561472158,0.00664123216052,0.0051738568059,0.00466299279356,0.0101955413528,0.0108585776242,0.0014347670134,0.00998902185846,0.00807599917392,0.00224997554374,0.00815208530342,0.00493472897034,0.00429343159313,0.00908685775155,0.00407604265171,0.00216301996717,0.00205432549646,0.00446734274627,0.00896729383376,0.00455429832284,0.00589124031261,0.00347822306279,0.00610862925403,0.00434777882849,0.0087281659982,0.00334778969794,0.00246736448517,0.0095216356344,0.00585863197139,0.00645645156031,0.00883686046891,0.0024564950381,0.00804339083271,0.00802165193857,0.00292388126216,0.00954337452854,0.0108150998359,0.00992380517603,0.00399995652221,0.00307605352116,0.0077064379735,0.00345648416865,0.003815175922,0.00790208802078,0.00838034369192,0.00352170085108,0.00233693112031,0.00915207443397,0.00244562559103,0.00178258931968,0.00877164378648,0.00260866729709,0.00418473712242,0.0108259692829,0.00365213421593,0.00383691481614,0.00180432821382,0.00926076890469,0.00272823121488,0.00979337181118,0.00911946609276,0.00454342887577,0.010075977435,0.00123911696612,0.00482603449963,0.0086520798687,0.00498907620569
Gen 92
exec_eq,integer_swap,integer_gte,boolean_shove,boolean_and,vector_integer_flush,integer_lt,vector_integer_pushall,exec_do*vector_integer,vector_integer_reverse,vector_integer_concat,vector_integer_occurrencesof,vector_integer_subvec,integer_eq,vector_integer_yankdup,exec_yankdup,vector_integer_yank,vector_integer_swap,vector_integer_shove,exec_when,vector_integer_rest,boolean_or,boolean_empty,vector_integer_emptyvector,exec_do*while,integer_rot,exec_stackdepth,exec_do*range,vector_integer_replacefirst,vector_integer_last,exec_shove,boolean_xor,boolean_yankdup,boolean_frominteger,exec_yank,vector_integer_indexof,vector_integer_length,integer_div,integer_mult,integer_min,integer_flush,integer_yank,vector_integer_set,integer_max,exec_dup,exec_k,exec_noop,exec_s,exec_y,boolean_rot,vector_integer_stackdepth,integer_yankdup,vector_integer_remove,vector_integer_empty,boolean_stackdepth,exec_do*times,integer_shove,vector_integer_nth,boolean_dup,boolean_not,integer_dup,boolean_flush,boolean_pop,exec_swap,boolean_swap,integer_add,exec_flush,integer_mod,integer_inc,boolean_invert_first_then_and,exec_rot,vector_integer_contains,integer_pop,exec_pop,vector_integer_eq,vector_integer_take,boolean_invert_second_then_and,integer_sub,vector_integer_rot,boolean_yank,integer_stackdepth,integer_dec,integer_gt,vector_integer_butlast,in1,vector_integer_pop,integer_lte,vector_integer_first,boolean_eq,exec_if,vector_integer_replace,exec_empty,exec_do*count,vector_integer_conj,exec_while,integer_fromboolean,integer_empty,vector_integer_dup
0.00988161417619,0.00533327598628,0.00175266932614,0.00319351404824,0.00943000612897,0.00155912302018,0.00207524650273,0.00966656272513,0.00291394716186,0.00588165718648,0.0027204008559,0.00204298878507,0.00851603746196,0.00236556596166,0.00420425586822,0.00584939946882,0.00890313007387,0.00590316233159,0.0039569466995,0.00183868990656,0.00621498693562,0.00555908000989,0.00810743970495,0.0079353985441,0.00746228535177,0.00422576101332,0.0102794593607,0.00378490553865,0.00870958376792,0.00424726615843,0.00130106127891,0.00369888495823,0.00625799722584,0.00545155428436,0.00472037935076,0.0100321501919,0.0107203148353,0.00174191675358,0.00989236674874,0.00818270771282,0.00222578251847,0.00824722314814,0.00510747196267,0.00427952387609,0.00891388264642,0.00422576101332,0.00221502994591,0.00203223621251,0.00495693594693,0.00876334663068,0.00472037935076,0.00592466747669,0.00354834894248,0.00621498693562,0.00427952387609,0.00859130546983,0.0037741529661,0.0025376071225,0.0093547381211,0.00553757486479,0.00658057440243,0.00831173858346,0.00239782367932,0.00844076945409,0.00761282136751,0.00321501919334,0.00936549069365,0.0107203148353,0.00982785131343,0.00389243126418,0.00291394716186,0.00744078020666,0.00367737981312,0.00375264782099,0.00778486252836,0.0083009860109,0.00369888495823,0.00247309168719,0.00903216094451,0.00265588542059,0.00165589617316,0.00860205804239,0.00239782367932,0.00430102902119,0.0107418199804,0.00383866840142,0.00435479188396,0.00164514360061,0.00945151127407,0.00290319458931,0.00951602670939,0.00896764550919,0.00513972968033,0.0099031193213,0.00131181385146,0.00524725540586,0.00838700659133,0.00508596681756
Gen 93
exec_eq,integer_swap,integer_gte,boolean_shove,boolean_and,vector_integer_flush,integer_lt,vector_integer_pushall,exec_do*vector_integer,vector_integer_reverse,vector_integer_concat,vector_integer_occurrencesof,vector_integer_subvec,integer_eq,vector_integer_yankdup,exec_yankdup,vector_integer_yank,vector_integer_swap,vector_integer_shove,exec_when,vector_integer_rest,boolean_or,boolean_empty,vector_integer_emptyvector,exec_do*while,integer_rot,exec_stackdepth,exec_do*range,vector_integer_replacefirst,vector_integer_last,exec_shove,boolean_xor,boolean_yankdup,boolean_frominteger,exec_yank,vector_integer_indexof,vector_integer_length,integer_div,integer_mult,integer_min,integer_flush,integer_yank,vector_integer_set,integer_max,exec_dup,exec_k,exec_noop,exec_s,exec_y,boolean_rot,vector_integer_stackdepth,integer_yankdup,vector_integer_remove,vector_integer_empty,boolean_stackdepth,exec_do*times,integer_shove,vector_integer_nth,boolean_dup,boolean_not,integer_dup,boolean_flush,boolean_pop,exec_swap,boolean_swap,integer_add,exec_flush,integer_mod,integer_inc,boolean_invert_first_then_and,exec_rot,vector_integer_contains,integer_pop,exec_pop,vector_integer_eq,vector_integer_take,boolean_invert_second_then_and,integer_sub,vector_integer_rot,boolean_yank,integer_stackdepth,integer_dec,integer_gt,vector_integer_butlast,in1,vector_integer_pop,integer_lte,vector_integer_first,boolean_eq,exec_if,vector_integer_replace,exec_empty,exec_do*count,vector_integer_conj,exec_while,integer_fromboolean,integer_empty,vector_integer_dup
0.00945734619844,0.00525526324188,0.00165955681323,0.00279784257614,0.00928713524324,0.00160636588972,0.00197870235423,0.00960628078425,0.00257444069744,0.00570206699929,0.00274465165264,0.00215955149413,0.00805310581802,0.00256380251274,0.00419144477186,0.00599993617089,0.00868075871533,0.00567015244519,0.00394676652376,0.00178721502963,0.0064999308518,0.00532973053478,0.00806374400272,0.00759566387592,0.00740417655131,0.00379783193796,0.010042446357,0.00414889203306,0.00851054776013,0.00397868107786,0.00122339124052,0.00372336464506,0.00595738343209,0.00543611238178,0.00442548483527,0.00984032084765,0.0106381847002,0.00151062222742,0.00975521537005,0.00809565855682,0.00222338060233,0.00824459314263,0.00498930862438,0.00420208295656,0.00855310049893,0.00396804289316,0.00258507888214,0.00213827512473,0.00472335400687,0.00870203508473,0.00457441942107,0.00565951426049,0.00361698279806,0.00587227795449,0.00429782661887,0.00835097498963,0.00354251550515,0.00268082254444,0.00920202976564,0.00546802693588,0.0065956745141,0.00817012584973,0.00262763162094,0.00824459314263,0.00759566387592,0.00336166636525,0.00917011521154,0.010574355592,0.00975521537005,0.00374464101446,0.00265954617504,0.00731907107371,0.00365953553686,0.00375527919916,0.00744672929011,0.00835097498963,0.00348932458165,0.00268082254444,0.00899990425634,0.00288294805374,0.00182976776843,0.00846799502133,0.00255316432804,0.00420208295656,0.0105956319614,0.00348932458165,0.00449995212817,0.00187232050723,0.00923394431974,0.00253188795864,0.00912756247274,0.00881905511643,0.00497867043968,0.00985095903235,0.00128722034872,0.00512760502548,0.00823395495793,0.00491484133148
Gen 94
exec_eq,integer_swap,integer_gte,boolean_shove,boolean_and,vector_integer_flush,integer_lt,vector_integer_pushall,exec_do*vector_integer,vector_integer_reverse,vector_integer_concat,vector_integer_occurrencesof,vector_integer_subvec,integer_eq,vector_integer_yankdup,exec_yankdup,vector_integer_yank,vector_integer_swap,vector_integer_shove,exec_when,vector_integer_rest,boolean_or,boolean_empty,vector_integer_emptyvector,exec_do*while,integer_rot,exec_stackdepth,exec_do*range,vector_integer_replacefirst,vector_integer_last,exec_shove,boolean_xor,boolean_yankdup,boolean_frominteger,exec_yank,vector_integer_indexof,vector_integer_length,integer_div,integer_mult,integer_min,integer_flush,integer_yank,vector_integer_set,integer_max,exec_dup,exec_k,exec_noop,exec_s,exec_y,boolean_rot,vector_integer_stackdepth,integer_yankdup,vector_integer_remove,vector_integer_empty,boolean_stackdepth,exec_do*times,integer_shove,vector_integer_nth,boolean_dup,boolean_not,integer_dup,boolean_flush,boolean_pop,exec_swap,boolean_swap,integer_add,exec_flush,integer_mod,integer_inc,boolean_invert_first_then_and,exec_rot,vector_integer_contains,integer_pop,exec_pop,vector_integer_eq,vector_integer_take,boolean_invert_second_then_and,integer_sub,vector_integer_rot,boolean_yank,integer_stackdepth,integer_dec,integer_gt,vector_integer_butlast,in1,vector_integer_pop,integer_lte,vector_integer_first,boolean_eq,exec_if,vector_integer_replace,exec_empty,exec_do*count,vector_integer_conj,exec_while,integer_fromboolean,integer_empty,vector_integer_dup
0.0092946390038,0.00518941905875,0.00168419279797,0.00277891811665,0.009126219724,0.00146314249324,0.00170524520795,0.00953674171851,0.00225260786729,0.00556836243829,0.00283154914159,0.00201050515258,0.00814728266018,0.00272628709171,0.00389469584531,0.00586309617793,0.00877885495942,0.00511573562384,0.00428416542984,0.0015789307481,0.00637888022231,0.00543152177346,0.00783149651056,0.00765255102578,0.00747360554099,0.00368417174556,0.00982094925317,0.00374732897548,0.00829464953,0.00389469584531,0.00131577562341,0.00377890759045,0.00628414437743,0.00546310038842,0.00515784044378,0.00986305407312,0.0105156787823,0.00150524731319,0.00963147756339,0.00806307302028,0.00239997473711,0.00816833507016,0.00536836454353,0.00416837717498,0.00842096398985,0.00437890127472,0.00248418437701,0.00199997894759,0.00494731634404,0.00841043778487,0.00474731844928,0.00559994105325,0.00369469795055,0.00576836033305,0.00437890127472,0.00826307091504,0.00419995578994,0.00251576299197,0.00913674592899,0.00534731213356,0.00679992842181,0.00810517784023,0.00261049883685,0.00823149230008,0.00753676277092,0.00329470216103,0.00914727213398,0.0104525215524,0.00965252997337,0.00361048831065,0.00248418437701,0.00724202903127,0.00417890337996,0.00388416964032,0.00743150072105,0.00810517784023,0.00352627867075,0.00288418016652,0.00893674803423,0.00292628498647,0.00193682171767,0.00839991157988,0.0022420816623,0.00403153651014,0.0105262049873,0.00324207113609,0.00397890548521,0.00196840033263,0.00910516731403,0.00269470847675,0.00908411490405,0.00875780254945,0.0050631045989,0.00997884232798,0.00127367080347,0.00498942116399,0.00799991579036,0.00492626393406
Gen 95
exec_eq,integer_swap,integer_gte,boolean_shove,boolean_and,vector_integer_flush,integer_lt,vector_integer_pushall,exec_do*vector_integer,vector_integer_reverse,vector_integer_concat,vector_integer_occurrencesof,vector_integer_subvec,integer_eq,vector_integer_yankdup,exec_yankdup,vector_integer_yank,vector_integer_swap,vector_integer_shove,exec_when,vector_integer_rest,boolean_or,boolean_empty,vector_integer_emptyvector,exec_do*while,integer_rot,exec_stackdepth,exec_do*range,vector_integer_replacefirst,vector_integer_last,exec_shove,boolean_xor,boolean_yankdup,boolean_frominteger,exec_yank,vector_integer_indexof,vector_integer_length,integer_div,integer_mult,integer_min,integer_flush,integer_yank,vector_integer_set,integer_max,exec_dup,exec_k,exec_noop,exec_s,exec_y,boolean_rot,vector_integer_stackdepth,integer_yankdup,vector_integer_remove,vector_integer_empty,boolean_stackdepth,exec_do*times,integer_shove,vector_integer_nth,boolean_dup,boolean_not,integer_dup,boolean_flush,boolean_pop,exec_swap,boolean_swap,integer_add,exec_flush,integer_mod,integer_inc,boolean_invert_first_then_and,exec_rot,vector_integer_contains,integer_pop,exec_pop,vector_integer_eq,vector_integer_take,boolean_invert_second_then_and,integer_sub,vector_integer_rot,boolean_yank,integer_stackdepth,integer_dec,integer_gt,vector_integer_butlast,in1,vector_integer_pop,integer_lte,vector_integer_first,boolean_eq,exec_if,vector_integer_replace,exec_empty,exec_do*count,vector_integer_conj,exec_while,integer_fromboolean,integer_empty,vector_integer_dup
0.00910407183259,0.00538536056916,0.00147915125884,0.00274997135447,0.00928115332132,0.00157290028229,0.00185414735263,0.00938531890293,0.00219789377194,0.00565619108134,0.00248955740044,0.00199997916688,0.00784366829512,0.00254164019125,0.00380204372871,0.00604160373329,0.00838532931949,0.00485411610296,0.00413537358986,0.00151040093332,0.00617701898939,0.00545827647629,0.00756242122478,0.00736450661972,0.00733325694524,0.0034582973094,0.00982281434568,0.00394787554296,0.00828116373788,0.0039374589848,0.00149998437516,0.00386454307768,0.00608326996594,0.00533327777836,0.00519786252227,0.00968739908959,0.0103853084864,0.00162498307309,0.00960406662431,0.00797908355121,0.00222914344642,0.00799991666753,0.00557285861606,0.00468745117238,0.00849991145926,0.00452078624181,0.00251039051677,0.00201039572504,0.00516661284778,0.00833324652868,0.00504161414985,0.00512494661514,0.00356246289101,0.00570827387215,0.00408329079905,0.00810408224914,0.00394787554296,0.00255205674941,0.00892699034385,0.00526036187123,0.00674992968823,0.00803116634202,0.002395808377,0.00812491536546,0.00719784168915,0.0032187164717,0.00891657378569,0.0103436422537,0.0094999010427,0.00362496223998,0.00253122363309,0.00713534234018,0.00380204372871,0.00380204372871,0.0070520098749,0.00788533452777,0.00354162977469,0.00301038530849,0.00861449359903,0.00259372298205,0.00162498307309,0.00832282997052,0.00260413954021,0.00427078884595,0.0103957250445,0.00310413433193,0.00365621191446,0.00189581358528,0.00885407443672,0.00260413954021,0.00904157248362,0.00876032541328,0.00526036187123,0.00981239778752,0.00136456911907,0.00509369694066,0.00789575108593,0.00495828168457
Gen 96
exec_eq,integer_swap,integer_gte,boolean_shove,boolean_and,vector_integer_flush,integer_lt,vector_integer_pushall,exec_do*vector_integer,vector_integer_reverse,vector_integer_concat,vector_integer_occurrencesof,vector_integer_subvec,integer_eq,vector_integer_yankdup,exec_yankdup,vector_integer_yank,vector_integer_swap,vector_integer_shove,exec_when,vector_integer_rest,boolean_or,boolean_empty,vector_integer_emptyvector,exec_do*while,integer_rot,exec_stackdepth,exec_do*range,vector_integer_replacefirst,vector_integer_last,exec_shove,boolean_xor,boolean_yankdup,boolean_frominteger,exec_yank,vector_integer_indexof,vector_integer_length,integer_div,integer_mult,integer_min,integer_flush,integer_yank,vector_integer_set,integer_max,exec_dup,exec_k,exec_noop,exec_s,exec_y,boolean_rot,vector_integer_stackdepth,integer_yankdup,vector_integer_remove,vector_integer_empty,boolean_stackdepth,exec_do*times,integer_shove,vector_integer_nth,boolean_dup,boolean_not,integer_dup,boolean_flush,boolean_pop,exec_swap,boolean_swap,integer_add,exec_flush,integer_mod,integer_inc,boolean_invert_first_then_and,exec_rot,vector_integer_contains,integer_pop,exec_pop,vector_integer_eq,vector_integer_take,boolean_invert_second_then_and,integer_sub,vector_integer_rot,boolean_yank,integer_stackdepth,integer_dec,integer_gt,vector_integer_butlast,in1,vector_integer_pop,integer_lte,vector_integer_first,boolean_eq,exec_if,vector_integer_replace,exec_empty,exec_do*count,vector_integer_conj,exec_while,integer_fromboolean,integer_empty,vector_integer_dup
0.0091236172823,0.00527829610004,0.00144328408985,0.0025772930176,0.00936072823992,0.00153606663849,0.00188657848888,0.00906176224987,0.00211338027443,0.00546386119731,0.00248451046896,0.00217523530685,0.00808239090319,0.00250512881311,0.00347419098772,0.00560818960629,0.00852568530221,0.00469067329203,0.00370099277327,0.00164946753126,0.00611333903774,0.00526798692797,0.00781435242936,0.00756693229967,0.00713394707271,0.00376284780569,0.0097834042948,0.00385563035433,0.00850506695807,0.00390717621468,0.00136081071329,0.00374222946155,0.00625766744673,0.00516489520727,0.0048040741848,0.00969062174617,0.0102988628983,0.00159792167091,0.00959783919753,0.00782466160143,0.00241234626447,0.00797929918248,0.00554633457387,0.00438139812992,0.00886588798054,0.00443294399027,0.00262883887795,0.00185565097267,0.00513396769105,0.00842259358151,0.00457727239925,0.00560818960629,0.0033092442346,0.00528860527211,0.00415459634437,0.00823702848424,0.0039690312471,0.00256698384553,0.0090514530778,0.00511334934691,0.00686590859888,0.00829888351666,0.00230925454377,0.00792775332213,0.00723703879341,0.0034123359553,0.00904114390573,0.0102988628983,0.00951536582097,0.00372161111741,0.00246389212482,0.00716487458892,0.00406181379573,0.00383501201019,0.00703085535201,0.00759785981588,0.0033092442346,0.00301027824455,0.00874217791569,0.00245358295275,0.0016700858754,0.00818548262389,0.00260822053381,0.00454634488304,0.0102988628983,0.00286594983557,0.00338140843909,0.00163915835919,0.00891743384089,0.00309275162112,0.00918547231472,0.0087731054319,0.00512365851898,0.00972154926238,0.00135050154122,0.0051545860352,0.00812362759147,0.00493809342172
Gen 97
exec_eq,integer_swap,integer_gte,boolean_shove,boolean_and,vector_integer_flush,integer_lt,vector_integer_pushall,exec_do*vector_integer,vector_integer_reverse,vector_integer_concat,vector_integer_occurrencesof,vector_integer_subvec,integer_eq,vector_integer_yankdup,exec_yankdup,vector_integer_yank,vector_integer_swap,vector_integer_shove,exec_when,vector_integer_rest,boolean_or,boolean_empty,vector_integer_emptyvector,exec_do*while,integer_rot,exec_stackdepth,exec_do*range,vector_integer_replacefirst,vector_integer_last,exec_shove,boolean_xor,boolean_yankdup,boolean_frominteger,exec_yank,vector_integer_indexof,vector_integer_length,integer_div,integer_mult,integer_min,integer_flush,integer_yank,vector_integer_set,integer_max,exec_dup,exec_k,exec_noop,exec_s,exec_y,boolean_rot,vector_integer_stackdepth,integer_yankdup,vector_integer_remove,vector_integer_empty,boolean_stackdepth,exec_do*times,integer_shove,vector_integer_nth,boolean_dup,boolean_not,integer_dup,boolean_flush,boolean_pop,exec_swap,boolean_swap,integer_add,exec_flush,integer_mod,integer_inc,boolean_invert_first_then_and,exec_rot,vector_integer_contains,integer_pop,exec_pop,vector_integer_eq,vector_integer_take,boolean_invert_second_then_and,integer_sub,vector_integer_rot,boolean_yank,integer_stackdepth,integer_dec,integer_gt,vector_integer_butlast,in1,vector_integer_pop,integer_lte,vector_integer_first,boolean_eq,exec_if,vector_integer_replace,exec_empty,exec_do*count,vector_integer_conj,exec_while,integer_fromboolean,integer_empty,vector_integer_dup
0.00918357975939,0.00522443648534,0.00151018867154,0.00238773073744,0.009295823512,0.00153059662657,0.00165304435669,0.00912235589433,0.00191834777196,0.00534688421547,0.0024489546025,0.00193875572698,0.00810195814328,0.00252038244508,0.0032244568933,0.00539790410302,0.008316241671,0.00475505351986,0.00326527280334,0.00171426822175,0.00602034673116,0.00482648136244,0.00744890358262,0.00771420699789,0.00681625697697,0.00347955633106,0.00970398261242,0.00358159610616,0.00856113713125,0.00330608871338,0.00113264150366,0.00343874042102,0.00651013765166,0.00496933704758,0.00491831716003,0.00976520647748,0.0102039775104,0.00140814889644,0.00946929112968,0.00769379904287,0.0021530392547,0.00795910245814,0.00548973990061,0.00418363077928,0.00859174906379,0.0043060785094,0.00226528300732,0.0020509994796,0.00460199385721,0.00841828144611,0.00471423760982,0.00552035183314,0.00330608871338,0.00482648136244,0.0041122029367,0.00810195814328,0.00412240691422,0.00218365118723,0.00888766441159,0.00517341659779,0.0067448291344,0.00816318200835,0.00207140743462,0.00790808257059,0.00687748084203,0.00314282507321,0.00882644054653,0.0101937735329,0.00933663942205,0.00356118815114,0.00255099437761,0.00715298823481,0.00393873531903,0.00373465576882,0.00735706778502,0.00762237120029,0.00346935235355,0.00281629779288,0.00866317690636,0.00271425801778,0.00152039264905,0.00842848542362,0.00263262619769,0.0043060785094,0.0101835695554,0.00238773073744,0.00339792451097,0.00161222844665,0.00869378883889,0.0031326210957,0.00937745533209,0.00878562463648,0.00480607340741,0.0095815348823,0.00138774094142,0.00509178477771,0.00823460985092,0.00472444158733
Gen 98
exec_eq,integer_swap,integer_gte,boolean_shove,boolean_and,vector_integer_flush,integer_lt,vector_integer_pushall,exec_do*vector_integer,vector_integer_reverse,vector_integer_concat,vector_integer_occurrencesof,vector_integer_subvec,integer_eq,vector_integer_yankdup,exec_yankdup,vector_integer_yank,vector_integer_swap,vector_integer_shove,exec_when,vector_integer_rest,boolean_or,boolean_empty,vector_integer_emptyvector,exec_do*while,integer_rot,exec_stackdepth,exec_do*range,vector_integer_replacefirst,vector_integer_last,exec_shove,boolean_xor,boolean_yankdup,boolean_frominteger,exec_yank,vector_integer_indexof,vector_integer_length,integer_div,integer_mult,integer_min,integer_flush,integer_yank,vector_integer_set,integer_max,exec_dup,exec_k,exec_noop,exec_s,exec_y,boolean_rot,vector_integer_stackdepth,integer_yankdup,vector_integer_remove,vector_integer_empty,boolean_stackdepth,exec_do*times,integer_shove,vector_integer_nth,boolean_dup,boolean_not,integer_dup,boolean_flush,boolean_pop,exec_swap,boolean_swap,integer_add,exec_flush,integer_mod,integer_inc,boolean_invert_first_then_and,exec_rot,vector_integer_contains,integer_pop,exec_pop,vector_integer_eq,vector_integer_take,boolean_invert_second_then_and,integer_sub,vector_integer_rot,boolean_yank,integer_stackdepth,integer_dec,integer_gt,vector_integer_butlast,in1,vector_integer_pop,integer_lte,vector_integer_first,boolean_eq,exec_if,vector_integer_replace,exec_empty,exec_do*count,vector_integer_conj,exec_while,integer_fromboolean,integer_empty,vector_integer_dup
0.00898980818376,0.00499994949546,0.00175755800446,0.00213129160312,0.00916152362097,0.00126261350895,0.00119190715245,0.00885849637882,0.00157574165918,0.00533327946182,0.00236361248876,0.00192927344168,0.00791911192816,0.00245452066141,0.00287875880042,0.00490904132281,0.0083332491591,0.00417167503359,0.00292926334077,0.00115150352017,0.00585852668155,0.00489894041474,0.00732315835194,0.00760598377794,0.00636357208513,0.00348481328471,0.00965646811648,0.0035959232735,0.00852516641246,0.00328279512328,0.00111109988788,0.00335350147978,0.0057676185089,0.00460601408067,0.00449490409188,0.00969687174877,0.0100807062555,0.00133331986546,0.0096160644842,0.00748477288108,0.00187876890132,0.00780800193937,0.00528277492147,0.00416157412551,0.00863627640125,0.00404036322865,0.00214139251119,0.00169695255603,0.00412117049323,0.00834335006717,0.00437369319502,0.00550499489904,0.0033130978475,0.0042726841143,0.00389895051565,0.00795951556045,0.00412117049323,0.00181816345289,0.0090100099999,0.00499994949546,0.00677770931607,0.00808072645731,0.00196967707397,0.0074443692488,0.00688881930486,0.00328279512328,0.00889890001111,0.0100908071636,0.00931303724205,0.00315148331835,0.00240401612105,0.00693932384521,0.00360602418157,0.00357572145736,0.00716154382279,0.00742416743265,0.00327269421521,0.00229290613226,0.00895950545954,0.00273734608741,0.00157574165918,0.00859587276896,0.00242421793719,0.00410096867708,0.0101009080716,0.00202018161433,0.00347471237664,0.00172725528025,0.00858577186089,0.00301007060535,0.00904031272411,0.00892920273533,0.00423228048202,0.0095453581277,0.00134342077353,0.00465651862102,0.00824234098645,0.00505045403582
Gen 99
exec_eq,integer_swap,integer_gte,boolean_shove,boolean_and,vector_integer_flush,integer_lt,vector_integer_pushall,exec_do*vector_integer,vector_integer_reverse,vector_integer_concat,vector_integer_occurrencesof,vector_integer_subvec,integer_eq,vector_integer_yankdup,exec_yankdup,vector_integer_yank,vector_integer_swap,vector_integer_shove,exec_when,vector_integer_rest,boolean_or,boolean_empty,vector_integer_emptyvector,exec_do*while,integer_rot,exec_stackdepth,exec_do*range,vector_integer_replacefirst,vector_integer_last,exec_shove,boolean_xor,boolean_yankdup,boolean_frominteger,exec_yank,vector_integer_indexof,vector_integer_length,integer_div,integer_mult,integer_min,integer_flush,integer_yank,vector_integer_set,integer_max,exec_dup,exec_k,exec_noop,exec_s,exec_y,boolean_rot,vector_integer_stackdepth,integer_yankdup,vector_integer_remove,vector_integer_empty,boolean_stackdepth,exec_do*times,integer_shove,vector_integer_nth,boolean_dup,boolean_not,integer_dup,boolean_flush,boolean_pop,exec_swap,boolean_swap,integer_add,exec_flush,integer_mod,integer_inc,boolean_invert_first_then_and,exec_rot,vector_integer_contains,integer_pop,exec_pop,vector_integer_eq,vector_integer_take,boolean_invert_second_then_and,integer_sub,vector_integer_rot,boolean_yank,integer_stackdepth,integer_dec,integer_gt,vector_integer_butlast,in1,vector_integer_pop,integer_lte,vector_integer_first,boolean_eq,exec_if,vector_integer_replace,exec_empty,exec_do*count,vector_integer_conj,exec_while,integer_fromboolean,integer_empty,vector_integer_dup
0.0089699103009,0.00471995280047,0.00168998310017,0.00239997600024,0.00922990770092,0.00166998330017,0.00125998740013,0.00876991230088,0.00172998270017,0.00546994530055,0.00209997900021,0.00178998210018,0.00769992300077,0.00249997500025,0.00272997270027,0.00486995130049,0.00818991810082,0.0039699603004,0.00308996910031,0.00142998570014,0.00583994160058,0.00472995270047,0.00707992920071,0.00728992710073,0.00606993930061,0.0029599704003,0.00949990500095,0.00348996510035,0.00849991500085,0.00337996620034,0.000989990100099,0.00322996770032,0.0060299397006,0.00439995600044,0.00437995620044,0.00961990380096,0.009959900401,0.00137998620014,0.00959990400096,0.00745992540075,0.0019999800002,0.00738992610074,0.00509994900051,0.0039699603004,0.00854991450085,0.00370996290037,0.00222997770022,0.00183998160018,0.0039899601004,0.00829991700083,0.00414995850041,0.00569994300057,0.00308996910031,0.0040199598004,0.00378996210038,0.00785992140079,0.0040499595004,0.00177998220018,0.0089599104009,0.00485995140049,0.00643993560064,0.00822991770082,0.00177998220018,0.00740992590074,0.0069699303007,0.00332996670033,0.0090299097009,0.009989900101,0.00934990650093,0.00283997160028,0.00211997880021,0.00708992910071,0.00364996350036,0.00309996900031,0.0070199298007,0.00738992610074,0.00328996710033,0.00249997500025,0.0090099099009,0.00276997230028,0.00178998210018,0.00859991400086,0.00229997700023,0.00429995700043,0.009969900301,0.00212997870021,0.00337996620034,0.00160998390016,0.00832991670083,0.00283997160028,0.0089899101009,0.00877991220088,0.00423995760042,0.00950990490095,0.00117998820012,0.00473995260047,0.00823991760082,0.00462995370046
Gen 100
exec_eq,integer_swap,integer_gte,boolean_shove,boolean_and,vector_integer_flush,integer_lt,vector_integer_pushall,exec_do*vector_integer,vector_integer_reverse,vector_integer_concat,vector_integer_occurrencesof,vector_integer_subvec,integer_eq,vector_integer_yankdup,exec_yankdup,vector_integer_yank,vector_integer_swap,vector_integer_shove,exec_when,vector_integer_rest,boolean_or,boolean_empty,vector_integer_emptyvector,exec_do*while,integer_rot,exec_stackdepth,exec_do*range,vector_integer_replacefirst,vector_integer_last,exec_shove,boolean_xor,boolean_yankdup,boolean_frominteger,exec_yank,vector_integer_indexof,vector_integer_length,integer_div,integer_mult,integer_min,integer_flush,integer_yank,vector_integer_set,integer_max,exec_dup,exec_k,exec_noop,exec_s,exec_y,boolean_rot,vector_integer_stackdepth,integer_yankdup,vector_integer_remove,vector_integer_empty,boolean_stackdepth,exec_do*times,integer_shove,vector_integer_nth,boolean_dup,boolean_not,integer_dup,boolean_flush,boolean_pop,exec_swap,boolean_swap,integer_add,exec_flush,integer_mod,integer_inc,boolean_invert_first_then_and,exec_rot,vector_integer_contains,integer_pop,exec_pop,vector_integer_eq,vector_integer_take,boolean_invert_second_then_and,integer_sub,vector_integer_rot,boolean_yank,integer_stackdepth,integer_dec,integer_gt,vector_integer_butlast,in1,vector_integer_pop,integer_lte,vector_integer_first,boolean_eq,exec_if,vector_integer_replace,exec_empty,exec_do*count,vector_integer_conj,exec_while,integer_fromboolean,integer_empty,vector_integer_dup
0.00894050553955,0.00486133800655,0.00173265611232,0.00232670963654,0.00905931624439,0.00135642221364,0.00118810704845,0.00861377610123,0.00166334986782,0.00586132810566,0.00198017841408,0.00173265611232,0.00742566905278,0.00270294353521,0.00299006940525,0.00464351838101,0.00804942525322,0.00410887020921,0.00296036672904,0.00147523291849,0.00580192275324,0.00502965317175,0.00677221017614,0.00712864229067,0.0059504361343,0.00299006940525,0.00946525281928,0.00314848367838,0.00839595647568,0.00312868189424,0.000811873149771,0.00323759170701,0.0056831120484,0.00482173443827,0.00429698715854,0.00950485638756,0.00990089207038,0.00138612488985,0.00954445995584,0.00724745299551,0.00210889001099,0.00731675924001,0.00500985138761,0.00406926664092,0.00843556004396,0.00358412292948,0.00212869179513,0.00176235878853,0.00399005950436,0.00806922703736,0.00407916753299,0.00519796833695,0.00321778992287,0.00414847377749,0.00395045593608,0.00763358778626,0.00396035682815,0.00189107038544,0.00888110018713,0.00504945495589,0.00594053524223,0.00798011900872,0.00175245789646,0.00719794853516,0.00654448965852,0.00344551044049,0.008722685914,0.00988109028623,0.00934644211443,0.00278215067178,0.00246532212552,0.00697022801754,0.00362372649776,0.00325739349115,0.00667320125543,0.00718804764309,0.00315838457045,0.00241581766517,0.00894050553955,0.00278215067178,0.00155444005505,0.00840585736775,0.00247522301759,0.00426728448233,0.00983158582588,0.00192077306165,0.00363362738983,0.00152473737884,0.00816823595806,0.00272274531935,0.00895040643162,0.00880189305056,0.0041781764537,0.00932664033029,0.00138612488985,0.00506925674003,0.00803952436114,0.00500985138761
Gen 101
exec_eq,integer_swap,integer_gte,boolean_shove,boolean_and,vector_integer_flush,integer_lt,vector_integer_pushall,exec_do*vector_integer,vector_integer_reverse,vector_integer_concat,vector_integer_occurrencesof,vector_integer_subvec,integer_eq,vector_integer_yankdup,exec_yankdup,vector_integer_yank,vector_integer_swap,vector_integer_shove,exec_when,vector_integer_rest,boolean_or,boolean_empty,vector_integer_emptyvector,exec_do*while,integer_rot,exec_stackdepth,exec_do*range,vector_integer_replacefirst,vector_integer_last,exec_shove,boolean_xor,boolean_yankdup,boolean_frominteger,exec_yank,vector_integer_indexof,vector_integer_length,integer_div,integer_mult,integer_min,integer_flush,integer_yank,vector_integer_set,integer_max,exec_dup,exec_k,exec_noop,exec_s,exec_y,boolean_rot,vector_integer_stackdepth,integer_yankdup,vector_integer_remove,vector_integer_empty,boolean_stackdepth,exec_do*times,integer_shove,vector_integer_nth,boolean_dup,boolean_not,integer_dup,boolean_flush,boolean_pop,exec_swap,boolean_swap,integer_add,exec_flush,integer_mod,integer_inc,boolean_invert_first_then_and,exec_rot,vector_integer_contains,integer_pop,exec_pop,vector_integer_eq,vector_integer_take,boolean_invert_second_then_and,integer_sub,vector_integer_rot,boolean_yank,integer_stackdepth,integer_dec,integer_gt,vector_integer_butlast,in1,vector_integer_pop,integer_lte,vector_integer_first,boolean_eq,exec_if,vector_integer_replace,exec_empty,exec_do*count,vector_integer_conj,exec_while,integer_fromboolean,integer_empty,vector_integer_dup
0.00888226586014,0.00480387447182,0.00193135361418,0.00244115253772,0.00902932324193,0.00139214321428,0.00110783227615,0.00856854344565,0.00183331535965,0.00566661111166,0.0018235115342,0.00155880824698,0.00720581170773,0.0025489946177,0.00280389407947,0.00449995588279,0.00798031391849,0.00432348702464,0.00283330555583,0.00168625797786,0.00564700346075,0.00476465917001,0.00641170184606,0.00702934284958,0.00599013735159,0.0030882050176,0.00931363418006,0.00322545857394,0.00826462485662,0.00325487005029,0.000892148116195,0.00326467387575,0.00574504171528,0.00446074058097,0.00438230997735,0.00945088773639,0.00979402162724,0.00141175086519,0.00935284948187,0.00718620405682,0.00202939186871,0.00717640023137,0.00490191272635,0.00411760669013,0.00838227076205,0.00358820011569,0.00205880334507,0.00162743502515,0.00402937226106,0.008186194253,0.00405878373741,0.00507838158449,0.0030882050176,0.0039999607847,0.00402937226106,0.0078136488858,0.0036274154175,0.00167645415241,0.00876461995471,0.00470583621729,0.00593131439888,0.00778423740944,0.00149998529426,0.00717640023137,0.00627444828972,0.00372545367202,0.0087254046529,0.00980382545269,0.00939206478368,0.00257840609406,0.00202939186871,0.00662738600602,0.00361761159204,0.00333330065392,0.00685287399143,0.0067548357369,0.00303918589033,0.00222546837776,0.00868618935108,0.00298036293762,0.00137253556338,0.00847050519113,0.00253919079225,0.00419603729375,0.00979402162724,0.0020097842178,0.00377447279929,0.00148037764336,0.00819599807845,0.00289212850854,0.00894108881285,0.0087450123038,0.00414701816649,0.00924500740189,0.00115685140342,0.00497053950451,0.0080195292203,0.00497053950451
Gen 102
exec_eq,integer_swap,integer_gte,boolean_shove,boolean_and,vector_integer_flush,integer_lt,vector_integer_pushall,exec_do*vector_integer,vector_integer_reverse,vector_integer_concat,vector_integer_occurrencesof,vector_integer_subvec,integer_eq,vector_integer_yankdup,exec_yankdup,vector_integer_yank,vector_integer_swap,vector_integer_shove,exec_when,vector_integer_rest,boolean_or,boolean_empty,vector_integer_emptyvector,exec_do*while,integer_rot,exec_stackdepth,exec_do*range,vector_integer_replacefirst,vector_integer_last,exec_shove,boolean_xor,boolean_yankdup,boolean_frominteger,exec_yank,vector_integer_indexof,vector_integer_length,integer_div,integer_mult,integer_min,integer_flush,integer_yank,vector_integer_set,integer_max,exec_dup,exec_k,exec_noop,exec_s,exec_y,boolean_rot,vector_integer_stackdepth,integer_yankdup,vector_integer_remove,vector_integer_empty,boolean_stackdepth,exec_do*times,integer_shove,vector_integer_nth,boolean_dup,boolean_not,integer_dup,boolean_flush,boolean_pop,exec_swap,boolean_swap,integer_add,exec_flush,integer_mod,integer_inc,boolean_invert_first_then_and,exec_rot,vector_integer_contains,integer_pop,exec_pop,vector_integer_eq,vector_integer_take,boolean_invert_second_then_and,integer_sub,vector_integer_rot,boolean_yank,integer_stackdepth,integer_dec,integer_gt,vector_integer_butlast,in1,vector_integer_pop,integer_lte,vector_integer_first,boolean_eq,exec_if,vector_integer_replace,exec_empty,exec_do*count,vector_integer_conj,exec_while,integer_fromboolean,integer_empty,vector_integer_dup
0.0088057397501,0.00458247978175,0.00182522499782,0.00220386209843,0.00907758177105,0.0014465878972,0.00118445451986,0.00865040145241,0.00181551635421,0.005388297201,0.00190289414666,0.001796099067,0.00674750730575,0.00260191648625,0.00276696342754,0.00469898350501,0.00782516674595,0.00374753643169,0.00259220784264,0.00174755584897,0.00554363549868,0.00471840079223,0.00649508257201,0.00699993203949,0.00548538363705,0.0028834671508,0.00919408549432,0.00346598576713,0.00828147299541,0.00299997087407,0.000941738429724,0.00286404986359,0.00565043057834,0.00466014893059,0.00428151182998,0.00932029786119,0.0097086436054,0.00137862739197,0.00930088057398,0.00693197153426,0.00182522499782,0.00732031727847,0.00481548722828,0.00379607964971,0.00857273230357,0.00309705731012,0.00178639042339,0.00176697313618,0.00350482034155,0.00814555198493,0.00389316608577,0.00505820331841,0.00316501781536,0.00399996116543,0.00426209454277,0.00729119134766,0.00398054387821,0.00153396568965,0.0088154483937,0.00466014893059,0.00573780837079,0.00742711235813,0.00169901263095,0.0068348850982,0.00596110717372,0.00364074135203,0.00879603110649,0.0096989349618,0.00933000650479,0.00254366462462,0.00213590159319,0.00681546781099,0.00343685983631,0.00325239560781,0.00660187765167,0.00688342831623,0.00279608935836,0.00224269667285,0.00864069280881,0.00289317579441,0.00153396568965,0.00824263842099,0.00270871156591,0.00403879573985,0.0097086436054,0.00199027193911,0.00409704760148,0.00146600518442,0.0084465199367,0.00273783749672,0.00873777924486,0.00884457432452,0.0034077339055,0.00924262871234,0.000883486568092,0.00494169959515,0.00786400132038,0.00460189706896
Gen 103
exec_eq,integer_swap,integer_gte,boolean_shove,boolean_and,vector_integer_flush,integer_lt,vector_integer_pushall,exec_do*vector_integer,vector_integer_reverse,vector_integer_concat,vector_integer_occurrencesof,vector_integer_subvec,integer_eq,vector_integer_yankdup,exec_yankdup,vector_integer_yank,vector_integer_swap,vector_integer_shove,exec_when,vector_integer_rest,boolean_or,boolean_empty,vector_integer_emptyvector,exec_do*while,integer_rot,exec_stackdepth,exec_do*range,vector_integer_replacefirst,vector_integer_last,exec_shove,boolean_xor,boolean_yankdup,boolean_frominteger,exec_yank,vector_integer_indexof,vector_integer_length,integer_div,integer_mult,integer_min,integer_flush,integer_yank,vector_integer_set,integer_max,exec_dup,exec_k,exec_noop,exec_s,exec_y,boolean_rot,vector_integer_stackdepth,integer_yankdup,vector_integer_remove,vector_integer_empty,boolean_stackdepth,exec_do*times,integer_shove,vector_integer_nth,boolean_dup,boolean_not,integer_dup,boolean_flush,boolean_pop,exec_swap,boolean_swap,integer_add,exec_flush,integer_mod,integer_inc,boolean_invert_first_then_and,exec_rot,vector_integer_contains,integer_pop,exec_pop,vector_integer_eq,vector_integer_take,boolean_invert_second_then_and,integer_sub,vector_integer_rot,boolean_yank,integer_stackdepth,integer_dec,integer_gt,vector_integer_butlast,in1,vector_integer_pop,integer_lte,vector_integer_first,boolean_eq,exec_if,vector_integer_replace,exec_empty,exec_do*count,vector_integer_conj,exec_while,integer_fromboolean,integer_empty,vector_integer_dup
0.0088460687878,0.00446149556254,0.00170190671244,0.00225959365775,0.00893260641725,0.00152883145354,0.00103845155335,0.00869222411323,0.00194228901645,0.00534610244132,0.0020769031067,0.00164421495947,0.00699031740079,0.00264420534418,0.00299997115412,0.00438457322526,0.00800953836982,0.0038845780329,0.00287497235604,0.00164421495947,0.00539417890213,0.00417303679772,0.00665378217517,0.00724993028913,0.00551917770021,0.00287497235604,0.00923068047423,0.00347112047,0.00829799713464,0.00313458524437,0.000942298631744,0.00289420294036,0.00524033422756,0.00488456841761,0.0041538062134,0.00924029576639,0.00959606157633,0.00133652561033,0.00926914164287,0.00699993269295,0.0018076749262,0.00743262084018,0.00480764608033,0.00400957683099,0.00849030297786,0.00274997355795,0.00184613609485,0.00195190430861,0.00347112047,0.00820184421304,0.00371150277401,0.00549033182373,0.00299035586196,0.00417303679772,0.00392303920155,0.00747108200883,0.00390380861722,0.00158652320651,0.00871145469755,0.00463457082143,0.00584609763368,0.00751915846963,0.00174998317324,0.00673070451246,0.00633647753387,0.00352881222296,0.00876914645051,0.00960567686849,0.00932683339583,0.00249036066961,0.00197113489293,0.00662493629869,0.00339419813271,0.00317304641302,0.00680762684974,0.00671147392814,0.00264420534418,0.00224997836559,0.00855761002298,0.00306727819925,0.00135575619465,0.00831722771896,0.00273074297363,0.00397111566235,0.00959606157633,0.00213459485966,0.00395188507803,0.00154806203787,0.0084806876857,0.00278843472659,0.00869222411323,0.00880760761916,0.00348073576216,0.00909606638398,0.00101922096903,0.00483649195681,0.00783646311093,0.00453841789983
Gen 104
exec_eq,integer_swap,integer_gte,boolean_shove,boolean_and,vector_integer_flush,integer_lt,vector_integer_pushall,exec_do*vector_integer,vector_integer_reverse,vector_integer_concat,vector_integer_occurrencesof,vector_integer_subvec,integer_eq,vector_integer_yankdup,exec_yankdup,vector_integer_yank,vector_integer_swap,vector_integer_shove,exec_when,vector_integer_rest,boolean_or,boolean_empty,vector_integer_emptyvector,exec_do*while,integer_rot,exec_stackdepth,exec_do*range,vector_integer_replacefirst,vector_integer_last,exec_shove,boolean_xor,boolean_yankdup,boolean_frominteger,exec_yank,vector_integer_indexof,vector_integer_length,integer_div,integer_mult,integer_min,integer_flush,integer_yank,vector_integer_set,integer_max,exec_dup,exec_k,exec_noop,exec_s,exec_y,boolean_rot,vector_integer_stackdepth,integer_yankdup,vector_integer_remove,vector_integer_empty,boolean_stackdepth,exec_do*times,integer_shove,vector_integer_nth,boolean_dup,boolean_not,integer_dup,boolean_flush,boolean_pop,exec_swap,boolean_swap,integer_add,exec_flush,integer_mod,integer_inc,boolean_invert_first_then_and,exec_rot,vector_integer_contains,integer_pop,exec_pop,vector_integer_eq,vector_integer_take,boolean_invert_second_then_and,integer_sub,vector_integer_rot,boolean_yank,integer_stackdepth,integer_dec,integer_gt,vector_integer_butlast,in1,vector_integer_pop,integer_lte,vector_integer_first,boolean_eq,exec_if,vector_integer_replace,exec_empty,exec_do*count,vector_integer_conj,exec_while,integer_fromboolean,integer_empty,vector_integer_dup
0.0088094399101,0.0042951971886,0.00160950848087,0.0018856963267,0.00882848734774,0.00163807963734,0.00108570394568,0.00883801106656,0.00185712517024,0.00521899791431,0.00215236045371,0.00152379501148,0.00679041151989,0.00270473614537,0.0031142560547,0.00440948181446,0.00810468471729,0.00357139455815,0.00234283483014,0.00155236616794,0.00538090113427,0.00414281768745,0.00656184226817,0.00747611927505,0.00528566394606,0.00250473805011,0.00919991238179,0.00359044199579,0.00824754049961,0.00264759383244,0.000695231473986,0.00258092780069,0.00484757288026,0.00479995428615,0.00439995809564,0.0091618175065,0.00950467138408,0.00132379691622,0.00930467328883,0.00700945705279,0.00143808154208,0.00732373977391,0.00444757668975,0.00413329396863,0.00843801487605,0.00247616689365,0.00154284244912,0.00193331492081,0.00297140027238,0.00823801678079,0.00352377596404,0.00526661650841,0.00299997142884,0.00390472471691,0.00405710421806,0.00758088018209,0.00382853496633,0.00140951038562,0.00852372834544,0.00421900743802,0.00551423319778,0.00737135836802,0.00161903219969,0.00659993714346,0.00632374929763,0.00356187083933,0.00877134503481,0.00950467138408,0.00930467328883,0.00264759383244,0.00199998095256,0.00689517242693,0.00308568489824,0.00285711564652,0.00715231283512,0.00689517242693,0.00275235473948,0.00218093161018,0.00852372834544,0.00301901886649,0.00126665460329,0.00838087256312,0.00260949895715,0.00398091446748,0.0095141951029,0.00207617070314,0.0038571061228,0.00132379691622,0.00841896743841,0.00282854449005,0.00843801487605,0.00877134503481,0.0031999695241,0.00913324635003,0.00118094113389,0.00459995619089,0.00809516099847,0.00412377024981
Gen 105
exec_eq,integer_swap,integer_gte,boolean_shove,boolean_and,vector_integer_flush,integer_lt,vector_integer_pushall,exec_do*vector_integer,vector_integer_reverse,vector_integer_concat,vector_integer_occurrencesof,vector_integer_subvec,integer_eq,vector_integer_yankdup,exec_yankdup,vector_integer_yank,vector_integer_swap,vector_integer_shove,exec_when,vector_integer_rest,boolean_or,boolean_empty,vector_integer_emptyvector,exec_do*while,integer_rot,exec_stackdepth,exec_do*range,vector_integer_replacefirst,vector_integer_last,exec_shove,boolean_xor,boolean_yankdup,boolean_frominteger,exec_yank,vector_integer_indexof,vector_integer_length,integer_div,integer_mult,integer_min,integer_flush,integer_yank,vector_integer_set,integer_max,exec_dup,exec_k,exec_noop,exec_s,exec_y,boolean_rot,vector_integer_stackdepth,integer_yankdup,vector_integer_remove,vector_integer_empty,boolean_stackdepth,exec_do*times,integer_shove,vector_integer_nth,boolean_dup,boolean_not,integer_dup,boolean_flush,boolean_pop,exec_swap,boolean_swap,integer_add,exec_flush,integer_mod,integer_inc,boolean_invert_first_then_and,exec_rot,vector_integer_contains,integer_pop,exec_pop,vector_integer_eq,vector_integer_take,boolean_invert_second_then_and,integer_sub,vector_integer_rot,boolean_yank,integer_stackdepth,integer_dec,integer_gt,vector_integer_butlast,in1,vector_integer_pop,integer_lte,vector_integer_first,boolean_eq,exec_if,vector_integer_replace,exec_empty,exec_do*count,vector_integer_conj,exec_while,integer_fromboolean,integer_empty,vector_integer_dup
0.00853765530514,0.00403769775757,0.00153772134225,0.00181130366695,0.00866972953085,0.00146225035613,0.0009528211998,0.00859425854473,0.00148111810266,0.00510372543655,0.00201884887878,0.0016320600749,0.00651880642635,0.00252827803511,0.0031037443043,0.00433014782879,0.00770747445779,0.00354713634777,0.00237733606287,0.00139621324327,0.00499051895737,0.00366034282695,0.00656597579268,0.00731125178064,0.00521693191574,0.00248110866879,0.00917915868718,0.00345279761512,0.00819803586759,0.00254714578164,0.00068867274837,0.00247167479552,0.00465089951982,0.00447165592777,0.00407543325063,0.00902821671494,0.00940557164555,0.00108489542551,0.00914142319412,0.00665088065207,0.00146225035613,0.00743389213309,0.00423580909614,0.00416977198328,0.00845275044575,0.0023679021896,0.00143394873633,0.00186790690654,0.0028867652192,0.00798105678248,0.00320751691022,0.00501882057716,0.00281129423307,0.00372637993981,0.00385845416553,0.00715087593513,0.00377354930614,0.00120753577796,0.00850935368534,0.00398109451798,0.00527353515533,0.00712257431534,0.00151885359572,0.00631126121452,0.00589617079084,0.00344336374185,0.00883010537636,0.00942443939208,0.00922632805351,0.00237733606287,0.00205658437185,0.00656597579268,0.00283959585287,0.00289619909246,0.00667918227187,0.00646220318676,0.0028301619796,0.00171696493429,0.00858482467147,0.00271695550042,0.00138677937001,0.00829237460024,0.00243393930246,0.00362260733389,0.00941500551882,0.00195281176593,0.00330185564287,0.0011698002849,0.00817916812106,0.0026414845143,0.00847161819228,0.00847161819228,0.00331128951614,0.00890557636249,0.00103772605919,0.00444335430798,0.00793388741616,0.00397166064471
Gen 106
exec_eq,integer_swap,integer_gte,boolean_shove,boolean_and,vector_integer_flush,integer_lt,vector_integer_pushall,exec_do*vector_integer,vector_integer_reverse,vector_integer_concat,vector_integer_occurrencesof,vector_integer_subvec,integer_eq,vector_integer_yankdup,exec_yankdup,vector_integer_yank,vector_integer_swap,vector_integer_shove,exec_when,vector_integer_rest,boolean_or,boolean_empty,vector_integer_emptyvector,exec_do*while,integer_rot,exec_stackdepth,exec_do*range,vector_integer_replacefirst,vector_integer_last,exec_shove,boolean_xor,boolean_yankdup,boolean_frominteger,exec_yank,vector_integer_indexof,vector_integer_length,integer_div,integer_mult,integer_min,integer_flush,integer_yank,vector_integer_set,integer_max,exec_dup,exec_k,exec_noop,exec_s,exec_y,boolean_rot,vector_integer_stackdepth,integer_yankdup,vector_integer_remove,vector_integer_empty,boolean_stackdepth,exec_do*times,integer_shove,vector_integer_nth,boolean_dup,boolean_not,integer_dup,boolean_flush,boolean_pop,exec_swap,boolean_swap,integer_add,exec_flush,integer_mod,integer_inc,boolean_invert_first_then_and,exec_rot,vector_integer_contains,integer_pop,exec_pop,vector_integer_eq,vector_integer_take,boolean_invert_second_then_and,integer_sub,vector_integer_rot,boolean_yank,integer_stackdepth,integer_dec,integer_gt,vector_integer_butlast,in1,vector_integer_pop,integer_lte,vector_integer_first,boolean_eq,exec_if,vector_integer_replace,exec_empty,exec_do*count,vector_integer_conj,exec_while,integer_fromboolean,integer_empty,vector_integer_dup
0.00870085326305,0.00388781413258,0.00156073307726,0.00178503004645,0.00863543331371,0.00141120176447,0.00108410201774,0.00844851917272,0.00165419014776,0.00522425024065,0.00186914140989,0.00145793029972,0.00657937776282,0.00237380959056,0.00311212044747,0.0043083709498,0.00774759114401,0.0034952944365,0.00216820403548,0.00148596742087,0.0044205194344,0.00396257978897,0.00657937776282,0.00689713180251,0.00511210175606,0.0026635265091,0.00905599013093,0.00334576312371,0.00819618508238,0.00240184671171,0.000616816665265,0.00242988383286,0.00424295100046,0.00456070504014,0.00397192549602,0.00881300174765,0.00931766992832,0.000971953533145,0.00900926159569,0.00664479771217,0.00142054747152,0.00735507144793,0.00420556817226,0.00396257978897,0.00857001336436,0.00214016691433,0.00146727600677,0.00167288156185,0.00278502070074,0.00802796235549,0.00327099746731,0.00526163306885,0.00271025504435,0.0035513686788,0.00385043130438,0.00719619442809,0.00376631994094,0.00133643610807,0.00866347043486,0.00399996261717,0.00542985579574,0.0070840459435,0.001700918683,0.00637377220774,0.00609340099625,0.0034766030224,0.00873823609125,0.00934570704947,0.00911206437323,0.00228969822712,0.00218689544958,0.00653264922758,0.00271025504435,0.00277567499369,0.00676629190381,0.00663545200512,0.00285044065009,0.0017383015112,0.00833637068812,0.0026261436809,0.00120559620938,0.00807469089074,0.00214951262138,0.0035700600929,0.00932701563537,0.00193456135924,0.00330838029551,0.00128970757283,0.00811207371894,0.00271025504435,0.00849524770797,0.00855132195026,0.00309342903337,0.00889711311109,0.00114952196708,0.00453266791899,0.00808403659779,0.00377566564798
Gen 107
exec_eq,integer_swap,integer_gte,boolean_shove,boolean_and,vector_integer_flush,integer_lt,vector_integer_pushall,exec_do*vector_integer,vector_integer_reverse,vector_integer_concat,vector_integer_occurrencesof,vector_integer_subvec,integer_eq,vector_integer_yankdup,exec_yankdup,vector_integer_yank,vector_integer_swap,vector_integer_shove,exec_when,vector_integer_rest,boolean_or,boolean_empty,vector_integer_emptyvector,exec_do*while,integer_rot,exec_stackdepth,exec_do*range,vector_integer_replacefirst,vector_integer_last,exec_shove,boolean_xor,boolean_yankdup,boolean_frominteger,exec_yank,vector_integer_indexof,vector_integer_length,integer_div,integer_mult,integer_min,integer_flush,integer_yank,vector_integer_set,integer_max,exec_dup,exec_k,exec_noop,exec_s,exec_y,boolean_rot,vector_integer_stackdepth,integer_yankdup,vector_integer_remove,vector_integer_empty,boolean_stackdepth,exec_do*times,integer_shove,vector_integer_nth,boolean_dup,boolean_not,integer_dup,boolean_flush,boolean_pop,exec_swap,boolean_swap,integer_add,exec_flush,integer_mod,integer_inc,boolean_invert_first_then_and,exec_rot,vector_integer_contains,integer_pop,exec_pop,vector_integer_eq,vector_integer_take,boolean_invert_second_then_and,integer_sub,vector_integer_rot,boolean_yank,integer_stackdepth,integer_dec,integer_gt,vector_integer_butlast,in1,vector_integer_pop,integer_lte,vector_integer_first,boolean_eq,exec_if,vector_integer_replace,exec_empty,exec_do*count,vector_integer_conj,exec_while,integer_fromboolean,integer_empty,vector_integer_dup
0.00865732724697,0.00371292858399,0.00140739437598,0.0019814631346,0.00874065980871,0.00149072693771,0.00121295173193,0.00832399700003,0.00166665123471,0.00511106378645,0.0019814631346,0.00146294941714,0.00640734808011,0.00196294478755,0.00307404561069,0.0045277358543,0.00770363237377,0.00355552263405,0.00235183007565,0.00178702049055,0.00442588494551,0.00416662808678,0.00672215998,0.00671290080647,0.00513884130702,0.00272219701669,0.00887028823807,0.00310182313127,0.00825918278534,0.0021944241257,0.000638882973306,0.00246294015796,0.00458329089545,0.00444440329256,0.003537004287,0.00864806807344,0.00925917352617,0.00109258247609,0.0088795474116,0.00659253155063,0.00137035768187,0.00705549022694,0.00424070147499,0.00391663040157,0.00864806807344,0.00222220164628,0.00134258016129,0.00174072462292,0.00262034610791,0.00766659567967,0.00305552726364,0.00512032295997,0.00278701123138,0.00372218775752,0.0041388505662,0.00715734113573,0.00384255701336,0.00125924759956,0.00846288460292,0.00407403635152,0.00532402477755,0.00692586179758,0.00178702049055,0.00612957287433,0.0057314284127,0.0033981166841,0.00875917815576,0.00924065517912,0.00904621253507,0.00243516263738,0.0021944241257,0.00648142146832,0.00256479106675,0.0027962704049,0.00699067601226,0.00638882973306,0.00295367635485,0.00196294478755,0.00812955435598,0.00247219933149,0.000824066443829,0.00807399931482,0.0019444264405,0.00322219238711,0.00923139600559,0.00220368329923,0.00317589651948,0.00149998611124,0.00785177915019,0.00246294015796,0.00859251303229,0.00839807038824,0.00285182544606,0.00874991898223,0.00130554346719,0.00440736659846,0.0078888158443,0.0037499652781
Gen 108
exec_eq,integer_swap,integer_gte,boolean_shove,boolean_and,vector_integer_flush,integer_lt,vector_integer_pushall,exec_do*vector_integer,vector_integer_reverse,vector_integer_concat,vector_integer_occurrencesof,vector_integer_subvec,integer_eq,vector_integer_yankdup,exec_yankdup,vector_integer_yank,vector_integer_swap,vector_integer_shove,exec_when,vector_integer_rest,boolean_or,boolean_empty,vector_integer_emptyvector,exec_do*while,integer_rot,exec_stackdepth,exec_do*range,vector_integer_replacefirst,vector_integer_last,exec_shove,boolean_xor,boolean_yankdup,boolean_frominteger,exec_yank,vector_integer_indexof,vector_integer_length,integer_div,integer_mult,integer_min,integer_flush,integer_yank,vector_integer_set,integer_max,exec_dup,exec_k,exec_noop,exec_s,exec_y,boolean_rot,vector_integer_stackdepth,integer_yankdup,vector_integer_remove,vector_integer_empty,boolean_stackdepth,exec_do*times,integer_shove,vector_integer_nth,boolean_dup,boolean_not,integer_dup,boolean_flush,boolean_pop,exec_swap,boolean_swap,integer_add,exec_flush,integer_mod,integer_inc,boolean_invert_first_then_and,exec_rot,vector_integer_contains,integer_pop,exec_pop,vector_integer_eq,vector_integer_take,boolean_invert_second_then_and,integer_sub,vector_integer_rot,boolean_yank,integer_stackdepth,integer_dec,integer_gt,vector_integer_butlast,in1,vector_integer_pop,integer_lte,vector_integer_first,boolean_eq,exec_if,vector_integer_replace,exec_empty,exec_do*count,vector_integer_conj,exec_while,integer_fromboolean,integer_empty,vector_integer_dup
0.00862377409382,0.00369721378703,0.00153209603582,0.00193576205723,0.00864212254933,0.00177062595756,0.00111925578664,0.00813754002257,0.00182567132412,0.00510087063421,0.00179814864084,0.00148622489702,0.00648617902588,0.00208254970138,0.00310088898267,0.00431188704691,0.0076329574958,0.0035229034596,0.00233942807864,0.00192658782947,0.00437610664122,0.00399078907533,0.00659626975899,0.00662379244227,0.00510087063421,0.00274309410005,0.00883478133228,0.00281648792213,0.00817423693361,0.00213759506794,0.000752286676269,0.0026880487335,0.00479812111815,0.00443115200778,0.00362381996495,0.00857790295502,0.00915587930386,0.00102751350905,0.00883478133228,0.00667883780883,0.00145870221374,0.00695406464161,0.00399996330309,0.0038164787479,0.00845863799415,0.0020550270181,0.00126604343079,0.00181649709636,0.0025963064559,0.00766965440684,0.00287153328869,0.00499995412886,0.0028898817442,0.00383482720342,0.00433023550243,0.00706415537472,0.00392656948101,0.00122934651976,0.00828432766672,0.00391739525325,0.00513756754525,0.00692654195833,0.00206420124586,0.00580728617169,0.0055779304777,0.0032751993101,0.00879808442124,0.00916505353162,0.00901826588747,0.00244951881175,0.00196328474051,0.00620177796534,0.00242199612848,0.00263300336694,0.00700911000817,0.00633939138173,0.00302749516059,0.00213759506794,0.00800910083394,0.00228438271209,0.00088990009266,0.00796322969514,0.00204585279034,0.00337611581545,0.00917422775938,0.00215594352345,0.00295410133852,0.00164218676893,0.00783479050651,0.00252291263383,0.00836689571655,0.00832102457776,0.00281648792213,0.00868799368813,0.00111925578664,0.00454124274089,0.00781644205099,0.00355042614288
Gen 109
exec_eq,integer_swap,integer_gte,boolean_shove,boolean_and,vector_integer_flush,integer_lt,vector_integer_pushall,exec_do*vector_integer,vector_integer_reverse,vector_integer_concat,vector_integer_occurrencesof,vector_integer_subvec,integer_eq,vector_integer_yankdup,exec_yankdup,vector_integer_yank,vector_integer_swap,vector_integer_shove,exec_when,vector_integer_rest,boolean_or,boolean_empty,vector_integer_emptyvector,exec_do*while,integer_rot,exec_stackdepth,exec_do*range,vector_integer_replacefirst,vector_integer_last,exec_shove,boolean_xor,boolean_yankdup,boolean_frominteger,exec_yank,vector_integer_indexof,vector_integer_length,integer_div,integer_mult,integer_min,integer_flush,integer_yank,vector_integer_set,integer_max,exec_dup,exec_k,exec_noop,exec_s,exec_y,boolean_rot,vector_integer_stackdepth,integer_yankdup,vector_integer_remove,vector_integer_empty,boolean_stackdepth,exec_do*times,integer_shove,vector_integer_nth,boolean_dup,boolean_not,integer_dup,boolean_flush,boolean_pop,exec_swap,boolean_swap,integer_add,exec_flush,integer_mod,integer_inc,boolean_invert_first_then_and,exec_rot,vector_integer_contains,integer_pop,exec_pop,vector_integer_eq,vector_integer_take,boolean_invert_second_then_and,integer_sub,vector_integer_rot,boolean_yank,integer_stackdepth,integer_dec,integer_gt,vector_integer_butlast,in1,vector_integer_pop,integer_lte,vector_integer_first,boolean_eq,exec_if,vector_integer_replace,exec_empty,exec_do*count,vector_integer_conj,exec_while,integer_fromboolean,integer_empty,vector_integer_dup
0.00857264933955,0.00379996545486,0.00135453314061,0.00186361942164,0.00846355942219,0.00170907537204,0.00117271661167,0.0081181080172,0.00161816710757,0.00524540685994,0.00197270933901,0.00138180561995,0.00636357851292,0.00229088826465,0.00269997545477,0.00438177834747,0.00746356851301,0.00328178834738,0.00211816256216,0.00186361942164,0.00424541595076,0.00392723702512,0.00666357578567,0.00636357851292,0.00494540958719,0.00238179652912,0.00861810347179,0.00244543231425,0.00813628967009,0.00190907355388,0.000781811074445,0.00267270297543,0.00465450314088,0.00427268843011,0.00365451223171,0.0084090144635,0.00907264479414,0.00082726520668,0.00883628330652,0.00656357669476,0.00130907900837,0.00699084553777,0.00366360305815,0.00403632694248,0.00848174107508,0.0016999845456,0.0012181707439,0.00177271115717,0.00267270297543,0.00733629694276,0.00304542685976,0.00534540595085,0.00269997545477,0.00399087281025,0.00435450586813,0.00684539231462,0.00379087462841,0.00143635057863,0.0082726520668,0.00377269297552,0.005063590331,0.00695448223198,0.00173634785138,0.00595449132281,0.00554540413269,0.00300906355397,0.00874537504205,0.00907264479414,0.00888173743875,0.00225452495886,0.00210907173571,0.00598176380215,0.00219998000018,0.00270906628122,0.00668175743857,0.00650903173608,0.00283633785147,0.00185452859519,0.00804538140562,0.00200907264479,0.000909082644703,0.00790901900892,0.0019908909919,0.00328178834738,0.00908173562059,0.00208179925637,0.00264543049609,0.00169089371915,0.00772720247998,0.00270906628122,0.00821810710812,0.00838174198416,0.00295451859529,0.00862719429823,0.00112726247943,0.00436359669458,0.00775447495932,0.00364542140526
Gen 110
exec_eq,integer_swap,integer_gte,boolean_shove,boolean_and,vector_integer_flush,integer_lt,vector_integer_pushall,exec_do*vector_integer,vector_integer_reverse,vector_integer_concat,vector_integer_occurrencesof,vector_integer_subvec,integer_eq,vector_integer_yankdup,exec_yankdup,vector_integer_yank,vector_integer_swap,vector_integer_shove,exec_when,vector_integer_rest,boolean_or,boolean_empty,vector_integer_emptyvector,exec_do*while,integer_rot,exec_stackdepth,exec_do*range,vector_integer_replacefirst,vector_integer_last,exec_shove,boolean_xor,boolean_yankdup,boolean_frominteger,exec_yank,vector_integer_indexof,vector_integer_length,integer_div,integer_mult,integer_min,integer_flush,integer_yank,vector_integer_set,integer_max,exec_dup,exec_k,exec_noop,exec_s,exec_y,boolean_rot,vector_integer_stackdepth,integer_yankdup,vector_integer_remove,vector_integer_empty,boolean_stackdepth,exec_do*times,integer_shove,vector_integer_nth,boolean_dup,boolean_not,integer_dup,boolean_flush,boolean_pop,exec_swap,boolean_swap,integer_add,exec_flush,integer_mod,integer_inc,boolean_invert_first_then_and,exec_rot,vector_integer_contains,integer_pop,exec_pop,vector_integer_eq,vector_integer_take,boolean_invert_second_then_and,integer_sub,vector_integer_rot,boolean_yank,integer_stackdepth,integer_dec,integer_gt,vector_integer_butlast,in1,vector_integer_pop,integer_lte,vector_integer_first,boolean_eq,exec_if,vector_integer_replace,exec_empty,exec_do*count,vector_integer_conj,exec_while,integer_fromboolean,integer_empty,vector_integer_dup
0.00848641003234,0.00329726759218,0.00120719633156,0.00176574985811,0.00824316898046,0.00172070521887,0.0012522409708,0.00788281186656,0.00122521418726,0.00494590138828,0.00208106233277,0.0016125980847,0.00618012450338,0.00193691948721,0.0026936694264,0.00431527643895,0.00761254403113,0.00336033008712,0.00223421410618,0.0017837677138,0.00400897289214,0.00375672291241,0.00633327627679,0.00636030306033,0.00477473175917,0.00236934802389,0.00840532968171,0.00290988369474,0.00805398149566,0.0019729551986,0.000639633877172,0.0025224997973,0.00475671390348,0.00421617823263,0.00354050864407,0.00826118683615,0.0089909099918,0.00086485707336,0.00869361537283,0.00650444590589,0.00124323204295,0.00695489229827,0.00329726759218,0.00385582111873,0.0082882136197,0.0019909730543,0.00134233024928,0.00183782128089,0.00268466049855,0.00741434761849,0.00284682119981,0.00515310672877,0.00241439266313,0.00374771398456,0.00434230322249,0.00696390122612,0.00354050864407,0.00138737488851,0.00803596363997,0.00375672291241,0.00508103530599,0.00681975838056,0.0017837677138,0.00611706200845,0.00542337456419,0.00336033008712,0.00849541896019,0.00897289213611,0.00872965108422,0.00209007126062,0.00218016053909,0.00627922270971,0.00201799983784,0.00236033909604,0.00671165124639,0.00639633877172,0.00268466049855,0.00173872307457,0.00787380293871,0.00195493734291,0.00090089278475,0.00790082972225,0.00172070521887,0.00284682119981,0.00899991891965,0.00208106233277,0.00274772299349,0.00181980342519,0.00787380293871,0.00280177656057,0.00819812434122,0.00822515112476,0.00298195511752,0.00847740110449,0.00115314276448,0.00445941928451,0.00747741011342,0.00349546400483
Gen 111
exec_eq,integer_swap,integer_gte,boolean_shove,boolean_and,vector_integer_flush,integer_lt,vector_integer_pushall,exec_do*vector_integer,vector_integer_reverse,vector_integer_concat,vector_integer_occurrencesof,vector_integer_subvec,integer_eq,vector_integer_yankdup,exec_yankdup,vector_integer_yank,vector_integer_swap,vector_integer_shove,exec_when,vector_integer_rest,boolean_or,boolean_empty,vector_integer_emptyvector,exec_do*while,integer_rot,exec_stackdepth,exec_do*range,vector_integer_replacefirst,vector_integer_last,exec_shove,boolean_xor,boolean_yankdup,boolean_frominteger,exec_yank,vector_integer_indexof,vector_integer_length,integer_div,integer_mult,integer_min,integer_flush,integer_yank,vector_integer_set,integer_max,exec_dup,exec_k,exec_noop,exec_s,exec_y,boolean_rot,vector_integer_stackdepth,integer_yankdup,vector_integer_remove,vector_integer_empty,boolean_stackdepth,exec_do*times,integer_shove,vector_integer_nth,boolean_dup,boolean_not,integer_dup,boolean_flush,boolean_pop,exec_swap,boolean_swap,integer_add,exec_flush,integer_mod,integer_inc,boolean_invert_first_then_and,exec_rot,vector_integer_contains,integer_pop,exec_pop,vector_integer_eq,vector_integer_take,boolean_invert_second_then_and,integer_sub,vector_integer_rot,boolean_yank,integer_stackdepth,integer_dec,integer_gt,vector_integer_butlast,in1,vector_integer_pop,integer_lte,vector_integer_first,boolean_eq,exec_if,vector_integer_replace,exec_empty,exec_do*count,vector_integer_conj,exec_while,integer_fromboolean,integer_empty,vector_integer_dup
0.00854456656637,0.00331247042437,0.00131248828135,0.00213390951867,0.00815171293113,0.00166962794975,0.00136605923161,0.0077588592959,0.00136605923161,0.00480352853992,0.0021696234855,0.00158034303265,0.00612494531299,0.00201783912644,0.00269640449639,0.00419639110365,0.00764278890367,0.00334818439121,0.00219640896063,0.00177676985027,0.00393746484406,0.00368746707619,0.00639280006429,0.006401728556,0.00474102909795,0.00232140784457,0.00846421014098,0.00266069052955,0.00810707047259,0.00185712627566,0.000767850287051,0.00241962125338,0.0044196033964,0.00399103579432,0.0030714011482,0.00835706824046,0.00891063472648,0.00083034972902,0.00869635092544,0.00629458665548,0.00133034526477,0.00718743582647,0.00347318327515,0.00373210953474,0.0083034972902,0.00195533968447,0.00141963018187,0.00160712850778,0.00240176426996,0.00713386487621,0.00273211846323,0.00543745145133,0.00242854974509,0.00339282684976,0.00424996205391,0.00691065258346,0.00353568271712,0.00133927375648,0.00783921572129,0.00341068383318,0.00486602798189,0.00683029615807,0.00172319890001,0.00574994866117,0.00562494977723,0.0032499709824,0.00841063919072,0.00891063472648,0.00869635092544,0.00166962794975,0.0021696234855,0.00620530173838,0.00185712627566,0.0025267631539,0.00621423023009,0.00624994419693,0.00266961902126,0.00161605699949,0.00783028722958,0.00185712627566,0.00082142123731,0.00798207158865,0.00178569834198,0.00320532852385,0.00890170623477,0.00173212739172,0.00256247712074,0.00157141454094,0.0080267140472,0.00294640226427,0.00813385594771,0.00816956991455,0.00267854751297,0.00828564030678,0.00105356202177,0.00449103133008,0.00777671627932,0.00317854304872
Gen 112
exec_eq,integer_swap,integer_gte,boolean_shove,boolean_and,vector_integer_flush,integer_lt,vector_integer_pushall,exec_do*vector_integer,vector_integer_reverse,vector_integer_concat,vector_integer_occurrencesof,vector_integer_subvec,integer_eq,vector_integer_yankdup,exec_yankdup,vector_integer_yank,vector_integer_swap,vector_integer_shove,exec_when,vector_integer_rest,boolean_or,boolean_empty,vector_integer_emptyvector,exec_do*while,integer_rot,exec_stackdepth,exec_do*range,vector_integer_replacefirst,vector_integer_last,exec_shove,boolean_xor,boolean_yankdup,boolean_frominteger,exec_yank,vector_integer_indexof,vector_integer_length,integer_div,integer_mult,integer_min,integer_flush,integer_yank,vector_integer_set,integer_max,exec_dup,exec_k,exec_noop,exec_s,exec_y,boolean_rot,vector_integer_stackdepth,integer_yankdup,vector_integer_remove,vector_integer_empty,boolean_stackdepth,exec_do*times,integer_shove,vector_integer_nth,boolean_dup,boolean_not,integer_dup,boolean_flush,boolean_pop,exec_swap,boolean_swap,integer_add,exec_flush,integer_mod,integer_inc,boolean_invert_first_then_and,exec_rot,vector_integer_contains,integer_pop,exec_pop,vector_integer_eq,vector_integer_take,boolean_invert_second_then_and,integer_sub,vector_integer_rot,boolean_yank,integer_stackdepth,integer_dec,integer_gt,vector_integer_butlast,in1,vector_integer_pop,integer_lte,vector_integer_first,boolean_eq,exec_if,vector_integer_replace,exec_empty,exec_do*count,vector_integer_conj,exec_while,integer_fromboolean,integer_empty,vector_integer_dup
0.00843355368537,0.00331855470306,0.00127432500597,0.00231856355253,0.0082565641012,0.00185839063371,0.0015221104238,0.00778754170317,0.000991141671313,0.00474332085557,0.00193803594658,0.00161060521588,0.00578755940213,0.00199113282183,0.00261944584561,0.0042300510615,0.0076017026398,0.00333625366147,0.00231856355253,0.00182299271688,0.00381412553871,0.00399111512288,0.00655746409324,0.00604419429917,0.00479641773082,0.00198228334263,0.00832735993487,0.0029291776179,0.00798223024575,0.00192033698817,0.000699108857444,0.00253095105353,0.00421235210308,0.00394686772683,0.00312386616048,0.00826541358041,0.00884947920815,0.000973442712896,0.00859284431111,0.00620348492491,0.00129202396439,0.00714152972098,0.00310616720206,0.00371678126742,0.00827426305962,0.00202653073867,0.00159290625747,0.00155750834063,0.00233626251095,0.00704418544969,0.00283183334661,0.00547782762984,0.00231856355253,0.00330970522385,0.00405306147733,0.00674330315661,0.00353979168326,0.00148671250697,0.00774329430713,0.00330085574464,0.00462827762586,0.00666365784374,0.00166370209113,0.00566366669322,0.00555747294272,0.00338050105751,0.00838930628932,0.00883178024973,0.00864594118636,0.00156635781984,0.00183184219609,0.00595569950708,0.00197343386342,0.0026105963664,0.00627428075858,0.00625658180016,0.00272563959611,0.00178759480005,0.00786718701604,0.00183184219609,0.000725657295068,0.00784063857842,0.00177874532084,0.00298227449315,0.00884947920815,0.00181414323767,0.00256634897036,0.00172564844559,0.00780524066159,0.00292032813869,0.0081415208715,0.00815921982991,0.00269909115849,0.00820346722595,0.00104423854656,0.00413270679021,0.00752205732693,0.0033628020991
Gen 113
exec_eq,integer_swap,integer_gte,boolean_shove,boolean_and,vector_integer_flush,integer_lt,vector_integer_pushall,exec_do*vector_integer,vector_integer_reverse,vector_integer_concat,vector_integer_occurrencesof,vector_integer_subvec,integer_eq,vector_integer_yankdup,exec_yankdup,vector_integer_yank,vector_integer_swap,vector_integer_shove,exec_when,vector_integer_rest,boolean_or,boolean_empty,vector_integer_emptyvector,exec_do*while,integer_rot,exec_stackdepth,exec_do*range,vector_integer_replacefirst,vector_integer_last,exec_shove,boolean_xor,boolean_yankdup,boolean_frominteger,exec_yank,vector_integer_indexof,vector_integer_length,integer_div,integer_mult,integer_min,integer_flush,integer_yank,vector_integer_set,integer_max,exec_dup,exec_k,exec_noop,exec_s,exec_y,boolean_rot,vector_integer_stackdepth,integer_yankdup,vector_integer_remove,vector_integer_empty,boolean_stackdepth,exec_do*times,integer_shove,vector_integer_nth,boolean_dup,boolean_not,integer_dup,boolean_flush,boolean_pop,exec_swap,boolean_swap,integer_add,exec_flush,integer_mod,integer_inc,boolean_invert_first_then_and,exec_rot,vector_integer_contains,integer_pop,exec_pop,vector_integer_eq,vector_integer_take,boolean_invert_second_then_and,integer_sub,vector_integer_rot,boolean_yank,integer_stackdepth,integer_dec,integer_gt,vector_integer_butlast,in1,vector_integer_pop,integer_lte,vector_integer_first,boolean_eq,exec_if,vector_integer_replace,exec_empty,exec_do*count,vector_integer_conj,exec_while,integer_fromboolean,integer_empty,vector_integer_dup
0.00828940097017,0.00278944921536,0.0013859527548,0.00229822545416,0.00822799800002,0.00184208910448,0.00142981201919,0.00773677423882,0.000885957140727,0.00433329532197,0.00182454539872,0.00174559872282,0.00572801992965,0.0017105113113,0.00239471583583,0.00406136788274,0.00763151200428,0.00340347891685,0.00226313804265,0.00174559872282,0.00365786265033,0.00368417820896,0.00657011780598,0.00580696660556,0.00457890720257,0.00197366689766,0.00827185726441,0.00297365812581,0.00764905571004,0.00191226392751,0.000789466759064,0.00255260918764,0.00409645529425,0.00389470267805,0.00299120183156,0.00822799800002,0.00873676546697,0.00098244752239,0.00839466320471,0.00599994736888,0.00113156902132,0.00691222006825,0.00302628924308,0.00368417820896,0.00812273576548,0.0017543705757,0.00149121498934,0.0013859527548,0.00216664766099,0.00687713265673,0.00260524030491,0.00536837396163,0.0020789291322,0.00368417820896,0.00416663011728,0.00685958895097,0.00348242559276,0.00143858387207,0.00773677423882,0.00300874553732,0.00465785387847,0.00675432671643,0.00165788019403,0.00552626731344,0.0054648643433,0.00310523591898,0.00838589135183,0.00873676546697,0.00853501285076,0.00149998684222,0.00203506986781,0.00600871922176,0.00208770098508,0.00264032771642,0.00589468513434,0.00647362742432,0.00278067736248,0.00213156024947,0.00760519644565,0.00159647722388,0.000684204524522,0.0077455460917,0.00157016166525,0.00287716774414,0.00874553731985,0.00185963281024,0.00243857510022,0.00181577354585,0.00778940535609,0.0027719055096,0.00804378908957,0.00805256094245,0.00255260918764,0.00813150761835,0.00113156902132,0.00420171752879,0.00743853124095,0.00299120183156
Gen 114
exec_eq,integer_swap,integer_gte,boolean_shove,boolean_and,vector_integer_flush,integer_lt,vector_integer_pushall,exec_do*vector_integer,vector_integer_reverse,vector_integer_concat,vector_integer_occurrencesof,vector_integer_subvec,integer_eq,vector_integer_yankdup,exec_yankdup,vector_integer_yank,vector_integer_swap,vector_integer_shove,exec_when,vector_integer_rest,boolean_or,boolean_empty,vector_integer_emptyvector,exec_do*while,integer_rot,exec_stackdepth,exec_do*range,vector_integer_replacefirst,vector_integer_last,exec_shove,boolean_xor,boolean_yankdup,boolean_frominteger,exec_yank,vector_integer_indexof,vector_integer_length,integer_div,integer_mult,integer_min,integer_flush,integer_yank,vector_integer_set,integer_max,exec_dup,exec_k,exec_noop,exec_s,exec_y,boolean_rot,vector_integer_stackdepth,integer_yankdup,vector_integer_remove,vector_integer_empty,boolean_stackdepth,exec_do*times,integer_shove,vector_integer_nth,boolean_dup,boolean_not,integer_dup,boolean_flush,boolean_pop,exec_swap,boolean_swap,integer_add,exec_flush,integer_mod,integer_inc,boolean_invert_first_then_and,exec_rot,vector_integer_contains,integer_pop,exec_pop,vector_integer_eq,vector_integer_take,boolean_invert_second_then_and,integer_sub,vector_integer_rot,boolean_yank,integer_stackdepth,integer_dec,integer_gt,vector_integer_butlast,in1,vector_integer_pop,integer_lte,vector_integer_first,boolean_eq,exec_if,vector_integer_replace,exec_empty,exec_do*count,vector_integer_conj,exec_while,integer_fromboolean,integer_empty,vector_integer_dup
0.00832166676812,0.00236519682438,0.00133911879027,0.00223476317597,0.00825210215563,0.00179998434796,0.00145216128555,0.0075825427605,0.000930426691942,0.0043912661629,0.00186085338388,0.00165215954644,0.00584342744846,0.00158259493396,0.00202606933853,0.00365214215529,0.0074955869949,0.00338257928192,0.00194780914949,0.00188694011356,0.00346083947096,0.00382605368649,0.00652168242015,0.00559125572821,0.00445213519882,0.00197389587917,0.00816514639003,0.00295649603047,0.00754776045426,0.00180867992452,0.000799993043539,0.00267823758054,0.00389561829897,0.00399996521769,0.00272171546334,0.00825210215563,0.0086955765602,0.00100868688098,0.00836514465092,0.00606951243902,0.00086086207946,0.00698254797784,0.00289562699455,0.00347823062408,0.00792167024635,0.00148694359179,0.00135650994339,0.00141737897931,0.00220867644629,0.00675646298728,0.00227824105877,0.00538256189077,0.00199998260885,0.0034521438944,0.00371301119121,0.0067303762576,0.00329562351632,0.00146085686211,0.00739993565273,0.00293040930079,0.00448691750507,0.0070347214372,0.00169563742924,0.00568690707037,0.00527821497204,0.00300866948983,0.00832166676812,0.00867818540708,0.00845210041652,0.00131303206059,0.00193041799637,0.00590429648438,0.001660855123,0.00248693489622,0.00598255667342,0.00621733724055,0.00285214911175,0.001878244537,0.00755645603082,0.00162607281676,0.000747819584178,0.0077564542917,0.00150433474492,0.00278258449927,0.00868688098364,0.00171302858236,0.00226084990565,0.00184346223076,0.00778254102138,0.00300866948983,0.00789558351667,0.00789558351667,0.00286954026487,0.00802601716507,0.00117390283563,0.00405213867705,0.00744341353553,0.00290432257111
Gen 115
exec_eq,integer_swap,integer_gte,boolean_shove,boolean_and,vector_integer_flush,integer_lt,vector_integer_pushall,exec_do*vector_integer,vector_integer_reverse,vector_integer_concat,vector_integer_occurrencesof,vector_integer_subvec,integer_eq,vector_integer_yankdup,exec_yankdup,vector_integer_yank,vector_integer_swap,vector_integer_shove,exec_when,vector_integer_rest,boolean_or,boolean_empty,vector_integer_emptyvector,exec_do*while,integer_rot,exec_stackdepth,exec_do*range,vector_integer_replacefirst,vector_integer_last,exec_shove,boolean_xor,boolean_yankdup,boolean_frominteger,exec_yank,vector_integer_indexof,vector_integer_length,integer_div,integer_mult,integer_min,integer_flush,integer_yank,vector_integer_set,integer_max,exec_dup,exec_k,exec_noop,exec_s,exec_y,boolean_rot,vector_integer_stackdepth,integer_yankdup,vector_integer_remove,vector_integer_empty,boolean_stackdepth,exec_do*times,integer_shove,vector_integer_nth,boolean_dup,boolean_not,integer_dup,boolean_flush,boolean_pop,exec_swap,boolean_swap,integer_add,exec_flush,integer_mod,integer_inc,boolean_invert_first_then_and,exec_rot,vector_integer_contains,integer_pop,exec_pop,vector_integer_eq,vector_integer_take,boolean_invert_second_then_and,integer_sub,vector_integer_rot,boolean_yank,integer_stackdepth,integer_dec,integer_gt,vector_integer_butlast,in1,vector_integer_pop,integer_lte,vector_integer_first,boolean_eq,exec_if,vector_integer_replace,exec_empty,exec_do*count,vector_integer_conj,exec_while,integer_fromboolean,integer_empty,vector_integer_dup
0.00819820518789,0.0022241187576,0.0011551624555,0.00207756829683,0.00803441349644,0.00183619106732,0.00118102430151,0.00745683226869,0.000965508918027,0.0042758252084,0.00181894983664,0.00163791691451,0.00576719166214,0.00167239937587,0.00207756829683,0.00350859044319,0.00748269411471,0.0031637658296,0.00179308799062,0.00201722398945,0.00358617598124,0.00360341721192,0.00655166765804,0.00587925966155,0.00426720459306,0.0018103292213,0.0079395867277,0.00310342152223,0.00737062611529,0.00178446737528,0.000767234765218,0.00266377013991,0.00368962336532,0.00387065628745,0.00257756398652,0.00806889595779,0.00860337410884,0.00101723261006,0.008353376264,0.00638787596659,0.000887923379971,0.00681890673356,0.00299135352281,0.00331031629038,0.00766372703684,0.00137067783898,0.00128447168559,0.00126723045491,0.00193101783605,0.0068275273489,0.00205170645081,0.0053447815105,0.00191377660537,0.00350859044319,0.00375858828803,0.00668097688813,0.00337066059775,0.00121550676287,0.00736200549995,0.00258618460186,0.00459478797597,0.00681028611822,0.00158619322247,0.00557753812467,0.00537064335652,0.00305169783019,0.00820682580323,0.00861199472418,0.0083964793407,0.0011551624555,0.00207756829683,0.0058016741235,0.00156895199179,0.00237928983371,0.00613787812174,0.00620684304446,0.00281894121602,0.00215515383488,0.00749131473005,0.00151722829976,0.000784475995897,0.00766372703684,0.00147412522306,0.00269825260127,0.00862061533952,0.00173274368324,0.00268101137059,0.00177584675994,0.00768096826751,0.00297411229214,0.00794820734304,0.00780165688227,0.00261204644788,0.00806027534245,0.00125860983957,0.00388789751812,0.00739648796131,0.00285342367738
Gen 116
exec_eq,integer_swap,integer_gte,boolean_shove,boolean_and,vector_integer_flush,integer_lt,vector_integer_pushall,exec_do*vector_integer,vector_integer_reverse,vector_integer_concat,vector_integer_occurrencesof,vector_integer_subvec,integer_eq,vector_integer_yankdup,exec_yankdup,vector_integer_yank,vector_integer_swap,vector_integer_shove,exec_when,vector_integer_rest,boolean_or,boolean_empty,vector_integer_emptyvector,exec_do*while,integer_rot,exec_stackdepth,exec_do*range,vector_integer_replacefirst,vector_integer_last,exec_shove,boolean_xor,boolean_yankdup,boolean_frominteger,exec_yank,vector_integer_indexof,vector_integer_length,integer_div,integer_mult,integer_min,integer_flush,integer_yank,vector_integer_set,integer_max,exec_dup,exec_k,exec_noop,exec_s,exec_y,boolean_rot,vector_integer_stackdepth,integer_yankdup,vector_integer_remove,vector_integer_empty,boolean_stackdepth,exec_do*times,integer_shove,vector_integer_nth,boolean_dup,boolean_not,integer_dup,boolean_flush,boolean_pop,exec_swap,boolean_swap,integer_add,exec_flush,integer_mod,integer_inc,boolean_invert_first_then_and,exec_rot,vector_integer_contains,integer_pop,exec_pop,vector_integer_eq,vector_integer_take,boolean_invert_second_then_and,integer_sub,vector_integer_rot,boolean_yank,integer_stackdepth,integer_dec,integer_gt,vector_integer_butlast,in1,vector_integer_pop,integer_lte,vector_integer_first,boolean_eq,exec_if,vector_integer_replace,exec_empty,exec_do*count,vector_integer_conj,exec_while,integer_fromboolean,integer_empty,vector_integer_dup
0.00811104178597,0.00220510935804,0.00109400774352,0.00232476645499,0.00772642968864,0.00179485645422,0.00147007290536,0.00740164613978,0.000957256775583,0.00419654532867,0.00176066871223,0.00171793403475,0.00532474081418,0.0016068238733,0.00237604806797,0.00350424355347,0.00731617678481,0.00317946000462,0.00170938709926,0.00233331339048,0.00363244758592,0.00379483936035,0.00649567097717,0.00575208758899,0.00408543516722,0.0020683583901,0.00782044597909,0.0032051008111,0.00719651968787,0.00168374629277,0.00073503645268,0.0029828804882,0.00382902710233,0.00417090452218,0.00234186032598,0.00773497662413,0.00851274775429,0.00119657096948,0.00813668259246,0.00634182613824,0.000760677259169,0.00646148323519,0.00288886419774,0.00305125597217,0.0073503645268,0.001153836292,0.0013675096794,0.00129058725994,0.00180340338971,0.00679481371954,0.00198288903514,0.00522217758823,0.00199143597063,0.00365808839241,0.00371791694088,0.00674353210656,0.00310253758515,0.00128204032444,0.00733327065581,0.00255553371339,0.00479483081341,0.00661532807412,0.00176921564773,0.00541875710464,0.00547858565311,0.00296578661721,0.00798283775352,0.00852129468979,0.00820505807643,0.00130768113093,0.00212818693857,0.00563243049205,0.00170084016376,0.00243587661644,0.00589738549243,0.00602558952488,0.00282048871377,0.00243587661644,0.00724780130084,0.0018375911317,0.000632473226725,0.00741019307527,0.00158118306681,0.00255553371339,0.00852984162529,0.00185468500269,0.00280339484278,0.0018461380672,0.00749566243024,0.00286322339125,0.00761531952718,0.00779480517261,0.00253843984239,0.00800847856001,0.00117947709849,0.00396577807027,0.00717942581687,0.00272647242331
Gen 117
exec_eq,integer_swap,integer_gte,boolean_shove,boolean_and,vector_integer_flush,integer_lt,vector_integer_pushall,exec_do*vector_integer,vector_integer_reverse,vector_integer_concat,vector_integer_occurrencesof,vector_integer_subvec,integer_eq,vector_integer_yankdup,exec_yankdup,vector_integer_yank,vector_integer_swap,vector_integer_shove,exec_when,vector_integer_rest,boolean_or,boolean_empty,vector_integer_emptyvector,exec_do*while,integer_rot,exec_stackdepth,exec_do*range,vector_integer_replacefirst,vector_integer_last,exec_shove,boolean_xor,boolean_yankdup,boolean_frominteger,exec_yank,vector_integer_indexof,vector_integer_length,integer_div,integer_mult,integer_min,integer_flush,integer_yank,vector_integer_set,integer_max,exec_dup,exec_k,exec_noop,exec_s,exec_y,boolean_rot,vector_integer_stackdepth,integer_yankdup,vector_integer_remove,vector_integer_empty,boolean_stackdepth,exec_do*times,integer_shove,vector_integer_nth,boolean_dup,boolean_not,integer_dup,boolean_flush,boolean_pop,exec_swap,boolean_swap,integer_add,exec_flush,integer_mod,integer_inc,boolean_invert_first_then_and,exec_rot,vector_integer_contains,integer_pop,exec_pop,vector_integer_eq,vector_integer_take,boolean_invert_second_then_and,integer_sub,vector_integer_rot,boolean_yank,integer_stackdepth,integer_dec,integer_gt,vector_integer_butlast,in1,vector_integer_pop,integer_lte,vector_integer_first,boolean_eq,exec_if,vector_integer_replace,exec_empty,exec_do*count,vector_integer_conj,exec_while,integer_fromboolean,integer_empty,vector_integer_dup
0.00801688121287,0.00188133998864,0.00122880314574,0.00237286124694,0.00781349310599,0.00184744197083,0.00133897170363,0.0074660384234,0.000974568012135,0.00444064033356,0.00183049296192,0.00138981873035,0.00528809077889,0.00151693629715,0.00233896322913,0.00308471962102,0.00720332878535,0.0031609901611,0.00180506944856,0.00196608503318,0.00355929187041,0.00349149583478,0.00633045482665,0.00575418852383,0.00383895051737,0.00220337115787,0.00774569707036,0.00300844908094,0.0073219718477,0.00170337539512,0.000686434860722,0.00276268845179,0.00343217430361,0.00429657375785,0.00236438674249,0.00761857950356,0.00842365742663,0.00126270116355,0.0080846772485,0.00647452140236,0.000855924949789,0.00629655680884,0.00296607655867,0.00318641367446,0.00737281887442,0.00108473657003,0.00149998728824,0.00133897170363,0.00164405386395,0.00686434860722,0.00198303404208,0.00524571825662,0.0020169320599,0.00338980178134,0.00388132303964,0.00678807806714,0.00286438250523,0.00142371674816,0.00703383869628,0.00228811620241,0.00462707943153,0.00631350581775,0.00179659494411,0.00538131032788,0.00573723951492,0.00272031592953,0.0079745086906,0.00844060643554,0.00815247328412,0.00117795611902,0.00215252413115,0.00569486699265,0.00146608927043,0.00218642214896,0.00585588257727,0.00598300014407,0.00292370403641,0.00218642214896,0.00714400725418,0.00166100287286,0.000694909365175,0.00728807382988,0.00142371674816,0.00227964169795,0.00847450445335,0.00180506944856,0.00285590800078,0.00192371251091,0.00733044635215,0.00270336692062,0.00764400301692,0.00766095202583,0.00246608079593,0.00802535571732,0.00129659918136,0.00389827204854,0.00696604266066,0.00282200998297
Gen 118
exec_eq,integer_swap,integer_gte,boolean_shove,boolean_and,vector_integer_flush,integer_lt,vector_integer_pushall,exec_do*vector_integer,vector_integer_reverse,vector_integer_concat,vector_integer_occurrencesof,vector_integer_subvec,integer_eq,vector_integer_yankdup,exec_yankdup,vector_integer_yank,vector_integer_swap,vector_integer_shove,exec_when,vector_integer_rest,boolean_or,boolean_empty,vector_integer_emptyvector,exec_do*while,integer_rot,exec_stackdepth,exec_do*range,vector_integer_replacefirst,vector_integer_last,exec_shove,boolean_xor,boolean_yankdup,boolean_frominteger,exec_yank,vector_integer_indexof,vector_integer_length,integer_div,integer_mult,integer_min,integer_flush,integer_yank,vector_integer_set,integer_max,exec_dup,exec_k,exec_noop,exec_s,exec_y,boolean_rot,vector_integer_stackdepth,integer_yankdup,vector_integer_remove,vector_integer_empty,boolean_stackdepth,exec_do*times,integer_shove,vector_integer_nth,boolean_dup,boolean_not,integer_dup,boolean_flush,boolean_pop,exec_swap,boolean_swap,integer_add,exec_flush,integer_mod,integer_inc,boolean_invert_first_then_and,exec_rot,vector_integer_contains,integer_pop,exec_pop,vector_integer_eq,vector_integer_take,boolean_invert_second_then_and,integer_sub,vector_integer_rot,boolean_yank,integer_stackdepth,integer_dec,integer_gt,vector_integer_butlast,in1,vector_integer_pop,integer_lte,vector_integer_first,boolean_eq,exec_if,vector_integer_replace,exec_empty,exec_do*count,vector_integer_conj,exec_while,integer_fromboolean,integer_empty,vector_integer_dup
0.00799993277367,0.00205040293779,0.00100839488744,0.00262182670734,0.007773043924,0.00204199964706,0.00148738245897,0.00743691229485,0.00119326728347,0.00412601574777,0.00178149763447,0.00130251006294,0.00498315140209,0.00163864169209,0.00233611482256,0.00310081427887,0.00705036092134,0.00296636162721,0.00158822194771,0.00220166217091,0.00342854261729,0.00341173603583,0.00624364501139,0.00602515945244,0.00375627095571,0.00237813127621,0.00779825379619,0.00282350568483,0.00729405635247,0.00174788447156,0.00074789287485,0.0031680406047,0.00364702817623,0.00436130788817,0.00241174443912,0.00772262417963,0.00836967756573,0.00119326728347,0.00802514264586,0.00661338980345,0.000983185015252,0.00637809766304,0.00291594188284,0.00302518466231,0.00717641028227,0.000865538945051,0.00138654297023,0.0013781396795,0.00148738245897,0.00678985890875,0.00197477332123,0.00494953823917,0.00218485558945,0.00344534919875,0.00367223804842,0.00667221283855,0.00267224645171,0.00132771993513,0.00702515104915,0.00223527533382,0.0047814724246,0.0060419660339,0.00199157990269,0.00510079747229,0.00557138175309,0.00260502012588,0.0079495130293,0.00837808085646,0.00815119200679,0.00121847715565,0.00239493785767,0.00539491264779,0.00146217258678,0.00236132469475,0.00572264098621,0.00585709363787,0.00290753859211,0.00250418063714,0.007184813573,0.00194116015832,0.00062184351392,0.0074201057134,0.00119326728347,0.00236132469475,0.00840329072865,0.00169746472719,0.0029915714994,0.00165544827354,0.00709237737498,0.00242855102058,0.00764699456307,0.00757976823724,0.00254619709078,0.00796631961076,0.00123528373711,0.00371425450206,0.00694111814186,0.00264703657952
Gen 119
exec_eq,integer_swap,integer_gte,boolean_shove,boolean_and,vector_integer_flush,integer_lt,vector_integer_pushall,exec_do*vector_integer,vector_integer_reverse,vector_integer_concat,vector_integer_occurrencesof,vector_integer_subvec,integer_eq,vector_integer_yankdup,exec_yankdup,vector_integer_yank,vector_integer_swap,vector_integer_shove,exec_when,vector_integer_rest,boolean_or,boolean_empty,vector_integer_emptyvector,exec_do*while,integer_rot,exec_stackdepth,exec_do*range,vector_integer_replacefirst,vector_integer_last,exec_shove,boolean_xor,boolean_yankdup,boolean_frominteger,exec_yank,vector_integer_indexof,vector_integer_length,integer_div,integer_mult,integer_min,integer_flush,integer_yank,vector_integer_set,integer_max,exec_dup,exec_k,exec_noop,exec_s,exec_y,boolean_rot,vector_integer_stackdepth,integer_yankdup,vector_integer_remove,vector_integer_empty,boolean_stackdepth,exec_do*times,integer_shove,vector_integer_nth,boolean_dup,boolean_not,integer_dup,boolean_flush,boolean_pop,exec_swap,boolean_swap,integer_add,exec_flush,integer_mod,integer_inc,boolean_invert_first_then_and,exec_rot,vector_integer_contains,integer_pop,exec_pop,vector_integer_eq,vector_integer_take,boolean_invert_second_then_and,integer_sub,vector_integer_rot,boolean_yank,integer_stackdepth,integer_dec,integer_gt,vector_integer_butlast,in1,vector_integer_pop,integer_lte,vector_integer_first,boolean_eq,exec_if,vector_integer_replace,exec_empty,exec_do*count,vector_integer_conj,exec_while,integer_fromboolean,integer_empty,vector_integer_dup
0.00792493395888,0.00223331472238,0.00104999125007,0.00249997916684,0.00780826826443,0.0019749835418,0.00119999000008,0.00738327180607,0.00113332388897,0.00407496604195,0.00168331930567,0.00136665527787,0.00489162590312,0.001583320139,0.00240831326406,0.00322497312522,0.0068832759727,0.00302497479188,0.00162498645845,0.00224998125016,0.00345830451413,0.00363330305581,0.00625828118099,0.00571661902817,0.00370830243081,0.00234164715294,0.00765826951442,0.00279164340297,0.00719160673661,0.00153332055566,0.00094165881951,0.00311664069466,0.00334997208357,0.00433329722252,0.0025333122224,0.00764160298664,0.00829993083391,0.00116665694453,0.00793326722277,0.006333280556,0.000924992291731,0.00620828159765,0.00287497604187,0.00298330847243,0.00727493937551,0.000858326180615,0.00145832118066,0.00157498687511,0.0017416521529,0.00660827826435,0.00192498395847,0.00503329138924,0.00208331597237,0.00341663819468,0.00365830284748,0.00655827868101,0.00275831034741,0.00129998916676,0.00699994166715,0.00217498187515,0.00465829451421,0.00603328305597,0.00184165131957,0.00521662319481,0.00528328930592,0.00249997916684,0.00793326722277,0.00829993083391,0.00821659819502,0.00129165590287,0.00248331263906,0.00532495562537,0.00147498770844,0.00236664694461,0.0056999525004,0.00544995458371,0.00281664319464,0.00259164506962,0.00711660736161,0.0018166515279,0.000691660902826,0.00729993916717,0.00122498979175,0.00263331138907,0.00831659736169,0.00178331847235,0.00286664277798,0.0014999875001,0.00689994250048,0.0023749802085,0.0075166040283,0.00764993625053,0.00258331180573,0.00796660027833,0.00122498979175,0.00374996875026,0.00701660819493,0.00263331138907
Gen 120
exec_eq,integer_swap,integer_gte,boolean_shove,boolean_and,vector_integer_flush,integer_lt,vector_integer_pushall,exec_do*vector_integer,vector_integer_reverse,vector_integer_concat,vector_integer_occurrencesof,vector_integer_subvec,integer_eq,vector_integer_yankdup,exec_yankdup,vector_integer_yank,vector_integer_swap,vector_integer_shove,exec_when,vector_integer_rest,boolean_or,boolean_empty,vector_integer_emptyvector,exec_do*while,integer_rot,exec_stackdepth,exec_do*range,vector_integer_replacefirst,vector_integer_last,exec_shove,boolean_xor,boolean_yankdup,boolean_frominteger,exec_yank,vector_integer_indexof,vector_integer_length,integer_div,integer_mult,integer_min,integer_flush,integer_yank,vector_integer_set,integer_max,exec_dup,exec_k,exec_noop,exec_s,exec_y,boolean_rot,vector_integer_stackdepth,integer_yankdup,vector_integer_remove,vector_integer_empty,boolean_stackdepth,exec_do*times,integer_shove,vector_integer_nth,boolean_dup,boolean_not,integer_dup,boolean_flush,boolean_pop,exec_swap,boolean_swap,integer_add,exec_flush,integer_mod,integer_inc,boolean_invert_first_then_and,exec_rot,vector_integer_contains,integer_pop,exec_pop,vector_integer_eq,vector_integer_take,boolean_invert_second_then_and,integer_sub,vector_integer_rot,boolean_yank,integer_stackdepth,integer_dec,integer_gt,vector_integer_butlast,in1,vector_integer_pop,integer_lte,vector_integer_first,boolean_eq,exec_if,vector_integer_replace,exec_empty,exec_do*count,vector_integer_conj,exec_while,integer_fromboolean,integer_empty,vector_integer_dup
0.00776853083859,0.00207436302179,0.00101652052462,0.0026198130594,0.00771894447153,0.00203304104925,0.00120660159833,0.00746274824175,0.00106610689168,0.00385947223577,0.00173552284692,0.00120660159833,0.00478508442079,0.00155370616772,0.00240493880216,0.00318179188602,0.00684291865356,0.00299171081231,0.00150411980066,0.00211568499434,0.00340493053776,0.00371897752911,0.00615697390931,0.00569416781679,0.00347931008835,0.00211568499434,0.00758671415939,0.00285948050016,0.0071487012504,0.00163635011281,0.000900819001496,0.00295865323427,0.00331402219816,0.00431401393377,0.00257022669234,0.00771068007702,0.00823960132561,0.00106610689168,0.00794208312328,0.00646275650614,0.000917347790514,0.00612391633127,0.00273551458252,0.00304129717936,0.00719828761746,0.000834703845423,0.0017189940579,0.00131403872695,0.0015371773787,0.00661151560731,0.00193386831514,0.00490078594392,0.00195039710416,0.00333881538169,0.00342145932678,0.00666110197436,0.00284295171114,0.00145453343361,0.00693382699317,0.00203304104925,0.00443797985141,0.00595862844109,0.00195039710416,0.00511566020116,0.00535532764192,0.00278510094958,0.00783464599466,0.00823960132561,0.00812389980248,0.00141321146106,0.00258675548136,0.00545450037603,0.00137188948852,0.00203304104925,0.00560325947719,0.00574375418385,0.00299997520682,0.00264460624292,0.00707432169982,0.00193386831514,0.000611565193676,0.00725613837902,0.0012644523599,0.00279336534409,0.00826439450914,0.0018099023975,0.00290906686722,0.00165287890183,0.00702473533277,0.00228923727903,0.00742969066371,0.00747927703077,0.00246278956372,0.00799993388484,0.00121486599284,0.00355368963893,0.00690076941513,0.00233882364609
Gen 121
exec_eq,integer_swap,integer_gte,boolean_shove,boolean_and,vector_integer_flush,integer_lt,vector_integer_pushall,exec_do*vector_integer,vector_integer_reverse,vector_integer_concat,vector_integer_occurrencesof,vector_integer_subvec,integer_eq,vector_integer_yankdup,exec_yankdup,vector_integer_yank,vector_integer_swap,vector_integer_shove,exec_when,vector_integer_rest,boolean_or,boolean_empty,vector_integer_emptyvector,exec_do*while,integer_rot,exec_stackdepth,exec_do*range,vector_integer_replacefirst,vector_integer_last,exec_shove,boolean_xor,boolean_yankdup,boolean_frominteger,exec_yank,vector_integer_indexof,vector_integer_length,integer_div,integer_mult,integer_min,integer_flush,integer_yank,vector_integer_set,integer_max,exec_dup,exec_k,exec_noop,exec_s,exec_y,boolean_rot,vector_integer_stackdepth,integer_yankdup,vector_integer_remove,vector_integer_empty,boolean_stackdepth,exec_do*times,integer_shove,vector_integer_nth,boolean_dup,boolean_not,integer_dup,boolean_flush,boolean_pop,exec_swap,boolean_swap,integer_add,exec_flush,integer_mod,integer_inc,boolean_invert_first_then_and,exec_rot,vector_integer_contains,integer_pop,exec_pop,vector_integer_eq,vector_integer_take,boolean_invert_second_then_and,integer_sub,vector_integer_rot,boolean_yank,integer_stackdepth,integer_dec,integer_gt,vector_integer_butlast,in1,vector_integer_pop,integer_lte,vector_integer_first,boolean_eq,exec_if,vector_integer_replace,exec_empty,exec_do*count,vector_integer_conj,exec_while,integer_fromboolean,integer_empty,vector_integer_dup
0.00766387160761,0.00179506725355,0.000688518946566,0.0025737493955,0.0075982983746,0.00220489995984,0.00118851484824,0.00722944893894,0.000901631953836,0.0038770174015,0.0018442471783,0.00117212153999,0.00504913894148,0.00145080778026,0.00254915943312,0.00322128507143,0.0068032229244,0.0028934189064,0.00140162785551,0.00214752338096,0.00331144826682,0.00325407168794,0.00599995082008,0.00573765788805,0.00349997131171,0.00190982041131,0.00751633183335,0.00244260292948,0.00703272923992,0.00161474086278,0.00104097507397,0.00267210924501,0.0034016114622,0.00404095048401,0.0023196531176,0.00758190506635,0.00816386750928,0.00099179514922,0.0078523946525,0.00621306382735,0.000950811878591,0.00625404709797,0.00242620962123,0.0031803018008,0.00726223555545,0.00068032229244,0.00165572413341,0.00128687469775,0.00154916762977,0.00656551995475,0.00186883714068,0.0052458586405,0.00213932672683,0.00302456537241,0.00363111777772,0.00659830657126,0.0026393226285,0.00124589142712,0.0065491266465,0.00200818026082,0.00449176646093,0.0057868378128,0.00195080368194,0.00497536905435,0.00522126867813,0.00259014270375,0.007819608036,0.00811468758453,0.00800813108089,0.00132785796838,0.00249178285424,0.00518848206162,0.00120490815649,0.00218850665158,0.00529503856526,0.00579503446693,0.00319669510906,0.00265571593675,0.00701633593167,0.00180326390767,0.000540979172302,0.00717207236006,0.0012704813895,0.00251637281662,0.00818026081753,0.0015245776674,0.00254915943312,0.00168851074991,0.00697535266104,0.00254096277899,0.00725403890132,0.00735239875083,0.00254915943312,0.00779501807362,0.00129507135187,0.00349997131171,0.00690977942804,0.0023196531176
Gen 122
exec_eq,integer_swap,integer_gte,boolean_shove,boolean_and,vector_integer_flush,integer_lt,vector_integer_pushall,exec_do*vector_integer,vector_integer_reverse,vector_integer_concat,vector_integer_occurrencesof,vector_integer_subvec,integer_eq,vector_integer_yankdup,exec_yankdup,vector_integer_yank,vector_integer_swap,vector_integer_shove,exec_when,vector_integer_rest,boolean_or,boolean_empty,vector_integer_emptyvector,exec_do*while,integer_rot,exec_stackdepth,exec_do*range,vector_integer_replacefirst,vector_integer_last,exec_shove,boolean_xor,boolean_yankdup,boolean_frominteger,exec_yank,vector_integer_indexof,vector_integer_length,integer_div,integer_mult,integer_min,integer_flush,integer_yank,vector_integer_set,integer_max,exec_dup,exec_k,exec_noop,exec_s,exec_y,boolean_rot,vector_integer_stackdepth,integer_yankdup,vector_integer_remove,vector_integer_empty,boolean_stackdepth,exec_do*times,integer_shove,vector_integer_nth,boolean_dup,boolean_not,integer_dup,boolean_flush,boolean_pop,exec_swap,boolean_swap,integer_add,exec_flush,integer_mod,integer_inc,boolean_invert_first_then_and,exec_rot,vector_integer_contains,integer_pop,exec_pop,vector_integer_eq,vector_integer_take,boolean_invert_second_then_and,integer_sub,vector_integer_rot,boolean_yank,integer_stackdepth,integer_dec,integer_gt,vector_integer_butlast,in1,vector_integer_pop,integer_lte,vector_integer_first,boolean_eq,exec_if,vector_integer_replace,exec_empty,exec_do*count,vector_integer_conj,exec_while,integer_fromboolean,integer_empty,vector_integer_dup
0.0077885545646,0.0018292534207,0.000853651596328,0.00252843472817,0.00765847432135,0.0020731538768,0.00131706246291,0.00720319346997,0.000991861854782,0.00356094665897,0.00168291314705,0.00127641238689,0.00474792887863,0.00147153275177,0.00249591466736,0.00318696595963,0.00678856269461,0.00272355509305,0.00126015235648,0.00213006398322,0.00349590653735,0.00366663685661,0.00564223055097,0.00587800099186,0.00349590653735,0.0018211234055,0.00746335395647,0.00269103503224,0.00695116299867,0.00141462264534,0.00106503199161,0.00269103503224,0.00328452614206,0.00371541694783,0.00225201421127,0.00761782424533,0.00808123511191,0.00091056170275,0.007804814595,0.00621946163039,0.00110568206763,0.0062357216608,0.00231705433289,0.00298371557955,0.00746335395647,0.000626011170641,0.00167478313184,0.00115446215884,0.00161787302542,0.00654466223852,0.00177234331428,0.00521946976041,0.0020894139072,0.00265851497142,0.00358533670458,0.00644710205608,0.00279672522988,0.00118698221966,0.00643897204088,0.00193494361834,0.00424386793603,0.00565036056617,0.00200811375517,0.00488613913708,0.00532515995805,0.00263412492581,0.00775603450378,0.00810562515752,0.00791863480785,0.00135771253892,0.00274794513866,0.00538207006447,0.00131706246291,0.00218697408964,0.00529263989724,0.0057072706726,0.00321948602044,0.00298371557955,0.00688612287705,0.00172356322306,0.00054471101861,0.00713815334835,0.00109755205242,0.00279672522988,0.00812188518793,0.00169917317745,0.00291867545792,0.00180486337509,0.00686986284664,0.00271542507784,0.00720319346997,0.00717067340916,0.00230892431769,0.00775603450378,0.00126828237169,0.00347151649174,0.00698368305949,0.002081283892
Gen 123
exec_eq,integer_swap,integer_gte,boolean_shove,boolean_and,vector_integer_flush,integer_lt,vector_integer_pushall,exec_do*vector_integer,vector_integer_reverse,vector_integer_concat,vector_integer_occurrencesof,vector_integer_subvec,integer_eq,vector_integer_yankdup,exec_yankdup,vector_integer_yank,vector_integer_swap,vector_integer_shove,exec_when,vector_integer_rest,boolean_or,boolean_empty,vector_integer_emptyvector,exec_do*while,integer_rot,exec_stackdepth,exec_do*range,vector_integer_replacefirst,vector_integer_last,exec_shove,boolean_xor,boolean_yankdup,boolean_frominteger,exec_yank,vector_integer_indexof,vector_integer_length,integer_div,integer_mult,integer_min,integer_flush,integer_yank,vector_integer_set,integer_max,exec_dup,exec_k,exec_noop,exec_s,exec_y,boolean_rot,vector_integer_stackdepth,integer_yankdup,vector_integer_remove,vector_integer_empty,boolean_stackdepth,exec_do*times,integer_shove,vector_integer_nth,boolean_dup,boolean_not,integer_dup,boolean_flush,boolean_pop,exec_swap,boolean_swap,integer_add,exec_flush,integer_mod,integer_inc,boolean_invert_first_then_and,exec_rot,vector_integer_contains,integer_pop,exec_pop,vector_integer_eq,vector_integer_take,boolean_invert_second_then_and,integer_sub,vector_integer_rot,boolean_yank,integer_stackdepth,integer_dec,integer_gt,vector_integer_butlast,in1,vector_integer_pop,integer_lte,vector_integer_first,boolean_eq,exec_if,vector_integer_replace,exec_empty,exec_do*count,vector_integer_conj,exec_while,integer_fromboolean,integer_empty,vector_integer_dup
0.0077499375005,0.00166127692519,0.000854831815872,0.00249191538778,0.00749993951662,0.00195966161563,0.00133063443037,0.00727413488601,0.00100805638664,0.00338706945912,0.00163708357191,0.00127418327272,0.00461286602527,0.00114515205523,0.00236288417029,0.00291933129572,0.006580592092,0.00245159313231,0.00142740784349,0.00256449544762,0.0034031983613,0.00350803622551,0.00535479552584,0.00547576229224,0.00342739171458,0.00195966161563,0.00747574616334,0.00240320642575,0.00687897678245,0.00170159918065,0.00110482979976,0.00255643099652,0.00341932726349,0.00383061426924,0.00224998185499,0.00750800396771,0.00801606438658,0.000967734131176,0.0078709042669,0.0063467230103,0.00108870089757,0.00603220941767,0.00208062838203,0.00297578245337,0.0072821993371,0.000645156087451,0.00155643906098,0.00111289425085,0.00131450552818,0.0064676897767,0.00160482576753,0.00504028193321,0.0018790171047,0.00280642898041,0.00320158708398,0.00625801404827,0.00262901105636,0.00120160321288,0.0061047894775,0.00195966161563,0.00398383884001,0.00574995362941,0.00205643502875,0.00468544608511,0.00541931113459,0.00255643099652,0.00766122853848,0.00801606438658,0.00786283981581,0.00132256997927,0.00318545818179,0.00545963339005,0.00146773009895,0.00224191740389,0.00526608656382,0.00562092241192,0.00303223361102,0.00308062031758,0.00687897678245,0.00179030814268,0.000556447125426,0.00716123257071,0.000967734131176,0.00272578446948,0.00806445109314,0.00178224369158,0.00325803824163,0.00144353674567,0.00687091233135,0.00273384892057,0.00712897476633,0.00697575019556,0.0019999838711,0.00758864847864,0.00123386101725,0.00358061628535,0.00691123458682,0.00190321045798
Gen 124
exec_eq,integer_swap,integer_gte,boolean_shove,boolean_and,vector_integer_flush,integer_lt,vector_integer_pushall,exec_do*vector_integer,vector_integer_reverse,vector_integer_concat,vector_integer_occurrencesof,vector_integer_subvec,integer_eq,vector_integer_yankdup,exec_yankdup,vector_integer_yank,vector_integer_swap,vector_integer_shove,exec_when,vector_integer_rest,boolean_or,boolean_empty,vector_integer_emptyvector,exec_do*while,integer_rot,exec_stackdepth,exec_do*range,vector_integer_replacefirst,vector_integer_last,exec_shove,boolean_xor,boolean_yankdup,boolean_frominteger,exec_yank,vector_integer_indexof,vector_integer_length,integer_div,integer_mult,integer_min,integer_flush,integer_yank,vector_integer_set,integer_max,exec_dup,exec_k,exec_noop,exec_s,exec_y,boolean_rot,vector_integer_stackdepth,integer_yankdup,vector_integer_remove,vector_integer_empty,boolean_stackdepth,exec_do*times,integer_shove,vector_integer_nth,boolean_dup,boolean_not,integer_dup,boolean_flush,boolean_pop,exec_swap,boolean_swap,integer_add,exec_flush,integer_mod,integer_inc,boolean_invert_first_then_and,exec_rot,vector_integer_contains,integer_pop,exec_pop,vector_integer_eq,vector_integer_take,boolean_invert_second_then_and,integer_sub,vector_integer_rot,boolean_yank,integer_stackdepth,integer_dec,integer_gt,vector_integer_butlast,in1,vector_integer_pop,integer_lte,vector_integer_first,boolean_eq,exec_if,vector_integer_replace,exec_empty,exec_do*count,vector_integer_conj,exec_while,integer_fromboolean,integer_empty,vector_integer_dup
0.00770393836849,0.00146398828809,0.000847993216054,0.00231198150415,0.00750393996848,0.00215198278414,0.00128798969608,0.00724794201646,0.00106399148807,0.00333597331221,0.00180798553612,0.00120799033608,0.00453596371229,0.00122399020808,0.00252797977616,0.00299997600019,0.00671994624043,0.00231998144015,0.0015999872001,0.00247198022416,0.00358397132823,0.00355197158423,0.00518395852833,0.00514395884833,0.00335197318421,0.00195998432013,0.00739994080047,0.00261597907217,0.00682394540844,0.0014879880961,0.00116799065607,0.00254397964816,0.00320797433621,0.00386396908825,0.00219198246414,0.00733594131247,0.00794393644851,0.000991992064063,0.0077919376645,0.00636794905641,0.00112799097607,0.00591195270438,0.00219198246414,0.00273597811218,0.00720794233646,0.000671994624043,0.00168798649611,0.00137598899209,0.00139998880009,0.00667194662443,0.00172798617611,0.00503195974432,0.00201598387213,0.00260797913617,0.00333597331221,0.00599195206438,0.00251997984016,0.00119199046408,0.00612795097639,0.00189598483212,0.00418396652827,0.00547995616035,0.00221598227214,0.00455996352029,0.00553595571235,0.00235998112015,0.00762393900849,0.00791993664051,0.0078399372805,0.00115999072007,0.00331197350421,0.00547995616035,0.0015759873921,0.00207998336013,0.00536795705634,0.00571995424037,0.00301597587219,0.00327197382421,0.00659194726442,0.00171198630411,0.000607995136039,0.00689594483244,0.000855993152055,0.00268797849617,0.00799193606451,0.0016319869441,0.0031199750402,0.0015279877761,0.00668794649643,0.00280797753618,0.00708794329645,0.00686394508844,0.00199998400013,0.00759193926449,0.00130398956808,0.00326397388821,0.00698394412845,0.00184798521612
Gen 125
exec_eq,integer_swap,integer_gte,boolean_shove,boolean_and,vector_integer_flush,integer_lt,vector_integer_pushall,exec_do*vector_integer,vector_integer_reverse,vector_integer_concat,vector_integer_occurrencesof,vector_integer_subvec,integer_eq,vector_integer_yankdup,exec_yankdup,vector_integer_yank,vector_integer_swap,vector_integer_shove,exec_when,vector_integer_rest,boolean_or,boolean_empty,vector_integer_emptyvector,exec_do*while,integer_rot,exec_stackdepth,exec_do*range,vector_integer_replacefirst,vector_integer_last,exec_shove,boolean_xor,boolean_yankdup,boolean_frominteger,exec_yank,vector_integer_indexof,vector_integer_length,integer_div,integer_mult,integer_min,integer_flush,integer_yank,vector_integer_set,integer_max,exec_dup,exec_k,exec_noop,exec_s,exec_y,boolean_rot,vector_integer_stackdepth,integer_yankdup,vector_integer_remove,vector_integer_empty,boolean_stackdepth,exec_do*times,integer_shove,vector_integer_nth,boolean_dup,boolean_not,integer_dup,boolean_flush,boolean_pop,exec_swap,boolean_swap,integer_add,exec_flush,integer_mod,integer_inc,boolean_invert_first_then_and,exec_rot,vector_integer_contains,integer_pop,exec_pop,vector_integer_eq,vector_integer_take,boolean_invert_second_then_and,integer_sub,vector_integer_rot,boolean_yank,integer_stackdepth,integer_dec,integer_gt,vector_integer_butlast,in1,vector_integer_pop,integer_lte,vector_integer_first,boolean_eq,exec_if,vector_integer_replace,exec_empty,exec_do*count,vector_integer_conj,exec_while,integer_fromboolean,integer_empty,vector_integer_dup
0.00761105070595,0.00162697121451,0.000793644494885,0.00234918770486,0.00749994047666,0.00196030190237,0.00125395830192,0.0072301013484,0.00110316584789,0.00297616685582,0.00189681034278,0.0010555471782,0.00423012515774,0.0010396742883,0.00249998015889,0.0031348957548,0.00660312219744,0.00253172593868,0.00161903476957,0.00261109038817,0.00396028602948,0.00335711621336,0.00511900699201,0.00505551543242,0.00293648463107,0.00198411123721,0.00735708446758,0.00263489972302,0.00684915199086,0.0017222085539,0.00111110229284,0.0027618828422,0.00318251442449,0.00376187490575,0.00210315791145,0.00742851247212,0.007912635614,0.00114284807263,0.00765073293069,0.00629360084444,0.00107142006809,0.00611899905556,0.00199204768216,0.00281743795684,0.0072142284585,0.000611106261061,0.00158728898977,0.00133332275141,0.00129364052666,0.00644439329847,0.00154760676503,0.00507932476726,0.00214284013619,0.00252378949373,0.00342060777295,0.00574598614297,0.00269045483766,0.00119840318728,0.00609518972072,0.00177776366854,0.00425393449258,0.00537297323037,0.00224601392052,0.00437298116682,0.00506345187737,0.00216664947104,0.0076189871509,0.00788882627916,0.00776977960492,0.00107142006809,0.0034761628876,0.00537297323037,0.00142062364584,0.00192855612257,0.00527773589098,0.00557138435409,0.00303172197046,0.00368251045627,0.00679359687622,0.00180157300339,0.000523805366624,0.00694438933024,0.000849199609527,0.00249998015889,0.00792057205895,0.00163490765946,0.00326981531893,0.00143649653574,0.00662693153229,0.00294442107602,0.00720629201356,0.00668248664693,0.00212696724629,0.00748406758677,0.00119046674233,0.00288886596138,0.00692851644035,0.0017222085539
Gen 126
exec_eq,integer_swap,integer_gte,boolean_shove,boolean_and,vector_integer_flush,integer_lt,vector_integer_pushall,exec_do*vector_integer,vector_integer_reverse,vector_integer_concat,vector_integer_occurrencesof,vector_integer_subvec,integer_eq,vector_integer_yankdup,exec_yankdup,vector_integer_yank,vector_integer_swap,vector_integer_shove,exec_when,vector_integer_rest,boolean_or,boolean_empty,vector_integer_emptyvector,exec_do*while,integer_rot,exec_stackdepth,exec_do*range,vector_integer_replacefirst,vector_integer_last,exec_shove,boolean_xor,boolean_yankdup,boolean_frominteger,exec_yank,vector_integer_indexof,vector_integer_length,integer_div,integer_mult,integer_min,integer_flush,integer_yank,vector_integer_set,integer_max,exec_dup,exec_k,exec_noop,exec_s,exec_y,boolean_rot,vector_integer_stackdepth,integer_yankdup,vector_integer_remove,vector_integer_empty,boolean_stackdepth,exec_do*times,integer_shove,vector_integer_nth,boolean_dup,boolean_not,integer_dup,boolean_flush,boolean_pop,exec_swap,boolean_swap,integer_add,exec_flush,integer_mod,integer_inc,boolean_invert_first_then_and,exec_rot,vector_integer_contains,integer_pop,exec_pop,vector_integer_eq,vector_integer_take,boolean_invert_second_then_and,integer_sub,vector_integer_rot,boolean_yank,integer_stackdepth,integer_dec,integer_gt,vector_integer_butlast,in1,vector_integer_pop,integer_lte,vector_integer_first,boolean_eq,exec_if,vector_integer_replace,exec_empty,exec_do*count,vector_integer_conj,exec_while,integer_fromboolean,integer_empty,vector_integer_dup
0.00755112164471,0.00179526145463,0.000795269328588,0.00225195077204,0.00744876024598,0.00197636239085,0.00106298375603,0.00719679372603,0.000874008866072,0.00302359823938,0.00193699262211,0.000905504681066,0.0041810694404,0.00115747120101,0.00229919449453,0.00300785033189,0.00659049928741,0.0024566735695,0.00174801773214,0.00252753915324,0.00380311966048,0.00318107731435,0.00505507830647,0.00513381784395,0.00277950567318,0.00180313540838,0.00732277698601,0.00252753915324,0.00685821371485,0.00170077400965,0.00133857213723,0.00255903496823,0.00313383359186,0.00374800198424,0.00191337076086,0.00737789466225,0.0078582058409,0.00114172329352,0.00758261745971,0.00625191927623,0.00108660561728,0.00631491090621,0.00217321123456,0.00288186707191,0.00714955000354,0.000622042346123,0.00162990842592,0.00121258887725,0.001220462831,0.00651175974992,0.0017243958709,0.00478736387902,0.00229919449453,0.00223620286454,0.00374800198424,0.00576373414383,0.00259053078322,0.00114959724727,0.00606294438626,0.00165353028716,0.00409445594917,0.00554326343887,0.00213384146582,0.0044094140991,0.00497633876899,0.0021968330958,0.00747238210723,0.00778734025716,0.00767710490469,0.00114959724727,0.00330706057433,0.0054172801789,0.00140156376721,0.00192124471461,0.00518893552019,0.0053857843639,0.00313383359186,0.00338580011181,0.0068503397611,0.00188974889961,0.000511806993646,0.00680309603861,0.00117321910851,0.00255116101448,0.0078739537484,0.00140943772096,0.00318107731435,0.00141731167471,0.00640939835119,0.00285824521067,0.00722041558728,0.00674010440863,0.0021968330958,0.00748025606098,0.00122833678475,0.00298422847064,0.00707081046606,0.0014803033047
Gen 127
exec_eq,integer_swap,integer_gte,boolean_shove,boolean_and,vector_integer_flush,integer_lt,vector_integer_pushall,exec_do*vector_integer,vector_integer_reverse,vector_integer_concat,vector_integer_occurrencesof,vector_integer_subvec,integer_eq,vector_integer_yankdup,exec_yankdup,vector_integer_yank,vector_integer_swap,vector_integer_shove,exec_when,vector_integer_rest,boolean_or,boolean_empty,vector_integer_emptyvector,exec_do*while,integer_rot,exec_stackdepth,exec_do*range,vector_integer_replacefirst,vector_integer_last,exec_shove,boolean_xor,boolean_yankdup,boolean_frominteger,exec_yank,vector_integer_indexof,vector_integer_length,integer_div,integer_mult,integer_min,integer_flush,integer_yank,vector_integer_set,integer_max,exec_dup,exec_k,exec_noop,exec_s,exec_y,boolean_rot,vector_integer_stackdepth,integer_yankdup,vector_integer_remove,vector_integer_empty,boolean_stackdepth,exec_do*times,integer_shove,vector_integer_nth,boolean_dup,boolean_not,integer_dup,boolean_flush,boolean_pop,exec_swap,boolean_swap,integer_add,exec_flush,integer_mod,integer_inc,boolean_invert_first_then_and,exec_rot,vector_integer_contains,integer_pop,exec_pop,vector_integer_eq,vector_integer_take,boolean_invert_second_then_and,integer_sub,vector_integer_rot,boolean_yank,integer_stackdepth,integer_dec,integer_gt,vector_integer_butlast,in1,vector_integer_pop,integer_lte,vector_integer_first,boolean_eq,exec_if,vector_integer_replace,exec_empty,exec_do*count,vector_integer_conj,exec_while,integer_fromboolean,integer_empty,vector_integer_dup
0.00743744189499,0.00159373754893,0.000609370239295,0.00239841876235,0.00732025531051,0.0019140475465,0.00107030413825,0.00712494433637,0.000726556823775,0.00285154022234,0.00189842266857,0.00100780462653,0.00410934289576,0.00108592901618,0.00241404364028,0.00287497753924,0.0065546362919,0.00220310778822,0.00170311169444,0.00256247998063,0.00402340606714,0.00296091436786,0.00492183654815,0.00490621167022,0.00258591729752,0.00158592510996,0.00717963140913,0.00258591729752,0.00676557214397,0.00174217388927,0.00128905242928,0.00262497949235,0.0030859133913,0.00385934484887,0.00185154803478,0.00721088116499,0.00778118920946,0.00113280364997,0.00746869165085,0.00632807556191,0.00107030413825,0.00597651580847,0.00192967242443,0.00262497949235,0.0071405692143,0.000570308044468,0.00148436340341,0.00108592901618,0.00121092803962,0.0063983875126,0.00178123608409,0.0050233982547,0.00221873266615,0.0021406082765,0.00352340997336,0.00573433020055,0.00256247998063,0.00115624096687,0.0059687033695,0.00132030218514,0.00406246826197,0.00505464801056,0.0021171709596,0.00406246826197,0.00470308825712,0.0022968570558,0.00735931750533,0.00776556433153,0.00767181506394,0.00119530316169,0.00342184826681,0.00528120874056,0.00142186389169,0.00157030023203,0.00500777337677,0.00535152069124,0.00309372583027,0.00364059655784,0.006757759705,0.00177342364513,0.000468746337919,0.00689057116741,0.000976554870665,0.00228123217787,0.00779681408739,0.00142967633065,0.00303122631854,0.00133592706307,0.00623432629433,0.0030859133913,0.00705463238568,0.00647651190225,0.00192967242443,0.00735931750533,0.00110936633308,0.00261716705338,0.00703900750775,0.00160936242686
Gen 128
exec_eq,integer_swap,integer_gte,boolean_shove,boolean_and,vector_integer_flush,integer_lt,vector_integer_pushall,exec_do*vector_integer,vector_integer_reverse,vector_integer_concat,vector_integer_occurrencesof,vector_integer_subvec,integer_eq,vector_integer_yankdup,exec_yankdup,vector_integer_yank,vector_integer_swap,vector_integer_shove,exec_when,vector_integer_rest,boolean_or,boolean_empty,vector_integer_emptyvector,exec_do*while,integer_rot,exec_stackdepth,exec_do*range,vector_integer_replacefirst,vector_integer_last,exec_shove,boolean_xor,boolean_yankdup,boolean_frominteger,exec_yank,vector_integer_indexof,vector_integer_length,integer_div,integer_mult,integer_min,integer_flush,integer_yank,vector_integer_set,integer_max,exec_dup,exec_k,exec_noop,exec_s,exec_y,boolean_rot,vector_integer_stackdepth,integer_yankdup,vector_integer_remove,vector_integer_empty,boolean_stackdepth,exec_do*times,integer_shove,vector_integer_nth,boolean_dup,boolean_not,integer_dup,boolean_flush,boolean_pop,exec_swap,boolean_swap,integer_add,exec_flush,integer_mod,integer_inc,boolean_invert_first_then_and,exec_rot,vector_integer_contains,integer_pop,exec_pop,vector_integer_eq,vector_integer_take,boolean_invert_second_then_and,integer_sub,vector_integer_rot,boolean_yank,integer_stackdepth,integer_dec,integer_gt,vector_integer_butlast,in1,vector_integer_pop,integer_lte,vector_integer_first,boolean_eq,exec_if,vector_integer_replace,exec_empty,exec_do*count,vector_integer_conj,exec_while,integer_fromboolean,integer_empty,vector_integer_dup
0.00741854714305,0.00165114999109,0.000643405865071,0.00263563848342,0.00721699831784,0.00186045069418,0.00103875163758,0.00713947953892,0.000922473469198,0.00293796172123,0.00158913496795,0.00117828543965,0.00412399903877,0.00126355609646,0.00206199951938,0.00295346547701,0.00630227672654,0.00217052580988,0.00168215750266,0.00285269106441,0.00405423213774,0.00321702932535,0.00496120185115,0.00474414927016,0.0026588941171,0.00167440562476,0.0071549832947,0.00261238284975,0.00637204362757,0.00196897698467,0.00123254858489,0.00262788660553,0.00290695420966,0.00386818706832,0.00169766125844,0.00714723141681,0.00770536662506,0.00109301478283,0.00747281028829,0.00616274292447,0.00121704482911,0.00595344222138,0.00192246571732,0.00264339036132,0.00693017883582,0.000589142719824,0.00151161618902,0.00108526290494,0.00124805234068,0.00655808869699,0.00142634553221,0.00487593119433,0.00231781148983,0.00239533026876,0.00355036007473,0.00574414151828,0.00282943543073,0.00136433050907,0.00587592344245,0.00121704482911,0.00427128471872,0.00535654762366,0.00231005961194,0.0039844652367,0.00503096875218,0.00246509716979,0.00737978775358,0.00769761474717,0.00765885535771,0.00119378919543,0.00351935256316,0.00524802133317,0.00144960116588,0.00141859365431,0.00496120185115,0.00522476569949,0.00320927744746,0.0037829164115,0.00668987062116,0.0019379694731,0.000527127696685,0.00681390066744,0.00106200727126,0.00250385655925,0.00775187789242,0.00150386431113,0.00307749552329,0.00140308989853,0.00617824668026,0.003170518058,0.00696118634739,0.00635653987178,0.00197672886257,0.00739529150937,0.00106975914915,0.00243408965822,0.00668987062116,0.00148836055534
Gen 129
exec_eq,integer_swap,integer_gte,boolean_shove,boolean_and,vector_integer_flush,integer_lt,vector_integer_pushall,exec_do*vector_integer,vector_integer_reverse,vector_integer_concat,vector_integer_occurrencesof,vector_integer_subvec,integer_eq,vector_integer_yankdup,exec_yankdup,vector_integer_yank,vector_integer_swap,vector_integer_shove,exec_when,vector_integer_rest,boolean_or,boolean_empty,vector_integer_emptyvector,exec_do*while,integer_rot,exec_stackdepth,exec_do*range,vector_integer_replacefirst,vector_integer_last,exec_shove,boolean_xor,boolean_yankdup,boolean_frominteger,exec_yank,vector_integer_indexof,vector_integer_length,integer_div,integer_mult,integer_min,integer_flush,integer_yank,vector_integer_set,integer_max,exec_dup,exec_k,exec_noop,exec_s,exec_y,boolean_rot,vector_integer_stackdepth,integer_yankdup,vector_integer_remove,vector_integer_empty,boolean_stackdepth,exec_do*times,integer_shove,vector_integer_nth,boolean_dup,boolean_not,integer_dup,boolean_flush,boolean_pop,exec_swap,boolean_swap,integer_add,exec_flush,integer_mod,integer_inc,boolean_invert_first_then_and,exec_rot,vector_integer_contains,integer_pop,exec_pop,vector_integer_eq,vector_integer_take,boolean_invert_second_then_and,integer_sub,vector_integer_rot,boolean_yank,integer_stackdepth,integer_dec,integer_gt,vector_integer_butlast,in1,vector_integer_pop,integer_lte,vector_integer_first,boolean_eq,exec_if,vector_integer_replace,exec_empty,exec_do*count,vector_integer_conj,exec_while,integer_fromboolean,integer_empty,vector_integer_dup
0.00735378958623,0.00154614195275,0.000730763609511,0.00291536218952,0.00725379035546,0.00193075437881,0.00109229929001,0.00709994538504,0.000892300828455,0.00310766840255,0.00150768071015,0.00126152875747,0.00419227544404,0.00142306597642,0.00189998538473,0.00297690017769,0.00637687402405,0.00216152183445,0.00171537142022,0.00287690094692,0.0040691994677,0.00333074360966,0.00529995923108,0.00471534834347,0.00263844124276,0.00136922023677,0.00713071437912,0.0026538257398,0.00620764455658,0.00181537065099,0.0013461434912,0.00268459473389,0.00319228313628,0.00409996846178,0.00173844816578,0.00699994615426,0.00763840278152,0.000953838816624,0.00745378881701,0.00624610579919,0.0011999907693,0.00578457088792,0.00172306366874,0.0026538257398,0.00693840816609,0.000576918639087,0.00158460319536,0.000899993076976,0.00123075976339,0.00663071822524,0.00125383650895,0.00473842508904,0.00264613349128,0.00263074899424,0.0036692025446,0.00586149337313,0.00280767071023,0.00116922177522,0.00586918562165,0.00099230005923,0.00423842893516,0.00549995769263,0.00275382497058,0.00373074053277,0.00474611733756,0.00256921100607,0.00735378958623,0.00759224929039,0.00759224929039,0.00118460627226,0.00349997307713,0.00535380497073,0.00127691325451,0.00136922023677,0.00494611579911,0.00518457550327,0.00337689710079,0.00396920023692,0.00667687171637,0.00183844739656,0.000553841893524,0.00652302674595,0.00114614502965,0.00246151952677,0.00769224852117,0.00149229621311,0.00300766917178,0.00146921946754,0.00594610810686,0.00313843739664,0.00694610041461,0.00616918331397,0.00209229159776,0.00729225159806,0.00127691325451,0.00234613579896,0.00653071899447,0.00162306443797
Gen 130
exec_eq,integer_swap,integer_gte,boolean_shove,boolean_and,vector_integer_flush,integer_lt,vector_integer_pushall,exec_do*vector_integer,vector_integer_reverse,vector_integer_concat,vector_integer_occurrencesof,vector_integer_subvec,integer_eq,vector_integer_yankdup,exec_yankdup,vector_integer_yank,vector_integer_swap,vector_integer_shove,exec_when,vector_integer_rest,boolean_or,boolean_empty,vector_integer_emptyvector,exec_do*while,integer_rot,exec_stackdepth,exec_do*range,vector_integer_replacefirst,vector_integer_last,exec_shove,boolean_xor,boolean_yankdup,boolean_frominteger,exec_yank,vector_integer_indexof,vector_integer_length,integer_div,integer_mult,integer_min,integer_flush,integer_yank,vector_integer_set,integer_max,exec_dup,exec_k,exec_noop,exec_s,exec_y,boolean_rot,vector_integer_stackdepth,integer_yankdup,vector_integer_remove,vector_integer_empty,boolean_stackdepth,exec_do*times,integer_shove,vector_integer_nth,boolean_dup,boolean_not,integer_dup,boolean_flush,boolean_pop,exec_swap,boolean_swap,integer_add,exec_flush,integer_mod,integer_inc,boolean_invert_first_then_and,exec_rot,vector_integer_contains,integer_pop,exec_pop,vector_integer_eq,vector_integer_take,boolean_invert_second_then_and,integer_sub,vector_integer_rot,boolean_yank,integer_stackdepth,integer_dec,integer_gt,vector_integer_butlast,in1,vector_integer_pop,integer_lte,vector_integer_first,boolean_eq,exec_if,vector_integer_replace,exec_empty,exec_do*count,vector_integer_conj,exec_while,integer_fromboolean,integer_empty,vector_integer_dup
0.00712971656705,0.0013206006061,0.000725185303929,0.00303814474699,0.00722131892123,0.00207632002809,0.00108396119114,0.00693887832917,0.000839688246655,0.00322898298486,0.00138930237174,0.00120609766338,0.004312944176,0.00152670590301,0.00194655002634,0.00264883474172,0.00641216479264,0.00231295944306,0.00183204708361,0.00308394592408,0.00402287005443,0.0031984488668,0.00519080007023,0.00441218005969,0.00254196532851,0.00135113472416,0.00696177891772,0.00261830062366,0.00590071831513,0.00201525179197,0.00114502942726,0.0025877665056,0.00302287768796,0.00407630476103,0.00155724002107,0.00668697185518,0.00756482774941,0.00105342707308,0.00728238715735,0.00620605949573,0.00129770001756,0.00587781772658,0.00180151296555,0.00269463591881,0.00687781009305,0.000427477652842,0.00135876825368,0.000900756482775,0.00120609766338,0.00616789184815,0.00112212883871,0.00496179418478,0.00255723238754,0.00277860474348,0.00364882710819,0.00574804772483,0.00267173533026,0.00138930237174,0.00559537713453,0.00119846413386,0.00437401241212,0.00547324066229,0.00282440592057,0.00377096358043,0.00456485065,0.00263356768269,0.00719078480317,0.00755719421989,0.0075113930428,0.00139693590125,0.00356485828352,0.00519080007023,0.00122136472241,0.00146563766689,0.00463355241563,0.0050228624209,0.00327478416195,0.00396943534782,0.0066488042076,0.00174807825894,0.000564881184113,0.0064426989107,0.00112212883871,0.00229005885451,0.00763352951504,0.0014732711964,0.00296944298135,0.00150380531446,0.00603048831688,0.00300761062893,0.00672513950275,0.00603048831688,0.00225189120694,0.00719841833268,0.00121373119289,0.00235876062015,0.00637399714506,0.00155724002107
Gen 131
exec_eq,integer_swap,integer_gte,boolean_shove,boolean_and,vector_integer_flush,integer_lt,vector_integer_pushall,exec_do*vector_integer,vector_integer_reverse,vector_integer_concat,vector_integer_occurrencesof,vector_integer_subvec,integer_eq,vector_integer_yankdup,exec_yankdup,vector_integer_yank,vector_integer_swap,vector_integer_shove,exec_when,vector_integer_rest,boolean_or,boolean_empty,vector_integer_emptyvector,exec_do*while,integer_rot,exec_stackdepth,exec_do*range,vector_integer_replacefirst,vector_integer_last,exec_shove,boolean_xor,boolean_yankdup,boolean_frominteger,exec_yank,vector_integer_indexof,vector_integer_length,integer_div,integer_mult,integer_min,integer_flush,integer_yank,vector_integer_set,integer_max,exec_dup,exec_k,exec_noop,exec_s,exec_y,boolean_rot,vector_integer_stackdepth,integer_yankdup,vector_integer_remove,vector_integer_empty,boolean_stackdepth,exec_do*times,integer_shove,vector_integer_nth,boolean_dup,boolean_not,integer_dup,boolean_flush,boolean_pop,exec_swap,boolean_swap,integer_add,exec_flush,integer_mod,integer_inc,boolean_invert_first_then_and,exec_rot,vector_integer_contains,integer_pop,exec_pop,vector_integer_eq,vector_integer_take,boolean_invert_second_then_and,integer_sub,vector_integer_rot,boolean_yank,integer_stackdepth,integer_dec,integer_gt,vector_integer_butlast,in1,vector_integer_pop,integer_lte,vector_integer_first,boolean_eq,exec_if,vector_integer_replace,exec_empty,exec_do*count,vector_integer_conj,exec_while,integer_fromboolean,integer_empty,vector_integer_dup
0.00703024977084,0.00156816993811,0.000560601813623,0.003045431474,0.00719691517489,0.0019545306475,0.00102271952485,0.00700752267028,0.00103029522504,0.00330300528026,0.00151514003682,0.00103029522504,0.00415148370088,0.00153786713737,0.00210604465118,0.00255301096204,0.00638631525519,0.00225755865486,0.00165907834032,0.00325755107916,0.00383330429315,0.00326512677934,0.005143900425,0.00444693600806,0.00235604275725,0.00146211013553,0.00688631146734,0.00277270626738,0.00592419754396,0.00197725774805,0.0013787774335,0.00235604275725,0.00289391747032,0.00408330239922,0.00146211013553,0.00659843486034,0.00754539738335,0.00106059802577,0.00721206657525,0.0061893470504,0.00130302043166,0.00591662184377,0.0017121082416,0.00261361656351,0.00695449276899,0.000462117711229,0.0016211998394,0.000863629820986,0.00124241483019,0.00631813395353,0.0011439307278,0.00523480882721,0.00243937545928,0.00250755676093,0.00331815668063,0.00556813963531,0.00265907076462,0.00135605033295,0.00530299012886,0.00125756623056,0.00428784630419,0.00546965553291,0.00279543336793,0.00355300338634,0.00453026871009,0.00249240536057,0.00719691517489,0.00751509458262,0.00740903478004,0.00124241483019,0.00355300338634,0.00496965932076,0.00130302043166,0.00124999053037,0.00470450981432,0.00493178081984,0.00321209687805,0.00411360519996,0.00657570775979,0.00150756433663,0.000568177513807,0.00649237505776,0.000939386822827,0.00239392125817,0.00756812448391,0.00151514003682,0.00311361277566,0.00125756623056,0.0058105620412,0.00328785387989,0.00676510026439,0.00607571154764,0.00217422595283,0.00725752077636,0.00121211202945,0.00198483344823,0.00644692085666,0.0016211998394
Gen 132
exec_eq,integer_swap,integer_gte,boolean_shove,boolean_and,vector_integer_flush,integer_lt,vector_integer_pushall,exec_do*vector_integer,vector_integer_reverse,vector_integer_concat,vector_integer_occurrencesof,vector_integer_subvec,integer_eq,vector_integer_yankdup,exec_yankdup,vector_integer_yank,vector_integer_swap,vector_integer_shove,exec_when,vector_integer_rest,boolean_or,boolean_empty,vector_integer_emptyvector,exec_do*while,integer_rot,exec_stackdepth,exec_do*range,vector_integer_replacefirst,vector_integer_last,exec_shove,boolean_xor,boolean_yankdup,boolean_frominteger,exec_yank,vector_integer_indexof,vector_integer_length,integer_div,integer_mult,integer_min,integer_flush,integer_yank,vector_integer_set,integer_max,exec_dup,exec_k,exec_noop,exec_s,exec_y,boolean_rot,vector_integer_stackdepth,integer_yankdup,vector_integer_remove,vector_integer_empty,boolean_stackdepth,exec_do*times,integer_shove,vector_integer_nth,boolean_dup,boolean_not,integer_dup,boolean_flush,boolean_pop,exec_swap,boolean_swap,integer_add,exec_flush,integer_mod,integer_inc,boolean_invert_first_then_and,exec_rot,vector_integer_contains,integer_pop,exec_pop,vector_integer_eq,vector_integer_take,boolean_invert_second_then_and,integer_sub,vector_integer_rot,boolean_yank,integer_stackdepth,integer_dec,integer_gt,vector_integer_butlast,in1,vector_integer_pop,integer_lte,vector_integer_first,boolean_eq,exec_if,vector_integer_replace,exec_empty,exec_do*count,vector_integer_conj,exec_while,integer_fromboolean,integer_empty,vector_integer_dup
0.00687964752145,0.00141352320659,0.000669167900993,0.00271426530628,0.00711272847573,0.00194735377929,0.000977436259878,0.00694731618559,0.000894730114811,0.00343606439049,0.00143607942797,0.00103758618356,0.00413530725333,0.00158645423719,0.00214284103127,0.00254133427568,0.00623303584184,0.00213532229081,0.00172179156548,0.00313531477207,0.00369922030661,0.0029774212224,0.00509018729182,0.00436838820761,0.00244359064969,0.00157893549673,0.00684205381914,0.00256389049706,0.00586461755927,0.00174434778686,0.00139096698521,0.00214284103127,0.00290975255825,0.00387215133721,0.00142856068751,0.00651874797934,0.00751122172014,0.00100751122172,0.0070600972925,0.00612777347539,0.00143607942797,0.00587213629973,0.00174434778686,0.00237592198555,0.00687212878099,0.000533830572702,0.00147367313028,0.000947361298035,0.0012029984737,0.00616536717769,0.00109773610725,0.00525559958196,0.00243607190923,0.00242103442831,0.00357892045924,0.00558642416222,0.00264659664213,0.00116540477139,0.00517289343689,0.0013157795806,0.00414282599379,0.005533792979,0.00296238374148,0.00353380801648,0.0043307945053,0.00273682152766,0.00718039713987,0.00746610927737,0.00745107179645,0.00125562965692,0.00393982000135,0.00486462507801,0.00145863564936,0.00117292351185,0.00472928774972,0.00477440019248,0.00321050217668,0.00415786347471,0.00661649160533,0.00151126683258,0.000586461755927,0.00639844813197,0.00116540477139,0.0022706596191,0.0075187404606,0.00163156667995,0.00298493996286,0.00126314839738,0.00564657408591,0.00298493996286,0.00668416026947,0.00623303584184,0.00218795347403,0.00710520973527,0.00126314839738,0.00191727881745,0.00630070450598,0.00167667912271
Gen 133
exec_eq,integer_swap,integer_gte,boolean_shove,boolean_and,vector_integer_flush,integer_lt,vector_integer_pushall,exec_do*vector_integer,vector_integer_reverse,vector_integer_concat,vector_integer_occurrencesof,vector_integer_subvec,integer_eq,vector_integer_yankdup,exec_yankdup,vector_integer_yank,vector_integer_swap,vector_integer_shove,exec_when,vector_integer_rest,boolean_or,boolean_empty,vector_integer_emptyvector,exec_do*while,integer_rot,exec_stackdepth,exec_do*range,vector_integer_replacefirst,vector_integer_last,exec_shove,boolean_xor,boolean_yankdup,boolean_frominteger,exec_yank,vector_integer_indexof,vector_integer_length,integer_div,integer_mult,integer_min,integer_flush,integer_yank,vector_integer_set,integer_max,exec_dup,exec_k,exec_noop,exec_s,exec_y,boolean_rot,vector_integer_stackdepth,integer_yankdup,vector_integer_remove,vector_integer_empty,boolean_stackdepth,exec_do*times,integer_shove,vector_integer_nth,boolean_dup,boolean_not,integer_dup,boolean_flush,boolean_pop,exec_swap,boolean_swap,integer_add,exec_flush,integer_mod,integer_inc,boolean_invert_first_then_and,exec_rot,vector_integer_contains,integer_pop,exec_pop,vector_integer_eq,vector_integer_take,boolean_invert_second_then_and,integer_sub,vector_integer_rot,boolean_yank,integer_stackdepth,integer_dec,integer_gt,vector_integer_butlast,in1,vector_integer_pop,integer_lte,vector_integer_first,boolean_eq,exec_if,vector_integer_replace,exec_empty,exec_do*count,vector_integer_conj,exec_while,integer_fromboolean,integer_empty,vector_integer_dup
0.00691785882195,0.00144028775905,0.000768650980217,0.00268654711532,0.00701487302334,0.00202237296737,0.00113431989314,0.00692532145282,0.000985067275617,0.00352236177342,0.00167909194708,0.00117163304751,0.00403728330386,0.00141789986642,0.00184326982634,0.00244774292729,0.00611935731823,0.00216416295401,0.00179103141021,0.0029701270886,0.00375370333057,0.00296266445773,0.00508951425736,0.00438802695502,0.00231341557153,0.00127610987978,0.00679845672793,0.00261938343744,0.00576115103619,0.00205222349087,0.00123133409452,0.00211192453788,0.00295520182685,0.00364176386743,0.00137312408116,0.00652233938553,0.00744770561414,0.000880590443355,0.00701487302334,0.00619398362699,0.00141789986642,0.00573876314356,0.00168655457795,0.00229849030977,0.00660442832516,0.000522384161312,0.00150745143693,0.000932828859486,0.00113431989314,0.00598502996246,0.00110446936963,0.00520891635137,0.00243281766554,0.00247013081992,0.00363430123656,0.00574622577443,0.00255221975955,0.00138058671204,0.00524622950575,0.00129103514153,0.00432832590802,0.00546264580115,0.00317161812225,0.00348504861904,0.00430593801539,0.00299251498123,0.00708949933209,0.00738054193625,0.00735815404363,0.00132834829591,0.00415668539787,0.00469399482093,0.00152983932956,0.00120148357102,0.00464921903568,0.00480593428407,0.0031566928605,0.00435071380064,0.00661189095604,0.00171640510145,0.000485071006933,0.00632831098275,0.00134327355766,0.00222386400101,0.00744770561414,0.00194028402773,0.00280594920933,0.00126118461803,0.00576861366706,0.00310445444437,0.00669397989567,0.00602234311684,0.00222386400101,0.00706711143947,0.000977604644741,0.00219401347751,0.00621637151962,0.00171640510145
Gen 134
exec_eq,integer_swap,integer_gte,boolean_shove,boolean_and,vector_integer_flush,integer_lt,vector_integer_pushall,exec_do*vector_integer,vector_integer_reverse,vector_integer_concat,vector_integer_occurrencesof,vector_integer_subvec,integer_eq,vector_integer_yankdup,exec_yankdup,vector_integer_yank,vector_integer_swap,vector_integer_shove,exec_when,vector_integer_rest,boolean_or,boolean_empty,vector_integer_emptyvector,exec_do*while,integer_rot,exec_stackdepth,exec_do*range,vector_integer_replacefirst,vector_integer_last,exec_shove,boolean_xor,boolean_yankdup,boolean_frominteger,exec_yank,vector_integer_indexof,vector_integer_length,integer_div,integer_mult,integer_min,integer_flush,integer_yank,vector_integer_set,integer_max,exec_dup,exec_k,exec_noop,exec_s,exec_y,boolean_rot,vector_integer_stackdepth,integer_yankdup,vector_integer_remove,vector_integer_empty,boolean_stackdepth,exec_do*times,integer_shove,vector_integer_nth,boolean_dup,boolean_not,integer_dup,boolean_flush,boolean_pop,exec_swap,boolean_swap,integer_add,exec_flush,integer_mod,integer_inc,boolean_invert_first_then_and,exec_rot,vector_integer_contains,integer_pop,exec_pop,vector_integer_eq,vector_integer_take,boolean_invert_second_then_and,integer_sub,vector_integer_rot,boolean_yank,integer_stackdepth,integer_dec,integer_gt,vector_integer_butlast,in1,vector_integer_pop,integer_lte,vector_integer_first,boolean_eq,exec_if,vector_integer_replace,exec_empty,exec_do*count,vector_integer_conj,exec_while,integer_fromboolean,integer_empty,vector_integer_dup
0.00692587462315,0.00137036021955,0.000614810260665,0.00261479544596,0.00702217020615,0.00204442930052,0.00108888082311,0.00682217168762,0.000881474952037,0.003399974815,0.00178517196169,0.00131850875179,0.00392589684521,0.00144443374494,0.00203702194799,0.0024666483952,0.00606662172873,0.0021185028259,0.00168146902616,0.00317775423886,0.00354071451323,0.00282960866957,0.00480737179725,0.00445181887542,0.00223702046652,0.00147406315509,0.00665920993178,0.00279997925941,0.00578514233228,0.00201479989037,0.00139998962971,0.00213331753098,0.00294071895764,0.00374812038429,0.00136295286702,0.00654809964371,0.0073629084229,0.000837030836809,0.00702957755868,0.00588884526781,0.00132591610433,0.0056147732239,0.00151850727032,0.00254072192058,0.00673328345716,0.000392589684521,0.00141480433478,0.000903697009652,0.00109628817564,0.00587403056274,0.000925919067266,0.00503699972593,0.0026222027985,0.00242220427997,0.00357775127592,0.00513329530892,0.00256294397819,0.00142961903986,0.00533329382745,0.00129628669417,0.00419256153658,0.005244405597,0.00296294101525,0.00347404834038,0.00424441300435,0.00289627484241,0.00700735550107,0.00734809371782,0.00723698342975,0.0014962852127,0.0040221924282,0.00493329679039,0.00148147050763,0.00127406463656,0.0044295968178,0.00482959385486,0.00306664395079,0.00454811445841,0.00670365404701,0.00177035725661,0.000577773497974,0.00650365552848,0.00119258375864,0.00220739105636,0.00739994518559,0.00179998666677,0.00298516307287,0.0013407308094,0.0057110688069,0.00290368219495,0.00665920993178,0.00596291879319,0.00220739105636,0.00703698491122,0.00101480729772,0.00177035725661,0.00622217613203,0.00170369108377
Gen 135
exec_eq,integer_swap,integer_gte,boolean_shove,boolean_and,vector_integer_flush,integer_lt,vector_integer_pushall,exec_do*vector_integer,vector_integer_reverse,vector_integer_concat,vector_integer_occurrencesof,vector_integer_subvec,integer_eq,vector_integer_yankdup,exec_yankdup,vector_integer_yank,vector_integer_swap,vector_integer_shove,exec_when,vector_integer_rest,boolean_or,boolean_empty,vector_integer_emptyvector,exec_do*while,integer_rot,exec_stackdepth,exec_do*range,vector_integer_replacefirst,vector_integer_last,exec_shove,boolean_xor,boolean_yankdup,boolean_frominteger,exec_yank,vector_integer_indexof,vector_integer_length,integer_div,integer_mult,integer_min,integer_flush,integer_yank,vector_integer_set,integer_max,exec_dup,exec_k,exec_noop,exec_s,exec_y,boolean_rot,vector_integer_stackdepth,integer_yankdup,vector_integer_remove,vector_integer_empty,boolean_stackdepth,exec_do*times,integer_shove,vector_integer_nth,boolean_dup,boolean_not,integer_dup,boolean_flush,boolean_pop,exec_swap,boolean_swap,integer_add,exec_flush,integer_mod,integer_inc,boolean_invert_first_then_and,exec_rot,vector_integer_contains,integer_pop,exec_pop,vector_integer_eq,vector_integer_take,boolean_invert_second_then_and,integer_sub,vector_integer_rot,boolean_yank,integer_stackdepth,integer_dec,integer_gt,vector_integer_butlast,in1,vector_integer_pop,integer_lte,vector_integer_first,boolean_eq,exec_if,vector_integer_replace,exec_empty,exec_do*count,vector_integer_conj,exec_while,integer_fromboolean,integer_empty,vector_integer_dup
0.00691906677157,0.00144851876089,0.000742641598224,0.00273527400534,0.00689700811023,0.00198527952,0.00097793398578,0.00683818501335,0.000727935824001,0.00355144447467,0.00188233910045,0.00122057926045,0.0040955581209,0.00156616495467,0.00207351416534,0.00242645274667,0.00569113462401,0.002249983456,0.00182351600356,0.00305880103823,0.00358820891023,0.00280144998934,0.00491908147734,0.00427938029867,0.00222792479467,0.00144116587378,0.00649259931912,0.00269850956978,0.00560289997868,0.002249983456,0.00141175432534,0.00221321902045,0.00304409526401,0.00386761862045,0.00147793030934,0.00638965889957,0.00733082844979,0.00072058293689,0.0069411254329,0.00593377989868,0.00134557834134,0.00565437018845,0.00163234093867,0.00255145182756,0.00659553973868,0.000323527032889,0.00144851876089,0.000845582017779,0.000919110888891,0.00576466349512,0.000963228211557,0.00510290365512,0.00263968647289,0.00234557098845,0.0034999742649,0.00499261034845,0.002448511408,0.00135293122845,0.00518378541334,0.00124999080889,0.0038970301689,0.00516172675201,0.00301468371556,0.00340438673245,0.00404408791112,0.00281615576356,0.00688965522312,0.00730876978846,0.00719847648179,0.00149263608356,0.00386761862045,0.00507349210668,0.00155881206756,0.00151469474489,0.00451467268623,0.00480878817068,0.00314703568356,0.00432349762134,0.00665436283557,0.00180881022934,0.000558819420445,0.00642642333512,0.00136028411556,0.00205880839111,0.00734553422401,0.00174998713245,0.002713215344,0.00127204947022,0.00537496047823,0.00288968463467,0.00666171572268,0.00602936743112,0.00226468923023,0.00696318409423,0.00108087440534,0.00162498805156,0.00602201454401,0.00173528135823
Gen 136
exec_eq,integer_swap,integer_gte,boolean_shove,boolean_and,vector_integer_flush,integer_lt,vector_integer_pushall,exec_do*vector_integer,vector_integer_reverse,vector_integer_concat,vector_integer_occurrencesof,vector_integer_subvec,integer_eq,vector_integer_yankdup,exec_yankdup,vector_integer_yank,vector_integer_swap,vector_integer_shove,exec_when,vector_integer_rest,boolean_or,boolean_empty,vector_integer_emptyvector,exec_do*while,integer_rot,exec_stackdepth,exec_do*range,vector_integer_replacefirst,vector_integer_last,exec_shove,boolean_xor,boolean_yankdup,boolean_frominteger,exec_yank,vector_integer_indexof,vector_integer_length,integer_div,integer_mult,integer_min,integer_flush,integer_yank,vector_integer_set,integer_max,exec_dup,exec_k,exec_noop,exec_s,exec_y,boolean_rot,vector_integer_stackdepth,integer_yankdup,vector_integer_remove,vector_integer_empty,boolean_stackdepth,exec_do*times,integer_shove,vector_integer_nth,boolean_dup,boolean_not,integer_dup,boolean_flush,boolean_pop,exec_swap,boolean_swap,integer_add,exec_flush,integer_mod,integer_inc,boolean_invert_first_then_and,exec_rot,vector_integer_contains,integer_pop,exec_pop,vector_integer_eq,vector_integer_take,boolean_invert_second_then_and,integer_sub,vector_integer_rot,boolean_yank,integer_stackdepth,integer_dec,integer_gt,vector_integer_butlast,in1,vector_integer_pop,integer_lte,vector_integer_first,boolean_eq,exec_if,vector_integer_replace,exec_empty,exec_do*count,vector_integer_conj,exec_while,integer_fromboolean,integer_empty,vector_integer_dup
0.00679557083525,0.00145254414201,0.000569338909935,0.0028101984657,0.00700724812228,0.00199268618477,0.00108028408552,0.00671527945051,0.000510945175583,0.00348902562755,0.00213867052065,0.00110948095269,0.00398537236954,0.00141604805804,0.00206567835271,0.00248173370997,0.00549631024591,0.00193429245042,0.00175181203057,0.00321895460617,0.00345252954358,0.0028101984657,0.00474449091612,0.00444522302757,0.00205837913592,0.00145254414201,0.00635761782761,0.00250363136036,0.00561309771462,0.00217516660462,0.00129926058934,0.00213867052065,0.00297808045197,0.00368610448099,0.00153283552675,0.00643060999555,0.00728461836045,0.000751819329786,0.00687586221998,0.00592696403676,0.00127736293896,0.00564229458179,0.00165692221225,0.00286859220006,0.00662768884899,0.000328464755732,0.00143064649163,0.000810213064138,0.000766417763374,0.0055109086795,0.000897803665667,0.0050218611543,0.00273720629776,0.00243063919241,0.00324815147335,0.00500726272071,0.00240874154203,0.00143064649163,0.00491967211918,0.00127006372216,0.00389778176802,0.00487587681842,0.00286859220006,0.00324085225655,0.00383208881687,0.00251822979394,0.00678827161846,0.00726272071007,0.00708024029022,0.00164232377866,0.00393427785199,0.00486857760162,0.00143794570843,0.00142334727484,0.00427004182451,0.00472259326574,0.00303647418632,0.00425544339092,0.00643790921234,0.00193429245042,0.000489047525201,0.00642331077875,0.00142334727484,0.00191239480004,0.00729191757724,0.00149633944278,0.00261311961227,0.00118977233743,0.00542331807797,0.00275180473135,0.00654739746425,0.00597805855432,0.00243793840921,0.00681746848563,0.000905102882461,0.00144524492522,0.00597805855432,0.00158393004431
Gen 137
exec_eq,integer_swap,integer_gte,boolean_shove,boolean_and,vector_integer_flush,integer_lt,vector_integer_pushall,exec_do*vector_integer,vector_integer_reverse,vector_integer_concat,vector_integer_occurrencesof,vector_integer_subvec,integer_eq,vector_integer_yankdup,exec_yankdup,vector_integer_yank,vector_integer_swap,vector_integer_shove,exec_when,vector_integer_rest,boolean_or,boolean_empty,vector_integer_emptyvector,exec_do*while,integer_rot,exec_stackdepth,exec_do*range,vector_integer_replacefirst,vector_integer_last,exec_shove,boolean_xor,boolean_yankdup,boolean_frominteger,exec_yank,vector_integer_indexof,vector_integer_length,integer_div,integer_mult,integer_min,integer_flush,integer_yank,vector_integer_set,integer_max,exec_dup,exec_k,exec_noop,exec_s,exec_y,boolean_rot,vector_integer_stackdepth,integer_yankdup,vector_integer_remove,vector_integer_empty,boolean_stackdepth,exec_do*times,integer_shove,vector_integer_nth,boolean_dup,boolean_not,integer_dup,boolean_flush,boolean_pop,exec_swap,boolean_swap,integer_add,exec_flush,integer_mod,integer_inc,boolean_invert_first_then_and,exec_rot,vector_integer_contains,integer_pop,exec_pop,vector_integer_eq,vector_integer_take,boolean_invert_second_then_and,integer_sub,vector_integer_rot,boolean_yank,integer_stackdepth,integer_dec,integer_gt,vector_integer_butlast,in1,vector_integer_pop,integer_lte,vector_integer_first,boolean_eq,exec_if,vector_integer_replace,exec_empty,exec_do*count,vector_integer_conj,exec_while,integer_fromboolean,integer_empty,vector_integer_dup
0.00673908160086,0.0014492648604,0.000528981674046,0.00265215469453,0.00686951543829,0.00199998550735,0.00118115086123,0.00661589408772,0.00047101107963,0.00340577242194,0.00198549285875,0.000992746429374,0.00381881290715,0.0014347722118,0.00212317302049,0.00232607010094,0.00541300425359,0.00162317664365,0.00165940826516,0.00334055550322,0.00351446728647,0.00286229809929,0.00484779095804,0.00422460706806,0.0018188273998,0.0014347722118,0.00628256316983,0.00244925761408,0.00568111825277,0.00208694139898,0.0011014412939,0.00188404431852,0.00322461431439,0.00349272831356,0.0014347722118,0.00627531684553,0.00718835370758,0.000753617727408,0.00680429851958,0.00563039398265,0.00111593394251,0.0054564821994,0.00165940826516,0.00298548561242,0.00656516981761,0.000311591944986,0.00128259940145,0.000985500105072,0.000753617727408,0.00561590133405,0.000949268483562,0.00521010717314,0.00281882015348,0.00234056274955,0.00321736799009,0.00497097847117,0.00247824291128,0.00136955529308,0.00475358874211,0.00122462880704,0.00384055188006,0.00479706668792,0.00276809588336,0.00296374663952,0.00352171361077,0.00236230172245,0.00676082057376,0.00720284635619,0.00710864414026,0.00166665458946,0.00402895631191,0.00475358874211,0.00115216556402,0.00153622075202,0.004007217339,0.00448547474294,0.00323186063869,0.0043622872298,0.00638401171006,0.00200723183165,0.000601444917066,0.00621734625111,0.0014347722118,0.00199998550735,0.007246324302,0.00150723545482,0.00246375026268,0.00117390453692,0.00546372852371,0.00265215469453,0.00657241614191,0.00600720284636,0.00232607010094,0.00674632792516,0.000702893457294,0.0014492648604,0.00598546387345,0.00157245237353
Gen 138
exec_eq,integer_swap,integer_gte,boolean_shove,boolean_and,vector_integer_flush,integer_lt,vector_integer_pushall,exec_do*vector_integer,vector_integer_reverse,vector_integer_concat,vector_integer_occurrencesof,vector_integer_subvec,integer_eq,vector_integer_yankdup,exec_yankdup,vector_integer_yank,vector_integer_swap,vector_integer_shove,exec_when,vector_integer_rest,boolean_or,boolean_empty,vector_integer_emptyvector,exec_do*while,integer_rot,exec_stackdepth,exec_do*range,vector_integer_replacefirst,vector_integer_last,exec_shove,boolean_xor,boolean_yankdup,boolean_frominteger,exec_yank,vector_integer_indexof,vector_integer_length,integer_div,integer_mult,integer_min,integer_flush,integer_yank,vector_integer_set,integer_max,exec_dup,exec_k,exec_noop,exec_s,exec_y,boolean_rot,vector_integer_stackdepth,integer_yankdup,vector_integer_remove,vector_integer_empty,boolean_stackdepth,exec_do*times,integer_shove,vector_integer_nth,boolean_dup,boolean_not,integer_dup,boolean_flush,boolean_pop,exec_swap,boolean_swap,integer_add,exec_flush,integer_mod,integer_inc,boolean_invert_first_then_and,exec_rot,vector_integer_contains,integer_pop,exec_pop,vector_integer_eq,vector_integer_take,boolean_invert_second_then_and,integer_sub,vector_integer_rot,boolean_yank,integer_stackdepth,integer_dec,integer_gt,vector_integer_butlast,in1,vector_integer_pop,integer_lte,vector_integer_first,boolean_eq,exec_if,vector_integer_replace,exec_empty,exec_do*count,vector_integer_conj,exec_while,integer_fromboolean,integer_empty,vector_integer_dup
0.00672657031244,0.00148919791944,0.000669059934821,0.00262588038935,0.00682728901231,0.00226617074697,0.00100718699865,0.00669059934821,0.000345321256682,0.00346040675966,0.00200717980446,0.00099279861296,0.00372659189502,0.00142445018381,0.00206473334724,0.00216545204711,0.00529492593578,0.00164747016209,0.00176257724765,0.00311508550298,0.00358270803807,0.00272659908922,0.00476974985791,0.00417263185157,0.00168344112632,0.00150358630513,0.00623736519881,0.00256832684657,0.00563305299962,0.00216545204711,0.00105754634859,0.00187049014036,0.00297120164603,0.00342443579543,0.00148919791944,0.00630930712729,0.00715102769045,0.000805749598924,0.0067049877339,0.00558269364969,0.00105035215574,0.00542442140704,0.00151797469083,0.00314386227437,0.00641002582715,0.000431651570852,0.00138128502673,0.00103596377004,0.000712225091906,0.005237372393,0.000884885720247,0.00512945950029,0.00288487133186,0.00243163718247,0.00335249386695,0.00509348853605,0.0020431507687,0.0011654592413,0.00487766275063,0.00114387666276,0.00356831965238,0.00469061373659,0.0023453068683,0.0030719203459,0.00351796030244,0.00236688944684,0.00666182257682,0.0071438334976,0.00703592060489,0.00156113984791,0.00386328155913,0.00469780792944,0.00105754634859,0.00150358630513,0.00405752476601,0.00425896216574,0.00314386227437,0.00420140862296,0.00635966647722,0.00215825785426,0.000561147042108,0.00632369551298,0.00130934309825,0.00199998561161,0.00717980446184,0.00137409083388,0.00233811267545,0.00109351731283,0.00539564463565,0.00251077330379,0.00635247228437,0.00579851943511,0.00215825785426,0.00663304580543,0.000834526370314,0.00156833404076,0.0058272962065,0.00178415982619
Gen 139
exec_eq,integer_swap,integer_gte,boolean_shove,boolean_and,vector_integer_flush,integer_lt,vector_integer_pushall,exec_do*vector_integer,vector_integer_reverse,vector_integer_concat,vector_integer_occurrencesof,vector_integer_subvec,integer_eq,vector_integer_yankdup,exec_yankdup,vector_integer_yank,vector_integer_swap,vector_integer_shove,exec_when,vector_integer_rest,boolean_or,boolean_empty,vector_integer_emptyvector,exec_do*while,integer_rot,exec_stackdepth,exec_do*range,vector_integer_replacefirst,vector_integer_last,exec_shove,boolean_xor,boolean_yankdup,boolean_frominteger,exec_yank,vector_integer_indexof,vector_integer_length,integer_div,integer_mult,integer_min,integer_flush,integer_yank,vector_integer_set,integer_max,exec_dup,exec_k,exec_noop,exec_s,exec_y,boolean_rot,vector_integer_stackdepth,integer_yankdup,vector_integer_remove,vector_integer_empty,boolean_stackdepth,exec_do*times,integer_shove,vector_integer_nth,boolean_dup,boolean_not,integer_dup,boolean_flush,boolean_pop,exec_swap,boolean_swap,integer_add,exec_flush,integer_mod,integer_inc,boolean_invert_first_then_and,exec_rot,vector_integer_contains,integer_pop,exec_pop,vector_integer_eq,vector_integer_take,boolean_invert_second_then_and,integer_sub,vector_integer_rot,boolean_yank,integer_stackdepth,integer_dec,integer_gt,vector_integer_butlast,in1,vector_integer_pop,integer_lte,vector_integer_first,boolean_eq,exec_if,vector_integer_replace,exec_empty,exec_do*count,vector_integer_conj,exec_while,integer_fromboolean,integer_empty,vector_integer_dup
0.00667138091871,0.0014714180613,0.00073570903065,0.00254283897972,0.00671423775544,0.00208569938786,0.000899993571474,0.00655709602074,0.000385711530632,0.00354283183692,0.00211427061235,0.000971421632703,0.00356426025528,0.00129999071435,0.00207141377562,0.00197855729602,0.0050713923472,0.00164998821437,0.00147856086742,0.00286426525525,0.00362140270427,0.00307854943893,0.00434996892879,0.00417139877572,0.00157856015314,0.0014714180613,0.00615709887787,0.00267140948993,0.00571424489825,0.00221426989807,0.000985707244948,0.00179998714295,0.0030356926022,0.00355711744916,0.00119284862251,0.0061999557146,0.0071070920922,0.000721423418404,0.00673566617381,0.00562853122478,0.00104284969393,0.00524996250027,0.00141427561232,0.00282855122463,0.00618567010236,0.000449996785737,0.00139999000007,0.000971421632703,0.000749994642895,0.00511424918393,0.00063570974493,0.0049785358676,0.00266426668381,0.00254283897972,0.00331426204099,0.00500710709209,0.00227141234705,0.00114999178577,0.00481425132678,0.00116427739802,0.00368568795937,0.00460710994921,0.00240712566339,0.00304283540832,0.00333569045935,0.00242855408176,0.0064499539289,0.00707137806159,0.00693566474525,0.00162141698988,0.00388568653081,0.0048213941329,0.00110713494904,0.00152141770416,0.00405711387776,0.00442139699002,0.00307854943893,0.00455711030635,0.00639281147992,0.00206427096949,0.000571424489825,0.0062928121942,0.00118570581639,0.00185712959193,0.00713566331669,0.00133570474497,0.00240712566339,0.00117856301026,0.00539281862272,0.00254283897972,0.00642852551053,0.0056356740309,0.00204284255112,0.00680709423504,0.000771423061264,0.00129999071435,0.0058856722452,0.00170713066335
Gen 140
exec_eq,integer_swap,integer_gte,boolean_shove,boolean_and,vector_integer_flush,integer_lt,vector_integer_pushall,exec_do*vector_integer,vector_integer_reverse,vector_integer_concat,vector_integer_occurrencesof,vector_integer_subvec,integer_eq,vector_integer_yankdup,exec_yankdup,vector_integer_yank,vector_integer_swap,vector_integer_shove,exec_when,vector_integer_rest,boolean_or,boolean_empty,vector_integer_emptyvector,exec_do*while,integer_rot,exec_stackdepth,exec_do*range,vector_integer_replacefirst,vector_integer_last,exec_shove,boolean_xor,boolean_yankdup,boolean_frominteger,exec_yank,vector_integer_indexof,vector_integer_length,integer_div,integer_mult,integer_min,integer_flush,integer_yank,vector_integer_set,integer_max,exec_dup,exec_k,exec_noop,exec_s,exec_y,boolean_rot,vector_integer_stackdepth,integer_yankdup,vector_integer_remove,vector_integer_empty,boolean_stackdepth,exec_do*times,integer_shove,vector_integer_nth,boolean_dup,boolean_not,integer_dup,boolean_flush,boolean_pop,exec_swap,boolean_swap,integer_add,exec_flush,integer_mod,integer_inc,boolean_invert_first_then_and,exec_rot,vector_integer_contains,integer_pop,exec_pop,vector_integer_eq,vector_integer_take,boolean_invert_second_then_and,integer_sub,vector_integer_rot,boolean_yank,integer_stackdepth,integer_dec,integer_gt,vector_integer_butlast,in1,vector_integer_pop,integer_lte,vector_integer_first,boolean_eq,exec_if,vector_integer_replace,exec_empty,exec_do*count,vector_integer_conj,exec_while,integer_fromboolean,integer_empty,vector_integer_dup
0.00663825079255,0.00158154906703,0.000751767717959,0.00234750108155,0.0066169743477,0.00207090729853,0.00091488712846,0.00650349997518,0.000425528896958,0.00341132332395,0.00219856596762,0.000907794980177,0.00345387621364,0.00126949454259,0.00214892092964,0.00197870937086,0.00502124098411,0.00163828625329,0.00163119410501,0.00300707087184,0.00368082495869,0.00289359649932,0.00451769845604,0.00412763030049,0.00151771973248,0.00163119410501,0.00619144545074,0.0025744498266,0.005595704995,0.0021631052262,0.00109928298381,0.00182977425692,0.00304253161325,0.00356025843788,0.00129786313572,0.00622690619215,0.00700704250324,0.000865242090482,0.00670917227537,0.00544676988106,0.00121984950461,0.00551769136389,0.00161700980844,0.00293614938901,0.00623399834044,0.000425528896958,0.00136878461855,0.00112055942866,0.000801412755938,0.00514180750491,0.000524818972915,0.004943227353,0.00277302997851,0.00253898908518,0.00314891383749,0.00484393727704,0.00218438167105,0.00109219083553,0.00466663356997,0.00107800653896,0.00373756214495,0.00444677697321,0.00247515975064,0.00283685931305,0.00317019028234,0.00246097545407,0.00642548634407,0.00703541109638,0.00689356813072,0.00153190402905,0.00385812866575,0.00478720009078,0.00116311231835,0.00140424535996,0.00385103651747,0.00443259267665,0.00324111176516,0.00443259267665,0.00632619626811,0.0020425387054,0.000546095417763,0.00631201197155,0.00129077098744,0.00182977425692,0.00707796398607,0.00136878461855,0.00240423826781,0.00131913958057,0.00517726824632,0.00255317338175,0.00649640782689,0.00564535003298,0.00202835440883,0.00660279005113,0.00088651853533,0.0013900610634,0.00588648307459,0.00168793129127
Gen 141
exec_eq,integer_swap,integer_gte,boolean_shove,boolean_and,vector_integer_flush,integer_lt,vector_integer_pushall,exec_do*vector_integer,vector_integer_reverse,vector_integer_concat,vector_integer_occurrencesof,vector_integer_subvec,integer_eq,vector_integer_yankdup,exec_yankdup,vector_integer_yank,vector_integer_swap,vector_integer_shove,exec_when,vector_integer_rest,boolean_or,boolean_empty,vector_integer_emptyvector,exec_do*while,integer_rot,exec_stackdepth,exec_do*range,vector_integer_replacefirst,vector_integer_last,exec_shove,boolean_xor,boolean_yankdup,boolean_frominteger,exec_yank,vector_integer_indexof,vector_integer_length,integer_div,integer_mult,integer_min,integer_flush,integer_yank,vector_integer_set,integer_max,exec_dup,exec_k,exec_noop,exec_s,exec_y,boolean_rot,vector_integer_stackdepth,integer_yankdup,vector_integer_remove,vector_integer_empty,boolean_stackdepth,exec_do*times,integer_shove,vector_integer_nth,boolean_dup,boolean_not,integer_dup,boolean_flush,boolean_pop,exec_swap,boolean_swap,integer_add,exec_flush,integer_mod,integer_inc,boolean_invert_first_then_and,exec_rot,vector_integer_contains,integer_pop,exec_pop,vector_integer_eq,vector_integer_take,boolean_invert_second_then_and,integer_sub,vector_integer_rot,boolean_yank,integer_stackdepth,integer_dec,integer_gt,vector_integer_butlast,in1,vector_integer_pop,integer_lte,vector_integer_first,boolean_eq,exec_if,vector_integer_replace,exec_empty,exec_do*count,vector_integer_conj,exec_while,integer_fromboolean,integer_empty,vector_integer_dup
0.00667600932388,0.0014506940092,0.000711262596742,0.00214787219808,0.00652812304139,0.00211266117844,0.000901402102802,0.00646474320603,0.000507038682826,0.00349293314836,0.00197885930381,0.000922528714587,0.00326054041873,0.00135914535813,0.00211266117844,0.00187322624489,0.00506334462433,0.00135914535813,0.00147182062098,0.00278871275554,0.00362673502299,0.00277462834769,0.00445067288259,0.00399997183118,0.00164787571919,0.00176055098204,0.00607742198999,0.00233801170414,0.00553517228752,0.00221125203344,0.00098590854994,0.00185914183703,0.00290843022232,0.00364081943085,0.00118309025993,0.00621122386462,0.00698586629672,0.000964781938155,0.00656333406103,0.00547883465609,0.00111971042457,0.00528165294611,0.00156336927205,0.00270420630841,0.00606333758213,0.000373236808191,0.00126055450314,0.00104928838529,0.000739431412455,0.0052041887029,0.000514080886754,0.00488728952613,0.00272533292019,0.00248589798663,0.00333800466194,0.00489433173006,0.00197885930381,0.00102816177351,0.00452109492187,0.001176048056,0.00369715706227,0.00466193900043,0.00278167055162,0.00269716410448,0.00317603397159,0.00235913831593,0.00643657439032,0.00697882409279,0.0068309378103,0.00159153808776,0.00373941028584,0.00464785459257,0.00100703516172,0.00147886282491,0.00383800114084,0.0042534911726,0.00333096245801,0.00448588390223,0.00629573031176,0.00214787219808,0.000612671741748,0.0062816459039,0.00118309025993,0.00183097302132,0.00702107731636,0.00155632706812,0.00223942084915,0.00139435637777,0.00516897768326,0.00239434933557,0.00630277251569,0.00566897416215,0.00183801522524,0.00666192491602,0.00090844430673,0.00126055450314,0.00580277603679,0.00176759318596
Gen 142
exec_eq,integer_swap,integer_gte,boolean_shove,boolean_and,vector_integer_flush,integer_lt,vector_integer_pushall,exec_do*vector_integer,vector_integer_reverse,vector_integer_concat,vector_integer_occurrencesof,vector_integer_subvec,integer_eq,vector_integer_yankdup,exec_yankdup,vector_integer_yank,vector_integer_swap,vector_integer_shove,exec_when,vector_integer_rest,boolean_or,boolean_empty,vector_integer_emptyvector,exec_do*while,integer_rot,exec_stackdepth,exec_do*range,vector_integer_replacefirst,vector_integer_last,exec_shove,boolean_xor,boolean_yankdup,boolean_frominteger,exec_yank,vector_integer_indexof,vector_integer_length,integer_div,integer_mult,integer_min,integer_flush,integer_yank,vector_integer_set,integer_max,exec_dup,exec_k,exec_noop,exec_s,exec_y,boolean_rot,vector_integer_stackdepth,integer_yankdup,vector_integer_remove,vector_integer_empty,boolean_stackdepth,exec_do*times,integer_shove,vector_integer_nth,boolean_dup,boolean_not,integer_dup,boolean_flush,boolean_pop,exec_swap,boolean_swap,integer_add,exec_flush,integer_mod,integer_inc,boolean_invert_first_then_and,exec_rot,vector_integer_contains,integer_pop,exec_pop,vector_integer_eq,vector_integer_take,boolean_invert_second_then_and,integer_sub,vector_integer_rot,boolean_yank,integer_stackdepth,integer_dec,integer_gt,vector_integer_butlast,in1,vector_integer_pop,integer_lte,vector_integer_first,boolean_eq,exec_if,vector_integer_replace,exec_empty,exec_do*count,vector_integer_conj,exec_while,integer_fromboolean,integer_empty,vector_integer_dup
0.00658736652191,0.00141257753442,0.000706288767211,0.00227271137964,0.00649645806673,0.00217480996636,0.000860133845218,0.00648247215054,0.000573422563479,0.00346850721324,0.00215383109209,0.00106292962986,0.00330067621905,0.00156642261243,0.00209089446927,0.00184614093608,0.00493702841239,0.00139859161824,0.00153145782197,0.00295802127258,0.00359438045888,0.0027062747813,0.00443353542982,0.00404892273481,0.00165733106761,0.00176921839707,0.00604890874889,0.00246851420619,0.00566429605387,0.002069915595,0.000999993007042,0.00199299305599,0.00277620436221,0.0036573170817,0.00121677470787,0.00624471157544,0.00693002146838,0.000993000048951,0.00657338060573,0.00547548618541,0.000958035258495,0.00543352843686,0.00173425360662,0.00248250012238,0.00600695100034,0.000398598611199,0.00139159866015,0.00111887329459,0.000783211306215,0.00530066223313,0.000496500024475,0.00474821854393,0.00265033111657,0.00276921140412,0.00327270438668,0.00481115516675,0.00196502122363,0.00107691554605,0.00475521150202,0.00135663386969,0.00374123257879,0.00472723966965,0.00272725365557,0.00243354941574,0.00337759875805,0.00221676771491,0.00646848623436,0.00695799330075,0.00681114118083,0.00133565499542,0.00380416920161,0.004447521346,0.00098600709086,0.0014335564087,0.00381116215971,0.00441954951364,0.00344053538087,0.00449647205264,0.00621673974308,0.00224473954728,0.00069929580912,0.00625170453353,0.00130069020496,0.00178320431326,0.00698596513311,0.00152446486388,0.00239159166719,0.00137061978588,0.00517478898749,0.00239159166719,0.00609785945553,0.00570625380242,0.0018251620618,0.00660135243809,0.000769225390032,0.00114684512696,0.00587408479661,0.00156642261243
Gen 143
exec_eq,integer_swap,integer_gte,boolean_shove,boolean_and,vector_integer_flush,integer_lt,vector_integer_pushall,exec_do*vector_integer,vector_integer_reverse,vector_integer_concat,vector_integer_occurrencesof,vector_integer_subvec,integer_eq,vector_integer_yankdup,exec_yankdup,vector_integer_yank,vector_integer_swap,vector_integer_shove,exec_when,vector_integer_rest,boolean_or,boolean_empty,vector_integer_emptyvector,exec_do*while,integer_rot,exec_stackdepth,exec_do*range,vector_integer_replacefirst,vector_integer_last,exec_shove,boolean_xor,boolean_yankdup,boolean_frominteger,exec_yank,vector_integer_indexof,vector_integer_length,integer_div,integer_mult,integer_min,integer_flush,integer_yank,vector_integer_set,integer_max,exec_dup,exec_k,exec_noop,exec_s,exec_y,boolean_rot,vector_integer_stackdepth,integer_yankdup,vector_integer_remove,vector_integer_empty,boolean_stackdepth,exec_do*times,integer_shove,vector_integer_nth,boolean_dup,boolean_not,integer_dup,boolean_flush,boolean_pop,exec_swap,boolean_swap,integer_add,exec_flush,integer_mod,integer_inc,boolean_invert_first_then_and,exec_rot,vector_integer_contains,integer_pop,exec_pop,vector_integer_eq,vector_integer_take,boolean_invert_second_then_and,integer_sub,vector_integer_rot,boolean_yank,integer_stackdepth,integer_dec,integer_gt,vector_integer_butlast,in1,vector_integer_pop,integer_lte,vector_integer_first,boolean_eq,exec_if,vector_integer_replace,exec_empty,exec_do*count,vector_integer_conj,exec_while,integer_fromboolean,integer_empty,vector_integer_dup
0.00647217727655,0.00129860209304,0.000590273678655,0.00230553954486,0.00640273331435,0.00186109818682,0.000909715904751,0.00629856737106,0.000465274546705,0.0034235873362,0.00211804084694,0.00100693745182,0.00304858994035,0.00157637794182,0.0021041520545,0.0016388775078,0.0046735786557,0.00129860209304,0.0012499913195,0.00279859167645,0.00352775327949,0.00280553607267,0.00420135971278,0.00387497309046,0.00174304345109,0.00181248741328,0.00611106867313,0.00234026152596,0.00553468378692,0.0020347080923,0.00105554822536,0.00190276456413,0.00283331365754,0.00378469593961,0.00115971416865,0.00622912340887,0.00689578544593,0.000999993055604,0.00654162123874,0.00547912861716,0.00107638141402,0.00517357518351,0.00169443267755,0.00221526239401,0.00596523635253,0.000347219810974,0.00127082450816,0.000986104263165,0.000743050395483,0.00497913208936,0.000451385754266,0.00463191227839,0.00258331539364,0.00266664814828,0.00314581148742,0.00478468899522,0.00199998611121,0.0011041589989,0.00466663425948,0.00140276803633,0.00352775327949,0.00429163686363,0.00278470288401,0.00263192616718,0.00313192269498,0.0020694300734,0.00629856737106,0.00690967423837,0.00666662037069,0.00130554648926,0.00393747265644,0.00446524676912,0.000874993923653,0.00149998958341,0.00374997395851,0.00406941618461,0.00327775501559,0.00427774807119,0.00617356823911,0.00225692877133,0.000694439621947,0.00627078978618,0.00134026847036,0.00154860035694,0.00693745182325,0.0015694335456,0.0023888722995,0.0012499913195,0.00497913208936,0.00225692877133,0.0060624578996,0.00535412948521,0.00177082103597,0.00654162123874,0.000854160734995,0.00116665856487,0.00574996006972,0.00167359948889
Gen 144
exec_eq,integer_swap,integer_gte,boolean_shove,boolean_and,vector_integer_flush,integer_lt,vector_integer_pushall,exec_do*vector_integer,vector_integer_reverse,vector_integer_concat,vector_integer_occurrencesof,vector_integer_subvec,integer_eq,vector_integer_yankdup,exec_yankdup,vector_integer_yank,vector_integer_swap,vector_integer_shove,exec_when,vector_integer_rest,boolean_or,boolean_empty,vector_integer_emptyvector,exec_do*while,integer_rot,exec_stackdepth,exec_do*range,vector_integer_replacefirst,vector_integer_last,exec_shove,boolean_xor,boolean_yankdup,boolean_frominteger,exec_yank,vector_integer_indexof,vector_integer_length,integer_div,integer_mult,integer_min,integer_flush,integer_yank,vector_integer_set,integer_max,exec_dup,exec_k,exec_noop,exec_s,exec_y,boolean_rot,vector_integer_stackdepth,integer_yankdup,vector_integer_remove,vector_integer_empty,boolean_stackdepth,exec_do*times,integer_shove,vector_integer_nth,boolean_dup,boolean_not,integer_dup,boolean_flush,boolean_pop,exec_swap,boolean_swap,integer_add,exec_flush,integer_mod,integer_inc,boolean_invert_first_then_and,exec_rot,vector_integer_contains,integer_pop,exec_pop,vector_integer_eq,vector_integer_take,boolean_invert_second_then_and,integer_sub,vector_integer_rot,boolean_yank,integer_stackdepth,integer_dec,integer_gt,vector_integer_butlast,in1,vector_integer_pop,integer_lte,vector_integer_first,boolean_eq,exec_if,vector_integer_replace,exec_empty,exec_do*count,vector_integer_conj,exec_while,integer_fromboolean,integer_empty,vector_integer_dup
0.00636547334156,0.00120688822836,0.00060689236626,0.00202757222364,0.00639995586237,0.00191033165289,0.00113792318674,0.0063034048041,0.000448272770533,0.00351721712264,0.00213101978607,0.00117240570755,0.00292411776471,0.00184136661126,0.00205515824029,0.00158619595727,0.00468962283019,0.00130343928663,0.00117240570755,0.00269653312736,0.00333790801443,0.00271722263984,0.0043241081096,0.00407583395977,0.00168274701554,0.00201377921532,0.00592409707519,0.00240687995255,0.00531030820477,0.00215860580272,0.00107585464928,0.00186205612375,0.00290342825222,0.00373100875166,0.00117240570755,0.00613099220005,0.00683443562458,0.0010896476576,0.00639305935821,0.00551720332963,0.00106206164095,0.00508962007159,0.00175171205716,0.00234481141509,0.00588961455438,0.00033792870394,0.00125516375749,0.000889649036903,0.000841373507769,0.00493100047586,0.000379307728912,0.00476548437597,0.00259308556493,0.00261377507741,0.0033241150061,0.00487582844256,0.00199998620699,0.00121378473252,0.00474479486348,0.00151033441149,0.00348273460183,0.00442755567203,0.00292411776471,0.00256549954828,0.00304825483962,0.00228274287764,0.00638616285405,0.00684822863291,0.00663443700388,0.0012896462783,0.00399997241398,0.00435169412625,0.000848270011931,0.00146895538651,0.00355859614761,0.0041241094889,0.00344825208102,0.00453100323446,0.00618616423335,0.00210343376942,0.000627581878746,0.00619995724167,0.00138619733657,0.00157240294895,0.00688960765788,0.00158619595727,0.00239308694423,0.00157929945311,0.00487582844256,0.00220688133185,0.00596547610016,0.0054689278005,0.00179309108213,0.00643443838318,0.00106206164095,0.0011999917242,0.00588271805022,0.00144826587403
Gen 145
exec_eq,integer_swap,integer_gte,boolean_shove,boolean_and,vector_integer_flush,integer_lt,vector_integer_pushall,exec_do*vector_integer,vector_integer_reverse,vector_integer_concat,vector_integer_occurrencesof,vector_integer_subvec,integer_eq,vector_integer_yankdup,exec_yankdup,vector_integer_yank,vector_integer_swap,vector_integer_shove,exec_when,vector_integer_rest,boolean_or,boolean_empty,vector_integer_emptyvector,exec_do*while,integer_rot,exec_stackdepth,exec_do*range,vector_integer_replacefirst,vector_integer_last,exec_shove,boolean_xor,boolean_yankdup,boolean_frominteger,exec_yank,vector_integer_indexof,vector_integer_length,integer_div,integer_mult,integer_min,integer_flush,integer_yank,vector_integer_set,integer_max,exec_dup,exec_k,exec_noop,exec_s,exec_y,boolean_rot,vector_integer_stackdepth,integer_yankdup,vector_integer_remove,vector_integer_empty,boolean_stackdepth,exec_do*times,integer_shove,vector_integer_nth,boolean_dup,boolean_not,integer_dup,boolean_flush,boolean_pop,exec_swap,boolean_swap,integer_add,exec_flush,integer_mod,integer_inc,boolean_invert_first_then_and,exec_rot,vector_integer_contains,integer_pop,exec_pop,vector_integer_eq,vector_integer_take,boolean_invert_second_then_and,integer_sub,vector_integer_rot,boolean_yank,integer_stackdepth,integer_dec,integer_gt,vector_integer_butlast,in1,vector_integer_pop,integer_lte,vector_integer_first,boolean_eq,exec_if,vector_integer_replace,exec_empty,exec_do*count,vector_integer_conj,exec_while,integer_fromboolean,integer_empty,vector_integer_dup
0.00643831206636,0.0012054711954,0.000623283402168,0.00199313703331,0.00627392963062,0.00208217751933,0.00111643070938,0.00630132670324,0.000465750234587,0.00369860480408,0.00220546434613,0.00117807412278,0.00292463750248,0.00193834288806,0.00227395702769,0.00163012582106,0.00472599502743,0.00146574338532,0.00115752631831,0.00280819994384,0.00333559359182,0.00256162629023,0.00459585893247,0.00379449455826,0.00160957801659,0.00189039801097,0.00598626036808,0.00225340922322,0.00536297696591,0.00202053410593,0.000952048273642,0.00199313703331,0.00308901993822,0.00380819309457,0.00127396387696,0.00612324573119,0.00681502181492,0.00115067705016,0.00640406572558,0.00530133355251,0.00111643070938,0.00511640331231,0.00177396045233,0.00221916288245,0.0060136574407,0.00039725755303,0.00126026534065,0.000897254128396,0.000643831206636,0.00515749892124,0.000431503893809,0.0048698296587,0.00266436531257,0.00254107848576,0.00341093554154,0.00483558331792,0.00186985020651,0.001143827782,0.00435613454702,0.00139725070376,0.00343833261416,0.00452736625092,0.00317806042424,0.00217806727351,0.00332874432367,0.00217806727351,0.00632187450771,0.00678077547414,0.00666433791549,0.00130821021774,0.00402736967555,0.0043903808878,0.000958897541798,0.00145889411716,0.00370545407223,0.00413010869789,0.00360956431805,0.00464380380956,0.00615064280382,0.00192464435175,0.000705474620037,0.00617803987644,0.00139040143561,0.00154793460319,0.0068492681557,0.00165067362552,0.00208217751933,0.00151368826241,0.00471914575928,0.00209587605564,0.00605475304964,0.00564379696029,0.00180135752495,0.0064314627982,0.00109588290491,0.00103423949151,0.00572598817816,0.00145889411716
Gen 146
exec_eq,integer_swap,integer_gte,boolean_shove,boolean_and,vector_integer_flush,integer_lt,vector_integer_pushall,exec_do*vector_integer,vector_integer_reverse,vector_integer_concat,vector_integer_occurrencesof,vector_integer_subvec,integer_eq,vector_integer_yankdup,exec_yankdup,vector_integer_yank,vector_integer_swap,vector_integer_shove,exec_when,vector_integer_rest,boolean_or,boolean_empty,vector_integer_emptyvector,exec_do*while,integer_rot,exec_stackdepth,exec_do*range,vector_integer_replacefirst,vector_integer_last,exec_shove,boolean_xor,boolean_yankdup,boolean_frominteger,exec_yank,vector_integer_indexof,vector_integer_length,integer_div,integer_mult,integer_min,integer_flush,integer_yank,vector_integer_set,integer_max,exec_dup,exec_k,exec_noop,exec_s,exec_y,boolean_rot,vector_integer_stackdepth,integer_yankdup,vector_integer_remove,vector_integer_empty,boolean_stackdepth,exec_do*times,integer_shove,vector_integer_nth,boolean_dup,boolean_not,integer_dup,boolean_flush,boolean_pop,exec_swap,boolean_swap,integer_add,exec_flush,integer_mod,integer_inc,boolean_invert_first_then_and,exec_rot,vector_integer_contains,integer_pop,exec_pop,vector_integer_eq,vector_integer_take,boolean_invert_second_then_and,integer_sub,vector_integer_rot,boolean_yank,integer_stackdepth,integer_dec,integer_gt,vector_integer_butlast,in1,vector_integer_pop,integer_lte,vector_integer_first,boolean_eq,exec_if,vector_integer_replace,exec_empty,exec_do*count,vector_integer_conj,exec_while,integer_fromboolean,integer_empty,vector_integer_dup
0.0062584608268,0.00125169216536,0.000646254107115,0.00195236767097,0.00621764477793,0.00199318371984,0.00114284936837,0.00633329024973,0.000448976537575,0.00378908987014,0.00207481581758,0.00112244134394,0.00283671539649,0.00180270882511,0.00230610676118,0.00147618043415,0.00464622689642,0.0014489697349,0.00130611356385,0.00251018700553,0.00338773205624,0.00256460840402,0.00448296270093,0.00385031394344,0.00142175903565,0.00199318371984,0.00578227358998,0.00194556499616,0.00531969170278,0.00183672219917,0.00101359854695,0.00199998639465,0.00285712342093,0.00361902299984,0.0014489697349,0.006142815355,0.00677546411249,0.00130611356385,0.00638771164822,0.00553057462194,0.00113604669356,0.0052176515806,0.00185032754879,0.00198638104503,0.00588431371215,0.000346936415399,0.00122448146611,0.000911558424773,0.000775504928538,0.00479588574227,0.000360541765022,0.00459860817273,0.00276868864838,0.00273467527432,0.00340133740587,0.00473466166897,0.00172107672737,0.00106801994544,0.00438772525357,0.00136053496235,0.0036530363739,0.00440133060319,0.00305440099047,0.00232651478561,0.00322446786076,0.00209522384201,0.00632648757491,0.00674825341324,0.00659859456738,0.00148298310896,0.0038231032442,0.00454418677424,0.000972782498078,0.00138774566159,0.0037074577724,0.00419725035884,0.0035918123006,0.00435371187951,0.00597955115952,0.00212243454126,0.000700675505609,0.00630607955048,0.00145577240971,0.00142856171046,0.0067822667873,0.00163264195482,0.00212243454126,0.00176869545105,0.00485030714077,0.00182991952436,0.00593873511065,0.00555098264638,0.00180951149992,0.00645573839634,0.00106121727063,0.00111563866912,0.00551016659751,0.00180270882511
Gen 147
exec_eq,integer_swap,integer_gte,boolean_shove,boolean_and,vector_integer_flush,integer_lt,vector_integer_pushall,exec_do*vector_integer,vector_integer_reverse,vector_integer_concat,vector_integer_occurrencesof,vector_integer_subvec,integer_eq,vector_integer_yankdup,exec_yankdup,vector_integer_yank,vector_integer_swap,vector_integer_shove,exec_when,vector_integer_rest,boolean_or,boolean_empty,vector_integer_emptyvector,exec_do*while,integer_rot,exec_stackdepth,exec_do*range,vector_integer_replacefirst,vector_integer_last,exec_shove,boolean_xor,boolean_yankdup,boolean_frominteger,exec_yank,vector_integer_indexof,vector_integer_length,integer_div,integer_mult,integer_min,integer_flush,integer_yank,vector_integer_set,integer_max,exec_dup,exec_k,exec_noop,exec_s,exec_y,boolean_rot,vector_integer_stackdepth,integer_yankdup,vector_integer_remove,vector_integer_empty,boolean_stackdepth,exec_do*times,integer_shove,vector_integer_nth,boolean_dup,boolean_not,integer_dup,boolean_flush,boolean_pop,exec_swap,boolean_swap,integer_add,exec_flush,integer_mod,integer_inc,boolean_invert_first_then_and,exec_rot,vector_integer_contains,integer_pop,exec_pop,vector_integer_eq,vector_integer_take,boolean_invert_second_then_and,integer_sub,vector_integer_rot,boolean_yank,integer_stackdepth,integer_dec,integer_gt,vector_integer_butlast,in1,vector_integer_pop,integer_lte,vector_integer_first,boolean_eq,exec_if,vector_integer_replace,exec_empty,exec_do*count,vector_integer_conj,exec_while,integer_fromboolean,integer_empty,vector_integer_dup
0.00626347119276,0.00127026168742,0.000668914399227,0.00178377173127,0.00620941750394,0.00194593279775,0.00104729022101,0.00637157857042,0.000432429510611,0.00374321795123,0.0020540401754,0.00106080364322,0.00260133377477,0.00169593448693,0.00220944453078,0.00118918115418,0.00446618603928,0.00147296302052,0.00131080195404,0.00235809217505,0.00342565252937,0.00268241430801,0.00456077999473,0.00375673137344,0.00127701839852,0.00198647306437,0.0059391490598,0.00179052844238,0.00513510043851,0.0018445821312,0.000932426132256,0.00212160728644,0.00296619617435,0.00370943439571,0.00144593617611,0.00602022959304,0.00672292754779,0.00120945128749,0.00629049803718,0.00540536888264,0.00120269457639,0.00514185714961,0.00201349990878,0.00174323146465,0.00604049972635,0.000425672799508,0.00104729022101,0.000722968088053,0.000635130843711,0.00477023803893,0.000378375821785,0.00477023803893,0.00262160390808,0.00272295457463,0.00330403172952,0.00486483199438,0.00148647644273,0.000952696265566,0.00416213403963,0.00136485564287,0.00378375821785,0.00458780683914,0.00308106026311,0.00215539084195,0.00322970790738,0.00206755359761,0.00623644434835,0.00670941412558,0.00660130674793,0.00164863750921,0.00376348808454,0.00460807697245,0.000878372443429,0.00141890933169,0.00370267768461,0.00418240417294,0.00335132870724,0.00456753670583,0.00601347288194,0.00187160897562,0.000722968088053,0.00620941750394,0.00135809893176,0.00152701670935,0.0067431976811,0.00165539422031,0.0020405267532,0.00169593448693,0.004709427639,0.00177025830907,0.00587833865987,0.00543239572706,0.00172971804245,0.00639860541483,0.00117566773197,0.00103377679881,0.00556077323802,0.00164863750921
Gen 148
exec_eq,integer_swap,integer_gte,boolean_shove,boolean_and,vector_integer_flush,integer_lt,vector_integer_pushall,exec_do*vector_integer,vector_integer_reverse,vector_integer_concat,vector_integer_occurrencesof,vector_integer_subvec,integer_eq,vector_integer_yankdup,exec_yankdup,vector_integer_yank,vector_integer_swap,vector_integer_shove,exec_when,vector_integer_rest,boolean_or,boolean_empty,vector_integer_emptyvector,exec_do*while,integer_rot,exec_stackdepth,exec_do*range,vector_integer_replacefirst,vector_integer_last,exec_shove,boolean_xor,boolean_yankdup,boolean_frominteger,exec_yank,vector_integer_indexof,vector_integer_length,integer_div,integer_mult,integer_min,integer_flush,integer_yank,vector_integer_set,integer_max,exec_dup,exec_k,exec_noop,exec_s,exec_y,boolean_rot,vector_integer_stackdepth,integer_yankdup,vector_integer_remove,vector_integer_empty,boolean_stackdepth,exec_do*times,integer_shove,vector_integer_nth,boolean_dup,boolean_not,integer_dup,boolean_flush,boolean_pop,exec_swap,boolean_swap,integer_add,exec_flush,integer_mod,integer_inc,boolean_invert_first_then_and,exec_rot,vector_integer_contains,integer_pop,exec_pop,vector_integer_eq,vector_integer_take,boolean_invert_second_then_and,integer_sub,vector_integer_rot,boolean_yank,integer_stackdepth,integer_dec,integer_gt,vector_integer_butlast,in1,vector_integer_pop,integer_lte,vector_integer_first,boolean_eq,exec_if,vector_integer_replace,exec_empty,exec_do*count,vector_integer_conj,exec_while,integer_fromboolean,integer_empty,vector_integer_dup
0.00618787793371,0.00116777739747,0.000778518264978,0.00169126381702,0.00604693928229,0.00197985248421,0.00102683874605,0.00633552794948,0.000456372776022,0.00373822994477,0.00189260474762,0.0011342205757,0.00255702981859,0.00200669794162,0.0022550184227,0.00107381829652,0.00470466641163,0.0013355615063,0.00127515922712,0.00237582298105,0.00346977537064,0.00265098891954,0.00434225273656,0.00363755947947,0.0013355615063,0.00214092522869,0.00587915517346,0.00162415017349,0.00491271870659,0.00176508882491,0.000825497815451,0.00207381158516,0.00305367078073,0.00361742538641,0.00137582969242,0.00602680518923,0.00664425070973,0.00115435466876,0.00626841430594,0.00534895738955,0.00130871604889,0.00482547096999,0.00211407977128,0.00179193428232,0.00581875289428,0.000389259132489,0.00105368420346,0.000832209179804,0.000771806900625,0.00479191414823,0.000489929597788,0.00455701639586,0.00276508211354,0.00263085482648,0.00320803216086,0.0046241300394,0.00167112972396,0.000744961443212,0.0041207777129,0.00145636606466,0.0040066845189,0.00453017093845,0.0032013207965,0.00218119341481,0.00328185716874,0.00221475023658,0.00616103247629,0.00667780753149,0.00655700297313,0.00167784108831,0.00393957087536,0.00474493459775,0.00101341601734,0.00127515922712,0.00368453902994,0.00404024134066,0.00357044583593,0.00481875960564,0.00600667109617,0.0018523365615,0.000644290977913,0.00614089838323,0.00141609787854,0.00157045925866,0.00669794162455,0.00147650015772,0.00193287293374,0.00167112972396,0.00495969825706,0.00185904792585,0.00554358695579,0.00542949376179,0.00171810927443,0.00633552794948,0.00112079784699,0.000993281924282,0.00541607103308,0.00169797518137
Gen 149
exec_eq,integer_swap,integer_gte,boolean_shove,boolean_and,vector_integer_flush,integer_lt,vector_integer_pushall,exec_do*vector_integer,vector_integer_reverse,vector_integer_concat,vector_integer_occurrencesof,vector_integer_subvec,integer_eq,vector_integer_yankdup,exec_yankdup,vector_integer_yank,vector_integer_swap,vector_integer_shove,exec_when,vector_integer_rest,boolean_or,boolean_empty,vector_integer_emptyvector,exec_do*while,integer_rot,exec_stackdepth,exec_do*range,vector_integer_replacefirst,vector_integer_last,exec_shove,boolean_xor,boolean_yankdup,boolean_frominteger,exec_yank,vector_integer_indexof,vector_integer_length,integer_div,integer_mult,integer_min,integer_flush,integer_yank,vector_integer_set,integer_max,exec_dup,exec_k,exec_noop,exec_s,exec_y,boolean_rot,vector_integer_stackdepth,integer_yankdup,vector_integer_remove,vector_integer_empty,boolean_stackdepth,exec_do*times,integer_shove,vector_integer_nth,boolean_dup,boolean_not,integer_dup,boolean_flush,boolean_pop,exec_swap,boolean_swap,integer_add,exec_flush,integer_mod,integer_inc,boolean_invert_first_then_and,exec_rot,vector_integer_contains,integer_pop,exec_pop,vector_integer_eq,vector_integer_take,boolean_invert_second_then_and,integer_sub,vector_integer_rot,boolean_yank,integer_stackdepth,integer_dec,integer_gt,vector_integer_butlast,in1,vector_integer_pop,integer_lte,vector_integer_first,boolean_eq,exec_if,vector_integer_replace,exec_empty,exec_do*count,vector_integer_conj,exec_while,integer_fromboolean,integer_empty,vector_integer_dup
0.00605995960027,0.00105332631116,0.000753328311145,0.00157998946674,0.00597329351138,0.00172665515563,0.0011533256445,0.00631995786695,0.000446663688909,0.00376664155572,0.00218665208899,0.00131332457784,0.00265331564456,0.00183998773342,0.00223331844454,0.000966660222265,0.0046466356891,0.00152665648896,0.00125999160006,0.00246665022233,0.00342664382237,0.00251331657789,0.00440663728908,0.00356664288905,0.00119332537783,0.00202665315565,0.00599996000027,0.00142665715562,0.00483996773355,0.00163998906674,0.00076666155559,0.00217998546676,0.00300664662236,0.00333331111126,0.00142665715562,0.00600662662249,0.00659995600029,0.00122665848894,0.00627995813361,0.00523329844468,0.00119999200005,0.00487330084466,0.00203331977787,0.00163998906674,0.00593329377804,0.000373330844461,0.00110665928894,0.000746661688922,0.000773328177812,0.00461996920021,0.000486663422244,0.00468663542243,0.00285998093346,0.00249331671122,0.00311997920014,0.00460663595576,0.00163998906674,0.00081999453337,0.00392664048906,0.00137999080006,0.00399330671129,0.00465330231132,0.0030199798668,0.00181332124453,0.00315331231125,0.00215331897787,0.00615995893361,0.00660662262252,0.00655328964474,0.00179998800008,0.0040266398224,0.00458663608909,0.00122665848894,0.00123999173339,0.00366664222239,0.00411997253352,0.0034933100446,0.00484663435577,0.00579996133359,0.0015399897334,0.000653328977807,0.00605995960027,0.00138665742228,0.00148665675562,0.00664662235585,0.0012733248445,0.00203331977787,0.00163998906674,0.00481330124466,0.00199998666676,0.00563329577803,0.00540663062246,0.00167332217785,0.00628662475583,0.00109999266672,0.000886660755595,0.00551996320025,0.00161332257785
Gen 150
exec_eq,integer_swap,integer_gte,boolean_shove,boolean_and,vector_integer_flush,integer_lt,vector_integer_pushall,exec_do*vector_integer,vector_integer_reverse,vector_integer_concat,vector_integer_occurrencesof,vector_integer_subvec,integer_eq,vector_integer_yankdup,exec_yankdup,vector_integer_yank,vector_integer_swap,vector_integer_shove,exec_when,vector_integer_rest,boolean_or,boolean_empty,vector_integer_emptyvector,exec_do*while,integer_rot,exec_stackdepth,exec_do*range,vector_integer_replacefirst,vector_integer_last,exec_shove,boolean_xor,boolean_yankdup,boolean_frominteger,exec_yank,vector_integer_indexof,vector_integer_length,integer_div,integer_mult,integer_min,integer_flush,integer_yank,vector_integer_set,integer_max,exec_dup,exec_k,exec_noop,exec_s,exec_y,boolean_rot,vector_integer_stackdepth,integer_yankdup,vector_integer_remove,vector_integer_empty,boolean_stackdepth,exec_do*times,integer_shove,vector_integer_nth,boolean_dup,boolean_not,integer_dup,boolean_flush,boolean_pop,exec_swap,boolean_swap,integer_add,exec_flush,integer_mod,integer_inc,boolean_invert_first_then_and,exec_rot,vector_integer_contains,integer_pop,exec_pop,vector_integer_eq,vector_integer_take,boolean_invert_second_then_and,integer_sub,vector_integer_rot,boolean_yank,integer_stackdepth,integer_dec,integer_gt,vector_integer_butlast,in1,vector_integer_pop,integer_lte,vector_integer_first,boolean_eq,exec_if,vector_integer_replace,exec_empty,exec_do*count,vector_integer_conj,exec_while,integer_fromboolean,integer_empty,vector_integer_dup
0.00606618499215,0.000999993377527,0.00080794166926,0.00162912828392,0.00588075575658,0.0017549552652,0.00109270799531,0.00623836928232,0.000456950616221,0.00365560492977,0.00217217104522,0.00126489228548,0.00258276435255,0.00183442493758,0.00221852835412,0.000794696723863,0.0046423533619,0.00145694399375,0.00124502486738,0.00256951940716,0.0034569307488,0.00264236660684,0.00421189263647,0.00377480943835,0.00139734173946,0.00206621148204,0.00594035801087,0.00149667882994,0.00472182303428,0.00150330130264,0.000701982106079,0.00203309911855,0.00292713293289,0.00341057343991,0.00153641366613,0.00584764339309,0.00656949291727,0.00112582035881,0.00619201197343,0.00538407030417,0.00112582035881,0.00492711968795,0.00209270137284,0.00164237322932,0.00584764339309,0.000450328143522,0.0011721776677,0.000721849524175,0.000966881014033,0.00458275110761,0.000483440507017,0.00456950616221,0.00305295991417,0.00274170369733,0.00315229700466,0.00451652638062,0.00178806762869,0.000880788868948,0.00400659598281,0.00138409679406,0.00392050383772,0.00459599605301,0.00320527678625,0.00186753730108,0.00305958238687,0.00205296653665,0.00603969510136,0.00656287044457,0.00652313560837,0.00188740471917,0.00432447467235,0.00457612863491,0.00122515744929,0.00134436195787,0.0034834206396,0.0040661982371,0.00333772624022,0.00493374216065,0.0057814186661,0.00137085184866,0.000615889960994,0.00595360295627,0.00130462712167,0.00145032152105,0.00661585022616,0.00128475970358,0.00211256879094,0.00168210806551,0.00482116012477,0.00178144515599,0.00539731524957,0.00527148826829,0.00141720915756,0.00623836928232,0.000953636068635,0.000860921450851,0.00541718266766,0.00189402719187
Gen 151
exec_eq,integer_swap,integer_gte,boolean_shove,boolean_and,vector_integer_flush,integer_lt,vector_integer_pushall,exec_do*vector_integer,vector_integer_reverse,vector_integer_concat,vector_integer_occurrencesof,vector_integer_subvec,integer_eq,vector_integer_yankdup,exec_yankdup,vector_integer_yank,vector_integer_swap,vector_integer_shove,exec_when,vector_integer_rest,boolean_or,boolean_empty,vector_integer_emptyvector,exec_do*while,integer_rot,exec_stackdepth,exec_do*range,vector_integer_replacefirst,vector_integer_last,exec_shove,boolean_xor,boolean_yankdup,boolean_frominteger,exec_yank,vector_integer_indexof,vector_integer_length,integer_div,integer_mult,integer_min,integer_flush,integer_yank,vector_integer_set,integer_max,exec_dup,exec_k,exec_noop,exec_s,exec_y,boolean_rot,vector_integer_stackdepth,integer_yankdup,vector_integer_remove,vector_integer_empty,boolean_stackdepth,exec_do*times,integer_shove,vector_integer_nth,boolean_dup,boolean_not,integer_dup,boolean_flush,boolean_pop,exec_swap,boolean_swap,integer_add,exec_flush,integer_mod,integer_inc,boolean_invert_first_then_and,exec_rot,vector_integer_contains,integer_pop,exec_pop,vector_integer_eq,vector_integer_take,boolean_invert_second_then_and,integer_sub,vector_integer_rot,boolean_yank,integer_stackdepth,integer_dec,integer_gt,vector_integer_butlast,in1,vector_integer_pop,integer_lte,vector_integer_first,boolean_eq,exec_if,vector_integer_replace,exec_empty,exec_do*count,vector_integer_conj,exec_while,integer_fromboolean,integer_empty,vector_integer_dup
0.00590127696528,0.000953941092493,0.000888152051631,0.00173683067875,0.00587496134894,0.00189472437681,0.00101973013335,0.00630916901862,0.000486838902376,0.00388813231492,0.0022828797179,0.00135525424175,0.00246708903231,0.00201314465036,0.00219077506069,0.000802626298511,0.00475654765429,0.00144735889895,0.00121051835185,0.00251314136091,0.00335524108394,0.00267761396307,0.00419076190288,0.00366444957599,0.00133551752949,0.00199340793811,0.00585522463668,0.00135525424175,0.00466444299709,0.00148025341939,0.000638153696357,0.00209867040348,0.00282234985296,0.00332234656351,0.00174998848692,0.00584864573259,0.00652627285347,0.00114472931099,0.00623680107368,0.00525654436484,0.00110525588647,0.00467102190117,0.00220393286886,0.00148025341939,0.00582233011625,0.000460523286031,0.00117762383142,0.000842099723028,0.000967098900665,0.00459865395622,0.000519733422806,0.00447365477859,0.00284866546931,0.00270392957941,0.00305261149598,0.00440786573773,0.00172367287057,0.000861836435287,0.0039933947803,0.00144735889895,0.00389471121901,0.00459865395622,0.0032302419063,0.00186840876047,0.00309866382458,0.00207893369123,0.00611180189604,0.00653285175755,0.00643416819626,0.00188814547273,0.00420391971105,0.00444733916224,0.00130262300906,0.00138814876218,0.00342760902889,0.00412497286202,0.00312497944092,0.00483549450333,0.00574338326722,0.00150656903573,0.000671048216788,0.00591443477346,0.00135525424175,0.00163814711745,0.00656574627799,0.00135525424175,0.00201314465036,0.0015197268439,0.004657864093,0.00162498930928,0.00537496463839,0.0052302287485,0.00134867533766,0.00626969559411,0.000960519996579,0.000921046572062,0.00545391148742,0.00183551424004
Gen 152
exec_eq,integer_swap,integer_gte,boolean_shove,boolean_and,vector_integer_flush,integer_lt,vector_integer_pushall,exec_do*vector_integer,vector_integer_reverse,vector_integer_concat,vector_integer_occurrencesof,vector_integer_subvec,integer_eq,vector_integer_yankdup,exec_yankdup,vector_integer_yank,vector_integer_swap,vector_integer_shove,exec_when,vector_integer_rest,boolean_or,boolean_empty,vector_integer_emptyvector,exec_do*while,integer_rot,exec_stackdepth,exec_do*range,vector_integer_replacefirst,vector_integer_last,exec_shove,boolean_xor,boolean_yankdup,boolean_frominteger,exec_yank,vector_integer_indexof,vector_integer_length,integer_div,integer_mult,integer_min,integer_flush,integer_yank,vector_integer_set,integer_max,exec_dup,exec_k,exec_noop,exec_s,exec_y,boolean_rot,vector_integer_stackdepth,integer_yankdup,vector_integer_remove,vector_integer_empty,boolean_stackdepth,exec_do*times,integer_shove,vector_integer_nth,boolean_dup,boolean_not,integer_dup,boolean_flush,boolean_pop,exec_swap,boolean_swap,integer_add,exec_flush,integer_mod,integer_inc,boolean_invert_first_then_and,exec_rot,vector_integer_contains,integer_pop,exec_pop,vector_integer_eq,vector_integer_take,boolean_invert_second_then_and,integer_sub,vector_integer_rot,boolean_yank,integer_stackdepth,integer_dec,integer_gt,vector_integer_butlast,in1,vector_integer_pop,integer_lte,vector_integer_first,boolean_eq,exec_if,vector_integer_replace,exec_empty,exec_do*count,vector_integer_conj,exec_while,integer_fromboolean,integer_empty,vector_integer_dup
0.00590845811465,0.000862739459219,0.000999993464095,0.00167319167849,0.00566662962987,0.00179737387337,0.00116992699394,0.0061895020294,0.00049672877955,0.00403265338135,0.00229410265292,0.00139214776374,0.00235946170286,0.00206534597813,0.00218299226802,0.000738557264332,0.00470585159574,0.0015424735786,0.00115031927896,0.00228756674793,0.00336599107195,0.00271240057255,0.00394115071143,0.0035359246018,0.0013267887138,0.00193462787825,0.0058561708747,0.00134639642878,0.00450977444592,0.00166665577349,0.000790844504284,0.0021045614081,0.00269279285756,0.003313703832,0.00173201482343,0.00583656315972,0.00647708184914,0.000921562604166,0.0061829661244,0.00505879046542,0.000875811269207,0.00456206168587,0.00230717446291,0.00145097090869,0.00570584505984,0.000411762014627,0.00114378337396,0.000856203554225,0.00103267298907,0.00443134358599,0.000555551924497,0.00445748720597,0.00291501362736,0.00284311867243,0.00296076496232,0.0040914765263,0.0017646943484,0.000954242129136,0.00395422252142,0.00157515310357,0.00385618394651,0.00453591806589,0.00324834478206,0.00199998692819,0.00306533944223,0.0021045614081,0.00598035306959,0.00648361775413,0.00638557917922,0.00189541244828,0.00407186881131,0.00461434892582,0.00128757328383,0.00130718099882,0.00319605754211,0.0040914765263,0.00323527297207,0.00484310560062,0.00576466820478,0.0013267887138,0.000810452219267,0.00586270677969,0.0013267887138,0.00149672224365,0.00652936908909,0.00119607061392,0.00217645636303,0.00166665577349,0.00465356435579,0.00172547891844,0.00540519343011,0.00513068542036,0.00145097090869,0.00613067888445,0.000921562604166,0.00107188841903,0.0053006189502,0.00166665577349
Gen 153
exec_eq,integer_swap,integer_gte,boolean_shove,boolean_and,vector_integer_flush,integer_lt,vector_integer_pushall,exec_do*vector_integer,vector_integer_reverse,vector_integer_concat,vector_integer_occurrencesof,vector_integer_subvec,integer_eq,vector_integer_yankdup,exec_yankdup,vector_integer_yank,vector_integer_swap,vector_integer_shove,exec_when,vector_integer_rest,boolean_or,boolean_empty,vector_integer_emptyvector,exec_do*while,integer_rot,exec_stackdepth,exec_do*range,vector_integer_replacefirst,vector_integer_last,exec_shove,boolean_xor,boolean_yankdup,boolean_frominteger,exec_yank,vector_integer_indexof,vector_integer_length,integer_div,integer_mult,integer_min,integer_flush,integer_yank,vector_integer_set,integer_max,exec_dup,exec_k,exec_noop,exec_s,exec_y,boolean_rot,vector_integer_stackdepth,integer_yankdup,vector_integer_remove,vector_integer_empty,boolean_stackdepth,exec_do*times,integer_shove,vector_integer_nth,boolean_dup,boolean_not,integer_dup,boolean_flush,boolean_pop,exec_swap,boolean_swap,integer_add,exec_flush,integer_mod,integer_inc,boolean_invert_first_then_and,exec_rot,vector_integer_contains,integer_pop,exec_pop,vector_integer_eq,vector_integer_take,boolean_invert_second_then_and,integer_sub,vector_integer_rot,boolean_yank,integer_stackdepth,integer_dec,integer_gt,vector_integer_butlast,in1,vector_integer_pop,integer_lte,vector_integer_first,boolean_eq,exec_if,vector_integer_replace,exec_empty,exec_do*count,vector_integer_conj,exec_while,integer_fromboolean,integer_empty,vector_integer_dup
0.00572723553743,0.000662333361472,0.000954539256239,0.00145453600951,0.0056038597152,0.00175972883293,0.00122726475802,0.00613632379011,0.000577918325206,0.00390906552555,0.00224024519321,0.00130518632996,0.00234414062246,0.00208440204934,0.00218180401426,0.000766228790722,0.00470126817358,0.00139609483055,0.00120778436504,0.00234414062246,0.00312335634184,0.00279218966111,0.00398698709749,0.00345452302258,0.00150648372413,0.00211686937098,0.00580515710937,0.00109090200713,0.00446750345777,0.00144154908085,0.000798696112363,0.0020519347277,0.00270777462484,0.00344802955825,0.00162985954637,0.0057661963234,0.00641554275622,0.000909085005942,0.00610385646846,0.00500646099701,0.000974019649223,0.00462984006597,0.00233764715814,0.00133116018727,0.00562334010818,0.000551944467893,0.00119479743638,0.000805189576691,0.00111687586444,0.00470126817358,0.000720774540425,0.00434412763553,0.00303894130558,0.00278569619678,0.00314933019915,0.00399348056181,0.00197401315576,0.00101298043519,0.00357140538048,0.00148050986682,0.00362984655944,0.00444802306479,0.00325971909273,0.00209738897799,0.00319478444945,0.00211037590665,0.00594801332459,0.00644801007786,0.00633112771995,0.00170128765398,0.00401945441913,0.00458438581568,0.00125323861533,0.00126622554399,0.00306491516289,0.00419477795599,0.00327270602139,0.00490256556776,0.00566230089415,0.0013376536516,0.000818176505347,0.00574671593042,0.0013376536516,0.0015454445101,0.00648697086383,0.00111687586444,0.0020519347277,0.00166232686801,0.0046817877806,0.00198700008442,0.00527269303446,0.00499347406835,0.00138960136622,0.00609086953981,0.000935058863254,0.00120778436504,0.0051428237479,0.00161687261771
Gen 154
exec_eq,integer_swap,integer_gte,boolean_shove,boolean_and,vector_integer_flush,integer_lt,vector_integer_pushall,exec_do*vector_integer,vector_integer_reverse,vector_integer_concat,vector_integer_occurrencesof,vector_integer_subvec,integer_eq,vector_integer_yankdup,exec_yankdup,vector_integer_yank,vector_integer_swap,vector_integer_shove,exec_when,vector_integer_rest,boolean_or,boolean_empty,vector_integer_emptyvector,exec_do*while,integer_rot,exec_stackdepth,exec_do*range,vector_integer_replacefirst,vector_integer_last,exec_shove,boolean_xor,boolean_yankdup,boolean_frominteger,exec_yank,vector_integer_indexof,vector_integer_length,integer_div,integer_mult,integer_min,integer_flush,integer_yank,vector_integer_set,integer_max,exec_dup,exec_k,exec_noop,exec_s,exec_y,boolean_rot,vector_integer_stackdepth,integer_yankdup,vector_integer_remove,vector_integer_empty,boolean_stackdepth,exec_do*times,integer_shove,vector_integer_nth,boolean_dup,boolean_not,integer_dup,boolean_flush,boolean_pop,exec_swap,boolean_swap,integer_add,exec_flush,integer_mod,integer_inc,boolean_invert_first_then_and,exec_rot,vector_integer_contains,integer_pop,exec_pop,vector_integer_eq,vector_integer_take,boolean_invert_second_then_and,integer_sub,vector_integer_rot,boolean_yank,integer_stackdepth,integer_dec,integer_gt,vector_integer_butlast,in1,vector_integer_pop,integer_lte,vector_integer_first,boolean_eq,exec_if,vector_integer_replace,exec_empty,exec_do*count,vector_integer_conj,exec_while,integer_fromboolean,integer_empty,vector_integer_dup
0.00579351100961,0.000587092986497,0.000999993548429,0.00158708653493,0.00561286701376,0.00173547267437,0.00135482996884,0.00618060528642,0.000651608699299,0.00404513519268,0.00204514809582,0.00124515325708,0.00239353294495,0.00222579209166,0.00207095438094,0.000658060270579,0.00455480932381,0.0013999909678,0.00107096083251,0.00228385623319,0.00316126992729,0.00281288507816,0.00371610505739,0.00358707363178,0.00132257211244,0.00217417952142,0.00585802672241,0.00112257340275,0.00439997161309,0.00139353939652,0.000903219979226,0.00185805252869,0.00258062851207,0.0034193327785,0.00145160353804,0.00572254372552,0.00639350713866,0.000838704266424,0.00613544428746,0.00501932245598,0.000916123121786,0.00469674389197,0.00253546751311,0.00127741111348,0.00554835130096,0.000587092986497,0.00116128283043,0.000877413694105,0.000999993548429,0.00468384074941,0.000754833839782,0.00431610118644,0.00304514164425,0.00296127121761,0.00291611021864,0.00378062077019,0.00228385623319,0.00112902497403,0.00357417048922,0.00156773182109,0.00361933148818,0.00436771375669,0.00319352778369,0.00222579209166,0.00319997935497,0.00181934310101,0.00595480029161,0.00636770085354,0.00630963671202,0.00183224624357,0.00404513519268,0.00447093889717,0.00119999225811,0.00126450797092,0.00289030393352,0.00435481061413,0.00324514035393,0.00489029103038,0.00564512487016,0.00134837839756,0.000903219979226,0.00587738143625,0.00145160353804,0.00142579725292,0.00644511970891,0.000993541977149,0.00223869523422,0.00176773053077,0.00462577660789,0.00175482738821,0.00510319288263,0.00501932245598,0.00134192682628,0.00604512228953,0.000903219979226,0.00127741111348,0.00503222559854,0.00167095696157
Gen 155
exec_eq,integer_swap,integer_gte,boolean_shove,boolean_and,vector_integer_flush,integer_lt,vector_integer_pushall,exec_do*vector_integer,vector_integer_reverse,vector_integer_concat,vector_integer_occurrencesof,vector_integer_subvec,integer_eq,vector_integer_yankdup,exec_yankdup,vector_integer_yank,vector_integer_swap,vector_integer_shove,exec_when,vector_integer_rest,boolean_or,boolean_empty,vector_integer_emptyvector,exec_do*while,integer_rot,exec_stackdepth,exec_do*range,vector_integer_replacefirst,vector_integer_last,exec_shove,boolean_xor,boolean_yankdup,boolean_frominteger,exec_yank,vector_integer_indexof,vector_integer_length,integer_div,integer_mult,integer_min,integer_flush,integer_yank,vector_integer_set,integer_max,exec_dup,exec_k,exec_noop,exec_s,exec_y,boolean_rot,vector_integer_stackdepth,integer_yankdup,vector_integer_remove,vector_integer_empty,boolean_stackdepth,exec_do*times,integer_shove,vector_integer_nth,boolean_dup,boolean_not,integer_dup,boolean_flush,boolean_pop,exec_swap,boolean_swap,integer_add,exec_flush,integer_mod,integer_inc,boolean_invert_first_then_and,exec_rot,vector_integer_contains,integer_pop,exec_pop,vector_integer_eq,vector_integer_take,boolean_invert_second_then_and,integer_sub,vector_integer_rot,boolean_yank,integer_stackdepth,integer_dec,integer_gt,vector_integer_butlast,in1,vector_integer_pop,integer_lte,vector_integer_first,boolean_eq,exec_if,vector_integer_replace,exec_empty,exec_do*count,vector_integer_conj,exec_while,integer_fromboolean,integer_empty,vector_integer_dup
0.0057627835719,0.000576919378722,0.00110896725021,0.00158973339914,0.00563457926552,0.00151281081532,0.00136537586298,0.00618585778296,0.000660252177871,0.00387818026808,0.00202562804085,0.00134614521702,0.00232049794553,0.00205126890212,0.00222434471574,0.000692303254466,0.00466663675233,0.00144870866212,0.000891019929359,0.00220511406978,0.00325638938212,0.00239742052936,0.00378843725361,0.00348715713361,0.0010705059583,0.00215383234723,0.00586534701701,0.00109614681957,0.0044550996468,0.00132691457106,0.000878199498721,0.00183973179659,0.00260254741957,0.00349997756425,0.00156409253787,0.00572432227999,0.00632688251998,0.000756405407658,0.00607688412254,0.00501919859488,0.000967942513189,0.00483330235063,0.00264100871148,0.00141024737021,0.0054935545285,0.000551278517445,0.00115383875744,0.000743584977019,0.00088460971404,0.00465381632169,0.000544868302126,0.00426279318722,0.00295510926212,0.00283972538638,0.00274998237191,0.00383330876084,0.00233972859148,0.000967942513189,0.00360895122467,0.00139742693957,0.00357048993276,0.00409612758893,0.00314741572169,0.00205767911744,0.00322433830552,0.00169229684425,0.00591021852424,0.00634611316594,0.00624995993615,0.0020769097634,0.00406407651233,0.00431407490978,0.0010705059583,0.00107691617361,0.00307690335318,0.00430766469446,0.00334613239659,0.00485253299658,0.00550637495913,0.00146152909276,0.000955122082551,0.00588457766296,0.00136537586298,0.0014422984468,0.00639739488849,0.000980762943827,0.0023461388068,0.00165383555234,0.00476920019743,0.00173716835148,0.00494868622637,0.00491022493446,0.00127563284851,0.0060640636919,0.000839738206806,0.00134614521702,0.00506407010211,0.00186537265787
Gen 156
exec_eq,integer_swap,integer_gte,boolean_shove,boolean_and,vector_integer_flush,integer_lt,vector_integer_pushall,exec_do*vector_integer,vector_integer_reverse,vector_integer_concat,vector_integer_occurrencesof,vector_integer_subvec,integer_eq,vector_integer_yankdup,exec_yankdup,vector_integer_yank,vector_integer_swap,vector_integer_shove,exec_when,vector_integer_rest,boolean_or,boolean_empty,vector_integer_emptyvector,exec_do*while,integer_rot,exec_stackdepth,exec_do*range,vector_integer_replacefirst,vector_integer_last,exec_shove,boolean_xor,boolean_yankdup,boolean_frominteger,exec_yank,vector_integer_indexof,vector_integer_length,integer_div,integer_mult,integer_min,integer_flush,integer_yank,vector_integer_set,integer_max,exec_dup,exec_k,exec_noop,exec_s,exec_y,boolean_rot,vector_integer_stackdepth,integer_yankdup,vector_integer_remove,vector_integer_empty,boolean_stackdepth,exec_do*times,integer_shove,vector_integer_nth,boolean_dup,boolean_not,integer_dup,boolean_flush,boolean_pop,exec_swap,boolean_swap,integer_add,exec_flush,integer_mod,integer_inc,boolean_invert_first_then_and,exec_rot,vector_integer_contains,integer_pop,exec_pop,vector_integer_eq,vector_integer_take,boolean_invert_second_then_and,integer_sub,vector_integer_rot,boolean_yank,integer_stackdepth,integer_dec,integer_gt,vector_integer_butlast,in1,vector_integer_pop,integer_lte,vector_integer_first,boolean_eq,exec_if,vector_integer_replace,exec_empty,exec_do*count,vector_integer_conj,exec_while,integer_fromboolean,integer_empty,vector_integer_dup
0.00572607817785,0.000477703963669,0.00107005687862,0.00165604040739,0.00566238431602,0.0016878873383,0.00131209355354,0.00610824134878,0.000834389589875,0.00387258679881,0.00196177094413,0.00128661600882,0.00239488920453,0.00224202393615,0.00221017700524,0.00064967739059,0.00443946216903,0.001363048643,0.000802542658964,0.00231845657034,0.00321017063586,0.00236304227362,0.00378341539226,0.00345857669696,0.00110190380953,0.0023311953427,0.00574518633639,0.00114648951281,0.00443946216903,0.00133757109827,0.000929930382609,0.00196814033032,0.00262418710709,0.00374519907517,0.00163056286266,0.00567512308839,0.00632480047898,0.000789803886599,0.00608913319023,0.00503181508398,0.00108916503717,0.00489805797415,0.00293628703002,0.00144585066337,0.00555410475093,0.000458595805122,0.00112101196808,0.000694263093866,0.000929930382609,0.00459869682359,0.000643308004408,0.00415283979083,0.00292354825765,0.00273883605837,0.00268788096891,0.00393628066063,0.0020445729645,0.00103820994771,0.00359233380679,0.00154776084229,0.00348405424169,0.00403182145337,0.00307641352603,0.00218469946051,0.00335029713187,0.00171336488303,0.00596174546659,0.00632480047898,0.00619104336915,0.00187259953758,0.00399997452246,0.00399997452246,0.000974516085885,0.00107005687862,0.00314010738785,0.00417194794938,0.00333118897332,0.00501270692543,0.00556684352329,0.00149043636665,0.000866236520786,0.00582161897058,0.00144585066337,0.00140763434628,0.00636301679607,0.000802542658964,0.00240762797689,0.00154776084229,0.00469423761632,0.00163056286266,0.00492990490506,0.00483436411233,0.00135030987064,0.00591079037713,0.000866236520786,0.00131846293973,0.00492990490506,0.00183438322049
Gen 157
exec_eq,integer_swap,integer_gte,boolean_shove,boolean_and,vector_integer_flush,integer_lt,vector_integer_pushall,exec_do*vector_integer,vector_integer_reverse,vector_integer_concat,vector_integer_occurrencesof,vector_integer_subvec,integer_eq,vector_integer_yankdup,exec_yankdup,vector_integer_yank,vector_integer_swap,vector_integer_shove,exec_when,vector_integer_rest,boolean_or,boolean_empty,vector_integer_emptyvector,exec_do*while,integer_rot,exec_stackdepth,exec_do*range,vector_integer_replacefirst,vector_integer_last,exec_shove,boolean_xor,boolean_yankdup,boolean_frominteger,exec_yank,vector_integer_indexof,vector_integer_length,integer_div,integer_mult,integer_min,integer_flush,integer_yank,vector_integer_set,integer_max,exec_dup,exec_k,exec_noop,exec_s,exec_y,boolean_rot,vector_integer_stackdepth,integer_yankdup,vector_integer_remove,vector_integer_empty,boolean_stackdepth,exec_do*times,integer_shove,vector_integer_nth,boolean_dup,boolean_not,integer_dup,boolean_flush,boolean_pop,exec_swap,boolean_swap,integer_add,exec_flush,integer_mod,integer_inc,boolean_invert_first_then_and,exec_rot,vector_integer_contains,integer_pop,exec_pop,vector_integer_eq,vector_integer_take,boolean_invert_second_then_and,integer_sub,vector_integer_rot,boolean_yank,integer_stackdepth,integer_dec,integer_gt,vector_integer_butlast,in1,vector_integer_pop,integer_lte,vector_integer_first,boolean_eq,exec_if,vector_integer_replace,exec_empty,exec_do*count,vector_integer_conj,exec_while,integer_fromboolean,integer_empty,vector_integer_dup
0.00584173517889,0.000392402579731,0.00103163904026,0.00181011512585,0.00549996519009,0.00163923013145,0.00148733235866,0.00605692369036,0.000841766824261,0.0039999746837,0.00178479883039,0.00140505439839,0.00218985955785,0.00225315029652,0.00217720141012,0.000721514420795,0.00444300985437,0.00148733235866,0.000759488863995,0.00230378288745,0.00329744748451,0.00236074455225,0.00358225580851,0.00348099062664,0.00109492977893,0.00251264232505,0.00570882462769,0.00117720773919,0.00423415041677,0.00134176365972,0.00097467737546,0.00193036752932,0.00258859121145,0.00358225580851,0.00149366143252,0.00574679907089,0.00623413775862,0.000797463307194,0.00603793646876,0.00503794279783,0.00132277643812,0.00484807058183,0.00313289156398,0.00136075088132,0.00547464889463,0.000569616647996,0.00113290422213,0.000740501642395,0.00093670293226,0.00461389484877,0.000727843494661,0.00396832931437,0.00287339953545,0.00273415991038,0.00256960398985,0.00395567116664,0.00215188511465,0.00097467737546,0.00366453376877,0.00144935791546,0.00334808007544,0.00395567116664,0.00323415674584,0.00217087233625,0.00320251137651,0.00177846975652,0.00584173517889,0.00624679590636,0.00615185979836,0.00215821418852,0.00406959449624,0.00402529097917,0.000886070341327,0.00097467737546,0.00305061360371,0.0041898468997,0.00342402896184,0.0048164252125,0.00560755944583,0.00150631958026,0.000816450528794,0.00580376073569,0.00137973810292,0.00125315662559,0.00632907386662,0.000689869051462,0.00243036436478,0.00174049531332,0.0047974379909,0.00158226846666,0.00463921114423,0.0047974379909,0.00141138347226,0.00606325276422,0.000911386636793,0.00142404161999,0.00482908336023,0.00182910234745
Gen 158
exec_eq,integer_swap,integer_gte,boolean_shove,boolean_and,vector_integer_flush,integer_lt,vector_integer_pushall,exec_do*vector_integer,vector_integer_reverse,vector_integer_concat,vector_integer_occurrencesof,vector_integer_subvec,integer_eq,vector_integer_yankdup,exec_yankdup,vector_integer_yank,vector_integer_swap,vector_integer_shove,exec_when,vector_integer_rest,boolean_or,boolean_empty,vector_integer_emptyvector,exec_do*while,integer_rot,exec_stackdepth,exec_do*range,vector_integer_replacefirst,vector_integer_last,exec_shove,boolean_xor,boolean_yankdup,boolean_frominteger,exec_yank,vector_integer_indexof,vector_integer_length,integer_div,integer_mult,integer_min,integer_flush,integer_yank,vector_integer_set,integer_max,exec_dup,exec_k,exec_noop,exec_s,exec_y,boolean_rot,vector_integer_stackdepth,integer_yankdup,vector_integer_remove,vector_integer_empty,boolean_stackdepth,exec_do*times,integer_shove,vector_integer_nth,boolean_dup,boolean_not,integer_dup,boolean_flush,boolean_pop,exec_swap,boolean_swap,integer_add,exec_flush,integer_mod,integer_inc,boolean_invert_first_then_and,exec_rot,vector_integer_contains,integer_pop,exec_pop,vector_integer_eq,vector_integer_take,boolean_invert_second_then_and,integer_sub,vector_integer_rot,boolean_yank,integer_stackdepth,integer_dec,integer_gt,vector_integer_butlast,in1,vector_integer_pop,integer_lte,vector_integer_first,boolean_eq,exec_if,vector_integer_replace,exec_empty,exec_do*count,vector_integer_conj,exec_while,integer_fromboolean,integer_empty,vector_integer_dup
0.00569807737058,0.000427670266225,0.000949679561764,0.00157860642386,0.00559115980403,0.00157860642386,0.0013521927535,0.00611316909957,0.000893076144175,0.00405657826051,0.00188049131766,0.00160376349834,0.00249683964252,0.00235218646424,0.0022515581663,0.000654083936579,0.00440877730329,0.00166036691593,0.000767290771756,0.00234589719562,0.00334589090635,0.00255973232873,0.00376727190395,0.00352199042773,0.000949679561764,0.00238992207596,0.00569178810196,0.00110691127729,0.00442764510915,0.00128301079867,0.000943390293143,0.00189306985491,0.00266664989528,0.00349054408463,0.00136477129075,0.00573581298231,0.00623266520336,0.000842761995208,0.00592449104094,0.00498739001641,0.00122011811246,0.00488047244986,0.00297482405771,0.00127672153005,0.0055534241923,0.000371066848636,0.000893076144175,0.000622637593474,0.000962258099006,0.00461003389916,0.000748422965893,0.00413833875259,0.00272954258149,0.00261633574632,0.00245281476217,0.00392450361947,0.00221382255458,0.000962258099006,0.00325155187703,0.00133961421626,0.00317608065358,0.00394337142534,0.00321381626531,0.0021320620625,0.00343394066704,0.00181759863146,0.00576097005679,0.00623266520336,0.00611316909957,0.00209432645078,0.00418865290155,0.00428299193087,0.00101886151659,0.000867919069691,0.00320752699669,0.00413204948397,0.00355972603946,0.00492449733021,0.0055534241923,0.00148426739454,0.000830183457966,0.00577983786265,0.00125156445557,0.0013207464104,0.00626411154647,0.00072955516003,0.00261633574632,0.00158489569248,0.00496852221055,0.00159747422972,0.00483644756951,0.00466034804813,0.00138992836523,0.00604398714473,0.000710687354168,0.00133961421626,0.00485531537537,0.001742127408
Gen 159
exec_eq,integer_swap,integer_gte,boolean_shove,boolean_and,vector_integer_flush,integer_lt,vector_integer_pushall,exec_do*vector_integer,vector_integer_reverse,vector_integer_concat,vector_integer_occurrencesof,vector_integer_subvec,integer_eq,vector_integer_yankdup,exec_yankdup,vector_integer_yank,vector_integer_swap,vector_integer_shove,exec_when,vector_integer_rest,boolean_or,boolean_empty,vector_integer_emptyvector,exec_do*while,integer_rot,exec_stackdepth,exec_do*range,vector_integer_replacefirst,vector_integer_last,exec_shove,boolean_xor,boolean_yankdup,boolean_frominteger,exec_yank,vector_integer_indexof,vector_integer_length,integer_div,integer_mult,integer_min,integer_flush,integer_yank,vector_integer_set,integer_max,exec_dup,exec_k,exec_noop,exec_s,exec_y,boolean_rot,vector_integer_stackdepth,integer_yankdup,vector_integer_remove,vector_integer_empty,boolean_stackdepth,exec_do*times,integer_shove,vector_integer_nth,boolean_dup,boolean_not,integer_dup,boolean_flush,boolean_pop,exec_swap,boolean_swap,integer_add,exec_flush,integer_mod,integer_inc,boolean_invert_first_then_and,exec_rot,vector_integer_contains,integer_pop,exec_pop,vector_integer_eq,vector_integer_take,boolean_invert_second_then_and,integer_sub,vector_integer_rot,boolean_yank,integer_stackdepth,integer_dec,integer_gt,vector_integer_butlast,in1,vector_integer_pop,integer_lte,vector_integer_first,boolean_eq,exec_if,vector_integer_replace,exec_empty,exec_do*count,vector_integer_conj,exec_while,integer_fromboolean,integer_empty,vector_integer_dup
0.00569996437522,0.000481246992206,0.000962493984413,0.0016562396485,0.00537496640646,0.0015562402735,0.00120624246098,0.00607496203149,0.000874994531284,0.00413747414079,0.00189373816414,0.00153749039069,0.00232498546884,0.00241248492197,0.00206873707039,0.000674995781276,0.00423747351579,0.00151874050787,0.000793745039094,0.00253748414072,0.00305623089856,0.00266248335948,0.00368747695327,0.00354997781264,0.00103749351567,0.00236248523447,0.00552496546897,0.00109374316411,0.00436247273455,0.00133124167974,0.000993743789101,0.00190623808601,0.00261248367198,0.00356872769545,0.00141249117193,0.00569371441428,0.0061937112893,0.000706245585965,0.00589371316429,0.00501871863301,0.00126249210942,0.00479997000019,0.00308123074231,0.00119374253911,0.0053812163674,0.000324997968763,0.000906244335973,0.000618746132837,0.000981243867226,0.00444372222674,0.000824994843782,0.00390622558609,0.00291248179699,0.00269373316417,0.00235623527353,0.00401247492203,0.00214373660165,0.000943744101599,0.00325622964856,0.00134999156255,0.00325622964856,0.0038249760939,0.00306873082043,0.00227498578134,0.00341872863295,0.00166873957038,0.00569996437522,0.00619996125024,0.00612496171899,0.00209373691414,0.00404997468766,0.00411872425797,0.000906244335973,0.000987493828164,0.00320622996106,0.00398747507828,0.00356247773451,0.004718720508,0.00546871582053,0.00142499109381,0.00083124480472,0.00575621402366,0.00130624183599,0.00116249273442,0.00624371097681,0.000674995781276,0.00263123355479,0.00176873894538,0.00491246929707,0.00182498859382,0.00469997062518,0.00464372097674,0.00128749195318,0.00596246273461,0.000843744726595,0.00148124074225,0.00488746945332,0.0018874882032
Gen 160
exec_eq,integer_swap,integer_gte,boolean_shove,boolean_and,vector_integer_flush,integer_lt,vector_integer_pushall,exec_do*vector_integer,vector_integer_reverse,vector_integer_concat,vector_integer_occurrencesof,vector_integer_subvec,integer_eq,vector_integer_yankdup,exec_yankdup,vector_integer_yank,vector_integer_swap,vector_integer_shove,exec_when,vector_integer_rest,boolean_or,boolean_empty,vector_integer_emptyvector,exec_do*while,integer_rot,exec_stackdepth,exec_do*range,vector_integer_replacefirst,vector_integer_last,exec_shove,boolean_xor,boolean_yankdup,boolean_frominteger,exec_yank,vector_integer_indexof,vector_integer_length,integer_div,integer_mult,integer_min,integer_flush,integer_yank,vector_integer_set,integer_max,exec_dup,exec_k,exec_noop,exec_s,exec_y,boolean_rot,vector_integer_stackdepth,integer_yankdup,vector_integer_remove,vector_integer_empty,boolean_stackdepth,exec_do*times,integer_shove,vector_integer_nth,boolean_dup,boolean_not,integer_dup,boolean_flush,boolean_pop,exec_swap,boolean_swap,integer_add,exec_flush,integer_mod,integer_inc,boolean_invert_first_then_and,exec_rot,vector_integer_contains,integer_pop,exec_pop,vector_integer_eq,vector_integer_take,boolean_invert_second_then_and,integer_sub,vector_integer_rot,boolean_yank,integer_stackdepth,integer_dec,integer_gt,vector_integer_butlast,in1,vector_integer_pop,integer_lte,vector_integer_first,boolean_eq,exec_if,vector_integer_replace,exec_empty,exec_do*count,vector_integer_conj,exec_while,integer_fromboolean,integer_empty,vector_integer_dup
0.00586331761915,0.000372668492742,0.00109937205359,0.00163974136807,0.00534158172931,0.00151551853715,0.00121738374296,0.00603722958242,0.000844715250216,0.00415525369408,0.00174533077434,0.00144719598015,0.00223601095645,0.00238507835355,0.0019565095869,0.000819870684033,0.00429810994963,0.00154657424488,0.000863348674853,0.0025962571661,0.00306209278203,0.00283228054484,0.00347202812405,0.00372047378588,0.00120496145987,0.00244097862746,0.00554654940031,0.000956515798039,0.00425463195881,0.00148446282942,0.00092546009031,0.00186955360526,0.00269563543084,0.00342855013323,0.00135402885696,0.00570182793896,0.00609312985634,0.000683225570028,0.00584468419451,0.00481363469792,0.00122980602605,0.0048509015472,0.00335401643468,0.00127328401687,0.00551549369259,0.00030434593574,0.00103726063813,0.000677014428482,0.00105589406277,0.00447823305445,0.000776392693213,0.00394407488152,0.00291302538494,0.0027453245632,0.00225464438109,0.00370805150279,0.00218632182409,0.00103104949659,0.00331674958541,0.00142856255551,0.00320494903758,0.0038322743337,0.00310557077285,0.0020248321439,0.00352792839796,0.00163353022652,0.00569561679741,0.00614903013025,0.00608070757324,0.00218632182409,0.00395028602307,0.00426084310035,0.000894404382581,0.000975149222676,0.00329190501922,0.00398755287234,0.00370805150279,0.0048509015472,0.0054906491264,0.00138508456469,0.000863348674853,0.00579499506214,0.00141614027242,0.00116148346905,0.00620493040416,0.000695647853119,0.00256520145838,0.00175154191589,0.00468320072546,0.0019565095869,0.00461487816846,0.0046335115931,0.00125465059223,0.0060061738747,0.000788814976304,0.00145961826324,0.00496270209502,0.00181365333135
Gen 161
exec_eq,integer_swap,integer_gte,boolean_shove,boolean_and,vector_integer_flush,integer_lt,vector_integer_pushall,exec_do*vector_integer,vector_integer_reverse,vector_integer_concat,vector_integer_occurrencesof,vector_integer_subvec,integer_eq,vector_integer_yankdup,exec_yankdup,vector_integer_yank,vector_integer_swap,vector_integer_shove,exec_when,vector_integer_rest,boolean_or,boolean_empty,vector_integer_emptyvector,exec_do*while,integer_rot,exec_stackdepth,exec_do*range,vector_integer_replacefirst,vector_integer_last,exec_shove,boolean_xor,boolean_yankdup,boolean_frominteger,exec_yank,vector_integer_indexof,vector_integer_length,integer_div,integer_mult,integer_min,integer_flush,integer_yank,vector_integer_set,integer_max,exec_dup,exec_k,exec_noop,exec_s,exec_y,boolean_rot,vector_integer_stackdepth,integer_yankdup,vector_integer_remove,vector_integer_empty,boolean_stackdepth,exec_do*times,integer_shove,vector_integer_nth,boolean_dup,boolean_not,integer_dup,boolean_flush,boolean_pop,exec_swap,boolean_swap,integer_add,exec_flush,integer_mod,integer_inc,boolean_invert_first_then_and,exec_rot,vector_integer_contains,integer_pop,exec_pop,vector_integer_eq,vector_integer_take,boolean_invert_second_then_and,integer_sub,vector_integer_rot,boolean_yank,integer_stackdepth,integer_dec,integer_gt,vector_integer_butlast,in1,vector_integer_pop,integer_lte,vector_integer_first,boolean_eq,exec_if,vector_integer_replace,exec_empty,exec_do*count,vector_integer_conj,exec_while,integer_fromboolean,integer_empty,vector_integer_dup
0.00570366849587,0.000407404892562,0.00106789464263,0.00155554595342,0.00538885562435,0.00164813797446,0.000975302621589,0.00598761736039,0.000820982586527,0.0042654057691,0.00167900198147,0.00138270751415,0.0022592453133,0.00233331893013,0.00220986290208,0.000623452941649,0.00432713378312,0.00166665637866,0.000771600175308,0.00258640378763,0.00291973506336,0.00278393343251,0.0037530632527,0.00367898963587,0.000987648224394,0.00236418293714,0.00548762044679,0.00085184659354,0.00433947938593,0.0015123363436,0.00104937623842,0.00183949481793,0.00282097024092,0.00341355917556,0.00154320035062,0.00574687810569,0.00609255498423,0.000654316948661,0.00582712452392,0.00479009388831,0.00120986907488,0.00488885871075,0.0032592391405,0.00118517786927,0.00553700285801,0.000302467268721,0.000932093011772,0.000580243331831,0.000962957018784,0.0042715785705,0.000765427373905,0.004018493713,0.00287652545355,0.00266665020586,0.00216048049086,0.00366047123166,0.00216048049086,0.000999993827199,0.00333331275733,0.00132715230153,0.00303084548861,0.00368516243727,0.00314812871525,0.0020185060586,0.003512323998,0.00143208992537,0.00569132289307,0.00614193739545,0.0060246541688,0.00220369010068,0.00408022172703,0.00431478818032,0.000919747408967,0.000962957018784,0.00310491910544,0.00385182807514,0.0034999783952,0.00486416750514,0.00539502842575,0.00131480669872,0.000895056203357,0.00578391491411,0.00120986907488,0.00109875864964,0.00614811019685,0.000648144147258,0.00245060215678,0.00154937315202,0.00468515626447,0.00182097641373,0.0047715754841,0.00457404583922,0.00113579545805,0.00597527175758,0.000888883401954,0.00148764513799,0.0047777482855,0.00179011240671
Gen 162
exec_eq,integer_swap,integer_gte,boolean_shove,boolean_and,vector_integer_flush,integer_lt,vector_integer_pushall,exec_do*vector_integer,vector_integer_reverse,vector_integer_concat,vector_integer_occurrencesof,vector_integer_subvec,integer_eq,vector_integer_yankdup,exec_yankdup,vector_integer_yank,vector_integer_swap,vector_integer_shove,exec_when,vector_integer_rest,boolean_or,boolean_empty,vector_integer_emptyvector,exec_do*while,integer_rot,exec_stackdepth,exec_do*range,vector_integer_replacefirst,vector_integer_last,exec_shove,boolean_xor,boolean_yankdup,boolean_frominteger,exec_yank,vector_integer_indexof,vector_integer_length,integer_div,integer_mult,integer_min,integer_flush,integer_yank,vector_integer_set,integer_max,exec_dup,exec_k,exec_noop,exec_s,exec_y,boolean_rot,vector_integer_stackdepth,integer_yankdup,vector_integer_remove,vector_integer_empty,boolean_stackdepth,exec_do*times,integer_shove,vector_integer_nth,boolean_dup,boolean_not,integer_dup,boolean_flush,boolean_pop,exec_swap,boolean_swap,integer_add,exec_flush,integer_mod,integer_inc,boolean_invert_first_then_and,exec_rot,vector_integer_contains,integer_pop,exec_pop,vector_integer_eq,vector_integer_take,boolean_invert_second_then_and,integer_sub,vector_integer_rot,boolean_yank,integer_stackdepth,integer_dec,integer_gt,vector_integer_butlast,in1,vector_integer_pop,integer_lte,vector_integer_first,boolean_eq,exec_if,vector_integer_replace,exec_empty,exec_do*count,vector_integer_conj,exec_while,integer_fromboolean,integer_empty,vector_integer_dup
0.00553370838216,0.000460119876565,0.00104293838688,0.00166256648732,0.00530058097803,0.00176686032601,0.000975454138318,0.00582818510316,0.000840485641192,0.00417175354752,0.00169324114576,0.00146624867332,0.00217790074908,0.00210428156882,0.00214722609064,0.000687112349004,0.00414721382077,0.00163802676057,0.000785271256005,0.00263188569395,0.00279139391783,0.00273004460095,0.00358280010552,0.00365641928577,0.000987724001693,0.00230673431451,0.00541100974841,0.000705517144067,0.0045766590389,0.00161962196551,0.00103680345519,0.00180366991614,0.00282820350795,0.00360733983227,0.00178526512107,0.00568708167435,0.00608585223404,0.000717787007442,0.00573002619616,0.00469322274096,0.00110428770376,0.00479751657965,0.00318402954583,0.00119631167907,0.00544781933853,0.000343556174502,0.000883430163005,0.000564413715253,0.00102453359182,0.00437420629321,0.000865025367943,0.00383433230471,0.00272390966927,0.00263188569395,0.00210428156882,0.00365641928577,0.00226992472439,0.000957049343256,0.00340488708658,0.00140489935645,0.0029999815952,0.00360733983227,0.00298157680014,0.00214722609064,0.00342942681333,0.00140489935645,0.00560119263072,0.00611039196079,0.00598769332703,0.00223311513426,0.00401838025534,0.00432512683971,0.000803676051067,0.00104293838688,0.00318402954583,0.00392022134834,0.00365641928577,0.00453371451709,0.00526377138791,0.00149078840007,0.000914104821443,0.00572389126447,0.00130674044945,0.00117790688401,0.00612266182416,0.000582818510316,0.00242329801658,0.00154600278526,0.00470549260434,0.0019202336182,0.00468095287759,0.0047238973994,0.00120858154244,0.00594474880522,0.000840485641192,0.00150305826345,0.00473003233109,0.00168710621407
Gen 163
exec_eq,integer_swap,integer_gte,boolean_shove,boolean_and,vector_integer_flush,integer_lt,vector_integer_pushall,exec_do*vector_integer,vector_integer_reverse,vector_integer_concat,vector_integer_occurrencesof,vector_integer_subvec,integer_eq,vector_integer_yankdup,exec_yankdup,vector_integer_yank,vector_integer_swap,vector_integer_shove,exec_when,vector_integer_rest,boolean_or,boolean_empty,vector_integer_emptyvector,exec_do*while,integer_rot,exec_stackdepth,exec_do*range,vector_integer_replacefirst,vector_integer_last,exec_shove,boolean_xor,boolean_yankdup,boolean_frominteger,exec_yank,vector_integer_indexof,vector_integer_length,integer_div,integer_mult,integer_min,integer_flush,integer_yank,vector_integer_set,integer_max,exec_dup,exec_k,exec_noop,exec_s,exec_y,boolean_rot,vector_integer_stackdepth,integer_yankdup,vector_integer_remove,vector_integer_empty,boolean_stackdepth,exec_do*times,integer_shove,vector_integer_nth,boolean_dup,boolean_not,integer_dup,boolean_flush,boolean_pop,exec_swap,boolean_swap,integer_add,exec_flush,integer_mod,integer_inc,boolean_invert_first_then_and,exec_rot,vector_integer_contains,integer_pop,exec_pop,vector_integer_eq,vector_integer_take,boolean_invert_second_then_and,integer_sub,vector_integer_rot,boolean_yank,integer_stackdepth,integer_dec,integer_gt,vector_integer_butlast,in1,vector_integer_pop,integer_lte,vector_integer_first,boolean_eq,exec_if,vector_integer_replace,exec_empty,exec_do*count,vector_integer_conj,exec_while,integer_fromboolean,integer_empty,vector_integer_dup
0.00557923427296,0.000554874665398,0.00114633447357,0.0016646239962,0.0052438704642,0.0016524289486,0.00102438399766,0.00581703770099,0.000743897903062,0.00435363199005,0.00182315961488,0.00156096609167,0.0020792556143,0.00201218285254,0.00214023085225,0.000609752379559,0.00421338894275,0.00168901409138,0.000695117712697,0.00237803428028,0.00287193370772,0.00273778818422,0.00349997865867,0.00369509942013,0.000969506283498,0.00231096151853,0.00526826055939,0.00067682514131,0.00448167998976,0.00148169828233,0.00109145675941,0.00178047694831,0.00288412875531,0.0035975390394,0.00178047694831,0.0056706971299,0.00604264608143,0.000609752379559,0.00584752531997,0.0047011908464,0.000993896378681,0.00478655617954,0.00294510399327,0.00126218742569,0.0053841135115,0.000280486094597,0.000792678093426,0.000603654855763,0.00105487161664,0.00448167998976,0.000847555807587,0.00385973256261,0.00288412875531,0.00251827732758,0.00232925408991,0.0034572959921,0.00230486399473,0.000981701331089,0.00320729751648,0.00126828494948,0.00299388418363,0.00365241675356,0.00301827427882,0.00203047542393,0.00332315046859,0.00140243047298,0.00547557636844,0.0060731337004,0.0059450857007,0.00228047389955,0.00362802665837,0.00432924189487,0.000792678093426,0.00111584685459,0.00333534551619,0.00396339046713,0.00367070932494,0.00447558246596,0.0051158224645,0.0015243809489,0.000926823616929,0.0056585020823,0.00129267504466,0.000963408759703,0.006085328748,0.000652435046128,0.00239632685167,0.0016646239962,0.00451216760873,0.00214632837605,0.00475606856056,0.00481704379851,0.00115852952116,0.0059389881769,0.000762190474448,0.0015182834251,0.0046950933226,0.00160364875824
Gen 164
exec_eq,integer_swap,integer_gte,boolean_shove,boolean_and,vector_integer_flush,integer_lt,vector_integer_pushall,exec_do*vector_integer,vector_integer_reverse,vector_integer_concat,vector_integer_occurrencesof,vector_integer_subvec,integer_eq,vector_integer_yankdup,exec_yankdup,vector_integer_yank,vector_integer_swap,vector_integer_shove,exec_when,vector_integer_rest,boolean_or,boolean_empty,vector_integer_emptyvector,exec_do*while,integer_rot,exec_stackdepth,exec_do*range,vector_integer_replacefirst,vector_integer_last,exec_shove,boolean_xor,boolean_yankdup,boolean_frominteger,exec_yank,vector_integer_indexof,vector_integer_length,integer_div,integer_mult,integer_min,integer_flush,integer_yank,vector_integer_set,integer_max,exec_dup,exec_k,exec_noop,exec_s,exec_y,boolean_rot,vector_integer_stackdepth,integer_yankdup,vector_integer_remove,vector_integer_empty,boolean_stackdepth,exec_do*times,integer_shove,vector_integer_nth,boolean_dup,boolean_not,integer_dup,boolean_flush,boolean_pop,exec_swap,boolean_swap,integer_add,exec_flush,integer_mod,integer_inc,boolean_invert_first_then_and,exec_rot,vector_integer_contains,integer_pop,exec_pop,vector_integer_eq,vector_integer_take,boolean_invert_second_then_and,integer_sub,vector_integer_rot,boolean_yank,integer_stackdepth,integer_dec,integer_gt,vector_integer_butlast,in1,vector_integer_pop,integer_lte,vector_integer_first,boolean_eq,exec_if,vector_integer_replace,exec_empty,exec_do*count,vector_integer_conj,exec_while,integer_fromboolean,integer_empty,vector_integer_dup
0.00546057296622,0.000606056932988,0.00104847849407,0.00164847485773,0.00519996848504,0.00145453663917,0.00114544760335,0.00584238883401,0.000842419136854,0.00416967169896,0.00187877649226,0.00147877891649,0.00187271592293,0.00204241186417,0.00215756268144,0.000612117502318,0.00413330828298,0.0016424142884,0.000636359779638,0.00255149968788,0.00270907449046,0.0028605887237,0.00333331313144,0.00359997818195,0.00102423621675,0.002333319192,0.00531511930231,0.000703026042266,0.00439391276417,0.00160605087242,0.00125453785129,0.00175756510567,0.00269089278247,0.00350300907267,0.00178786795232,0.00553936036751,0.00599996363658,0.000606056932988,0.00585450997267,0.00478784977061,0.00104847849407,0.00491512172653,0.00309695092757,0.00114544760335,0.00513330222241,0.000436360991752,0.000769692304895,0.000642420348968,0.000933327676802,0.00442421561081,0.000793934582215,0.00370300786056,0.00290301270901,0.00266665050515,0.00246059114793,0.00320604117551,0.00241210659329,0.000963630523451,0.00319392003685,0.00120605329665,0.00272725619845,0.00354543305798,0.00300604238762,0.00198180617087,0.00303634523427,0.00123029557397,0.00536966442628,0.00600602420591,0.00589693395798,0.0024545305786,0.00359391761262,0.00423633796159,0.000781813443555,0.00104847849407,0.00304846637293,0.00385452209381,0.00359997818195,0.00439997333349,0.00496360628117,0.00153332404046,0.000763631735565,0.00566663232344,0.00138787037654,0.00101211507809,0.00605450876055,0.000678783764947,0.00215756268144,0.00173938339768,0.00443633674947,0.00213332040412,0.00464239610669,0.00478178920128,0.00102423621675,0.00589087338865,0.000842419136854,0.00129090126727,0.00459391155205,0.00172120168969
Gen 165
exec_eq,integer_swap,integer_gte,boolean_shove,boolean_and,vector_integer_flush,integer_lt,vector_integer_pushall,exec_do*vector_integer,vector_integer_reverse,vector_integer_concat,vector_integer_occurrencesof,vector_integer_subvec,integer_eq,vector_integer_yankdup,exec_yankdup,vector_integer_yank,vector_integer_swap,vector_integer_shove,exec_when,vector_integer_rest,boolean_or,boolean_empty,vector_integer_emptyvector,exec_do*while,integer_rot,exec_stackdepth,exec_do*range,vector_integer_replacefirst,vector_integer_last,exec_shove,boolean_xor,boolean_yankdup,boolean_frominteger,exec_yank,vector_integer_indexof,vector_integer_length,integer_div,integer_mult,integer_min,integer_flush,integer_yank,vector_integer_set,integer_max,exec_dup,exec_k,exec_noop,exec_s,exec_y,boolean_rot,vector_integer_stackdepth,integer_yankdup,vector_integer_remove,vector_integer_empty,boolean_stackdepth,exec_do*times,integer_shove,vector_integer_nth,boolean_dup,boolean_not,integer_dup,boolean_flush,boolean_pop,exec_swap,boolean_swap,integer_add,exec_flush,integer_mod,integer_inc,boolean_invert_first_then_and,exec_rot,vector_integer_contains,integer_pop,exec_pop,vector_integer_eq,vector_integer_take,boolean_invert_second_then_and,integer_sub,vector_integer_rot,boolean_yank,integer_stackdepth,integer_dec,integer_gt,vector_integer_butlast,in1,vector_integer_pop,integer_lte,vector_integer_first,boolean_eq,exec_if,vector_integer_replace,exec_empty,exec_do*count,vector_integer_conj,exec_while,integer_fromboolean,integer_empty,vector_integer_dup
0.00549996686767,0.000638550370178,0.00107830675719,0.00157227968506,0.0051565954422,0.00142770224276,0.00110240299757,0.00584936235324,0.0009096330745,0.00411443304558,0.00199396389178,0.00145179848314,0.00199396389178,0.00209637291342,0.0021264932139,0.000626502249986,0.00401202402395,0.00145179848314,0.000614454129794,0.00236745561774,0.00259034584129,0.00275299546388,0.00331925711291,0.00337949771387,0.000897584954308,0.00237950373793,0.00521683604316,0.000734935331715,0.00416262552635,0.00155420750477,0.0010542105168,0.0016686646466,0.0025782977211,0.00338552177397,0.00169276088698,0.00551803904796,0.00593972325468,0.000614454129794,0.00573490521141,0.00486744055759,0.000933729314884,0.00485539243739,0.0030301022283,0.00101806615623,0.00492165709845,0.000355419545665,0.000885536834115,0.000644574430275,0.00103613833652,0.00437346762971,0.000867464653827,0.00371082101915,0.00293371726676,0.00266263456244,0.00217468569466,0.00331323305281,0.00244576839899,0.00103011427642,0.00310239094945,0.00128914886055,0.00277106764417,0.00362648417781,0.00299998192782,0.00190360299034,0.00312046312974,0.00130119698074,0.00527707664412,0.00593972325468,0.00595779543497,0.00229516689658,0.00366865259848,0.00429515484846,0.000771079692291,0.00110240299757,0.00314455937012,0.00383130222107,0.00342769019464,0.00464455033403,0.00496984957922,0.00148794284372,0.000987945855748,0.00553611122825,0.00131324510093,0.000993969915844,0.00600598791574,0.000626502249986,0.00215058945428,0.00172288118746,0.00449394883163,0.00213251727399,0.00452406913211,0.00481322401672,0.000993969915844,0.00592165107439,0.00093975337498,0.0013614375817,0.00480719995663,0.00177709772833
Gen 166
exec_eq,integer_swap,integer_gte,boolean_shove,boolean_and,vector_integer_flush,integer_lt,vector_integer_pushall,exec_do*vector_integer,vector_integer_reverse,vector_integer_concat,vector_integer_occurrencesof,vector_integer_subvec,integer_eq,vector_integer_yankdup,exec_yankdup,vector_integer_yank,vector_integer_swap,vector_integer_shove,exec_when,vector_integer_rest,boolean_or,boolean_empty,vector_integer_emptyvector,exec_do*while,integer_rot,exec_stackdepth,exec_do*range,vector_integer_replacefirst,vector_integer_last,exec_shove,boolean_xor,boolean_yankdup,boolean_frominteger,exec_yank,vector_integer_indexof,vector_integer_length,integer_div,integer_mult,integer_min,integer_flush,integer_yank,vector_integer_set,integer_max,exec_dup,exec_k,exec_noop,exec_s,exec_y,boolean_rot,vector_integer_stackdepth,integer_yankdup,vector_integer_remove,vector_integer_empty,boolean_stackdepth,exec_do*times,integer_shove,vector_integer_nth,boolean_dup,boolean_not,integer_dup,boolean_flush,boolean_pop,exec_swap,boolean_swap,integer_add,exec_flush,integer_mod,integer_inc,boolean_invert_first_then_and,exec_rot,vector_integer_contains,integer_pop,exec_pop,vector_integer_eq,vector_integer_take,boolean_invert_second_then_and,integer_sub,vector_integer_rot,boolean_yank,integer_stackdepth,integer_dec,integer_gt,vector_integer_butlast,in1,vector_integer_pop,integer_lte,vector_integer_first,boolean_eq,exec_if,vector_integer_replace,exec_empty,exec_do*count,vector_integer_conj,exec_while,integer_fromboolean,integer_empty,vector_integer_dup
0.00548499709583,0.000892210226286,0.00107184986916,0.00158681684541,0.00527541751247,0.00149100903587,0.000934126142957,0.0058203244292,0.000946102119149,0.00409578385758,0.00214369973832,0.00158681684541,0.0021736396788,0.00231136340501,0.00225148352405,0.000586822833396,0.00400596403614,0.00138322525015,0.000700594607218,0.00242513517883,0.00263471476219,0.00300597002413,0.00325147753606,0.00338920126227,0.000802390404848,0.00244309914312,0.00532930940533,0.000778438452464,0.00419159166712,0.00138921323824,0.00112574176203,0.00171855258352,0.00243711115502,0.00336524930988,0.00173651654781,0.0055269130125,0.00592212022682,0.0005808348453,0.0058143364411,0.00483829438147,0.000946102119149,0.00483230639337,0.00313770576224,0.000994006023916,0.00507781390531,0.000293411416698,0.000748498511985,0.000760474488177,0.0010119699882,0.00441913521476,0.00110178980964,0.0036347087742,0.00295207813127,0.00268860665505,0.00223950754786,0.00320956161939,0.00256884689313,0.000994006023916,0.00311375380986,0.00120358560727,0.00280237842887,0.00367662469087,0.0030538739289,0.00170657660733,0.00323950155987,0.0014550811073,0.00539517727439,0.0059580481554,0.00592212022682,0.00224549553595,0.00374848054802,0.00424548355998,0.000688618631026,0.000934126142957,0.00311375380986,0.0037724325004,0.00325147753606,0.00471853461955,0.00488619828624,0.00140717720253,0.00107184986916,0.00558679289346,0.00153891294064,0.000898198214382,0.00598798809588,0.000598798809588,0.00208381985737,0.00173052855971,0.00465865473859,0.00197603607164,0.00439518326238,0.00495206615529,0.0010239459644,0.00589218028635,0.000904186202478,0.00133532134538,0.00488021029814,0.00193412015497
Gen 167
exec_eq,integer_swap,integer_gte,boolean_shove,boolean_and,vector_integer_flush,integer_lt,vector_integer_pushall,exec_do*vector_integer,vector_integer_reverse,vector_integer_concat,vector_integer_occurrencesof,vector_integer_subvec,integer_eq,vector_integer_yankdup,exec_yankdup,vector_integer_yank,vector_integer_swap,vector_integer_shove,exec_when,vector_integer_rest,boolean_or,boolean_empty,vector_integer_emptyvector,exec_do*while,integer_rot,exec_stackdepth,exec_do*range,vector_integer_replacefirst,vector_integer_last,exec_shove,boolean_xor,boolean_yankdup,boolean_frominteger,exec_yank,vector_integer_indexof,vector_integer_length,integer_div,integer_mult,integer_min,integer_flush,integer_yank,vector_integer_set,integer_max,exec_dup,exec_k,exec_noop,exec_s,exec_y,boolean_rot,vector_integer_stackdepth,integer_yankdup,vector_integer_remove,vector_integer_empty,boolean_stackdepth,exec_do*times,integer_shove,vector_integer_nth,boolean_dup,boolean_not,integer_dup,boolean_flush,boolean_pop,exec_swap,boolean_swap,integer_add,exec_flush,integer_mod,integer_inc,boolean_invert_first_then_and,exec_rot,vector_integer_contains,integer_pop,exec_pop,vector_integer_eq,vector_integer_take,boolean_invert_second_then_and,integer_sub,vector_integer_rot,boolean_yank,integer_stackdepth,integer_dec,integer_gt,vector_integer_butlast,in1,vector_integer_pop,integer_lte,vector_integer_first,boolean_eq,exec_if,vector_integer_replace,exec_empty,exec_do*count,vector_integer_conj,exec_while,integer_fromboolean,integer_empty,vector_integer_dup
0.00547020553449,0.000940470592437,0.00105356515735,0.00181546538413,0.00511901714871,0.00172618020131,0.000982137011089,0.00578567984714,0.00107142219392,0.00416068951971,0.00209522562366,0.00149403872596,0.002053559205,0.00239284289974,0.00194641698561,0.00047618764174,0.0040237855727,0.00145832465283,0.000696424426045,0.00242855697288,0.00266069844822,0.00276784066762,0.00323212361831,0.00321426658175,0.000886899482741,0.00224998660722,0.00527377813227,0.00071428146261,0.00433925988536,0.00151784810805,0.00113094564913,0.00154165749013,0.00220832018857,0.00327974238249,0.00177379896548,0.0054999672621,0.00585115564788,0.000517854060392,0.00575591811954,0.00484520925471,0.000791661954393,0.00484520925471,0.00307736263475,0.00110118392152,0.00499401789275,0.000273807894001,0.000755947881263,0.000791661954393,0.00119642144987,0.00427973643014,0.00102975577526,0.0035833120041,0.00280950708627,0.0028452211594,0.00207141624157,0.0028452211594,0.00235117648109,0.00110118392152,0.00308331498027,0.00130951601479,0.00286307819596,0.00383331051601,0.00303569621609,0.00164879970953,0.0031190290534,0.00135713477896,0.00536901566062,0.00589282206654,0.00584520330236,0.0022440342617,0.00364283545931,0.00429164112118,0.000666662698436,0.00108927923048,0.00296426806983,0.00373807298766,0.0031190290534,0.00451187790549,0.00480354283605,0.0014226105797,0.000970232320046,0.00562496651806,0.00132142070583,0.000833328373045,0.00595234552175,0.000595234552175,0.00190475056696,0.00176784661996,0.00451187790549,0.0021071303147,0.00416068951971,0.00494044678305,0.00113689799465,0.00588686972101,0.000791661954393,0.00139284885209,0.00464878185249,0.00191070291248
Gen 168
exec_eq,integer_swap,integer_gte,boolean_shove,boolean_and,vector_integer_flush,integer_lt,vector_integer_pushall,exec_do*vector_integer,vector_integer_reverse,vector_integer_concat,vector_integer_occurrencesof,vector_integer_subvec,integer_eq,vector_integer_yankdup,exec_yankdup,vector_integer_yank,vector_integer_swap,vector_integer_shove,exec_when,vector_integer_rest,boolean_or,boolean_empty,vector_integer_emptyvector,exec_do*while,integer_rot,exec_stackdepth,exec_do*range,vector_integer_replacefirst,vector_integer_last,exec_shove,boolean_xor,boolean_yankdup,boolean_frominteger,exec_yank,vector_integer_indexof,vector_integer_length,integer_div,integer_mult,integer_min,integer_flush,integer_yank,vector_integer_set,integer_max,exec_dup,exec_k,exec_noop,exec_s,exec_y,boolean_rot,vector_integer_stackdepth,integer_yankdup,vector_integer_remove,vector_integer_empty,boolean_stackdepth,exec_do*times,integer_shove,vector_integer_nth,boolean_dup,boolean_not,integer_dup,boolean_flush,boolean_pop,exec_swap,boolean_swap,integer_add,exec_flush,integer_mod,integer_inc,boolean_invert_first_then_and,exec_rot,vector_integer_contains,integer_pop,exec_pop,vector_integer_eq,vector_integer_take,boolean_invert_second_then_and,integer_sub,vector_integer_rot,boolean_yank,integer_stackdepth,integer_dec,integer_gt,vector_integer_butlast,in1,vector_integer_pop,integer_lte,vector_integer_first,boolean_eq,exec_if,vector_integer_replace,exec_empty,exec_do*count,vector_integer_conj,exec_while,integer_fromboolean,integer_empty,vector_integer_dup
0.00539641777268,0.00102366258188,0.00115975645115,0.00189347992024,0.00512423003414,0.00171004905296,0.00095857420962,0.00576919663197,0.000952657084869,0.00415382157502,0.00230176152804,0.00169821480346,0.00222483890628,0.00224259028053,0.00199998816575,0.000491121354312,0.00392897083449,0.00155620380944,0.000763309092846,0.00247335814581,0.00266270613783,0.00275738013385,0.00327216998716,0.00330175561091,0.000775143342347,0.00214199915977,0.00535499789942,0.000775143342347,0.00447926343631,0.0016094579322,0.0012366790729,0.00164496068071,0.00220117040728,0.00331358986042,0.00179880592423,0.00546150614493,0.00585203637848,0.000514789853314,0.00575144525772,0.00474553405009,0.000852065964107,0.00473369980059,0.00297631374962,0.00113608795214,0.00485795942036,0.00031952473654,0.000828397465104,0.000775143342347,0.00110650232839,0.00431358394329,0.00104733108088,0.00339051248217,0.00282838563085,0.00302365074763,0.00189347992024,0.00278104863285,0.00236093277555,0.00107691670463,0.00292897675162,0.0012130105739,0.00275146300909,0.00378695984047,0.00290530825261,0.00174555180147,0.00326625286241,0.00146152981343,0.00537274927367,0.00585795350323,0.00582836787948,0.00215975053402,0.00386388246223,0.00414790445027,0.00072188921959,0.00101182833238,0.00309465624464,0.00375145709197,0.00332542410992,0.00462127443033,0.00465086005408,0.00150294968669,0.00105324820563,0.00556801439045,0.00142010994018,0.000745557718593,0.00591712475074,0.000698220720587,0.00190531416974,0.00173371755197,0.00443192643831,0.00177513742522,0.00445559493731,0.00482245667185,0.00108283382939,0.00587570487749,0.000857983088857,0.00138460719167,0.00486979366986,0.00187572854598
Gen 169
exec_eq,integer_swap,integer_gte,boolean_shove,boolean_and,vector_integer_flush,integer_lt,vector_integer_pushall,exec_do*vector_integer,vector_integer_reverse,vector_integer_concat,vector_integer_occurrencesof,vector_integer_subvec,integer_eq,vector_integer_yankdup,exec_yankdup,vector_integer_yank,vector_integer_swap,vector_integer_shove,exec_when,vector_integer_rest,boolean_or,boolean_empty,vector_integer_emptyvector,exec_do*while,integer_rot,exec_stackdepth,exec_do*range,vector_integer_replacefirst,vector_integer_last,exec_shove,boolean_xor,boolean_yankdup,boolean_frominteger,exec_yank,vector_integer_indexof,vector_integer_length,integer_div,integer_mult,integer_min,integer_flush,integer_yank,vector_integer_set,integer_max,exec_dup,exec_k,exec_noop,exec_s,exec_y,boolean_rot,vector_integer_stackdepth,integer_yankdup,vector_integer_remove,vector_integer_empty,boolean_stackdepth,exec_do*times,integer_shove,vector_integer_nth,boolean_dup,boolean_not,integer_dup,boolean_flush,boolean_pop,exec_swap,boolean_swap,integer_add,exec_flush,integer_mod,integer_inc,boolean_invert_first_then_and,exec_rot,vector_integer_contains,integer_pop,exec_pop,vector_integer_eq,vector_integer_take,boolean_invert_second_then_and,integer_sub,vector_integer_rot,boolean_yank,integer_stackdepth,integer_dec,integer_gt,vector_integer_butlast,in1,vector_integer_pop,integer_lte,vector_integer_first,boolean_eq,exec_if,vector_integer_replace,exec_empty,exec_do*count,vector_integer_conj,exec_while,integer_fromboolean,integer_empty,vector_integer_dup
0.00535879200711,0.00105881730107,0.0011823459862,0.00182351868518,0.00514702854689,0.00169410768172,0.000852936159199,0.00575290733584,0.000835289204181,0.00424115152264,0.00244704442915,0.00184704795854,0.00227645719731,0.00228822183399,0.00207645837377,0.000470585467144,0.00405879965412,0.00174704854677,0.000852936159199,0.00258233775095,0.00261174934265,0.00288233598626,0.00344115622849,0.00342939159181,0.000694113564038,0.0021705754672,0.00531173346039,0.000852936159199,0.0043705625261,0.00146469726649,0.00125293380627,0.00155293204158,0.00215881083052,0.00330586290669,0.00169999000006,0.00537055664378,0.00581173051923,0.00059411415227,0.00569408415245,0.00476467785484,0.000664701972341,0.00472350162646,0.00300586467138,0.0011823459862,0.0048646772666,0.000223528096894,0.000823524567503,0.000829406885842,0.00115881671284,0.00439409179946,0.00114116975782,0.00344703854683,0.0026941017994,0.00276468961947,0.00187645955024,0.00267645484438,0.00219410474056,0.00111175816613,0.00292351221463,0.0010470526644,0.00267645484438,0.0036823312804,0.00284115975788,0.00168822536338,0.00347645013853,0.00136469785472,0.00536467432545,0.00578820124588,0.00579408356421,0.00209998764713,0.00369997823542,0.00418232833925,0.000717642837395,0.000811759930824,0.00300586467138,0.00372350750878,0.00315880494821,0.00458820830466,0.00466467844307,0.00144116799313,0.000988229481003,0.00551761460227,0.0013470508997,0.000635290380645,0.00587643602096,0.000858818477538,0.0020058705537,0.00188822418692,0.00444703266451,0.00194116505197,0.00429997470603,0.00462350221469,0.000958817889307,0.00579996588255,0.000858818477538,0.00134116858136,0.00468820771643,0.00176469550179
Gen 170
exec_eq,integer_swap,integer_gte,boolean_shove,boolean_and,vector_integer_flush,integer_lt,vector_integer_pushall,exec_do*vector_integer,vector_integer_reverse,vector_integer_concat,vector_integer_occurrencesof,vector_integer_subvec,integer_eq,vector_integer_yankdup,exec_yankdup,vector_integer_yank,vector_integer_swap,vector_integer_shove,exec_when,vector_integer_rest,boolean_or,boolean_empty,vector_integer_emptyvector,exec_do*while,integer_rot,exec_stackdepth,exec_do*range,vector_integer_replacefirst,vector_integer_last,exec_shove,boolean_xor,boolean_yankdup,boolean_frominteger,exec_yank,vector_integer_indexof,vector_integer_length,integer_div,integer_mult,integer_min,integer_flush,integer_yank,vector_integer_set,integer_max,exec_dup,exec_k,exec_noop,exec_s,exec_y,boolean_rot,vector_integer_stackdepth,integer_yankdup,vector_integer_remove,vector_integer_empty,boolean_stackdepth,exec_do*times,integer_shove,vector_integer_nth,boolean_dup,boolean_not,integer_dup,boolean_flush,boolean_pop,exec_swap,boolean_swap,integer_add,exec_flush,integer_mod,integer_inc,boolean_invert_first_then_and,exec_rot,vector_integer_contains,integer_pop,exec_pop,vector_integer_eq,vector_integer_take,boolean_invert_second_then_and,integer_sub,vector_integer_rot,boolean_yank,integer_stackdepth,integer_dec,integer_gt,vector_integer_butlast,in1,vector_integer_pop,integer_lte,vector_integer_first,boolean_eq,exec_if,vector_integer_replace,exec_empty,exec_do*count,vector_integer_conj,exec_while,integer_fromboolean,integer_empty,vector_integer_dup
0.0053216063064,0.000883035771721,0.00118712756066,0.00172513611032,0.00503505827451,0.00163156940603,0.00076607739136,0.00577189607078,0.00070759820118,0.00413447874574,0.0024327343115,0.00186548616675,0.00218127379372,0.00228653633604,0.00202922789925,0.000438593926351,0.00397658493225,0.00174267986737,0.000842100338595,0.00242688639248,0.00249706142069,0.00290056783294,0.00344442430161,0.00338009719241,0.000730989877252,0.00220466546979,0.00530406254934,0.000830404500558,0.00432161215431,0.00143858807843,0.00132162969807,0.00130993386004,0.00199998830416,0.00328653048813,0.00174852778639,0.00533915006345,0.00582452734195,0.000625727334928,0.00568417728551,0.00466663937638,0.000789469067432,0.00471342272852,0.00307600540348,0.00125730258887,0.00485377278495,0.000257308436793,0.000853796176631,0.000883035771721,0.0012339109128,0.00433915591137,0.00114034420851,0.00344442430161,0.00264910731516,0.00284793656177,0.00183039865264,0.00267834691025,0.00242688639248,0.000959058718955,0.00277191361454,0.000988298314045,0.00268419482927,0.00364325354822,0.00291226367097,0.00157309021585,0.00354968684394,0.00145028391647,0.00531575838738,0.00580698358489,0.0057777439898,0.00198829246613,0.00369003690037,0.0042514371261,0.000725141958234,0.000865492014667,0.00307600540348,0.00367249314331,0.0031169408366,0.00457307267209,0.00439178718253,0.00149121934959,0.00108771293735,0.00551458763399,0.00145028391647,0.000725141958234,0.005842071099,0.000842100338595,0.00195905287104,0.00194150911398,0.00453798515798,0.00192981327595,0.00421050169297,0.00460231226718,0.000918123285829,0.00581283150391,0.000918123285829,0.00143274015941,0.00468418313343,0.00173098402933
Gen 171
exec_eq,integer_swap,integer_gte,boolean_shove,boolean_and,vector_integer_flush,integer_lt,vector_integer_pushall,exec_do*vector_integer,vector_integer_reverse,vector_integer_concat,vector_integer_occurrencesof,vector_integer_subvec,integer_eq,vector_integer_yankdup,exec_yankdup,vector_integer_yank,vector_integer_swap,vector_integer_shove,exec_when,vector_integer_rest,boolean_or,boolean_empty,vector_integer_emptyvector,exec_do*while,integer_rot,exec_stackdepth,exec_do*range,vector_integer_replacefirst,vector_integer_last,exec_shove,boolean_xor,boolean_yankdup,boolean_frominteger,exec_yank,vector_integer_indexof,vector_integer_length,integer_div,integer_mult,integer_min,integer_flush,integer_yank,vector_integer_set,integer_max,exec_dup,exec_k,exec_noop,exec_s,exec_y,boolean_rot,vector_integer_stackdepth,integer_yankdup,vector_integer_remove,vector_integer_empty,boolean_stackdepth,exec_do*times,integer_shove,vector_integer_nth,boolean_dup,boolean_not,integer_dup,boolean_flush,boolean_pop,exec_swap,boolean_swap,integer_add,exec_flush,integer_mod,integer_inc,boolean_invert_first_then_and,exec_rot,vector_integer_contains,integer_pop,exec_pop,vector_integer_eq,vector_integer_take,boolean_invert_second_then_and,integer_sub,vector_integer_rot,boolean_yank,integer_stackdepth,integer_dec,integer_gt,vector_integer_butlast,in1,vector_integer_pop,integer_lte,vector_integer_first,boolean_eq,exec_if,vector_integer_replace,exec_empty,exec_do*count,vector_integer_conj,exec_while,integer_fromboolean,integer_empty,vector_integer_dup
0.00523834163755,0.00100580810577,0.00118603961605,0.00167440886972,0.00508136580601,0.0016395253516,0.000697670362382,0.00568601345341,0.000569764129278,0.00402323242307,0.00248254370614,0.00180231510282,0.00229068435649,0.00217440596276,0.00213370852495,0.000482555333981,0.00406974378056,0.00168603670909,0.00102324986483,0.00238952099116,0.00241859058959,0.00294184336138,0.00328486462288,0.00342439869536,0.000703484282068,0.00233719571398,0.00531973651316,0.000779065237993,0.00427323096959,0.00131394584915,0.00131394584915,0.00129069017041,0.00218603380213,0.00312788879134,0.00174417590595,0.00518020244068,0.00572089697153,0.000552322370219,0.00557554897937,0.00449997383736,0.000831390515171,0.00468601926733,0.00304067999605,0.00131975976884,0.00486625077761,0.000203487189028,0.000947668908902,0.000854646193917,0.00120929529479,0.00437206760426,0.00108138906169,0.00339532909692,0.00270347265423,0.00292440160232,0.00184882646031,0.00252905506363,0.00251161330457,0.000825576595485,0.00273835617235,0.00102324986483,0.00262207777862,0.00366858332219,0.00293602944169,0.00166278103034,0.00354649100877,0.00135464328696,0.00532555043285,0.00576740832902,0.00575578048965,0.00188370997843,0.00368602508125,0.00419765001366,0.000796506997052,0.000906971471096,0.00281975104796,0.00356974668752,0.00320346974727,0.00470927494608,0.00420346393335,0.00155813047599,0.00113952825856,0.00548252626438,0.00152906087755,0.000703484282068,0.00580229184714,0.000872087952977,0.0018953378178,0.00190696565718,0.00449997383736,0.00179650118313,0.00404648810181,0.0044418346405,0.000843018354544,0.00574996656996,0.000808134836425,0.00139534072476,0.00447671815862,0.00173836198627
Gen 172
exec_eq,integer_swap,integer_gte,boolean_shove,boolean_and,vector_integer_flush,integer_lt,vector_integer_pushall,exec_do*vector_integer,vector_integer_reverse,vector_integer_concat,vector_integer_occurrencesof,vector_integer_subvec,integer_eq,vector_integer_yankdup,exec_yankdup,vector_integer_yank,vector_integer_swap,vector_integer_shove,exec_when,vector_integer_rest,boolean_or,boolean_empty,vector_integer_emptyvector,exec_do*while,integer_rot,exec_stackdepth,exec_do*range,vector_integer_replacefirst,vector_integer_last,exec_shove,boolean_xor,boolean_yankdup,boolean_frominteger,exec_yank,vector_integer_indexof,vector_integer_length,integer_div,integer_mult,integer_min,integer_flush,integer_yank,vector_integer_set,integer_max,exec_dup,exec_k,exec_noop,exec_s,exec_y,boolean_rot,vector_integer_stackdepth,integer_yankdup,vector_integer_remove,vector_integer_empty,boolean_stackdepth,exec_do*times,integer_shove,vector_integer_nth,boolean_dup,boolean_not,integer_dup,boolean_flush,boolean_pop,exec_swap,boolean_swap,integer_add,exec_flush,integer_mod,integer_inc,boolean_invert_first_then_and,exec_rot,vector_integer_contains,integer_pop,exec_pop,vector_integer_eq,vector_integer_take,boolean_invert_second_then_and,integer_sub,vector_integer_rot,boolean_yank,integer_stackdepth,integer_dec,integer_gt,vector_integer_butlast,in1,vector_integer_pop,integer_lte,vector_integer_first,boolean_eq,exec_if,vector_integer_replace,exec_empty,exec_do*count,vector_integer_conj,exec_while,integer_fromboolean,integer_empty,vector_integer_dup
0.00520806238114,0.00106357766718,0.00113294142808,0.00158380587395,0.00491904671071,0.00150866179964,0.000693637609031,0.00562424494656,0.000508667579956,0.00400575719215,0.00227166316958,0.00167629088849,0.00234680724389,0.00220807972208,0.00227744348299,0.000445084132462,0.00410980283351,0.00163004838122,0.00110982017445,0.00225432222935,0.00237570881093,0.00283813388362,0.00353755180606,0.00321963456859,0.000786122623569,0.00220807972208,0.00513869862024,0.000751440743117,0.00435835631008,0.00125432800966,0.00126010832307,0.00130635083034,0.00220229940867,0.00321963456859,0.00175721527621,0.00520228206773,0.00567048745383,0.000554910087225,0.0055144189918,0.00460112947324,0.000988433592869,0.00458956884642,0.00299420234565,0.00146241929237,0.00478609950232,0.000271674730204,0.000999994219687,0.000965312339235,0.00109825954763,0.00433523505644,0.001075138294,0.00344506679152,0.00257223946682,0.00279189137635,0.00165894994827,0.00261270166068,0.00252599695956,0.000930630458783,0.00272830792886,0.000982653279461,0.00258380009364,0.0036994005815,0.00291327795793,0.00170519245553,0.00357223368651,0.0013468130242,0.00532944896272,0.00572251027451,0.00575141184155,0.00198842781256,0.00361269588037,0.00415026502737,0.000803463563794,0.000890168264923,0.00304622516633,0.00336992271721,0.00330055895631,0.00469361448778,0.00410980283351,0.00160114681418,0.00113294142808,0.00536991115658,0.00163004838122,0.000716758862666,0.00575719215496,0.0010115548465,0.00194218530529,0.00182657903712,0.0044392806978,0.0019479656187,0.00406934063965,0.00439303819053,0.000768781683343,0.00567626776724,0.000872827324698,0.00126010832307,0.00432945474304,0.00160692712759
Gen 173
exec_eq,integer_swap,integer_gte,boolean_shove,boolean_and,vector_integer_flush,integer_lt,vector_integer_pushall,exec_do*vector_integer,vector_integer_reverse,vector_integer_concat,vector_integer_occurrencesof,vector_integer_subvec,integer_eq,vector_integer_yankdup,exec_yankdup,vector_integer_yank,vector_integer_swap,vector_integer_shove,exec_when,vector_integer_rest,boolean_or,boolean_empty,vector_integer_emptyvector,exec_do*while,integer_rot,exec_stackdepth,exec_do*range,vector_integer_replacefirst,vector_integer_last,exec_shove,boolean_xor,boolean_yankdup,boolean_frominteger,exec_yank,vector_integer_indexof,vector_integer_length,integer_div,integer_mult,integer_min,integer_flush,integer_yank,vector_integer_set,integer_max,exec_dup,exec_k,exec_noop,exec_s,exec_y,boolean_rot,vector_integer_stackdepth,integer_yankdup,vector_integer_remove,vector_integer_empty,boolean_stackdepth,exec_do*times,integer_shove,vector_integer_nth,boolean_dup,boolean_not,integer_dup,boolean_flush,boolean_pop,exec_swap,boolean_swap,integer_add,exec_flush,integer_mod,integer_inc,boolean_invert_first_then_and,exec_rot,vector_integer_contains,integer_pop,exec_pop,vector_integer_eq,vector_integer_take,boolean_invert_second_then_and,integer_sub,vector_integer_rot,boolean_yank,integer_stackdepth,integer_dec,integer_gt,vector_integer_butlast,in1,vector_integer_pop,integer_lte,vector_integer_first,boolean_eq,exec_if,vector_integer_replace,exec_empty,exec_do*count,vector_integer_conj,exec_while,integer_fromboolean,integer_empty,vector_integer_dup
0.00511491313268,0.00118964833535,0.00121263670898,0.00151723265958,0.00494250033046,0.00148849719254,0.000660915741864,0.00555169223165,0.000402296538526,0.00371262234125,0.0023735495773,0.00174136930248,0.00247699725864,0.00208044781352,0.00246550307182,0.000557468060528,0.00424135493474,0.00166665708818,0.00110344193424,0.00248274435204,0.0023735495773,0.00285055833012,0.00348848569836,0.00332756708295,0.000764363423199,0.00222412514871,0.00513790150631,0.000712639582531,0.00419537818748,0.0012241308958,0.00123562508261,0.0013045902035,0.00222412514871,0.0032873374291,0.00176435767611,0.00514364859972,0.00567812828662,0.000499997126453,0.00548272711076,0.00448273285786,0.000942523318832,0.00438503226993,0.0029884885719,0.00143677335188,0.00483330555572,0.000287354670375,0.00118390124195,0.00102872971994,0.00110344193424,0.00416664272044,0.00114367158809,0.00337929092362,0.00262067459382,0.0027528577422,0.00175286348929,0.00262642168723,0.00251722691249,0.000839075637496,0.00259193912679,0.00109194774743,0.00259768622019,0.00345975023132,0.00289078798398,0.00171838092885,0.00359193337969,0.00133332567054,0.00533330268217,0.00571261084706,0.00573559922069,0.00187355245085,0.00371836943466,0.00411491887978,0.000793098890236,0.000856316917719,0.00309768334665,0.00328159033569,0.00333906126976,0.00468962822053,0.00413216016,0.00150573847277,0.00121838380239,0.00535054396239,0.00162642743433,0.000735627956161,0.00574709340751,0.000890799478164,0.00198274722559,0.00203447106626,0.00441376773697,0.0018390698904,0.00409767759955,0.00435629680289,0.000706892489124,0.00562640444595,0.000839075637496,0.00142527916506,0.0042126194677,0.00143102625847
Gen 174
exec_eq,integer_swap,integer_gte,boolean_shove,boolean_and,vector_integer_flush,integer_lt,vector_integer_pushall,exec_do*vector_integer,vector_integer_reverse,vector_integer_concat,vector_integer_occurrencesof,vector_integer_subvec,integer_eq,vector_integer_yankdup,exec_yankdup,vector_integer_yank,vector_integer_swap,vector_integer_shove,exec_when,vector_integer_rest,boolean_or,boolean_empty,vector_integer_emptyvector,exec_do*while,integer_rot,exec_stackdepth,exec_do*range,vector_integer_replacefirst,vector_integer_last,exec_shove,boolean_xor,boolean_yankdup,boolean_frominteger,exec_yank,vector_integer_indexof,vector_integer_length,integer_div,integer_mult,integer_min,integer_flush,integer_yank,vector_integer_set,integer_max,exec_dup,exec_k,exec_noop,exec_s,exec_y,boolean_rot,vector_integer_stackdepth,integer_yankdup,vector_integer_remove,vector_integer_empty,boolean_stackdepth,exec_do*times,integer_shove,vector_integer_nth,boolean_dup,boolean_not,integer_dup,boolean_flush,boolean_pop,exec_swap,boolean_swap,integer_add,exec_flush,integer_mod,integer_inc,boolean_invert_first_then_and,exec_rot,vector_integer_contains,integer_pop,exec_pop,vector_integer_eq,vector_integer_take,boolean_invert_second_then_and,integer_sub,vector_integer_rot,boolean_yank,integer_stackdepth,integer_dec,integer_gt,vector_integer_butlast,in1,vector_integer_pop,integer_lte,vector_integer_first,boolean_eq,exec_if,vector_integer_replace,exec_empty,exec_do*count,vector_integer_conj,exec_while,integer_fromboolean,integer_empty,vector_integer_dup
0.00518854177976,0.00110856509391,0.00108570808167,0.00132570671025,0.00483997234302,0.00159427660413,0.000554282546957,0.00553711121651,0.000514282775527,0.00379997828584,0.00210855937966,0.00179998971434,0.00229141547763,0.0019257032817,0.00254284261233,0.000514282775527,0.0040571196736,0.00157713384495,0.00110285084085,0.0023542722613,0.00238284352661,0.00254284261233,0.00346855160828,0.00311998217153,0.000737138644922,0.00209141662048,0.00499997142873,0.000731424391861,0.0039828343838,0.00131999245719,0.00121713590208,0.00125142142045,0.0022057016817,0.00318855320827,0.00175998994291,0.00514282775527,0.00564568202467,0.000531425534711,0.0054342546614,0.00441711761647,0.0010514225633,0.00427426128994,0.00298284009806,0.0014514202776,0.00471425877566,0.000359997942869,0.00126856417963,0.00108570808167,0.00110856509391,0.00405140542054,0.00117713613065,0.00321712447357,0.00267427043274,0.00277712698785,0.00158284809801,0.00263998491437,0.00254284261233,0.000965708767378,0.00261141364906,0.00106856532248,0.00271427020417,0.00346283735522,0.0026799846858,0.00166856189393,0.00344569459603,0.00128570693882,0.00521139879201,0.00567425328998,0.0056856817961,0.00207427386129,0.00354855115114,0.00406854817972,0.000965708767378,0.000822852440843,0.00285141227764,0.00323426723276,0.00322283872664,0.00462283072668,0.00405140542054,0.00163427637556,0.00126856417963,0.00534854086548,0.00178284695516,0.000782852669413,0.00570853880835,0.00085142370615,0.00184570373884,0.00193713178782,0.00446854589402,0.00169141890618,0.00417140473483,0.00449140290627,0.000714281632676,0.00559425374712,0.000874280718396,0.00150284855515,0.00421711875932,0.00158284809801
Gen 175
exec_eq,integer_swap,integer_gte,boolean_shove,boolean_and,vector_integer_flush,integer_lt,vector_integer_pushall,exec_do*vector_integer,vector_integer_reverse,vector_integer_concat,vector_integer_occurrencesof,vector_integer_subvec,integer_eq,vector_integer_yankdup,exec_yankdup,vector_integer_yank,vector_integer_swap,vector_integer_shove,exec_when,vector_integer_rest,boolean_or,boolean_empty,vector_integer_emptyvector,exec_do*while,integer_rot,exec_stackdepth,exec_do*range,vector_integer_replacefirst,vector_integer_last,exec_shove,boolean_xor,boolean_yankdup,boolean_frominteger,exec_yank,vector_integer_indexof,vector_integer_length,integer_div,integer_mult,integer_min,integer_flush,integer_yank,vector_integer_set,integer_max,exec_dup,exec_k,exec_noop,exec_s,exec_y,boolean_rot,vector_integer_stackdepth,integer_yankdup,vector_integer_remove,vector_integer_empty,boolean_stackdepth,exec_do*times,integer_shove,vector_integer_nth,boolean_dup,boolean_not,integer_dup,boolean_flush,boolean_pop,exec_swap,boolean_swap,integer_add,exec_flush,integer_mod,integer_inc,boolean_invert_first_then_and,exec_rot,vector_integer_contains,integer_pop,exec_pop,vector_integer_eq,vector_integer_take,boolean_invert_second_then_and,integer_sub,vector_integer_rot,boolean_yank,integer_stackdepth,integer_dec,integer_gt,vector_integer_butlast,in1,vector_integer_pop,integer_lte,vector_integer_first,boolean_eq,exec_if,vector_integer_replace,exec_empty,exec_do*count,vector_integer_conj,exec_while,integer_fromboolean,integer_empty,vector_integer_dup
0.00529542445782,0.00114772075159,0.000994312532315,0.00138635575934,0.0048181544423,0.00169317219789,0.00059090573349,0.00554542303737,0.000505678945006,0.0037499786933,0.00202271578002,0.00167612684019,0.00232385043267,0.00210226078261,0.00244884972244,0.000573860375793,0.00410224941904,0.00168749041199,0.000937494673326,0.00232385043267,0.00243748615065,0.00232385043267,0.00332952653678,0.0032158908188,0.000687496093772,0.00207385185311,0.00503406230646,0.000801131811751,0.00401134084465,0.00126135646957,0.00132953790035,0.00114772075159,0.00207385185311,0.00306816438543,0.00171589934148,0.00516474338214,0.00561360446816,0.000534087874501,0.00547155982068,0.00447724728837,0.0010568121772,0.0043124754973,0.00310225510082,0.00140340111704,0.00477270015511,0.000249998579554,0.00130681075676,0.00112499360799,0.0010965846785,0.00386361441128,0.00114203896569,0.00298861938284,0.00280680223408,0.00282952937767,0.00171021755558,0.00273293901739,0.00247157686604,0.000960221816921,0.00258521258402,0.00096590360282,0.00284089294947,0.00328975403549,0.00281816580588,0.00144317361833,0.00331816296498,0.00142612826063,0.00526133374242,0.00561928625406,0.00565905875535,0.00226135078778,0.00355111618684,0.00389202334078,0.00096590360282,0.000874995028437,0.00287498366487,0.00312498224442,0.00315339117391,0.00461361014994,0.00419883977932,0.00165908148249,0.00119317503878,0.0054033783899,0.00190339827615,0.000715905023267,0.00568178589894,0.000812495383549,0.00192612541974,0.00184089863126,0.0042840665678,0.00177839898637,0.00413065834853,0.00442042942938,0.000704541451469,0.00552269589377,0.000943176459225,0.00156817290811,0.00408520406134,0.0016022636235
Gen 176
exec_eq,integer_swap,integer_gte,boolean_shove,boolean_and,vector_integer_flush,integer_lt,vector_integer_pushall,exec_do*vector_integer,vector_integer_reverse,vector_integer_concat,vector_integer_occurrencesof,vector_integer_subvec,integer_eq,vector_integer_yankdup,exec_yankdup,vector_integer_yank,vector_integer_swap,vector_integer_shove,exec_when,vector_integer_rest,boolean_or,boolean_empty,vector_integer_emptyvector,exec_do*while,integer_rot,exec_stackdepth,exec_do*range,vector_integer_replacefirst,vector_integer_last,exec_shove,boolean_xor,boolean_yankdup,boolean_frominteger,exec_yank,vector_integer_indexof,vector_integer_length,integer_div,integer_mult,integer_min,integer_flush,integer_yank,vector_integer_set,integer_max,exec_dup,exec_k,exec_noop,exec_s,exec_y,boolean_rot,vector_integer_stackdepth,integer_yankdup,vector_integer_remove,vector_integer_empty,boolean_stackdepth,exec_do*times,integer_shove,vector_integer_nth,boolean_dup,boolean_not,integer_dup,boolean_flush,boolean_pop,exec_swap,boolean_swap,integer_add,exec_flush,integer_mod,integer_inc,boolean_invert_first_then_and,exec_rot,vector_integer_contains,integer_pop,exec_pop,vector_integer_eq,vector_integer_take,boolean_invert_second_then_and,integer_sub,vector_integer_rot,boolean_yank,integer_stackdepth,integer_dec,integer_gt,vector_integer_butlast,in1,vector_integer_pop,integer_lte,vector_integer_first,boolean_eq,exec_if,vector_integer_replace,exec_empty,exec_do*count,vector_integer_conj,exec_while,integer_fromboolean,integer_empty,vector_integer_dup
0.00520901011859,0.00117513460376,0.00102259309269,0.00138417297077,0.00479658307015,0.00174010316326,0.00058756730188,0.00547454534155,0.000581917616285,0.00377963966305,0.00209603335574,0.00159321133779,0.00231637109395,0.00211298241253,0.00243501449144,0.000593216987475,0.00415816859792,0.00175705222004,0.000915249066389,0.0021468805261,0.00240676606347,0.00233896983633,0.00323726984593,0.0031581742476,0.000785306297705,0.00220902706764,0.00494912458122,0.000881350952819,0.00390393274614,0.00125423020209,0.00119773334614,0.00113558680459,0.00198868932944,0.00285874091107,0.00151976542505,0.00516946231942,0.00558188936786,0.00053107044593,0.0054236981712,0.00433330885136,0.00107908994864,0.00420901576827,0.00317512330439,0.00144631951232,0.0047457358998,0.00025988553737,0.0013559245428,0.00104519183507,0.00114688617578,0.00388133400376,0.00105084152067,0.00298303399416,0.00283049248309,0.00302258179332,0.0015819119666,0.00257060694572,0.0025988553737,0.00103389246388,0.00252540946096,0.000892650324009,0.00274009751357,0.00333331450105,0.00266100191524,0.00158756165219,0.00332201512986,0.00148586731148,0.0050847170355,0.00561013779583,0.00561013779583,0.00220902706764,0.00355930192485,0.0039547799165,0.00103954214948,0.000881350952819,0.00275704657036,0.00312992581963,0.00297738430856,0.00466099061587,0.00419206671149,0.00157061259541,0.00126552957328,0.00535025225846,0.00183614781837,0.000706210699375,0.005649685595,0.00071186038497,0.00190394404551,0.00190394404551,0.00434460822255,0.00177965096242,0.00415816859792,0.00447455099124,0.000717510070565,0.00549714408393,0.000915249066389,0.00161581008017,0.00388133400376,0.00160451070898
Gen 177
exec_eq,integer_swap,integer_gte,boolean_shove,boolean_and,vector_integer_flush,integer_lt,vector_integer_pushall,exec_do*vector_integer,vector_integer_reverse,vector_integer_concat,vector_integer_occurrencesof,vector_integer_subvec,integer_eq,vector_integer_yankdup,exec_yankdup,vector_integer_yank,vector_integer_swap,vector_integer_shove,exec_when,vector_integer_rest,boolean_or,boolean_empty,vector_integer_emptyvector,exec_do*while,integer_rot,exec_stackdepth,exec_do*range,vector_integer_replacefirst,vector_integer_last,exec_shove,boolean_xor,boolean_yankdup,boolean_frominteger,exec_yank,vector_integer_indexof,vector_integer_length,integer_div,integer_mult,integer_min,integer_flush,integer_yank,vector_integer_set,integer_max,exec_dup,exec_k,exec_noop,exec_s,exec_y,boolean_rot,vector_integer_stackdepth,integer_yankdup,vector_integer_remove,vector_integer_empty,boolean_stackdepth,exec_do*times,integer_shove,vector_integer_nth,boolean_dup,boolean_not,integer_dup,boolean_flush,boolean_pop,exec_swap,boolean_swap,integer_add,exec_flush,integer_mod,integer_inc,boolean_invert_first_then_and,exec_rot,vector_integer_contains,integer_pop,exec_pop,vector_integer_eq,vector_integer_take,boolean_invert_second_then_and,integer_sub,vector_integer_rot,boolean_yank,integer_stackdepth,integer_dec,integer_gt,vector_integer_butlast,in1,vector_integer_pop,integer_lte,vector_integer_first,boolean_eq,exec_if,vector_integer_replace,exec_empty,exec_do*count,vector_integer_conj,exec_while,integer_fromboolean,integer_empty,vector_integer_dup
0.00523592564087,0.00114606097719,0.000994376436087,0.00125841989652,0.00488761299094,0.00173594530368,0.00054494075876,0.00549435115533,0.000595502272459,0.00384267504115,0.00188201189881,0.00147751978921,0.0024887500632,0.00221347071084,0.0025898730906,0.000612356110359,0.00408424671772,0.00157864281661,0.000870781624822,0.00215729125117,0.00249998595514,0.00238200908984,0.00338200347189,0.00302245493003,0.000820220111123,0.00220223481891,0.00493255655867,0.000994376436087,0.00372469817585,0.00144381211342,0.00124156605862,0.00123594811265,0.00197751698024,0.00279773709136,0.00155055308678,0.00510109493767,0.00556176650693,0.000550558704726,0.00530334099247,0.00438761579991,0.00117976865299,0.00434829017815,0.00316290357919,0.00137639676182,0.00482581558531,0.000359548541862,0.00120785838282,0.00103370205785,0.00115729686912,0.00397188779838,0.00117415070702,0.00300560109213,0.00295503957843,0.00295503957843,0.00165167611418,0.00262919871237,0.0025898730906,0.00116853276105,0.00246066033337,0.000887635462722,0.0028089729833,0.00333705990416,0.00278650119943,0.00167976584401,0.00319099330903,0.00162358638435,0.0051628923433,0.00555614856096,0.00559547418273,0.0022865040084,0.00352245212106,0.00380896736535,0.000999994382054,0.00106179178769,0.00262919871237,0.00312357795743,0.00295503957843,0.00462918747647,0.00442132347571,0.00161235049241,0.00125280195055,0.00529210510053,0.00179774270931,0.000764040651457,0.00561232802063,0.000668535570025,0.00203369643991,0.00180897860124,0.00423593125881,0.00164044022225,0.00405615698788,0.00463480542244,0.000769658597424,0.0055168229392,0.000977522598188,0.00165729406015,0.00378649558149,0.00165167611418
Gen 178
exec_eq,integer_swap,integer_gte,boolean_shove,boolean_and,vector_integer_flush,integer_lt,vector_integer_pushall,exec_do*vector_integer,vector_integer_reverse,vector_integer_concat,vector_integer_occurrencesof,vector_integer_subvec,integer_eq,vector_integer_yankdup,exec_yankdup,vector_integer_yank,vector_integer_swap,vector_integer_shove,exec_when,vector_integer_rest,boolean_or,boolean_empty,vector_integer_emptyvector,exec_do*while,integer_rot,exec_stackdepth,exec_do*range,vector_integer_replacefirst,vector_integer_last,exec_shove,boolean_xor,boolean_yankdup,boolean_frominteger,exec_yank,vector_integer_indexof,vector_integer_length,integer_div,integer_mult,integer_min,integer_flush,integer_yank,vector_integer_set,integer_max,exec_dup,exec_k,exec_noop,exec_s,exec_y,boolean_rot,vector_integer_stackdepth,integer_yankdup,vector_integer_remove,vector_integer_empty,boolean_stackdepth,exec_do*times,integer_shove,vector_integer_nth,boolean_dup,boolean_not,integer_dup,boolean_flush,boolean_pop,exec_swap,boolean_swap,integer_add,exec_flush,integer_mod,integer_inc,boolean_invert_first_then_and,exec_rot,vector_integer_contains,integer_pop,exec_pop,vector_integer_eq,vector_integer_take,boolean_invert_second_then_and,integer_sub,vector_integer_rot,boolean_yank,integer_stackdepth,integer_dec,integer_gt,vector_integer_butlast,in1,vector_integer_pop,integer_lte,vector_integer_first,boolean_eq,exec_if,vector_integer_replace,exec_empty,exec_do*count,vector_integer_conj,exec_while,integer_fromboolean,integer_empty,vector_integer_dup
0.00521784794498,0.00101675409635,0.000999994413439,0.00117317780348,0.00480444243328,0.00164244892487,0.000530723292049,0.00541896413987,0.000653627633365,0.0037038899224,0.00199998882688,0.0014748520958,0.00241339433858,0.0022290378266,0.00248043307021,0.000653627633365,0.0041005357512,0.00169272797359,0.000966475047625,0.0020502678756,0.00234635560695,0.00227931687532,0.00317316663035,0.00309495477679,0.000726252925961,0.00218434533885,0.00481561555522,0.000932955681812,0.00372064960531,0.00150278490064,0.00104468690119,0.00132960151061,0.00202792163172,0.00278210736253,0.00137429399836,0.00505025111592,0.00549717599343,0.0005754157798,0.0052513673108,0.00436869067771,0.00121787029123,0.00422902665348,0.00316199350842,0.00140781336417,0.00463125904325,0.000301674292322,0.00132401494964,0.000877090072123,0.00100558097441,0.00376534209306,0.00126814933995,0.00288266545997,0.00301115636225,0.0027876939235,0.00160334299808,0.00273741487478,0.00249719275311,0.00132960151061,0.00229048999726,0.000826811023402,0.00279886704544,0.00325137848392,0.00264244333831,0.00179328607103,0.00328489784973,0.00173183390037,0.00498879894526,0.00546365662762,0.00555862816409,0.00216758565595,0.00358098558109,0.00376534209306,0.00110613907185,0.00112289875476,0.00274300143575,0.00297763699644,0.00291059826481,0.00453628750677,0.00433517131189,0.00148043865677,0.00121787029123,0.00528488667661,0.00178211294909,0.00078770509662,0.00558097440796,0.000648041072396,0.00226814375339,0.00193295009525,0.00414522823895,0.00183239199781,0.00397763140988,0.00444690253127,0.000698320121117,0.00545807006665,0.000999994413439,0.00178769951006,0.00375416897112,0.00150278490064
Gen 179
exec_eq,integer_swap,integer_gte,boolean_shove,boolean_and,vector_integer_flush,integer_lt,vector_integer_pushall,exec_do*vector_integer,vector_integer_reverse,vector_integer_concat,vector_integer_occurrencesof,vector_integer_subvec,integer_eq,vector_integer_yankdup,exec_yankdup,vector_integer_yank,vector_integer_swap,vector_integer_shove,exec_when,vector_integer_rest,boolean_or,boolean_empty,vector_integer_emptyvector,exec_do*while,integer_rot,exec_stackdepth,exec_do*range,vector_integer_replacefirst,vector_integer_last,exec_shove,boolean_xor,boolean_yankdup,boolean_frominteger,exec_yank,vector_integer_indexof,vector_integer_length,integer_div,integer_mult,integer_min,integer_flush,integer_yank,vector_integer_set,integer_max,exec_dup,exec_k,exec_noop,exec_s,exec_y,boolean_rot,vector_integer_stackdepth,integer_yankdup,vector_integer_remove,vector_integer_empty,boolean_stackdepth,exec_do*times,integer_shove,vector_integer_nth,boolean_dup,boolean_not,integer_dup,boolean_flush,boolean_pop,exec_swap,boolean_swap,integer_add,exec_flush,integer_mod,integer_inc,boolean_invert_first_then_and,exec_rot,vector_integer_contains,integer_pop,exec_pop,vector_integer_eq,vector_integer_take,boolean_invert_second_then_and,integer_sub,vector_integer_rot,boolean_yank,integer_stackdepth,integer_dec,integer_gt,vector_integer_butlast,in1,vector_integer_pop,integer_lte,vector_integer_first,boolean_eq,exec_if,vector_integer_replace,exec_empty,exec_do*count,vector_integer_conj,exec_while,integer_fromboolean,integer_empty,vector_integer_dup
0.00522774873473,0.0010499941667,0.000805551080272,0.00113888256176,0.00469997388903,0.00174443475314,0.000644440864217,0.00533330370387,0.000622218765451,0.00374997916678,0.0018999894445,0.00154999138894,0.00247776401242,0.00201665546303,0.00227220959884,0.000677774012367,0.00410553274704,0.00180554552475,0.000983327870401,0.00192776706796,0.00223332092599,0.00234443141983,0.00313887145071,0.00298331675935,0.000777773456814,0.00201109993833,0.00490552830262,0.000849995277804,0.00389442280876,0.00152776929017,0.00106666074077,0.00137221459881,0.00184443419759,0.00261665212971,0.00133332592597,0.0051166382409,0.00549441391992,0.000577774567919,0.0053110816051,0.004394420031,0.00122777095683,0.00437775345693,0.00308887172849,0.00156665796301,0.00457219682113,0.000222220987661,0.00126665962967,0.00111110493831,0.000961105771635,0.0038055344137,0.00126110410498,0.00259443003094,0.00311664935195,0.00289442836429,0.00153332481486,0.00258887450625,0.00252776373465,0.0013111038272,0.0023610979939,0.000811106604963,0.00258887450625,0.00330553719146,0.00264998527786,0.00173332370376,0.00320553774701,0.0019666557408,0.00483886200632,0.00547774734585,0.00551663601869,0.00207776623463,0.00345553635813,0.00376109021617,0.00102221654324,0.00103332759262,0.00287220626552,0.00302220543219,0.00281109549391,0.00443330870384,0.00428886506186,0.00153332481486,0.00114443808646,0.00523885978411,0.00191110049389,0.000783328981506,0.00554441364215,0.000705551635824,0.0024277642902,0.00207776623463,0.00424442086433,0.00190554496919,0.00397775567914,0.00454441919767,0.00072777373459,0.00540552552486,0.00103332759262,0.00185554524697,0.00372220154332,0.00145554746918
Gen 180
exec_eq,integer_swap,integer_gte,boolean_shove,boolean_and,vector_integer_flush,integer_lt,vector_integer_pushall,exec_do*vector_integer,vector_integer_reverse,vector_integer_concat,vector_integer_occurrencesof,vector_integer_subvec,integer_eq,vector_integer_yankdup,exec_yankdup,vector_integer_yank,vector_integer_swap,vector_integer_shove,exec_when,vector_integer_rest,boolean_or,boolean_empty,vector_integer_emptyvector,exec_do*while,integer_rot,exec_stackdepth,exec_do*range,vector_integer_replacefirst,vector_integer_last,exec_shove,boolean_xor,boolean_yankdup,boolean_frominteger,exec_yank,vector_integer_indexof,vector_integer_length,integer_div,integer_mult,integer_min,integer_flush,integer_yank,vector_integer_set,integer_max,exec_dup,exec_k,exec_noop,exec_s,exec_y,boolean_rot,vector_integer_stackdepth,integer_yankdup,vector_integer_remove,vector_integer_empty,boolean_stackdepth,exec_do*times,integer_shove,vector_integer_nth,boolean_dup,boolean_not,integer_dup,boolean_flush,boolean_pop,exec_swap,boolean_swap,integer_add,exec_flush,integer_mod,integer_inc,boolean_invert_first_then_and,exec_rot,vector_integer_contains,integer_pop,exec_pop,vector_integer_eq,vector_integer_take,boolean_invert_second_then_and,integer_sub,vector_integer_rot,boolean_yank,integer_stackdepth,integer_dec,integer_gt,vector_integer_butlast,in1,vector_integer_pop,integer_lte,vector_integer_first,boolean_eq,exec_if,vector_integer_replace,exec_empty,exec_do*count,vector_integer_conj,exec_while,integer_fromboolean,integer_empty,vector_integer_dup
0.00515466765377,0.00107181728278,0.000906072342142,0.00123756222341,0.00483975226656,0.00161877558688,0.000618781111707,0.00529278843763,0.000596681786288,0.00357456588638,0.00186186816647,0.00154142794791,0.00218230838504,0.00217125872233,0.00230385467484,0.00069612875067,0.00409942486506,0.00182319434699,0.00098894481246,0.00192264131137,0.00227070568671,0.00213258490285,0.0030497069077,0.00291158612383,0.000707178413379,0.00208286142066,0.00483422743521,0.000790050883697,0.00392815509307,0.0015303782852,0.000850824028597,0.00135910851321,0.00174032187667,0.00272374185778,0.00126518638019,0.00501102203855,0.00546958304098,0.000646405268479,0.00523201529273,0.00453036171071,0.00127623604289,0.00435909193872,0.00297788410009,0.00163535008094,0.00467400732593,0.000248617410954,0.00125413671748,0.00102761863194,0.000994469643814,0.0035469417296,0.00128176087425,0.00257457141121,0.0031104800526,0.00282318882216,0.0014696051403,0.00272374185778,0.00261324523069,0.00137568300728,0.00253589759173,0.000845299197242,0.00267954320694,0.00344196993387,0.00250827343495,0.00176794603345,0.00317677802885,0.00181214468428,0.00482870260385,0.00548063270369,0.00548063270369,0.00223755669858,0.00332042364407,0.00363533903128,0.00118783874122,0.00101656896923,0.00267401837559,0.00282871365352,0.00285081297893,0.00454693620477,0.00431489328788,0.00156352727333,0.00125966154883,0.0051878166419,0.00188396749189,0.000944746161623,0.0055027320291,0.000607731448998,0.00237015265109,0.00197236479356,0.00414362351589,0.0018950171546,0.00401655239474,0.00459113485561,0.000613256280352,0.00540328506472,0.00092817166756,0.00173479704532,0.00372373633295,0.001651924575
Gen 181
exec_eq,integer_swap,integer_gte,boolean_shove,boolean_and,vector_integer_flush,integer_lt,vector_integer_pushall,exec_do*vector_integer,vector_integer_reverse,vector_integer_concat,vector_integer_occurrencesof,vector_integer_subvec,integer_eq,vector_integer_yankdup,exec_yankdup,vector_integer_yank,vector_integer_swap,vector_integer_shove,exec_when,vector_integer_rest,boolean_or,boolean_empty,vector_integer_emptyvector,exec_do*while,integer_rot,exec_stackdepth,exec_do*range,vector_integer_replacefirst,vector_integer_last,exec_shove,boolean_xor,boolean_yankdup,boolean_frominteger,exec_yank,vector_integer_indexof,vector_integer_length,integer_div,integer_mult,integer_min,integer_flush,integer_yank,vector_integer_set,integer_max,exec_dup,exec_k,exec_noop,exec_s,exec_y,boolean_rot,vector_integer_stackdepth,integer_yankdup,vector_integer_remove,vector_integer_empty,boolean_stackdepth,exec_do*times,integer_shove,vector_integer_nth,boolean_dup,boolean_not,integer_dup,boolean_flush,boolean_pop,exec_swap,boolean_swap,integer_add,exec_flush,integer_mod,integer_inc,boolean_invert_first_then_and,exec_rot,vector_integer_contains,integer_pop,exec_pop,vector_integer_eq,vector_integer_take,boolean_invert_second_then_and,integer_sub,vector_integer_rot,boolean_yank,integer_stackdepth,integer_dec,integer_gt,vector_integer_butlast,in1,vector_integer_pop,integer_lte,vector_integer_first,boolean_eq,exec_if,vector_integer_replace,exec_empty,exec_do*count,vector_integer_conj,exec_while,integer_fromboolean,integer_empty,vector_integer_dup
0.00517030126208,0.000972522128999,0.000912082900643,0.00109340058571,0.00470876533645,0.00147801385707,0.000664831511915,0.00529117971879,0.000736259690881,0.0033571244114,0.00173625419641,0.00156592546195,0.00206592271471,0.00215383431959,0.00241207465893,0.000675820462525,0.0042197570343,0.00186262712842,0.00103296135736,0.0018351547519,0.00224174592447,0.00223625144917,0.00297251114005,0.00287910505986,0.000879116048813,0.00228020725161,0.004862610645,0.000829665771067,0.00371975978154,0.00159889231378,0.000813182345152,0.00139010225219,0.00185163817781,0.0024889973132,0.00125823484486,0.00504392833006,0.00543403607672,0.00070329283905,0.00520326811391,0.0044340415712,0.00143955252993,0.00420327360839,0.00292855533761,0.00174724314702,0.00470327086115,0.000324174043,0.00128570722139,0.000917577375948,0.000945049752474,0.00375822110868,0.00137361882627,0.00279119345498,0.00311536749798,0.0028076768809,0.00148900280768,0.00275822660315,0.00265383157235,0.00150548623359,0.00212636194307,0.000818676820457,0.00262635919583,0.00332415755957,0.00239559123302,0.00203295586288,0.00329119070774,0.00180768237537,0.004862610645,0.00542854160142,0.00546150845325,0.00224724039978,0.00336261888671,0.0037856934852,0.00127471827078,0.000884610524118,0.00260987576991,0.00271427080071,0.00278020450437,0.00460986478096,0.00416481228125,0.00154394756073,0.00152746413481,0.00523074049044,0.00200548348635,0.00110438953632,0.00549447530508,0.000730765215576,0.00242855808485,0.00199998901105,0.00426371283674,0.00196152768391,0.00380767138642,0.00454942555261,0.000582414382339,0.00540106922489,0.000835160246372,0.00176922104824,0.0036812984544,0.0016263646903
Gen 182
exec_eq,integer_swap,integer_gte,boolean_shove,boolean_and,vector_integer_flush,integer_lt,vector_integer_pushall,exec_do*vector_integer,vector_integer_reverse,vector_integer_concat,vector_integer_occurrencesof,vector_integer_subvec,integer_eq,vector_integer_yankdup,exec_yankdup,vector_integer_yank,vector_integer_swap,vector_integer_shove,exec_when,vector_integer_rest,boolean_or,boolean_empty,vector_integer_emptyvector,exec_do*while,integer_rot,exec_stackdepth,exec_do*range,vector_integer_replacefirst,vector_integer_last,exec_shove,boolean_xor,boolean_yankdup,boolean_frominteger,exec_yank,vector_integer_indexof,vector_integer_length,integer_div,integer_mult,integer_min,integer_flush,integer_yank,vector_integer_set,integer_max,exec_dup,exec_k,exec_noop,exec_s,exec_y,boolean_rot,vector_integer_stackdepth,integer_yankdup,vector_integer_remove,vector_integer_empty,boolean_stackdepth,exec_do*times,integer_shove,vector_integer_nth,boolean_dup,boolean_not,integer_dup,boolean_flush,boolean_pop,exec_swap,boolean_swap,integer_add,exec_flush,integer_mod,integer_inc,boolean_invert_first_then_and,exec_rot,vector_integer_contains,integer_pop,exec_pop,vector_integer_eq,vector_integer_take,boolean_invert_second_then_and,integer_sub,vector_integer_rot,boolean_yank,integer_stackdepth,integer_dec,integer_gt,vector_integer_butlast,in1,vector_integer_pop,integer_lte,vector_integer_first,boolean_eq,exec_if,vector_integer_replace,exec_empty,exec_do*count,vector_integer_conj,exec_while,integer_fromboolean,integer_empty,vector_integer_dup
0.00521308626729,0.00109289020279,0.0010218523396,0.00124043038016,0.00471582122502,0.00144807951869,0.000535516199365,0.00531144638554,0.000781416494992,0.00351364200196,0.00171037316736,0.00165572865722,0.00210927809138,0.00193988010994,0.0024316807012,0.000748629788908,0.00422948508478,0.001961737914,0.00116939251698,0.00175408877547,0.0024316807012,0.00214206479746,0.0032568128043,0.00297266135158,0.000726771984853,0.00218578040557,0.00475953683313,0.000874312162229,0.0038852246709,0.00143715061666,0.000846989907159,0.00143715061666,0.00184151999169,0.00244807405424,0.00125135928219,0.00501090157977,0.0054152709548,0.000606554062546,0.00507647499194,0.00447538538041,0.00127868153726,0.00419123392768,0.00300544805766,0.00179233993257,0.00469396342096,0.000393440473003,0.00148633067579,0.00094535002541,0.000901634417298,0.0036885044344,0.00131693269436,0.00269943880088,0.00318577494112,0.00274315440899,0.00143715061666,0.00277594111508,0.00252457636844,0.00154643963694,0.00205463358124,0.000879776613243,0.00256282752553,0.00345899749182,0.002355178387,0.00212567144442,0.00319670384315,0.00184151999169,0.00487429030442,0.00538794869973,0.00542619985683,0.00226228271977,0.00324041945126,0.00383058016076,0.00132786159638,0.000852454358173,0.00277047666406,0.00277047666406,0.00287430123333,0.00456828104764,0.00414751831957,0.00148633067579,0.00148633067579,0.00520762181627,0.00181966218764,0.0010601034967,0.00546445101393,0.000830596554117,0.00259561423162,0.00209834918935,0.00426773624188,0.00191802230589,0.00377593565062,0.00458467440069,0.000546445101393,0.00538794869973,0.000666663023699,0.00175408877547,0.00389068912192,0.0016065485981
Gen 183
exec_eq,integer_swap,integer_gte,boolean_shove,boolean_and,vector_integer_flush,integer_lt,vector_integer_pushall,exec_do*vector_integer,vector_integer_reverse,vector_integer_concat,vector_integer_occurrencesof,vector_integer_subvec,integer_eq,vector_integer_yankdup,exec_yankdup,vector_integer_yank,vector_integer_swap,vector_integer_shove,exec_when,vector_integer_rest,boolean_or,boolean_empty,vector_integer_emptyvector,exec_do*while,integer_rot,exec_stackdepth,exec_do*range,vector_integer_replacefirst,vector_integer_last,exec_shove,boolean_xor,boolean_yankdup,boolean_frominteger,exec_yank,vector_integer_indexof,vector_integer_length,integer_div,integer_mult,integer_min,integer_flush,integer_yank,vector_integer_set,integer_max,exec_dup,exec_k,exec_noop,exec_s,exec_y,boolean_rot,vector_integer_stackdepth,integer_yankdup,vector_integer_remove,vector_integer_empty,boolean_stackdepth,exec_do*times,integer_shove,vector_integer_nth,boolean_dup,boolean_not,integer_dup,boolean_flush,boolean_pop,exec_swap,boolean_swap,integer_add,exec_flush,integer_mod,integer_inc,boolean_invert_first_then_and,exec_rot,vector_integer_contains,integer_pop,exec_pop,vector_integer_eq,vector_integer_take,boolean_invert_second_then_and,integer_sub,vector_integer_rot,boolean_yank,integer_stackdepth,integer_dec,integer_gt,vector_integer_butlast,in1,vector_integer_pop,integer_lte,vector_integer_first,boolean_eq,exec_if,vector_integer_replace,exec_empty,exec_do*count,vector_integer_conj,exec_while,integer_fromboolean,integer_empty,vector_integer_dup
0.00518475443068,0.00108151586133,0.00114129814512,0.00119021092277,0.00474453943185,0.00141303579872,0.000592388084847,0.00522823245526,0.000798908701583,0.00334780789235,0.00157607839088,0.00167933869925,0.00218477073494,0.00182064227912,0.00235868283325,0.000896734256879,0.00423367264308,0.00192933734056,0.00116847191048,0.0016684691931,0.00223911826566,0.00195651110592,0.00331519937392,0.00286954962201,0.000739126417791,0.00215216221651,0.00489671251787,0.000836951973087,0.00384780517497,0.00138042728029,0.000798908701583,0.00142390530486,0.00176085999533,0.00221737925337,0.00100542931832,0.00495649480166,0.00539670980049,0.000722822158575,0.00504345085081,0.00445106276596,0.00115760240433,0.00408693431014,0.00296737517731,0.00209781468579,0.00473910467878,0.000391302221184,0.00136412302107,0.000951081787599,0.00107064635518,0.00377171863196,0.00127173221885,0.00269020277064,0.00319020005326,0.00246737789469,0.00144564431715,0.00270650702985,0.00261411622763,0.00161955641545,0.00209237993272,0.000929342775311,0.00267389851142,0.00353802424987,0.00245650838854,0.00207064092043,0.00317933054712,0.00167390394617,0.00491845153015,0.00538040554127,0.0053749707882,0.00216303172265,0.00327172134934,0.00382063140961,0.00135325351493,0.000701083146287,0.00277715881979,0.00270107227678,0.00278802832593,0.0045217145559,0.004152151347,0.00154890462552,0.00147825283558,0.00517931967761,0.00191846783441,0.00116847191048,0.00542388356585,0.000826082466943,0.00270107227678,0.00209237993272,0.0044238890006,0.00184238129141,0.00369019733588,0.00445106276596,0.000472823517263,0.00531518850441,0.000701083146287,0.00167390394617,0.00401084776713,0.0016304259216
Gen 184
exec_eq,integer_swap,integer_gte,boolean_shove,boolean_and,vector_integer_flush,integer_lt,vector_integer_pushall,exec_do*vector_integer,vector_integer_reverse,vector_integer_concat,vector_integer_occurrencesof,vector_integer_subvec,integer_eq,vector_integer_yankdup,exec_yankdup,vector_integer_yank,vector_integer_swap,vector_integer_shove,exec_when,vector_integer_rest,boolean_or,boolean_empty,vector_integer_emptyvector,exec_do*while,integer_rot,exec_stackdepth,exec_do*range,vector_integer_replacefirst,vector_integer_last,exec_shove,boolean_xor,boolean_yankdup,boolean_frominteger,exec_yank,vector_integer_indexof,vector_integer_length,integer_div,integer_mult,integer_min,integer_flush,integer_yank,vector_integer_set,integer_max,exec_dup,exec_k,exec_noop,exec_s,exec_y,boolean_rot,vector_integer_stackdepth,integer_yankdup,vector_integer_remove,vector_integer_empty,boolean_stackdepth,exec_do*times,integer_shove,vector_integer_nth,boolean_dup,boolean_not,integer_dup,boolean_flush,boolean_pop,exec_swap,boolean_swap,integer_add,exec_flush,integer_mod,integer_inc,boolean_invert_first_then_and,exec_rot,vector_integer_contains,integer_pop,exec_pop,vector_integer_eq,vector_integer_take,boolean_invert_second_then_and,integer_sub,vector_integer_rot,boolean_yank,integer_stackdepth,integer_dec,integer_gt,vector_integer_butlast,in1,vector_integer_pop,integer_lte,vector_integer_first,boolean_eq,exec_if,vector_integer_replace,exec_empty,exec_do*count,vector_integer_conj,exec_while,integer_fromboolean,integer_empty,vector_integer_dup
0.00514591813017,0.000972967713688,0.00109188598981,0.00111891287074,0.00464321814477,0.00134053329441,0.000562159123464,0.00528105253485,0.000751347290015,0.00327565796942,0.00166485586564,0.00171890962752,0.00214052897011,0.00170809887514,0.00238377089854,0.000832427932822,0.00422700417836,0.00185944940838,0.00110810211837,0.00171890962752,0.00226485262242,0.00227025799861,0.00326484721704,0.00290809238869,0.000616212885336,0.00216215047486,0.00487024394463,0.000935130080378,0.0039134923595,0.00139458705629,0.000859454813758,0.0013891816801,0.00178917951795,0.00211890746537,0.000945940832752,0.00498375684456,0.00534051167291,0.000767563418576,0.00495672996362,0.00445402997822,0.00123242577067,0.00417835579267,0.00301079453625,0.00208106983205,0.00468105577808,0.00043783547116,0.00137837092772,0.00104864298031,0.00103783222793,0.00369187193583,0.00128107415636,0.00265403970789,0.00321079345517,0.00243782466041,0.0015135053324,0.0027351203507,0.00245944616516,0.00145404619434,0.00195674617975,0.000870265566132,0.00283782249826,0.00371349344058,0.00242701390803,0.00187026016076,0.00302160528862,0.00154593758953,0.00493510845887,0.00532429554435,0.00536753855385,0.00229728487954,0.00316755044567,0.00387565472619,0.00137837092772,0.00074053653764,0.00268106658883,0.00262701282696,0.00268647196502,0.0045459213734,0.00416213966411,0.00149728920384,0.00144864081816,0.00512429662542,0.00202701607018,0.00124864189923,0.00539997081097,0.000789184923325,0.00265403970789,0.00196215155594,0.00444321922584,0.00194593542738,0.00378376333101,0.00454051599721,0.000610807509149,0.00529726866341,0.000632429013897,0.00175134188464,0.00395132999281,0.00168647737039
Gen 185
exec_eq,integer_swap,integer_gte,boolean_shove,boolean_and,vector_integer_flush,integer_lt,vector_integer_pushall,exec_do*vector_integer,vector_integer_reverse,vector_integer_concat,vector_integer_occurrencesof,vector_integer_subvec,integer_eq,vector_integer_yankdup,exec_yankdup,vector_integer_yank,vector_integer_swap,vector_integer_shove,exec_when,vector_integer_rest,boolean_or,boolean_empty,vector_integer_emptyvector,exec_do*while,integer_rot,exec_stackdepth,exec_do*range,vector_integer_replacefirst,vector_integer_last,exec_shove,boolean_xor,boolean_yankdup,boolean_frominteger,exec_yank,vector_integer_indexof,vector_integer_length,integer_div,integer_mult,integer_min,integer_flush,integer_yank,vector_integer_set,integer_max,exec_dup,exec_k,exec_noop,exec_s,exec_y,boolean_rot,vector_integer_stackdepth,integer_yankdup,vector_integer_remove,vector_integer_empty,boolean_stackdepth,exec_do*times,integer_shove,vector_integer_nth,boolean_dup,boolean_not,integer_dup,boolean_flush,boolean_pop,exec_swap,boolean_swap,integer_add,exec_flush,integer_mod,integer_inc,boolean_invert_first_then_and,exec_rot,vector_integer_contains,integer_pop,exec_pop,vector_integer_eq,vector_integer_take,boolean_invert_second_then_and,integer_sub,vector_integer_rot,boolean_yank,integer_stackdepth,integer_dec,integer_gt,vector_integer_butlast,in1,vector_integer_pop,integer_lte,vector_integer_first,boolean_eq,exec_if,vector_integer_replace,exec_empty,exec_do*count,vector_integer_conj,exec_while,integer_fromboolean,integer_empty,vector_integer_dup
0.00515588625868,0.00111289724249,0.00117741302466,0.00124730512202,0.00470965209864,0.00130106827383,0.000623652561008,0.00523653098639,0.000865586744157,0.00332256278192,0.00146773404444,0.00163439981505,0.00197848398665,0.00172579717313,0.00234944973414,0.000865586744157,0.00430105214488,0.00185482873748,0.00128493932828,0.00163439981505,0.00228493395197,0.00219353659389,0.00339783119446,0.0027580496879,0.000602147300283,0.00205912871436,0.00494620996661,0.000983865678142,0.0038118074634,0.00128493932828,0.000844081483433,0.0015645077177,0.00198923661701,0.00219891290907,0.00102149988441,0.0048924468148,0.00533330465965,0.000677415712819,0.00499997311842,0.00447309423068,0.00114515513357,0.0039247100822,0.00301073650142,0.00221504185461,0.0045806205343,0.000532255202929,0.00152687351143,0.00112364987285,0.00103225251477,0.00367202326869,0.00135483142564,0.00279568389417,0.0030429943925,0.00219891290907,0.00144622878372,0.00280643652453,0.00241396551631,0.00155913140252,0.00214514975726,0.000822576222708,0.00308062859877,0.0036989048446,0.0025322444503,0.00180644190085,0.00303761807732,0.00148386298998,0.00495158628179,0.00530642308375,0.00535480992038,0.00232256815824,0.00320428384794,0.00399997849474,0.00157526034806,0.000693544658362,0.00277417863345,0.00262364180838,0.00258063128693,0.00451610475212,0.00393008639738,0.00161827086951,0.00154837877216,0.0050913704765,0.0019623550411,0.00132794984973,0.00537093886592,0.000763436755716,0.00259138391729,0.00213977344208,0.00431180477524,0.0018763339982,0.00376342062677,0.00441395476368,0.000532255202929,0.0052634125623,0.00063440519137,0.00165590507578,0.00394621534293,0.00162364718469
Gen 186
exec_eq,integer_swap,integer_gte,boolean_shove,boolean_and,vector_integer_flush,integer_lt,vector_integer_pushall,exec_do*vector_integer,vector_integer_reverse,vector_integer_concat,vector_integer_occurrencesof,vector_integer_subvec,integer_eq,vector_integer_yankdup,exec_yankdup,vector_integer_yank,vector_integer_swap,vector_integer_shove,exec_when,vector_integer_rest,boolean_or,boolean_empty,vector_integer_emptyvector,exec_do*while,integer_rot,exec_stackdepth,exec_do*range,vector_integer_replacefirst,vector_integer_last,exec_shove,boolean_xor,boolean_yankdup,boolean_frominteger,exec_yank,vector_integer_indexof,vector_integer_length,integer_div,integer_mult,integer_min,integer_flush,integer_yank,vector_integer_set,integer_max,exec_dup,exec_k,exec_noop,exec_s,exec_y,boolean_rot,vector_integer_stackdepth,integer_yankdup,vector_integer_remove,vector_integer_empty,boolean_stackdepth,exec_do*times,integer_shove,vector_integer_nth,boolean_dup,boolean_not,integer_dup,boolean_flush,boolean_pop,exec_swap,boolean_swap,integer_add,exec_flush,integer_mod,integer_inc,boolean_invert_first_then_and,exec_rot,vector_integer_contains,integer_pop,exec_pop,vector_integer_eq,vector_integer_take,boolean_invert_second_then_and,integer_sub,vector_integer_rot,boolean_yank,integer_stackdepth,integer_dec,integer_gt,vector_integer_butlast,in1,vector_integer_pop,integer_lte,vector_integer_first,boolean_eq,exec_if,vector_integer_replace,exec_empty,exec_do*count,vector_integer_conj,exec_while,integer_fromboolean,integer_empty,vector_integer_dup
0.00505344891204,0.00123528751183,0.00112298864712,0.00122993994685,0.00464703397308,0.00127272046674,0.000764701793039,0.00527269907648,0.000887695787723,0.00326201464163,0.00158822680093,0.00164705001578,0.00191977583008,0.00165774514575,0.00249196528361,0.000770049358025,0.00427270442404,0.00204811738975,0.001171116732,0.00174865375051,0.00232084320405,0.00225667242421,0.0031978438618,0.00277003866289,0.000609622408436,0.00203207469479,0.00493580248234,0.00111229351715,0.0037807284453,0.00141710472137,0.000919781177641,0.00157218410597,0.00182351966032,0.00217111138443,0.00100534221742,0.00483954631259,0.00531013203138,0.000684488318244,0.00503205865209,0.00446521676355,0.00140106202641,0.00386628948508,0.00289838022257,0.00234223346399,0.00460960101818,0.000577537018519,0.00128876316169,0.000999994652435,0.00101603734739,0.00372190523045,0.00134758637654,0.00285559970268,0.00287698996262,0.00203742225977,0.00154009871605,0.00271656301303,0.00258822145336,0.00131550098663,0.00219784920936,0.000903738482682,0.00281816674777,0.00359356367078,0.00249731284859,0.00175934888049,0.00309089256207,0.0013261961166,0.00488767439746,0.00528874177143,0.00532082716135,0.0022994529441,0.00329944759654,0.00397324078481,0.00128341559671,0.000866305527778,0.00272191057802,0.00272191057802,0.00282886187774,0.00447591189352,0.00385559435511,0.00145453767627,0.00164170245079,0.00506414404201,0.00225667242421,0.00131015342164,0.00532617472634,0.000823525007888,0.00240105667884,0.00202137956482,0.00427805198903,0.00189838557013,0.00383955166015,0.00431548494393,0.000508018673697,0.00525665638152,0.000807482312929,0.00162031219084,0.00403741156464,0.00160961706087
Gen 187
exec_eq,integer_swap,integer_gte,boolean_shove,boolean_and,vector_integer_flush,integer_lt,vector_integer_pushall,exec_do*vector_integer,vector_integer_reverse,vector_integer_concat,vector_integer_occurrencesof,vector_integer_subvec,integer_eq,vector_integer_yankdup,exec_yankdup,vector_integer_yank,vector_integer_swap,vector_integer_shove,exec_when,vector_integer_rest,boolean_or,boolean_empty,vector_integer_emptyvector,exec_do*while,integer_rot,exec_stackdepth,exec_do*range,vector_integer_replacefirst,vector_integer_last,exec_shove,boolean_xor,boolean_yankdup,boolean_frominteger,exec_yank,vector_integer_indexof,vector_integer_length,integer_div,integer_mult,integer_min,integer_flush,integer_yank,vector_integer_set,integer_max,exec_dup,exec_k,exec_noop,exec_s,exec_y,boolean_rot,vector_integer_stackdepth,integer_yankdup,vector_integer_remove,vector_integer_empty,boolean_stackdepth,exec_do*times,integer_shove,vector_integer_nth,boolean_dup,boolean_not,integer_dup,boolean_flush,boolean_pop,exec_swap,boolean_swap,integer_add,exec_flush,integer_mod,integer_inc,boolean_invert_first_then_and,exec_rot,vector_integer_contains,integer_pop,exec_pop,vector_integer_eq,vector_integer_take,boolean_invert_second_then_and,integer_sub,vector_integer_rot,boolean_yank,integer_stackdepth,integer_dec,integer_gt,vector_integer_butlast,in1,vector_integer_pop,integer_lte,vector_integer_first,boolean_eq,exec_if,vector_integer_replace,exec_empty,exec_do*count,vector_integer_conj,exec_while,integer_fromboolean,integer_empty,vector_integer_dup
0.00503188812825,0.00138297136717,0.00105318588731,0.00125531247174,0.0046169967181,0.00113297269695,0.00078722985516,0.00526592943655,0.000803187217089,0.00317551502386,0.00148403465939,0.00168084212318,0.00206913793012,0.00155318322775,0.00253190142606,0.000675528321658,0.00429784947952,0.00184041574247,0.00115956830017,0.00168084212318,0.00230317923841,0.00210105265398,0.00334040776379,0.00265424120084,0.00069680480423,0.0020053084824,0.00487763362961,0.00104254764602,0.00379253301844,0.00145211993553,0.000835101940947,0.00143084345296,0.00198403199983,0.00198403199983,0.000898931388663,0.00484039978511,0.0052978441604,0.000691485683587,0.00487231450897,0.00424465827309,0.00124467423046,0.00373402269137,0.00286700602656,0.00220211594619,0.0046542305626,0.000606379753299,0.0012872271956,0.000999994680879,0.00089361226802,0.00361168291658,0.00130318455753,0.00287764426785,0.00277658097563,0.00182977750118,0.00150531114196,0.00269147504535,0.00255849702927,0.00125531247174,0.00221807330812,0.00084042106159,0.00283509130271,0.00376061829458,0.00252126318477,0.00153190674518,0.00302657964585,0.00131382279881,0.00489891011218,0.00525529119526,0.00530316328105,0.00245211461641,0.00335636512572,0.00384572422487,0.00143084345296,0.000845740182233,0.00263296471827,0.00254785878799,0.002994664922,0.00443614661624,0.0038244477423,0.00167020388189,0.00165424651997,0.00496805868054,0.00226062627326,0.00152658762453,0.00531380152233,0.000867016664805,0.00238296604805,0.00210105265398,0.00411168025702,0.00187764958697,0.00392551103452,0.00412231849831,0.000489359099154,0.00523933383333,0.000744676890017,0.00157977883096,0.00378189477716,0.00173935245025
Gen 188
exec_eq,integer_swap,integer_gte,boolean_shove,boolean_and,vector_integer_flush,integer_lt,vector_integer_pushall,exec_do*vector_integer,vector_integer_reverse,vector_integer_concat,vector_integer_occurrencesof,vector_integer_subvec,integer_eq,vector_integer_yankdup,exec_yankdup,vector_integer_yank,vector_integer_swap,vector_integer_shove,exec_when,vector_integer_rest,boolean_or,boolean_empty,vector_integer_emptyvector,exec_do*while,integer_rot,exec_stackdepth,exec_do*range,vector_integer_replacefirst,vector_integer_last,exec_shove,boolean_xor,boolean_yankdup,boolean_frominteger,exec_yank,vector_integer_indexof,vector_integer_length,integer_div,integer_mult,integer_min,integer_flush,integer_yank,vector_integer_set,integer_max,exec_dup,exec_k,exec_noop,exec_s,exec_y,boolean_rot,vector_integer_stackdepth,integer_yankdup,vector_integer_remove,vector_integer_empty,boolean_stackdepth,exec_do*times,integer_shove,vector_integer_nth,boolean_dup,boolean_not,integer_dup,boolean_flush,boolean_pop,exec_swap,boolean_swap,integer_add,exec_flush,integer_mod,integer_inc,boolean_invert_first_then_and,exec_rot,vector_integer_contains,integer_pop,exec_pop,vector_integer_eq,vector_integer_take,boolean_invert_second_then_and,integer_sub,vector_integer_rot,boolean_yank,integer_stackdepth,integer_dec,integer_gt,vector_integer_butlast,in1,vector_integer_pop,integer_lte,vector_integer_first,boolean_eq,exec_if,vector_integer_replace,exec_empty,exec_do*count,vector_integer_conj,exec_while,integer_fromboolean,integer_empty,vector_integer_dup
0.00499997354511,0.00129099846033,0.00105819545928,0.00131745334681,0.00459256829329,0.00128570748303,0.000735445844202,0.00517986677319,0.00076719170798,0.00322220517352,0.00152909243866,0.00164020296189,0.00171956762134,0.00153438341596,0.00239152173798,0.000761900730684,0.00405817958635,0.0017777683716,0.0011745969598,0.00167723980296,0.00228570219205,0.00202644430453,0.00312167660489,0.00259257887524,0.000746027798795,0.00196824355427,0.00484653520352,0.00098941275443,0.00384654049449,0.00142327289274,0.000904757117687,0.00119046989169,0.00196824355427,0.00201586234993,0.00102115861821,0.0048782810673,0.00524864947805,0.000746027798795,0.00484124422622,0.00412167131391,0.0013227443241,0.00366135628912,0.00279363601251,0.00212697287316,0.00451849461114,0.000576716525309,0.00123808868736,0.000820101480945,0.00105290448199,0.00361902847075,0.00131216236951,0.00292061946762,0.0027989269898,0.00176189543971,0.00127512552844,0.00271427135306,0.00266665255739,0.00113226914143,0.00225395632827,0.00105290448199,0.00290474653573,0.00382008560801,0.00237564880609,0.00146030973381,0.00285183676277,0.00123279771007,0.00492589986296,0.00520632165967,0.00526981338723,0.00252379617039,0.00329627885567,0.00389415929016,0.00149734657489,0.000910048094984,0.00237564880609,0.00253437812498,0.00305818487733,0.00443912995169,0.00374072094857,0.00167194882567,0.0016190390527,0.00489415399919,0.00225395632827,0.00135449018788,0.00528039534182,0.000920630049576,0.00217459166883,0.0020634811456,0.00405817958635,0.00175131348511,0.00385183147179,0.0041375442458,0.000423278183713,0.00522748556886,0.000746027798795,0.00149205559759,0.00380421267612,0.00173014957593
Gen 189
exec_eq,integer_swap,integer_gte,boolean_shove,boolean_and,vector_integer_flush,integer_lt,vector_integer_pushall,exec_do*vector_integer,vector_integer_reverse,vector_integer_concat,vector_integer_occurrencesof,vector_integer_subvec,integer_eq,vector_integer_yankdup,exec_yankdup,vector_integer_yank,vector_integer_swap,vector_integer_shove,exec_when,vector_integer_rest,boolean_or,boolean_empty,vector_integer_emptyvector,exec_do*while,integer_rot,exec_stackdepth,exec_do*range,vector_integer_replacefirst,vector_integer_last,exec_shove,boolean_xor,boolean_yankdup,boolean_frominteger,exec_yank,vector_integer_indexof,vector_integer_length,integer_div,integer_mult,integer_min,integer_flush,integer_yank,vector_integer_set,integer_max,exec_dup,exec_k,exec_noop,exec_s,exec_y,boolean_rot,vector_integer_stackdepth,integer_yankdup,vector_integer_remove,vector_integer_empty,boolean_stackdepth,exec_do*times,integer_shove,vector_integer_nth,boolean_dup,boolean_not,integer_dup,boolean_flush,boolean_pop,exec_swap,boolean_swap,integer_add,exec_flush,integer_mod,integer_inc,boolean_invert_first_then_and,exec_rot,vector_integer_contains,integer_pop,exec_pop,vector_integer_eq,vector_integer_take,boolean_invert_second_then_and,integer_sub,vector_integer_rot,boolean_yank,integer_stackdepth,integer_dec,integer_gt,vector_integer_butlast,in1,vector_integer_pop,integer_lte,vector_integer_first,boolean_eq,exec_if,vector_integer_replace,exec_empty,exec_do*count,vector_integer_conj,exec_while,integer_fromboolean,integer_empty,vector_integer_dup
0.00487892168989,0.00135788759007,0.00103157351803,0.00136841385045,0.00447892379514,0.00117367803327,0.000968415955705,0.00521576202231,0.000731575096973,0.00314735185604,0.00169472792248,0.00155262340725,0.00171051731307,0.0015894653186,0.00240525049868,0.000789469529108,0.00399997894748,0.00179999052637,0.00117894116347,0.00166314914132,0.0021263045984,0.00220525155131,0.00289998473692,0.00253682875353,0.000863153351824,0.00199998947374,0.00490523734086,0.00115788864269,0.00383682191146,0.00138946637123,0.000884205872601,0.00135262445987,0.00191051626044,0.00199472634355,0.00101052099726,0.00475260656523,0.00524207767328,0.000705259446003,0.00464734396135,0.00419471476466,0.00144736080336,0.00354734975079,0.00274735396129,0.00223683033247,0.00449471318572,0.000505260498629,0.00149472897511,0.000852627091436,0.000836837700854,0.00341577149594,0.00134736132968,0.0028315640444,0.00259472318567,0.00156841279783,0.00139472950142,0.00262103883664,0.00254735501392,0.000984205346288,0.00228946163441,0.000936837174541,0.00291051099731,0.00367892800564,0.00237893484771,0.0014157820222,0.00278945900285,0.00128946689754,0.00488944795027,0.00518418324114,0.00525260393366,0.00252630249314,0.00324208819954,0.00375787495855,0.00145262393356,0.000810522049884,0.00239472423829,0.00252630249314,0.0029157741275,0.0045157657065,0.00385787443224,0.00186314808869,0.00172630670365,0.00491576360124,0.00233156667596,0.00156841279783,0.00526313019405,0.0009736790859,0.00234735606655,0.00208419955684,0.00405787337961,0.00189472686986,0.00376840121894,0.00422103041563,0.000394734764554,0.00515260445998,0.000784206398914,0.00149472897511,0.00384734817185,0.00172630670365
Gen 190
exec_eq,integer_swap,integer_gte,boolean_shove,boolean_and,vector_integer_flush,integer_lt,vector_integer_pushall,exec_do*vector_integer,vector_integer_reverse,vector_integer_concat,vector_integer_occurrencesof,vector_integer_subvec,integer_eq,vector_integer_yankdup,exec_yankdup,vector_integer_yank,vector_integer_swap,vector_integer_shove,exec_when,vector_integer_rest,boolean_or,boolean_empty,vector_integer_emptyvector,exec_do*while,integer_rot,exec_stackdepth,exec_do*range,vector_integer_replacefirst,vector_integer_last,exec_shove,boolean_xor,boolean_yankdup,boolean_frominteger,exec_yank,vector_integer_indexof,vector_integer_length,integer_div,integer_mult,integer_min,integer_flush,integer_yank,vector_integer_set,integer_max,exec_dup,exec_k,exec_noop,exec_s,exec_y,boolean_rot,vector_integer_stackdepth,integer_yankdup,vector_integer_remove,vector_integer_empty,boolean_stackdepth,exec_do*times,integer_shove,vector_integer_nth,boolean_dup,boolean_not,integer_dup,boolean_flush,boolean_pop,exec_swap,boolean_swap,integer_add,exec_flush,integer_mod,integer_inc,boolean_invert_first_then_and,exec_rot,vector_integer_contains,integer_pop,exec_pop,vector_integer_eq,vector_integer_take,boolean_invert_second_then_and,integer_sub,vector_integer_rot,boolean_yank,integer_stackdepth,integer_dec,integer_gt,vector_integer_butlast,in1,vector_integer_pop,integer_lte,vector_integer_first,boolean_eq,exec_if,vector_integer_replace,exec_empty,exec_do*count,vector_integer_conj,exec_while,integer_fromboolean,integer_empty,vector_integer_dup
0.00487955560442,0.00131936482008,0.00112564855681,0.00129318694667,0.00452353652599,0.00125653792389,0.000984288040377,0.00516751221198,0.000691095858137,0.00309946021225,0.00158637912891,0.00156020125549,0.00166491274915,0.0016492060251,0.00245024895158,0.000890047696085,0.0039999790577,0.00186910016178,0.00118847545301,0.00165444159978,0.00230365286046,0.00224606153894,0.00303139774137,0.00257066716928,0.00084292752394,0.00188480688583,0.00483767100696,0.00103664378721,0.00390573871341,0.00152878780739,0.00104187936189,0.00149213878461,0.00213087889592,0.00205758085036,0.00105758608594,0.00476960853608,0.00519892566008,0.000743451604965,0.00461777687028,0.00419893089565,0.0013141292454,0.00351830618688,0.00264920078952,0.00222511924021,0.00467536819179,0.000408374825263,0.00161255700232,0.000748687179648,0.000910989994817,0.00347642158942,0.00124606677452,0.00281150360469,0.0025968450427,0.00158637912891,0.00124083119984,0.00264920078952,0.0024135999288,0.000947639017597,0.00230365286046,0.000848163098623,0.00306804676415,0.00369108015141,0.00252878257182,0.00142931188842,0.00282197475406,0.00124606677452,0.0049162046272,0.00517274778666,0.00521986795881,0.00268061423762,0.00332458992361,0.00375390704761,0.00159685027827,0.000759158329014,0.00246595567562,0.00247642682499,0.00287433050089,0.00453400767535,0.00382196951848,0.00165444159978,0.00178009539217,0.00485861330569,0.00227747498704,0.00157067240486,0.00522510353349,0.00100523033911,0.00227747498704,0.00192145590861,0.00402092135643,0.00172773964534,0.00379579164507,0.00405233480453,0.00032984120502,0.00509421416642,0.000853398673305,0.00152355223271,0.00378008492102,0.00172773964534
Gen 191
exec_eq,integer_swap,integer_gte,boolean_shove,boolean_and,vector_integer_flush,integer_lt,vector_integer_pushall,exec_do*vector_integer,vector_integer_reverse,vector_integer_concat,vector_integer_occurrencesof,vector_integer_subvec,integer_eq,vector_integer_yankdup,exec_yankdup,vector_integer_yank,vector_integer_swap,vector_integer_shove,exec_when,vector_integer_rest,boolean_or,boolean_empty,vector_integer_emptyvector,exec_do*while,integer_rot,exec_stackdepth,exec_do*range,vector_integer_replacefirst,vector_integer_last,exec_shove,boolean_xor,boolean_yankdup,boolean_frominteger,exec_yank,vector_integer_indexof,vector_integer_length,integer_div,integer_mult,integer_min,integer_flush,integer_yank,vector_integer_set,integer_max,exec_dup,exec_k,exec_noop,exec_s,exec_y,boolean_rot,vector_integer_stackdepth,integer_yankdup,vector_integer_remove,vector_integer_empty,boolean_stackdepth,exec_do*times,integer_shove,vector_integer_nth,boolean_dup,boolean_not,integer_dup,boolean_flush,boolean_pop,exec_swap,boolean_swap,integer_add,exec_flush,integer_mod,integer_inc,boolean_invert_first_then_and,exec_rot,vector_integer_contains,integer_pop,exec_pop,vector_integer_eq,vector_integer_take,boolean_invert_second_then_and,integer_sub,vector_integer_rot,boolean_yank,integer_stackdepth,integer_dec,integer_gt,vector_integer_butlast,in1,vector_integer_pop,integer_lte,vector_integer_first,boolean_eq,exec_if,vector_integer_replace,exec_empty,exec_do*count,vector_integer_conj,exec_while,integer_fromboolean,integer_empty,vector_integer_dup
0.00485414138468,0.00134374300134,0.00103645293514,0.00144270081927,0.00445831011297,0.00152082541237,0.00113541075307,0.00508851516398,0.000708329644116,0.00309894219301,0.00164582476133,0.00165103306754,0.00156249186202,0.00172915766064,0.00244790391717,0.000906245279973,0.00399477086057,0.00184374039719,0.0013177014703,0.00166144967995,0.00219269691304,0.00234894609924,0.00297394284405,0.0026249863282,0.000911453586179,0.00198436466477,0.00479685001641,0.000994786485487,0.00390102134885,0.00151040879995,0.000885412055146,0.00142186759444,0.00198436466477,0.00194790652132,0.00118749381514,0.00480726662882,0.00516663975708,0.000723954562737,0.00450518486883,0.00416664496539,0.00124999348962,0.0036353977323,0.00276040228957,0.00226040489372,0.00451560148124,0.000390622965505,0.00165103306754,0.000796870849631,0.000895828667559,0.00352602330196,0.00129686824548,0.00273436075854,0.00247915375441,0.00153124202478,0.00129686824548,0.00263540294061,0.00243748730475,0.000921870198593,0.00226040489372,0.000937495117213,0.00296873453784,0.00376039708127,0.0025520700413,0.00163019984271,0.00276040228957,0.00124478518341,0.00476039187296,0.00513018161364,0.0051822646757,0.00274998567716,0.0030885255806,0.00372914724402,0.00153124202478,0.000760412706184,0.00233852948683,0.00264061124682,0.00294790131301,0.00451560148124,0.00382810506195,0.00163019984271,0.00167707459857,0.00486455799709,0.00228644642476,0.00152082541237,0.00519788959433,0.000932286811006,0.00211978062614,0.00192186499029,0.00395310441091,0.00176040749788,0.00362498111989,0.00416664496539,0.000354164822058,0.00508851516398,0.000765621012391,0.00141145098203,0.003552064833,0.00170832443581
Gen 192
exec_eq,integer_swap,integer_gte,boolean_shove,boolean_and,vector_integer_flush,integer_lt,vector_integer_pushall,exec_do*vector_integer,vector_integer_reverse,vector_integer_concat,vector_integer_occurrencesof,vector_integer_subvec,integer_eq,vector_integer_yankdup,exec_yankdup,vector_integer_yank,vector_integer_swap,vector_integer_shove,exec_when,vector_integer_rest,boolean_or,boolean_empty,vector_integer_emptyvector,exec_do*while,integer_rot,exec_stackdepth,exec_do*range,vector_integer_replacefirst,vector_integer_last,exec_shove,boolean_xor,boolean_yankdup,boolean_frominteger,exec_yank,vector_integer_indexof,vector_integer_length,integer_div,integer_mult,integer_min,integer_flush,integer_yank,vector_integer_set,integer_max,exec_dup,exec_k,exec_noop,exec_s,exec_y,boolean_rot,vector_integer_stackdepth,integer_yankdup,vector_integer_remove,vector_integer_empty,boolean_stackdepth,exec_do*times,integer_shove,vector_integer_nth,boolean_dup,boolean_not,integer_dup,boolean_flush,boolean_pop,exec_swap,boolean_swap,integer_add,exec_flush,integer_mod,integer_inc,boolean_invert_first_then_and,exec_rot,vector_integer_contains,integer_pop,exec_pop,vector_integer_eq,vector_integer_take,boolean_invert_second_then_and,integer_sub,vector_integer_rot,boolean_yank,integer_stackdepth,integer_dec,integer_gt,vector_integer_butlast,in1,vector_integer_pop,integer_lte,vector_integer_first,boolean_eq,exec_if,vector_integer_replace,exec_empty,exec_do*count,vector_integer_conj,exec_while,integer_fromboolean,integer_empty,vector_integer_dup
0.00484453448428,0.00126942347449,0.0010259014202,0.00148185760696,0.00454401790664,0.00148185760696,0.00110880254506,0.00509323785887,0.000611395795877,0.0030777042606,0.00151812684908,0.0016632038176,0.00157512137243,0.0016632038176,0.00257511619111,0.000927456334423,0.00412951228232,0.00176683022368,0.00132641799783,0.00163729721608,0.00209325340283,0.00221242376983,0.00285490748753,0.00246630846472,0.0010310827405,0.00184455002824,0.00477717732032,0.000989632178072,0.00375645722043,0.00150776420848,0.00101035745929,0.00139895648209,0.0020518028404,0.00201035227797,0.00122797291206,0.00472018279698,0.00514505106191,0.000715022201958,0.00449738602391,0.00412951228232,0.00123833555267,0.00364764949404,0.00263729203476,0.00236268205864,0.0044922047036,0.00032124185885,0.00168911041912,0.000922275014119,0.000979269537464,0.00356474836918,0.00133678063844,0.00283418220631,0.00220724244952,0.00144558836483,0.00141968176331,0.0026891052378,0.00242485790229,0.000844555209558,0.0021761545277,0.000953362935943,0.00304143501847,0.00375127590012,0.00253366562868,0.00176164890337,0.00289117672965,0.00135750591966,0.00477717732032,0.005129507101,0.00515023238222,0.00275646240175,0.00305179765908,0.0035906549707,0.00146113232574,0.000585489194357,0.00246112714442,0.00258547883172,0.00297407785452,0.00455438054725,0.00379790778286,0.00168911041912,0.00182382474702,0.00483417184367,0.00240413262107,0.00157512137243,0.00517613898374,0.000953362935943,0.00206734680131,0.00173056098155,0.00383935834529,0.00162693457547,0.00361656157222,0.00417096284475,0.000440412225843,0.00502588069492,0.000689115600437,0.00134714327905,0.00350775384583,0.00167874777851
Gen 193
exec_eq,integer_swap,integer_gte,boolean_shove,boolean_and,vector_integer_flush,integer_lt,vector_integer_pushall,exec_do*vector_integer,vector_integer_reverse,vector_integer_concat,vector_integer_occurrencesof,vector_integer_subvec,integer_eq,vector_integer_yankdup,exec_yankdup,vector_integer_yank,vector_integer_swap,vector_integer_shove,exec_when,vector_integer_rest,boolean_or,boolean_empty,vector_integer_emptyvector,exec_do*while,integer_rot,exec_stackdepth,exec_do*range,vector_integer_replacefirst,vector_integer_last,exec_shove,boolean_xor,boolean_yankdup,boolean_frominteger,exec_yank,vector_integer_indexof,vector_integer_length,integer_div,integer_mult,integer_min,integer_flush,integer_yank,vector_integer_set,integer_max,exec_dup,exec_k,exec_noop,exec_s,exec_y,boolean_rot,vector_integer_stackdepth,integer_yankdup,vector_integer_remove,vector_integer_empty,boolean_stackdepth,exec_do*times,integer_shove,vector_integer_nth,boolean_dup,boolean_not,integer_dup,boolean_flush,boolean_pop,exec_swap,boolean_swap,integer_add,exec_flush,integer_mod,integer_inc,boolean_invert_first_then_and,exec_rot,vector_integer_contains,integer_pop,exec_pop,vector_integer_eq,vector_integer_take,boolean_invert_second_then_and,integer_sub,vector_integer_rot,boolean_yank,integer_stackdepth,integer_dec,integer_gt,vector_integer_butlast,in1,vector_integer_pop,integer_lte,vector_integer_first,boolean_eq,exec_if,vector_integer_replace,exec_empty,exec_do*count,vector_integer_conj,exec_while,integer_fromboolean,integer_empty,vector_integer_dup
0.00484018123618,0.00118040628657,0.00106185019665,0.00136597234035,0.00441234838996,0.00139690001598,0.00115978783615,0.00500512883954,0.000634017350426,0.00302575759919,0.0016237029706,0.00159277529497,0.00169071293447,0.00168555832186,0.00247936866305,0.000814428791604,0.00411338085886,0.00168555832186,0.00129380776388,0.00165978525884,0.00208246349246,0.00224225648321,0.00289689228406,0.00245875021263,0.00104123174623,0.00199483507817,0.00474224359668,0.000896902593286,0.00369585723785,0.00146906459245,0.00103092252102,0.00136597234035,0.00204638120422,0.00193813433951,0.00126288008825,0.00463915134458,0.00512883954206,0.000721645764713,0.00442265761517,0.00397420631852,0.00115978783615,0.00360307421096,0.00270101700507,0.00226802954624,0.0044535852908,0.000386595945382,0.00167009448405,0.00102576790841,0.000804119566394,0.00349482734625,0.00118040628657,0.00280926386977,0.00240204947397,0.00154122916892,0.00134019927732,0.00277833619414,0.00239689486137,0.000917521043706,0.00205669042943,0.000963912557152,0.00294843841011,0.00392266019247,0.00249998711347,0.00168555832186,0.00290204689667,0.00136081772774,0.00471647053366,0.00509275725383,0.00509275725383,0.00277833619414,0.00317008675213,0.00355152808491,0.00158246606976,0.000639171963031,0.00241751331179,0.00248452327565,0.0029381291849,0.00458245060592,0.00379379487735,0.00164947603363,0.00187627898825,0.0047628620471,0.00220101958237,0.00157731145716,0.00514945799248,0.000855665692445,0.00197937124035,0.00171133138489,0.00395874248071,0.00158246606976,0.00356183731012,0.00419585466054,0.000474224359668,0.00499481961433,0.000670099638662,0.00135566311514,0.00330410667986,0.00168040370926
Gen 194
exec_eq,integer_swap,integer_gte,boolean_shove,boolean_and,vector_integer_flush,integer_lt,vector_integer_pushall,exec_do*vector_integer,vector_integer_reverse,vector_integer_concat,vector_integer_occurrencesof,vector_integer_subvec,integer_eq,vector_integer_yankdup,exec_yankdup,vector_integer_yank,vector_integer_swap,vector_integer_shove,exec_when,vector_integer_rest,boolean_or,boolean_empty,vector_integer_emptyvector,exec_do*while,integer_rot,exec_stackdepth,exec_do*range,vector_integer_replacefirst,vector_integer_last,exec_shove,boolean_xor,boolean_yankdup,boolean_frominteger,exec_yank,vector_integer_indexof,vector_integer_length,integer_div,integer_mult,integer_min,integer_flush,integer_yank,vector_integer_set,integer_max,exec_dup,exec_k,exec_noop,exec_s,exec_y,boolean_rot,vector_integer_stackdepth,integer_yankdup,vector_integer_remove,vector_integer_empty,boolean_stackdepth,exec_do*times,integer_shove,vector_integer_nth,boolean_dup,boolean_not,integer_dup,boolean_flush,boolean_pop,exec_swap,boolean_swap,integer_add,exec_flush,integer_mod,integer_inc,boolean_invert_first_then_and,exec_rot,vector_integer_contains,integer_pop,exec_pop,vector_integer_eq,vector_integer_take,boolean_invert_second_then_and,integer_sub,vector_integer_rot,boolean_yank,integer_stackdepth,integer_dec,integer_gt,vector_integer_butlast,in1,vector_integer_pop,integer_lte,vector_integer_first,boolean_eq,exec_if,vector_integer_replace,exec_empty,exec_do*count,vector_integer_conj,exec_while,integer_fromboolean,integer_empty,vector_integer_dup
0.00481535992123,0.00121025020385,0.000999994871821,0.00141024917821,0.00445125922431,0.00156922272193,0.000979482156502,0.00502561525326,0.000733329572669,0.00303075368844,0.00163076086789,0.00163076086789,0.00152306911247,0.00158460725842,0.00248716673248,0.000820508612776,0.00413331213686,0.00177947805396,0.00114871205789,0.00181024712694,0.00191793888236,0.00228203957928,0.00289229286004,0.00254357669961,0.00107178937544,0.00198973338598,0.004671770914,0.000902559474054,0.00391280044718,0.00144614643002,0.000907687652884,0.00131281378044,0.00203075881662,0.00201537428013,0.0012717883498,0.00457433551623,0.00510766611453,0.00070256049969,0.00446151558197,0.00410767124271,0.00124614745565,0.00366664786334,0.00267690934918,0.00234357772524,0.0045179255491,0.000446151558197,0.00161024815257,0.000841021328096,0.000923072189373,0.00365126332685,0.00138973646289,0.00282049835642,0.00231793683109,0.00148717186066,0.00129742924395,0.00280511381993,0.00225127050631,0.000784611360967,0.0021128096779,0.000994866692991,0.00305639458259,0.00388715955303,0.0025589612361,0.00183075984226,0.00295383100599,0.00114871205789,0.00473843723878,0.00508715339921,0.00505638432623,0.00282049835642,0.00292306193302,0.003676904221,0.00147178732417,0.000666663247881,0.00237947497705,0.00271793477982,0.00310254819206,0.00451279737027,0.00359998153856,0.00181537530577,0.00197434884949,0.00477946266942,0.00236921861939,0.00153845364896,0.00512817882985,0.000728201393839,0.00186665709407,0.00175383715981,0.00377433961877,0.00154358182779,0.0035897251809,0.00421536299814,0.000466664273517,0.00500510253794,0.000599996923093,0.00127691652863,0.00341023892185,0.00185127255758
Gen 195
exec_eq,integer_swap,integer_gte,boolean_shove,boolean_and,vector_integer_flush,integer_lt,vector_integer_pushall,exec_do*vector_integer,vector_integer_reverse,vector_integer_concat,vector_integer_occurrencesof,vector_integer_subvec,integer_eq,vector_integer_yankdup,exec_yankdup,vector_integer_yank,vector_integer_swap,vector_integer_shove,exec_when,vector_integer_rest,boolean_or,boolean_empty,vector_integer_emptyvector,exec_do*while,integer_rot,exec_stackdepth,exec_do*range,vector_integer_replacefirst,vector_integer_last,exec_shove,boolean_xor,boolean_yankdup,boolean_frominteger,exec_yank,vector_integer_indexof,vector_integer_length,integer_div,integer_mult,integer_min,integer_flush,integer_yank,vector_integer_set,integer_max,exec_dup,exec_k,exec_noop,exec_s,exec_y,boolean_rot,vector_integer_stackdepth,integer_yankdup,vector_integer_remove,vector_integer_empty,boolean_stackdepth,exec_do*times,integer_shove,vector_integer_nth,boolean_dup,boolean_not,integer_dup,boolean_flush,boolean_pop,exec_swap,boolean_swap,integer_add,exec_flush,integer_mod,integer_inc,boolean_invert_first_then_and,exec_rot,vector_integer_contains,integer_pop,exec_pop,vector_integer_eq,vector_integer_take,boolean_invert_second_then_and,integer_sub,vector_integer_rot,boolean_yank,integer_stackdepth,integer_dec,integer_gt,vector_integer_butlast,in1,vector_integer_pop,integer_lte,vector_integer_first,boolean_eq,exec_if,vector_integer_replace,exec_empty,exec_do*count,vector_integer_conj,exec_while,integer_fromboolean,integer_empty,vector_integer_dup
0.00476528180979,0.00125509563727,0.00100509691277,0.00134693190341,0.00445405890786,0.00155611450962,0.00102040295713,0.00498466844557,0.000658159907347,0.00294386253131,0.00146938025826,0.00155101249483,0.00157142055398,0.00149999234698,0.00254590537803,0.000979586838843,0.00407650981373,0.00181631726369,0.00113264728241,0.00170917495319,0.0018112152489,0.00219386635782,0.0029846786496,0.00247447717103,0.00113264728241,0.00192345957419,0.00475507778022,0.00087754654313,0.00382140907444,0.00143876816955,0.000785710276988,0.00131121779991,0.00204590792904,0.00183672532283,0.00123978959291,0.00468364957322,0.00505099463778,0.000663261922133,0.00446426293743,0.00395406145887,0.00130101377034,0.00347957408381,0.00265304768853,0.0022397844909,0.0046530374845,0.000408161182851,0.00143366615476,0.000903056617058,0.000918362661415,0.00342345192116,0.00134182988862,0.00302549476788,0.00235713083097,0.00149489033219,0.00113264728241,0.00273978193989,0.00232141672747,0.000897954602272,0.00203060188468,0.00106121907541,0.00301529073831,0.00389793929623,0.00249488523018,0.00186733741154,0.00287243432431,0.00115815735634,0.0047244656915,0.00505099463778,0.00502548456385,0.00276018999903,0.00298978066438,0.0036938587048,0.00142856413998,0.000714282069989,0.00241325299361,0.00258161948153,0.00283161820603,0.00447446696701,0.00353059423166,0.00192856158897,0.00204590792904,0.00472956770629,0.00237243687532,0.00160203264269,0.00509691277085,0.000744894158703,0.00173468502712,0.0016326447314,0.00384691914837,0.00149999234698,0.00366834863087,0.0041938561538,0.000571425655992,0.00499487247514,0.000617343789062,0.00132142182948,0.00328059550717,0.00205100994383
Gen 196
exec_eq,integer_swap,integer_gte,boolean_shove,boolean_and,vector_integer_flush,integer_lt,vector_integer_pushall,exec_do*vector_integer,vector_integer_reverse,vector_integer_concat,vector_integer_occurrencesof,vector_integer_subvec,integer_eq,vector_integer_yankdup,exec_yankdup,vector_integer_yank,vector_integer_swap,vector_integer_shove,exec_when,vector_integer_rest,boolean_or,boolean_empty,vector_integer_emptyvector,exec_do*while,integer_rot,exec_stackdepth,exec_do*range,vector_integer_replacefirst,vector_integer_last,exec_shove,boolean_xor,boolean_yankdup,boolean_frominteger,exec_yank,vector_integer_indexof,vector_integer_length,integer_div,integer_mult,integer_min,integer_flush,integer_yank,vector_integer_set,integer_max,exec_dup,exec_k,exec_noop,exec_s,exec_y,boolean_rot,vector_integer_stackdepth,integer_yankdup,vector_integer_remove,vector_integer_empty,boolean_stackdepth,exec_do*times,integer_shove,vector_integer_nth,boolean_dup,boolean_not,integer_dup,boolean_flush,boolean_pop,exec_swap,boolean_swap,integer_add,exec_flush,integer_mod,integer_inc,boolean_invert_first_then_and,exec_rot,vector_integer_contains,integer_pop,exec_pop,vector_integer_eq,vector_integer_take,boolean_invert_second_then_and,integer_sub,vector_integer_rot,boolean_yank,integer_stackdepth,integer_dec,integer_gt,vector_integer_butlast,in1,vector_integer_pop,integer_lte,vector_integer_first,boolean_eq,exec_if,vector_integer_replace,exec_empty,exec_do*count,vector_integer_conj,exec_while,integer_fromboolean,integer_empty,vector_integer_dup
0.00471571210298,0.00122334404394,0.000969538225694,0.00130456190578,0.00442637347019,0.00169542286587,0.00109644113482,0.00489845229212,0.000517763869219,0.00312181156441,0.00145176928036,0.00153806325856,0.00165481393495,0.00148730209491,0.00272587448795,0.00108121278572,0.00395937076462,0.00175633626225,0.00101014715661,0.001822325775,0.00204567489505,0.00226394789874,0.002949223608,0.00262435216065,0.00116243064756,0.0018933914041,0.00480200608119,0.000807102502018,0.0038172395064,0.00132486637124,0.000791874152923,0.0013451708367,0.00210151217507,0.0020964360587,0.00125887685849,0.00471571210298,0.0050456596667,0.000664971243801,0.00448728686656,0.00399997969553,0.00118273511302,0.00359896650271,0.00254313429881,0.0023705463424,0.00452789579748,0.000309643098258,0.00145684539672,0.000802026385653,0.000979690458424,0.00350759640814,0.00123349627667,0.00289338632799,0.00249237313516,0.00162435723677,0.00101014715661,0.00269034167339,0.00235024187694,0.000888320363856,0.002197958386,0.00108628890209,0.0031522682626,0.00389845736824,0.00231978517876,0.00182740189136,0.00289846244435,0.00101522327298,0.00470555987025,0.00501520296851,0.0050456596667,0.0028477012807,0.00299998477165,0.00363957543363,0.00154821549129,0.000634514545611,0.00211166440779,0.00261927604428,0.00281724458251,0.00434515560835,0.00330962786991,0.00194922868412,0.00221826285146,0.00462941812478,0.00240100304059,0.00167511840041,0.00507611636489,0.000725884640179,0.00169034674951,0.00159897665494,0.00382231562276,0.00139085588398,0.00374109776093,0.0041065781392,0.000548220567408,0.00491875675758,0.000553296683773,0.0013299424876,0.00341622631357,0.00213196887325
Gen 197
exec_eq,integer_swap,integer_gte,boolean_shove,boolean_and,vector_integer_flush,integer_lt,vector_integer_pushall,exec_do*vector_integer,vector_integer_reverse,vector_integer_concat,vector_integer_occurrencesof,vector_integer_subvec,integer_eq,vector_integer_yankdup,exec_yankdup,vector_integer_yank,vector_integer_swap,vector_integer_shove,exec_when,vector_integer_rest,boolean_or,boolean_empty,vector_integer_emptyvector,exec_do*while,integer_rot,exec_stackdepth,exec_do*range,vector_integer_replacefirst,vector_integer_last,exec_shove,boolean_xor,boolean_yankdup,boolean_frominteger,exec_yank,vector_integer_indexof,vector_integer_length,integer_div,integer_mult,integer_min,integer_flush,integer_yank,vector_integer_set,integer_max,exec_dup,exec_k,exec_noop,exec_s,exec_y,boolean_rot,vector_integer_stackdepth,integer_yankdup,vector_integer_remove,vector_integer_empty,boolean_stackdepth,exec_do*times,integer_shove,vector_integer_nth,boolean_dup,boolean_not,integer_dup,boolean_flush,boolean_pop,exec_swap,boolean_swap,integer_add,exec_flush,integer_mod,integer_inc,boolean_invert_first_then_and,exec_rot,vector_integer_contains,integer_pop,exec_pop,vector_integer_eq,vector_integer_take,boolean_invert_second_then_and,integer_sub,vector_integer_rot,boolean_yank,integer_stackdepth,integer_dec,integer_gt,vector_integer_butlast,in1,vector_integer_pop,integer_lte,vector_integer_first,boolean_eq,exec_if,vector_integer_replace,exec_empty,exec_do*count,vector_integer_conj,exec_while,integer_fromboolean,integer_empty,vector_integer_dup
0.0045302801501,0.0011616102949,0.000858581522316,0.00140908379251,0.00428785713203,0.00180807167641,0.00103029782678,0.00490401563628,0.000494946995217,0.00316665067348,0.00151009338337,0.00161110297423,0.00155554769925,0.00142423523114,0.00272220847369,0.00104039878586,0.00381816253453,0.0016313048924,0.00107575214267,0.00188382886955,0.00197978798087,0.00220200908076,0.00304543916445,0.00229291771254,0.00112120645855,0.0017373649628,0.00479290508634,0.000858581522316,0.00385351589133,0.00139393235388,0.000838379604143,0.00128282180393,0.00202019181721,0.00218685764213,0.00151009338337,0.00457573446599,0.00502017666577,0.000727269054197,0.00452522967056,0.00395957596174,0.000984843510891,0.0036615976687,0.00252018929197,0.00237877586477,0.0045656335069,0.000313129731668,0.00142423523114,0.000641410901965,0.00099999494952,0.00353533568012,0.00129292276302,0.00281311710547,0.00226766531482,0.00132827611982,0.000964641592719,0.00272725895324,0.00218685764213,0.00089898535866,0.00211615092853,0.0010909035813,0.00323735738708,0.00394442452311,0.00233332154888,0.00186867743092,0.00266160271918,0.0011262569381,0.00472724885228,0.00498482330897,0.00501007570669,0.00298483340993,0.00278786470775,0.00374745582093,0.00152019434245,0.000590906106535,0.00198483846041,0.00274241039187,0.00270200655552,0.00425755425478,0.00318180211211,0.00202524229676,0.00196968702178,0.00467674405685,0.00236867490568,0.0016313048924,0.00504542906349,0.000757571931455,0.0016313048924,0.00154544674017,0.00374240534139,0.00124241796759,0.00365149670961,0.00413634274574,0.000530300352018,0.004929268034,0.000555552749734,0.00143938666976,0.00325755930526,0.00217675668305
Gen 198
exec_eq,integer_swap,integer_gte,boolean_shove,boolean_and,vector_integer_flush,integer_lt,vector_integer_pushall,exec_do*vector_integer,vector_integer_reverse,vector_integer_concat,vector_integer_occurrencesof,vector_integer_subvec,integer_eq,vector_integer_yankdup,exec_yankdup,vector_integer_yank,vector_integer_swap,vector_integer_shove,exec_when,vector_integer_rest,boolean_or,boolean_empty,vector_integer_emptyvector,exec_do*while,integer_rot,exec_stackdepth,exec_do*range,vector_integer_replacefirst,vector_integer_last,exec_shove,boolean_xor,boolean_yankdup,boolean_frominteger,exec_yank,vector_integer_indexof,vector_integer_length,integer_div,integer_mult,integer_min,integer_flush,integer_yank,vector_integer_set,integer_max,exec_dup,exec_k,exec_noop,exec_s,exec_y,boolean_rot,vector_integer_stackdepth,integer_yankdup,vector_integer_remove,vector_integer_empty,boolean_stackdepth,exec_do*times,integer_shove,vector_integer_nth,boolean_dup,boolean_not,integer_dup,boolean_flush,boolean_pop,exec_swap,boolean_swap,integer_add,exec_flush,integer_mod,integer_inc,boolean_invert_first_then_and,exec_rot,vector_integer_contains,integer_pop,exec_pop,vector_integer_eq,vector_integer_take,boolean_invert_second_then_and,integer_sub,vector_integer_rot,boolean_yank,integer_stackdepth,integer_dec,integer_gt,vector_integer_butlast,in1,vector_integer_pop,integer_lte,vector_integer_first,boolean_eq,exec_if,vector_integer_replace,exec_empty,exec_do*count,vector_integer_conj,exec_while,integer_fromboolean,integer_empty,vector_integer_dup
0.00459796684439,0.00116079818694,0.000829141562103,0.00127135039522,0.00426631021955,0.00178893573399,0.00120602409033,0.00487434736509,0.000422108431616,0.00314571283561,0.00141707830614,0.00161808232119,0.00140702810539,0.00145225400877,0.00265827809911,0.00105527107904,0.00384420178793,0.00153768071517,0.00101507027603,0.00186933734001,0.00192461344415,0.00206531625469,0.00292963351943,0.00233667167502,0.00101004517565,0.00170853412797,0.00473866965493,0.000994969874523,0.00377887548304,0.00131155119824,0.000924618469254,0.00128140059598,0.0019999899498,0.00203516565243,0.00147235441028,0.00449243973648,0.00497484937262,0.00070853915307,0.00443716363234,0.00387435239019,0.000969844372641,0.00368842367626,0.0024673242848,0.00229144577163,0.00452761543912,0.000276380520701,0.0014472289084,0.000788940759092,0.00102009537641,0.00350249496234,0.00143717870764,0.0029145582183,0.00234169677539,0.00124622489334,0.000959794171889,0.00279395580927,0.00217586846297,0.000919593368878,0.00215576806147,0.00132662649936,0.0035326455646,0.00398992969885,0.00233667167502,0.00178893573399,0.00260802709534,0.0011055220828,0.00467334335003,0.00497987447299,0.00496479917186,0.00307536143034,0.00270852910287,0.00370852407777,0.00168340862609,0.000628137547048,0.00184923693851,0.00253767569007,0.00245224898367,0.00430651102256,0.00316581323712,0.00218591866373,0.0021708433626,0.00450248993724,0.00232159637389,0.00172863452947,0.00501002507525,0.000713564253446,0.00149245481178,0.00153768071517,0.00370349897739,0.00122612449184,0.00357787146798,0.00427133531992,0.000432158632369,0.00494972387073,0.000512560238391,0.00131155119824,0.00316078813674,0.00227134537012
Gen 199
exec_eq,integer_swap,integer_gte,boolean_shove,boolean_and,vector_integer_flush,integer_lt,vector_integer_pushall,exec_do*vector_integer,vector_integer_reverse,vector_integer_concat,vector_integer_occurrencesof,vector_integer_subvec,integer_eq,vector_integer_yankdup,exec_yankdup,vector_integer_yank,vector_integer_swap,vector_integer_shove,exec_when,vector_integer_rest,boolean_or,boolean_empty,vector_integer_emptyvector,exec_do*while,integer_rot,exec_stackdepth,exec_do*range,vector_integer_replacefirst,vector_integer_last,exec_shove,boolean_xor,boolean_yankdup,boolean_frominteger,exec_yank,vector_integer_indexof,vector_integer_length,integer_div,integer_mult,integer_min,integer_flush,integer_yank,vector_integer_set,integer_max,exec_dup,exec_k,exec_noop,exec_s,exec_y,boolean_rot,vector_integer_stackdepth,integer_yankdup,vector_integer_remove,vector_integer_empty,boolean_stackdepth,exec_do*times,integer_shove,vector_integer_nth,boolean_dup,boolean_not,integer_dup,boolean_flush,boolean_pop,exec_swap,boolean_swap,integer_add,exec_flush,integer_mod,integer_inc,boolean_invert_first_then_and,exec_rot,vector_integer_contains,integer_pop,exec_pop,vector_integer_eq,vector_integer_take,boolean_invert_second_then_and,integer_sub,vector_integer_rot,boolean_yank,integer_stackdepth,integer_dec,integer_gt,vector_integer_butlast,in1,vector_integer_pop,integer_lte,vector_integer_first,boolean_eq,exec_if,vector_integer_replace,exec_empty,exec_do*count,vector_integer_conj,exec_while,integer_fromboolean,integer_empty,vector_integer_dup
0.00454497727511,0.00102499487503,0.00104999475003,0.00110999445003,0.0041849790751,0.00201498992505,0.00109499452503,0.00481497592512,0.000494997525012,0.00312998435008,0.00131499342503,0.00131499342503,0.00141999290004,0.00146499267504,0.00272498637507,0.00107999460003,0.00378998105009,0.00145999270004,0.000889995550022,0.00195499022505,0.00201498992505,0.00210998945005,0.00270998645007,0.00219498902505,0.000999995000025,0.00189499052505,0.00467497662512,0.00081999590002,0.00378498107509,0.00136999315003,0.00078999605002,0.00125499372503,0.00205998970005,0.00209998950005,0.00171499142504,0.00437997810011,0.00495997520012,0.000759996200019,0.00432997835011,0.00376498117509,0.000949995250024,0.00334498327508,0.00232998835006,0.00220498897506,0.00448497757511,0.000319998400008,0.00165999170004,0.00078999605002,0.00117999410003,0.00346998265009,0.00129499352503,0.00288998555007,0.00244498777506,0.00124999375003,0.000779996100019,0.00285998570007,0.00229498852506,0.00100999495003,0.00216498917505,0.00137499312503,0.00365998170009,0.0041099794501,0.00231498842506,0.00175999120004,0.00247998760006,0.00113499432503,0.00469997650012,0.00493497532512,0.00496497517512,0.00308998455008,0.00265498672507,0.00379998100009,0.00190999045005,0.000509997450013,0.00159999200004,0.00231998840006,0.00220998895006,0.00421997890011,0.00326998365008,0.00220498897506,0.00220498897506,0.00444997775011,0.00219998900005,0.00172499137504,0.00498997505012,0.000669996650017,0.00141999290004,0.00126499367503,0.0038949805251,0.00102999485003,0.00352498237509,0.00441497792511,0.000489997550012,0.00491997540012,0.000559997200014,0.00109999450003,0.00307498462508,0.00235998820006
Gen 200
exec_eq,integer_swap,integer_gte,boolean_shove,boolean_and,vector_integer_flush,integer_lt,vector_integer_pushall,exec_do*vector_integer,vector_integer_reverse,vector_integer_concat,vector_integer_occurrencesof,vector_integer_subvec,integer_eq,vector_integer_yankdup,exec_yankdup,vector_integer_yank,vector_integer_swap,vector_integer_shove,exec_when,vector_integer_rest,boolean_or,boolean_empty,vector_integer_emptyvector,exec_do*while,integer_rot,exec_stackdepth,exec_do*range,vector_integer_replacefirst,vector_integer_last,exec_shove,boolean_xor,boolean_yankdup,boolean_frominteger,exec_yank,vector_integer_indexof,vector_integer_length,integer_div,integer_mult,integer_min,integer_flush,integer_yank,vector_integer_set,integer_max,exec_dup,exec_k,exec_noop,exec_s,exec_y,boolean_rot,vector_integer_stackdepth,integer_yankdup,vector_integer_remove,vector_integer_empty,boolean_stackdepth,exec_do*times,integer_shove,vector_integer_nth,boolean_dup,boolean_not,integer_dup,boolean_flush,boolean_pop,exec_swap,boolean_swap,integer_add,exec_flush,integer_mod,integer_inc,boolean_invert_first_then_and,exec_rot,vector_integer_contains,integer_pop,exec_pop,vector_integer_eq,vector_integer_take,boolean_invert_second_then_and,integer_sub,vector_integer_rot,boolean_yank,integer_stackdepth,integer_dec,integer_gt,vector_integer_butlast,in1,vector_integer_pop,integer_lte,vector_integer_first,boolean_eq,exec_if,vector_integer_replace,exec_empty,exec_do*count,vector_integer_conj,exec_while,integer_fromboolean,integer_empty,vector_integer_dup
0.00460694225402,0.00113432271481,0.00110944721668,0.00125870020547,0.00429351097756,0.00190048805727,0.00112437251556,0.00479102094019,0.00050746016189,0.00307958666872,0.00133332669987,0.00141292829389,0.00145770419053,0.00156715638231,0.00271142929637,0.00119899900996,0.00389052790782,0.00147760458903,0.000900493032373,0.00187561255914,0.001810936264,0.00204974104606,0.00279103089039,0.00212436754046,0.00116417331257,0.00176616036736,0.00463181775215,0.000865667334988,0.00387062750932,0.00140297809464,0.000885567733494,0.00126865040472,0.00215919323784,0.00201989044831,0.00151740538604,0.00442286356784,0.00492534863011,0.000721389445824,0.00440296316934,0.00381590141343,0.000910443231626,0.00343779384182,0.00239302292028,0.00227362052925,0.00451739046074,0.000388057770857,0.00170148407222,0.000791040840593,0.0011691484122,0.00349749503734,0.00138805279576,0.00278605579077,0.00239799801991,0.00121889940846,0.000800991039846,0.0029054581818,0.00195023905354,0.00100994522415,0.00211441734121,0.00131840140099,0.0035472460336,0.00393530380446,0.00245769921543,0.00176616036736,0.00244774901617,0.00106467132004,0.00460694225402,0.0049054482316,0.00494027392899,0.00312436256536,0.00270147909712,0.00377610061641,0.00191043825653,0.000547260958901,0.00171143427147,0.00229352092776,0.0020945169427,0.00422883468241,0.00321888945826,0.00221391933373,0.00230347112701,0.00434326197382,0.00221889443336,0.00182088646325,0.00496514942712,0.00078109064134,0.00153730578455,0.0013781025965,0.00370147412202,0.00108457171855,0.00351739543584,0.00441788846822,0.000482584663758,0.00495022412824,0.000656713150681,0.00123382470734,0.00306466136984,0.00238804782066
Gen 201
exec_eq,integer_swap,integer_gte,boolean_shove,boolean_and,vector_integer_flush,integer_lt,vector_integer_pushall,exec_do*vector_integer,vector_integer_reverse,vector_integer_concat,vector_integer_occurrencesof,vector_integer_subvec,integer_eq,vector_integer_yankdup,exec_yankdup,vector_integer_yank,vector_integer_swap,vector_integer_shove,exec_when,vector_integer_rest,boolean_or,boolean_empty,vector_integer_emptyvector,exec_do*while,integer_rot,exec_stackdepth,exec_do*range,vector_integer_replacefirst,vector_integer_last,exec_shove,boolean_xor,boolean_yankdup,boolean_frominteger,exec_yank,vector_integer_indexof,vector_integer_length,integer_div,integer_mult,integer_min,integer_flush,integer_yank,vector_integer_set,integer_max,exec_dup,exec_k,exec_noop,exec_s,exec_y,boolean_rot,vector_integer_stackdepth,integer_yankdup,vector_integer_remove,vector_integer_empty,boolean_stackdepth,exec_do*times,integer_shove,vector_integer_nth,boolean_dup,boolean_not,integer_dup,boolean_flush,boolean_pop,exec_swap,boolean_swap,integer_add,exec_flush,integer_mod,integer_inc,boolean_invert_first_then_and,exec_rot,vector_integer_contains,integer_pop,exec_pop,vector_integer_eq,vector_integer_take,boolean_invert_second_then_and,integer_sub,vector_integer_rot,boolean_yank,integer_stackdepth,integer_dec,integer_gt,vector_integer_butlast,in1,vector_integer_pop,integer_lte,vector_integer_first,boolean_eq,exec_if,vector_integer_replace,exec_empty,exec_do*count,vector_integer_conj,exec_while,integer_fromboolean,integer_empty,vector_integer_dup
0.0045841357221,0.00106435116658,0.000945539873565,0.00144058692779,0.00423760278414,0.00193563398201,0.00110890540146,0.00478710501433,0.000519799406934,0.00305444032455,0.00134157751694,0.00138118128128,0.00132672610532,0.00157920010297,0.00253464091762,0.00107920257821,0.00377720902372,0.00147524022158,0.000980193167361,0.00180197127737,0.00181187221845,0.00221781080292,0.00264355126955,0.00215345468587,0.00119306340068,0.00187127786496,0.00464354136861,0.000856431403805,0.00381186231751,0.00147028975104,0.000811877168925,0.00126732045881,0.00225246409671,0.00192078257038,0.00154949727972,0.0043613645477,0.00492076771897,0.000811877168925,0.00431681031282,0.00386136702294,0.00104454928441,0.00340097326251,0.00241582962461,0.00206929668665,0.00453463101668,0.000321780585245,0.00162375433785,0.000742570581334,0.0013712803402,0.00348018079118,0.00136137939911,0.0027079073866,0.00246533433003,0.00108910351929,0.000826728580552,0.00279701585636,0.0019108816293,0.000940589403023,0.00206434621611,0.00138613175182,0.00359404161366,0.00405443537408,0.00247523527111,0.00171286280761,0.00238612680135,0.00115345963634,0.00461383854535,0.00486631254301,0.00490591630735,0.00324255820516,0.00272770926877,0.00381681278806,0.00187127786496,0.000499997524765,0.00170791233707,0.00227721644942,0.00199999009906,0.00420294949035,0.00320295444082,0.00240592868352,0.00220790986183,0.00424255325469,0.00213860327424,0.00188117880605,0.00493066866006,0.000876233285974,0.00152969539755,0.00145048786887,0.00385641655239,0.0010197969317,0.0035989920842,0.00444552254692,0.000425740466631,0.00486136207246,0.00062375928832,0.00116831104797,0.00308414314781,0.00253464091762
Gen 202
exec_eq,integer_swap,integer_gte,boolean_shove,boolean_and,vector_integer_flush,integer_lt,vector_integer_pushall,exec_do*vector_integer,vector_integer_reverse,vector_integer_concat,vector_integer_occurrencesof,vector_integer_subvec,integer_eq,vector_integer_yankdup,exec_yankdup,vector_integer_yank,vector_integer_swap,vector_integer_shove,exec_when,vector_integer_rest,boolean_or,boolean_empty,vector_integer_emptyvector,exec_do*while,integer_rot,exec_stackdepth,exec_do*range,vector_integer_replacefirst,vector_integer_last,exec_shove,boolean_xor,boolean_yankdup,boolean_frominteger,exec_yank,vector_integer_indexof,vector_integer_length,integer_div,integer_mult,integer_min,integer_flush,integer_yank,vector_integer_set,integer_max,exec_dup,exec_k,exec_noop,exec_s,exec_y,boolean_rot,vector_integer_stackdepth,integer_yankdup,vector_integer_remove,vector_integer_empty,boolean_stackdepth,exec_do*times,integer_shove,vector_integer_nth,boolean_dup,boolean_not,integer_dup,boolean_flush,boolean_pop,exec_swap,boolean_swap,integer_add,exec_flush,integer_mod,integer_inc,boolean_invert_first_then_and,exec_rot,vector_integer_contains,integer_pop,exec_pop,vector_integer_eq,vector_integer_take,boolean_invert_second_then_and,integer_sub,vector_integer_rot,boolean_yank,integer_stackdepth,integer_dec,integer_gt,vector_integer_butlast,in1,vector_integer_pop,integer_lte,vector_integer_first,boolean_eq,exec_if,vector_integer_replace,exec_empty,exec_do*count,vector_integer_conj,exec_while,integer_fromboolean,integer_empty,vector_integer_dup
0.00456155388397,0.00126107753164,0.000931029896404,0.00166501642849,0.00422165408052,0.00198521189551,0.00110344284018,0.00478322766883,0.000551721420092,0.0031576199132,0.00153201215758,0.00138422963434,0.00120196452234,0.00166009034438,0.00268964192295,0.000921177728189,0.00363052398757,0.00138915571844,0.000970438569268,0.00205417707302,0.0018571337087,0.00242855946522,0.00267486367062,0.00213792050285,0.00131526445683,0.0018571337087,0.00454184954754,0.000926103812296,0.00391131078172,0.00165023817617,0.000866990803001,0.00140393397077,0.00223644218501,0.00179802069941,0.00147782523239,0.00442362352895,0.00489652760331,0.000871916887109,0.00435958443554,0.00379308476313,0.000901473391757,0.00344825887557,0.00242363338112,0.0021034379141,0.00450244087468,0.000389160644529,0.00154186432579,0.000753690868518,0.00126600361575,0.00339899803449,0.00138915571844,0.00258619415668,0.00235959428771,0.00103447766267,0.000817729961921,0.00293594612834,0.001733981606,0.00096551248516,0.00208373357767,0.00139408180255,0.00345318495968,0.0038965325294,0.00237437254004,0.00169949901725,0.00236452037182,0.00119211235413,0.00459603647273,0.00487189718277,0.00485711893045,0.00329555026823,0.00251230289506,0.00370441524919,0.0017930946153,0.000403938896853,0.00186205979281,0.00238422470825,0.00211821616642,0.00419209757587,0.00309850690391,0.00245318988576,0.00207880749356,0.00436943660376,0.00220688568037,0.00186205979281,0.00492608410796,0.000950734232836,0.00158127299866,0.00146304698006,0.00369948916508,0.00101477332624,0.003650228324,0.00446303220181,0.000369456308097,0.00483741459402,0.000640390934035,0.000995068989808,0.00309850690391,0.00231033344663
Gen 203
exec_eq,integer_swap,integer_gte,boolean_shove,boolean_and,vector_integer_flush,integer_lt,vector_integer_pushall,exec_do*vector_integer,vector_integer_reverse,vector_integer_concat,vector_integer_occurrencesof,vector_integer_subvec,integer_eq,vector_integer_yankdup,exec_yankdup,vector_integer_yank,vector_integer_swap,vector_integer_shove,exec_when,vector_integer_rest,boolean_or,boolean_empty,vector_integer_emptyvector,exec_do*while,integer_rot,exec_stackdepth,exec_do*range,vector_integer_replacefirst,vector_integer_last,exec_shove,boolean_xor,boolean_yankdup,boolean_frominteger,exec_yank,vector_integer_indexof,vector_integer_length,integer_div,integer_mult,integer_min,integer_flush,integer_yank,vector_integer_set,integer_max,exec_dup,exec_k,exec_noop,exec_s,exec_y,boolean_rot,vector_integer_stackdepth,integer_yankdup,vector_integer_remove,vector_integer_empty,boolean_stackdepth,exec_do*times,integer_shove,vector_integer_nth,boolean_dup,boolean_not,integer_dup,boolean_flush,boolean_pop,exec_swap,boolean_swap,integer_add,exec_flush,integer_mod,integer_inc,boolean_invert_first_then_and,exec_rot,vector_integer_contains,integer_pop,exec_pop,vector_integer_eq,vector_integer_take,boolean_invert_second_then_and,integer_sub,vector_integer_rot,boolean_yank,integer_stackdepth,integer_dec,integer_gt,vector_integer_butlast,in1,vector_integer_pop,integer_lte,vector_integer_first,boolean_eq,exec_if,vector_integer_replace,exec_empty,exec_do*count,vector_integer_conj,exec_while,integer_fromboolean,integer_empty,vector_integer_dup
0.00451958568831,0.0012254841888,0.000784309880834,0.00163724687624,0.00412252881113,0.00204410762692,0.00114215126396,0.00478919220984,0.000367645256641,0.00306371047201,0.00150979652061,0.0013676403547,0.00116666094774,0.00153430620438,0.00285292719153,0.000857838932162,0.00383331454258,0.00153920814114,0.000975485414287,0.00198528438586,0.00171077592757,0.00248037999814,0.00252449742893,0.0022548909074,0.00134313067093,0.00190195146102,0.00457350699261,0.00106862221264,0.0038529222896,0.00151960039412,0.000862740868917,0.0013676403547,0.0022548909074,0.00158822750869,0.00132352292391,0.00440684114294,0.00486272126117,0.00102940671859,0.00435291983863,0.00386762809986,0.00093136798349,0.00346076734918,0.00250979161867,0.00234312576899,0.00438233145916,0.000426468497703,0.00153430620438,0.000730388576527,0.00123038612556,0.00346076734918,0.00143136553252,0.00270586908888,0.00260783035377,0.00110293576992,0.000769604070568,0.00316174920711,0.00181371659943,0.000985289287798,0.00195097082857,0.00129901324013,0.00337743442434,0.00399017651874,0.00226469478091,0.00156371782491,0.00234312576899,0.00111273964343,0.00457840892937,0.00486272126117,0.00482840770388,0.00339214023461,0.00269116327861,0.00378429517502,0.00198528438586,0.000387253003662,0.00170587399081,0.00250488968191,0.00207351924745,0.00412743074789,0.00301959304121,0.00265194778457,0.00241665482032,0.00435291983863,0.00238724319979,0.0020686173107,0.00490193675521,0.000950975730511,0.00174999142161,0.00160783525571,0.00361762932535,0.00102450478184,0.00378919711178,0.00447546825751,0.000392154940417,0.00483821157739,0.000607840157646,0.000926466046735,0.00293626011637,0.00237743932628
Gen 204
exec_eq,integer_swap,integer_gte,boolean_shove,boolean_and,vector_integer_flush,integer_lt,vector_integer_pushall,exec_do*vector_integer,vector_integer_reverse,vector_integer_concat,vector_integer_occurrencesof,vector_integer_subvec,integer_eq,vector_integer_yankdup,exec_yankdup,vector_integer_yank,vector_integer_swap,vector_integer_shove,exec_when,vector_integer_rest,boolean_or,boolean_empty,vector_integer_emptyvector,exec_do*while,integer_rot,exec_stackdepth,exec_do*range,vector_integer_replacefirst,vector_integer_last,exec_shove,boolean_xor,boolean_yankdup,boolean_frominteger,exec_yank,vector_integer_indexof,vector_integer_length,integer_div,integer_mult,integer_min,integer_flush,integer_yank,vector_integer_set,integer_max,exec_dup,exec_k,exec_noop,exec_s,exec_y,boolean_rot,vector_integer_stackdepth,integer_yankdup,vector_integer_remove,vector_integer_empty,boolean_stackdepth,exec_do*times,integer_shove,vector_integer_nth,boolean_dup,boolean_not,integer_dup,boolean_flush,boolean_pop,exec_swap,boolean_swap,integer_add,exec_flush,integer_mod,integer_inc,boolean_invert_first_then_and,exec_rot,vector_integer_contains,integer_pop,exec_pop,vector_integer_eq,vector_integer_take,boolean_invert_second_then_and,integer_sub,vector_integer_rot,boolean_yank,integer_stackdepth,integer_dec,integer_gt,vector_integer_butlast,in1,vector_integer_pop,integer_lte,vector_integer_first,boolean_eq,exec_if,vector_integer_replace,exec_empty,exec_do*count,vector_integer_conj,exec_while,integer_fromboolean,integer_empty,vector_integer_dup
0.0045950995361,0.00126828649616,0.000726825722801,0.00160487022015,0.00419510148731,0.0020487704938,0.00112194574661,0.00475119633563,0.00039999804879,0.00310242389062,0.00159999219516,0.00139511514578,0.00112194574661,0.00167804059492,0.0028097423915,0.000780483997639,0.00370729898879,0.0015219437954,0.0011560919215,0.00200486826894,0.00183413739445,0.00239998829274,0.0025121828674,0.00225364754318,0.00138048107082,0.00185364949439,0.00458046546114,0.000917068697226,0.003965834313,0.00143413934566,0.000819508197521,0.00129755464607,0.00242437841767,0.00163901639504,0.00118048204643,0.00431217408696,0.00483900078536,0.00123901834625,0.0042633938371,0.00379510343852,0.000921946722211,0.00347315378949,0.00247315866752,0.00225852556817,0.00440973458666,0.000346339773952,0.00159023614519,0.000624387198111,0.0013560909459,0.00336095921483,0.00141950527071,0.00261949941708,0.00268779176687,0.00104389734684,0.000639021273067,0.00332193501495,0.00149267564548,0.00103901932186,0.00190730776923,0.00136584699587,0.00343412958961,0.00402437061283,0.00228779371808,0.00146828552056,0.00223901346823,0.00119511612138,0.00459997756109,0.00479997658548,0.00483412276038,0.00350729996439,0.00270730386681,0.00374144516368,0.00212681889357,0.000380485948849,0.00177072306964,0.00240486631773,0.00210730679363,0.00414144321247,0.00288779079126,0.00279023029156,0.00242437841767,0.00431705211194,0.00236584211784,0.00228779371808,0.00487802498524,0.00099511709699,0.00171706479481,0.00163413837006,0.00368778688884,0.00100975117195,0.00359510441412,0.00450729508637,0.000282925449144,0.00483900078536,0.000580484973244,0.000960970922093,0.00294632709109,0.00250730484242
Gen 205
exec_eq,integer_swap,integer_gte,boolean_shove,boolean_and,vector_integer_flush,integer_lt,vector_integer_pushall,exec_do*vector_integer,vector_integer_reverse,vector_integer_concat,vector_integer_occurrencesof,vector_integer_subvec,integer_eq,vector_integer_yankdup,exec_yankdup,vector_integer_yank,vector_integer_swap,vector_integer_shove,exec_when,vector_integer_rest,boolean_or,boolean_empty,vector_integer_emptyvector,exec_do*while,integer_rot,exec_stackdepth,exec_do*range,vector_integer_replacefirst,vector_integer_last,exec_shove,boolean_xor,boolean_yankdup,boolean_frominteger,exec_yank,vector_integer_indexof,vector_integer_length,integer_div,integer_mult,integer_min,integer_flush,integer_yank,vector_integer_set,integer_max,exec_dup,exec_k,exec_noop,exec_s,exec_y,boolean_rot,vector_integer_stackdepth,integer_yankdup,vector_integer_remove,vector_integer_empty,boolean_stackdepth,exec_do*times,integer_shove,vector_integer_nth,boolean_dup,boolean_not,integer_dup,boolean_flush,boolean_pop,exec_swap,boolean_swap,integer_add,exec_flush,integer_mod,integer_inc,boolean_invert_first_then_and,exec_rot,vector_integer_contains,integer_pop,exec_pop,vector_integer_eq,vector_integer_take,boolean_invert_second_then_and,integer_sub,vector_integer_rot,boolean_yank,integer_stackdepth,integer_dec,integer_gt,vector_integer_butlast,in1,vector_integer_pop,integer_lte,vector_integer_first,boolean_eq,exec_if,vector_integer_replace,exec_empty,exec_do*count,vector_integer_conj,exec_while,integer_fromboolean,integer_empty,vector_integer_dup
0.00456308464522,0.00136892539357,0.00074271484119,0.00183494254882,0.00406794141776,0.00212134892549,0.00111649943447,0.00470386066087,0.000427182392318,0.00301454847307,0.00155824486289,0.00141746884724,0.00127669283159,0.0016747491517,0.00277668555007,0.000800966985597,0.00374270027815,0.00142717753797,0.00115047985204,0.00211164023476,0.0016456230795,0.00240290095679,0.00252425959097,0.00225727059577,0.00141261450187,0.00187377731176,0.00454852160912,0.0010679559808,0.00395629147431,0.00142717753797,0.00090290823831,0.00114077116131,0.00211649458012,0.00166504046097,0.00129611021306,0.00428153261392,0.00480580191358,0.00120873199645,0.00433978475833,0.00371357420595,0.00105824729006,0.0036019242625,0.0025048422095,0.00251940524561,0.00444172601104,0.00038834762938,0.00154368182679,0.000572812753336,0.00135921670283,0.00331066354047,0.00141261450187,0.00256794869928,0.00279124858617,0.0011116450891,0.000669899660681,0.00325241139606,0.00173785564148,0.00116504288814,0.0018834860025,0.00150484706385,0.00325241139606,0.00402910665482,0.00221358148747,0.00139805146577,0.00224270755967,0.00102426687249,0.00450483250081,0.00480094756822,0.00480580191358,0.00344173086538,0.0024902791734,0.00372328289668,0.00188834034786,0.000305823758137,0.00169902087854,0.00260678346222,0.00211649458012,0.0040922131446,0.0027572681686,0.00273299644176,0.00233979446702,0.00432036737686,0.00268930733346,0.00215532934306,0.00484949102189,0.000927179965146,0.00149028402775,0.0016601861156,0.00352910908199,0.000999995145655,0.00349512866442,0.00444658035641,0.000383493284013,0.00477182149601,0.000533977990398,0.000999995145655,0.00307280061747,0.00239319226606
Gen 206
exec_eq,integer_swap,integer_gte,boolean_shove,boolean_and,vector_integer_flush,integer_lt,vector_integer_pushall,exec_do*vector_integer,vector_integer_reverse,vector_integer_concat,vector_integer_occurrencesof,vector_integer_subvec,integer_eq,vector_integer_yankdup,exec_yankdup,vector_integer_yank,vector_integer_swap,vector_integer_shove,exec_when,vector_integer_rest,boolean_or,boolean_empty,vector_integer_emptyvector,exec_do*while,integer_rot,exec_stackdepth,exec_do*range,vector_integer_replacefirst,vector_integer_last,exec_shove,boolean_xor,boolean_yankdup,boolean_frominteger,exec_yank,vector_integer_indexof,vector_integer_length,integer_div,integer_mult,integer_min,integer_flush,integer_yank,vector_integer_set,integer_max,exec_dup,exec_k,exec_noop,exec_s,exec_y,boolean_rot,vector_integer_stackdepth,integer_yankdup,vector_integer_remove,vector_integer_empty,boolean_stackdepth,exec_do*times,integer_shove,vector_integer_nth,boolean_dup,boolean_not,integer_dup,boolean_flush,boolean_pop,exec_swap,boolean_swap,integer_add,exec_flush,integer_mod,integer_inc,boolean_invert_first_then_and,exec_rot,vector_integer_contains,integer_pop,exec_pop,vector_integer_eq,vector_integer_take,boolean_invert_second_then_and,integer_sub,vector_integer_rot,boolean_yank,integer_stackdepth,integer_dec,integer_gt,vector_integer_butlast,in1,vector_integer_pop,integer_lte,vector_integer_first,boolean_eq,exec_if,vector_integer_replace,exec_empty,exec_do*count,vector_integer_conj,exec_while,integer_fromboolean,integer_empty,vector_integer_dup
0.00454587175907,0.00130917241946,0.000801928493099,0.00163284235342,0.00395167173105,0.00222704238144,0.00104347321994,0.00468596770064,0.000454104086454,0.00307244892537,0.00156037893537,0.00128018705224,0.0010386423254,0.00146859193917,0.00288887493297,0.000855068333003,0.00373911237144,0.00130917241946,0.00116424558335,0.00219322611968,0.00152173177907,0.00244926353013,0.0024057854793,0.002367138323,0.00150240820093,0.00189854155294,0.00450722460278,0.00105796590355,0.00398548799281,0.00143477567741,0.00088888459476,0.00114492200521,0.00215457896339,0.00161351877527,0.00134298868121,0.00420287824696,0.00480190916952,0.00117873826696,0.00440094492297,0.00349273675006,0.00109661305984,0.00345408959377,0.00221254969783,0.0025507123154,0.00443476118473,0.000516905715431,0.00164250414249,0.000512074820895,0.00141545209927,0.00330916275767,0.00144443746649,0.00267631557335,0.00278259525316,0.00108212037623,0.00063767807885,0.00326568470684,0.00184540171304,0.00111593663799,0.00171496756054,0.00133815778668,0.00324636112869,0.00404828962179,0.00207245375626,0.00125120168502,0.00210143912348,0.000801928493099,0.00448790102463,0.00475843111869,0.00479224738045,0.00343959691016,0.00224153506505,0.00381640668403,0.00194201960377,0.000357486195719,0.0016569968261,0.00270530094058,0.00218839522514,0.00404345872725,0.00268597736243,0.00265216110067,0.00235264563939,0.0042463562978,0.00262317573345,0.00215940985792,0.00480674006406,0.000942024434665,0.00148791551732,0.00157487161898,0.00342027333201,0.00087439191115,0.00346858227738,0.00442993029019,0.000391302457476,0.00472944575147,0.000463765875527,0.00101931874725,0.00327051560137,0.00236230742847
Gen 207
exec_eq,integer_swap,integer_gte,boolean_shove,boolean_and,vector_integer_flush,integer_lt,vector_integer_pushall,exec_do*vector_integer,vector_integer_reverse,vector_integer_concat,vector_integer_occurrencesof,vector_integer_subvec,integer_eq,vector_integer_yankdup,exec_yankdup,vector_integer_yank,vector_integer_swap,vector_integer_shove,exec_when,vector_integer_rest,boolean_or,boolean_empty,vector_integer_emptyvector,exec_do*while,integer_rot,exec_stackdepth,exec_do*range,vector_integer_replacefirst,vector_integer_last,exec_shove,boolean_xor,boolean_yankdup,boolean_frominteger,exec_yank,vector_integer_indexof,vector_integer_length,integer_div,integer_mult,integer_min,integer_flush,integer_yank,vector_integer_set,integer_max,exec_dup,exec_k,exec_noop,exec_s,exec_y,boolean_rot,vector_integer_stackdepth,integer_yankdup,vector_integer_remove,vector_integer_empty,boolean_stackdepth,exec_do*times,integer_shove,vector_integer_nth,boolean_dup,boolean_not,integer_dup,boolean_flush,boolean_pop,exec_swap,boolean_swap,integer_add,exec_flush,integer_mod,integer_inc,boolean_invert_first_then_and,exec_rot,vector_integer_contains,integer_pop,exec_pop,vector_integer_eq,vector_integer_take,boolean_invert_second_then_and,integer_sub,vector_integer_rot,boolean_yank,integer_stackdepth,integer_dec,integer_gt,vector_integer_butlast,in1,vector_integer_pop,integer_lte,vector_integer_first,boolean_eq,exec_if,vector_integer_replace,exec_empty,exec_do*count,vector_integer_conj,exec_while,integer_fromboolean,integer_empty,vector_integer_dup
0.00451920904226,0.00140864707381,0.000769227071024,0.00172595324061,0.00374036663285,0.00222114316758,0.000999995192331,0.00469228513324,0.000399036543094,0.0029134475315,0.0015721078264,0.00116345594492,0.0011057639146,0.00164422286431,0.00292306286989,0.0010240335383,0.00375478964043,0.00132691669752,0.000985572184749,0.00218268181403,0.00135576271268,0.00241344993534,0.00219710482161,0.00249998798083,0.00140383940462,0.00197595203869,0.00450959370388,0.00108653323782,0.00376440497882,0.00136537805107,0.00085095744732,0.0011057639146,0.0020480670766,0.00156730015721,0.00135576271268,0.00422594122144,0.00475959250196,0.00109614857621,0.00437497896645,0.00362017490301,0.00116345594492,0.00340863745847,0.00223075850597,0.00251441098841,0.00448074768871,0.000326921505185,0.00154326181124,0.000519228272941,0.00144230075817,0.00311536963765,0.00140864707381,0.00279806347085,0.00281729414762,0.00106249489185,0.000615381656819,0.00333171475137,0.00192787534675,0.00113460992976,0.00180287594771,0.0013365320359,0.00325479204427,0.00390382738545,0.00205287474579,0.00134614737429,0.00225479685194,0.000673073687146,0.00445190167355,0.00475478483277,0.00472113114841,0.00348075249638,0.00226921985952,0.00381248167076,0.00186537564723,0.000365382858736,0.00141345474301,0.0027596021173,0.00231729655146,0.00412498016836,0.00257210301874,0.00274998677891,0.00254325700357,0.00425959490579,0.00270671775616,0.00219229715242,0.00479805385551,0.000951918500392,0.00149037745011,0.00149037745011,0.00360094422623,0.000860572785708,0.0035432521959,0.00444228633516,0.000360575189542,0.00474036182518,0.000432690227451,0.00114422526815,0.00311536963765,0.00251441098841
Gen 208
exec_eq,integer_swap,integer_gte,boolean_shove,boolean_and,vector_integer_flush,integer_lt,vector_integer_pushall,exec_do*vector_integer,vector_integer_reverse,vector_integer_concat,vector_integer_occurrencesof,vector_integer_subvec,integer_eq,vector_integer_yankdup,exec_yankdup,vector_integer_yank,vector_integer_swap,vector_integer_shove,exec_when,vector_integer_rest,boolean_or,boolean_empty,vector_integer_emptyvector,exec_do*while,integer_rot,exec_stackdepth,exec_do*range,vector_integer_replacefirst,vector_integer_last,exec_shove,boolean_xor,boolean_yankdup,boolean_frominteger,exec_yank,vector_integer_indexof,vector_integer_length,integer_div,integer_mult,integer_min,integer_flush,integer_yank,vector_integer_set,integer_max,exec_dup,exec_k,exec_noop,exec_s,exec_y,boolean_rot,vector_integer_stackdepth,integer_yankdup,vector_integer_remove,vector_integer_empty,boolean_stackdepth,exec_do*times,integer_shove,vector_integer_nth,boolean_dup,boolean_not,integer_dup,boolean_flush,boolean_pop,exec_swap,boolean_swap,integer_add,exec_flush,integer_mod,integer_inc,boolean_invert_first_then_and,exec_rot,vector_integer_contains,integer_pop,exec_pop,vector_integer_eq,vector_integer_take,boolean_invert_second_then_and,integer_sub,vector_integer_rot,boolean_yank,integer_stackdepth,integer_dec,integer_gt,vector_integer_butlast,in1,vector_integer_pop,integer_lte,vector_integer_first,boolean_eq,exec_if,vector_integer_replace,exec_empty,exec_do*count,vector_integer_conj,exec_while,integer_fromboolean,integer_empty,vector_integer_dup
0.00452150946646,0.00141626116621,0.000693776584801,0.00159329381199,0.0036985468969,0.00235884038832,0.000966502552619,0.00466983411563,0.000435404615289,0.00280859900192,0.00148324649164,0.0011483198645,0.00108611920517,0.00165549447132,0.00280859900192,0.00102391854584,0.00367462356639,0.00140190716791,0.000933009889905,0.00215309974593,0.00147846182554,0.00234927105612,0.00216745374424,0.0025454423663,0.0013731991713,0.00212917641542,0.00447844747154,0.000971287218721,0.00371290089521,0.00142104583232,0.000794254572945,0.000976071884824,0.00192343577303,0.0013827685035,0.00140669183401,0.00411481284779,0.00477031210377,0.00111482720178,0.00432055349017,0.00343060559519,0.00121052052383,0.00333969693925,0.00214831507983,0.00244974904426,0.00445930880713,0.000397127286472,0.00153109315266,0.000416265950881,0.0013779838374,0.00317223362568,0.00124879785264,0.00289472299176,0.0029856316477,0.00104784187635,0.000545451935637,0.00354543758164,0.00180381912048,0.00112918120009,0.0016124324764,0.00127750584925,0.00316266429347,0.00394256486811,0.00209089908661,0.00130621384587,0.00213396108153,0.000717699915311,0.00445452414103,0.00471768077665,0.00474638877326,0.00351194491892,0.0023062090612,0.00378945555284,0.0020765450883,0.000354065291554,0.00154066248487,0.0027559676748,0.0023014243951,0.00418179817321,0.00261721235784,0.00259328902733,0.00248802637308,0.00419615217152,0.00261721235784,0.00214353041373,0.00478466610208,0.000866024564476,0.00144496916283,0.00149760048995,0.00358849957656,0.00085167056617,0.00357893024435,0.00441146214611,0.000358849957656,0.00473681944106,0.000492820608514,0.00126793651705,0.00304783230702,0.00244974904426
Gen 209
exec_eq,integer_swap,integer_gte,boolean_shove,boolean_and,vector_integer_flush,integer_lt,vector_integer_pushall,exec_do*vector_integer,vector_integer_reverse,vector_integer_concat,vector_integer_occurrencesof,vector_integer_subvec,integer_eq,vector_integer_yankdup,exec_yankdup,vector_integer_yank,vector_integer_swap,vector_integer_shove,exec_when,vector_integer_rest,boolean_or,boolean_empty,vector_integer_emptyvector,exec_do*while,integer_rot,exec_stackdepth,exec_do*range,vector_integer_replacefirst,vector_integer_last,exec_shove,boolean_xor,boolean_yankdup,boolean_frominteger,exec_yank,vector_integer_indexof,vector_integer_length,integer_div,integer_mult,integer_min,integer_flush,integer_yank,vector_integer_set,integer_max,exec_dup,exec_k,exec_noop,exec_s,exec_y,boolean_rot,vector_integer_stackdepth,integer_yankdup,vector_integer_remove,vector_integer_empty,boolean_stackdepth,exec_do*times,integer_shove,vector_integer_nth,boolean_dup,boolean_not,integer_dup,boolean_flush,boolean_pop,exec_swap,boolean_swap,integer_add,exec_flush,integer_mod,integer_inc,boolean_invert_first_then_and,exec_rot,vector_integer_contains,integer_pop,exec_pop,vector_integer_eq,vector_integer_take,boolean_invert_second_then_and,integer_sub,vector_integer_rot,boolean_yank,integer_stackdepth,integer_dec,integer_gt,vector_integer_butlast,in1,vector_integer_pop,integer_lte,vector_integer_first,boolean_eq,exec_if,vector_integer_replace,exec_empty,exec_do*count,vector_integer_conj,exec_while,integer_fromboolean,integer_empty,vector_integer_dup
0.00454283551031,0.0014238027438,0.000780948662149,0.00177142013609,0.00375236308399,0.00229998904767,0.000961900181428,0.00472378702959,0.000414283741506,0.0025666544445,0.00144285027214,0.00105713782315,0.00108094723358,0.00181903895696,0.00266189208623,0.00106189970524,0.00357141156471,0.00126666063495,0.000919043242651,0.0022190370522,0.00140475521545,0.00223332269846,0.00213808505674,0.00246665492069,0.00138094580502,0.00213332317465,0.00449521668944,0.0011809467574,0.00375712496607,0.00144285027214,0.000809519954667,0.000966662063514,0.00197141918372,0.00144761215423,0.00140475521545,0.00405712353751,0.00472854891167,0.00125237498869,0.00422855129261,0.00351426897967,0.00130951757373,0.00331903181413,0.00214760882091,0.00246665492069,0.00446188351484,0.000433331269851,0.0014571359184,0.000342855510212,0.00155237356013,0.00306189018148,0.00129999380955,0.00296665253975,0.00305712829939,0.000904757596392,0.000561902086181,0.0036095066214,0.0018047533107,0.00103809029481,0.00162856367351,0.00134285074833,0.00340950757377,0.00399521907039,0.00212856129257,0.00121904181409,0.00222856081638,0.000828567483012,0.00445235975067,0.00467616820872,0.00469997761915,0.00354284027219,0.00245236927443,0.00375236308399,0.00207141870753,0.00040952185942,0.00144285027214,0.0026380826758,0.00219046575969,0.00425236070304,0.0026380826758,0.00279046290256,0.00263332079371,0.00414759929715,0.00247617868486,0.00231903657602,0.00475712020419,0.000852376893443,0.00154761167804,0.00153808791387,0.00337617439917,0.000814281836753,0.00352855462593,0.00440474092981,0.000385712448988,0.00473331079376,0.000466664444455,0.0011095185261,0.0030523664173,0.00254760691616
Gen 210
exec_eq,integer_swap,integer_gte,boolean_shove,boolean_and,vector_integer_flush,integer_lt,vector_integer_pushall,exec_do*vector_integer,vector_integer_reverse,vector_integer_concat,vector_integer_occurrencesof,vector_integer_subvec,integer_eq,vector_integer_yankdup,exec_yankdup,vector_integer_yank,vector_integer_swap,vector_integer_shove,exec_when,vector_integer_rest,boolean_or,boolean_empty,vector_integer_emptyvector,exec_do*while,integer_rot,exec_stackdepth,exec_do*range,vector_integer_replacefirst,vector_integer_last,exec_shove,boolean_xor,boolean_yankdup,boolean_frominteger,exec_yank,vector_integer_indexof,vector_integer_length,integer_div,integer_mult,integer_min,integer_flush,integer_yank,vector_integer_set,integer_max,exec_dup,exec_k,exec_noop,exec_s,exec_y,boolean_rot,vector_integer_stackdepth,integer_yankdup,vector_integer_remove,vector_integer_empty,boolean_stackdepth,exec_do*times,integer_shove,vector_integer_nth,boolean_dup,boolean_not,integer_dup,boolean_flush,boolean_pop,exec_swap,boolean_swap,integer_add,exec_flush,integer_mod,integer_inc,boolean_invert_first_then_and,exec_rot,vector_integer_contains,integer_pop,exec_pop,vector_integer_eq,vector_integer_take,boolean_invert_second_then_and,integer_sub,vector_integer_rot,boolean_yank,integer_stackdepth,integer_dec,integer_gt,vector_integer_butlast,in1,vector_integer_pop,integer_lte,vector_integer_first,boolean_eq,exec_if,vector_integer_replace,exec_empty,exec_do*count,vector_integer_conj,exec_while,integer_fromboolean,integer_empty,vector_integer_dup
0.0045023483301,0.0013317472429,0.000938384178274,0.00171563167947,0.00367296837456,0.00232700318956,0.000981038004559,0.00465874569315,0.00045023483301,0.00247392192454,0.0014502300937,0.000895730351989,0.000952602120369,0.00173932824963,0.00273458419628,0.000966820062464,0.00351657101151,0.00138861901128,0.000933644864242,0.00229382799134,0.00133648655694,0.00218956308264,0.00202842640556,0.00232226387553,0.00131752930081,0.00220378102473,0.00448813038801,0.00100947388875,0.00388149819195,0.00146444803579,0.000677721906531,0.000962080748432,0.00207108023185,0.00147866597789,0.00148340529192,0.00400945967081,0.00470613883347,0.00141705489547,0.00416111771982,0.00338387021862,0.00141705489547,0.00326538736783,0.00225117416505,0.00243600741229,0.00443125861963,0.000417059634788,0.00151184117611,0.000431277576884,0.00169667442334,0.00318481902929,0.00113269605357,0.00297154989787,0.00317534040123,0.000881512409894,0.000606632196056,0.0035592248378,0.00190994355477,0.00105686702907,0.00163506334093,0.00156397363046,0.00348339581329,0.00406633143919,0.00220378102473,0.00142179420951,0.00218482376861,0.000744072302975,0.0044265193056,0.00465874569315,0.0046966602054,0.00347865649926,0.00247866123857,0.00371562220084,0.00218008445458,0.000412320320757,0.00137440106919,0.00263505860162,0.00210425543007,0.00425590400045,0.00275354145241,0.00280567390676,0.00262557997355,0.00410898526547,0.00244548604035,0.00252131506486,0.00472509608959,0.000772508187165,0.00160662745674,0.00145970872176,0.0033649129625,0.000658764650405,0.00351657101151,0.00435069028109,0.000350709238345,0.00468244226331,0.000379145122535,0.00118008919389,0.00294785332771,0.00255449026308
Gen 211
exec_eq,integer_swap,integer_gte,boolean_shove,boolean_and,vector_integer_flush,integer_lt,vector_integer_pushall,exec_do*vector_integer,vector_integer_reverse,vector_integer_concat,vector_integer_occurrencesof,vector_integer_subvec,integer_eq,vector_integer_yankdup,exec_yankdup,vector_integer_yank,vector_integer_swap,vector_integer_shove,exec_when,vector_integer_rest,boolean_or,boolean_empty,vector_integer_emptyvector,exec_do*while,integer_rot,exec_stackdepth,exec_do*range,vector_integer_replacefirst,vector_integer_last,exec_shove,boolean_xor,boolean_yankdup,boolean_frominteger,exec_yank,vector_integer_indexof,vector_integer_length,integer_div,integer_mult,integer_min,integer_flush,integer_yank,vector_integer_set,integer_max,exec_dup,exec_k,exec_noop,exec_s,exec_y,boolean_rot,vector_integer_stackdepth,integer_yankdup,vector_integer_remove,vector_integer_empty,boolean_stackdepth,exec_do*times,integer_shove,vector_integer_nth,boolean_dup,boolean_not,integer_dup,boolean_flush,boolean_pop,exec_swap,boolean_swap,integer_add,exec_flush,integer_mod,integer_inc,boolean_invert_first_then_and,exec_rot,vector_integer_contains,integer_pop,exec_pop,vector_integer_eq,vector_integer_take,boolean_invert_second_then_and,integer_sub,vector_integer_rot,boolean_yank,integer_stackdepth,integer_dec,integer_gt,vector_integer_butlast,in1,vector_integer_pop,integer_lte,vector_integer_first,boolean_eq,exec_if,vector_integer_replace,exec_empty,exec_do*count,vector_integer_conj,exec_while,integer_fromboolean,integer_empty,vector_integer_dup
0.00455186532139,0.00135376719921,0.000844335639926,0.00182546308744,0.00375469927029,0.00230187593455,0.00103301399522,0.00467450625233,0.000424526299404,0.00214621629143,0.0014103707058,0.000806599968868,0.000962259611983,0.0018348970052,0.00275470398725,0.000910373064278,0.00364149225711,0.00137735199362,0.000933957858689,0.00225942330461,0.00128301281598,0.00229715897567,0.00208017886708,0.00234432856449,0.00129716369262,0.00225942330461,0.00443865830822,0.00118867363833,0.00382073669464,0.00153772859562,0.000646223366871,0.000938674817572,0.00210376366149,0.00142923854133,0.00135376719921,0.00398583025552,0.00470280800562,0.00150470988344,0.00408960335093,0.00331602209424,0.00144338941797,0.00319809812218,0.00222168763355,0.00253300691978,0.00452828052698,0.000386790628346,0.00156603034891,0.000382073669464,0.00176414262197,0.00305658935571,0.0012782958571,0.00316507941,0.00321696595771,0.000797166051104,0.00062263857246,0.00363677529823,0.00192923618285,0.00110376837845,0.00167923736209,0.00163206777327,0.00357545483276,0.00408016943316,0.00228300809902,0.0013301824048,0.00231602681119,0.000773581256692,0.00447639397927,0.00465092145792,0.00468394017009,0.00353300220282,0.00258489346748,0.0037782840647,0.00229244201678,0.000363205833935,0.00130188065151,0.00258489346748,0.00212263149702,0.00419809340522,0.00275942094613,0.00300941976689,0.00288206187707,0.00395752850222,0.00255659171419,0.00260376130301,0.00471695888227,0.000797166051104,0.00172640695091,0.00141508766468,0.00326413554653,0.000754713421163,0.003566020915,0.00440092263716,0.000292451450701,0.00466507233456,0.000287734491818,0.0011179192551,0.00302828760242,0.0027924396583
Gen 212
exec_eq,integer_swap,integer_gte,boolean_shove,boolean_and,vector_integer_flush,integer_lt,vector_integer_pushall,exec_do*vector_integer,vector_integer_reverse,vector_integer_concat,vector_integer_occurrencesof,vector_integer_subvec,integer_eq,vector_integer_yankdup,exec_yankdup,vector_integer_yank,vector_integer_swap,vector_integer_shove,exec_when,vector_integer_rest,boolean_or,boolean_empty,vector_integer_emptyvector,exec_do*while,integer_rot,exec_stackdepth,exec_do*range,vector_integer_replacefirst,vector_integer_last,exec_shove,boolean_xor,boolean_yankdup,boolean_frominteger,exec_yank,vector_integer_indexof,vector_integer_length,integer_div,integer_mult,integer_min,integer_flush,integer_yank,vector_integer_set,integer_max,exec_dup,exec_k,exec_noop,exec_s,exec_y,boolean_rot,vector_integer_stackdepth,integer_yankdup,vector_integer_remove,vector_integer_empty,boolean_stackdepth,exec_do*times,integer_shove,vector_integer_nth,boolean_dup,boolean_not,integer_dup,boolean_flush,boolean_pop,exec_swap,boolean_swap,integer_add,exec_flush,integer_mod,integer_inc,boolean_invert_first_then_and,exec_rot,vector_integer_contains,integer_pop,exec_pop,vector_integer_eq,vector_integer_take,boolean_invert_second_then_and,integer_sub,vector_integer_rot,boolean_yank,integer_stackdepth,integer_dec,integer_gt,vector_integer_butlast,in1,vector_integer_pop,integer_lte,vector_integer_first,boolean_eq,exec_if,vector_integer_replace,exec_empty,exec_do*count,vector_integer_conj,exec_while,integer_fromboolean,integer_empty,vector_integer_dup
0.0045070210938,0.00148825592368,0.000755864995939,0.00170891216473,0.00359153243412,0.00217369871503,0.00119717747804,0.00462439143478,0.000427228041183,0.00210327651044,0.00131454781902,0.000760559809578,0.000938962727875,0.00183567213299,0.00282158299726,0.000915488659678,0.00354458429773,0.0012159567326,0.000962436796071,0.00223942610598,0.00130515819175,0.00208919206952,0.00213144539228,0.00214552983319,0.00138027520998,0.00221595203778,0.00440843000737,0.00117839822348,0.00379340942061,0.00166665884198,0.000586851704922,0.000915488659678,0.00219247796959,0.00139435965089,0.00129576856447,0.0038873056934,0.00466664475754,0.00163848996014,0.0040422345435,0.00319716808841,0.00136619076906,0.00328167473392,0.00212675057864,0.00237557570152,0.0044600729574,0.000441312482101,0.00160093145103,0.000422533227544,0.0018121980648,0.00294364815189,0.00123943080079,0.00320186290205,0.00333331768395,0.000835676827808,0.000694832418627,0.00368542870691,0.00188262026939,0.00112675527345,0.00168543809653,0.00161971070558,0.0035774479932,0.00431922854822,0.00232862756513,0.00125821005535,0.00228637424237,0.000830982014169,0.00443659888921,0.00462439143478,0.0046619499439,0.00363378575687,0.00265256970625,0.00372298721602,0.00220186759687,0.000361500650232,0.00113145008709,0.002408439397,0.00205163356041,0.00415960488448,0.00260562156985,0.00297181703372,0.00296242740644,0.00397181233891,0.00243191346519,0.00270890746992,0.00469011882573,0.000779339064136,0.00187323064211,0.00135680114178,0.00320186290205,0.000741780555021,0.0034694672795,0.00437087149826,0.000244130309247,0.0046384758757,0.00030046807292,0.00118778785076,0.00285914150638,0.00283097262454
Gen 213
exec_eq,integer_swap,integer_gte,boolean_shove,boolean_and,vector_integer_flush,integer_lt,vector_integer_pushall,exec_do*vector_integer,vector_integer_reverse,vector_integer_concat,vector_integer_occurrencesof,vector_integer_subvec,integer_eq,vector_integer_yankdup,exec_yankdup,vector_integer_yank,vector_integer_swap,vector_integer_shove,exec_when,vector_integer_rest,boolean_or,boolean_empty,vector_integer_emptyvector,exec_do*while,integer_rot,exec_stackdepth,exec_do*range,vector_integer_replacefirst,vector_integer_last,exec_shove,boolean_xor,boolean_yankdup,boolean_frominteger,exec_yank,vector_integer_indexof,vector_integer_length,integer_div,integer_mult,integer_min,integer_flush,integer_yank,vector_integer_set,integer_max,exec_dup,exec_k,exec_noop,exec_s,exec_y,boolean_rot,vector_integer_stackdepth,integer_yankdup,vector_integer_remove,vector_integer_empty,boolean_stackdepth,exec_do*times,integer_shove,vector_integer_nth,boolean_dup,boolean_not,integer_dup,boolean_flush,boolean_pop,exec_swap,boolean_swap,integer_add,exec_flush,integer_mod,integer_inc,boolean_invert_first_then_and,exec_rot,vector_integer_contains,integer_pop,exec_pop,vector_integer_eq,vector_integer_take,boolean_invert_second_then_and,integer_sub,vector_integer_rot,boolean_yank,integer_stackdepth,integer_dec,integer_gt,vector_integer_butlast,in1,vector_integer_pop,integer_lte,vector_integer_first,boolean_eq,exec_if,vector_integer_replace,exec_empty,exec_do*count,vector_integer_conj,exec_while,integer_fromboolean,integer_empty,vector_integer_dup
0.00449997897206,0.00151868449213,0.000696258428699,0.00178036551231,0.00353269377246,0.00219625141939,0.00119625609226,0.00458409072855,0.000313082649146,0.00209812103682,0.00131775085163,0.000733641431582,0.00101868682857,0.0019112060224,0.0028083980916,0.000850463315592,0.00352334802174,0.00126167634731,0.000906537819917,0.00221494292083,0.0013691524806,0.00212148541362,0.00204671940785,0.00208410241074,0.00135513385451,0.00235512918164,0.00439250283877,0.00113550871258,0.00379437479264,0.00149999299069,0.000556072167887,0.000995322451764,0.00221027004547,0.00138317110668,0.00121962046906,0.00396727118098,0.00464951098359,0.00159345049789,0.00398128980706,0.0031027892393,0.00147195573852,0.00322895687403,0.00214952266578,0.00259344582502,0.00442988584165,0.000434577408517,0.00148130148925,0.0004719604114,0.00182242139055,0.00290185559881,0.00111214433577,0.00327568562764,0.00326633987692,0.000883173443115,0.000771024434465,0.00370559016079,0.00208410241074,0.00107008845753,0.0017102723819,0.00167288937902,0.00355605814926,0.00422895220116,0.00220559717011,0.00131307797627,0.00228970892659,0.000733641431582,0.00443455871702,0.00462147373143,0.00464016523287,0.0035280208971,0.00268223045687,0.00369624441007,0.00221961579619,0.000411213031715,0.00106541558217,0.00241120368596,0.00188316877024,0.00423362507652,0.00250933406853,0.00277568796407,0.00294858435241,0.00394390680417,0.00226167167443,0.0026541932047,0.00466820248504,0.000803734561988,0.00182242139055,0.00128971359947,0.0031027892393,0.000761678683744,0.00344390914061,0.0042943724562,0.000345792776669,0.00461212798071,0.000266353895543,0.00104672408073,0.00256540857286,0.00300465885673
Gen 214
exec_eq,integer_swap,integer_gte,boolean_shove,boolean_and,vector_integer_flush,integer_lt,vector_integer_pushall,exec_do*vector_integer,vector_integer_reverse,vector_integer_concat,vector_integer_occurrencesof,vector_integer_subvec,integer_eq,vector_integer_yankdup,exec_yankdup,vector_integer_yank,vector_integer_swap,vector_integer_shove,exec_when,vector_integer_rest,boolean_or,boolean_empty,vector_integer_emptyvector,exec_do*while,integer_rot,exec_stackdepth,exec_do*range,vector_integer_replacefirst,vector_integer_last,exec_shove,boolean_xor,boolean_yankdup,boolean_frominteger,exec_yank,vector_integer_indexof,vector_integer_length,integer_div,integer_mult,integer_min,integer_flush,integer_yank,vector_integer_set,integer_max,exec_dup,exec_k,exec_noop,exec_s,exec_y,boolean_rot,vector_integer_stackdepth,integer_yankdup,vector_integer_remove,vector_integer_empty,boolean_stackdepth,exec_do*times,integer_shove,vector_integer_nth,boolean_dup,boolean_not,integer_dup,boolean_flush,boolean_pop,exec_swap,boolean_swap,integer_add,exec_flush,integer_mod,integer_inc,boolean_invert_first_then_and,exec_rot,vector_integer_contains,integer_pop,exec_pop,vector_integer_eq,vector_integer_take,boolean_invert_second_then_and,integer_sub,vector_integer_rot,boolean_yank,integer_stackdepth,integer_dec,integer_gt,vector_integer_butlast,in1,vector_integer_pop,integer_lte,vector_integer_first,boolean_eq,exec_if,vector_integer_replace,exec_empty,exec_do*count,vector_integer_conj,exec_while,integer_fromboolean,integer_empty,vector_integer_dup
0.00445114208771,0.00145580718229,0.000827903126032,0.00187440988647,0.00358602983242,0.00231161715527,0.00119999441863,0.00452556034623,0.000344184445654,0.00203254868582,0.00123720354789,0.00062790405626,0.000958135078441,0.00197673499193,0.00286045181185,0.000767438290985,0.00360463439705,0.00131627294757,0.000953483937284,0.00220464090865,0.00117208757169,0.00201859526235,0.00196743270962,0.00202789754466,0.00139069120609,0.00224185003791,0.00439997953498,0.00116743643053,0.00370230836136,0.00147906288808,0.000530230091953,0.000883716819922,0.00223254775559,0.00149766745271,0.00134883093567,0.00378602890219,0.00463718773401,0.0016185971228,0.00402788824238,0.00306045088162,0.0013348775122,0.00310231115204,0.00197208385077,0.00249301166041,0.00442788638192,0.000469765256906,0.0015860391347,0.000641857479733,0.00179534048679,0.00264649931861,0.00127906381831,0.00343719331538,0.00339998418612,0.000799996279087,0.00079534513793,0.00365579694978,0.00209766466202,0.0010279021958,0.00178603820447,0.00173487565174,0.00366975037325,0.0042883521472,0.00219533862633,0.00126976153599,0.00220464090865,0.000581392644685,0.0044418398054,0.00459067632244,0.00460928088707,0.00342323989191,0.0025813833424,0.00371626178483,0.00220464090865,0.000344184445654,0.000939530513812,0.00228371030832,0.00185115418068,0.00408835307743,0.0024837093781,0.00291626550574,0.0029209166469,0.00393951656039,0.00233487286106,0.00276277784754,0.00463718773401,0.000809298561402,0.00187906102762,0.00119999441863,0.0031069622932,0.000753484867512,0.00341393760959,0.00438602611151,0.000297673034079,0.00456276947549,0.000265115045977,0.00120929670095,0.00267440616555,0.00306975316394
Gen 215
exec_eq,integer_swap,integer_gte,boolean_shove,boolean_and,vector_integer_flush,integer_lt,vector_integer_pushall,exec_do*vector_integer,vector_integer_reverse,vector_integer_concat,vector_integer_occurrencesof,vector_integer_subvec,integer_eq,vector_integer_yankdup,exec_yankdup,vector_integer_yank,vector_integer_swap,vector_integer_shove,exec_when,vector_integer_rest,boolean_or,boolean_empty,vector_integer_emptyvector,exec_do*while,integer_rot,exec_stackdepth,exec_do*range,vector_integer_replacefirst,vector_integer_last,exec_shove,boolean_xor,boolean_yankdup,boolean_frominteger,exec_yank,vector_integer_indexof,vector_integer_length,integer_div,integer_mult,integer_min,integer_flush,integer_yank,vector_integer_set,integer_max,exec_dup,exec_k,exec_noop,exec_s,exec_y,boolean_rot,vector_integer_stackdepth,integer_yankdup,vector_integer_remove,vector_integer_empty,boolean_stackdepth,exec_do*times,integer_shove,vector_integer_nth,boolean_dup,boolean_not,integer_dup,boolean_flush,boolean_pop,exec_swap,boolean_swap,integer_add,exec_flush,integer_mod,integer_inc,boolean_invert_first_then_and,exec_rot,vector_integer_contains,integer_pop,exec_pop,vector_integer_eq,vector_integer_take,boolean_invert_second_then_and,integer_sub,vector_integer_rot,boolean_yank,integer_stackdepth,integer_dec,integer_gt,vector_integer_butlast,in1,vector_integer_pop,integer_lte,vector_integer_first,boolean_eq,exec_if,vector_integer_replace,exec_empty,exec_do*count,vector_integer_conj,exec_while,integer_fromboolean,integer_empty,vector_integer_dup
0.00443979426021,0.00139351206707,0.000759255744186,0.00201387956537,0.00342128045703,0.00213887898667,0.00137499363429,0.00448609034217,0.000310183749149,0.00201850917357,0.00116666126546,0.000615737890102,0.000879625557289,0.00191202818505,0.00293054198823,0.00079166300156,0.00347220614719,0.00142128971625,0.000898143990074,0.00229165605715,0.00110647635891,0.00220369350142,0.00183795445391,0.00211110133749,0.00171295503262,0.00216202702765,0.00436109092088,0.00117592048185,0.00367590890783,0.0013611048097,0.00042129434586,0.000893514381878,0.00232869292272,0.00137036402609,0.00131480872774,0.00390275970945,0.00460183054708,0.00163888130148,0.00400461108976,0.00305554140953,0.00124999421299,0.00316202239804,0.00196758348341,0.00241202587025,0.00442590543562,0.000509256901588,0.00147684501461,0.000615737890102,0.00182406562933,0.00265276549646,0.00125462382119,0.00344905810621,0.00322683691279,0.000796292609756,0.000759255744186,0.00364350165046,0.00198610191619,0.000805551826149,0.00175462150638,0.0017361030736,0.00367127929963,0.00417127698483,0.00219906389322,0.00113888361628,0.00231017448993,0.000662033972065,0.00432405405531,0.00454627524873,0.00456479368151,0.00340739163245,0.00268054314563,0.00368053851603,0.00236572978829,0.000361109439308,0.000990736153999,0.00230091527354,0.00201850917357,0.00414349933565,0.00255554372433,0.00299998611118,0.0028472090407,0.00396757422419,0.00244906273582,0.00280554256693,0.00462497858806,0.0008657367327,0.00199536113259,0.00129166068676,0.00291202355545,0.000712959662224,0.00340739163245,0.00429164679793,0.000314813357346,0.00455090485692,0.000314813357346,0.00131480872774,0.00270832079481,0.00300924532757
Gen 216
exec_eq,integer_swap,integer_gte,boolean_shove,boolean_and,vector_integer_flush,integer_lt,vector_integer_pushall,exec_do*vector_integer,vector_integer_reverse,vector_integer_concat,vector_integer_occurrencesof,vector_integer_subvec,integer_eq,vector_integer_yankdup,exec_yankdup,vector_integer_yank,vector_integer_swap,vector_integer_shove,exec_when,vector_integer_rest,boolean_or,boolean_empty,vector_integer_emptyvector,exec_do*while,integer_rot,exec_stackdepth,exec_do*range,vector_integer_replacefirst,vector_integer_last,exec_shove,boolean_xor,boolean_yankdup,boolean_frominteger,exec_yank,vector_integer_indexof,vector_integer_length,integer_div,integer_mult,integer_min,integer_flush,integer_yank,vector_integer_set,integer_max,exec_dup,exec_k,exec_noop,exec_s,exec_y,boolean_rot,vector_integer_stackdepth,integer_yankdup,vector_integer_remove,vector_integer_empty,boolean_stackdepth,exec_do*times,integer_shove,vector_integer_nth,boolean_dup,boolean_not,integer_dup,boolean_flush,boolean_pop,exec_swap,boolean_swap,integer_add,exec_flush,integer_mod,integer_inc,boolean_invert_first_then_and,exec_rot,vector_integer_contains,integer_pop,exec_pop,vector_integer_eq,vector_integer_take,boolean_invert_second_then_and,integer_sub,vector_integer_rot,boolean_yank,integer_stackdepth,integer_dec,integer_gt,vector_integer_butlast,in1,vector_integer_pop,integer_lte,vector_integer_first,boolean_eq,exec_if,vector_integer_replace,exec_empty,exec_do*count,vector_integer_conj,exec_while,integer_fromboolean,integer_empty,vector_integer_dup
0.0044331592942,0.00143317311902,0.000760365159608,0.00197694941498,0.00346542181833,0.0022119713734,0.00135483246621,0.00452993304178,0.000410136358819,0.00198616596237,0.00112441878148,0.000746540338524,0.000801839622859,0.00189400048848,0.00287556278542,0.000700457601578,0.00346542181833,0.00151612204552,0.00095391265478,0.00218893000493,0.00117971806582,0.00206911488887,0.00186635084631,0.00208293970996,0.00156681305616,0.00220736309971,0.00436864346247,0.00123962562385,0.00368201068198,0.0013594407399,0.000474652190543,0.000778798254386,0.0023824775001,0.00135483246621,0.00116128497104,0.00384330026129,0.00456219095765,0.00164054543527,0.00403684775646,0.00302302754365,0.00124884217123,0.00319353367035,0.00216128036276,0.00257141672158,0.00439629310464,0.00050230183271,0.0014516062138,0.00056220939074,0.0017926184672,0.00268662356395,0.00137787383468,0.00339629771291,0.00327187432316,0.000820272717637,0.000691241054189,0.00361749485025,0.00185713429892,0.000824880991332,0.00161289579311,0.00158985442463,0.00367279413459,0.0041750959673,0.00210598107843,0.0011889346132,0.00229031202621,0.000737323791135,0.00433177727292,0.00452532476809,0.00453454131548,0.00354376247114,0.00285252141695,0.00367740240828,0.00230874512099,0.000327187432316,0.000958520928475,0.00212441417321,0.00201381560454,0.00405988912493,0.00249307606877,0.0030691102806,0.002640540827,0.00386634162976,0.00241012714227,0.00299537790148,0.00459444887351,0.000875572001972,0.0019585163202,0.00124884217123,0.00299998617518,0.000769581706997,0.00352072110267,0.00428108626228,0.000285712969065,0.00456219095765,0.000331795706011,0.00135022419252,0.00274192284828,0.00302763581735
Gen 217
exec_eq,integer_swap,integer_gte,boolean_shove,boolean_and,vector_integer_flush,integer_lt,vector_integer_pushall,exec_do*vector_integer,vector_integer_reverse,vector_integer_concat,vector_integer_occurrencesof,vector_integer_subvec,integer_eq,vector_integer_yankdup,exec_yankdup,vector_integer_yank,vector_integer_swap,vector_integer_shove,exec_when,vector_integer_rest,boolean_or,boolean_empty,vector_integer_emptyvector,exec_do*while,integer_rot,exec_stackdepth,exec_do*range,vector_integer_replacefirst,vector_integer_last,exec_shove,boolean_xor,boolean_yankdup,boolean_frominteger,exec_yank,vector_integer_indexof,vector_integer_length,integer_div,integer_mult,integer_min,integer_flush,integer_yank,vector_integer_set,integer_max,exec_dup,exec_k,exec_noop,exec_s,exec_y,boolean_rot,vector_integer_stackdepth,integer_yankdup,vector_integer_remove,vector_integer_empty,boolean_stackdepth,exec_do*times,integer_shove,vector_integer_nth,boolean_dup,boolean_not,integer_dup,boolean_flush,boolean_pop,exec_swap,boolean_swap,integer_add,exec_flush,integer_mod,integer_inc,boolean_invert_first_then_and,exec_rot,vector_integer_contains,integer_pop,exec_pop,vector_integer_eq,vector_integer_take,boolean_invert_second_then_and,integer_sub,vector_integer_rot,boolean_yank,integer_stackdepth,integer_dec,integer_gt,vector_integer_butlast,in1,vector_integer_pop,integer_lte,vector_integer_first,boolean_eq,exec_if,vector_integer_replace,exec_empty,exec_do*count,vector_integer_conj,exec_while,integer_fromboolean,integer_empty,vector_integer_dup
0.00440823665946,0.00149081884945,0.000848619960459,0.00201833936542,0.00345411259581,0.00218347622259,0.00138531474626,0.00454585070711,0.00039449360324,0.00181650542887,0.00108256384145,0.000678895968367,0.000747702992188,0.00187613818285,0.00285319792111,0.000683483103289,0.00351833248471,0.00157338727804,0.00102751822239,0.00200916509557,0.00116971940496,0.00204586217494,0.00192200953207,0.00198622942097,0.00150458025422,0.00226145751625,0.00437153958009,0.00127981064307,0.00357796523869,0.0012431135637,0.000477062031826,0.000866968500144,0.00237613588928,0.00146788317485,0.00119724221449,0.0038577804689,0.00455502497695,0.00173852413521,0.00394952316732,0.00299081196875,0.00109632524621,0.00314218742116,0.00213760487337,0.00257338269091,0.00441282379439,0.000513759111197,0.00144036036532,0.000600914674703,0.00177522121458,0.00257338269091,0.0013715533415,0.00344493832597,0.00325686579419,0.000793574341402,0.000582566135018,0.00369723074665,0.00193577093683,0.000839445690616,0.0015642130082,0.00169723992092,0.00374310209586,0.00418346704832,0.002100907794,0.00120182934941,0.00244953004803,0.000600914674703,0.0043944752547,0.00453208930234,0.00449997935789,0.00362842372283,0.00292200494493,0.00376145063555,0.00258714409567,0.000357796523869,0.00075229012711,0.00219265049243,0.00198164228604,0.00408713721497,0.00233485167499,0.00312383888147,0.00267429965918,0.0038164962546,0.00246329145279,0.00308255466718,0.00457796065156,0.000908252714437,0.00204127504002,0.00129815918276,0.00294035348462,0.000825684285852,0.00358255237361,0.00436236531025,0.000275228095284,0.00455043784203,0.00029357663497,0.00159632295265,0.00284402365127,0.00316512309577
Gen 218
exec_eq,integer_swap,integer_gte,boolean_shove,boolean_and,vector_integer_flush,integer_lt,vector_integer_pushall,exec_do*vector_integer,vector_integer_reverse,vector_integer_concat,vector_integer_occurrencesof,vector_integer_subvec,integer_eq,vector_integer_yankdup,exec_yankdup,vector_integer_yank,vector_integer_swap,vector_integer_shove,exec_when,vector_integer_rest,boolean_or,boolean_empty,vector_integer_emptyvector,exec_do*while,integer_rot,exec_stackdepth,exec_do*range,vector_integer_replacefirst,vector_integer_last,exec_shove,boolean_xor,boolean_yankdup,boolean_frominteger,exec_yank,vector_integer_indexof,vector_integer_length,integer_div,integer_mult,integer_min,integer_flush,integer_yank,vector_integer_set,integer_max,exec_dup,exec_k,exec_noop,exec_s,exec_y,boolean_rot,vector_integer_stackdepth,integer_yankdup,vector_integer_remove,vector_integer_empty,boolean_stackdepth,exec_do*times,integer_shove,vector_integer_nth,boolean_dup,boolean_not,integer_dup,boolean_flush,boolean_pop,exec_swap,boolean_swap,integer_add,exec_flush,integer_mod,integer_inc,boolean_invert_first_then_and,exec_rot,vector_integer_contains,integer_pop,exec_pop,vector_integer_eq,vector_integer_take,boolean_invert_second_then_and,integer_sub,vector_integer_rot,boolean_yank,integer_stackdepth,integer_dec,integer_gt,vector_integer_butlast,in1,vector_integer_pop,integer_lte,vector_integer_first,boolean_eq,exec_if,vector_integer_replace,exec_empty,exec_do*count,vector_integer_conj,exec_while,integer_fromboolean,integer_empty,vector_integer_dup
0.00438354162766,0.00147031292095,0.00079908310921,0.00210501321912,0.00346117141018,0.00215524130027,0.00148401148853,0.00448856397916,0.000365295135639,0.00177624759704,0.00102739256898,0.000593604595413,0.000680362190127,0.00199999086762,0.0030319496258,0.00061643554139,0.00346573759937,0.00149314386692,0.00100456162301,0.00198629230004,0.0011141501637,0.00194519659728,0.00192693184049,0.00195889516486,0.00150227624531,0.00215980748946,0.00438810781686,0.00107762065013,0.00357532614006,0.00135159200186,0.000383559892421,0.000840178811969,0.00263925735499,0.00129679773152,0.00112328254209,0.0037397089511,0.00454335824951,0.0019223656513,0.00386299605938,0.00298172154465,0.00125570202876,0.00305021438258,0.00209131465153,0.00252053643591,0.00440180638445,0.000538810325067,0.00122373870439,0.000575339838631,0.00176711521865,0.00249313930073,0.00129223154232,0.00356162757248,0.00330135478833,0.000721457892886,0.000461185108744,0.00377623846466,0.00186757138095,0.000744288838864,0.00149314386692,0.00154793813727,0.00388582700536,0.00415523216789,0.00217807224625,0.00122830489358,0.00238355076004,0.000625567919781,0.00436527687088,0.00451596111433,0.00450682873594,0.0036392527888,0.00299542011224,0.00375797370788,0.00253880119269,0.000242008027361,0.000744288838864,0.00213241035429,0.00198172611084,0.00407304076237,0.00228309459774,0.00331505335592,0.00260729403062,0.00387669462697,0.00250683786832,0.00321003100442,0.00456618919548,0.000808215487601,0.00213241035429,0.00132419486669,0.00289953013913,0.000812781676796,0.00365295135639,0.00437440924927,0.000264838973338,0.00451596111433,0.000342464189661,0.00160729859681,0.00264838973338,0.00324656051799
Gen 219
exec_eq,integer_swap,integer_gte,boolean_shove,boolean_and,vector_integer_flush,integer_lt,vector_integer_pushall,exec_do*vector_integer,vector_integer_reverse,vector_integer_concat,vector_integer_occurrencesof,vector_integer_subvec,integer_eq,vector_integer_yankdup,exec_yankdup,vector_integer_yank,vector_integer_swap,vector_integer_shove,exec_when,vector_integer_rest,boolean_or,boolean_empty,vector_integer_emptyvector,exec_do*while,integer_rot,exec_stackdepth,exec_do*range,vector_integer_replacefirst,vector_integer_last,exec_shove,boolean_xor,boolean_yankdup,boolean_frominteger,exec_yank,vector_integer_indexof,vector_integer_length,integer_div,integer_mult,integer_min,integer_flush,integer_yank,vector_integer_set,integer_max,exec_dup,exec_k,exec_noop,exec_s,exec_y,boolean_rot,vector_integer_stackdepth,integer_yankdup,vector_integer_remove,vector_integer_empty,boolean_stackdepth,exec_do*times,integer_shove,vector_integer_nth,boolean_dup,boolean_not,integer_dup,boolean_flush,boolean_pop,exec_swap,boolean_swap,integer_add,exec_flush,integer_mod,integer_inc,boolean_invert_first_then_and,exec_rot,vector_integer_contains,integer_pop,exec_pop,vector_integer_eq,vector_integer_take,boolean_invert_second_then_and,integer_sub,vector_integer_rot,boolean_yank,integer_stackdepth,integer_dec,integer_gt,vector_integer_butlast,in1,vector_integer_pop,integer_lte,vector_integer_first,boolean_eq,exec_if,vector_integer_replace,exec_empty,exec_do*count,vector_integer_conj,exec_while,integer_fromboolean,integer_empty,vector_integer_dup
0.00440452543398,0.00149544774796,0.00067272421489,0.00216362652897,0.00335453020668,0.00206362698351,0.00147726601243,0.0044272526034,0.00025908973141,0.00165453793392,0.000949995681838,0.000609088140508,0.000722723987618,0.00184999159095,0.0028818050827,0.000640906177699,0.00348180235544,0.00134544842978,0.000949995681838,0.00185453702483,0.00120908541325,0.00163635619838,0.00191817309921,0.00193635483475,0.00137726646697,0.00219999000005,0.0043681619629,0.0011363584711,0.00354543842983,0.00125453975209,0.000463634256208,0.000868177871919,0.00257726101245,0.0014272662397,0.00124999431821,0.00353180212817,0.00452270671497,0.00191362766533,0.00373180121909,0.00291816855378,0.00122726714879,0.00303634983477,0.00198635460748,0.0024454434298,0.00440452543398,0.00059999727274,0.00111363130168,0.000540906632243,0.00167271966946,0.00239544365707,0.00128635778928,0.00365452884305,0.0032908941323,0.000795450929769,0.000386361880173,0.00378180099181,0.00176362834714,0.000754542024809,0.00159999272731,0.00159544729342,0.00389543683892,0.00414089026868,0.00212271762401,0.00123635801655,0.00226362607443,0.000659087913237,0.00435452566125,0.00449088867778,0.00449997954555,0.00366361971082,0.00297725919428,0.00357725646702,0.00261816991741,0.000231817128104,0.000731814855387,0.00204999068186,0.00191817309921,0.00411361766537,0.00220453543393,0.00324089435957,0.00245907973146,0.003813619029,0.0024454434298,0.00315907654965,0.00454543388439,0.000827268966959,0.00221817173558,0.00113181303721,0.00277271466948,0.000704542252081,0.00349998409098,0.00425907154967,0.000268180599179,0.00449997954555,0.000359089276867,0.00160908359507,0.00267271512402,0.00323634892569
Gen 220
exec_eq,integer_swap,integer_gte,boolean_shove,boolean_and,vector_integer_flush,integer_lt,vector_integer_pushall,exec_do*vector_integer,vector_integer_reverse,vector_integer_concat,vector_integer_occurrencesof,vector_integer_subvec,integer_eq,vector_integer_yankdup,exec_yankdup,vector_integer_yank,vector_integer_swap,vector_integer_shove,exec_when,vector_integer_rest,boolean_or,boolean_empty,vector_integer_emptyvector,exec_do*while,integer_rot,exec_stackdepth,exec_do*range,vector_integer_replacefirst,vector_integer_last,exec_shove,boolean_xor,boolean_yankdup,boolean_frominteger,exec_yank,vector_integer_indexof,vector_integer_length,integer_div,integer_mult,integer_min,integer_flush,integer_yank,vector_integer_set,integer_max,exec_dup,exec_k,exec_noop,exec_s,exec_y,boolean_rot,vector_integer_stackdepth,integer_yankdup,vector_integer_remove,vector_integer_empty,boolean_stackdepth,exec_do*times,integer_shove,vector_integer_nth,boolean_dup,boolean_not,integer_dup,boolean_flush,boolean_pop,exec_swap,boolean_swap,integer_add,exec_flush,integer_mod,integer_inc,boolean_invert_first_then_and,exec_rot,vector_integer_contains,integer_pop,exec_pop,vector_integer_eq,vector_integer_take,boolean_invert_second_then_and,integer_sub,vector_integer_rot,boolean_yank,integer_stackdepth,integer_dec,integer_gt,vector_integer_butlast,in1,vector_integer_pop,integer_lte,vector_integer_first,boolean_eq,exec_if,vector_integer_replace,exec_empty,exec_do*count,vector_integer_conj,exec_while,integer_fromboolean,integer_empty,vector_integer_dup
0.00435292147999,0.00146153184827,0.000778277021371,0.00217193587359,0.00325337894399,0.00216741100719,0.00151583024511,0.00442531934245,0.000235293052973,0.00171944923326,0.000990945742327,0.000597282365238,0.000692304559708,0.00194569255343,0.0027284944412,0.000642531029271,0.00336197573767,0.00128053719214,0.000882348948647,0.00186876982457,0.00114931606644,0.001638001638,0.00187329469097,0.00199094121746,0.00129863665775,0.00209048827833,0.00432124741517,0.00115384093285,0.00344794819933,0.00121266419609,0.000484160705155,0.000728503490934,0.00257012411709,0.001357459921,0.00124886312732,0.00348414713056,0.0044931923385,0.00188686929018,0.003814462378,0.00292306369654,0.00113121660083,0.00295021289496,0.00196379201904,0.00228505753368,0.0043574463464,0.000678729960498,0.00112216686802,0.000511309903575,0.00171039950045,0.0024479527242,0.00132126098977,0.00361989312266,0.00325790381039,0.000868774349437,0.000375563911476,0.00375563911476,0.00157012864195,0.000760177555758,0.00154750430994,0.00154297944353,0.00380993751159,0.004095004095,0.00207691367912,0.00118551499767,0.00224433373605,0.000728503490934,0.00430314794956,0.0044931923385,0.00446604314008,0.00365156718748,0.00290043936453,0.00355654499301,0.00248867652183,0.000276016850602,0.000819000819001,0.0020407147479,0.00184614549255,0.0040904792286,0.0021809856064,0.00329862760802,0.00252035058665,0.00372848991634,0.00223528400324,0.00300903615821,0.00451581667051,0.000710404025321,0.00210406287754,0.00118551499767,0.00284614096769,0.000696829426111,0.00350224659617,0.00418550142307,0.000280541717006,0.00448866747209,0.000416287709105,0.00162895190519,0.00264704684594,0.00319455568074
Gen 221
exec_eq,integer_swap,integer_gte,boolean_shove,boolean_and,vector_integer_flush,integer_lt,vector_integer_pushall,exec_do*vector_integer,vector_integer_reverse,vector_integer_concat,vector_integer_occurrencesof,vector_integer_subvec,integer_eq,vector_integer_yankdup,exec_yankdup,vector_integer_yank,vector_integer_swap,vector_integer_shove,exec_when,vector_integer_rest,boolean_or,boolean_empty,vector_integer_emptyvector,exec_do*while,integer_rot,exec_stackdepth,exec_do*range,vector_integer_replacefirst,vector_integer_last,exec_shove,boolean_xor,boolean_yankdup,boolean_frominteger,exec_yank,vector_integer_indexof,vector_integer_length,integer_div,integer_mult,integer_min,integer_flush,integer_yank,vector_integer_set,integer_max,exec_dup,exec_k,exec_noop,exec_s,exec_y,boolean_rot,vector_integer_stackdepth,integer_yankdup,vector_integer_remove,vector_integer_empty,boolean_stackdepth,exec_do*times,integer_shove,vector_integer_nth,boolean_dup,boolean_not,integer_dup,boolean_flush,boolean_pop,exec_swap,boolean_swap,integer_add,exec_flush,integer_mod,integer_inc,boolean_invert_first_then_and,exec_rot,vector_integer_contains,integer_pop,exec_pop,vector_integer_eq,vector_integer_take,boolean_invert_second_then_and,integer_sub,vector_integer_rot,boolean_yank,integer_stackdepth,integer_dec,integer_gt,vector_integer_butlast,in1,vector_integer_pop,integer_lte,vector_integer_first,boolean_eq,exec_if,vector_integer_replace,exec_empty,exec_do*count,vector_integer_conj,exec_while,integer_fromboolean,integer_empty,vector_integer_dup
0.00430628690862,0.00152702014856,0.000738735411102,0.00218017035959,0.00329277796046,0.0022792690123,0.00146846185378,0.0043963765929,0.000360358737123,0.00163512776969,0.000963959621804,0.000657654695249,0.000720717474246,0.00191440579096,0.00270269052842,0.000630627789965,0.00332430934996,0.00126576006414,0.000909905811235,0.00188737888568,0.00118467934829,0.00164864122234,0.00195044166468,0.0020540448016,0.00113963450615,0.00213062103324,0.00431980036126,0.00129729145364,0.00335584073946,0.00126125557993,0.000400899095049,0.0007702668006,0.00249097977036,0.00141440804321,0.00122521970622,0.00346394836059,0.00444592591925,0.00195945063311,0.0036576411818,0.00286935644434,0.00108558069558,0.00290989680227,0.0020225134121,0.00217566587538,0.00438286314026,0.000585582947825,0.00101801343237,0.000518015684614,0.00178377574876,0.0025360246125,0.00130179593786,0.0036576411818,0.00334683177103,0.000878374421737,0.000427926000333,0.00379728019243,0.00166665915919,0.000923419263877,0.00146846185378,0.00145044391692,0.00387385642407,0.00402700888735,0.00182431610668,0.00124323764307,0.00221170174909,0.000729726442674,0.00431529587705,0.0044279079824,0.00440989004554,0.00364412772915,0.00285133850748,0.00354953356066,0.00270269052842,0.000328827347625,0.000711708505818,0.00199999099103,0.00182431610668,0.00410358511899,0.00209008067531,0.00321169724461,0.002504493223,0.00374322638186,0.00218017035959,0.00297295958126,0.00449997972982,0.000680177116319,0.0023108004018,0.00117116589565,0.00294593267598,0.00074774437953,0.00334683177103,0.00426574655069,0.000229728694916,0.00443691695082,0.000387385642407,0.00161260534862,0.00242791699136,0.00307205823397
Gen 222
exec_eq,integer_swap,integer_gte,boolean_shove,boolean_and,vector_integer_flush,integer_lt,vector_integer_pushall,exec_do*vector_integer,vector_integer_reverse,vector_integer_concat,vector_integer_occurrencesof,vector_integer_subvec,integer_eq,vector_integer_yankdup,exec_yankdup,vector_integer_yank,vector_integer_swap,vector_integer_shove,exec_when,vector_integer_rest,boolean_or,boolean_empty,vector_integer_emptyvector,exec_do*while,integer_rot,exec_stackdepth,exec_do*range,vector_integer_replacefirst,vector_integer_last,exec_shove,boolean_xor,boolean_yankdup,boolean_frominteger,exec_yank,vector_integer_indexof,vector_integer_length,integer_div,integer_mult,integer_min,integer_flush,integer_yank,vector_integer_set,integer_max,exec_dup,exec_k,exec_noop,exec_s,exec_y,boolean_rot,vector_integer_stackdepth,integer_yankdup,vector_integer_remove,vector_integer_empty,boolean_stackdepth,exec_do*times,integer_shove,vector_integer_nth,boolean_dup,boolean_not,integer_dup,boolean_flush,boolean_pop,exec_swap,boolean_swap,integer_add,exec_flush,integer_mod,integer_inc,boolean_invert_first_then_and,exec_rot,vector_integer_contains,integer_pop,exec_pop,vector_integer_eq,vector_integer_take,boolean_invert_second_then_and,integer_sub,vector_integer_rot,boolean_yank,integer_stackdepth,integer_dec,integer_gt,vector_integer_butlast,in1,vector_integer_pop,integer_lte,vector_integer_first,boolean_eq,exec_if,vector_integer_replace,exec_empty,exec_do*count,vector_integer_conj,exec_while,integer_fromboolean,integer_empty,vector_integer_dup
0.0043452719943,0.00162331110623,0.000668158438751,0.00227801669051,0.00321523221869,0.00232734382357,0.00150223541598,0.00440805198183,0.000412554203793,0.00150223541598,0.00092376267371,0.000735422711109,0.000784749844171,0.00188788391083,0.00264572804606,0.000681611293223,0.00335872933305,0.00131389545338,0.000959636952301,0.00182958820812,0.00104932264878,0.00169057537859,0.00191478961978,0.00204034959484,0.00113452406043,0.00203586531002,0.00430491343088,0.00132286402303,0.00326904363658,0.00130492688374,0.000381164210026,0.00071300128699,0.00251119950135,0.00121972547208,0.00121972547208,0.00345738359918,0.0044394419756,0.00204931816449,0.00372644068861,0.00265021233089,0.00100447980054,0.00281164658454,0.00198205389214,0.00227353240568,0.00437666198806,0.000659189869104,0.00104035407913,0.000452912767207,0.00184752534742,0.00248877807723,0.00123317832655,0.00381164210026,0.00331837076964,0.000878919825472,0.000367711355554,0.00377128353685,0.00164124824552,0.000919278388886,0.00162331110623,0.00147084542222,0.00391926493603,0.00410760489863,0.00173541822682,0.00116142976937,0.00217487813956,0.000735422711109,0.0043452719943,0.00441702055148,0.00440356769701,0.00370850354931,0.00285648943278,0.00356949071977,0.00265918090053,0.000367711355554,0.000641252729808,0.00213003529132,0.00159640539729,0.00399998206286,0.00233631239322,0.00329146506069,0.00260088519782,0.00371298783414,0.00219729956368,0.00287442657208,0.00447980053901,0.000663674153928,0.00232285953875,0.00101793265501,0.00281613086937,0.000668158438751,0.00337218218752,0.00420177487993,0.000255604234959,0.0044215048363,0.00032735279214,0.00164573253035,0.00237667095663,0.0031614208008
Gen 223
exec_eq,integer_swap,integer_gte,boolean_shove,boolean_and,vector_integer_flush,integer_lt,vector_integer_pushall,exec_do*vector_integer,vector_integer_reverse,vector_integer_concat,vector_integer_occurrencesof,vector_integer_subvec,integer_eq,vector_integer_yankdup,exec_yankdup,vector_integer_yank,vector_integer_swap,vector_integer_shove,exec_when,vector_integer_rest,boolean_or,boolean_empty,vector_integer_emptyvector,exec_do*while,integer_rot,exec_stackdepth,exec_do*range,vector_integer_replacefirst,vector_integer_last,exec_shove,boolean_xor,boolean_yankdup,boolean_frominteger,exec_yank,vector_integer_indexof,vector_integer_length,integer_div,integer_mult,integer_min,integer_flush,integer_yank,vector_integer_set,integer_max,exec_dup,exec_k,exec_noop,exec_s,exec_y,boolean_rot,vector_integer_stackdepth,integer_yankdup,vector_integer_remove,vector_integer_empty,boolean_stackdepth,exec_do*times,integer_shove,vector_integer_nth,boolean_dup,boolean_not,integer_dup,boolean_flush,boolean_pop,exec_swap,boolean_swap,integer_add,exec_flush,integer_mod,integer_inc,boolean_invert_first_then_and,exec_rot,vector_integer_contains,integer_pop,exec_pop,vector_integer_eq,vector_integer_take,boolean_invert_second_then_and,integer_sub,vector_integer_rot,boolean_yank,integer_stackdepth,integer_dec,integer_gt,vector_integer_butlast,in1,vector_integer_pop,integer_lte,vector_integer_first,boolean_eq,exec_if,vector_integer_replace,exec_empty,exec_do*count,vector_integer_conj,exec_while,integer_fromboolean,integer_empty,vector_integer_dup
0.00432587354521,0.00154910022723,0.000696425462386,0.00243302485257,0.00318302150437,0.00228570408168,0.00142856505105,0.00434819487413,0.000428569515315,0.00154017169566,0.000906245954259,0.000754460917585,0.000683032665033,0.00172767085861,0.00276784478641,0.000598211615127,0.00340177052781,0.00125892295124,0.00103570966201,0.00178124204803,0.00108481658564,0.00169642099812,0.00186606309793,0.00200891960304,0.00122767309075,0.00197320547676,0.00434373060835,0.00110713791456,0.00331248521212,0.00118749469868,0.000392855389038,0.000638390007187,0.0025669528261,0.00127678001437,0.00118749469868,0.00339284199624,0.00441069459511,0.00209820491873,0.00357587689341,0.00260713121816,0.000973209941027,0.00282141597582,0.00185267030058,0.00224106142383,0.00434373060835,0.00056249748885,0.000906245954259,0.000437498046884,0.00188392016107,0.00246427471306,0.00122767309075,0.00379462591685,0.00332587800947,0.000879460359552,0.0003749983259,0.00382141151156,0.00158481435351,0.000986602738381,0.00166963540341,0.00137499386163,0.00401337494029,0.00414730291383,0.00175445645332,0.00106249525672,0.00203570519774,0.00066071133611,0.00426337382422,0.00438390900041,0.00438837326619,0.00370087633537,0.00295980821514,0.00374105472743,0.00276338052062,0.000410712452177,0.000504462033652,0.00198659827411,0.00159374288508,0.00408480319284,0.00230356114482,0.00342409185673,0.00244195338414,0.00368748353802,0.00222320436069,0.00300891513877,0.00445533725296,0.000575890286204,0.00245981044727,0.00116070910398,0.00286159436788,0.000678568399248,0.00328569961741,0.00419640983746,0.000290177275994,0.00439283753198,0.000383926857469,0.001616064214,0.00229463261325,0.00319195003594
Gen 224
exec_eq,integer_swap,integer_gte,boolean_shove,boolean_and,vector_integer_flush,integer_lt,vector_integer_pushall,exec_do*vector_integer,vector_integer_reverse,vector_integer_concat,vector_integer_occurrencesof,vector_integer_subvec,integer_eq,vector_integer_yankdup,exec_yankdup,vector_integer_yank,vector_integer_swap,vector_integer_shove,exec_when,vector_integer_rest,boolean_or,boolean_empty,vector_integer_emptyvector,exec_do*while,integer_rot,exec_stackdepth,exec_do*range,vector_integer_replacefirst,vector_integer_last,exec_shove,boolean_xor,boolean_yankdup,boolean_frominteger,exec_yank,vector_integer_indexof,vector_integer_length,integer_div,integer_mult,integer_min,integer_flush,integer_yank,vector_integer_set,integer_max,exec_dup,exec_k,exec_noop,exec_s,exec_y,boolean_rot,vector_integer_stackdepth,integer_yankdup,vector_integer_remove,vector_integer_empty,boolean_stackdepth,exec_do*times,integer_shove,vector_integer_nth,boolean_dup,boolean_not,integer_dup,boolean_flush,boolean_pop,exec_swap,boolean_swap,integer_add,exec_flush,integer_mod,integer_inc,boolean_invert_first_then_and,exec_rot,vector_integer_contains,integer_pop,exec_pop,vector_integer_eq,vector_integer_take,boolean_invert_second_then_and,integer_sub,vector_integer_rot,boolean_yank,integer_stackdepth,integer_dec,integer_gt,vector_integer_butlast,in1,vector_integer_pop,integer_lte,vector_integer_first,boolean_eq,exec_if,vector_integer_replace,exec_empty,exec_do*count,vector_integer_conj,exec_while,integer_fromboolean,integer_empty,vector_integer_dup
0.00425775885441,0.00134221625682,0.0008311074173,0.00236887836054,0.00313331940747,0.00213776827659,0.0015066599704,0.00433775849885,0.000457775743219,0.00159110403954,0.000888884938289,0.000804440869152,0.000622219456802,0.00173777005436,0.00270665463709,0.00049333114075,0.0032222079013,0.00127554988644,0.00101777325434,0.00157777076546,0.00121777236546,0.00162665943707,0.0019199914667,0.0020266576593,0.00133332740743,0.00195999128893,0.00429331425194,0.00109777289879,0.00348887338278,0.00132888298274,0.000422220345687,0.000697774676557,0.0025955440198,0.00131110528398,0.00127999431114,0.00350665108155,0.00440442486922,0.00219110137288,0.00363109497291,0.00269776578771,0.000879996088906,0.00287998720006,0.00215110155066,0.00224887889387,0.00429331425194,0.000671108128408,0.0010399953778,0.000328887427167,0.00184888067164,0.00240887818276,0.00109777289879,0.00371109461736,0.00335998506673,0.000977773432118,0.000346665125933,0.00387553833094,0.00135554953089,0.000911107061746,0.00171110350621,0.00146221572349,0.00388887160502,0.00411553726428,0.00194665801485,0.00111110617286,0.00199110226177,0.000622219456802,0.00424442558033,0.00439109159515,0.00437775832107,0.00371998346674,0.00296443126919,0.00362665054822,0.00272887676055,0.000488886716059,0.000537775387665,0.0020799907556,0.00163999271114,0.00403998204452,0.00234665623708,0.00341776258772,0.00245776685437,0.00369331691859,0.00222221234572,0.00293776472105,0.00444442469145,0.000635552730877,0.00251109995067,0.0011422171457,0.00283998737783,0.000724441224706,0.00317776365438,0.00421775903218,0.000288887604944,0.00438664717046,0.000488886716059,0.00167110368398,0.00216443482473,0.0031155417087
Gen 225
exec_eq,integer_swap,integer_gte,boolean_shove,boolean_and,vector_integer_flush,integer_lt,vector_integer_pushall,exec_do*vector_integer,vector_integer_reverse,vector_integer_concat,vector_integer_occurrencesof,vector_integer_subvec,integer_eq,vector_integer_yankdup,exec_yankdup,vector_integer_yank,vector_integer_swap,vector_integer_shove,exec_when,vector_integer_rest,boolean_or,boolean_empty,vector_integer_emptyvector,exec_do*while,integer_rot,exec_stackdepth,exec_do*range,vector_integer_replacefirst,vector_integer_last,exec_shove,boolean_xor,boolean_yankdup,boolean_frominteger,exec_yank,vector_integer_indexof,vector_integer_length,integer_div,integer_mult,integer_min,integer_flush,integer_yank,vector_integer_set,integer_max,exec_dup,exec_k,exec_noop,exec_s,exec_y,boolean_rot,vector_integer_stackdepth,integer_yankdup,vector_integer_remove,vector_integer_empty,boolean_stackdepth,exec_do*times,integer_shove,vector_integer_nth,boolean_dup,boolean_not,integer_dup,boolean_flush,boolean_pop,exec_swap,boolean_swap,integer_add,exec_flush,integer_mod,integer_inc,boolean_invert_first_then_and,exec_rot,vector_integer_contains,integer_pop,exec_pop,vector_integer_eq,vector_integer_take,boolean_invert_second_then_and,integer_sub,vector_integer_rot,boolean_yank,integer_stackdepth,integer_dec,integer_gt,vector_integer_butlast,in1,vector_integer_pop,integer_lte,vector_integer_first,boolean_eq,exec_if,vector_integer_replace,exec_empty,exec_do*count,vector_integer_conj,exec_while,integer_fromboolean,integer_empty,vector_integer_dup
0.00427431737028,0.0013628258282,0.000849553763036,0.00219468055451,0.00317255233384,0.00211945964841,0.0016415856567,0.00432298972128,0.000353980734599,0.00146902004858,0.000814155689577,0.000716810987562,0.000610616767182,0.00168140848934,0.00268140406458,0.000477873991708,0.00331856938686,0.00116813642418,0.000907075632409,0.00157963902815,0.00129202968128,0.00163273613834,0.00182300078318,0.00199999115048,0.00130087919965,0.00203538922394,0.00428316688864,0.0011106145548,0.00352210830926,0.00127875540374,0.000353980734599,0.00069468719165,0.00257963460339,0.0013893743833,0.00135397630984,0.00350440927253,0.0043937858682,0.0023229985708,0.0036106034929,0.0026769793054,0.00105751744461,0.00285839443188,0.0019690178362,0.00217698151778,0.00427431737028,0.000672563395737,0.00115486214663,0.000433626399883,0.00176547891381,0.00241591851363,0.00120353449763,0.00372122247247,0.00337166649705,0.000889376595679,0.000296458865226,0.00386723952549,0.00147786956695,0.000721235746744,0.00164601041588,0.00145574577104,0.00389378808058,0.00407962796625,0.00198229211375,0.00114601262826,0.00198671687293,0.000681412914102,0.00425219357436,0.00436281255393,0.00436281255393,0.00372564723165,0.00287166870943,0.0037123729541,0.00286724395025,0.000433626399883,0.00065928911819,0.00208406157495,0.00173450559953,0.00405307941115,0.002424768032,0.00349113499498,0.00237167092181,0.00371679771328,0.00228760049734,0.00292476581962,0.00441148490493,0.000703536710015,0.00257078508502,0.00104424316707,0.00259733364012,0.000725660505927,0.00315485329711,0.00418582218663,0.000353980734599,0.0043937858682,0.000522121583533,0.00176105415463,0.00226990146061,0.00306193335428
Gen 226
exec_eq,integer_swap,integer_gte,boolean_shove,boolean_and,vector_integer_flush,integer_lt,vector_integer_pushall,exec_do*vector_integer,vector_integer_reverse,vector_integer_concat,vector_integer_occurrencesof,vector_integer_subvec,integer_eq,vector_integer_yankdup,exec_yankdup,vector_integer_yank,vector_integer_swap,vector_integer_shove,exec_when,vector_integer_rest,boolean_or,boolean_empty,vector_integer_emptyvector,exec_do*while,integer_rot,exec_stackdepth,exec_do*range,vector_integer_replacefirst,vector_integer_last,exec_shove,boolean_xor,boolean_yankdup,boolean_frominteger,exec_yank,vector_integer_indexof,vector_integer_length,integer_div,integer_mult,integer_min,integer_flush,integer_yank,vector_integer_set,integer_max,exec_dup,exec_k,exec_noop,exec_s,exec_y,boolean_rot,vector_integer_stackdepth,integer_yankdup,vector_integer_remove,vector_integer_empty,boolean_stackdepth,exec_do*times,integer_shove,vector_integer_nth,boolean_dup,boolean_not,integer_dup,boolean_flush,boolean_pop,exec_swap,boolean_swap,integer_add,exec_flush,integer_mod,integer_inc,boolean_invert_first_then_and,exec_rot,vector_integer_contains,integer_pop,exec_pop,vector_integer_eq,vector_integer_take,boolean_invert_second_then_and,integer_sub,vector_integer_rot,boolean_yank,integer_stackdepth,integer_dec,integer_gt,vector_integer_butlast,in1,vector_integer_pop,integer_lte,vector_integer_first,boolean_eq,exec_if,vector_integer_replace,exec_empty,exec_do*count,vector_integer_conj,exec_while,integer_fromboolean,integer_empty,vector_integer_dup
0.00428632472985,0.00130836428033,0.000700437443007,0.00216298606614,0.00314976586006,0.00204404385884,0.00167840670305,0.00428632472985,0.000308368685601,0.00153303289413,0.000903079722116,0.000709247976881,0.000585900502641,0.0016960277708,0.00273126550103,0.000449337227589,0.00338765027467,0.00113215360285,0.00094272712455,0.00144933282232,0.0011982326069,0.00171805410549,0.00185902264748,0.00192950691847,0.00127312214484,0.00194272271928,0.00427751419597,0.00106607459879,0.0034272976771,0.00122906947546,0.000290747617852,0.000563874167955,0.00265197069616,0.00137444328439,0.0012334747424,0.00339205554161,0.00431716159841,0.00239205994687,0.00362553468927,0.00255505482355,0.00108810093348,0.00276210236959,0.00182818577892,0.00198237012172,0.00425108259435,0.000704842709944,0.00115417993753,0.000497795163898,0.00168281196999,0.00240968101462,0.00105726406492,0.00374447689658,0.0033083554698,0.000903079722116,0.000365637155783,0.00374888216351,0.00147135915701,0.000700437443007,0.00166519090224,0.00149779075863,0.00393390337488,0.00409249298461,0.00194272271928,0.00103964299717,0.00187223844829,0.000770921714001,0.00420262465804,0.00432597213228,0.00433478266616,0.00363875049009,0.00288985511077,0.00366077682477,0.00308368685601,0.000471363562275,0.000555063634081,0.00211893339677,0.00190307531685,0.0041145193193,0.00245373368399,0.00353742935053,0.00231717040894,0.00364315575702,0.00229073880732,0.00276210236959,0.00439645640328,0.000660790040573,0.00264316016229,0.00107488513266,0.0027268602341,0.000828190184184,0.00316298166087,0.00412332985317,0.000348016088035,0.0043524037339,0.000405284558218,0.00182378051198,0.00223347033714,0.00295593411483
Gen 227
exec_eq,integer_swap,integer_gte,boolean_shove,boolean_and,vector_integer_flush,integer_lt,vector_integer_pushall,exec_do*vector_integer,vector_integer_reverse,vector_integer_concat,vector_integer_occurrencesof,vector_integer_subvec,integer_eq,vector_integer_yankdup,exec_yankdup,vector_integer_yank,vector_integer_swap,vector_integer_shove,exec_when,vector_integer_rest,boolean_or,boolean_empty,vector_integer_emptyvector,exec_do*while,integer_rot,exec_stackdepth,exec_do*range,vector_integer_replacefirst,vector_integer_last,exec_shove,boolean_xor,boolean_yankdup,boolean_frominteger,exec_yank,vector_integer_indexof,vector_integer_length,integer_div,integer_mult,integer_min,integer_flush,integer_yank,vector_integer_set,integer_max,exec_dup,exec_k,exec_noop,exec_s,exec_y,boolean_rot,vector_integer_stackdepth,integer_yankdup,vector_integer_remove,vector_integer_empty,boolean_stackdepth,exec_do*times,integer_shove,vector_integer_nth,boolean_dup,boolean_not,integer_dup,boolean_flush,boolean_pop,exec_swap,boolean_swap,integer_add,exec_flush,integer_mod,integer_inc,boolean_invert_first_then_and,exec_rot,vector_integer_contains,integer_pop,exec_pop,vector_integer_eq,vector_integer_take,boolean_invert_second_then_and,integer_sub,vector_integer_rot,boolean_yank,integer_stackdepth,integer_dec,integer_gt,vector_integer_butlast,in1,vector_integer_pop,integer_lte,vector_integer_first,boolean_eq,exec_if,vector_integer_replace,exec_empty,exec_do*count,vector_integer_conj,exec_while,integer_fromboolean,integer_empty,vector_integer_dup
0.00428945487081,0.00135525721378,0.000653505905676,0.00199121933676,0.00323244196297,0.00211841176135,0.00161402800865,0.00428506892514,0.000333331871351,0.00151753720378,0.000824557787027,0.000714909145135,0.000482454024324,0.00169736097649,0.00271051442757,0.000543857263784,0.00332016087649,0.000942978320271,0.000833329678379,0.0014429761273,0.00103946912514,0.00153946693216,0.00177630799865,0.0021271836527,0.00123245073487,0.00203069284784,0.00429384081649,0.000899118863514,0.00326752952838,0.00112718803865,0.000342103762703,0.000482454024324,0.00270612848189,0.00134209937676,0.00130701181135,0.00347805492081,0.00432892838189,0.00231577931676,0.00357893167135,0.0026140236227,0.00116227560405,0.00254823443757,0.0017675361073,0.00198244744541,0.00423243757703,0.000657891851352,0.00110087236459,0.00048683997,0.00157016855189,0.00234209499081,0.0011535037127,0.00366226463919,0.00334647655054,0.00102631128811,0.000381577273784,0.00384208841189,0.00157894044324,0.000627190231622,0.00162718584568,0.00140350261622,0.00379822895514,0.00410524515243,0.00187279880351,0.000907890754865,0.0019122723146,0.000697365362433,0.00420612190297,0.00432015649054,0.00432892838189,0.00361840518243,0.00268858469919,0.00370612409595,0.00311402142973,0.00048683997,0.000596488611892,0.00204823663054,0.00183332529243,0.00414471866351,0.0023991122846,0.00350437059487,0.00237718255622,0.00357454572568,0.00239472633892,0.00283332090649,0.00438155973,0.000570172937838,0.00240349823027,0.00117543344108,0.00268419875351,0.000754382656216,0.00338595006162,0.00415787650054,0.000342103762703,0.00435085811027,0.000438594567568,0.00171051881351,0.00242104201297,0.00282454901514
Gen 228
exec_eq,integer_swap,integer_gte,boolean_shove,boolean_and,vector_integer_flush,integer_lt,vector_integer_pushall,exec_do*vector_integer,vector_integer_reverse,vector_integer_concat,vector_integer_occurrencesof,vector_integer_subvec,integer_eq,vector_integer_yankdup,exec_yankdup,vector_integer_yank,vector_integer_swap,vector_integer_shove,exec_when,vector_integer_rest,boolean_or,boolean_empty,vector_integer_emptyvector,exec_do*while,integer_rot,exec_stackdepth,exec_do*range,vector_integer_replacefirst,vector_integer_last,exec_shove,boolean_xor,boolean_yankdup,boolean_frominteger,exec_yank,vector_integer_indexof,vector_integer_length,integer_div,integer_mult,integer_min,integer_flush,integer_yank,vector_integer_set,integer_max,exec_dup,exec_k,exec_noop,exec_s,exec_y,boolean_rot,vector_integer_stackdepth,integer_yankdup,vector_integer_remove,vector_integer_empty,boolean_stackdepth,exec_do*times,integer_shove,vector_integer_nth,boolean_dup,boolean_not,integer_dup,boolean_flush,boolean_pop,exec_swap,boolean_swap,integer_add,exec_flush,integer_mod,integer_inc,boolean_invert_first_then_and,exec_rot,vector_integer_contains,integer_pop,exec_pop,vector_integer_eq,vector_integer_take,boolean_invert_second_then_and,integer_sub,vector_integer_rot,boolean_yank,integer_stackdepth,integer_dec,integer_gt,vector_integer_butlast,in1,vector_integer_pop,integer_lte,vector_integer_first,boolean_eq,exec_if,vector_integer_replace,exec_empty,exec_do*count,vector_integer_conj,exec_while,integer_fromboolean,integer_empty,vector_integer_dup
0.00428819088126,0.00123143567059,0.000615717835293,0.00176855122903,0.003314396007,0.00211789468168,0.0014803428806,0.00426199012231,0.000296941934751,0.00151527722586,0.000803489941092,0.000593883869503,0.000432312522653,0.00158077912324,0.00270741175803,0.000545849144764,0.00334496355911,0.000960694494784,0.000829690700041,0.00134933908586,0.00117030056637,0.0015633119506,0.0018864546443,0.00208296033642,0.00117030056637,0.00200435805957,0.00426199012231,0.000873358631622,0.00337116431806,0.00105676394426,0.00039301138423,0.00057641669687,0.00257640796328,0.00142357456954,0.00148470967376,0.00348033414701,0.00432312522653,0.00234933471906,0.00349343452649,0.00251527285907,0.00116593377321,0.00254584041118,0.00173361688377,0.0020742267501,0.0042838240881,0.000589517076345,0.00100872921952,0.000419212143178,0.00147597608744,0.00233186754643,0.00111789904848,0.00368120663229,0.00336243073174,0.00117903415269,0.000336243073174,0.00378600966808,0.00152401081218,0.000799123147934,0.00145414212165,0.00150217684639,0.00393884742861,0.00410478556862,0.0016986825385,0.000895192597412,0.00170304933166,0.000729254457404,0.0042008550181,0.00431002484705,0.00428819088126,0.00357640359649,0.00271177855119,0.00367683983913,0.00310478993542,0.000515281592657,0.000519648385815,0.00194322295536,0.00160261308903,0.00410915236178,0.00237116868485,0.00346286697438,0.0024497709617,0.00351090169912,0.00228819961485,0.00279474762119,0.00435805957179,0.000593883869503,0.00229693320117,0.00132750512006,0.00287334989804,0.000659385766874,0.00338426469753,0.00414408670704,0.000336243073174,0.00431875843337,0.000506548006341,0.00172488329745,0.002209597338,0.00268557779224
Gen 229
exec_eq,integer_swap,integer_gte,boolean_shove,boolean_and,vector_integer_flush,integer_lt,vector_integer_pushall,exec_do*vector_integer,vector_integer_reverse,vector_integer_concat,vector_integer_occurrencesof,vector_integer_subvec,integer_eq,vector_integer_yankdup,exec_yankdup,vector_integer_yank,vector_integer_swap,vector_integer_shove,exec_when,vector_integer_rest,boolean_or,boolean_empty,vector_integer_emptyvector,exec_do*while,integer_rot,exec_stackdepth,exec_do*range,vector_integer_replacefirst,vector_integer_last,exec_shove,boolean_xor,boolean_yankdup,boolean_frominteger,exec_yank,vector_integer_indexof,vector_integer_length,integer_div,integer_mult,integer_min,integer_flush,integer_yank,vector_integer_set,integer_max,exec_dup,exec_k,exec_noop,exec_s,exec_y,boolean_rot,vector_integer_stackdepth,integer_yankdup,vector_integer_remove,vector_integer_empty,boolean_stackdepth,exec_do*times,integer_shove,vector_integer_nth,boolean_dup,boolean_not,integer_dup,boolean_flush,boolean_pop,exec_swap,boolean_swap,integer_add,exec_flush,integer_mod,integer_inc,boolean_invert_first_then_and,exec_rot,vector_integer_contains,integer_pop,exec_pop,vector_integer_eq,vector_integer_take,boolean_invert_second_then_and,integer_sub,vector_integer_rot,boolean_yank,integer_stackdepth,integer_dec,integer_gt,vector_integer_butlast,in1,vector_integer_pop,integer_lte,vector_integer_first,boolean_eq,exec_if,vector_integer_replace,exec_empty,exec_do*count,vector_integer_conj,exec_while,integer_fromboolean,integer_empty,vector_integer_dup
0.00428693788288,0.00124347285447,0.000626084234416,0.00177390533085,0.0032565075804,0.00212607771271,0.00151303689984,0.00423041638949,0.000347824574676,0.00157390620041,0.000852170207956,0.000552171512298,0.000460867561445,0.00158694962196,0.00264781457472,0.000604345198499,0.00333911591689,0.000995647845009,0.000821735557671,0.00143477637054,0.00116521232516,0.00154347155012,0.001943469811,0.00202607814749,0.00105216933839,0.00193912200382,0.00426954665414,0.000886952665423,0.00342172425337,0.00111738644615,0.00039130264651,0.000639127655967,0.00258259746697,0.00143477637054,0.00161738427224,0.00339128960309,0.00426519884696,0.00227390315694,0.00355650627606,0.00252607597358,0.00119564697545,0.00258694527415,0.00170434041591,0.00211738209834,0.00422606858231,0.000604345198499,0.000991300037826,0.000339128960309,0.00150434128547,0.00259129308133,0.00106521275994,0.00353476724014,0.00340868083182,0.0011304298677,0.000291303081291,0.00371302733466,0.00151303689984,0.000726083799636,0.00156521058604,0.00159129742914,0.00389998304355,0.00401302603032,0.00177825313803,0.000891300472607,0.00160434085069,0.000673910113434,0.00419128612484,0.00427389446133,0.00427824226851,0.00355650627606,0.00260433650288,0.00375215759931,0.00306955187151,0.000552171512298,0.000556519319481,0.00203042595467,0.00158260181477,0.00409998217399,0.0024434676371,0.00344781109647,0.00234346807188,0.00345215890366,0.00219999043482,0.00286955274108,0.00434780718345,0.0006304320416,0.00215216455581,0.00126955969757,0.00282172686206,0.000656518884701,0.00338694179591,0.00407389533089,0.000352172381859,0.0043086769188,0.000465215368629,0.00172173164465,0.00211303429116,0.00277390098304
Gen 230
exec_eq,integer_swap,integer_gte,boolean_shove,boolean_and,vector_integer_flush,integer_lt,vector_integer_pushall,exec_do*vector_integer,vector_integer_reverse,vector_integer_concat,vector_integer_occurrencesof,vector_integer_subvec,integer_eq,vector_integer_yankdup,exec_yankdup,vector_integer_yank,vector_integer_swap,vector_integer_shove,exec_when,vector_integer_rest,boolean_or,boolean_empty,vector_integer_emptyvector,exec_do*while,integer_rot,exec_stackdepth,exec_do*range,vector_integer_replacefirst,vector_integer_last,exec_shove,boolean_xor,boolean_yankdup,boolean_frominteger,exec_yank,vector_integer_indexof,vector_integer_length,integer_div,integer_mult,integer_min,integer_flush,integer_yank,vector_integer_set,integer_max,exec_dup,exec_k,exec_noop,exec_s,exec_y,boolean_rot,vector_integer_stackdepth,integer_yankdup,vector_integer_remove,vector_integer_empty,boolean_stackdepth,exec_do*times,integer_shove,vector_integer_nth,boolean_dup,boolean_not,integer_dup,boolean_flush,boolean_pop,exec_swap,boolean_swap,integer_add,exec_flush,integer_mod,integer_inc,boolean_invert_first_then_and,exec_rot,vector_integer_contains,integer_pop,exec_pop,vector_integer_eq,vector_integer_take,boolean_invert_second_then_and,integer_sub,vector_integer_rot,boolean_yank,integer_stackdepth,integer_dec,integer_gt,vector_integer_butlast,in1,vector_integer_pop,integer_lte,vector_integer_first,boolean_eq,exec_if,vector_integer_replace,exec_empty,exec_do*count,vector_integer_conj,exec_while,integer_fromboolean,integer_empty,vector_integer_dup
0.00422076094909,0.00124674784958,0.000623373924788,0.00187445075995,0.00314717252306,0.00217747975117,0.00142423625872,0.00424240587703,0.000380950731815,0.00152813191285,0.000822507261873,0.000441556530058,0.000450214501236,0.00151947394167,0.00263202323799,0.0005800840689,0.00338959571604,0.00101731161337,0.000800862333929,0.00158007973991,0.0011212072675,0.00159306669668,0.00183116090407,0.0021255319241,0.00106493045485,0.00193938554379,0.00426405080497,0.000917744944827,0.00339825368721,0.00103895654131,0.000432898558881,0.000549781169778,0.00250215367033,0.00149350002814,0.00167098843728,0.0033636218025,0.00427703776174,0.00216882177999,0.00355409716841,0.00248050874239,0.00120345799369,0.00242423192973,0.00162769858139,0.00218613772235,0.00415582616525,0.0005800840689,0.000891771031294,0.000380950731815,0.00144588118666,0.00250648265592,0.0011212072675,0.00359305803871,0.00333764788897,0.00119480002251,0.000337660875927,0.00368396673607,0.00155843481197,0.000753243492452,0.0015454478552,0.00151081597049,0.0039437058714,0.00395236384258,0.00168397539405,0.00094371885836,0.0015844087255,0.000757572478041,0.0041385102229,0.00425106384821,0.00424240587703,0.00348483339899,0.00260604932446,0.00380517833256,0.00306492179688,0.000502162328302,0.000489175371535,0.00190908264466,0.00149350002814,0.00405625949671,0.00245020584326,0.00341989861516,0.00237228410267,0.0034415435431,0.00223808554941,0.00273158990654,0.00432898558881,0.000640689867143,0.00210821598175,0.00130302466223,0.00287011744538,0.000636360881555,0.00333331890338,0.0040995493526,0.000411253630937,0.00429868268969,0.000428569573292,0.00169263336522,0.00215583482323,0.00279219570478
Gen 231
exec_eq,integer_swap,integer_gte,boolean_shove,boolean_and,vector_integer_flush,integer_lt,vector_integer_pushall,exec_do*vector_integer,vector_integer_reverse,vector_integer_concat,vector_integer_occurrencesof,vector_integer_subvec,integer_eq,vector_integer_yankdup,exec_yankdup,vector_integer_yank,vector_integer_swap,vector_integer_shove,exec_when,vector_integer_rest,boolean_or,boolean_empty,vector_integer_emptyvector,exec_do*while,integer_rot,exec_stackdepth,exec_do*range,vector_integer_replacefirst,vector_integer_last,exec_shove,boolean_xor,boolean_yankdup,boolean_frominteger,exec_yank,vector_integer_indexof,vector_integer_length,integer_div,integer_mult,integer_min,integer_flush,integer_yank,vector_integer_set,integer_max,exec_dup,exec_k,exec_noop,exec_s,exec_y,boolean_rot,vector_integer_stackdepth,integer_yankdup,vector_integer_remove,vector_integer_empty,boolean_stackdepth,exec_do*times,integer_shove,vector_integer_nth,boolean_dup,boolean_not,integer_dup,boolean_flush,boolean_pop,exec_swap,boolean_swap,integer_add,exec_flush,integer_mod,integer_inc,boolean_invert_first_then_and,exec_rot,vector_integer_contains,integer_pop,exec_pop,vector_integer_eq,vector_integer_take,boolean_invert_second_then_and,integer_sub,vector_integer_rot,boolean_yank,integer_stackdepth,integer_dec,integer_gt,vector_integer_butlast,in1,vector_integer_pop,integer_lte,vector_integer_first,boolean_eq,exec_if,vector_integer_replace,exec_empty,exec_do*count,vector_integer_conj,exec_while,integer_fromboolean,integer_empty,vector_integer_dup
0.00425429200736,0.00117671906587,0.000530170128577,0.00179740604566,0.00307326261525,0.00225861095426,0.00156895875449,0.00418532678738,0.000383619036125,0.00139654570454,0.000650859263538,0.000504308171085,0.000418101646114,0.00140085603079,0.00267240227413,0.000508618497334,0.00343964034638,0.000969823405934,0.000728445136012,0.00148706255576,0.00088792720721,0.00149999353451,0.00171982017319,0.00210343920931,0.0010818918884,0.00193964681187,0.00423705070237,0.000806031008487,0.0033792957789,0.0010732712359,0.000387929362373,0.000482756539843,0.00265516096913,0.0013922353783,0.00163792397447,0.00324136533894,0.00426291265986,0.00221550769178,0.00362929470132,0.00224999030177,0.00131464950582,0.00228016258551,0.00159913103823,0.00228016258551,0.00415515450364,0.000474135887345,0.000844823944724,0.000409480993616,0.00141809733579,0.0025905060754,0.0010646505834,0.00361636372257,0.00334912349516,0.00129309787458,0.000331895121142,0.00377584579377,0.0016939582157,0.000719824483515,0.00156895875449,0.00148706255576,0.00392670721247,0.00405170667368,0.00174999245693,0.000866375575967,0.00146551092452,0.000741376114758,0.00413791319865,0.00425860233361,0.00423705070237,0.00349567458761,0.00261205770665,0.0038405006875,0.00310343489899,0.0004612049086,0.000530170128577,0.00179309571942,0.00150861418701,0.00411636156741,0.00237498976298,0.00346119197762,0.00230171421675,0.00341808871513,0.00227585225926,0.00285343597657,0.00431032624859,0.000499997844837,0.0019870604006,0.00125430493834,0.00278016043034,0.000547411433571,0.00327584794893,0.00408187895742,0.000331895121142,0.00426291265986,0.000508618497334,0.00170688919444,0.00212930116681,0.00278447075659
Gen 232
exec_eq,integer_swap,integer_gte,boolean_shove,boolean_and,vector_integer_flush,integer_lt,vector_integer_pushall,exec_do*vector_integer,vector_integer_reverse,vector_integer_concat,vector_integer_occurrencesof,vector_integer_subvec,integer_eq,vector_integer_yankdup,exec_yankdup,vector_integer_yank,vector_integer_swap,vector_integer_shove,exec_when,vector_integer_rest,boolean_or,boolean_empty,vector_integer_emptyvector,exec_do*while,integer_rot,exec_stackdepth,exec_do*range,vector_integer_replacefirst,vector_integer_last,exec_shove,boolean_xor,boolean_yankdup,boolean_frominteger,exec_yank,vector_integer_indexof,vector_integer_length,integer_div,integer_mult,integer_min,integer_flush,integer_yank,vector_integer_set,integer_max,exec_dup,exec_k,exec_noop,exec_s,exec_y,boolean_rot,vector_integer_stackdepth,integer_yankdup,vector_integer_remove,vector_integer_empty,boolean_stackdepth,exec_do*times,integer_shove,vector_integer_nth,boolean_dup,boolean_not,integer_dup,boolean_flush,boolean_pop,exec_swap,boolean_swap,integer_add,exec_flush,integer_mod,integer_inc,boolean_invert_first_then_and,exec_rot,vector_integer_contains,integer_pop,exec_pop,vector_integer_eq,vector_integer_take,boolean_invert_second_then_and,integer_sub,vector_integer_rot,boolean_yank,integer_stackdepth,integer_dec,integer_gt,vector_integer_butlast,in1,vector_integer_pop,integer_lte,vector_integer_first,boolean_eq,exec_if,vector_integer_replace,exec_empty,exec_do*count,vector_integer_conj,exec_while,integer_fromboolean,integer_empty,vector_integer_dup
0.00422315784052,0.00121887888893,0.000506435594697,0.00179827554388,0.00293131789134,0.00222316642418,0.00162660246093,0.00413302947198,0.000334762511749,0.00130900725748,0.000622314925687,0.000442058188591,0.000433474534444,0.00136050918236,0.0027253101918,0.000596563963245,0.00331758232797,0.000922742820846,0.000755361564972,0.00147209668628,0.000759653392046,0.00146351303213,0.00165235342338,0.00198711593512,0.00124462985137,0.00187123660413,0.00424461697589,0.000721026948382,0.00337337607993,0.00112875052038,0.000420599053223,0.000472100978107,0.00269955922936,0.00140771928017,0.0016480615963,0.00309869914721,0.00425320063004,0.00227466834906,0.00367809580216,0.00226608469492,0.00127896446796,0.00216308084515,0.00148926399458,0.00216737267222,0.00413302947198,0.000540770211287,0.000832614452298,0.00031330337638,0.00156222505483,0.00242917412372,0.00118454427234,0.00363517753143,0.00327037223016,0.00126179715967,0.00031330337638,0.00374676503534,0.00171243900241,0.00072961060253,0.00159655967142,0.0015836841902,0.00393131359951,0.00399998283269,0.00166093707752,0.000802571662783,0.00147209668628,0.000733902429603,0.00413732129905,0.00424032514882,0.00421886601345,0.00342058617774,0.00266951643984,0.00374676503534,0.00316736838039,0.000420599053223,0.000596563963245,0.00161372697971,0.00147209668628,0.00405577658465,0.00247209239445,0.00338195973408,0.00232187844687,0.00334762511749,0.00218883180759,0.00299140347037,0.00428753524663,0.000587980309097,0.00198282410805,0.00116737696405,0.00267810009399,0.000510727421771,0.00327466405724,0.00407294389294,0.00031330337638,0.00423174149467,0.000587980309097,0.00173389813778,0.00206866064953,0.00285406500401
Gen 233
exec_eq,integer_swap,integer_gte,boolean_shove,boolean_and,vector_integer_flush,integer_lt,vector_integer_pushall,exec_do*vector_integer,vector_integer_reverse,vector_integer_concat,vector_integer_occurrencesof,vector_integer_subvec,integer_eq,vector_integer_yankdup,exec_yankdup,vector_integer_yank,vector_integer_swap,vector_integer_shove,exec_when,vector_integer_rest,boolean_or,boolean_empty,vector_integer_emptyvector,exec_do*while,integer_rot,exec_stackdepth,exec_do*range,vector_integer_replacefirst,vector_integer_last,exec_shove,boolean_xor,boolean_yankdup,boolean_frominteger,exec_yank,vector_integer_indexof,vector_integer_length,integer_div,integer_mult,integer_min,integer_flush,integer_yank,vector_integer_set,integer_max,exec_dup,exec_k,exec_noop,exec_s,exec_y,boolean_rot,vector_integer_stackdepth,integer_yankdup,vector_integer_remove,vector_integer_empty,boolean_stackdepth,exec_do*times,integer_shove,vector_integer_nth,boolean_dup,boolean_not,integer_dup,boolean_flush,boolean_pop,exec_swap,boolean_swap,integer_add,exec_flush,integer_mod,integer_inc,boolean_invert_first_then_and,exec_rot,vector_integer_contains,integer_pop,exec_pop,vector_integer_eq,vector_integer_take,boolean_invert_second_then_and,integer_sub,vector_integer_rot,boolean_yank,integer_stackdepth,integer_dec,integer_gt,vector_integer_butlast,in1,vector_integer_pop,integer_lte,vector_integer_first,boolean_eq,exec_if,vector_integer_replace,exec_empty,exec_do*count,vector_integer_conj,exec_while,integer_fromboolean,integer_empty,vector_integer_dup
0.00420511023457,0.00137606249546,0.00046153648916,0.00178204366648,0.00291024397332,0.00225640061367,0.0014700791877,0.00415382840244,0.000358972824902,0.00135469506541,0.000739313079859,0.000431622087085,0.0005170918073,0.00128631928923,0.00274785150491,0.000594014555493,0.00320938799407,0.000893158576245,0.000807688856031,0.0012734988312,0.000722219135816,0.00138460946748,0.00166238605818,0.00208118768723,0.00112820030684,0.00193588916287,0.00418801629053,0.000675210789697,0.00334613954641,0.00113247379285,0.000448716031128,0.000474356947193,0.00262819389661,0.00139742992551,0.00165383908616,0.00311109781582,0.00424357160867,0.00226067409968,0.0036581040252,0.0022692210717,0.00136324203743,0.00229058850176,0.00153418147786,0.00205127328516,0.00408117914026,0.000470083461182,0.00086324417417,0.000307690992774,0.00150426707578,0.00247434840022,0.00104700407263,0.00363246310913,0.00329058422827,0.00128631928923,0.000388887226978,0.0037393002594,0.00188888081675,0.000876064632202,0.00157264285195,0.00149144661775,0.00397006850398,0.00392306015786,0.00167948000222,0.000850423716138,0.00142307084158,0.000709398677783,0.00407690565425,0.0042179306926,0.00423075115064,0.00344015623865,0.00269656967278,0.00384186392366,0.00306836295571,0.000380340254956,0.000598288041504,0.00161965119807,0.00138460946748,0.00413246097239,0.00246152794219,0.00333759257439,0.00219229832351,0.00323930239614,0.00227776804373,0.00289742351528,0.00426493903872,0.000534185751343,0.00197862402297,0.00122221699907,0.00274785150491,0.000705125191773,0.00324357588215,0.00408117914026,0.000311964478784,0.00423929812266,0.000598288041504,0.00172648834834,0.00214101649138,0.00287178259922
Gen 234
exec_eq,integer_swap,integer_gte,boolean_shove,boolean_and,vector_integer_flush,integer_lt,vector_integer_pushall,exec_do*vector_integer,vector_integer_reverse,vector_integer_concat,vector_integer_occurrencesof,vector_integer_subvec,integer_eq,vector_integer_yankdup,exec_yankdup,vector_integer_yank,vector_integer_swap,vector_integer_shove,exec_when,vector_integer_rest,boolean_or,boolean_empty,vector_integer_emptyvector,exec_do*while,integer_rot,exec_stackdepth,exec_do*range,vector_integer_replacefirst,vector_integer_last,exec_shove,boolean_xor,boolean_yankdup,boolean_frominteger,exec_yank,vector_integer_indexof,vector_integer_length,integer_div,integer_mult,integer_min,integer_flush,integer_yank,vector_integer_set,integer_max,exec_dup,exec_k,exec_noop,exec_s,exec_y,boolean_rot,vector_integer_stackdepth,integer_yankdup,vector_integer_remove,vector_integer_empty,boolean_stackdepth,exec_do*times,integer_shove,vector_integer_nth,boolean_dup,boolean_not,integer_dup,boolean_flush,boolean_pop,exec_swap,boolean_swap,integer_add,exec_flush,integer_mod,integer_inc,boolean_invert_first_then_and,exec_rot,vector_integer_contains,integer_pop,exec_pop,vector_integer_eq,vector_integer_take,boolean_invert_second_then_and,integer_sub,vector_integer_rot,boolean_yank,integer_stackdepth,integer_dec,integer_gt,vector_integer_butlast,in1,vector_integer_pop,integer_lte,vector_integer_first,boolean_eq,exec_if,vector_integer_replace,exec_empty,exec_do*count,vector_integer_conj,exec_while,integer_fromboolean,integer_empty,vector_integer_dup
0.00422125863294,0.00140850464466,0.000421274803086,0.0017319075238,0.00294466832056,0.00228084135812,0.0016085037936,0.00413615261212,0.000374466491632,0.00134467512904,0.000676592865562,0.000370211190591,0.000506380823911,0.00121276079676,0.00289360470807,0.000510636124953,0.00325104999553,0.00100850634678,0.000757443585346,0.00133616452696,0.000659571661397,0.00148935536445,0.00154041897694,0.00204679980085,0.00127659031238,0.0020212679946,0.00419998212774,0.000540423232242,0.00347658095072,0.00102978285199,0.00039999829788,0.000451061910375,0.0026595631508,0.00127233501134,0.00173616282484,0.00314041216846,0.00420849272982,0.00222126714354,0.00358721877779,0.0021446717248,0.00140850464466,0.00239998978728,0.00142552584883,0.00213616112272,0.00414891851524,0.000404253598921,0.000846804907213,0.0002680839656,0.00159999319152,0.00258722303309,0.00100425104574,0.0036808354007,0.00325956059761,0.00128935621551,0.000293615771848,0.00374040961528,0.00189360896337,0.000863826111378,0.0016085037936,0.00149361066549,0.00399147237671,0.00398296177463,0.00166382270714,0.000808507197842,0.00132765392488,0.000740422381181,0.00408083369858,0.00420423742878,0.00422551393398,0.00345530444551,0.00274892447266,0.00377870732465,0.00315743337262,0.000327658180178,0.000510636124953,0.00157446138527,0.0014638235582,0.00410636550483,0.00251488291539,0.00338721962885,0.00230211786333,0.00320424168408,0.00227233075604,0.00289786000911,0.00424679043919,0.000438296007251,0.00204254449981,0.00122978200093,0.00271913736537,0.000608508048902,0.00311488036221,0.0040723230965,0.000327658180178,0.00421274803086,0.000595742145778,0.00183403474879,0.00212765052064,0.00290211531015
Gen 235
exec_eq,integer_swap,integer_gte,boolean_shove,boolean_and,vector_integer_flush,integer_lt,vector_integer_pushall,exec_do*vector_integer,vector_integer_reverse,vector_integer_concat,vector_integer_occurrencesof,vector_integer_subvec,integer_eq,vector_integer_yankdup,exec_yankdup,vector_integer_yank,vector_integer_swap,vector_integer_shove,exec_when,vector_integer_rest,boolean_or,boolean_empty,vector_integer_emptyvector,exec_do*while,integer_rot,exec_stackdepth,exec_do*range,vector_integer_replacefirst,vector_integer_last,exec_shove,boolean_xor,boolean_yankdup,boolean_frominteger,exec_yank,vector_integer_indexof,vector_integer_length,integer_div,integer_mult,integer_min,integer_flush,integer_yank,vector_integer_set,integer_max,exec_dup,exec_k,exec_noop,exec_s,exec_y,boolean_rot,vector_integer_stackdepth,integer_yankdup,vector_integer_remove,vector_integer_empty,boolean_stackdepth,exec_do*times,integer_shove,vector_integer_nth,boolean_dup,boolean_not,integer_dup,boolean_flush,boolean_pop,exec_swap,boolean_swap,integer_add,exec_flush,integer_mod,integer_inc,boolean_invert_first_then_and,exec_rot,vector_integer_contains,integer_pop,exec_pop,vector_integer_eq,vector_integer_take,boolean_invert_second_then_and,integer_sub,vector_integer_rot,boolean_yank,integer_stackdepth,integer_dec,integer_gt,vector_integer_butlast,in1,vector_integer_pop,integer_lte,vector_integer_first,boolean_eq,exec_if,vector_integer_replace,exec_empty,exec_do*count,vector_integer_conj,exec_while,integer_fromboolean,integer_empty,vector_integer_dup
0.00418642293889,0.00153812907572,0.000436438828649,0.00149575637391,0.00291100461439,0.00230083770831,0.00155931542663,0.00414405023708,0.000283897102131,0.00142796005102,0.000690675039513,0.000343218884666,0.000474574260279,0.00136016372812,0.00274151380714,0.0005593196639,0.00314829174453,0.00105508027508,0.000826267685306,0.00143643459138,0.000694912309694,0.00154660361609,0.00147457002301,0.00200422879564,0.00119067292088,0.00193219520256,0.00419489747925,0.000572031474443,0.00338134160448,0.00107202935581,0.000343218884666,0.000411015207563,0.00258473481045,0.0013644009983,0.00173304350405,0.00321185079724,0.00419913474943,0.00212287236071,0.00358049330299,0.00231354951886,0.00133050283685,0.00244914216465,0.00135168918776,0.00210168600981,0.00410167753526,0.000466099719916,0.00080084406422,0.000207626238872,0.00151270545464,0.00254659937882,0.000923724899471,0.00357201876263,0.00324151168851,0.00135592645794,0.000305083453036,0.00370337413825,0.00189829704111,0.000737285011504,0.00158473904772,0.00150423091428,0.00395761034911,0.0039152376473,0.00163982356007,0.000877114927479,0.00137287553866,0.000699149579875,0.00405506756327,0.0041821856687,0.00420337201961,0.00330507074123,0.00257626027008,0.00375422138042,0.00302964817946,0.000389828856657,0.00047881153046,0.00154236634591,0.0014321973212,0.00403811848255,0.00238558311194,0.00332625709213,0.00236863403121,0.00315252901471,0.00233049859958,0.00288134372312,0.0042287956407,0.000436438828649,0.0019025343113,0.00126694378414,0.00280507285986,0.000576268744624,0.00312286812344,0.00401269486146,0.000326269803942,0.00419066020907,0.000584743284986,0.00168219626188,0.00233897313994,0.00286015737221
Gen 236
exec_eq,integer_swap,integer_gte,boolean_shove,boolean_and,vector_integer_flush,integer_lt,vector_integer_pushall,exec_do*vector_integer,vector_integer_reverse,vector_integer_concat,vector_integer_occurrencesof,vector_integer_subvec,integer_eq,vector_integer_yankdup,exec_yankdup,vector_integer_yank,vector_integer_swap,vector_integer_shove,exec_when,vector_integer_rest,boolean_or,boolean_empty,vector_integer_emptyvector,exec_do*while,integer_rot,exec_stackdepth,exec_do*range,vector_integer_replacefirst,vector_integer_last,exec_shove,boolean_xor,boolean_yankdup,boolean_frominteger,exec_yank,vector_integer_indexof,vector_integer_length,integer_div,integer_mult,integer_min,integer_flush,integer_yank,vector_integer_set,integer_max,exec_dup,exec_k,exec_noop,exec_s,exec_y,boolean_rot,vector_integer_stackdepth,integer_yankdup,vector_integer_remove,vector_integer_empty,boolean_stackdepth,exec_do*times,integer_shove,vector_integer_nth,boolean_dup,boolean_not,integer_dup,boolean_flush,boolean_pop,exec_swap,boolean_swap,integer_add,exec_flush,integer_mod,integer_inc,boolean_invert_first_then_and,exec_rot,vector_integer_contains,integer_pop,exec_pop,vector_integer_eq,vector_integer_take,boolean_invert_second_then_and,integer_sub,vector_integer_rot,boolean_yank,integer_stackdepth,integer_dec,integer_gt,vector_integer_butlast,in1,vector_integer_pop,integer_lte,vector_integer_first,boolean_eq,exec_if,vector_integer_replace,exec_empty,exec_do*count,vector_integer_conj,exec_while,integer_fromboolean,integer_empty,vector_integer_dup
0.00415188121569,0.00150632275813,0.000426158539415,0.00155695545588,0.00270462993827,0.00233754287957,0.00165400145991,0.00414344243273,0.000278479837638,0.00146834823482,0.000704638377053,0.000274260446158,0.000413500364977,0.00124893987789,0.00291981890372,0.000518985151961,0.00311813030325,0.00108016421872,0.00079324559812,0.00132066953304,0.000632908721904,0.0015949299792,0.00136708283931,0.00182277711908,0.00129535318416,0.0019620170379,0.00414344243273,0.000472571845688,0.00346412040456,0.00121096535458,0.000383964624622,0.000472571845688,0.00262868089164,0.00121940413754,0.00171307294062,0.00312234969473,0.00418563634753,0.00232488470513,0.00351053371083,0.00206750182489,0.00121518474606,0.00245146644951,0.00149366458369,0.00205062425897,0.00408437095202,0.000451474888292,0.000831220121434,0.000177214442133,0.00150210336665,0.0026371196746,0.000911388559542,0.00359492154042,0.0032700283965,0.00139239918819,0.000257382880241,0.00376791659107,0.001839654685,0.000721515942971,0.00154429728145,0.00154851667293,0.00393247285876,0.00395778920764,0.00179746077021,0.000772148640723,0.00128691440121,0.000864975253269,0.00402529947131,0.00416031999865,0.00419829452196,0.0033333192687,0.00266243602348,0.00380589111438,0.00310547212881,0.000379745233142,0.000443036105333,0.0015527360644,0.0014514706689,0.00408437095202,0.00258226758537,0.00330378352834,0.00237551740288,0.00321939569875,0.00226159383294,0.00285230864005,0.00421517208788,0.000476791237168,0.00201264973566,0.00133332770748,0.00282277289969,0.000632908721904,0.00310125273733,0.00400420251391,0.000274260446158,0.00418563634753,0.000443036105333,0.00164978206843,0.00220674174371,0.00267509419791
Gen 237
exec_eq,integer_swap,integer_gte,boolean_shove,boolean_and,vector_integer_flush,integer_lt,vector_integer_pushall,exec_do*vector_integer,vector_integer_reverse,vector_integer_concat,vector_integer_occurrencesof,vector_integer_subvec,integer_eq,vector_integer_yankdup,exec_yankdup,vector_integer_yank,vector_integer_swap,vector_integer_shove,exec_when,vector_integer_rest,boolean_or,boolean_empty,vector_integer_emptyvector,exec_do*while,integer_rot,exec_stackdepth,exec_do*range,vector_integer_replacefirst,vector_integer_last,exec_shove,boolean_xor,boolean_yankdup,boolean_frominteger,exec_yank,vector_integer_indexof,vector_integer_length,integer_div,integer_mult,integer_min,integer_flush,integer_yank,vector_integer_set,integer_max,exec_dup,exec_k,exec_noop,exec_s,exec_y,boolean_rot,vector_integer_stackdepth,integer_yankdup,vector_integer_remove,vector_integer_empty,boolean_stackdepth,exec_do*times,integer_shove,vector_integer_nth,boolean_dup,boolean_not,integer_dup,boolean_flush,boolean_pop,exec_swap,boolean_swap,integer_add,exec_flush,integer_mod,integer_inc,boolean_invert_first_then_and,exec_rot,vector_integer_contains,integer_pop,exec_pop,vector_integer_eq,vector_integer_take,boolean_invert_second_then_and,integer_sub,vector_integer_rot,boolean_yank,integer_stackdepth,integer_dec,integer_gt,vector_integer_butlast,in1,vector_integer_pop,integer_lte,vector_integer_first,boolean_eq,exec_if,vector_integer_replace,exec_empty,exec_do*count,vector_integer_conj,exec_while,integer_fromboolean,integer_empty,vector_integer_dup
0.00413863807295,0.00155041365372,0.000466384595023,0.00164705190314,0.00266805601657,0.00236973794228,0.00157562363183,0.00411762975786,0.000357141356549,0.00146638039336,0.000676467745934,0.000247898118075,0.000457981268986,0.0011302473519,0.00273948428788,0.000588232822551,0.0031596505897,0.0011764656451,0.00075629934328,0.00133612883979,0.000584031159533,0.00173948848954,0.00134033050281,0.00177310179369,0.00134453216583,0.00194957164046,0.00414704139899,0.00049579623615,0.00330670879534,0.0012226839383,0.000390754660695,0.000445376279932,0.0026512493645,0.00135293549187,0.00174789181558,0.0031134322965,0.00418905802917,0.00206721820497,0.00352519527229,0.00218066310646,0.0010378107655,0.00244536787661,0.00132352385074,0.00195377330347,0.00403359649749,0.000411762975786,0.000831929277608,0.000134453216583,0.00130671719867,0.00260082940828,0.0008991558859,0.00362183352171,0.00321427220894,0.00129831387263,0.000294116411276,0.00369326179302,0.00185293339104,0.000714282713098,0.00152940533863,0.00150839702354,0.00386552997676,0.00389073995487,0.00171427851143,0.000747896017244,0.00137814546998,0.000781509321389,0.0039663698892,0.00413023474691,0.00416804971408,0.00316385225272,0.00260082940828,0.00371847177113,0.00297897907992,0.000390754660695,0.000394956323713,0.00153360700165,0.00156301864278,0.00404199982353,0.00256721610413,0.0032730954912,0.00230251133399,0.00308822231839,0.00231511632304,0.00284872752635,0.00419325969219,0.000462182932004,0.00203360490082,0.00124789391641,0.00262183772337,0.000663862756879,0.00313023894858,0.00393275658506,0.000344536367494,0.00418485636615,0.000499997899168,0.00159663194692,0.00236133461624,0.0026512493645
Gen 238
exec_eq,integer_swap,integer_gte,boolean_shove,boolean_and,vector_integer_flush,integer_lt,vector_integer_pushall,exec_do*vector_integer,vector_integer_reverse,vector_integer_concat,vector_integer_occurrencesof,vector_integer_subvec,integer_eq,vector_integer_yankdup,exec_yankdup,vector_integer_yank,vector_integer_swap,vector_integer_shove,exec_when,vector_integer_rest,boolean_or,boolean_empty,vector_integer_emptyvector,exec_do*while,integer_rot,exec_stackdepth,exec_do*range,vector_integer_replacefirst,vector_integer_last,exec_shove,boolean_xor,boolean_yankdup,boolean_frominteger,exec_yank,vector_integer_indexof,vector_integer_length,integer_div,integer_mult,integer_min,integer_flush,integer_yank,vector_integer_set,integer_max,exec_dup,exec_k,exec_noop,exec_s,exec_y,boolean_rot,vector_integer_stackdepth,integer_yankdup,vector_integer_remove,vector_integer_empty,boolean_stackdepth,exec_do*times,integer_shove,vector_integer_nth,boolean_dup,boolean_not,integer_dup,boolean_flush,boolean_pop,exec_swap,boolean_swap,integer_add,exec_flush,integer_mod,integer_inc,boolean_invert_first_then_and,exec_rot,vector_integer_contains,integer_pop,exec_pop,vector_integer_eq,vector_integer_take,boolean_invert_second_then_and,integer_sub,vector_integer_rot,boolean_yank,integer_stackdepth,integer_dec,integer_gt,vector_integer_butlast,in1,vector_integer_pop,integer_lte,vector_integer_first,boolean_eq,exec_if,vector_integer_replace,exec_empty,exec_do*count,vector_integer_conj,exec_while,integer_fromboolean,integer_empty,vector_integer_dup
0.0041171375852,0.00146861310204,0.000552298944356,0.0015983196723,0.0025564746591,0.00236819092807,0.00162760825269,0.00410040125355,0.000368199296237,0.00141003594127,0.000677821431709,0.000196651896854,0.000472801369032,0.00110878197162,0.00279078330216,0.000506274032326,0.00307111685725,0.00106275705959,0.000652716934239,0.00133053836595,0.000577403441827,0.00165271275016,0.00142258819001,0.00178660340333,0.00123848854189,0.00176986707169,0.00412132166811,0.000464433203208,0.00316735076422,0.00130961795139,0.000359831130414,0.000439328705738,0.00264852448316,0.00123430445898,0.00162760825269,0.00305019644269,0.00412968983393,0.00223011619198,0.00344768431931,0.00203346429513,0.000907945991858,0.00240584767428,0.00115899096656,0.00187865322739,0.00403345592696,0.000451880954473,0.000786607587416,0.000150626984824,0.00130543386848,0.00260249957113,0.000765687172857,0.00359831130414,0.00314224626675,0.00123848854189,0.000317990301296,0.0036192317187,0.0018451805641,0.000728030426651,0.00158576742357,0.00139748369254,0.00382843586429,0.00385772444467,0.00171547399383,0.00070292592918,0.00137656327798,0.000815896167798,0.00393722201999,0.0041171375852,0.00415897841432,0.00306274869143,0.00263597223443,0.0036903611282,0.00299998744775,0.000401671959532,0.000418408291179,0.00154392659445,0.00143932452165,0.00399579918076,0.00257739507366,0.00325103242246,0.00223430027489,0.00304182827687,0.00220501169451,0.00279496738507,0.00417989882888,0.000443512788649,0.00210040962172,0.00127196120518,0.0025564746591,0.000648532851327,0.0029455943699,0.00389956527379,0.000284517638002,0.00416734658014,0.000414224208267,0.00161087192104,0.00222593210907,0.00266526081481
Gen 239
exec_eq,integer_swap,integer_gte,boolean_shove,boolean_and,vector_integer_flush,integer_lt,vector_integer_pushall,exec_do*vector_integer,vector_integer_reverse,vector_integer_concat,vector_integer_occurrencesof,vector_integer_subvec,integer_eq,vector_integer_yankdup,exec_yankdup,vector_integer_yank,vector_integer_swap,vector_integer_shove,exec_when,vector_integer_rest,boolean_or,boolean_empty,vector_integer_emptyvector,exec_do*while,integer_rot,exec_stackdepth,exec_do*range,vector_integer_replacefirst,vector_integer_last,exec_shove,boolean_xor,boolean_yankdup,boolean_frominteger,exec_yank,vector_integer_indexof,vector_integer_length,integer_div,integer_mult,integer_min,integer_flush,integer_yank,vector_integer_set,integer_max,exec_dup,exec_k,exec_noop,exec_s,exec_y,boolean_rot,vector_integer_stackdepth,integer_yankdup,vector_integer_remove,vector_integer_empty,boolean_stackdepth,exec_do*times,integer_shove,vector_integer_nth,boolean_dup,boolean_not,integer_dup,boolean_flush,boolean_pop,exec_swap,boolean_swap,integer_add,exec_flush,integer_mod,integer_inc,boolean_invert_first_then_and,exec_rot,vector_integer_contains,integer_pop,exec_pop,vector_integer_eq,vector_integer_take,boolean_invert_second_then_and,integer_sub,vector_integer_rot,boolean_yank,integer_stackdepth,integer_dec,integer_gt,vector_integer_butlast,in1,vector_integer_pop,integer_lte,vector_integer_first,boolean_eq,exec_if,vector_integer_replace,exec_empty,exec_do*count,vector_integer_conj,exec_while,integer_fromboolean,integer_empty,vector_integer_dup
0.00408331631952,0.00158332673614,0.00053333111112,0.00174999270836,0.0026666555556,0.00241665659726,0.00160415998267,0.00408331631952,0.000341665243061,0.00159166003475,0.000683330486123,0.000166665972225,0.000454164774313,0.00111666201391,0.0026624889063,0.000608330798622,0.00305832059033,0.00104999562502,0.000724996979179,0.00135832767363,0.000649997291678,0.00162499322919,0.00158749338544,0.00175832600697,0.00124999479169,0.00191249203128,0.00409164961813,0.000487497968758,0.00322498656256,0.001404160816,0.000437498177091,0.000454164774313,0.00255832267366,0.00125416144099,0.00171249286461,0.00309998708339,0.00411248286465,0.00208332465281,0.00343748567714,0.0021458243924,0.000916662847238,0.00257915592018,0.00120832829863,0.00198749171878,0.00404581647576,0.000524997812509,0.000824996562514,0.000212499114587,0.00137499427086,0.0026666555556,0.000745830225707,0.00361665159729,0.00320415331603,0.00116249515627,0.000366665138895,0.00356665180562,0.00188749213545,0.000766663472236,0.00152916029517,0.00153332694447,0.0037749842709,0.00384581730909,0.0018499922917,0.000670830538206,0.00134582772572,0.00082916321182,0.00390831704868,0.00412081616327,0.00412498281257,0.00309582043408,0.00262498906255,0.00367081803826,0.00300832079866,0.000341665243061,0.00042916487848,0.00162082657989,0.00167499302086,0.0039958166841,0.00247498968754,0.0032541531077,0.00209165795143,0.00302082074658,0.00227082387157,0.00265832225699,0.00416248265632,0.000416664930563,0.00220415748268,0.00128749463544,0.00242082324657,0.000683330486123,0.00284582147574,0.00389165045146,0.000324998645839,0.00413748276049,0.000504164565981,0.00163749317711,0.00223332402782,0.00276248848963
Gen 240
exec_eq,integer_swap,integer_gte,boolean_shove,boolean_and,vector_integer_flush,integer_lt,vector_integer_pushall,exec_do*vector_integer,vector_integer_reverse,vector_integer_concat,vector_integer_occurrencesof,vector_integer_subvec,integer_eq,vector_integer_yankdup,exec_yankdup,vector_integer_yank,vector_integer_swap,vector_integer_shove,exec_when,vector_integer_rest,boolean_or,boolean_empty,vector_integer_emptyvector,exec_do*while,integer_rot,exec_stackdepth,exec_do*range,vector_integer_replacefirst,vector_integer_last,exec_shove,boolean_xor,boolean_yankdup,boolean_frominteger,exec_yank,vector_integer_indexof,vector_integer_length,integer_div,integer_mult,integer_min,integer_flush,integer_yank,vector_integer_set,integer_max,exec_dup,exec_k,exec_noop,exec_s,exec_y,boolean_rot,vector_integer_stackdepth,integer_yankdup,vector_integer_remove,vector_integer_empty,boolean_stackdepth,exec_do*times,integer_shove,vector_integer_nth,boolean_dup,boolean_not,integer_dup,boolean_flush,boolean_pop,exec_swap,boolean_swap,integer_add,exec_flush,integer_mod,integer_inc,boolean_invert_first_then_and,exec_rot,vector_integer_contains,integer_pop,exec_pop,vector_integer_eq,vector_integer_take,boolean_invert_second_then_and,integer_sub,vector_integer_rot,boolean_yank,integer_stackdepth,integer_dec,integer_gt,vector_integer_butlast,in1,vector_integer_pop,integer_lte,vector_integer_first,boolean_eq,exec_if,vector_integer_replace,exec_empty,exec_do*count,vector_integer_conj,exec_while,integer_fromboolean,integer_empty,vector_integer_dup
0.0040622238082,0.00147302293351,0.000460579001747,0.00182156920511,0.00269708424446,0.00229874564836,0.00166389351082,0.00402902892519,0.000294604586703,0.00153941269953,0.000672196380928,0.000178422496172,0.000373442433849,0.00115767154493,0.00263484383882,0.000481325803627,0.00300828627267,0.00101659329214,0.000742735507322,0.0013194965996,0.000751034228074,0.0017012377542,0.0015269646184,0.00175932879947,0.00122821067133,0.00182986792586,0.00409956805158,0.00051037132626,0.00320330621035,0.00153111397878,0.000423234758362,0.00043568283949,0.00251451238792,0.00115767154493,0.00160165310517,0.00309957220095,0.00409126933083,0.00216181675595,0.00336098190464,0.00208712826918,0.000962651607255,0.00252696046904,0.00121161322982,0.00193360193526,0.00403732764594,0.00058505981303,0.000821573354467,0.000232364181061,0.00120746386944,0.00270538296522,0.000630702777167,0.00351450823856,0.00330289085937,0.00106638561666,0.000443981560242,0.00349791079705,0.00185476408812,0.00077593039033,0.00141078252787,0.00153526333916,0.00369293073473,0.00379251538375,0.00188795897112,0.000672196380928,0.00118671706756,0.00094605416575,0.00387965195165,0.00408297061008,0.00410371741196,0.00312031900283,0.00250206430679,0.00363069032909,0.00286720801988,0.000369293073473,0.000497923245132,0.0015269646184,0.0017012377542,0.00397093787993,0.00243152518039,0.0031950074896,0.00199999170128,0.00300413691229,0.00209127762955,0.00254770727092,0.00414521101572,0.000556014290397,0.00223650524272,0.00136928892411,0.00238173285588,0.000713689984689,0.00290040290289,0.00387965195165,0.000282156505575,0.00409956805158,0.000419085397986,0.00164314670893,0.00222405716159,0.00267218808221
Gen 241
exec_eq,integer_swap,integer_gte,boolean_shove,boolean_and,vector_integer_flush,integer_lt,vector_integer_pushall,exec_do*vector_integer,vector_integer_reverse,vector_integer_concat,vector_integer_occurrencesof,vector_integer_subvec,integer_eq,vector_integer_yankdup,exec_yankdup,vector_integer_yank,vector_integer_swap,vector_integer_shove,exec_when,vector_integer_rest,boolean_or,boolean_empty,vector_integer_emptyvector,exec_do*while,integer_rot,exec_stackdepth,exec_do*range,vector_integer_replacefirst,vector_integer_last,exec_shove,boolean_xor,boolean_yankdup,boolean_frominteger,exec_yank,vector_integer_indexof,vector_integer_length,integer_div,integer_mult,integer_min,integer_flush,integer_yank,vector_integer_set,integer_max,exec_dup,exec_k,exec_noop,exec_s,exec_y,boolean_rot,vector_integer_stackdepth,integer_yankdup,vector_integer_remove,vector_integer_empty,boolean_stackdepth,exec_do*times,integer_shove,vector_integer_nth,boolean_dup,boolean_not,integer_dup,boolean_flush,boolean_pop,exec_swap,boolean_swap,integer_add,exec_flush,integer_mod,integer_inc,boolean_invert_first_then_and,exec_rot,vector_integer_contains,integer_pop,exec_pop,vector_integer_eq,vector_integer_take,boolean_invert_second_then_and,integer_sub,vector_integer_rot,boolean_yank,integer_stackdepth,integer_dec,integer_gt,vector_integer_butlast,in1,vector_integer_pop,integer_lte,vector_integer_first,boolean_eq,exec_if,vector_integer_replace,exec_empty,exec_do*count,vector_integer_conj,exec_while,integer_fromboolean,integer_empty,vector_integer_dup
0.00408675997207,0.00137189515746,0.000479336862244,0.00183470316238,0.00269420374296,0.00228098230999,0.00157024144528,0.00407023111475,0.000314048289057,0.00133883744282,0.000644625435432,0.000169420787517,0.000309916074727,0.00104958243974,0.00270246817162,0.000475204647915,0.00300825203202,0.000991731439126,0.000743798579345,0.00131404415684,0.000776856293982,0.00160743137425,0.0015867703026,0.00172313337548,0.00124379651324,0.00174379444713,0.00408262775774,0.000578510006157,0.00322725939149,0.00144214280106,0.00040495700431,0.000425618075958,0.00259089838472,0.00128925087086,0.00152478708766,0.00298345874604,0.00409502440073,0.00211156152247,0.00333882917839,0.00198759509258,0.00080991400862,0.00250412188379,0.00114462336932,0.00187602530568,0.00400411568547,0.00054132007719,0.000822310651609,0.000280990574419,0.00121900322726,0.00262395609935,0.000785120722642,0.0035206466089,0.00328511039211,0.00107850794005,0.000392560361321,0.00360742310982,0.001892554163,0.000764459650993,0.00146693608704,0.00143801058673,0.00365700968178,0.00379750496899,0.0018512320197,0.000690079793059,0.00122313544159,0.00102478915376,0.00385122375527,0.00407023111475,0.00408675997207,0.00309916074727,0.00254957624142,0.00365287746745,0.00295453324573,0.00040082478998,0.000483469076574,0.00148346494436,0.00167354680353,0.00397519018516,0.0024214775972,0.00316527617654,0.0020041239499,0.00293800438841,0.00211982595113,0.00265701381399,0.00413221432969,0.000504130148223,0.0024627997405,0.00137189515746,0.00226032123834,0.000780988508312,0.00294213660274,0.00383882711228,0.000297519431738,0.00411155325804,0.000487601290904,0.00159916694559,0.00225618902401,0.00271073260028
Gen 242
exec_eq,integer_swap,integer_gte,boolean_shove,boolean_and,vector_integer_flush,integer_lt,vector_integer_pushall,exec_do*vector_integer,vector_integer_reverse,vector_integer_concat,vector_integer_occurrencesof,vector_integer_subvec,integer_eq,vector_integer_yankdup,exec_yankdup,vector_integer_yank,vector_integer_swap,vector_integer_shove,exec_when,vector_integer_rest,boolean_or,boolean_empty,vector_integer_emptyvector,exec_do*while,integer_rot,exec_stackdepth,exec_do*range,vector_integer_replacefirst,vector_integer_last,exec_shove,boolean_xor,boolean_yankdup,boolean_frominteger,exec_yank,vector_integer_indexof,vector_integer_length,integer_div,integer_mult,integer_min,integer_flush,integer_yank,vector_integer_set,integer_max,exec_dup,exec_k,exec_noop,exec_s,exec_y,boolean_rot,vector_integer_stackdepth,integer_yankdup,vector_integer_remove,vector_integer_empty,boolean_stackdepth,exec_do*times,integer_shove,vector_integer_nth,boolean_dup,boolean_not,integer_dup,boolean_flush,boolean_pop,exec_swap,boolean_swap,integer_add,exec_flush,integer_mod,integer_inc,boolean_invert_first_then_and,exec_rot,vector_integer_contains,integer_pop,exec_pop,vector_integer_eq,vector_integer_take,boolean_invert_second_then_and,integer_sub,vector_integer_rot,boolean_yank,integer_stackdepth,integer_dec,integer_gt,vector_integer_butlast,in1,vector_integer_pop,integer_lte,vector_integer_first,boolean_eq,exec_if,vector_integer_replace,exec_empty,exec_do*count,vector_integer_conj,exec_while,integer_fromboolean,integer_empty,vector_integer_dup
0.0040658268896,0.00136624952161,0.000502055547097,0.0018641898593,0.00255142982951,0.00238270624401,0.00158435561994,0.00399175312036,0.000279834239365,0.00139094077802,0.000662548713791,0.000156377957292,0.000358023218011,0.000893000440327,0.00274072946202,0.000489709918889,0.00311932872704,0.00110699132925,0.00071193122662,0.00138271035922,0.000666663923194,0.001687235855,0.00160904687635,0.00173661836783,0.00116460426089,0.00167900543619,0.004069942099,0.000526746803511,0.00334566524418,0.00146912975667,0.000448557824865,0.00044032740606,0.00269546215859,0.00122633240192,0.00149382101308,0.00300410286377,0.00405348126139,0.00213167847046,0.00334155003477,0.00171192711141,0.000798350624072,0.00258846671413,0.00117283467969,0.00208229595763,0.00396706186394,0.000481479500084,0.000917691696742,0.000275719029963,0.00125925407714,0.00264607964576,0.000724276854828,0.00351850403908,0.00332508919716,0.0011769498891,0.000386829683828,0.00348146715446,0.00188476590631,0.000736622483035,0.00134155826519,0.00165019897037,0.00366253636816,0.00376130139382,0.00181480734647,0.000580244525743,0.0011769498891,0.000991765465986,0.00386418162888,0.00402879000498,0.0040658268896,0.0030411397484,0.00260492755174,0.0037201492998,0.00281068802186,0.000362138427414,0.000465018662475,0.00150616664129,0.00170781190201,0.00394237060753,0.00247324085086,0.00314813519286,0.0020329134448,0.0028765313723,0.0021934066115,0.00256789066712,0.00410697898363,0.000514401175304,0.0023744758252,0.00138271035922,0.00223044349612,0.00076131373945,0.00281891844066,0.00386418162888,0.000279834239365,0.00404936605199,0.000436212196658,0.00146501454727,0.00218929140209,0.00266665569277
Gen 243
exec_eq,integer_swap,integer_gte,boolean_shove,boolean_and,vector_integer_flush,integer_lt,vector_integer_pushall,exec_do*vector_integer,vector_integer_reverse,vector_integer_concat,vector_integer_occurrencesof,vector_integer_subvec,integer_eq,vector_integer_yankdup,exec_yankdup,vector_integer_yank,vector_integer_swap,vector_integer_shove,exec_when,vector_integer_rest,boolean_or,boolean_empty,vector_integer_emptyvector,exec_do*while,integer_rot,exec_stackdepth,exec_do*range,vector_integer_replacefirst,vector_integer_last,exec_shove,boolean_xor,boolean_yankdup,boolean_frominteger,exec_yank,vector_integer_indexof,vector_integer_length,integer_div,integer_mult,integer_min,integer_flush,integer_yank,vector_integer_set,integer_max,exec_dup,exec_k,exec_noop,exec_s,exec_y,boolean_rot,vector_integer_stackdepth,integer_yankdup,vector_integer_remove,vector_integer_empty,boolean_stackdepth,exec_do*times,integer_shove,vector_integer_nth,boolean_dup,boolean_not,integer_dup,boolean_flush,boolean_pop,exec_swap,boolean_swap,integer_add,exec_flush,integer_mod,integer_inc,boolean_invert_first_then_and,exec_rot,vector_integer_contains,integer_pop,exec_pop,vector_integer_eq,vector_integer_take,boolean_invert_second_then_and,integer_sub,vector_integer_rot,boolean_yank,integer_stackdepth,integer_dec,integer_gt,vector_integer_butlast,in1,vector_integer_pop,integer_lte,vector_integer_first,boolean_eq,exec_if,vector_integer_replace,exec_empty,exec_do*count,vector_integer_conj,exec_while,integer_fromboolean,integer_empty,vector_integer_dup
0.00404096704522,0.00140163359986,0.00043442444908,0.00193441830156,0.00257375994361,0.00253277650501,0.0015081905402,0.00399998360662,0.000266392350851,0.00131556837882,0.000663931705198,0.000159835410511,0.000307375789443,0.000840160491146,0.00267212019623,0.00054507973328,0.0031475280839,0.00113524124901,0.000643439985902,0.00133606009811,0.000668030049057,0.00174589448404,0.00152458391564,0.00183605804894,0.00120901143848,0.00176228785948,0.00404096704522,0.000532784701702,0.00329916680669,0.00136065016127,0.000401637698206,0.000426227761362,0.00265982516465,0.00120081475076,0.00140573194372,0.00297129929795,0.00404096704522,0.0021516305261,0.00331146183827,0.00173359945246,0.000823767115709,0.00264753013307,0.0011762246876,0.00209425371207,0.00396719685575,0.000540981389421,0.000877045585879,0.000258195663133,0.00136884684899,0.00261064503834,0.000659833361339,0.00351637903123,0.00330736349441,0.00103688099639,0.000471309543813,0.00347129724878,0.00205736861734,0.000766390301679,0.00124179818935,0.00168851767001,0.00370490284876,0.00371719788034,0.00164343588756,0.000622948266605,0.00123769984549,0.000999995901656,0.00387703329085,0.0040327703575,0.00404916373294,0.00311474133303,0.00259015331904,0.00373359125577,0.00280326719972,0.000397539354347,0.000479506231532,0.0016393375437,0.00168032098229,0.0039426067926,0.00259015331904,0.00304097114356,0.00180327129807,0.00288933242077,0.00224179409101,0.0023934328138,0.00409014717153,0.000508194638547,0.00234015434363,0.00127458494023,0.00215572886996,0.000647538329761,0.00278687382429,0.00386883660313,0.000307375789443,0.00404916373294,0.000524588013984,0.00138524022443,0.00212704046295,0.00275408707341
Gen 244
exec_eq,integer_swap,integer_gte,boolean_shove,boolean_and,vector_integer_flush,integer_lt,vector_integer_pushall,exec_do*vector_integer,vector_integer_reverse,vector_integer_concat,vector_integer_occurrencesof,vector_integer_subvec,integer_eq,vector_integer_yankdup,exec_yankdup,vector_integer_yank,vector_integer_swap,vector_integer_shove,exec_when,vector_integer_rest,boolean_or,boolean_empty,vector_integer_emptyvector,exec_do*while,integer_rot,exec_stackdepth,exec_do*range,vector_integer_replacefirst,vector_integer_last,exec_shove,boolean_xor,boolean_yankdup,boolean_frominteger,exec_yank,vector_integer_indexof,vector_integer_length,integer_div,integer_mult,integer_min,integer_flush,integer_yank,vector_integer_set,integer_max,exec_dup,exec_k,exec_noop,exec_s,exec_y,boolean_rot,vector_integer_stackdepth,integer_yankdup,vector_integer_remove,vector_integer_empty,boolean_stackdepth,exec_do*times,integer_shove,vector_integer_nth,boolean_dup,boolean_not,integer_dup,boolean_flush,boolean_pop,exec_swap,boolean_swap,integer_add,exec_flush,integer_mod,integer_inc,boolean_invert_first_then_and,exec_rot,vector_integer_contains,integer_pop,exec_pop,vector_integer_eq,vector_integer_take,boolean_invert_second_then_and,integer_sub,vector_integer_rot,boolean_yank,integer_stackdepth,integer_dec,integer_gt,vector_integer_butlast,in1,vector_integer_pop,integer_lte,vector_integer_first,boolean_eq,exec_if,vector_integer_replace,exec_empty,exec_do*count,vector_integer_conj,exec_while,integer_fromboolean,integer_empty,vector_integer_dup
0.00403263660148,0.00137958620577,0.000416324831327,0.0020408079967,0.00249794898796,0.00237141889217,0.00159183023743,0.00393875943363,0.000228570495631,0.0013591781258,0.000648976942951,0.00017959110371,0.000330610895466,0.000804078350701,0.00262856069975,0.000526528463149,0.00305304876307,0.00109387308623,0.000661221790931,0.0012979538859,0.000648976942951,0.00171019710124,0.00146530014163,0.00175509487716,0.001236729646,0.00169387063726,0.00399998367354,0.000477549071228,0.00324080309876,0.0013632597418,0.000453059375268,0.000363263823413,0.00249794898796,0.00106938339027,0.00133877004584,0.00287345765936,0.00403671821748,0.00213468516455,0.00326529279472,0.00177958457312,0.000975506222424,0.00248570413998,0.00105713854229,0.00201223668475,0.00398773882556,0.00055101815911,0.000938771678483,0.00016734625573,0.00116734217411,0.00254692837988,0.000608160783017,0.0035877404582,0.00329794572267,0.00108570985425,0.000489793919208,0.00341631258648,0.00209795062061,0.000669385022918,0.00121632156603,0.0016081567014,0.00372651540198,0.00377141317791,0.00162040154938,0.000746935726793,0.00114693409415,0.00093469006249,0.00384080064979,0.00399998367354,0.00399182044155,0.00307345684303,0.00265305039571,0.00361631177016,0.0027836621075,0.000375508671393,0.000514283615169,0.00171836033322,0.0017959110371,0.00393467781764,0.00262856069975,0.00301631421913,0.0017918294211,0.00281631503545,0.00221631748442,0.00226937849233,0.0040816159934,0.000604079167024,0.00231835788425,0.00124897449398,0.00225305202836,0.000628568862984,0.00276733564353,0.00386120872976,0.000293876351525,0.00399998367354,0.000583671087057,0.00143672882968,0.00221223586843,0.00281223341946
Gen 245
exec_eq,integer_swap,integer_gte,boolean_shove,boolean_and,vector_integer_flush,integer_lt,vector_integer_pushall,exec_do*vector_integer,vector_integer_reverse,vector_integer_concat,vector_integer_occurrencesof,vector_integer_subvec,integer_eq,vector_integer_yankdup,exec_yankdup,vector_integer_yank,vector_integer_swap,vector_integer_shove,exec_when,vector_integer_rest,boolean_or,boolean_empty,vector_integer_emptyvector,exec_do*while,integer_rot,exec_stackdepth,exec_do*range,vector_integer_replacefirst,vector_integer_last,exec_shove,boolean_xor,boolean_yankdup,boolean_frominteger,exec_yank,vector_integer_indexof,vector_integer_length,integer_div,integer_mult,integer_min,integer_flush,integer_yank,vector_integer_set,integer_max,exec_dup,exec_k,exec_noop,exec_s,exec_y,boolean_rot,vector_integer_stackdepth,integer_yankdup,vector_integer_remove,vector_integer_empty,boolean_stackdepth,exec_do*times,integer_shove,vector_integer_nth,boolean_dup,boolean_not,integer_dup,boolean_flush,boolean_pop,exec_swap,boolean_swap,integer_add,exec_flush,integer_mod,integer_inc,boolean_invert_first_then_and,exec_rot,vector_integer_contains,integer_pop,exec_pop,vector_integer_eq,vector_integer_take,boolean_invert_second_then_and,integer_sub,vector_integer_rot,boolean_yank,integer_stackdepth,integer_dec,integer_gt,vector_integer_butlast,in1,vector_integer_pop,integer_lte,vector_integer_first,boolean_eq,exec_if,vector_integer_replace,exec_empty,exec_do*count,vector_integer_conj,exec_while,integer_fromboolean,integer_empty,vector_integer_dup
0.00400404876403,0.00139023825106,0.000414632460844,0.00202844703883,0.00263007060947,0.00228860858289,0.00153251409547,0.00393087832976,0.000264226568185,0.00116259690001,0.000646338836021,0.000162600965037,0.000345527050703,0.000825199897561,0.00245120954793,0.000532518160495,0.00316665379409,0.00126422250316,0.000760159511547,0.00124389738253,0.000699184149658,0.00166665989163,0.00156503428848,0.00189430124268,0.00123983235841,0.00154877419197,0.0039999837399,0.000483737870984,0.0029959227808,0.00136178308218,0.000434957581473,0.000443087629725,0.00251624993394,0.00099593091085,0.00114633680351,0.00296746761192,0.00401217881228,0.00201625196646,0.00328860451787,0.00190649631506,0.00099593091085,0.00240242925842,0.000963410717843,0.00198779679757,0.00393900837801,0.000495932943362,0.00110162153812,0.000186991109792,0.00114633680351,0.00247559969268,0.000609753618888,0.00358128625493,0.00325201930073,0.000991865886724,0.00041869748497,0.00344307543465,0.00193901650806,0.000524388112243,0.00123576733428,0.00148373380596,0.00369917195459,0.00375201726822,0.00156503428848,0.000731704342665,0.00126015747903,0.00079674472868,0.00381705765424,0.00398778866753,0.00402030886053,0.00306096316682,0.00251624993394,0.00356909118256,0.00275608635737,0.000455282702103,0.000439022605599,0.00160974955386,0.00183332588079,0.00393087832976,0.00265446075422,0.00291462229828,0.00202844703883,0.00274389128499,0.00232519380003,0.00216665785911,0.00406095910179,0.000552843281125,0.00220730810037,0.00125609245491,0.0021016174731,0.000658533908399,0.00274389128499,0.00384957784724,0.00030894183357,0.00395933349864,0.000674794004902,0.00136991313043,0.00234551892065,0.00273982626087
Gen 246
exec_eq,integer_swap,integer_gte,boolean_shove,boolean_and,vector_integer_flush,integer_lt,vector_integer_pushall,exec_do*vector_integer,vector_integer_reverse,vector_integer_concat,vector_integer_occurrencesof,vector_integer_subvec,integer_eq,vector_integer_yankdup,exec_yankdup,vector_integer_yank,vector_integer_swap,vector_integer_shove,exec_when,vector_integer_rest,boolean_or,boolean_empty,vector_integer_emptyvector,exec_do*while,integer_rot,exec_stackdepth,exec_do*range,vector_integer_replacefirst,vector_integer_last,exec_shove,boolean_xor,boolean_yankdup,boolean_frominteger,exec_yank,vector_integer_indexof,vector_integer_length,integer_div,integer_mult,integer_min,integer_flush,integer_yank,vector_integer_set,integer_max,exec_dup,exec_k,exec_noop,exec_s,exec_y,boolean_rot,vector_integer_stackdepth,integer_yankdup,vector_integer_remove,vector_integer_empty,boolean_stackdepth,exec_do*times,integer_shove,vector_integer_nth,boolean_dup,boolean_not,integer_dup,boolean_flush,boolean_pop,exec_swap,boolean_swap,integer_add,exec_flush,integer_mod,integer_inc,boolean_invert_first_then_and,exec_rot,vector_integer_contains,integer_pop,exec_pop,vector_integer_eq,vector_integer_take,boolean_invert_second_then_and,integer_sub,vector_integer_rot,boolean_yank,integer_stackdepth,integer_dec,integer_gt,vector_integer_butlast,in1,vector_integer_pop,integer_lte,vector_integer_first,boolean_eq,exec_if,vector_integer_replace,exec_empty,exec_do*count,vector_integer_conj,exec_while,integer_fromboolean,integer_empty,vector_integer_dup
0.00400403237234,0.00142914401156,0.000404856660499,0.00190282630435,0.00268824822572,0.00239675143016,0.00140485261193,0.00391496390703,0.000319836761794,0.00134412411286,0.000639673523589,0.00017003979741,0.000344128161424,0.000834004720629,0.00246152849584,0.000554653624884,0.00333197031591,0.00111335581637,0.000906878919519,0.00123886138113,0.000668013489824,0.00165586374144,0.00155464957632,0.00195140910361,0.00117003574884,0.00167205800786,0.00399188667252,0.000562750758094,0.00304857065356,0.00136031837928,0.000425099493524,0.000485827992599,0.002429139963,0.000789470487974,0.00106882158372,0.00294735648844,0.00402022663876,0.00182185497225,0.00329553321646,0.00182590353885,0.0010526273173,0.00224695446577,0.000834004720629,0.00205667183534,0.00399593523913,0.000518216525439,0.00104857875069,0.000206476896855,0.00111335581637,0.00258298549399,0.000631576390379,0.00354654434597,0.00322670758418,0.00115384148242,0.000457488026364,0.00342508734782,0.00200404046947,0.000506070825624,0.0012955413136,0.00153440674329,0.00372468127659,0.00379755547548,0.00152630961008,0.000692304889454,0.00117813288205,0.000781373354764,0.00383399257493,0.00395949813968,0.00399188667252,0.00301213355412,0.00253440269473,0.003566787179,0.00271253962535,0.000356273861239,0.000449390893154,0.00157894097595,0.00169634940749,0.00392306104024,0.00263966542646,0.0029149679556,0.00196355480342,0.00272468532516,0.0021902745333,0.00225910016559,0.00404046947178,0.000631576390379,0.0023522171975,0.00115384148242,0.00204047756892,0.000720644855689,0.00278136525763,0.00379350690888,0.000287448228955,0.00396759527289,0.000696353456059,0.00141699831175,0.00223885733256,0.00269634535893
Gen 247
exec_eq,integer_swap,integer_gte,boolean_shove,boolean_and,vector_integer_flush,integer_lt,vector_integer_pushall,exec_do*vector_integer,vector_integer_reverse,vector_integer_concat,vector_integer_occurrencesof,vector_integer_subvec,integer_eq,vector_integer_yankdup,exec_yankdup,vector_integer_yank,vector_integer_swap,vector_integer_shove,exec_when,vector_integer_rest,boolean_or,boolean_empty,vector_integer_emptyvector,exec_do*while,integer_rot,exec_stackdepth,exec_do*range,vector_integer_replacefirst,vector_integer_last,exec_shove,boolean_xor,boolean_yankdup,boolean_frominteger,exec_yank,vector_integer_indexof,vector_integer_length,integer_div,integer_mult,integer_min,integer_flush,integer_yank,vector_integer_set,integer_max,exec_dup,exec_k,exec_noop,exec_s,exec_y,boolean_rot,vector_integer_stackdepth,integer_yankdup,vector_integer_remove,vector_integer_empty,boolean_stackdepth,exec_do*times,integer_shove,vector_integer_nth,boolean_dup,boolean_not,integer_dup,boolean_flush,boolean_pop,exec_swap,boolean_swap,integer_add,exec_flush,integer_mod,integer_inc,boolean_invert_first_then_and,exec_rot,vector_integer_contains,integer_pop,exec_pop,vector_integer_eq,vector_integer_take,boolean_invert_second_then_and,integer_sub,vector_integer_rot,boolean_yank,integer_stackdepth,integer_dec,integer_gt,vector_integer_butlast,in1,vector_integer_pop,integer_lte,vector_integer_first,boolean_eq,exec_if,vector_integer_replace,exec_empty,exec_do*count,vector_integer_conj,exec_while,integer_fromboolean,integer_empty,vector_integer_dup
0.00400401611284,0.00145160704997,0.000354837278882,0.0019153148576,0.00283466598925,0.00241128059968,0.001616928964,0.00387901661687,0.000314514860827,0.00131451082859,0.000564513852767,0.000201612090274,0.000334676069855,0.000919351131649,0.00256853803009,0.000629029721654,0.00332256724771,0.00119354357442,0.00100806045137,0.00114515667276,0.000564513852767,0.00159676775497,0.00156854206233,0.00196370175927,0.00116935012359,0.00166934810747,0.00398385490381,0.00050806246749,0.00304837480494,0.00137499445567,0.000399191938742,0.00046370780763,0.0024999899194,0.000806448361095,0.00101612493498,0.00285482719828,0.0039757904202,0.00192741158302,0.0032419224116,0.00193144382482,0.000967738033314,0.00212499143149,0.000766125943041,0.00200402417732,0.00396369369478,0.000350805037076,0.00110886649651,0.000241934508329,0.00112902770553,0.00247176422676,0.000616932996238,0.00352014709618,0.00321772896077,0.00105644735303,0.000362901762493,0.00343547001827,0.00193547606663,0.000528223676517,0.00137499445567,0.00158870327136,0.00365724331757,0.00373385591187,0.00147983274261,0.000713706799569,0.00126612392692,0.000754029217624,0.00387498437506,0.00395562921117,0.00399191938742,0.00304031032133,0.00258466699731,0.00358869520687,0.00261289268995,0.000318547102633,0.00055241712735,0.00144757480817,0.00165725138205,0.00392337127673,0.00264515062439,0.00310885843202,0.00199595969371,0.00262498941537,0.00210079798065,0.00221370075121,0.00402014508006,0.000524191434712,0.00236289369801,0.00115725339817,0.00202418538635,0.00072177128318,0.00273789218592,0.00381853298979,0.000205644332079,0.00395966145298,0.000685481106931,0.00148386498442,0.00227015213648,0.00262095717356
Gen 248
exec_eq,integer_swap,integer_gte,boolean_shove,boolean_and,vector_integer_flush,integer_lt,vector_integer_pushall,exec_do*vector_integer,vector_integer_reverse,vector_integer_concat,vector_integer_occurrencesof,vector_integer_subvec,integer_eq,vector_integer_yankdup,exec_yankdup,vector_integer_yank,vector_integer_swap,vector_integer_shove,exec_when,vector_integer_rest,boolean_or,boolean_empty,vector_integer_emptyvector,exec_do*while,integer_rot,exec_stackdepth,exec_do*range,vector_integer_replacefirst,vector_integer_last,exec_shove,boolean_xor,boolean_yankdup,boolean_frominteger,exec_yank,vector_integer_indexof,vector_integer_length,integer_div,integer_mult,integer_min,integer_flush,integer_yank,vector_integer_set,integer_max,exec_dup,exec_k,exec_noop,exec_s,exec_y,boolean_rot,vector_integer_stackdepth,integer_yankdup,vector_integer_remove,vector_integer_empty,boolean_stackdepth,exec_do*times,integer_shove,vector_integer_nth,boolean_dup,boolean_not,integer_dup,boolean_flush,boolean_pop,exec_swap,boolean_swap,integer_add,exec_flush,integer_mod,integer_inc,boolean_invert_first_then_and,exec_rot,vector_integer_contains,integer_pop,exec_pop,vector_integer_eq,vector_integer_take,boolean_invert_second_then_and,integer_sub,vector_integer_rot,boolean_yank,integer_stackdepth,integer_dec,integer_gt,vector_integer_butlast,in1,vector_integer_pop,integer_lte,vector_integer_first,boolean_eq,exec_if,vector_integer_replace,exec_empty,exec_do*count,vector_integer_conj,exec_while,integer_fromboolean,integer_empty,vector_integer_dup
0.00397990369517,0.00136947241176,0.000313251754009,0.00194778334224,0.00283934602672,0.00234537210694,0.00158232296256,0.00383934201067,0.000232930791443,0.00125300701604,0.000626503508018,0.000216866598929,0.000373492475934,0.000923691069514,0.002566254754,0.000718872614969,0.00333331994651,0.00137750450801,0.00110842928342,0.00113252557219,0.000510038112297,0.00161846739571,0.00162248344384,0.00210842526737,0.00119678234224,0.0015461785294,0.00396383950265,0.00052610230481,0.0030481805294,0.00140160079678,0.00042971714973,0.000578310930478,0.00247790169517,0.000662647941173,0.00100401203208,0.00279115344918,0.00395982345452,0.00178312536897,0.00323693479143,0.00204015244919,0.00103614041711,0.00216464994116,0.000763049144381,0.0020281043048,0.00391966297324,0.000337348042779,0.00126103911229,0.000244978935828,0.00106826880213,0.00247790169517,0.00062248745989,0.00351002606415,0.00321283850266,0.00115260581283,0.00038152457219,0.00351404211228,0.00196384753475,0.000554214641708,0.00133734402673,0.00174698093582,0.00375902104811,0.00374697290372,0.00142971313368,0.000726904711226,0.00127308725668,0.000738952855611,0.00385139015506,0.00393171111763,0.00397588764704,0.00295179537432,0.0024819177433,0.00358231493046,0.00255420660961,0.000309235705881,0.00050200601604,0.00150601804812,0.0016024032032,0.00389155063634,0.0025943670909,0.00294777932619,0.00210039317111,0.0025943670909,0.00201204011229,0.00217268203742,0.00399998393581,0.00052610230481,0.00224898695186,0.00115662186096,0.00198392777539,0.000738952855611,0.00277508925667,0.00380319757752,0.000220882647058,0.0039558074064,0.000751000999996,0.00142569708555,0.00234135605881,0.00258633499464
Gen 249
exec_eq,integer_swap,integer_gte,boolean_shove,boolean_and,vector_integer_flush,integer_lt,vector_integer_pushall,exec_do*vector_integer,vector_integer_reverse,vector_integer_concat,vector_integer_occurrencesof,vector_integer_subvec,integer_eq,vector_integer_yankdup,exec_yankdup,vector_integer_yank,vector_integer_swap,vector_integer_shove,exec_when,vector_integer_rest,boolean_or,boolean_empty,vector_integer_emptyvector,exec_do*while,integer_rot,exec_stackdepth,exec_do*range,vector_integer_replacefirst,vector_integer_last,exec_shove,boolean_xor,boolean_yankdup,boolean_frominteger,exec_yank,vector_integer_indexof,vector_integer_length,integer_div,integer_mult,integer_min,integer_flush,integer_yank,vector_integer_set,integer_max,exec_dup,exec_k,exec_noop,exec_s,exec_y,boolean_rot,vector_integer_stackdepth,integer_yankdup,vector_integer_remove,vector_integer_empty,boolean_stackdepth,exec_do*times,integer_shove,vector_integer_nth,boolean_dup,boolean_not,integer_dup,boolean_flush,boolean_pop,exec_swap,boolean_swap,integer_add,exec_flush,integer_mod,integer_inc,boolean_invert_first_then_and,exec_rot,vector_integer_contains,integer_pop,exec_pop,vector_integer_eq,vector_integer_take,boolean_invert_second_then_and,integer_sub,vector_integer_rot,boolean_yank,integer_stackdepth,integer_dec,integer_gt,vector_integer_butlast,in1,vector_integer_pop,integer_lte,vector_integer_first,boolean_eq,exec_if,vector_integer_replace,exec_empty,exec_do*count,vector_integer_conj,exec_while,integer_fromboolean,integer_empty,vector_integer_dup
0.00399598401606,0.00132799468802,0.000303998784005,0.00181599273603,0.00282798868805,0.00244399022404,0.00157199371203,0.00385598457606,0.000255998976004,0.00124399502402,0.000667997328011,0.000219999120004,0.000391998432006,0.000967996128015,0.00242799028804,0.000775996896012,0.00332798668805,0.00119999520002,0.00110399558402,0.00105199579202,0.000591997632009,0.00156399374403,0.00158399366403,0.00214399142403,0.00127599489602,0.00152399390402,0.00395598417606,0.000539997840009,0.00295198819205,0.00150399398402,0.000407998368007,0.000527997888008,0.00247199011204,0.000731997072012,0.00106399574402,0.00271998912004,0.00395598417606,0.00177999288003,0.00309998760005,0.00203999184003,0.000991996032016,0.00210799156803,0.000791996832013,0.00201199195203,0.00391598433606,0.000335998656005,0.00112799548802,0.000271998912004,0.00100399598402,0.00248399006404,0.000555997776009,0.00345598617606,0.00323198707205,0.00111999552002,0.000439998240007,0.00350398598406,0.00195199219203,0.000399998400006,0.00137599449602,0.00164399342403,0.00369598521606,0.00375998496006,0.00136799452802,0.000791996832013,0.00118399526402,0.000767996928012,0.00386398454406,0.00394798420806,0.00396398414406,0.00283998864005,0.00247999008004,0.00353198587206,0.00244399022404,0.000351998592006,0.000463998144007,0.00147599409602,0.00151199395202,0.00387598449606,0.00255198979204,0.00299598801605,0.00198399206403,0.00255598977604,0.00191999232003,0.00215999136003,0.00399598401606,0.000539997840009,0.00222399110404,0.00117999528002,0.00211199155203,0.000755996976012,0.00274798900804,0.00382798468806,0.000219999120004,0.00390798436806,0.000791996832013,0.00154399382402,0.00220799116804,0.00257198971204
Gen 250
exec_eq,integer_swap,integer_gte,boolean_shove,boolean_and,vector_integer_flush,integer_lt,vector_integer_pushall,exec_do*vector_integer,vector_integer_reverse,vector_integer_concat,vector_integer_occurrencesof,vector_integer_subvec,integer_eq,vector_integer_yankdup,exec_yankdup,vector_integer_yank,vector_integer_swap,vector_integer_shove,exec_when,vector_integer_rest,boolean_or,boolean_empty,vector_integer_emptyvector,exec_do*while,integer_rot,exec_stackdepth,exec_do*range,vector_integer_replacefirst,vector_integer_last,exec_shove,boolean_xor,boolean_yankdup,boolean_frominteger,exec_yank,vector_integer_indexof,vector_integer_length,integer_div,integer_mult,integer_min,integer_flush,integer_yank,vector_integer_set,integer_max,exec_dup,exec_k,exec_noop,exec_s,exec_y,boolean_rot,vector_integer_stackdepth,integer_yankdup,vector_integer_remove,vector_integer_empty,boolean_stackdepth,exec_do*times,integer_shove,vector_integer_nth,boolean_dup,boolean_not,integer_dup,boolean_flush,boolean_pop,exec_swap,boolean_swap,integer_add,exec_flush,integer_mod,integer_inc,boolean_invert_first_then_and,exec_rot,vector_integer_contains,integer_pop,exec_pop,vector_integer_eq,vector_integer_take,boolean_invert_second_then_and,integer_sub,vector_integer_rot,boolean_yank,integer_stackdepth,integer_dec,integer_gt,vector_integer_butlast,in1,vector_integer_pop,integer_lte,vector_integer_first,boolean_eq,exec_if,vector_integer_replace,exec_empty,exec_do*count,vector_integer_conj,exec_while,integer_fromboolean,integer_empty,vector_integer_dup
0.00394819144147,0.00139441675531,0.000286851446807,0.00184461416488,0.00274102493616,0.00237050848403,0.00152190628723,0.00384460619679,0.000219122632978,0.00129083151063,0.000729080760634,0.000310755734041,0.000318723829786,0.000980075776591,0.00240238086701,0.000796809574464,0.0033824566436,0.0011952143617,0.00117927817021,0.0010358524468,0.000589639085103,0.0015976031968,0.00158963510106,0.00209162513297,0.00107170887765,0.00154581057446,0.00394819144147,0.000462149553189,0.0030079561436,0.0016693160585,0.000442229313827,0.000705176473401,0.00243823729786,0.000717128617017,0.000888442675527,0.00260158326062,0.00393623929785,0.00171712463297,0.00306373281381,0.00194023131382,0.00094421934574,0.00213544965956,0.00072111266489,0.00191234297871,0.00390835096275,0.000330675973402,0.0012231026968,0.000346612164892,0.00121911864893,0.00248206182445,0.000486053840423,0.00341831307445,0.00309560519679,0.00111154935638,0.000382468595743,0.00348205784041,0.00177688535105,0.000402388835104,0.00147011366489,0.00162549153191,0.00367727618615,0.00376890928721,0.00136652842021,0.000717128617017,0.00105178863829,0.000808761718081,0.00378086143083,0.00390835096275,0.00391233501062,0.00292827518615,0.00250596611169,0.0034979940319,0.00238644467552,0.000362548356381,0.0004462133617,0.00149003390425,0.00145019342552,0.00387249453189,0.0026334556436,0.00298803590424,0.00196811964893,0.00258166302126,0.00194421536169,0.00224700299999,0.00398404787232,0.000693224329784,0.00207568894148,0.0010796769734,0.00201592822339,0.000776889335102,0.00268126421807,0.00379679762232,0.000191234297871,0.00390436691487,0.000756969095741,0.00135457627659,0.00217130609041,0.0025617427819
Gen 251
exec_eq,integer_swap,integer_gte,boolean_shove,boolean_and,vector_integer_flush,integer_lt,vector_integer_pushall,exec_do*vector_integer,vector_integer_reverse,vector_integer_concat,vector_integer_occurrencesof,vector_integer_subvec,integer_eq,vector_integer_yankdup,exec_yankdup,vector_integer_yank,vector_integer_swap,vector_integer_shove,exec_when,vector_integer_rest,boolean_or,boolean_empty,vector_integer_emptyvector,exec_do*while,integer_rot,exec_stackdepth,exec_do*range,vector_integer_replacefirst,vector_integer_last,exec_shove,boolean_xor,boolean_yankdup,boolean_frominteger,exec_yank,vector_integer_indexof,vector_integer_length,integer_div,integer_mult,integer_min,integer_flush,integer_yank,vector_integer_set,integer_max,exec_dup,exec_k,exec_noop,exec_s,exec_y,boolean_rot,vector_integer_stackdepth,integer_yankdup,vector_integer_remove,vector_integer_empty,boolean_stackdepth,exec_do*times,integer_shove,vector_integer_nth,boolean_dup,boolean_not,integer_dup,boolean_flush,boolean_pop,exec_swap,boolean_swap,integer_add,exec_flush,integer_mod,integer_inc,boolean_invert_first_then_and,exec_rot,vector_integer_contains,integer_pop,exec_pop,vector_integer_eq,vector_integer_take,boolean_invert_second_then_and,integer_sub,vector_integer_rot,boolean_yank,integer_stackdepth,integer_dec,integer_gt,vector_integer_butlast,in1,vector_integer_pop,integer_lte,vector_integer_first,boolean_eq,exec_if,vector_integer_replace,exec_empty,exec_do*count,vector_integer_conj,exec_while,integer_fromboolean,integer_empty,vector_integer_dup
0.00395633350661,0.0013611057099,0.000305554343038,0.00168650124404,0.00284522680466,0.00224999107146,0.00142459752144,0.00382934988353,0.00024999900794,0.00124205856326,0.000690473450502,0.000257935484383,0.000333332010587,0.000999996031762,0.00230554640656,0.000936504220221,0.00323808238856,0.0012499950397,0.0011944397046,0.00101983722287,0.000563489827421,0.00157539057385,0.00153967642986,0.00208729330439,0.000988091317098,0.00153173995341,0.00392855583906,0.000523807445209,0.00294443276019,0.00158332705029,0.00040476029857,0.000694441688723,0.00239681588565,0.000654759306511,0.000793647644255,0.00259125955849,0.00393252407729,0.0017896754378,0.00295633747485,0.00197221439597,0.00080952059714,0.00201983325463,0.000761901738485,0.00197221439597,0.0039166511244,0.000246030769719,0.00127380446903,0.000317459057702,0.00105555136686,0.00235316526522,0.000551585112757,0.00342855782318,0.00302776576283,0.0010436466522,0.000329363772366,0.00347220844362,0.00183332605823,0.000424601489677,0.001380946901,0.00156348585918,0.00363887444891,0.00377379454843,0.00121428089571,0.000948408934885,0.0010436466522,0.000710314641609,0.00382538164531,0.0039166511244,0.0039166511244,0.00291665509264,0.00252379950873,0.0034682402054,0.00238491117099,0.000369046154579,0.00040476029857,0.00133729628057,0.00129364566014,0.0038610957893,0.00244443474431,0.00287697271043,0.00192459553732,0.00248808536474,0.0019960238253,0.00213491216305,0.00396030174483,0.000698409926945,0.00208332506617,0.000988091317098,0.00192856377554,0.000769838214928,0.00258729132027,0.00382934988353,0.00021825310217,0.00389680993329,0.000876980646902,0.0014365022361,0.00213094392483,0.0024245935532
Gen 252
exec_eq,integer_swap,integer_gte,boolean_shove,boolean_and,vector_integer_flush,integer_lt,vector_integer_pushall,exec_do*vector_integer,vector_integer_reverse,vector_integer_concat,vector_integer_occurrencesof,vector_integer_subvec,integer_eq,vector_integer_yankdup,exec_yankdup,vector_integer_yank,vector_integer_swap,vector_integer_shove,exec_when,vector_integer_rest,boolean_or,boolean_empty,vector_integer_emptyvector,exec_do*while,integer_rot,exec_stackdepth,exec_do*range,vector_integer_replacefirst,vector_integer_last,exec_shove,boolean_xor,boolean_yankdup,boolean_frominteger,exec_yank,vector_integer_indexof,vector_integer_length,integer_div,integer_mult,integer_min,integer_flush,integer_yank,vector_integer_set,integer_max,exec_dup,exec_k,exec_noop,exec_s,exec_y,boolean_rot,vector_integer_stackdepth,integer_yankdup,vector_integer_remove,vector_integer_empty,boolean_stackdepth,exec_do*times,integer_shove,vector_integer_nth,boolean_dup,boolean_not,integer_dup,boolean_flush,boolean_pop,exec_swap,boolean_swap,integer_add,exec_flush,integer_mod,integer_inc,boolean_invert_first_then_and,exec_rot,vector_integer_contains,integer_pop,exec_pop,vector_integer_eq,vector_integer_take,boolean_invert_second_then_and,integer_sub,vector_integer_rot,boolean_yank,integer_stackdepth,integer_dec,integer_gt,vector_integer_butlast,in1,vector_integer_pop,integer_lte,vector_integer_first,boolean_eq,exec_if,vector_integer_replace,exec_empty,exec_do*count,vector_integer_conj,exec_while,integer_fromboolean,integer_empty,vector_integer_dup
0.00391698056529,0.00140315650926,0.000260868534116,0.00172726590013,0.00279445535788,0.00213833146905,0.00146639736602,0.00381026161952,0.000237153212833,0.00118181351062,0.000687744317216,0.000280631301853,0.000418970676005,0.000972328172616,0.00230038616448,0.000976280726163,0.00316994794487,0.00119762372481,0.00120948138545,0.00112252520741,0.000632408567555,0.00152568566923,0.0016995980253,0.00194860889878,0.000932802637144,0.00162449950791,0.00388536013692,0.000478258979214,0.00293674728558,0.0016995980253,0.000359682372797,0.00073912751333,0.00235572191414,0.000727269852688,0.000802368370085,0.00254939703796,0.00390117035111,0.00185770016719,0.00299603558879,0.00197627677361,0.000747032620424,0.00188141548848,0.000743080066877,0.00188932059557,0.00385373970854,0.000304346623136,0.00111462010032,0.000252963427022,0.00101185370809,0.00223714530773,0.000553357496611,0.00330433476548,0.00315809028423,0.00104742669001,0.000359682372797,0.00347429456801,0.00183398484591,0.000403160461816,0.00152568566923,0.00146244481247,0.00355334563895,0.00375492586986,0.00114624052869,0.000849799012652,0.000849799012652,0.00081027347718,0.00381816672661,0.0039090754582,0.00390117035111,0.00283398089336,0.00254544448441,0.00333595519385,0.00237548468188,0.000458496211477,0.000418970676005,0.0012727222422,0.00132015288477,0.00385373970854,0.00238338978897,0.00283398089336,0.00181026952463,0.00251382405603,0.00200394464844,0.00214623657614,0.00394069588658,0.00064031367465,0.00205532784455,0.000916992422955,0.00189722570267,0.000758890281066,0.00260473278762,0.00380630906597,0.00021343789155,0.00386954992273,0.000948612851333,0.0014901126873,0.0019841818807,0.0024189627709
Gen 253
exec_eq,integer_swap,integer_gte,boolean_shove,boolean_and,vector_integer_flush,integer_lt,vector_integer_pushall,exec_do*vector_integer,vector_integer_reverse,vector_integer_concat,vector_integer_occurrencesof,vector_integer_subvec,integer_eq,vector_integer_yankdup,exec_yankdup,vector_integer_yank,vector_integer_swap,vector_integer_shove,exec_when,vector_integer_rest,boolean_or,boolean_empty,vector_integer_emptyvector,exec_do*while,integer_rot,exec_stackdepth,exec_do*range,vector_integer_replacefirst,vector_integer_last,exec_shove,boolean_xor,boolean_yankdup,boolean_frominteger,exec_yank,vector_integer_indexof,vector_integer_length,integer_div,integer_mult,integer_min,integer_flush,integer_yank,vector_integer_set,integer_max,exec_dup,exec_k,exec_noop,exec_s,exec_y,boolean_rot,vector_integer_stackdepth,integer_yankdup,vector_integer_remove,vector_integer_empty,boolean_stackdepth,exec_do*times,integer_shove,vector_integer_nth,boolean_dup,boolean_not,integer_dup,boolean_flush,boolean_pop,exec_swap,boolean_swap,integer_add,exec_flush,integer_mod,integer_inc,boolean_invert_first_then_and,exec_rot,vector_integer_contains,integer_pop,exec_pop,vector_integer_eq,vector_integer_take,boolean_invert_second_then_and,integer_sub,vector_integer_rot,boolean_yank,integer_stackdepth,integer_dec,integer_gt,vector_integer_butlast,in1,vector_integer_pop,integer_lte,vector_integer_first,boolean_eq,exec_if,vector_integer_replace,exec_empty,exec_do*count,vector_integer_conj,exec_while,integer_fromboolean,integer_empty,vector_integer_dup
0.00391730741218,0.00150393108689,0.000283463450931,0.00184644942343,0.00283463450931,0.00209054295062,0.00136613635379,0.00383463057232,0.00020472360345,0.00112991681135,0.000775587497687,0.000259841496687,0.000374014275534,0.000822831406176,0.00231495151594,0.000988185085885,0.00312203495262,0.00120471966646,0.00127164853682,0.00102361801725,0.000523619985748,0.00147637214027,0.00153936401825,0.00182282746918,0.000933067192649,0.00159054491911,0.00387006350369,0.000507872016252,0.0027755796237,0.00177558356069,0.000362203298412,0.000830705390924,0.00237006940918,0.000748028551069,0.000712595619702,0.00266140684485,0.00387006350369,0.00177164656832,0.0028818784178,0.00181101649206,0.00066141471884,0.00188581934717,0.000712595619702,0.0017440876217,0.00385037854182,0.000251967511939,0.00110235786473,0.000354329313664,0.000948815162145,0.00211416490486,0.000543304947618,0.00324408171621,0.00309841299837,0.00099212207826,0.000429132168771,0.0035039232129,0.0017598355912,0.000421258184023,0.00133070342243,0.00139369530041,0.00353541915189,0.00367321388498,0.00121653064358,0.000956689146893,0.000893697268908,0.000799209451931,0.00377557568671,0.00389368545793,0.00388581147318,0.00296455525766,0.00253542308889,0.00333463254082,0.00232676249306,0.000425195176397,0.00035039232129,0.00128345951394,0.00118503470459,0.00386218951894,0.00236219542443,0.00290550037205,0.00171652867508,0.00244880925666,0.00210629092011,0.00212991287436,0.00393305538167,0.000606296825603,0.00208266896587,0.000893697268908,0.00179920551494,0.000787398474809,0.00251573812702,0.00375589072484,0.000181101649206,0.00385825252656,0.00109054688761,0.00138975830804,0.00202361408026,0.00243699827953
Gen 254
exec_eq,integer_swap,integer_gte,boolean_shove,boolean_and,vector_integer_flush,integer_lt,vector_integer_pushall,exec_do*vector_integer,vector_integer_reverse,vector_integer_concat,vector_integer_occurrencesof,vector_integer_subvec,integer_eq,vector_integer_yankdup,exec_yankdup,vector_integer_yank,vector_integer_swap,vector_integer_shove,exec_when,vector_integer_rest,boolean_or,boolean_empty,vector_integer_emptyvector,exec_do*while,integer_rot,exec_stackdepth,exec_do*range,vector_integer_replacefirst,vector_integer_last,exec_shove,boolean_xor,boolean_yankdup,boolean_frominteger,exec_yank,vector_integer_indexof,vector_integer_length,integer_div,integer_mult,integer_min,integer_flush,integer_yank,vector_integer_set,integer_max,exec_dup,exec_k,exec_noop,exec_s,exec_y,boolean_rot,vector_integer_stackdepth,integer_yankdup,vector_integer_remove,vector_integer_empty,boolean_stackdepth,exec_do*times,integer_shove,vector_integer_nth,boolean_dup,boolean_not,integer_dup,boolean_flush,boolean_pop,exec_swap,boolean_swap,integer_add,exec_flush,integer_mod,integer_inc,boolean_invert_first_then_and,exec_rot,vector_integer_contains,integer_pop,exec_pop,vector_integer_eq,vector_integer_take,boolean_invert_second_then_and,integer_sub,vector_integer_rot,boolean_yank,integer_stackdepth,integer_dec,integer_gt,vector_integer_butlast,in1,vector_integer_pop,integer_lte,vector_integer_first,boolean_eq,exec_if,vector_integer_replace,exec_empty,exec_do*count,vector_integer_conj,exec_while,integer_fromboolean,integer_empty,vector_integer_dup
0.00387449460983,0.00155685663978,0.000317645813154,0.00188234555943,0.0027882243599,0.00220783447908,0.00123136772013,0.00376861267211,0.000192156109192,0.00109803490967,0.000662742499049,0.000278430280666,0.000423527750872,0.000788232203011,0.00225097156482,0.00109411335642,0.00322743832377,0.00101568229144,0.00124313237987,0.0011568582084,0.000505880369097,0.0014705824683,0.00159215061902,0.00198038439065,0.000933329673217,0.00167450323724,0.00383527907734,0.000588232987322,0.00280783212615,0.0018078360477,0.000415684644374,0.000847055501743,0.00230979486355,0.00075685977702,0.000752938223772,0.00268626397544,0.00384312218383,0.0016470523645,0.00282743989239,0.00186273779319,0.000745095117274,0.00188626711268,0.000784310649762,0.00166666013074,0.00384312218383,0.000258822514422,0.00101960384469,0.000294116493661,0.000972545205705,0.00222352069208,0.000619605413312,0.00326273230301,0.00306273308732,0.00108627024992,0.000360782898891,0.00347449617845,0.00174509119572,0.000482351049604,0.00142744538257,0.00160391527876,0.00363527986165,0.00359998588241,0.00121175995388,0.000925486566719,0.000898035693978,0.000807839969255,0.0037764557786,0.00385096529033,0.00387449460983,0.00290194940412,0.00241175524802,0.00332547715499,0.0023137164168,0.000392155324881,0.000388233771632,0.00128234791236,0.00125097548637,0.00385488684358,0.00234508884279,0.00286665542488,0.00184705158019,0.00238038282203,0.00210587409461,0.0021294034141,0.00391763169556,0.0006588209458,0.00198822749715,0.000968623652456,0.00189803177242,0.000768624436767,0.00258038203772,0.00373724024612,0.000180391449445,0.00384312218383,0.0011411719954,0.00142352382932,0.00210979564786,0.00241567680127
Gen 255
exec_eq,integer_swap,integer_gte,boolean_shove,boolean_and,vector_integer_flush,integer_lt,vector_integer_pushall,exec_do*vector_integer,vector_integer_reverse,vector_integer_concat,vector_integer_occurrencesof,vector_integer_subvec,integer_eq,vector_integer_yankdup,exec_yankdup,vector_integer_yank,vector_integer_swap,vector_integer_shove,exec_when,vector_integer_rest,boolean_or,boolean_empty,vector_integer_emptyvector,exec_do*while,integer_rot,exec_stackdepth,exec_do*range,vector_integer_replacefirst,vector_integer_last,exec_shove,boolean_xor,boolean_yankdup,boolean_frominteger,exec_yank,vector_integer_indexof,vector_integer_length,integer_div,integer_mult,integer_min,integer_flush,integer_yank,vector_integer_set,integer_max,exec_dup,exec_k,exec_noop,exec_s,exec_y,boolean_rot,vector_integer_stackdepth,integer_yankdup,vector_integer_remove,vector_integer_empty,boolean_stackdepth,exec_do*times,integer_shove,vector_integer_nth,boolean_dup,boolean_not,integer_dup,boolean_flush,boolean_pop,exec_swap,boolean_swap,integer_add,exec_flush,integer_mod,integer_inc,boolean_invert_first_then_and,exec_rot,vector_integer_contains,integer_pop,exec_pop,vector_integer_eq,vector_integer_take,boolean_invert_second_then_and,integer_sub,vector_integer_rot,boolean_yank,integer_stackdepth,integer_dec,integer_gt,vector_integer_butlast,in1,vector_integer_pop,integer_lte,vector_integer_first,boolean_eq,exec_if,vector_integer_replace,exec_empty,exec_do*count,vector_integer_conj,exec_while,integer_fromboolean,integer_empty,vector_integer_dup
0.00385935992438,0.0016093687134,0.000289061370854,0.00195702360538,0.00289061370854,0.00233983461002,0.00115624548342,0.00377732899481,0.000179686798098,0.0009843711548,0.000566404037484,0.000269530197148,0.00046093569947,0.000820309295667,0.00222655380252,0.000992183624283,0.00312498779302,0.00107812078859,0.00126562005617,0.00110155819704,0.000621091323862,0.00134765098574,0.00147265049746,0.00201171089175,0.000863277877821,0.00155468142703,0.00384373498541,0.000597653915414,0.00293748852544,0.001902336319,0.000371092300421,0.000937496337905,0.00228905355838,0.000761715774548,0.000777340713513,0.00273045808415,0.00385545368963,0.00173046199038,0.00287108253483,0.00180858668521,0.000710934722911,0.00184374279788,0.000753903305065,0.00167186846926,0.00384764122015,0.000195311737064,0.000996089859024,0.000371092300421,0.000972652450576,0.00220311639408,0.000613278854379,0.00339451799016,0.00313670649724,0.000929683868422,0.000421873352057,0.00346483021551,0.00171093081668,0.000546872863778,0.00146093179324,0.00154686895754,0.00366014195257,0.00363670454412,0.00120312030031,0.000914058929457,0.000882809051527,0.000691403549205,0.00378904769903,0.00385154745489,0.00388279733282,0.0028867074738,0.0023281159058,0.0033124870606,0.0022812410889,0.000355467361456,0.000417967117316,0.00117968289186,0.00122655770876,0.00385545368963,0.00227342861942,0.00287889500432,0.00179296174624,0.00242186553959,0.00210936676029,0.00205077323917,0.00390623474127,0.00046093569947,0.00212499169925,0.000945308807387,0.00177343057254,0.000812496826184,0.00249999023441,0.00373436041265,0.000144530685427,0.00384764122015,0.00117187042238,0.00143358815005,0.00209764805606,0.00252342764286
Gen 256
exec_eq,integer_swap,integer_gte,boolean_shove,boolean_and,vector_integer_flush,integer_lt,vector_integer_pushall,exec_do*vector_integer,vector_integer_reverse,vector_integer_concat,vector_integer_occurrencesof,vector_integer_subvec,integer_eq,vector_integer_yankdup,exec_yankdup,vector_integer_yank,vector_integer_swap,vector_integer_shove,exec_when,vector_integer_rest,boolean_or,boolean_empty,vector_integer_emptyvector,exec_do*while,integer_rot,exec_stackdepth,exec_do*range,vector_integer_replacefirst,vector_integer_last,exec_shove,boolean_xor,boolean_yankdup,boolean_frominteger,exec_yank,vector_integer_indexof,vector_integer_length,integer_div,integer_mult,integer_min,integer_flush,integer_yank,vector_integer_set,integer_max,exec_dup,exec_k,exec_noop,exec_s,exec_y,boolean_rot,vector_integer_stackdepth,integer_yankdup,vector_integer_remove,vector_integer_empty,boolean_stackdepth,exec_do*times,integer_shove,vector_integer_nth,boolean_dup,boolean_not,integer_dup,boolean_flush,boolean_pop,exec_swap,boolean_swap,integer_add,exec_flush,integer_mod,integer_inc,boolean_invert_first_then_and,exec_rot,vector_integer_contains,integer_pop,exec_pop,vector_integer_eq,vector_integer_take,boolean_invert_second_then_and,integer_sub,vector_integer_rot,boolean_yank,integer_stackdepth,integer_dec,integer_gt,vector_integer_butlast,in1,vector_integer_pop,integer_lte,vector_integer_first,boolean_eq,exec_if,vector_integer_replace,exec_empty,exec_do*count,vector_integer_conj,exec_while,integer_fromboolean,integer_empty,vector_integer_dup
0.00385990715989,0.00143190104319,0.000303500764588,0.00184824183563,0.00270426963319,0.00209337706857,0.00120232995202,0.00375095816748,0.000194551772172,0.000957194719087,0.000630347741838,0.000295718693702,0.000521398749421,0.00072373259248,0.00221789020276,0.00114785545582,0.00313617456741,0.000894938151992,0.00119843891658,0.000945521612756,0.000552527032969,0.00122956720013,0.00135018929887,0.00201944739515,0.000859918833001,0.00155641417738,0.00385601612445,0.000494161501317,0.00276652620029,0.00180544044576,0.000276263516484,0.000988323002634,0.00226847366353,0.000661476025385,0.000630347741838,0.00250971786102,0.0038248878409,0.00161088867358,0.00285991105093,0.00182489562297,0.000649802919055,0.001719837666,0.000731514663367,0.00152139485839,0.00384434301812,0.00022568005572,0.000828790549453,0.000284045587371,0.000887156081105,0.0021945439901,0.000509725643091,0.0033501815168,0.00310893731931,0.000863809868444,0.000447469075996,0.003439675332,0.00168481834701,0.000517507713978,0.00141633690141,0.00152139485839,0.00365368228139,0.00365757331684,0.00109727199505,0.00109338095961,0.000813226407679,0.000680931202602,0.0037704133447,0.00382099680546,0.00384434301812,0.00274707102307,0.00233073023062,0.00325679666616,0.00224901848631,0.000334629048136,0.000416340792448,0.00114007338493,0.00115174649126,0.00383266991179,0.00228792884074,0.00298442418512,0.00169649145334,0.00238131369139,0.00217508881288,0.00205057567869,0.00388325337255,0.00048637943043,0.00205057567869,0.000844354691227,0.00184435080019,0.000692604308933,0.00246691647114,0.00372372091937,0.000155641417738,0.00378597748647,0.00128793273178,0.00143579207863,0.00204279360781,0.00244746129392
Gen 257
exec_eq,integer_swap,integer_gte,boolean_shove,boolean_and,vector_integer_flush,integer_lt,vector_integer_pushall,exec_do*vector_integer,vector_integer_reverse,vector_integer_concat,vector_integer_occurrencesof,vector_integer_subvec,integer_eq,vector_integer_yankdup,exec_yankdup,vector_integer_yank,vector_integer_swap,vector_integer_shove,exec_when,vector_integer_rest,boolean_or,boolean_empty,vector_integer_emptyvector,exec_do*while,integer_rot,exec_stackdepth,exec_do*range,vector_integer_replacefirst,vector_integer_last,exec_shove,boolean_xor,boolean_yankdup,boolean_frominteger,exec_yank,vector_integer_indexof,vector_integer_length,integer_div,integer_mult,integer_min,integer_flush,integer_yank,vector_integer_set,integer_max,exec_dup,exec_k,exec_noop,exec_s,exec_y,boolean_rot,vector_integer_stackdepth,integer_yankdup,vector_integer_remove,vector_integer_empty,boolean_stackdepth,exec_do*times,integer_shove,vector_integer_nth,boolean_dup,boolean_not,integer_dup,boolean_flush,boolean_pop,exec_swap,boolean_swap,integer_add,exec_flush,integer_mod,integer_inc,boolean_invert_first_then_and,exec_rot,vector_integer_contains,integer_pop,exec_pop,vector_integer_eq,vector_integer_take,boolean_invert_second_then_and,integer_sub,vector_integer_rot,boolean_yank,integer_stackdepth,integer_dec,integer_gt,vector_integer_butlast,in1,vector_integer_pop,integer_lte,vector_integer_first,boolean_eq,exec_if,vector_integer_replace,exec_empty,exec_do*count,vector_integer_conj,exec_while,integer_fromboolean,integer_empty,vector_integer_dup
0.00384882229139,0.00145735869241,0.000317828225472,0.00193022507665,0.00269766396254,0.00220154185449,0.0011821659606,0.00375579939613,0.000236433192119,0.000930228952601,0.000678291944605,0.000379843488979,0.000620152635067,0.000779066747803,0.00229844070372,0.00112790260503,0.00303874791183,0.00079457056368,0.00122867740823,0.000875965597033,0.000585269049345,0.00120154573044,0.00144960678447,0.00195348080046,0.00100774803198,0.00138759152096,0.00383719442948,0.000434106844547,0.00274417541017,0.00178293882582,0.000298448455626,0.000949608722447,0.00233720024341,0.000713175530327,0.000658912174759,0.00259688915934,0.0038216906136,0.00162790066705,0.00274805136414,0.00186820981314,0.000689919806512,0.00173642737819,0.000724803392235,0.00137596365906,0.00379455893582,0.000220929376243,0.000868213689094,0.00027906868578,0.000868213689094,0.0021744101767,0.000488370200116,0.00341471544684,0.00312789485312,0.000949608722447,0.000527129739807,0.00350386238813,0.00168216402262,0.000503874015992,0.00143797892256,0.00160852089721,0.00366277650087,0.00366665245484,0.0011937938225,0.000992244216108,0.000953484676416,0.000724803392235,0.00378680702788,0.00381781465963,0.00383331847551,0.00281394258162,0.00225968116403,0.00330231278173,0.00229068879578,0.000364339673102,0.000453486614393,0.00111627474312,0.00121704954632,0.00383331847551,0.00225192925609,0.00292246929275,0.00173642737819,0.00243022313867,0.00208138728144,0.0019612327084,0.00387595396917,0.000399223258825,0.00210851895923,0.000775190793834,0.00177131096391,0.000589145003314,0.00245735481645,0.00363952077705,0.000170541974644,0.00379843488979,0.00132170030349,0.00155813349561,0.00214727849892,0.00239921550692
Gen 258
exec_eq,integer_swap,integer_gte,boolean_shove,boolean_and,vector_integer_flush,integer_lt,vector_integer_pushall,exec_do*vector_integer,vector_integer_reverse,vector_integer_concat,vector_integer_occurrencesof,vector_integer_subvec,integer_eq,vector_integer_yankdup,exec_yankdup,vector_integer_yank,vector_integer_swap,vector_integer_shove,exec_when,vector_integer_rest,boolean_or,boolean_empty,vector_integer_emptyvector,exec_do*while,integer_rot,exec_stackdepth,exec_do*range,vector_integer_replacefirst,vector_integer_last,exec_shove,boolean_xor,boolean_yankdup,boolean_frominteger,exec_yank,vector_integer_indexof,vector_integer_length,integer_div,integer_mult,integer_min,integer_flush,integer_yank,vector_integer_set,integer_max,exec_dup,exec_k,exec_noop,exec_s,exec_y,boolean_rot,vector_integer_stackdepth,integer_yankdup,vector_integer_remove,vector_integer_empty,boolean_stackdepth,exec_do*times,integer_shove,vector_integer_nth,boolean_dup,boolean_not,integer_dup,boolean_flush,boolean_pop,exec_swap,boolean_swap,integer_add,exec_flush,integer_mod,integer_inc,boolean_invert_first_then_and,exec_rot,vector_integer_contains,integer_pop,exec_pop,vector_integer_eq,vector_integer_take,boolean_invert_second_then_and,integer_sub,vector_integer_rot,boolean_yank,integer_stackdepth,integer_dec,integer_gt,vector_integer_butlast,in1,vector_integer_pop,integer_lte,vector_integer_first,boolean_eq,exec_if,vector_integer_replace,exec_empty,exec_do*count,vector_integer_conj,exec_while,integer_fromboolean,integer_empty,vector_integer_dup
0.00382237906417,0.00149034173613,0.000332045050019,0.00190346755418,0.00276446809086,0.00207335106814,0.00111196481867,0.00373357631824,0.000262547248852,0.00085327855877,0.000660229111085,0.00040540384014,0.000575287354103,0.000776058779696,0.00238609117339,0.00123551646519,0.00306562522925,0.000818529658187,0.00115829668611,0.000845556580863,0.000633202188409,0.0012007675646,0.00138995602334,0.00212354392454,0.00103474503959,0.00140539997915,0.00379149115254,0.000517372519797,0.00267566534492,0.00173358404022,0.000285713182575,0.000965247238428,0.00237064721758,0.000691117022714,0.000579148343057,0.00263319446643,0.0037953521415,0.00171427909545,0.00281466094726,0.00180694283034,0.000648646144223,0.00173358404022,0.000733587901205,0.00127412635472,0.00378763016359,0.000254825270945,0.000791502735511,0.000247103293037,0.000772197790742,0.00221234667048,0.000521233508751,0.0033860873124,0.00302701533971,0.000918915370983,0.000567565376195,0.00346330709148,0.00167953019486,0.000602314276779,0.00145559283555,0.00146717580241,0.0036447735723,0.00368724445079,0.00115057470821,0.000972969216335,0.000972969216335,0.000675673066899,0.00375674225196,0.00377218620778,0.00383010104208,0.00279535600249,0.0022857054606,0.00325867467693,0.00228184447164,0.000370654939556,0.000386098895371,0.00108107690704,0.00121235053147,0.0038030741194,0.00225867853792,0.00292662962691,0.0015598395373,0.00237064721758,0.00216215381408,0.00190732854313,0.00385712796476,0.000409264829093,0.00218918073675,0.000864861525631,0.00184555271987,0.000656368122131,0.00251350380887,0.00367180049498,0.000146717580241,0.00379921313045,0.00148261975822,0.00144400986869,0.00212354392454,0.0024440060077
Gen 259
exec_eq,integer_swap,integer_gte,boolean_shove,boolean_and,vector_integer_flush,integer_lt,vector_integer_pushall,exec_do*vector_integer,vector_integer_reverse,vector_integer_concat,vector_integer_occurrencesof,vector_integer_subvec,integer_eq,vector_integer_yankdup,exec_yankdup,vector_integer_yank,vector_integer_swap,vector_integer_shove,exec_when,vector_integer_rest,boolean_or,boolean_empty,vector_integer_emptyvector,exec_do*while,integer_rot,exec_stackdepth,exec_do*range,vector_integer_replacefirst,vector_integer_last,exec_shove,boolean_xor,boolean_yankdup,boolean_frominteger,exec_yank,vector_integer_indexof,vector_integer_length,integer_div,integer_mult,integer_min,integer_flush,integer_yank,vector_integer_set,integer_max,exec_dup,exec_k,exec_noop,exec_s,exec_y,boolean_rot,vector_integer_stackdepth,integer_yankdup,vector_integer_remove,vector_integer_empty,boolean_stackdepth,exec_do*times,integer_shove,vector_integer_nth,boolean_dup,boolean_not,integer_dup,boolean_flush,boolean_pop,exec_swap,boolean_swap,integer_add,exec_flush,integer_mod,integer_inc,boolean_invert_first_then_and,exec_rot,vector_integer_contains,integer_pop,exec_pop,vector_integer_eq,vector_integer_take,boolean_invert_second_then_and,integer_sub,vector_integer_rot,boolean_yank,integer_stackdepth,integer_dec,integer_gt,vector_integer_butlast,in1,vector_integer_pop,integer_lte,vector_integer_first,boolean_eq,exec_if,vector_integer_replace,exec_empty,exec_do*count,vector_integer_conj,exec_while,integer_fromboolean,integer_empty,vector_integer_dup
0.00383460063615,0.00138845619825,0.000326921819531,0.00190768497044,0.00277306625744,0.00201153072488,0.00108076507398,0.00371152418645,0.000219229926039,0.000788458505929,0.000553844023677,0.00049999807693,0.000526921050304,0.000803843062142,0.00250383652371,0.00134614866866,0.00305768054738,0.000796150784035,0.00111538032546,0.000819227618355,0.000530767189357,0.00127307202665,0.00126922588759,0.00212691489648,0.00101922684913,0.00133076411245,0.00381152380183,0.000434613713024,0.00259999000004,0.0017961469379,0.000288460428998,0.000907688816581,0.00248460582844,0.000738458698236,0.00063845908285,0.00249229810655,0.00379998538467,0.001803839216,0.00283845062134,0.0016884550444,0.000596151553263,0.0016807627663,0.000642305221903,0.00128076430475,0.00379229310656,0.000223076065092,0.000773073949716,0.000303844985212,0.000773073949716,0.00236922165684,0.000365383210065,0.00338460236691,0.00298075776632,0.000953842485221,0.000530767189357,0.0034846019823,0.00172307029588,0.000492305798824,0.00146537897931,0.00159230156807,0.0037153703255,0.00364229368349,0.00106153437871,0.000969227041434,0.000911534955635,0.000715381863916,0.00373075488171,0.00379229310656,0.00382690835804,0.00281152764797,0.00226152976335,0.00331537186395,0.00233076026631,0.000457690547344,0.000361537071011,0.00103076526629,0.00111538032546,0.00379229310656,0.00227306818051,0.00293845023673,0.00160768612428,0.00231152957104,0.00200768458583,0.00194230022192,0.00384229291426,0.000342306375745,0.00225383748524,0.000899996538475,0.00173460871304,0.000584613136103,0.00253845177519,0.00361537071011,0.000119230310653,0.00379613924562,0.00153076334322,0.00124230291422,0.00202306914204,0.00230383729293
Gen 260
exec_eq,integer_swap,integer_gte,boolean_shove,boolean_and,vector_integer_flush,integer_lt,vector_integer_pushall,exec_do*vector_integer,vector_integer_reverse,vector_integer_concat,vector_integer_occurrencesof,vector_integer_subvec,integer_eq,vector_integer_yankdup,exec_yankdup,vector_integer_yank,vector_integer_swap,vector_integer_shove,exec_when,vector_integer_rest,boolean_or,boolean_empty,vector_integer_emptyvector,exec_do*while,integer_rot,exec_stackdepth,exec_do*range,vector_integer_replacefirst,vector_integer_last,exec_shove,boolean_xor,boolean_yankdup,boolean_frominteger,exec_yank,vector_integer_indexof,vector_integer_length,integer_div,integer_mult,integer_min,integer_flush,integer_yank,vector_integer_set,integer_max,exec_dup,exec_k,exec_noop,exec_s,exec_y,boolean_rot,vector_integer_stackdepth,integer_yankdup,vector_integer_remove,vector_integer_empty,boolean_stackdepth,exec_do*times,integer_shove,vector_integer_nth,boolean_dup,boolean_not,integer_dup,boolean_flush,boolean_pop,exec_swap,boolean_swap,integer_add,exec_flush,integer_mod,integer_inc,boolean_invert_first_then_and,exec_rot,vector_integer_contains,integer_pop,exec_pop,vector_integer_eq,vector_integer_take,boolean_invert_second_then_and,integer_sub,vector_integer_rot,boolean_yank,integer_stackdepth,integer_dec,integer_gt,vector_integer_butlast,in1,vector_integer_pop,integer_lte,vector_integer_first,boolean_eq,exec_if,vector_integer_replace,exec_empty,exec_do*count,vector_integer_conj,exec_while,integer_fromboolean,integer_empty,vector_integer_dup
0.00381990873598,0.00138696786602,0.000325669250309,0.00185056762235,0.00286205799978,0.00195401550186,0.00104980440688,0.00368964103586,0.000291186623806,0.000865897065528,0.000551722024054,0.000386971697426,0.000544059218164,0.000770111991908,0.0023678070199,0.00139846207486,0.00301914552052,0.000743292171294,0.00108428703338,0.000735629365405,0.000532565009329,0.00124520595707,0.00149424714848,0.00207278899315,0.000846740050804,0.00135631664246,0.00377776330359,0.000436779935709,0.00259769119659,0.00174328833989,0.000256703997303,0.000846740050804,0.00234098719928,0.000796931812522,0.000582373247612,0.00256703997303,0.00377393190064,0.00178160236934,0.00267431925548,0.00171646851928,0.000674326918288,0.00167815448983,0.000727966559515,0.00121455473351,0.00376243769181,0.000233715579634,0.000785437603687,0.000363983279758,0.000762449186018,0.00223753931977,0.000390803100371,0.00337546599438,0.00297316868518,0.00105363580982,0.000513407994605,0.00344443124739,0.00167815448983,0.000501913785771,0.00142911329842,0.00146742732786,0.00371646085647,0.00357086754457,0.00103064739216,0.00114942088344,0.000888885483197,0.000720303753625,0.00371646085647,0.0037701004977,0.00380075172126,0.00267815065843,0.00220305669327,0.00336780318849,0.00231033597572,0.00042145432393,0.000402297309206,0.00104214160099,0.00117240930111,0.00378159470653,0.00217623687266,0.00288504641745,0.00168581729572,0.00229501036394,0.0020344749637,0.00193868989008,0.00383140294482,0.000325669250309,0.00223370791683,0.00093103091559,0.00177777096639,0.000586204650557,0.00251723173474,0.0035823617534,0.000114942088344,0.00374711208003,0.00153639258087,0.00130650840418,0.0021800682756,0.00223753931977
Gen 261
exec_eq,integer_swap,integer_gte,boolean_shove,boolean_and,vector_integer_flush,integer_lt,vector_integer_pushall,exec_do*vector_integer,vector_integer_reverse,vector_integer_concat,vector_integer_occurrencesof,vector_integer_subvec,integer_eq,vector_integer_yankdup,exec_yankdup,vector_integer_yank,vector_integer_swap,vector_integer_shove,exec_when,vector_integer_rest,boolean_or,boolean_empty,vector_integer_emptyvector,exec_do*while,integer_rot,exec_stackdepth,exec_do*range,vector_integer_replacefirst,vector_integer_last,exec_shove,boolean_xor,boolean_yankdup,boolean_frominteger,exec_yank,vector_integer_indexof,vector_integer_length,integer_div,integer_mult,integer_min,integer_flush,integer_yank,vector_integer_set,integer_max,exec_dup,exec_k,exec_noop,exec_s,exec_y,boolean_rot,vector_integer_stackdepth,integer_yankdup,vector_integer_remove,vector_integer_empty,boolean_stackdepth,exec_do*times,integer_shove,vector_integer_nth,boolean_dup,boolean_not,integer_dup,boolean_flush,boolean_pop,exec_swap,boolean_swap,integer_add,exec_flush,integer_mod,integer_inc,boolean_invert_first_then_and,exec_rot,vector_integer_contains,integer_pop,exec_pop,vector_integer_eq,vector_integer_take,boolean_invert_second_then_and,integer_sub,vector_integer_rot,boolean_yank,integer_stackdepth,integer_dec,integer_gt,vector_integer_butlast,in1,vector_integer_pop,integer_lte,vector_integer_first,boolean_eq,exec_if,vector_integer_replace,exec_empty,exec_do*count,vector_integer_conj,exec_while,integer_fromboolean,integer_empty,vector_integer_dup
0.00380914576662,0.00148472715753,0.000324426242648,0.00185495475208,0.00290838584586,0.00188930576601,0.000893126362113,0.00364120747631,0.00035496047725,0.000835874672234,0.00057251689879,0.000358777256575,0.000645035705971,0.000820607554933,0.00225953336056,0.00149236071618,0.00294655363911,0.000736638409777,0.00112213312163,0.000667936381922,0.000477097415659,0.00107633176973,0.00154961240606,0.00204579371834,0.000755722306403,0.00134350632249,0.00374807729741,0.000511448429586,0.0024465555475,0.00181678695883,0.000240457097492,0.000816790775608,0.00214884676013,0.000805340437632,0.00057251689879,0.00257632604456,0.00377097797337,0.00171755069637,0.00259540994118,0.00163358155122,0.000580150457441,0.00161831443391,0.000801523658307,0.00119846870813,0.00375189407674,0.000263357773444,0.000755722306403,0.000339693359949,0.000652669264621,0.00220609845001,0.000484730974309,0.00335113224759,0.00296182075641,0.00105343109377,0.000404578608479,0.00348090274465,0.00183968763478,0.000526715546887,0.00127862107397,0.00139694123305,0.00370609272484,0.0035648718898,0.00098472906592,0.00117556803218,0.000912210258739,0.00062976858867,0.00368700882821,0.00374807729741,0.00378624509067,0.00261067705848,0.002053427277,0.00341220071679,0.00226716691921,0.000351143697925,0.000423662505105,0.000908393479414,0.00114885057691,0.00378624509067,0.00208777829092,0.00285113415598,0.0017061003584,0.00217174743608,0.00198472524914,0.00200762592509,0.00381296254594,0.000290075228721,0.00220228167068,0.000904576700089,0.00180915340018,0.000515265208911,0.00256105892726,0.00364884103496,0.000122136938409,0.00374426051809,0.00164121510987,0.00132442242587,0.00212594608418,0.00233586894707
Gen 262
exec_eq,integer_swap,integer_gte,boolean_shove,boolean_and,vector_integer_flush,integer_lt,vector_integer_pushall,exec_do*vector_integer,vector_integer_reverse,vector_integer_concat,vector_integer_occurrencesof,vector_integer_subvec,integer_eq,vector_integer_yankdup,exec_yankdup,vector_integer_yank,vector_integer_swap,vector_integer_shove,exec_when,vector_integer_rest,boolean_or,boolean_empty,vector_integer_emptyvector,exec_do*while,integer_rot,exec_stackdepth,exec_do*range,vector_integer_replacefirst,vector_integer_last,exec_shove,boolean_xor,boolean_yankdup,boolean_frominteger,exec_yank,vector_integer_indexof,vector_integer_length,integer_div,integer_mult,integer_min,integer_flush,integer_yank,vector_integer_set,integer_max,exec_dup,exec_k,exec_noop,exec_s,exec_y,boolean_rot,vector_integer_stackdepth,integer_yankdup,vector_integer_remove,vector_integer_empty,boolean_stackdepth,exec_do*times,integer_shove,vector_integer_nth,boolean_dup,boolean_not,integer_dup,boolean_flush,boolean_pop,exec_swap,boolean_swap,integer_add,exec_flush,integer_mod,integer_inc,boolean_invert_first_then_and,exec_rot,vector_integer_contains,integer_pop,exec_pop,vector_integer_eq,vector_integer_take,boolean_invert_second_then_and,integer_sub,vector_integer_rot,boolean_yank,integer_stackdepth,integer_dec,integer_gt,vector_integer_butlast,in1,vector_integer_pop,integer_lte,vector_integer_first,boolean_eq,exec_if,vector_integer_replace,exec_empty,exec_do*count,vector_integer_conj,exec_while,integer_fromboolean,integer_empty,vector_integer_dup
0.00378705784389,0.00134980475359,0.00037262215733,0.00174143824548,0.00278325937924,0.00178706544842,0.000946764460972,0.00362356036669,0.000357413089684,0.000840300987449,0.000482887897765,0.000406842559534,0.000707221645545,0.000836498720537,0.00231938281603,0.0013840251558,0.00295816365717,0.000615967239668,0.00115208687419,0.000623571773491,0.000589351371288,0.00100379846464,0.00161216117049,0.00198858559473,0.000733837513926,0.00134980475359,0.00377184877624,0.000460074296295,0.00249428709397,0.00164257930578,0.000216729213957,0.000851707788183,0.00223193067707,0.00079467378451,0.000528515100703,0.00255512336455,0.0037262215733,0.00174524051239,0.00250949616161,0.00151330223079,0.000608362705845,0.00162737023814,0.000771860183041,0.00121672541169,0.00374903517477,0.000231938281603,0.000741442047749,0.000353610822773,0.000581746837464,0.00211406040281,0.00047148109703,0.00330797221303,0.00288592058585,0.00115588914111,0.000357413089684,0.00345245835567,0.0017148223771,0.000536119634526,0.00123193447934,0.00130797981757,0.00366918756963,0.00356652636302,0.00113307553964,0.00103041433303,0.000878323656564,0.000673001243341,0.00363116490051,0.00373002384021,0.00374903517477,0.00268820270645,0.00213307173737,0.00332318128068,0.00215968760575,0.000346006288949,0.000475283363942,0.000859312322006,0.00108364606979,0.00377184877624,0.00208744453443,0.00285550245056,0.00173763597857,0.00214067627119,0.00187071532047,0.00193535385797,0.0037908601108,0.000285170018365,0.00222432614325,0.000798476051422,0.00181748358371,0.00052091056688,0.00242964855647,0.00358173543066,0.000114068007346,0.00369580343801,0.00157794076829,0.00120151634404,0.00205322413223,0.00221672160942
Gen 263
exec_eq,integer_swap,integer_gte,boolean_shove,boolean_and,vector_integer_flush,integer_lt,vector_integer_pushall,exec_do*vector_integer,vector_integer_reverse,vector_integer_concat,vector_integer_occurrencesof,vector_integer_subvec,integer_eq,vector_integer_yankdup,exec_yankdup,vector_integer_yank,vector_integer_swap,vector_integer_shove,exec_when,vector_integer_rest,boolean_or,boolean_empty,vector_integer_emptyvector,exec_do*while,integer_rot,exec_stackdepth,exec_do*range,vector_integer_replacefirst,vector_integer_last,exec_shove,boolean_xor,boolean_yankdup,boolean_frominteger,exec_yank,vector_integer_indexof,vector_integer_length,integer_div,integer_mult,integer_min,integer_flush,integer_yank,vector_integer_set,integer_max,exec_dup,exec_k,exec_noop,exec_s,exec_y,boolean_rot,vector_integer_stackdepth,integer_yankdup,vector_integer_remove,vector_integer_empty,boolean_stackdepth,exec_do*times,integer_shove,vector_integer_nth,boolean_dup,boolean_not,integer_dup,boolean_flush,boolean_pop,exec_swap,boolean_swap,integer_add,exec_flush,integer_mod,integer_inc,boolean_invert_first_then_and,exec_rot,vector_integer_contains,integer_pop,exec_pop,vector_integer_eq,vector_integer_take,boolean_invert_second_then_and,integer_sub,vector_integer_rot,boolean_yank,integer_stackdepth,integer_dec,integer_gt,vector_integer_butlast,in1,vector_integer_pop,integer_lte,vector_integer_first,boolean_eq,exec_if,vector_integer_replace,exec_empty,exec_do*count,vector_integer_conj,exec_while,integer_fromboolean,integer_empty,vector_integer_dup
0.00377271298215,0.00139393411389,0.000374998579551,0.00182953852448,0.00278029249889,0.00192802299991,0.000977269025496,0.00360604694679,0.000268938375233,0.0008068151257,0.000469695190549,0.00040530149507,0.000840905905659,0.000784087939061,0.00246589975038,0.00136363119837,0.00301892795861,0.000640149090344,0.00119317729857,0.000613634039265,0.000568179665986,0.00107196563649,0.00165908462468,0.00203029533979,0.00081817871902,0.00140908557165,0.00373104647331,0.000465907326109,0.00252650558142,0.00184468998223,0.000215908273075,0.000935602516657,0.00232953663054,0.000784087939061,0.000613634039265,0.00243180897042,0.00370831928667,0.0017272661846,0.00245453615706,0.00136741906281,0.000662876276984,0.00162499384472,0.000784087939061,0.00132575255397,0.00375756152439,0.000204544679755,0.000768936481301,0.000374998579551,0.000579543259306,0.00210226476415,0.000492422377188,0.00326892701164,0.00289392843209,0.00123484380741,0.00039772576619,0.00346210809808,0.00162120598028,0.000590906852626,0.00136741906281,0.00143938848716,0.00365150132007,0.00353028965799,0.00116666224749,0.00108332922981,0.000909087465578,0.000738633565782,0.00362119840455,0.00372725860887,0.00375377365995,0.00273862599005,0.00209468903527,0.00321210904504,0.00212499195079,0.000363634986231,0.000481058783868,0.000731057836902,0.00112878360309,0.00372725860887,0.00206438611975,0.00278029249889,0.0015946909292,0.00208711330639,0.00179544774452,0.00206817398419,0.00378407657547,0.000246211188594,0.0023068094439,0.000867420956739,0.00182575066004,0.000655300548104,0.00245074829262,0.00357574403127,0.000155302442036,0.00367422850671,0.0014621156738,0.00118938943413,0.00189772008439,0.00218559778183
Gen 264
exec_eq,integer_swap,integer_gte,boolean_shove,boolean_and,vector_integer_flush,integer_lt,vector_integer_pushall,exec_do*vector_integer,vector_integer_reverse,vector_integer_concat,vector_integer_occurrencesof,vector_integer_subvec,integer_eq,vector_integer_yankdup,exec_yankdup,vector_integer_yank,vector_integer_swap,vector_integer_shove,exec_when,vector_integer_rest,boolean_or,boolean_empty,vector_integer_emptyvector,exec_do*while,integer_rot,exec_stackdepth,exec_do*range,vector_integer_replacefirst,vector_integer_last,exec_shove,boolean_xor,boolean_yankdup,boolean_frominteger,exec_yank,vector_integer_indexof,vector_integer_length,integer_div,integer_mult,integer_min,integer_flush,integer_yank,vector_integer_set,integer_max,exec_dup,exec_k,exec_noop,exec_s,exec_y,boolean_rot,vector_integer_stackdepth,integer_yankdup,vector_integer_remove,vector_integer_empty,boolean_stackdepth,exec_do*times,integer_shove,vector_integer_nth,boolean_dup,boolean_not,integer_dup,boolean_flush,boolean_pop,exec_swap,boolean_swap,integer_add,exec_flush,integer_mod,integer_inc,boolean_invert_first_then_and,exec_rot,vector_integer_contains,integer_pop,exec_pop,vector_integer_eq,vector_integer_take,boolean_invert_second_then_and,integer_sub,vector_integer_rot,boolean_yank,integer_stackdepth,integer_dec,integer_gt,vector_integer_butlast,in1,vector_integer_pop,integer_lte,vector_integer_first,boolean_eq,exec_if,vector_integer_replace,exec_empty,exec_do*count,vector_integer_conj,exec_while,integer_fromboolean,integer_empty,vector_integer_dup
0.00374338210044,0.001411315429,0.000305659223927,0.00177357821291,0.00271697087936,0.00199999245286,0.00106792049841,0.00357357142049,0.000290564941264,0.00083018554647,0.00049056418655,0.000369809925246,0.000818864834472,0.000769808415817,0.00237734951944,0.00138490043434,0.00298489439662,0.000524526322542,0.00115471262373,0.000701884143833,0.000543394175871,0.00109810906374,0.00159999396229,0.00213584099683,0.000932071954445,0.00137357972234,0.00372074067645,0.000532073463874,0.00255848091139,0.00192074746888,0.000211319957283,0.000932071954445,0.00230565167679,0.000743393421157,0.000520752751876,0.00246791521541,0.00369055211112,0.0016754653756,0.00249433021007,0.00130942902102,0.000641507013181,0.00159622039162,0.000969807661103,0.00138490043434,0.00373583495911,0.000184904962623,0.00058867702386,0.000399998490572,0.000516979181211,0.00227546311146,0.000509432039879,0.00325281791389,0.00299244153796,0.00132074973302,0.000411319202569,0.00346036430051,0.00178489892491,0.000652827725178,0.00128678759703,0.00145282470632,0.00367923139913,0.00359621284448,0.00116603333572,0.00113207119973,0.00078490269848,0.000807544122475,0.00363394855114,0.00373206138845,0.00373960852978,0.00258866947672,0.00205282244218,0.00326791219656,0.00214338813816,0.000362262783914,0.00049056418655,0.000739619850491,0.00136603258101,0.00372828781778,0.00188678533289,0.00276980086868,0.00161508824495,0.00212829385549,0.0018415024849,0.00190565318621,0.00375847638311,0.000237734951944,0.00226414239946,0.000977354802435,0.00186414390889,0.000698110573168,0.00241508522609,0.00356225070849,0.000143395685299,0.00364526926313,0.00146414541832,0.00126414617303,0.00190942675688,0.00221508598081
Gen 265
exec_eq,integer_swap,integer_gte,boolean_shove,boolean_and,vector_integer_flush,integer_lt,vector_integer_pushall,exec_do*vector_integer,vector_integer_reverse,vector_integer_concat,vector_integer_occurrencesof,vector_integer_subvec,integer_eq,vector_integer_yankdup,exec_yankdup,vector_integer_yank,vector_integer_swap,vector_integer_shove,exec_when,vector_integer_rest,boolean_or,boolean_empty,vector_integer_emptyvector,exec_do*while,integer_rot,exec_stackdepth,exec_do*range,vector_integer_replacefirst,vector_integer_last,exec_shove,boolean_xor,boolean_yankdup,boolean_frominteger,exec_yank,vector_integer_indexof,vector_integer_length,integer_div,integer_mult,integer_min,integer_flush,integer_yank,vector_integer_set,integer_max,exec_dup,exec_k,exec_noop,exec_s,exec_y,boolean_rot,vector_integer_stackdepth,integer_yankdup,vector_integer_remove,vector_integer_empty,boolean_stackdepth,exec_do*times,integer_shove,vector_integer_nth,boolean_dup,boolean_not,integer_dup,boolean_flush,boolean_pop,exec_swap,boolean_swap,integer_add,exec_flush,integer_mod,integer_inc,boolean_invert_first_then_and,exec_rot,vector_integer_contains,integer_pop,exec_pop,vector_integer_eq,vector_integer_take,boolean_invert_second_then_and,integer_sub,vector_integer_rot,boolean_yank,integer_stackdepth,integer_dec,integer_gt,vector_integer_butlast,in1,vector_integer_pop,integer_lte,vector_integer_first,boolean_eq,exec_if,vector_integer_replace,exec_empty,exec_do*count,vector_integer_conj,exec_while,integer_fromboolean,integer_empty,vector_integer_dup
0.00372554990395,0.00132706268022,0.000357141514506,0.00180826387871,0.00272555366333,0.00195487986887,0.00113157469333,0.00353006191706,0.000229322446156,0.000751876872643,0.000488719967218,0.000364660283232,0.000785711331912,0.000838342712997,0.002432321683,0.00143984421111,0.00291728226586,0.000567667038846,0.00113909346205,0.000706764260285,0.00054887011703,0.00107142454352,0.00156766327946,0.00211277401213,0.000857139634813,0.00125939376168,0.00371051236649,0.000511276273397,0.00260149397935,0.00182706080052,0.000240600599246,0.000902252247172,0.00237969030192,0.000796989485002,0.000522554426487,0.00236841214883,0.00369923421341,0.00171051988526,0.00247743429536,0.00131202514276,0.000624057804294,0.00158646020128,0.000988718087526,0.00133834083331,0.00374434682576,0.000214284908703,0.000703004875922,0.00043232920177,0.000488719967218,0.00219172108376,0.000469923045402,0.00319171732437,0.0029022447284,0.00137217529257,0.000379697820685,0.0034135210018,0.00173683557581,0.000687967338469,0.00120676238059,0.00134210021767,0.00368795606032,0.00358645268251,0.00119924361187,0.00111277777151,0.000714283029011,0.000789470716276,0.00361652775741,0.00371427175086,0.00372930928831,0.00246615614227,0.00220675862121,0.00320675486182,0.00213533031831,0.000345863361416,0.000518795042124,0.000800748869365,0.00133458144894,0.00371427175086,0.00178570757253,0.00277066627569,0.00164285096673,0.00212781154958,0.00177442941944,0.00198871432814,0.00375186559449,0.000319547670873,0.00231578076774,0.000951124243894,0.00186465464416,0.000691726722832,0.00245111860482,0.00349998684215,0.000101503377807,0.00356765576069,0.00147743805474,0.0014210472893,0.00190600787215,0.00220299923684
Gen 266
exec_eq,integer_swap,integer_gte,boolean_shove,boolean_and,vector_integer_flush,integer_lt,vector_integer_pushall,exec_do*vector_integer,vector_integer_reverse,vector_integer_concat,vector_integer_occurrencesof,vector_integer_subvec,integer_eq,vector_integer_yankdup,exec_yankdup,vector_integer_yank,vector_integer_swap,vector_integer_shove,exec_when,vector_integer_rest,boolean_or,boolean_empty,vector_integer_emptyvector,exec_do*while,integer_rot,exec_stackdepth,exec_do*range,vector_integer_replacefirst,vector_integer_last,exec_shove,boolean_xor,boolean_yankdup,boolean_frominteger,exec_yank,vector_integer_indexof,vector_integer_length,integer_div,integer_mult,integer_min,integer_flush,integer_yank,vector_integer_set,integer_max,exec_dup,exec_k,exec_noop,exec_s,exec_y,boolean_rot,vector_integer_stackdepth,integer_yankdup,vector_integer_remove,vector_integer_empty,boolean_stackdepth,exec_do*times,integer_shove,vector_integer_nth,boolean_dup,boolean_not,integer_dup,boolean_flush,boolean_pop,exec_swap,boolean_swap,integer_add,exec_flush,integer_mod,integer_inc,boolean_invert_first_then_and,exec_rot,vector_integer_contains,integer_pop,exec_pop,vector_integer_eq,vector_integer_take,boolean_invert_second_then_and,integer_sub,vector_integer_rot,boolean_yank,integer_stackdepth,integer_dec,integer_gt,vector_integer_butlast,in1,vector_integer_pop,integer_lte,vector_integer_first,boolean_eq,exec_if,vector_integer_replace,exec_empty,exec_do*count,vector_integer_conj,exec_while,integer_fromboolean,integer_empty,vector_integer_dup
0.00370410597713,0.00137078138284,0.000359549215171,0.0019101052056,0.00261422241864,0.00201122842237,0.00108613825416,0.00356552971712,0.000239699476781,0.000685390691421,0.000434455301666,0.00031086025895,0.000730334343317,0.000850184081708,0.00252433511485,0.00145317807798,0.00295504511219,0.000558050344381,0.00114606312336,0.000722843734668,0.000490634866536,0.00114980842768,0.0015468106861,0.00206740798724,0.000831457560084,0.00121722390553,0.00371908719443,0.000591758083303,0.00261796772297,0.00206366268291,0.000213482346508,0.000880146516305,0.0022584185078,0.000805240429811,0.000479398953562,0.00231834337699,0.00366290762956,0.00177152894558,0.0025318257235,0.00119475207958,0.000591758083303,0.00173407590234,0.000985015037397,0.00122471451418,0.00372657780308,0.00019101052056,0.000677900082771,0.000456927127614,0.000400747562743,0.00216478589968,0.000531833214108,0.0031385650241,0.00308613076356,0.00140448912176,0.000385766345444,0.00340073632683,0.00170785877206,0.000707862517369,0.00123595042715,0.00137452668717,0.00364792641226,0.00357302032577,0.00125093164445,0.00102621338497,0.000689135995745,0.000857674690357,0.00359549215171,0.00368912475983,0.00371159658578,0.00250935389755,0.00219474833428,0.00328837719709,0.00205991737859,0.00037453043247,0.000486889562211,0.000764042082239,0.00150186703421,0.00368537945551,0.00188763337965,0.00281646885218,0.00152059355583,0.00211609694346,0.00176778364126,0.00211984224778,0.00373406841173,0.000397002258419,0.0022434372905,0.00102621338497,0.00174905711964,0.000760296777915,0.00234081520294,0.00347564241332,0.000108613825416,0.00361421867334,0.00138201729582,0.00146441399096,0.00179025546721,0.00214605937805
Gen 267
exec_eq,integer_swap,integer_gte,boolean_shove,boolean_and,vector_integer_flush,integer_lt,vector_integer_pushall,exec_do*vector_integer,vector_integer_reverse,vector_integer_concat,vector_integer_occurrencesof,vector_integer_subvec,integer_eq,vector_integer_yankdup,exec_yankdup,vector_integer_yank,vector_integer_swap,vector_integer_shove,exec_when,vector_integer_rest,boolean_or,boolean_empty,vector_integer_emptyvector,exec_do*while,integer_rot,exec_stackdepth,exec_do*range,vector_integer_replacefirst,vector_integer_last,exec_shove,boolean_xor,boolean_yankdup,boolean_frominteger,exec_yank,vector_integer_indexof,vector_integer_length,integer_div,integer_mult,integer_min,integer_flush,integer_yank,vector_integer_set,integer_max,exec_dup,exec_k,exec_noop,exec_s,exec_y,boolean_rot,vector_integer_stackdepth,integer_yankdup,vector_integer_remove,vector_integer_empty,boolean_stackdepth,exec_do*times,integer_shove,vector_integer_nth,boolean_dup,boolean_not,integer_dup,boolean_flush,boolean_pop,exec_swap,boolean_swap,integer_add,exec_flush,integer_mod,integer_inc,boolean_invert_first_then_and,exec_rot,vector_integer_contains,integer_pop,exec_pop,vector_integer_eq,vector_integer_take,boolean_invert_second_then_and,integer_sub,vector_integer_rot,boolean_yank,integer_stackdepth,integer_dec,integer_gt,vector_integer_butlast,in1,vector_integer_pop,integer_lte,vector_integer_first,boolean_eq,exec_if,vector_integer_replace,exec_empty,exec_do*count,vector_integer_conj,exec_while,integer_fromboolean,integer_empty,vector_integer_dup
0.00371640404327,0.00129850261753,0.000380595594793,0.00185073936291,0.00270894511588,0.00187312733908,0.00104850355036,0.00349625561099,0.000291043690135,0.000660445296846,0.000481341487532,0.000361938947989,0.00073507188406,0.000873131070406,0.00239178212022,0.0014813377562,0.00295148152432,0.00052611743986,0.00112313013757,0.000817161129996,0.0004179088884,0.00117163741926,0.00159700896638,0.00217536501729,0.000876862399767,0.00132835325241,0.00369774739646,0.000720146566617,0.00258581124697,0.00214551438241,0.000175372479953,0.000824623788717,0.00227984223939,0.000805967141914,0.000388058253514,0.00229476755684,0.00364177745605,0.00184700803355,0.00259700523506,0.00116044343118,0.000559699404107,0.00157088966086,0.000869399741046,0.00128730862945,0.00372013537263,0.000138059186346,0.00063059466196,0.000481341487532,0.000294775019496,0.00201864918414,0.000593281368353,0.00314924198044,0.00295894418304,0.00140297983963,0.000320894325021,0.00338431573017,0.00179850075186,0.000705221249174,0.00143283047451,0.00144775579196,0.00362685213861,0.00356715086884,0.00124626400648,0.00107835418525,0.000615669344517,0.000798504483192,0.00355968821012,0.00366789676158,0.00368282207902,0.0024029761083,0.00226491692195,0.00323506255574,0.00211939507688,0.000436565535203,0.000552236745385,0.000772385177667,0.00152238237917,0.00370521005519,0.00182462005739,0.00270894511588,0.00147014376812,0.00202984317223,0.00169775485912,0.00220894698154,0.00371640404327,0.000332088313103,0.00210073843008,0.00108581684397,0.00175372479953,0.000731340554699,0.00238431946149,0.00340670370633,0.000123133868903,0.00349998694035,0.00141044249835,0.00148880041492,0.0017574561289,0.00197387323182
Gen 268
exec_eq,integer_swap,integer_gte,boolean_shove,boolean_and,vector_integer_flush,integer_lt,vector_integer_pushall,exec_do*vector_integer,vector_integer_reverse,vector_integer_concat,vector_integer_occurrencesof,vector_integer_subvec,integer_eq,vector_integer_yankdup,exec_yankdup,vector_integer_yank,vector_integer_swap,vector_integer_shove,exec_when,vector_integer_rest,boolean_or,boolean_empty,vector_integer_emptyvector,exec_do*while,integer_rot,exec_stackdepth,exec_do*range,vector_integer_replacefirst,vector_integer_last,exec_shove,boolean_xor,boolean_yankdup,boolean_frominteger,exec_yank,vector_integer_indexof,vector_integer_length,integer_div,integer_mult,integer_min,integer_flush,integer_yank,vector_integer_set,integer_max,exec_dup,exec_k,exec_noop,exec_s,exec_y,boolean_rot,vector_integer_stackdepth,integer_yankdup,vector_integer_remove,vector_integer_empty,boolean_stackdepth,exec_do*times,integer_shove,vector_integer_nth,boolean_dup,boolean_not,integer_dup,boolean_flush,boolean_pop,exec_swap,boolean_swap,integer_add,exec_flush,integer_mod,integer_inc,boolean_invert_first_then_and,exec_rot,vector_integer_contains,integer_pop,exec_pop,vector_integer_eq,vector_integer_take,boolean_invert_second_then_and,integer_sub,vector_integer_rot,boolean_yank,integer_stackdepth,integer_dec,integer_gt,vector_integer_butlast,in1,vector_integer_pop,integer_lte,vector_integer_first,boolean_eq,exec_if,vector_integer_replace,exec_empty,exec_do*count,vector_integer_conj,exec_while,integer_fromboolean,integer_empty,vector_integer_dup
0.00369887100791,0.00132713261289,0.000401485496336,0.00179924981692,0.00269515726707,0.00182527202501,0.00114869461452,0.00352786792614,0.000256504622659,0.000628250452601,0.000356875996744,0.000390333121438,0.000743491659882,0.000847580492266,0.00263196047598,0.00157620231895,0.00285872543225,0.000513009245319,0.00120817394731,0.000802970992673,0.000453529912528,0.00110780257322,0.00157991977725,0.00210779885577,0.000769513867978,0.001278805655,0.00370630592451,0.000680294868792,0.0025390240185,0.00210408139747,0.000185872914971,0.000802970992673,0.00245352247761,0.000680294868792,0.000386615663139,0.00220073531325,0.00366169642492,0.00198884019019,0.00242006535292,0.00105575815703,0.000572488578109,0.00151672298616,0.000981408991045,0.00130482786309,0.00371002338281,0.000144980873677,0.000773231326278,0.000438660079331,0.000308549038851,0.00205575443957,0.000520444161918,0.0031486871796,0.00301114122252,0.00140891669548,0.000297396663953,0.00342377909376,0.0018698815246,0.000598510786205,0.00136802465418,0.00145352619507,0.00360593455043,0.00357619488403,0.00120445648901,0.00104088832384,0.000620815536002,0.000858732867164,0.00358362980063,0.00365797896662,0.00369515354962,0.00237917331162,0.00231969397883,0.0031747093877,0.00203716714808,0.000464682287426,0.00056877111981,0.000728621826685,0.00134571990439,0.00367656625812,0.00184014185821,0.00273233185007,0.00150928806956,0.00182898948331,0.00162452927684,0.00212638614726,0.00371002338281,0.000330853788648,0.00217099564686,0.000959104241248,0.00176207523392,0.000765796409679,0.00234943364523,0.00342377909376,0.000111523748982,0.00351299809294,0.00137545957078,0.00149813569466,0.00170259590113,0.00202601477318
Gen 269
exec_eq,integer_swap,integer_gte,boolean_shove,boolean_and,vector_integer_flush,integer_lt,vector_integer_pushall,exec_do*vector_integer,vector_integer_reverse,vector_integer_concat,vector_integer_occurrencesof,vector_integer_subvec,integer_eq,vector_integer_yankdup,exec_yankdup,vector_integer_yank,vector_integer_swap,vector_integer_shove,exec_when,vector_integer_rest,boolean_or,boolean_empty,vector_integer_emptyvector,exec_do*while,integer_rot,exec_stackdepth,exec_do*range,vector_integer_replacefirst,vector_integer_last,exec_shove,boolean_xor,boolean_yankdup,boolean_frominteger,exec_yank,vector_integer_indexof,vector_integer_length,integer_div,integer_mult,integer_min,integer_flush,integer_yank,vector_integer_set,integer_max,exec_dup,exec_k,exec_noop,exec_s,exec_y,boolean_rot,vector_integer_stackdepth,integer_yankdup,vector_integer_remove,vector_integer_empty,boolean_stackdepth,exec_do*times,integer_shove,vector_integer_nth,boolean_dup,boolean_not,integer_dup,boolean_flush,boolean_pop,exec_swap,boolean_swap,integer_add,exec_flush,integer_mod,integer_inc,boolean_invert_first_then_and,exec_rot,vector_integer_contains,integer_pop,exec_pop,vector_integer_eq,vector_integer_take,boolean_invert_second_then_and,integer_sub,vector_integer_rot,boolean_yank,integer_stackdepth,integer_dec,integer_gt,vector_integer_butlast,in1,vector_integer_pop,integer_lte,vector_integer_first,boolean_eq,exec_if,vector_integer_replace,exec_empty,exec_do*count,vector_integer_conj,exec_while,integer_fromboolean,integer_empty,vector_integer_dup
0.00368887522639,0.00125925459535,0.000359257928674,0.00184443761319,0.00274813796986,0.00171480846367,0.00115184758575,0.00352591286699,0.000207406639235,0.000651849437595,0.00044444279836,0.000411109588483,0.000922218806597,0.000859256076829,0.00252962026067,0.0017074010837,0.00282961914956,0.000592590397813,0.0011666623457,0.000629627297677,0.000437035418387,0.000992588916337,0.0015999940741,0.00221851030181,0.000722219547335,0.00131480994515,0.00368146784642,0.00066666419754,0.00252591657068,0.00212591805216,0.000255554609057,0.000814811796993,0.00233702838138,0.000711108477376,0.000355554238688,0.00212962174214,0.00362220880663,0.00196295569276,0.0023296210014,0.00108888485598,0.000574071947882,0.00152962396436,0.00105184795612,0.00109999592594,0.0036851715364,0.000162962359399,0.000766663827171,0.00044444279836,0.000281480438961,0.00202221473254,0.000437035418387,0.00314072910841,0.00296295198907,0.00147036492457,0.00029259150892,0.00338146895752,0.00187777082307,0.000637034677649,0.00141851326477,0.00129629149522,0.00359257928674,0.00352591286699,0.00117406972567,0.000992588916337,0.000651849437595,0.00104073688616,0.00353702393695,0.00364443094655,0.00367035677646,0.00237406528124,0.0022481398217,0.00318146969826,0.00213702912211,0.000422220658442,0.000574071947882,0.000688886337458,0.0012999951852,0.00366294939648,0.00183703023322,0.00264813834023,0.00152592027437,0.00194814093281,0.00169258632375,0.00212591805216,0.00369628260636,0.00029259150892,0.0020333258025,0.000877774526761,0.00169629001374,0.000659256817567,0.00231850993144,0.00344443168729,0.000122221769549,0.00352961655698,0.00149629075448,0.00165925311388,0.00164814204392,0.00191851141292
Gen 270
exec_eq,integer_swap,integer_gte,boolean_shove,boolean_and,vector_integer_flush,integer_lt,vector_integer_pushall,exec_do*vector_integer,vector_integer_reverse,vector_integer_concat,vector_integer_occurrencesof,vector_integer_subvec,integer_eq,vector_integer_yankdup,exec_yankdup,vector_integer_yank,vector_integer_swap,vector_integer_shove,exec_when,vector_integer_rest,boolean_or,boolean_empty,vector_integer_emptyvector,exec_do*while,integer_rot,exec_stackdepth,exec_do*range,vector_integer_replacefirst,vector_integer_last,exec_shove,boolean_xor,boolean_yankdup,boolean_frominteger,exec_yank,vector_integer_indexof,vector_integer_length,integer_div,integer_mult,integer_min,integer_flush,integer_yank,vector_integer_set,integer_max,exec_dup,exec_k,exec_noop,exec_s,exec_y,boolean_rot,vector_integer_stackdepth,integer_yankdup,vector_integer_remove,vector_integer_empty,boolean_stackdepth,exec_do*times,integer_shove,vector_integer_nth,boolean_dup,boolean_not,integer_dup,boolean_flush,boolean_pop,exec_swap,boolean_swap,integer_add,exec_flush,integer_mod,integer_inc,boolean_invert_first_then_and,exec_rot,vector_integer_contains,integer_pop,exec_pop,vector_integer_eq,vector_integer_take,boolean_invert_second_then_and,integer_sub,vector_integer_rot,boolean_yank,integer_stackdepth,integer_dec,integer_gt,vector_integer_butlast,in1,vector_integer_pop,integer_lte,vector_integer_first,boolean_eq,exec_if,vector_integer_replace,exec_empty,exec_do*count,vector_integer_conj,exec_while,integer_fromboolean,integer_empty,vector_integer_dup
0.00366788314434,0.00116604735776,0.000380072398257,0.0018044213859,0.00268633695079,0.00178597126948,0.00107748679894,0.00350183209656,0.000225091420327,0.000856085401899,0.000402212537961,0.000490773096778,0.000778594912934,0.000826565215627,0.00239851513463,0.0015498097793,0.00285976804514,0.000516603259767,0.0012029475906,0.000660514167844,0.000505533189914,0.000841325308763,0.00146862926705,0.00215866362117,0.000889295611455,0.00126936800971,0.00366419312106,0.000520293283051,0.00260884646182,0.00218818380744,0.000287821816156,0.000749074726662,0.00226936431969,0.000627303958288,0.000383762421541,0.00212176338833,0.00363467293479,0.00176383112977,0.00226936431969,0.00100737635654,0.000616233888436,0.00164944040797,0.00105903668252,0.00109962693865,0.00366788314434,0.000140220884794,0.000712174493821,0.000416972631097,0.000298891886008,0.00201475271309,0.00048339305021,0.00314389983801,0.00291880841768,0.00153135966288,0.000321032025712,0.00336899125833,0.00186715178173,0.000693724377401,0.0013653086151,0.0013874487548,0.00354242235269,0.003468621887,0.00123246777687,0.000974166146988,0.000616233888436,0.000996306286693,0.00355349242254,0.00362729288822,0.00366788314434,0.00233209471552,0.00226936431969,0.00314020981472,0.00221401397043,0.000424352677665,0.000560883539175,0.000785974959502,0.00117711742761,0.00364205298135,0.00192988217756,0.00271585713706,0.00150552949989,0.00186346175844,0.00156087984915,0.00214390352803,0.00367895321419,0.00030996195586,0.00204796292265,0.000896675658023,0.00181549145575,0.000642064051424,0.00218818380744,0.00347600193357,0.000147600931362,0.00354242235269,0.00135054852196,0.00166051047782,0.00175276105992,0.0019188121077
Gen 271
exec_eq,integer_swap,integer_gte,boolean_shove,boolean_and,vector_integer_flush,integer_lt,vector_integer_pushall,exec_do*vector_integer,vector_integer_reverse,vector_integer_concat,vector_integer_occurrencesof,vector_integer_subvec,integer_eq,vector_integer_yankdup,exec_yankdup,vector_integer_yank,vector_integer_swap,vector_integer_shove,exec_when,vector_integer_rest,boolean_or,boolean_empty,vector_integer_emptyvector,exec_do*while,integer_rot,exec_stackdepth,exec_do*range,vector_integer_replacefirst,vector_integer_last,exec_shove,boolean_xor,boolean_yankdup,boolean_frominteger,exec_yank,vector_integer_indexof,vector_integer_length,integer_div,integer_mult,integer_min,integer_flush,integer_yank,vector_integer_set,integer_max,exec_dup,exec_k,exec_noop,exec_s,exec_y,boolean_rot,vector_integer_stackdepth,integer_yankdup,vector_integer_remove,vector_integer_empty,boolean_stackdepth,exec_do*times,integer_shove,vector_integer_nth,boolean_dup,boolean_not,integer_dup,boolean_flush,boolean_pop,exec_swap,boolean_swap,integer_add,exec_flush,integer_mod,integer_inc,boolean_invert_first_then_and,exec_rot,vector_integer_contains,integer_pop,exec_pop,vector_integer_eq,vector_integer_take,boolean_invert_second_then_and,integer_sub,vector_integer_rot,boolean_yank,integer_stackdepth,integer_dec,integer_gt,vector_integer_butlast,in1,vector_integer_pop,integer_lte,vector_integer_first,boolean_eq,exec_if,vector_integer_replace,exec_empty,exec_do*count,vector_integer_conj,exec_while,integer_fromboolean,integer_empty,vector_integer_dup
0.00365439832942,0.00116543689178,0.000356616335969,0.00174264065206,0.00263601972052,0.00191543413443,0.000959555295753,0.00343013444804,0.000246322623814,0.000944849467465,0.000507351075915,0.000433821934478,0.000930143639178,0.000959555295753,0.00238234418256,0.0016323469399,0.00272425469024,0.000503674618843,0.00129043643222,0.000650732901717,0.000522056904203,0.000845585126525,0.00139337723023,0.00214705092996,0.00104043735133,0.00131617163172,0.0036433689582,0.000485292333484,0.00254410829372,0.00198896327587,0.000330881136466,0.000661762272933,0.00225734464212,0.000588233131496,0.000327204679395,0.00205513950316,0.00359925147334,0.00179778750813,0.0023639618972,0.00111764294984,0.000588233131496,0.00164705276819,0.00104411380841,0.00106617255084,0.00365807478649,0.000102940798012,0.000812497012879,0.000374998621329,0.00033823405061,0.0021286686446,0.000488968790556,0.00304042999842,0.00284557777361,0.00151837677067,0.000349263421826,0.00330881136466,0.00185661082128,0.000639703530502,0.00144484762924,0.00142278888681,0.00353307524605,0.0033566053066,0.00112131940691,0.000919114267962,0.00063602707343,0.00104779026548,0.0035257223319,0.00362131021577,0.00365072187235,0.0023896970967,0.00219484487189,0.00309190039743,0.00212131573046,0.000349263421826,0.000507351075915,0.000764703070945,0.00114705460642,0.00362498667284,0.00173161128084,0.00268749011952,0.00152572968482,0.0017499935662,0.00166175859648,0.00209190407388,0.00367645707185,0.000430145477406,0.00204411013195,0.000882349697244,0.00173896419498,0.000628674159286,0.00205146304609,0.00345954610461,0.000161764111161,0.00351469296069,0.00143381825802,0.00156249425554,0.00180514042228,0.0019852868188
Gen 272
exec_eq,integer_swap,integer_gte,boolean_shove,boolean_and,vector_integer_flush,integer_lt,vector_integer_pushall,exec_do*vector_integer,vector_integer_reverse,vector_integer_concat,vector_integer_occurrencesof,vector_integer_subvec,integer_eq,vector_integer_yankdup,exec_yankdup,vector_integer_yank,vector_integer_swap,vector_integer_shove,exec_when,vector_integer_rest,boolean_or,boolean_empty,vector_integer_emptyvector,exec_do*while,integer_rot,exec_stackdepth,exec_do*range,vector_integer_replacefirst,vector_integer_last,exec_shove,boolean_xor,boolean_yankdup,boolean_frominteger,exec_yank,vector_integer_indexof,vector_integer_length,integer_div,integer_mult,integer_min,integer_flush,integer_yank,vector_integer_set,integer_max,exec_dup,exec_k,exec_noop,exec_s,exec_y,boolean_rot,vector_integer_stackdepth,integer_yankdup,vector_integer_remove,vector_integer_empty,boolean_stackdepth,exec_do*times,integer_shove,vector_integer_nth,boolean_dup,boolean_not,integer_dup,boolean_flush,boolean_pop,exec_swap,boolean_swap,integer_add,exec_flush,integer_mod,integer_inc,boolean_invert_first_then_and,exec_rot,vector_integer_contains,integer_pop,exec_pop,vector_integer_eq,vector_integer_take,boolean_invert_second_then_and,integer_sub,vector_integer_rot,boolean_yank,integer_stackdepth,integer_dec,integer_gt,vector_integer_butlast,in1,vector_integer_pop,integer_lte,vector_integer_first,boolean_eq,exec_if,vector_integer_replace,exec_empty,exec_do*count,vector_integer_conj,exec_while,integer_fromboolean,integer_empty,vector_integer_dup
0.00363368632349,0.00117215687855,0.000318680151355,0.00176189830806,0.00271793876213,0.00188643997641,0.0010476152102,0.00344321083073,0.000245420346446,0.000915747561364,0.000479851722155,0.000490840692891,0.00102197427848,0.00102197427848,0.00242856253274,0.00168131252266,0.00282416547925,0.000501829663628,0.00121611276149,0.00063736030271,0.000505492653873,0.000765564961301,0.00150182600064,0.00224541302047,0.00106226717118,0.00123442771272,0.00363734931374,0.000593404419764,0.00260438606452,0.00205860051795,0.000355310053809,0.000619045351482,0.00230768385464,0.0006446862832,0.000256409317182,0.00203295958623,0.00363734931374,0.00183882110322,0.00230035787415,0.00115750491756,0.000575089468537,0.00159340075677,0.00115384192732,0.00103662623946,0.00364467529423,8.05857854001e-05,0.000937725502837,0.000351647063564,0.000333332112337,0.00205860051795,0.000527470595346,0.0031428456306,0.00284248043047,0.00163735663972,0.000230768385464,0.00336995102582,0.00188643997641,0.000670327214919,0.00145420712745,0.0014102512445,0.00353844857711,0.00346152578196,0.00109523408339,0.000908421580873,0.000663001234428,0.00105860418094,0.00355676352834,0.00362269735276,0.00363734931374,0.00239559562053,0.00225273900096,0.00305859685496,0.00221977208875,0.000333332112337,0.000512818634364,0.000714283097864,0.00118680883953,0.00360438240153,0.00170329046414,0.00271793876213,0.00148351104941,0.00172526840561,0.00158973776653,0.00220512012777,0.00365932725521,0.000432232848964,0.00212453434237,0.000860802707682,0.00168863850316,0.000571426478291,0.00212819733261,0.00346152578196,0.000139193629327,0.00352013362588,0.00143589217622,0.00159706374702,0.00182416914224,0.00194138483009
Gen 273
exec_eq,integer_swap,integer_gte,boolean_shove,boolean_and,vector_integer_flush,integer_lt,vector_integer_pushall,exec_do*vector_integer,vector_integer_reverse,vector_integer_concat,vector_integer_occurrencesof,vector_integer_subvec,integer_eq,vector_integer_yankdup,exec_yankdup,vector_integer_yank,vector_integer_swap,vector_integer_shove,exec_when,vector_integer_rest,boolean_or,boolean_empty,vector_integer_emptyvector,exec_do*while,integer_rot,exec_stackdepth,exec_do*range,vector_integer_replacefirst,vector_integer_last,exec_shove,boolean_xor,boolean_yankdup,boolean_frominteger,exec_yank,vector_integer_indexof,vector_integer_length,integer_div,integer_mult,integer_min,integer_flush,integer_yank,vector_integer_set,integer_max,exec_dup,exec_k,exec_noop,exec_s,exec_y,boolean_rot,vector_integer_stackdepth,integer_yankdup,vector_integer_remove,vector_integer_empty,boolean_stackdepth,exec_do*times,integer_shove,vector_integer_nth,boolean_dup,boolean_not,integer_dup,boolean_flush,boolean_pop,exec_swap,boolean_swap,integer_add,exec_flush,integer_mod,integer_inc,boolean_invert_first_then_and,exec_rot,vector_integer_contains,integer_pop,exec_pop,vector_integer_eq,vector_integer_take,boolean_invert_second_then_and,integer_sub,vector_integer_rot,boolean_yank,integer_stackdepth,integer_dec,integer_gt,vector_integer_butlast,in1,vector_integer_pop,integer_lte,vector_integer_first,boolean_eq,exec_if,vector_integer_replace,exec_empty,exec_do*count,vector_integer_conj,exec_while,integer_fromboolean,integer_empty,vector_integer_dup
0.00363502322984,0.00128101722256,0.000368611793388,0.00182481085835,0.00267152309663,0.00190510253612,0.0010255437024,0.00337590008796,0.000273721628753,0.000839412994843,0.000474450823172,0.000445253849439,0.0010474414327,0.000981748241795,0.00254743595826,0.00194524837501,0.00282480720873,0.000518246283773,0.00111678424531,0.000638683800424,0.000470801201455,0.000726274721625,0.00160583355535,0.00221897000376,0.000934303159478,0.0013102141963,0.00363137360813,0.000642333422141,0.00249269163251,0.00194524837501,0.000339414819654,0.000744522830209,0.00227736395123,0.000686128882741,0.000284670493903,0.00208393400024,0.00360582625611,0.00199269345732,0.00232480903354,0.0011350323539,0.000613136448407,0.00160948317707,0.00107663840643,0.000952551268061,0.00363137360813,6.93428126175e-05,0.000985397863511,0.000430655362572,0.00028832011562,0.00198539421389,0.000525545527206,0.00312772581122,0.00291604775165,0.0016605778811,0.000273721628753,0.00331385651877,0.00187955518411,0.000642333422141,0.00137955700892,0.0013102141963,0.00353648344349,0.00340874668341,0.00114233159733,0.000963500133211,0.000631384556991,0.00101824445896,0.00354743230864,0.00361677512126,0.00362772398641,0.0025109397411,0.00230656092496,0.003014587538,0.00213867832599,0.000291969737337,0.000441604227722,0.000671530395874,0.00115328046248,0.00360217663439,0.00169342447655,0.00285765380418,0.00142335246952,0.0015948846902,0.00157663658162,0.00224816697749,0.00363867285156,0.000478100444889,0.00220072189518,0.000722625099908,0.00166422750282,0.000540144014073,0.00221167076033,0.00341239630512,0.000164232977252,0.00352918420006,0.00160218393364,0.00160948317707,0.00200729194419,0.00192335064471
Gen 274
exec_eq,integer_swap,integer_gte,boolean_shove,boolean_and,vector_integer_flush,integer_lt,vector_integer_pushall,exec_do*vector_integer,vector_integer_reverse,vector_integer_concat,vector_integer_occurrencesof,vector_integer_subvec,integer_eq,vector_integer_yankdup,exec_yankdup,vector_integer_yank,vector_integer_swap,vector_integer_shove,exec_when,vector_integer_rest,boolean_or,boolean_empty,vector_integer_emptyvector,exec_do*while,integer_rot,exec_stackdepth,exec_do*range,vector_integer_replacefirst,vector_integer_last,exec_shove,boolean_xor,boolean_yankdup,boolean_frominteger,exec_yank,vector_integer_indexof,vector_integer_length,integer_div,integer_mult,integer_min,integer_flush,integer_yank,vector_integer_set,integer_max,exec_dup,exec_k,exec_noop,exec_s,exec_y,boolean_rot,vector_integer_stackdepth,integer_yankdup,vector_integer_remove,vector_integer_empty,boolean_stackdepth,exec_do*times,integer_shove,vector_integer_nth,boolean_dup,boolean_not,integer_dup,boolean_flush,boolean_pop,exec_swap,boolean_swap,integer_add,exec_flush,integer_mod,integer_inc,boolean_invert_first_then_and,exec_rot,vector_integer_contains,integer_pop,exec_pop,vector_integer_eq,vector_integer_take,boolean_invert_second_then_and,integer_sub,vector_integer_rot,boolean_yank,integer_stackdepth,integer_dec,integer_gt,vector_integer_butlast,in1,vector_integer_pop,integer_lte,vector_integer_first,boolean_eq,exec_if,vector_integer_replace,exec_empty,exec_do*count,vector_integer_conj,exec_while,integer_fromboolean,integer_empty,vector_integer_dup
0.00363271406286,0.00146181286614,0.000429089348766,0.0018909022149,0.00267999025458,0.00191272031738,0.000861815047945,0.00341089668765,0.000243635477689,0.00078908803968,0.000512725408271,0.000407271246286,0.0011781775339,0.000945451107451,0.00261817229756,0.00198544732565,0.00271999010913,0.000534543510751,0.00119999563638,0.000650906723976,0.000432725699179,0.000814542492573,0.00174181184796,0.00219999200003,0.000992723662823,0.00151272177192,0.0036181686612,0.000730906433068,0.00245090017854,0.00189817491573,0.000316362485955,0.000901814902491,0.00221453740168,0.000636361322322,0.000312726135541,0.00222908280334,0.00360362325955,0.00203271988102,0.00242544572565,0.00115635943142,0.000574543365297,0.00155635797688,0.00106181432068,0.000963632859517,0.00362907771244,6.54543074389e-05,0.000916360304144,0.000469089203312,0.000298180733888,0.00185817506118,0.00056727066447,0.003123625005,0.00292726208268,0.00163635768597,0.000330907887608,0.00331271522649,0.00179999345457,0.000632724971909,0.00138544950746,0.00138908585787,0.00350907814881,0.00340362398682,0.00120726833721,0.000923633004971,0.00055636161323,0.000963632859517,0.00355998705459,0.00361453231079,0.00362907771244,0.00248362733226,0.00229090076036,0.00302544354384,0.00218908294879,0.000279998981822,0.000316362485955,0.000843633295879,0.00110908687605,0.0035890778579,0.00162908498515,0.00277089901491,0.00127999534547,0.00154908527605,0.00139999490911,0.00217090119672,0.00363271406286,0.000483634604965,0.00213453769259,0.000752724535547,0.00168363024134,0.000538179861164,0.00222908280334,0.00337816953393,0.000207271973556,0.00353089625129,0.00170181199341,0.00160363053225,0.00195272017193,0.00189817491573
Gen 275
exec_eq,integer_swap,integer_gte,boolean_shove,boolean_and,vector_integer_flush,integer_lt,vector_integer_pushall,exec_do*vector_integer,vector_integer_reverse,vector_integer_concat,vector_integer_occurrencesof,vector_integer_subvec,integer_eq,vector_integer_yankdup,exec_yankdup,vector_integer_yank,vector_integer_swap,vector_integer_shove,exec_when,vector_integer_rest,boolean_or,boolean_empty,vector_integer_emptyvector,exec_do*while,integer_rot,exec_stackdepth,exec_do*range,vector_integer_replacefirst,vector_integer_last,exec_shove,boolean_xor,boolean_yankdup,boolean_frominteger,exec_yank,vector_integer_indexof,vector_integer_length,integer_div,integer_mult,integer_min,integer_flush,integer_yank,vector_integer_set,integer_max,exec_dup,exec_k,exec_noop,exec_s,exec_y,boolean_rot,vector_integer_stackdepth,integer_yankdup,vector_integer_remove,vector_integer_empty,boolean_stackdepth,exec_do*times,integer_shove,vector_integer_nth,boolean_dup,boolean_not,integer_dup,boolean_flush,boolean_pop,exec_swap,boolean_swap,integer_add,exec_flush,integer_mod,integer_inc,boolean_invert_first_then_and,exec_rot,vector_integer_contains,integer_pop,exec_pop,vector_integer_eq,vector_integer_take,boolean_invert_second_then_and,integer_sub,vector_integer_rot,boolean_yank,integer_stackdepth,integer_dec,integer_gt,vector_integer_butlast,in1,vector_integer_pop,integer_lte,vector_integer_first,boolean_eq,exec_if,vector_integer_replace,exec_empty,exec_do*count,vector_integer_conj,exec_while,integer_fromboolean,integer_empty,vector_integer_dup
0.00361955210307,0.00146376281245,0.00039492610534,0.0018912974953,0.00266665700487,0.00200361592893,0.000923909695979,0.00341665428748,0.00026449179532,0.00072463505567,0.000565215343423,0.000380433404227,0.0011376770374,0.000873185242082,0.00253622269485,0.00199999275365,0.00273549733515,0.000579708044536,0.00124274912047,0.000641302024268,0.000431157858124,0.000818837612907,0.00173187778305,0.00221738327035,0.00102173542849,0.00142753105967,0.0035978130514,0.000630432498433,0.00232970170398,0.00193839877392,0.000402172455897,0.000934779221814,0.00222462962091,0.000623186147876,0.000358694352557,0.00215216611534,0.00356882764918,0.00199999275365,0.00236593345676,0.00111956116101,0.000576084869258,0.00157970442136,0.00119564784186,0.000898547469031,0.0035978130514,9.42025572371e-05,0.000938402397093,0.000518114064804,0.000318839424495,0.00195289147503,0.000684780127608,0.00314491614161,0.0029456415013,0.00162680569998,0.000293477197546,0.0033296980808,0.00193839877392,0.000706519179278,0.00140941518328,0.0013550675541,0.00350361049416,0.00340216158637,0.00109419893406,0.000887677943196,0.000536229941196,0.00101086590266,0.00351810319528,0.00359056670085,0.00357969717501,0.00238042615788,0.00215578929062,0.00298911960464,0.0022427454973,0.000249999094206,0.000311593073938,0.000721011880392,0.00121738689353,0.00360143622668,0.00163405205054,0.002811584016,0.00132608215188,0.00150724091579,0.00137680660577,0.00219564421868,0.00362317527835,0.000471012786186,0.00221013691979,0.000728258230948,0.00165941427748,0.000485505487299,0.00228984677592,0.00339853841109,0.000246375918928,0.00353259589639,0.00168477650443,0.00168839967971,0.00195651465031,0.00198187687726
Gen 276
exec_eq,integer_swap,integer_gte,boolean_shove,boolean_and,vector_integer_flush,integer_lt,vector_integer_pushall,exec_do*vector_integer,vector_integer_reverse,vector_integer_concat,vector_integer_occurrencesof,vector_integer_subvec,integer_eq,vector_integer_yankdup,exec_yankdup,vector_integer_yank,vector_integer_swap,vector_integer_shove,exec_when,vector_integer_rest,boolean_or,boolean_empty,vector_integer_emptyvector,exec_do*while,integer_rot,exec_stackdepth,exec_do*range,vector_integer_replacefirst,vector_integer_last,exec_shove,boolean_xor,boolean_yankdup,boolean_frominteger,exec_yank,vector_integer_indexof,vector_integer_length,integer_div,integer_mult,integer_min,integer_flush,integer_yank,vector_integer_set,integer_max,exec_dup,exec_k,exec_noop,exec_s,exec_y,boolean_rot,vector_integer_stackdepth,integer_yankdup,vector_integer_remove,vector_integer_empty,boolean_stackdepth,exec_do*times,integer_shove,vector_integer_nth,boolean_dup,boolean_not,integer_dup,boolean_flush,boolean_pop,exec_swap,boolean_swap,integer_add,exec_flush,integer_mod,integer_inc,boolean_invert_first_then_and,exec_rot,vector_integer_contains,integer_pop,exec_pop,vector_integer_eq,vector_integer_take,boolean_invert_second_then_and,integer_sub,vector_integer_rot,boolean_yank,integer_stackdepth,integer_dec,integer_gt,vector_integer_butlast,in1,vector_integer_pop,integer_lte,vector_integer_first,boolean_eq,exec_if,vector_integer_replace,exec_empty,exec_do*count,vector_integer_conj,exec_while,integer_fromboolean,integer_empty,vector_integer_dup
0.00359565488933,0.00138266648857,0.000306858097985,0.0017328457298,0.00267508059538,0.0019277908744,0.000877253150711,0.00342237031635,0.000310468193256,0.000736459435164,0.00043321143245,0.000407940765557,0.00108302858112,0.000916964198685,0.00256316764199,0.00200721297035,0.00268230078592,0.000682308006108,0.00123465258248,0.000602885910159,0.000465702289883,0.000747289720976,0.00170757506291,0.00221298840076,0.000884473341251,0.00141154725073,0.00359204479406,0.000732849339894,0.00220576821022,0.00200721297035,0.000375449908123,0.000927794484496,0.00233934173523,0.000570395052725,0.000292417716904,0.00207941487576,0.00358482460352,0.00199999277981,0.00226352973455,0.000967505532471,0.000592055624348,0.00162093277642,0.00123826267775,0.000862812769629,0.00358482460352,0.000115523048653,0.000953065151389,0.000512633528399,0.000332128764878,0.00191696058859,0.000649817148675,0.00312273240891,0.00289529640687,0.00166064382439,0.000310468193256,0.00329601698189,0.00189891011224,0.000689528196649,0.00123104248721,0.00129602420208,0.00345125107852,0.00334655831567,0.00106497810477,0.000880863245981,0.000552344576373,0.00109024877167,0.00353067317447,0.00357399431771,0.00355955393663,0.00236100230685,0.00216605716225,0.00300720936026,0.00225269944874,0.000238266287847,0.00034656914596,0.000617326291241,0.00119133143924,0.00359204479406,0.00166786401493,0.00274367240551,0.00132851505951,0.00149457944195,0.00139349677438,0.00233573163996,0.00360648517514,0.000559564766914,0.00232490135415,0.000675087815567,0.00165342363385,0.000386280193934,0.00234656192577,0.00335738860149,0.000234656192577,0.00355233374609,0.00171118515818,0.00165342363385,0.00188085963589,0.00190974039805
Gen 277
exec_eq,integer_swap,integer_gte,boolean_shove,boolean_and,vector_integer_flush,integer_lt,vector_integer_pushall,exec_do*vector_integer,vector_integer_reverse,vector_integer_concat,vector_integer_occurrencesof,vector_integer_subvec,integer_eq,vector_integer_yankdup,exec_yankdup,vector_integer_yank,vector_integer_swap,vector_integer_shove,exec_when,vector_integer_rest,boolean_or,boolean_empty,vector_integer_emptyvector,exec_do*while,integer_rot,exec_stackdepth,exec_do*range,vector_integer_replacefirst,vector_integer_last,exec_shove,boolean_xor,boolean_yankdup,boolean_frominteger,exec_yank,vector_integer_indexof,vector_integer_length,integer_div,integer_mult,integer_min,integer_flush,integer_yank,vector_integer_set,integer_max,exec_dup,exec_k,exec_noop,exec_s,exec_y,boolean_rot,vector_integer_stackdepth,integer_yankdup,vector_integer_remove,vector_integer_empty,boolean_stackdepth,exec_do*times,integer_shove,vector_integer_nth,boolean_dup,boolean_not,integer_dup,boolean_flush,boolean_pop,exec_swap,boolean_swap,integer_add,exec_flush,integer_mod,integer_inc,boolean_invert_first_then_and,exec_rot,vector_integer_contains,integer_pop,exec_pop,vector_integer_eq,vector_integer_take,boolean_invert_second_then_and,integer_sub,vector_integer_rot,boolean_yank,integer_stackdepth,integer_dec,integer_gt,vector_integer_butlast,in1,vector_integer_pop,integer_lte,vector_integer_first,boolean_eq,exec_if,vector_integer_replace,exec_empty,exec_do*count,vector_integer_conj,exec_while,integer_fromboolean,integer_empty,vector_integer_dup
0.00359710936292,0.00146042640134,0.000338128280114,0.00175179225974,0.00264387538174,0.00192445350916,0.000931651324995,0.00338128280114,0.000330934061388,0.000748198747487,0.000471221326542,0.000359710936292,0.00114747788677,0.000812946716019,0.00251437944468,0.00213308585221,0.00276977420945,0.000593523044881,0.00134172179237,0.000561149060615,0.000417264686098,0.000769781403664,0.00177337491592,0.00219423671138,0.000996399293528,0.00138128999536,0.00357552670674,0.000741004528761,0.00228776155481,0.00183812288445,0.000352516717566,0.00100719062162,0.00232013553908,0.000579134607429,0.000316545623937,0.0020755321024,0.00354674983184,0.00213308585221,0.0022409991331,0.00101078773098,0.000615105701059,0.00161869921331,0.00132733335492,0.000827335153471,0.00358991514419,0.00011151039025,0.00097481663735,0.00051798374826,0.000356113826929,0.00195682749343,0.00060431437297,0.00315466491128,0.00296761522441,0.00169064140057,0.000291365858396,0.00329854928579,0.00180215179082,0.000733810310035,0.00122661429275,0.00139567843281,0.00347480764458,0.00330574350452,0.000967622418624,0.000741004528761,0.000525177966986,0.00115107499613,0.00353236139438,0.00353236139438,0.00356113826929,0.00222301358628,0.00207193499304,0.00290286725587,0.0021438771803,0.000276977420945,0.00043165312355,0.000651076794688,0.00116186632422,0.00356113826929,0.0015035917137,0.00280574530307,0.00137409577663,0.0014064697609,0.00134891601109,0.00222661069564,0.00359351225355,0.0005431635138,0.00221941647692,0.000647479685325,0.0016582674163,0.000374099373743,0.00228416444545,0.00329495217643,0.000262588983493,0.00356833248801,0.00170502983802,0.0017266124942,0.00186689975935,0.00198560436833
Gen 278
exec_eq,integer_swap,integer_gte,boolean_shove,boolean_and,vector_integer_flush,integer_lt,vector_integer_pushall,exec_do*vector_integer,vector_integer_reverse,vector_integer_concat,vector_integer_occurrencesof,vector_integer_subvec,integer_eq,vector_integer_yankdup,exec_yankdup,vector_integer_yank,vector_integer_swap,vector_integer_shove,exec_when,vector_integer_rest,boolean_or,boolean_empty,vector_integer_emptyvector,exec_do*while,integer_rot,exec_stackdepth,exec_do*range,vector_integer_replacefirst,vector_integer_last,exec_shove,boolean_xor,boolean_yankdup,boolean_frominteger,exec_yank,vector_integer_indexof,vector_integer_length,integer_div,integer_mult,integer_min,integer_flush,integer_yank,vector_integer_set,integer_max,exec_dup,exec_k,exec_noop,exec_s,exec_y,boolean_rot,vector_integer_stackdepth,integer_yankdup,vector_integer_remove,vector_integer_empty,boolean_stackdepth,exec_do*times,integer_shove,vector_integer_nth,boolean_dup,boolean_not,integer_dup,boolean_flush,boolean_pop,exec_swap,boolean_swap,integer_add,exec_flush,integer_mod,integer_inc,boolean_invert_first_then_and,exec_rot,vector_integer_contains,integer_pop,exec_pop,vector_integer_eq,vector_integer_take,boolean_invert_second_then_and,integer_sub,vector_integer_rot,boolean_yank,integer_stackdepth,integer_dec,integer_gt,vector_integer_butlast,in1,vector_integer_pop,integer_lte,vector_integer_first,boolean_eq,exec_if,vector_integer_replace,exec_empty,exec_do*count,vector_integer_conj,exec_while,integer_fromboolean,integer_empty,vector_integer_dup
0.00357346389439,0.00141934975143,0.000308242622786,0.00163440274408,0.00274550987272,0.00194264536686,0.000939064734535,0.00336916355139,0.000419353335651,0.000731180174981,0.000508958749252,0.000415769119107,0.00121504940843,0.000817201372038,0.00249819893119,0.00215052992642,0.00267382554184,0.000612901029029,0.0012616442235,0.00053404826506,0.000444442851459,0.00075626969079,0.00184228730363,0.00230465123781,0.00100358063233,0.00132974433783,0.00358421654403,0.00073834860807,0.0022473037731,0.00193189271723,0.000401432252931,0.00107168074666,0.00229389858818,0.000483869233444,0.000236558291906,0.00212544041061,0.00350536378006,0.00204658764664,0.00235483026943,0.000899638352551,0.000548385131236,0.00142293396798,0.00137633915291,0.000813617155494,0.00357346389439,0.000114694929409,0.0010179174985,0.000544800914692,0.000333332138594,0.00186737681944,0.000630822111749,0.00317203164146,0.00289246275103,0.00161289744481,0.00031182683933,0.00327597392124,0.00189605055179,0.000724011741893,0.00138709180254,0.00140142866871,0.00346593739807,0.00331181608668,0.000917559435271,0.000759853907334,0.000458779717635,0.00113261242791,0.00345876896499,0.00351611642969,0.00355195859513,0.00217920365877,0.00199640861502,0.00290679961721,0.00215052992642,0.000283153106978,0.000469532367268,0.000584227296676,0.00104300701431,0.00353762172895,0.00153762889739,0.00285303636905,0.00135483385364,0.00129390217239,0.00129390217239,0.00217920365877,0.00358063232748,0.000426521768739,0.00209676667826,0.000716843308805,0.00174909767349,0.00032974792205,0.0021326088437,0.00325446862198,0.000272400457346,0.00352686907932,0.00173117659076,0.00170608707496,0.00192472428414,0.00193547693377
Gen 279
exec_eq,integer_swap,integer_gte,boolean_shove,boolean_and,vector_integer_flush,integer_lt,vector_integer_pushall,exec_do*vector_integer,vector_integer_reverse,vector_integer_concat,vector_integer_occurrencesof,vector_integer_subvec,integer_eq,vector_integer_yankdup,exec_yankdup,vector_integer_yank,vector_integer_swap,vector_integer_shove,exec_when,vector_integer_rest,boolean_or,boolean_empty,vector_integer_emptyvector,exec_do*while,integer_rot,exec_stackdepth,exec_do*range,vector_integer_replacefirst,vector_integer_last,exec_shove,boolean_xor,boolean_yankdup,boolean_frominteger,exec_yank,vector_integer_indexof,vector_integer_length,integer_div,integer_mult,integer_min,integer_flush,integer_yank,vector_integer_set,integer_max,exec_dup,exec_k,exec_noop,exec_s,exec_y,boolean_rot,vector_integer_stackdepth,integer_yankdup,vector_integer_remove,vector_integer_empty,boolean_stackdepth,exec_do*times,integer_shove,vector_integer_nth,boolean_dup,boolean_not,integer_dup,boolean_flush,boolean_pop,exec_swap,boolean_swap,integer_add,exec_flush,integer_mod,integer_inc,boolean_invert_first_then_and,exec_rot,vector_integer_contains,integer_pop,exec_pop,vector_integer_eq,vector_integer_take,boolean_invert_second_then_and,integer_sub,vector_integer_rot,boolean_yank,integer_stackdepth,integer_dec,integer_gt,vector_integer_butlast,in1,vector_integer_pop,integer_lte,vector_integer_first,boolean_eq,exec_if,vector_integer_replace,exec_empty,exec_do*count,vector_integer_conj,exec_while,integer_fromboolean,integer_empty,vector_integer_dup
0.00357141581637,0.00138928075257,0.000232142028064,0.00153213738522,0.00282141849493,0.00199999285717,0.000914282448991,0.00339284502555,0.000382141492352,0.000692854668376,0.000439284145414,0.000399998571434,0.00121070996175,0.000803568558684,0.00241784850768,0.00222856346942,0.00278570433677,0.000596426441334,0.00133213809951,0.000607140688783,0.000432141313781,0.000724997410724,0.00173570808676,0.00230356320156,0.000960710854604,0.00120713854593,0.00356427298474,0.000799997142867,0.00229642036993,0.00186427905615,0.000435712729597,0.00111071031889,0.00226427762758,0.000514283877558,0.000264284770412,0.00204642126278,0.00352141599494,0.00211427816329,0.00238213434952,0.000946425191339,0.000607140688783,0.00149999464288,0.00138570933675,0.000835711301031,0.00356427298474,0.000139285216839,0.000957139438788,0.000599997857151,0.000314284591841,0.00189642179849,0.000657140510212,0.00312498883933,0.00290713247453,0.00167142260206,0.000282141849493,0.00333213095668,0.00199285002554,0.00072856882654,0.00133213809951,0.00134999517859,0.0034678447577,0.00328213113525,0.000882139706644,0.000782140063785,0.000485712551027,0.00123570987246,0.00347498758933,0.00351070174749,0.00353927307402,0.00221784922197,0.00186427905615,0.0029892750383,0.00214999232146,0.000339284502555,0.000407141403066,0.000467855471945,0.00111785315052,0.00352141599494,0.00137142367349,0.00297498937504,0.00139285216839,0.00135356659441,0.00144642340563,0.00216784940054,0.00354998732147,0.000578569362252,0.00208213542094,0.000774997232153,0.0018321363138,0.000289284681126,0.00212499241074,0.00327855971943,0.000214284948982,0.00350355891586,0.00183927914543,0.00171427959186,0.00203927843115,0.00200356427298
Gen 280
exec_eq,integer_swap,integer_gte,boolean_shove,boolean_and,vector_integer_flush,integer_lt,vector_integer_pushall,exec_do*vector_integer,vector_integer_reverse,vector_integer_concat,vector_integer_occurrencesof,vector_integer_subvec,integer_eq,vector_integer_yankdup,exec_yankdup,vector_integer_yank,vector_integer_swap,vector_integer_shove,exec_when,vector_integer_rest,boolean_or,boolean_empty,vector_integer_emptyvector,exec_do*while,integer_rot,exec_stackdepth,exec_do*range,vector_integer_replacefirst,vector_integer_last,exec_shove,boolean_xor,boolean_yankdup,boolean_frominteger,exec_yank,vector_integer_indexof,vector_integer_length,integer_div,integer_mult,integer_min,integer_flush,integer_yank,vector_integer_set,integer_max,exec_dup,exec_k,exec_noop,exec_s,exec_y,boolean_rot,vector_integer_stackdepth,integer_yankdup,vector_integer_remove,vector_integer_empty,boolean_stackdepth,exec_do*times,integer_shove,vector_integer_nth,boolean_dup,boolean_not,integer_dup,boolean_flush,boolean_pop,exec_swap,boolean_swap,integer_add,exec_flush,integer_mod,integer_inc,boolean_invert_first_then_and,exec_rot,vector_integer_contains,integer_pop,exec_pop,vector_integer_eq,vector_integer_take,boolean_invert_second_then_and,integer_sub,vector_integer_rot,boolean_yank,integer_stackdepth,integer_dec,integer_gt,vector_integer_butlast,in1,vector_integer_pop,integer_lte,vector_integer_first,boolean_eq,exec_if,vector_integer_replace,exec_empty,exec_do*count,vector_integer_conj,exec_while,integer_fromboolean,integer_empty,vector_integer_dup
0.00355514749058,0.00138433671055,0.000241992021381,0.00150889142743,0.00285408236981,0.00195017099583,0.000964409379326,0.00328112711343,0.00032028355771,0.000701065120765,0.000377222856858,0.000494660161352,0.00119572528212,0.000843413368636,0.00253024010591,0.00232739385269,0.00277934953968,0.000512453692336,0.00134519094238,0.000597862641058,0.000384340269252,0.000701065120765,0.00175088344881,0.00225977843495,0.000928822317358,0.00129181034943,0.00354447137199,0.000818502425258,0.00225621972876,0.00179714662937,0.000362988032071,0.00116725563254,0.00232383514649,0.000512453692336,0.000263344258561,0.00213522371807,0.0035302365472,0.00224198490397,0.00238433315184,0.000932381023555,0.000572951697681,0.00150177401504,0.00135230835477,0.000879000430603,0.00354091266579,0.00012099601069,0.000928822317358,0.000590745228665,0.000323842263907,0.00190390781527,0.000647684527813,0.00305692862303,0.00286119978221,0.00171885509304,0.000281137789545,0.00322418781428,0.00193593617105,0.000864765605816,0.00138433671055,0.00129892776182,0.00344126889228,0.00327400970103,0.00086120689962,0.000708182533158,0.000548040754303,0.00118504916353,0.00348041466045,0.00352311913481,0.00354091266579,0.00212810630567,0.00193237746485,0.00294660873093,0.00211387148088,0.00043060344981,0.000455514393187,0.000555158166697,0.00119928398831,0.00349464948523,0.00141280636012,0.00297151967431,0.0014305998911,0.00134519094238,0.00145195212828,0.00213166501187,0.0035302365472,0.000608538759649,0.00213166501187,0.000775797950897,0.00179002921698,0.00034163579489,0.00223130878538,0.00325977487625,0.000206404959413,0.00348397336664,0.00193593617105,0.0016512396753,0.00197508193921,0.00189679040288
Gen 281
exec_eq,integer_swap,integer_gte,boolean_shove,boolean_and,vector_integer_flush,integer_lt,vector_integer_pushall,exec_do*vector_integer,vector_integer_reverse,vector_integer_concat,vector_integer_occurrencesof,vector_integer_subvec,integer_eq,vector_integer_yankdup,exec_yankdup,vector_integer_yank,vector_integer_swap,vector_integer_shove,exec_when,vector_integer_rest,boolean_or,boolean_empty,vector_integer_emptyvector,exec_do*while,integer_rot,exec_stackdepth,exec_do*range,vector_integer_replacefirst,vector_integer_last,exec_shove,boolean_xor,boolean_yankdup,boolean_frominteger,exec_yank,vector_integer_indexof,vector_integer_length,integer_div,integer_mult,integer_min,integer_flush,integer_yank,vector_integer_set,integer_max,exec_dup,exec_k,exec_noop,exec_s,exec_y,boolean_rot,vector_integer_stackdepth,integer_yankdup,vector_integer_remove,vector_integer_empty,boolean_stackdepth,exec_do*times,integer_shove,vector_integer_nth,boolean_dup,boolean_not,integer_dup,boolean_flush,boolean_pop,exec_swap,boolean_swap,integer_add,exec_flush,integer_mod,integer_inc,boolean_invert_first_then_and,exec_rot,vector_integer_contains,integer_pop,exec_pop,vector_integer_eq,vector_integer_take,boolean_invert_second_then_and,integer_sub,vector_integer_rot,boolean_yank,integer_stackdepth,integer_dec,integer_gt,vector_integer_butlast,in1,vector_integer_pop,integer_lte,vector_integer_first,boolean_eq,exec_if,vector_integer_replace,exec_empty,exec_do*count,vector_integer_conj,exec_while,integer_fromboolean,integer_empty,vector_integer_dup
0.00353544845586,0.00148581033401,0.000223403463108,0.00153190946131,0.00287587632668,0.00189361030635,0.000943259066457,0.00331559107946,0.000312055631008,0.000599288655005,0.000414892145773,0.000492906053525,0.00128013730448,0.000726947776781,0.00245389200748,0.00228367984511,0.00269502590416,0.000609926915153,0.0014184346864,0.000507090400389,0.000468083446513,0.000666664302609,0.00186524161262,0.0023262328857,0.00107446427495,0.00131914425835,0.00354254062929,0.000872337332137,0.00229786419197,0.00190424856649,0.000457445186365,0.00117730078971,0.00244679983404,0.000539005180833,0.000234041723256,0.00219857376392,0.00351062584884,0.00216665898348,0.00240779288017,0.000943259066457,0.000560281701129,0.00144325729341,0.00124467643732,0.000960989500037,0.00352481019571,9.92904280481e-05,0.000971627760185,0.000507090400389,0.00033687823802,0.00168793727682,0.000684394736189,0.00306027283591,0.00284041545952,0.00172694423069,0.000255318243552,0.00325885369201,0.00201417725469,0.000929074719593,0.00148226424729,0.00132269034507,0.00344325020124,0.00320211630455,0.000801415597817,0.000687940822905,0.000560281701129,0.00112765557569,0.00346098063482,0.0034787110684,0.00354254062929,0.00207091464215,0.00188651813291,0.00300353544846,0.00229431810525,0.000400707798909,0.000482267793377,0.000553189527697,0.00118439296315,0.00351062584884,0.00139715816611,0.00285105371967,0.00134396686537,0.00128722947791,0.00149999468087,0.00210282942259,0.00354254062929,0.000695032996337,0.00198935464768,0.000836876464977,0.00178722770487,0.000312055631008,0.00225531115138,0.0032801302123,0.000226949549824,0.00348934932855,0.0019503476938,0.00150354076759,0.00194325552037,0.00185814943919
Gen 282
exec_eq,integer_swap,integer_gte,boolean_shove,boolean_and,vector_integer_flush,integer_lt,vector_integer_pushall,exec_do*vector_integer,vector_integer_reverse,vector_integer_concat,vector_integer_occurrencesof,vector_integer_subvec,integer_eq,vector_integer_yankdup,exec_yankdup,vector_integer_yank,vector_integer_swap,vector_integer_shove,exec_when,vector_integer_rest,boolean_or,boolean_empty,vector_integer_emptyvector,exec_do*while,integer_rot,exec_stackdepth,exec_do*range,vector_integer_replacefirst,vector_integer_last,exec_shove,boolean_xor,boolean_yankdup,boolean_frominteger,exec_yank,vector_integer_indexof,vector_integer_length,integer_div,integer_mult,integer_min,integer_flush,integer_yank,vector_integer_set,integer_max,exec_dup,exec_k,exec_noop,exec_s,exec_y,boolean_rot,vector_integer_stackdepth,integer_yankdup,vector_integer_remove,vector_integer_empty,boolean_stackdepth,exec_do*times,integer_shove,vector_integer_nth,boolean_dup,boolean_not,integer_dup,boolean_flush,boolean_pop,exec_swap,boolean_swap,integer_add,exec_flush,integer_mod,integer_inc,boolean_invert_first_then_and,exec_rot,vector_integer_contains,integer_pop,exec_pop,vector_integer_eq,vector_integer_take,boolean_invert_second_then_and,integer_sub,vector_integer_rot,boolean_yank,integer_stackdepth,integer_dec,integer_gt,vector_integer_butlast,in1,vector_integer_pop,integer_lte,vector_integer_first,boolean_eq,exec_if,vector_integer_replace,exec_empty,exec_do*count,vector_integer_conj,exec_while,integer_fromboolean,integer_empty,vector_integer_dup
0.00352648930569,0.00140988901099,0.00024028183646,0.00151589570355,0.00296112027873,0.00189045268391,0.000904590443143,0.00325440546146,0.000332154303342,0.00057596969622,0.000473496560083,0.000466429447246,0.00121200985156,0.000706711283706,0.00242401970311,0.00238161702609,0.00274203978078,0.000717311952961,0.00136748633397,0.000487630785757,0.000409892544549,0.000784449524913,0.00182684866838,0.0022508754386,0.00103533203063,0.00120847629514,0.0035088215236,0.000886922661051,0.00228267744637,0.00182684866838,0.000413426100968,0.0010671340384,0.00231447945414,0.000452295221572,0.00026501673139,0.00208833184335,0.00349468729792,0.00221907343084,0.00232508012339,0.000954060233003,0.000544167688453,0.0014876272522,0.00135688566471,0.000865721322539,0.00352295574927,0.000102473136137,0.00096112734584,0.000522966349942,0.000318020077668,0.00166077151671,0.000639573711754,0.00302119073784,0.00279504312706,0.00169964063731,0.000176677820926,0.00320493567161,0.00197879159438,0.00108126826407,0.00137455344681,0.00131448298769,0.00338868060537,0.00319080144593,0.000763248186402,0.000653707937428,0.000519432793524,0.00125087897216,0.00348408662867,0.00348408662867,0.00351235508002,0.00205299627917,0.00189398624033,0.00294698605305,0.00219433853591,0.000484097229338,0.000494697898594,0.000445228108735,0.00126854675425,0.00346641884658,0.00137101989039,0.00285158002975,0.00143815746234,0.00127914742351,0.00156183193699,0.00219433853591,0.0035088215236,0.000650174381009,0.00202826138424,0.000826852201936,0.00184451645047,0.000219080497949,0.00218373786665,0.00328974102565,0.000204946272275,0.00349115374151,0.00183744933763,0.00155829838057,0.00195405669945,0.00184451645047
Gen 283
exec_eq,integer_swap,integer_gte,boolean_shove,boolean_and,vector_integer_flush,integer_lt,vector_integer_pushall,exec_do*vector_integer,vector_integer_reverse,vector_integer_concat,vector_integer_occurrencesof,vector_integer_subvec,integer_eq,vector_integer_yankdup,exec_yankdup,vector_integer_yank,vector_integer_swap,vector_integer_shove,exec_when,vector_integer_rest,boolean_or,boolean_empty,vector_integer_emptyvector,exec_do*while,integer_rot,exec_stackdepth,exec_do*range,vector_integer_replacefirst,vector_integer_last,exec_shove,boolean_xor,boolean_yankdup,boolean_frominteger,exec_yank,vector_integer_indexof,vector_integer_length,integer_div,integer_mult,integer_min,integer_flush,integer_yank,vector_integer_set,integer_max,exec_dup,exec_k,exec_noop,exec_s,exec_y,boolean_rot,vector_integer_stackdepth,integer_yankdup,vector_integer_remove,vector_integer_empty,boolean_stackdepth,exec_do*times,integer_shove,vector_integer_nth,boolean_dup,boolean_not,integer_dup,boolean_flush,boolean_pop,exec_swap,boolean_swap,integer_add,exec_flush,integer_mod,integer_inc,boolean_invert_first_then_and,exec_rot,vector_integer_contains,integer_pop,exec_pop,vector_integer_eq,vector_integer_take,boolean_invert_second_then_and,integer_sub,vector_integer_rot,boolean_yank,integer_stackdepth,integer_dec,integer_gt,vector_integer_butlast,in1,vector_integer_pop,integer_lte,vector_integer_first,boolean_eq,exec_if,vector_integer_replace,exec_empty,exec_do*count,vector_integer_conj,exec_while,integer_fromboolean,integer_empty,vector_integer_dup
0.00351407213355,0.00144013577417,0.000253520234084,0.00142957243108,0.0029119615776,0.00180985278221,0.000961264220901,0.0033133686149,0.00038732257985,0.0005880260985,0.00046478709582,0.000475350438907,0.00122182668371,0.00061971612776,0.00259154017063,0.00237675219453,0.00256337125574,0.000760560702251,0.00135210791511,0.000422533723473,0.000380280351126,0.000792250731512,0.00180985278221,0.00208449970247,0.00107393988049,0.00117253108264,0.00347886098993,0.000869715247482,0.00221125981951,0.00180985278221,0.000411970380386,0.000992954250161,0.00240844222379,0.000436618180922,0.00023239354791,0.00209858415991,0.00347886098993,0.00238379442326,0.00229224544984,0.000848588561308,0.000468308210182,0.0014929524896,0.00129929119968,0.000859151904395,0.00351055101919,0.000102112316506,0.000904926391104,0.000521124925616,0.000295773606431,0.00161267037792,0.000566899412326,0.00295421494995,0.00264787800043,0.00180633166785,0.000190140175563,0.00324998855638,0.00185210615456,0.00106689765177,0.00128520674223,0.00119365776881,0.00335914310161,0.00317604515477,0.000711265101179,0.000556336069239,0.000524646039979,0.001176052197,0.00345069207503,0.00345069207503,0.00348942433301,0.00214787976099,0.00198590850032,0.00287675043398,0.00230985102165,0.000545772726152,0.000440139295284,0.000404928151661,0.00134154457203,0.00346829764684,0.00140140351618,0.00279928591801,0.00147534691779,0.00135562902948,0.00147182580343,0.00221830204823,0.00350350879046,0.000651406157021,0.00210562638864,0.000799292960236,0.00175351495241,0.000169013489389,0.00219013313333,0.00319365072658,0.000197182404287,0.00345773430375,0.00182745835402,0.00154224809068,0.00197534515724,0.0017359093806
Gen 284
exec_eq,integer_swap,integer_gte,boolean_shove,boolean_and,vector_integer_flush,integer_lt,vector_integer_pushall,exec_do*vector_integer,vector_integer_reverse,vector_integer_concat,vector_integer_occurrencesof,vector_integer_subvec,integer_eq,vector_integer_yankdup,exec_yankdup,vector_integer_yank,vector_integer_swap,vector_integer_shove,exec_when,vector_integer_rest,boolean_or,boolean_empty,vector_integer_emptyvector,exec_do*while,integer_rot,exec_stackdepth,exec_do*range,vector_integer_replacefirst,vector_integer_last,exec_shove,boolean_xor,boolean_yankdup,boolean_frominteger,exec_yank,vector_integer_indexof,vector_integer_length,integer_div,integer_mult,integer_min,integer_flush,integer_yank,vector_integer_set,integer_max,exec_dup,exec_k,exec_noop,exec_s,exec_y,boolean_rot,vector_integer_stackdepth,integer_yankdup,vector_integer_remove,vector_integer_empty,boolean_stackdepth,exec_do*times,integer_shove,vector_integer_nth,boolean_dup,boolean_not,integer_dup,boolean_flush,boolean_pop,exec_swap,boolean_swap,integer_add,exec_flush,integer_mod,integer_inc,boolean_invert_first_then_and,exec_rot,vector_integer_contains,integer_pop,exec_pop,vector_integer_eq,vector_integer_take,boolean_invert_second_then_and,integer_sub,vector_integer_rot,boolean_yank,integer_stackdepth,integer_dec,integer_gt,vector_integer_butlast,in1,vector_integer_pop,integer_lte,vector_integer_first,boolean_eq,exec_if,vector_integer_replace,exec_empty,exec_do*count,vector_integer_conj,exec_while,integer_fromboolean,integer_empty,vector_integer_dup
0.00350875961839,0.00140701260697,0.000235086894432,0.00140350384735,0.00291227048326,0.00190525647278,0.00101754028933,0.00329472528167,0.000273683250234,0.00056491029856,0.000505261385048,0.000480700067719,0.00134034617422,0.000603506654363,0.0025578857618,0.00227718499233,0.00263156971379,0.000859646106505,0.00130174981842,0.000424559913825,0.000340349682984,0.00076140083719,0.00170525717454,0.00199999298248,0.00101754028933,0.00097894393353,0.00345612822411,0.000866663625742,0.00218244848264,0.00176841484767,0.000329823404128,0.00101403152971,0.00244911421363,0.000463156269627,0.000235086894432,0.00194034406897,0.00343858442602,0.00230525506928,0.00220700979997,0.000799997192992,0.000491226346574,0.00152280167438,0.00137543377041,0.000894733702689,0.00347016326259,0.000126315346262,0.000947365096965,0.000445612471535,0.000284209529089,0.00160701190522,0.000533331461995,0.00303507706991,0.00269823614654,0.00179999368423,0.000284209529089,0.00325963768548,0.00191227399202,0.0010491191259,0.00121403082796,0.00119999578949,0.00332981287785,0.00319297125273,0.000708769442914,0.000670173087112,0.000599997894744,0.00115789067407,0.00344911070487,0.00343858442602,0.00347016326259,0.00212981708836,0.00193332654973,0.00289823544479,0.00222806235768,0.000508770144666,0.000403507356115,0.000280700769471,0.00132280237613,0.00346314574335,0.00140701260697,0.00277893761776,0.00152981919362,0.00132981989537,0.00148069655896,0.0023087638289,0.00349472457991,0.000656138048638,0.0020806944537,0.000845611068031,0.00178595864576,0.000256139452142,0.00222104483844,0.00315437489693,0.00019649053863,0.00343858442602,0.00178244988614,0.00159999438598,0.00199999298248,0.00179648492461
Gen 285
exec_eq,integer_swap,integer_gte,boolean_shove,boolean_and,vector_integer_flush,integer_lt,vector_integer_pushall,exec_do*vector_integer,vector_integer_reverse,vector_integer_concat,vector_integer_occurrencesof,vector_integer_subvec,integer_eq,vector_integer_yankdup,exec_yankdup,vector_integer_yank,vector_integer_swap,vector_integer_shove,exec_when,vector_integer_rest,boolean_or,boolean_empty,vector_integer_emptyvector,exec_do*while,integer_rot,exec_stackdepth,exec_do*range,vector_integer_replacefirst,vector_integer_last,exec_shove,boolean_xor,boolean_yankdup,boolean_frominteger,exec_yank,vector_integer_indexof,vector_integer_length,integer_div,integer_mult,integer_min,integer_flush,integer_yank,vector_integer_set,integer_max,exec_dup,exec_k,exec_noop,exec_s,exec_y,boolean_rot,vector_integer_stackdepth,integer_yankdup,vector_integer_remove,vector_integer_empty,boolean_stackdepth,exec_do*times,integer_shove,vector_integer_nth,boolean_dup,boolean_not,integer_dup,boolean_flush,boolean_pop,exec_swap,boolean_swap,integer_add,exec_flush,integer_mod,integer_inc,boolean_invert_first_then_and,exec_rot,vector_integer_contains,integer_pop,exec_pop,vector_integer_eq,vector_integer_take,boolean_invert_second_then_and,integer_sub,vector_integer_rot,boolean_yank,integer_stackdepth,integer_dec,integer_gt,vector_integer_butlast,in1,vector_integer_pop,integer_lte,vector_integer_first,boolean_eq,exec_if,vector_integer_replace,exec_empty,exec_do*count,vector_integer_conj,exec_while,integer_fromboolean,integer_empty,vector_integer_dup
0.00349299477974,0.00143705791238,0.0002412578977,0.00155244212433,0.00286012985969,0.00196153160304,0.00111538071545,0.00333215618127,0.000234264915158,0.000555942112091,0.000479019304128,0.000573424568446,0.00133565966553,0.000618878954969,0.00251747371513,0.0021223702015,0.00246852283733,0.000937059660631,0.00135314212188,0.000461536847773,0.000419578952521,0.000783214044706,0.00170628774025,0.00195453862049,0.00110139475037,0.000916080713004,0.00345802986703,0.000828668431229,0.00218530704438,0.00190209125143,0.000493005269212,0.00101747895986,0.00252796318894,0.000503494743025,0.000258740354055,0.00205244037608,0.00346502284957,0.00246152985479,0.00230768423887,0.000790207027248,0.000527970181922,0.00150698773781,0.00137062457824,0.000814682466145,0.00347551232338,0.000111887720672,0.00101398246859,0.000482515795399,0.000342656144559,0.00161537896721,0.000566431585904,0.0030034860018,0.00259090003182,0.00188810528635,0.000290208775494,0.00325872986458,0.00189859476016,0.00117831755833,0.00125174387502,0.00116083510198,0.0033531351289,0.00314334565264,0.000734263166912,0.000699298254202,0.000611885972427,0.00130419124409,0.00344054741067,0.00345453337576,0.00348250530593,0.00222726493963,0.00187761581253,0.00288810178985,0.00234964213412,0.000566431585904,0.000433564917605,0.000262236845326,0.00151747721162,0.00347551232338,0.00156293159814,0.00260138950563,0.00148251229891,0.00138111405205,0.00148600879018,0.00230768423887,0.0034860017972,0.00065734035895,0.00211188072769,0.000926570186818,0.00167481931881,0.00027622281041,0.00225873336107,0.00301747196688,0.000258740354055,0.00342656144559,0.0017482456355,0.00170628774025,0.00189509826889,0.00177971405694
Gen 286
exec_eq,integer_swap,integer_gte,boolean_shove,boolean_and,vector_integer_flush,integer_lt,vector_integer_pushall,exec_do*vector_integer,vector_integer_reverse,vector_integer_concat,vector_integer_occurrencesof,vector_integer_subvec,integer_eq,vector_integer_yankdup,exec_yankdup,vector_integer_yank,vector_integer_swap,vector_integer_shove,exec_when,vector_integer_rest,boolean_or,boolean_empty,vector_integer_emptyvector,exec_do*while,integer_rot,exec_stackdepth,exec_do*range,vector_integer_replacefirst,vector_integer_last,exec_shove,boolean_xor,boolean_yankdup,boolean_frominteger,exec_yank,vector_integer_indexof,vector_integer_length,integer_div,integer_mult,integer_min,integer_flush,integer_yank,vector_integer_set,integer_max,exec_dup,exec_k,exec_noop,exec_s,exec_y,boolean_rot,vector_integer_stackdepth,integer_yankdup,vector_integer_remove,vector_integer_empty,boolean_stackdepth,exec_do*times,integer_shove,vector_integer_nth,boolean_dup,boolean_not,integer_dup,boolean_flush,boolean_pop,exec_swap,boolean_swap,integer_add,exec_flush,integer_mod,integer_inc,boolean_invert_first_then_and,exec_rot,vector_integer_contains,integer_pop,exec_pop,vector_integer_eq,vector_integer_take,boolean_invert_second_then_and,integer_sub,vector_integer_rot,boolean_yank,integer_stackdepth,integer_dec,integer_gt,vector_integer_butlast,in1,vector_integer_pop,integer_lte,vector_integer_first,boolean_eq,exec_if,vector_integer_replace,exec_empty,exec_do*count,vector_integer_conj,exec_while,integer_fromboolean,integer_empty,vector_integer_dup
0.00348082410863,0.00137281751632,0.000261323131278,0.00154703293717,0.00284667997672,0.00205225765764,0.00121253932913,0.00334842038878,0.000205574196606,0.000637628440319,0.000529614879391,0.000592332430897,0.00140069198365,0.000609753972983,0.00256445099494,0.00207664781656,0.00240765711618,0.0009198574221,0.0013693332079,0.000466897327884,0.000390242542709,0.00076654785175,0.00162368772234,0.00203483611555,0.00111149438504,0.000857139870593,0.00344249671604,0.000891982954763,0.00220208291957,0.0018606206947,0.000484318869969,0.000947731889436,0.00258535684545,0.000536583496225,0.000292681907032,0.0020034773398,0.00345294964129,0.00251218636869,0.00221950446166,0.000871077104261,0.00051916195414,0.00157839171292,0.00147037815199,0.000738673384413,0.00346340256654,0.000108013560928,0.000999996515692,0.000456444402633,0.000299650523866,0.00170034250752,0.000543552113059,0.00301741108916,0.00255051376128,0.00193379117146,0.000296166215449,0.00323343821102,0.00190243239571,0.00115330608604,0.00121602363755,0.00128222549747,0.00335887331403,0.00311148741642,0.000675955832907,0.000675955832907,0.000581879505646,0.00135539597423,0.00343552809921,0.00344946533287,0.00346688687496,0.0021881456859,0.00194075978829,0.0027595722663,0.00230661217208,0.000658534290821,0.000369336692207,0.000292681907032,0.00166549942335,0.00345991825812,0.00157142309609,0.00259232546228,0.00159232894659,0.00142508214257,0.00140069198365,0.00245643743402,0.00348082410863,0.00051916195414,0.00213936536806,0.000916373113683,0.00159581325501,0.000261323131278,0.00228919063,0.00289546029456,0.00024738589761,0.00341810655712,0.00166549942335,0.00162368772234,0.00193379117146,0.00187107361995
Gen 287
exec_eq,integer_swap,integer_gte,boolean_shove,boolean_and,vector_integer_flush,integer_lt,vector_integer_pushall,exec_do*vector_integer,vector_integer_reverse,vector_integer_concat,vector_integer_occurrencesof,vector_integer_subvec,integer_eq,vector_integer_yankdup,exec_yankdup,vector_integer_yank,vector_integer_swap,vector_integer_shove,exec_when,vector_integer_rest,boolean_or,boolean_empty,vector_integer_emptyvector,exec_do*while,integer_rot,exec_stackdepth,exec_do*range,vector_integer_replacefirst,vector_integer_last,exec_shove,boolean_xor,boolean_yankdup,boolean_frominteger,exec_yank,vector_integer_indexof,vector_integer_length,integer_div,integer_mult,integer_min,integer_flush,integer_yank,vector_integer_set,integer_max,exec_dup,exec_k,exec_noop,exec_s,exec_y,boolean_rot,vector_integer_stackdepth,integer_yankdup,vector_integer_remove,vector_integer_empty,boolean_stackdepth,exec_do*times,integer_shove,vector_integer_nth,boolean_dup,boolean_not,integer_dup,boolean_flush,boolean_pop,exec_swap,boolean_swap,integer_add,exec_flush,integer_mod,integer_inc,boolean_invert_first_then_and,exec_rot,vector_integer_contains,integer_pop,exec_pop,vector_integer_eq,vector_integer_take,boolean_invert_second_then_and,integer_sub,vector_integer_rot,boolean_yank,integer_stackdepth,integer_dec,integer_gt,vector_integer_butlast,in1,vector_integer_pop,integer_lte,vector_integer_first,boolean_eq,exec_if,vector_integer_replace,exec_empty,exec_do*count,vector_integer_conj,exec_while,integer_fromboolean,integer_empty,vector_integer_dup
0.00346526574561,0.0014166617477,0.000253471342113,0.00135763417488,0.00278471255308,0.0020381873674,0.00128124555123,0.00332637733897,0.000152777247301,0.000670136562026,0.000524303735056,0.000472220582567,0.00144096721886,0.000670136562026,0.00250346352964,0.00203471515724,0.00241318606533,0.000833330439825,0.00135416196472,0.000534720365554,0.000368054277589,0.000784719497502,0.00161110551699,0.00204165957757,0.00101388536845,0.000805552758497,0.00342707143378,0.000791663917834,0.0022326311367,0.00186457685911,0.000416665219912,0.000996524317624,0.00255207447196,0.000517359314725,0.000371526487755,0.00194443769292,0.00343748806428,0.00246179700765,0.00231943639085,0.000968746636296,0.000371526487755,0.00154860573401,0.00140971732737,0.000722219714515,0.00343748806428,7.98608338165e-05,0.000861108121152,0.000506942684227,0.000260415762445,0.00164582761865,0.000614581199371,0.00295137864105,0.00262151867528,0.00190971559127,0.000263887972611,0.00322915545432,0.00197915979458,0.00112499609376,0.00121874576824,0.0012534678699,0.00333679396947,0.00313887799001,0.000663192141694,0.000746525185676,0.000673608772192,0.00128124555123,0.00341318259312,0.00342707143378,0.00345832132527,0.0022430477672,0.0018958267506,0.00280207360391,0.00240971385516,0.000690969823021,0.000302082284437,0.000281249023441,0.00163888319832,0.00345484911511,0.00168054972031,0.0025173523703,0.00153124468318,0.00139235627654,0.00137499522571,0.00248610247881,0.00345832132527,0.000638886670532,0.0020798538894,0.00102777420912,0.00152777247301,0.000229165870952,0.00226735323836,0.00294443422071,0.00023958250145,0.00338540491179,0.00161457772716,0.00163541098816,0.00201735410641,0.00175693834396
Gen 288
exec_eq,integer_swap,integer_gte,boolean_shove,boolean_and,vector_integer_flush,integer_lt,vector_integer_pushall,exec_do*vector_integer,vector_integer_reverse,vector_integer_concat,vector_integer_occurrencesof,vector_integer_subvec,integer_eq,vector_integer_yankdup,exec_yankdup,vector_integer_yank,vector_integer_swap,vector_integer_shove,exec_when,vector_integer_rest,boolean_or,boolean_empty,vector_integer_emptyvector,exec_do*while,integer_rot,exec_stackdepth,exec_do*range,vector_integer_replacefirst,vector_integer_last,exec_shove,boolean_xor,boolean_yankdup,boolean_frominteger,exec_yank,vector_integer_indexof,vector_integer_length,integer_div,integer_mult,integer_min,integer_flush,integer_yank,vector_integer_set,integer_max,exec_dup,exec_k,exec_noop,exec_s,exec_y,boolean_rot,vector_integer_stackdepth,integer_yankdup,vector_integer_remove,vector_integer_empty,boolean_stackdepth,exec_do*times,integer_shove,vector_integer_nth,boolean_dup,boolean_not,integer_dup,boolean_flush,boolean_pop,exec_swap,boolean_swap,integer_add,exec_flush,integer_mod,integer_inc,boolean_invert_first_then_and,exec_rot,vector_integer_contains,integer_pop,exec_pop,vector_integer_eq,vector_integer_take,boolean_invert_second_then_and,integer_sub,vector_integer_rot,boolean_yank,integer_stackdepth,integer_dec,integer_gt,vector_integer_butlast,in1,vector_integer_pop,integer_lte,vector_integer_first,boolean_eq,exec_if,vector_integer_replace,exec_empty,exec_do*count,vector_integer_conj,exec_while,integer_fromboolean,integer_empty,vector_integer_dup
0.00345327524818,0.00153632686392,0.000207611738368,0.0013944588427,0.0028062186636,0.00202767464472,0.00125951121276,0.00329064605313,0.000186850564531,0.000678198345334,0.000546710911035,0.000564011889232,0.00141868021218,0.000622835215103,0.00255362438192,0.00208303777496,0.00233563205664,0.000826986757831,0.00133217532119,0.00051210895464,0.000435984650572,0.000854668322947,0.00153286666828,0.00203113484036,0.00103113830056,0.000792384801437,0.00341175290051,0.000723180888647,0.00222490579617,0.0019204085799,0.000446365237491,0.000937713018294,0.00250864183861,0.000453285628769,0.000363320542143,0.00185812505839,0.00342559368307,0.00246019909966,0.00229064951332,0.00104151888748,0.000460206020048,0.00149480451625,0.00142560060346,0.000750862453763,0.00343251407435,0.000124567043021,0.000875429496784,0.000529409932838,0.000262974868599,0.00181660271072,0.000730101279926,0.00283390022872,0.00260552731651,0.00187542603659,0.00025605447732,0.00322836253162,0.00199653288397,0.00112110338719,0.00124567043021,0.00131141414736,0.00330102664005,0.00314531783627,0.000678198345334,0.000782004214518,0.000695499323532,0.00130795395172,0.00340137231359,0.00340829270487,0.00343597426999,0.00225604755693,0.00179238134124,0.00278199729413,0.00241521655634,0.000584773063069,0.000332178781388,0.000311417607552,0.00147404334241,0.00343251407435,0.0016747346895,0.00255708457756,0.00163321234183,0.00137023747323,0.00139791903834,0.00242213694762,0.00345673544382,0.000685118736613,0.00198615229705,0.00101383732236,0.00171279684153,0.000211071934007,0.00230103010024,0.00295846727174,0.000252594281681,0.0033667703572,0.00161591136363,0.00165051332002,0.00210379894879,0.00191348818862
Gen 289
exec_eq,integer_swap,integer_gte,boolean_shove,boolean_and,vector_integer_flush,integer_lt,vector_integer_pushall,exec_do*vector_integer,vector_integer_reverse,vector_integer_concat,vector_integer_occurrencesof,vector_integer_subvec,integer_eq,vector_integer_yankdup,exec_yankdup,vector_integer_yank,vector_integer_swap,vector_integer_shove,exec_when,vector_integer_rest,boolean_or,boolean_empty,vector_integer_emptyvector,exec_do*while,integer_rot,exec_stackdepth,exec_do*range,vector_integer_replacefirst,vector_integer_last,exec_shove,boolean_xor,boolean_yankdup,boolean_frominteger,exec_yank,vector_integer_indexof,vector_integer_length,integer_div,integer_mult,integer_min,integer_flush,integer_yank,vector_integer_set,integer_max,exec_dup,exec_k,exec_noop,exec_s,exec_y,boolean_rot,vector_integer_stackdepth,integer_yankdup,vector_integer_remove,vector_integer_empty,boolean_stackdepth,exec_do*times,integer_shove,vector_integer_nth,boolean_dup,boolean_not,integer_dup,boolean_flush,boolean_pop,exec_swap,boolean_swap,integer_add,exec_flush,integer_mod,integer_inc,boolean_invert_first_then_and,exec_rot,vector_integer_contains,integer_pop,exec_pop,vector_integer_eq,vector_integer_take,boolean_invert_second_then_and,integer_sub,vector_integer_rot,boolean_yank,integer_stackdepth,integer_dec,integer_gt,vector_integer_butlast,in1,vector_integer_pop,integer_lte,vector_integer_first,boolean_eq,exec_if,vector_integer_replace,exec_empty,exec_do*count,vector_integer_conj,exec_while,integer_fromboolean,integer_empty,vector_integer_dup
0.0034482639715,0.00157585663498,0.000199999310347,0.00138620211654,0.00281723166472,0.00207930317482,0.00121723718194,0.00329998862073,0.000213792366233,0.000562067027355,0.000506894803811,0.000582756611184,0.00152068441143,0.000593101403099,0.00249654311537,0.0021172340785,0.00241378478005,0.000799997241389,0.00132758162903,0.000489653483954,0.000444826052324,0.000899996896562,0.00155171878718,0.00203447574319,0.00108275488705,0.000696549322244,0.00340343653987,0.00077930765756,0.00208964796673,0.00199309657553,0.000448274316295,0.000965513912021,0.00241378478005,0.000441377788352,0.000334481605236,0.0019241312961,0.00341033306782,0.00233792297268,0.00221033720573,0.00091723821642,0.000375860772894,0.00145861565995,0.00139309864449,0.0006413770987,0.0034241261237,0.000134482294889,0.000793100713446,0.000555170499412,0.000282757645663,0.00163447712249,0.000737928489902,0.00289654173606,0.00262412888231,0.00183102816887,0.000279309381692,0.00320343722953,0.00198964831156,0.00107241009514,0.00122068544591,0.0012827541974,0.00328619556484,0.0031103341023,0.000668963210472,0.000720687170044,0.000599997931042,0.0014034434364,0.0033758504281,0.0033999882759,0.00343102265165,0.00228275074914,0.00172758024972,0.00284136951252,0.00247240526757,0.000568963555298,0.000358619453036,0.000310343757435,0.00147240871583,0.00343102265165,0.00149309829966,0.00255516360288,0.00159654621881,0.00128620246137,0.00129654725329,0.00238964693225,0.0034482639715,0.000686204530329,0.00181033858504,0.00100344481571,0.00173102851369,0.00025172326992,0.00224826810942,0.00296205875152,0.000217240630205,0.00335516084427,0.00174482156958,0.00160689101072,0.00203102747922,0.00199309657553
Gen 290
exec_eq,integer_swap,integer_gte,boolean_shove,boolean_and,vector_integer_flush,integer_lt,vector_integer_pushall,exec_do*vector_integer,vector_integer_reverse,vector_integer_concat,vector_integer_occurrencesof,vector_integer_subvec,integer_eq,vector_integer_yankdup,exec_yankdup,vector_integer_yank,vector_integer_swap,vector_integer_shove,exec_when,vector_integer_rest,boolean_or,boolean_empty,vector_integer_emptyvector,exec_do*while,integer_rot,exec_stackdepth,exec_do*range,vector_integer_replacefirst,vector_integer_last,exec_shove,boolean_xor,boolean_yankdup,boolean_frominteger,exec_yank,vector_integer_indexof,vector_integer_length,integer_div,integer_mult,integer_min,integer_flush,integer_yank,vector_integer_set,integer_max,exec_dup,exec_k,exec_noop,exec_s,exec_y,boolean_rot,vector_integer_stackdepth,integer_yankdup,vector_integer_remove,vector_integer_empty,boolean_stackdepth,exec_do*times,integer_shove,vector_integer_nth,boolean_dup,boolean_not,integer_dup,boolean_flush,boolean_pop,exec_swap,boolean_swap,integer_add,exec_flush,integer_mod,integer_inc,boolean_invert_first_then_and,exec_rot,vector_integer_contains,integer_pop,exec_pop,vector_integer_eq,vector_integer_take,boolean_invert_second_then_and,integer_sub,vector_integer_rot,boolean_yank,integer_stackdepth,integer_dec,integer_gt,vector_integer_butlast,in1,vector_integer_pop,integer_lte,vector_integer_first,boolean_eq,exec_if,vector_integer_replace,exec_empty,exec_do*count,vector_integer_conj,exec_while,integer_fromboolean,integer_empty,vector_integer_dup
0.00343641430785,0.00150171305253,0.000206184858471,0.00138143855176,0.0028453510469,0.00206872141333,0.00121305425067,0.00325428434954,0.000219930515703,0.000659791547108,0.00052920780341,0.000601372503875,0.00148453098099,0.000628863818337,0.0025395101735,0.00217525025687,0.00245703623012,0.000807557362346,0.00134363799437,0.00043298820279,0.000467352345868,0.000900340548658,0.00165635169639,0.00213057687087,0.00112027106436,0.000707901347418,0.00340892299339,0.00075257473342,0.00202061161302,0.00189002786932,0.00046391593156,0.00094501393466,0.00228521551472,0.000470788760176,0.000285222387552,0.00193126484101,0.00338143167893,0.0023195796578,0.00225428778595,0.000917522620197,0.000412369716943,0.00148109456669,0.00143642118068,0.000639173061261,0.00341923223632,0.000164947886777,0.000694155690187,0.0004810980031,0.000302404459091,0.00161167831038,0.000618554575414,0.00292095216168,0.00265291184566,0.00181786316886,0.000216494101395,0.00320273813492,0.00210308555641,0.000999996563586,0.00118556293621,0.00132989233714,0.00325084793523,0.00308246363415,0.000594499675259,0.000841921505424,0.000591063260951,0.00147422173807,0.00337799526462,0.0033676860217,0.00341579582201,0.00217525025687,0.00163916962485,0.00272507654613,0.00238487152965,0.000611681746798,0.000419242545558,0.000281785973244,0.00151202229546,0.00341579582201,0.00151545870976,0.00270445806028,0.00161511472469,0.00113401672159,0.00142267552345,0.00239174435827,0.00343297789355,0.000738829076189,0.00178006261147,0.00103092429236,0.00180068109732,0.000223366930011,0.00224741495734,0.00285222387552,0.000247421830166,0.00334706753585,0.001707897911,0.00157731416731,0.00197593822702,0.00184879089763
Gen 291
exec_eq,integer_swap,integer_gte,boolean_shove,boolean_and,vector_integer_flush,integer_lt,vector_integer_pushall,exec_do*vector_integer,vector_integer_reverse,vector_integer_concat,vector_integer_occurrencesof,vector_integer_subvec,integer_eq,vector_integer_yankdup,exec_yankdup,vector_integer_yank,vector_integer_swap,vector_integer_shove,exec_when,vector_integer_rest,boolean_or,boolean_empty,vector_integer_emptyvector,exec_do*while,integer_rot,exec_stackdepth,exec_do*range,vector_integer_replacefirst,vector_integer_last,exec_shove,boolean_xor,boolean_yankdup,boolean_frominteger,exec_yank,vector_integer_indexof,vector_integer_length,integer_div,integer_mult,integer_min,integer_flush,integer_yank,vector_integer_set,integer_max,exec_dup,exec_k,exec_noop,exec_s,exec_y,boolean_rot,vector_integer_stackdepth,integer_yankdup,vector_integer_remove,vector_integer_empty,boolean_stackdepth,exec_do*times,integer_shove,vector_integer_nth,boolean_dup,boolean_not,integer_dup,boolean_flush,boolean_pop,exec_swap,boolean_swap,integer_add,exec_flush,integer_mod,integer_inc,boolean_invert_first_then_and,exec_rot,vector_integer_contains,integer_pop,exec_pop,vector_integer_eq,vector_integer_take,boolean_invert_second_then_and,integer_sub,vector_integer_rot,boolean_yank,integer_stackdepth,integer_dec,integer_gt,vector_integer_butlast,in1,vector_integer_pop,integer_lte,vector_integer_first,boolean_eq,exec_if,vector_integer_replace,exec_empty,exec_do*count,vector_integer_conj,exec_while,integer_fromboolean,integer_empty,vector_integer_dup
0.00342464580601,0.00139040619724,0.000147259769658,0.00137328296821,0.00275683987384,0.00205821212941,0.00133561186434,0.00319861918281,0.000178081581912,0.000678079869589,0.000595888370245,0.000691778452814,0.00146917305078,0.000667805932171,0.00255136112548,0.00221574583649,0.00242464923065,0.000921229721816,0.00137670761402,0.000458902538005,0.000523970808319,0.000931503659234,0.00167465179914,0.00201711637974,0.00116437957404,0.000715750973456,0.00340409793117,0.000739723494098,0.0020513628378,0.00188697983911,0.000434930017363,0.000842462868278,0.00236643025195,0.000527395454125,0.000325341351571,0.00184245944363,0.0033630021815,0.00234245773131,0.00222944441971,0.00090068184698,0.000424656079945,0.00156163848754,0.00148629627981,0.000674655223783,0.00340409793117,0.000167807644494,0.000698627744426,0.000503422933483,0.000308218122541,0.00149314557142,0.000613011599275,0.00293492145575,0.00269177160352,0.00192807558878,0.000191780165136,0.00319519453701,0.00210273252489,0.000924654367622,0.00118835209468,0.00145204982175,0.00325683816151,0.00294519539317,0.000630134828305,0.0007979424728,0.000544518683155,0.00139725548885,0.00335957753569,0.00337327611892,0.00339382399375,0.00213012969134,0.00173287077784,0.00276026451964,0.00242464923065,0.000647258057335,0.000414382142527,0.000315067414153,0.00149999486303,0.00340752257698,0.00164725463269,0.00259930616676,0.00166780250753,0.00115068099082,0.00142807730111,0.00249656679258,0.00341094722278,0.000767120660546,0.00191437700556,0.00111985917856,0.00170547361139,0.000239725206421,0.00221574583649,0.00276711381125,0.000280820956093,0.00331848178602,0.00162328211205,0.00153081667529,0.00191437700556,0.00184588408944
Gen 292
exec_eq,integer_swap,integer_gte,boolean_shove,boolean_and,vector_integer_flush,integer_lt,vector_integer_pushall,exec_do*vector_integer,vector_integer_reverse,vector_integer_concat,vector_integer_occurrencesof,vector_integer_subvec,integer_eq,vector_integer_yankdup,exec_yankdup,vector_integer_yank,vector_integer_swap,vector_integer_shove,exec_when,vector_integer_rest,boolean_or,boolean_empty,vector_integer_emptyvector,exec_do*while,integer_rot,exec_stackdepth,exec_do*range,vector_integer_replacefirst,vector_integer_last,exec_shove,boolean_xor,boolean_yankdup,boolean_frominteger,exec_yank,vector_integer_indexof,vector_integer_length,integer_div,integer_mult,integer_min,integer_flush,integer_yank,vector_integer_set,integer_max,exec_dup,exec_k,exec_noop,exec_s,exec_y,boolean_rot,vector_integer_stackdepth,integer_yankdup,vector_integer_remove,vector_integer_empty,boolean_stackdepth,exec_do*times,integer_shove,vector_integer_nth,boolean_dup,boolean_not,integer_dup,boolean_flush,boolean_pop,exec_swap,boolean_swap,integer_add,exec_flush,integer_mod,integer_inc,boolean_invert_first_then_and,exec_rot,vector_integer_contains,integer_pop,exec_pop,vector_integer_eq,vector_integer_take,boolean_invert_second_then_and,integer_sub,vector_integer_rot,boolean_yank,integer_stackdepth,integer_dec,integer_gt,vector_integer_butlast,in1,vector_integer_pop,integer_lte,vector_integer_first,boolean_eq,exec_if,vector_integer_replace,exec_empty,exec_do*count,vector_integer_conj,exec_while,integer_fromboolean,integer_empty,vector_integer_dup
0.00341295763496,0.00140955150324,0.000146757178303,0.0014061385456,0.00274743089614,0.0020409486657,0.00127985911311,0.00319111538868,0.000174060839383,0.000624571247197,0.000631397162467,0.000658700823547,0.00151535318992,0.000713308145706,0.00251193681933,0.00226961682725,0.00244026470899,0.000890781942724,0.00132764052,0.000505117729974,0.000549486179228,0.000880543069819,0.00168258811403,0.00212968556421,0.00122525179095,0.000781567298405,0.00340271876205,0.000720134060976,0.00201023204699,0.00179521571599,0.000457336323084,0.000918085603803,0.00229692048833,0.000556312094498,0.000255971822622,0.00183617120761,0.00335152439753,0.00229692048833,0.00224231316617,0.000931737434343,0.00042661970437,0.00152217910519,0.00152900502046,0.000587028713213,0.00339930580442,0.000156996051208,0.000788393213675,0.000450510407814,0.000296927314241,0.00155289572391,0.000600680543752,0.00290783990498,0.00267575878581,0.00184641008051,0.000300340271876,0.00315698581234,0.00201705796226,0.000890781942724,0.001112624189,0.00137883488452,0.00323548383794,0.00292149173552,0.000655287865912,0.000935150391978,0.000617745331927,0.00144709403722,0.00336176327043,0.00338906693151,0.00339247988915,0.00204436162334,0.00163821966478,0.00273719202324,0.00228326865779,0.000658700823547,0.000436858577274,0.000375425339845,0.00151535318992,0.00338906693151,0.00149828840175,0.00264845512473,0.00167576219876,0.00118429629933,0.00151535318992,0.00232081119177,0.00339930580442,0.000747437722056,0.00184641008051,0.000999996587042,0.00182934529234,0.000225255203907,0.00226279091198,0.00275766976905,0.000293514356606,0.00331739482118,0.00162456783424,0.00161774191897,0.0018941914874,0.00180204163126
Gen 293
exec_eq,integer_swap,integer_gte,boolean_shove,boolean_and,vector_integer_flush,integer_lt,vector_integer_pushall,exec_do*vector_integer,vector_integer_reverse,vector_integer_concat,vector_integer_occurrencesof,vector_integer_subvec,integer_eq,vector_integer_yankdup,exec_yankdup,vector_integer_yank,vector_integer_swap,vector_integer_shove,exec_when,vector_integer_rest,boolean_or,boolean_empty,vector_integer_emptyvector,exec_do*while,integer_rot,exec_stackdepth,exec_do*range,vector_integer_replacefirst,vector_integer_last,exec_shove,boolean_xor,boolean_yankdup,boolean_frominteger,exec_yank,vector_integer_indexof,vector_integer_length,integer_div,integer_mult,integer_min,integer_flush,integer_yank,vector_integer_set,integer_max,exec_dup,exec_k,exec_noop,exec_s,exec_y,boolean_rot,vector_integer_stackdepth,integer_yankdup,vector_integer_remove,vector_integer_empty,boolean_stackdepth,exec_do*times,integer_shove,vector_integer_nth,boolean_dup,boolean_not,integer_dup,boolean_flush,boolean_pop,exec_swap,boolean_swap,integer_add,exec_flush,integer_mod,integer_inc,boolean_invert_first_then_and,exec_rot,vector_integer_contains,integer_pop,exec_pop,vector_integer_eq,vector_integer_take,boolean_invert_second_then_and,integer_sub,vector_integer_rot,boolean_yank,integer_stackdepth,integer_dec,integer_gt,vector_integer_butlast,in1,vector_integer_pop,integer_lte,vector_integer_first,boolean_eq,exec_if,vector_integer_replace,exec_empty,exec_do*count,vector_integer_conj,exec_while,integer_fromboolean,integer_empty,vector_integer_dup
0.00339114492808,0.00136734228795,0.000153060703875,0.00135373689205,0.00279250750848,0.00193536756678,0.0012380910269,0.00319386668753,0.000146258005925,0.000625848211401,0.000639453607301,0.000693875190901,0.0015374097367,0.000676868446026,0.0025306036374,0.00232992404788,0.00248638610073,0.000880949384526,0.00137074363693,0.0004625834606,0.00045578076265,0.000826527800926,0.0016054367162,0.00210203366655,0.0012108802351,0.000785711613226,0.00339794762603,0.000642854956276,0.00195237431165,0.00174489202418,0.00041496457495,0.000867343988626,0.00229591055813,0.000530610440101,0.000241495777225,0.00177550416495,0.00335032874038,0.00216665929708,0.00211904041143,0.000911561525301,0.000465984809575,0.00152720568978,0.00149999489798,0.000676868446026,0.003401348975,0.000132652610025,0.000792514311176,0.000438774017775,0.000302720058775,0.00150679759593,0.000585032023701,0.00284012639413,0.0026258414087,0.00174489202418,0.000282311964925,0.00314624780188,0.00200679589525,0.000908160176326,0.00103741143738,0.00141836252258,0.00324828827113,0.0028707385349,0.000642854956276,0.000945575015051,0.000523807742151,0.00146598140823,0.00335713143833,0.00336393413628,0.00336393413628,0.00199659184833,0.00162244346108,0.00273128322693,0.00226189706838,0.000557821231901,0.000377549736225,0.000363944340325,0.00147958680413,0.00335373008935,0.00154761378363,0.0026258414087,0.00174829337315,0.0011292478597,0.00139115173078,0.00233332539685,0.0033877435791,0.000819725102976,0.0017959122588,0.000965983108901,0.00185373519138,0.0002040809385,0.00211563906245,0.00276869806565,0.000377549736225,0.0033061112037,0.00162244346108,0.00153400838773,0.001768701467,0.00179931360778
Gen 294
exec_eq,integer_swap,integer_gte,boolean_shove,boolean_and,vector_integer_flush,integer_lt,vector_integer_pushall,exec_do*vector_integer,vector_integer_reverse,vector_integer_concat,vector_integer_occurrencesof,vector_integer_subvec,integer_eq,vector_integer_yankdup,exec_yankdup,vector_integer_yank,vector_integer_swap,vector_integer_shove,exec_when,vector_integer_rest,boolean_or,boolean_empty,vector_integer_emptyvector,exec_do*while,integer_rot,exec_stackdepth,exec_do*range,vector_integer_replacefirst,vector_integer_last,exec_shove,boolean_xor,boolean_yankdup,boolean_frominteger,exec_yank,vector_integer_indexof,vector_integer_length,integer_div,integer_mult,integer_min,integer_flush,integer_yank,vector_integer_set,integer_max,exec_dup,exec_k,exec_noop,exec_s,exec_y,boolean_rot,vector_integer_stackdepth,integer_yankdup,vector_integer_remove,vector_integer_empty,boolean_stackdepth,exec_do*times,integer_shove,vector_integer_nth,boolean_dup,boolean_not,integer_dup,boolean_flush,boolean_pop,exec_swap,boolean_swap,integer_add,exec_flush,integer_mod,integer_inc,boolean_invert_first_then_and,exec_rot,vector_integer_contains,integer_pop,exec_pop,vector_integer_eq,vector_integer_take,boolean_invert_second_then_and,integer_sub,vector_integer_rot,boolean_yank,integer_stackdepth,integer_dec,integer_gt,vector_integer_butlast,in1,vector_integer_pop,integer_lte,vector_integer_first,boolean_eq,exec_if,vector_integer_replace,exec_empty,exec_do*count,vector_integer_conj,exec_while,integer_fromboolean,integer_empty,vector_integer_dup
0.00338303937953,0.0013321988739,0.000210168779089,0.00119999593222,0.00275592286128,0.00199660340134,0.00125084321748,0.00322032806668,0.000101694570527,0.000640675794319,0.000671184165477,0.000735590726811,0.00141694434934,0.000742370364846,0.00247795770184,0.00234575476015,0.0025288049871,0.000877963125549,0.00132880905488,0.000508472852634,0.000471184843441,0.000762709278952,0.00162711312843,0.00211185724794,0.00121355520829,0.000816946383233,0.00337964956051,0.000674573984495,0.00186440045966,0.00172202806092,0.000450845929336,0.000908471496707,0.0022576194657,0.000511862671652,0.000261016064352,0.00168812987075,0.00331863281819,0.00221016199945,0.00204406086759,0.000813556564215,0.000440676472283,0.00152880837692,0.00147457127264,0.000637285975302,0.00338303937953,0.000189829864984,0.000633896156284,0.000454235748353,0.00027796515944,0.00153219819594,0.000501693214599,0.00282371924163,0.0025864319104,0.00182033281243,0.000325422625686,0.00316948078142,0.00199660340134,0.000911861315724,0.0010610133525,0.00138304615917,0.00323049752374,0.00285422761279,0.000657624889407,0.000993216972146,0.000511862671652,0.00138643597818,0.00330846336114,0.0033389717323,0.00335592082739,0.00196609503019,0.00164406222352,0.00267795702387,0.00219321290436,0.000501693214599,0.000372880091932,0.000444066291301,0.00143389344443,0.00334575137033,0.00156948620513,0.00268134684289,0.00187795973573,0.00114914864695,0.0015050796438,0.00237965295033,0.00337964956051,0.000779658374039,0.00178304480324,0.000983047515093,0.00196270521117,0.000216948417124,0.00200338303938,0.00276609231833,0.000383049548985,0.00330507354212,0.00159321493825,0.00149491018675,0.00173558733699,0.00178643462226
Gen 295
exec_eq,integer_swap,integer_gte,boolean_shove,boolean_and,vector_integer_flush,integer_lt,vector_integer_pushall,exec_do*vector_integer,vector_integer_reverse,vector_integer_concat,vector_integer_occurrencesof,vector_integer_subvec,integer_eq,vector_integer_yankdup,exec_yankdup,vector_integer_yank,vector_integer_swap,vector_integer_shove,exec_when,vector_integer_rest,boolean_or,boolean_empty,vector_integer_emptyvector,exec_do*while,integer_rot,exec_stackdepth,exec_do*range,vector_integer_replacefirst,vector_integer_last,exec_shove,boolean_xor,boolean_yankdup,boolean_frominteger,exec_yank,vector_integer_indexof,vector_integer_length,integer_div,integer_mult,integer_min,integer_flush,integer_yank,vector_integer_set,integer_max,exec_dup,exec_k,exec_noop,exec_s,exec_y,boolean_rot,vector_integer_stackdepth,integer_yankdup,vector_integer_remove,vector_integer_empty,boolean_stackdepth,exec_do*times,integer_shove,vector_integer_nth,boolean_dup,boolean_not,integer_dup,boolean_flush,boolean_pop,exec_swap,boolean_swap,integer_add,exec_flush,integer_mod,integer_inc,boolean_invert_first_then_and,exec_rot,vector_integer_contains,integer_pop,exec_pop,vector_integer_eq,vector_integer_take,boolean_invert_second_then_and,integer_sub,vector_integer_rot,boolean_yank,integer_stackdepth,integer_dec,integer_gt,vector_integer_butlast,in1,vector_integer_pop,integer_lte,vector_integer_first,boolean_eq,exec_if,vector_integer_replace,exec_empty,exec_do*count,vector_integer_conj,exec_while,integer_fromboolean,integer_empty,vector_integer_dup
0.00337836696498,0.00142229249226,0.000209458751829,0.00113175293327,0.00274999070949,0.00197634467451,0.00112499619934,0.00317566494708,8.78375410894e-05,0.000543917081361,0.000638511356381,0.000858105209104,0.00135810351992,0.00065202482424,0.00237499197638,0.00237499197638,0.00248647808622,0.000956077851088,0.00120269863953,0.000442566072412,0.000432430971517,0.00078040276891,0.00176012918875,0.00207093894953,0.00115202313506,0.000888510511789,0.00337498859801,0.000581079117976,0.0018040479593,0.00157769737264,0.000429052604552,0.00108445579576,0.00216553322455,0.000547295448326,0.000199323650934,0.00180742632626,0.00333106982747,0.00218242505937,0.00210134425222,0.00078040276891,0.000489863209922,0.00166553491373,0.00143918432708,0.000574322384046,0.00337161023105,0.000155404880389,0.000749997466225,0.000489863209922,0.000344593430428,0.00142567085922,0.000510133411711,0.00275336907646,0.00253377522373,0.00181418306019,0.000344593430428,0.00313850291046,0.00186823693163,0.00105405049307,0.000912159080544,0.00122634720829,0.00321282698369,0.00291890905774,0.000621619521556,0.000922294181439,0.000554052182256,0.00139526555654,0.00328715105692,0.00332431309354,0.00332093472657,0.00179729122537,0.00151350840031,0.0026722882693,0.00226350586653,0.000466214641167,0.000320944861673,0.000506755044746,0.00131418474938,0.00333106982747,0.00143918432708,0.00275336907646,0.00195269610576,0.00121959047436,0.00151350840031,0.00224323566474,0.00337836696498,0.000807429704629,0.00168918348249,0.00103040192432,0.00203715527988,0.000233107320583,0.0020641822156,0.00277363927825,0.000361485265252,0.00328039432299,0.00166553491373,0.00147972473066,0.00183445326198,0.00193242590397
Gen 296
exec_eq,integer_swap,integer_gte,boolean_shove,boolean_and,vector_integer_flush,integer_lt,vector_integer_pushall,exec_do*vector_integer,vector_integer_reverse,vector_integer_concat,vector_integer_occurrencesof,vector_integer_subvec,integer_eq,vector_integer_yankdup,exec_yankdup,vector_integer_yank,vector_integer_swap,vector_integer_shove,exec_when,vector_integer_rest,boolean_or,boolean_empty,vector_integer_emptyvector,exec_do*while,integer_rot,exec_stackdepth,exec_do*range,vector_integer_replacefirst,vector_integer_last,exec_shove,boolean_xor,boolean_yankdup,boolean_frominteger,exec_yank,vector_integer_indexof,vector_integer_length,integer_div,integer_mult,integer_min,integer_flush,integer_yank,vector_integer_set,integer_max,exec_dup,exec_k,exec_noop,exec_s,exec_y,boolean_rot,vector_integer_stackdepth,integer_yankdup,vector_integer_remove,vector_integer_empty,boolean_stackdepth,exec_do*times,integer_shove,vector_integer_nth,boolean_dup,boolean_not,integer_dup,boolean_flush,boolean_pop,exec_swap,boolean_swap,integer_add,exec_flush,integer_mod,integer_inc,boolean_invert_first_then_and,exec_rot,vector_integer_contains,integer_pop,exec_pop,vector_integer_eq,vector_integer_take,boolean_invert_second_then_and,integer_sub,vector_integer_rot,boolean_yank,integer_stackdepth,integer_dec,integer_gt,vector_integer_butlast,in1,vector_integer_pop,integer_lte,vector_integer_first,boolean_eq,exec_if,vector_integer_replace,exec_empty,exec_do*count,vector_integer_conj,exec_while,integer_fromboolean,integer_empty,vector_integer_dup
0.00335689105424,0.00132322786792,0.000178450577607,0.00110100639392,0.00276093346487,0.0020976360349,0.00119191517874,0.00317170649257,9.09087848189e-05,0.000464644900186,0.000750839222764,0.000787876135097,0.00126262201137,0.00061615954155,0.00239056434153,0.00240739930169,0.00247473914229,0.000855215975704,0.00119528217077,0.000451176932064,0.000360268147245,0.000909087848189,0.00167002804704,0.00198652529789,0.00122558509904,0.000838381015552,0.00335689105424,0.000565654661095,0.00195622236962,0.00162962414268,0.000400672051609,0.00110100639392,0.00220537977987,0.000505048804549,0.000218854481971,0.00172389991953,0.003329955118,0.00217170985956,0.00207406709068,0.000774408166976,0.00051178278861,0.00165319308689,0.00145117356507,0.000562287669065,0.00336699203033,0.000154881633395,0.000808078087279,0.000505048804549,0.000340066195063,0.00148484348538,0.000531984740792,0.00267339167208,0.00249157410244,0.00183837764856,0.000282827330548,0.00313803657227,0.0018316436645,0.000946124760523,0.000949491752553,0.0012760899795,0.00319190844475,0.00283164029751,0.000636361493732,0.000976427688796,0.000427607987852,0.00140740266868,0.00330975316581,0.00332322113394,0.003329955118,0.00179460675217,0.00163972511877,0.00272052956051,0.00224915067626,0.000326598226942,0.000427607987852,0.0004107730277,0.00145117356507,0.00330301918175,0.00160605519847,0.00264982272787,0.00210773701099,0.00111110737001,0.00141413665274,0.00222558173205,0.00335689105424,0.000848481991643,0.00170706495938,0.00102019858519,0.00204713115444,0.000178450577607,0.00203703017835,0.00267675866411,0.000373736115367,0.0032525143013,0.0017205329275,0.00141076966071,0.00178450577607,0.00195622236962
Gen 297
exec_eq,integer_swap,integer_gte,boolean_shove,boolean_and,vector_integer_flush,integer_lt,vector_integer_pushall,exec_do*vector_integer,vector_integer_reverse,vector_integer_concat,vector_integer_occurrencesof,vector_integer_subvec,integer_eq,vector_integer_yankdup,exec_yankdup,vector_integer_yank,vector_integer_swap,vector_integer_shove,exec_when,vector_integer_rest,boolean_or,boolean_empty,vector_integer_emptyvector,exec_do*while,integer_rot,exec_stackdepth,exec_do*range,vector_integer_replacefirst,vector_integer_last,exec_shove,boolean_xor,boolean_yankdup,boolean_frominteger,exec_yank,vector_integer_indexof,vector_integer_length,integer_div,integer_mult,integer_min,integer_flush,integer_yank,vector_integer_set,integer_max,exec_dup,exec_k,exec_noop,exec_s,exec_y,boolean_rot,vector_integer_stackdepth,integer_yankdup,vector_integer_remove,vector_integer_empty,boolean_stackdepth,exec_do*times,integer_shove,vector_integer_nth,boolean_dup,boolean_not,integer_dup,boolean_flush,boolean_pop,exec_swap,boolean_swap,integer_add,exec_flush,integer_mod,integer_inc,boolean_invert_first_then_and,exec_rot,vector_integer_contains,integer_pop,exec_pop,vector_integer_eq,vector_integer_take,boolean_invert_second_then_and,integer_sub,vector_integer_rot,boolean_yank,integer_stackdepth,integer_dec,integer_gt,vector_integer_butlast,in1,vector_integer_pop,integer_lte,vector_integer_first,boolean_eq,exec_if,vector_integer_replace,exec_empty,exec_do*count,vector_integer_conj,exec_while,integer_fromboolean,integer_empty,vector_integer_dup
0.00333555927665,0.00128523058647,0.00018456313905,0.0010805332868,0.00273153445794,0.00201006036892,0.0012516736521,0.00320133153916,9.39594162436e-05,0.000469797081218,0.000657715913705,0.000734896862762,0.00120469394398,0.000600669125271,0.00234227401921,0.00231542847172,0.00245972328952,0.000808722118382,0.00116442562273,0.000416105986222,0.000392616132161,0.000922815695249,0.00158053160895,0.0019899262083,0.00119127117023,0.000714762702139,0.00334227066352,0.00061409189902,0.001872476938,0.00158724299583,0.000355703504351,0.00104697635243,0.0021879121211,0.000557045110587,0.000238254234046,0.00169462518582,0.00331206942259,0.00215435518673,0.00209059701142,0.000781876570884,0.000543622336838,0.00171475934645,0.00145637095178,0.000513421095902,0.00335233774383,0.000144294817803,0.000781876570884,0.000510065402465,0.0003691262781,0.00151006204677,0.000536910949963,0.00272146737763,0.00251677007795,0.00185905416425,0.000248321314358,0.00310737212291,0.00182885292331,0.00103019788524,0.000929527082124,0.00117784839648,0.00321139861947,0.00282213818074,0.000630870366207,0.00087248029369,0.000422817373096,0.00158053160895,0.00327515679478,0.00329864664884,0.00329193526196,0.00188254401831,0.00159059868927,0.00263421934826,0.00219126781454,0.000318790876541,0.000463085694343,0.000429528759971,0.00147314941896,0.00330871372915,0.00172147073332,0.00264428642857,0.00209395270486,0.0010805332868,0.00136576722897,0.00227180445703,0.00333891497008,0.000963084016497,0.00181543014956,0.0010268421918,0.00198321482143,0.000191274525924,0.00211744255892,0.00268455474982,0.000342280730602,0.00325837832759,0.00174496058738,0.00137919000272,0.0017919402955,0.00208388562454
Gen 298
exec_eq,integer_swap,integer_gte,boolean_shove,boolean_and,vector_integer_flush,integer_lt,vector_integer_pushall,exec_do*vector_integer,vector_integer_reverse,vector_integer_concat,vector_integer_occurrencesof,vector_integer_subvec,integer_eq,vector_integer_yankdup,exec_yankdup,vector_integer_yank,vector_integer_swap,vector_integer_shove,exec_when,vector_integer_rest,boolean_or,boolean_empty,vector_integer_emptyvector,exec_do*while,integer_rot,exec_stackdepth,exec_do*range,vector_integer_replacefirst,vector_integer_last,exec_shove,boolean_xor,boolean_yankdup,boolean_frominteger,exec_yank,vector_integer_indexof,vector_integer_length,integer_div,integer_mult,integer_min,integer_flush,integer_yank,vector_integer_set,integer_max,exec_dup,exec_k,exec_noop,exec_s,exec_y,boolean_rot,vector_integer_stackdepth,integer_yankdup,vector_integer_remove,vector_integer_empty,boolean_stackdepth,exec_do*times,integer_shove,vector_integer_nth,boolean_dup,boolean_not,integer_dup,boolean_flush,boolean_pop,exec_swap,boolean_swap,integer_add,exec_flush,integer_mod,integer_inc,boolean_invert_first_then_and,exec_rot,vector_integer_contains,integer_pop,exec_pop,vector_integer_eq,vector_integer_take,boolean_invert_second_then_and,integer_sub,vector_integer_rot,boolean_yank,integer_stackdepth,integer_dec,integer_gt,vector_integer_butlast,in1,vector_integer_pop,integer_lte,vector_integer_first,boolean_eq,exec_if,vector_integer_replace,exec_empty,exec_do*count,vector_integer_conj,exec_while,integer_fromboolean,integer_empty,vector_integer_dup
0.00332440359731,0.00130434346373,0.000187290343511,0.00117056464694,0.00263209822041,0.0020066822519,0.00132106581583,0.00324748077766,8.36117604958e-05,0.000471570329196,0.000635449379768,0.000826084193698,0.00114380888358,0.000515048444654,0.00237122952766,0.00233444035304,0.0024448078769,0.000916384895034,0.0012474874666,0.000474914799616,0.00039130303912,0.00098996324427,0.00155517874522,0.00196989307728,0.00104681924141,0.000658860672707,0.00333778147899,0.00059531573473,0.00184280320133,0.00169564650285,0.000371236216601,0.00117390911736,0.00221738388835,0.000494981622135,0.000254179751907,0.00165551285782,0.00330768124521,0.00199664884064,0.00205016036736,0.000832773134538,0.000578593382631,0.00177591379293,0.00141471098759,0.000468225858776,0.00333443700857,0.000130434346373,0.000692305376905,0.000545148678433,0.00039130303912,0.00150835615934,0.000578593382631,0.00270902104006,0.00254179751907,0.00185618108301,0.00019397928435,0.00307356831583,0.00191638155056,0.00111705312022,0.000939796187973,0.00110367523854,0.00320734713262,0.00280601068224,0.000625415968508,0.000772572666981,0.00039464750954,0.0015518342748,0.00328092548185,0.00331102571563,0.00329764783395,0.00193310390266,0.00151504510018,0.00274246574426,0.00219731706583,0.000277591044846,0.000521737385494,0.000474914799616,0.00148160039599,0.00329764783395,0.00172240226621,0.00265885398377,0.00211704977575,0.0011638757061,0.00124414299618,0.00226420647423,0.00333778147899,0.00102006347805,0.00185618108301,0.00113711994274,0.00199999331106,0.00020066822519,0.00209363848281,0.00269564315838,0.000341135982823,0.00325751418892,0.00175919144083,0.00135116604961,0.00188628131678,0.00215718342079
Gen 299
exec_eq,integer_swap,integer_gte,boolean_shove,boolean_and,vector_integer_flush,integer_lt,vector_integer_pushall,exec_do*vector_integer,vector_integer_reverse,vector_integer_concat,vector_integer_occurrencesof,vector_integer_subvec,integer_eq,vector_integer_yankdup,exec_yankdup,vector_integer_yank,vector_integer_swap,vector_integer_shove,exec_when,vector_integer_rest,boolean_or,boolean_empty,vector_integer_emptyvector,exec_do*while,integer_rot,exec_stackdepth,exec_do*range,vector_integer_replacefirst,vector_integer_last,exec_shove,boolean_xor,boolean_yankdup,boolean_frominteger,exec_yank,vector_integer_indexof,vector_integer_length,integer_div,integer_mult,integer_min,integer_flush,integer_yank,vector_integer_set,integer_max,exec_dup,exec_k,exec_noop,exec_s,exec_y,boolean_rot,vector_integer_stackdepth,integer_yankdup,vector_integer_remove,vector_integer_empty,boolean_stackdepth,exec_do*times,integer_shove,vector_integer_nth,boolean_dup,boolean_not,integer_dup,boolean_flush,boolean_pop,exec_swap,boolean_swap,integer_add,exec_flush,integer_mod,integer_inc,boolean_invert_first_then_and,exec_rot,vector_integer_contains,integer_pop,exec_pop,vector_integer_eq,vector_integer_take,boolean_invert_second_then_and,integer_sub,vector_integer_rot,boolean_yank,integer_stackdepth,integer_dec,integer_gt,vector_integer_butlast,in1,vector_integer_pop,integer_lte,vector_integer_first,boolean_eq,exec_if,vector_integer_replace,exec_empty,exec_do*count,vector_integer_conj,exec_while,integer_fromboolean,integer_empty,vector_integer_dup
0.00331332228893,0.00126999576668,0.000233332555558,0.00110999630001,0.00263665787781,0.0019766600778,0.00125666247779,0.00320332265559,7.99997333342e-05,0.000473331755561,0.000683331055563,0.000726664244453,0.00104332985557,0.000426665244449,0.00236332545558,0.00226999243336,0.00247332508892,0.00079666401112,0.00117666274446,0.00045666514445,0.00033999886667,0.00103666321112,0.00150332832224,0.00187666041113,0.0010633297889,0.000713330955563,0.00331332228893,0.000576664744451,0.00186666044447,0.00159666134446,0.00041333195556,0.00113999620001,0.00224332585558,0.000373332088893,0.000303332322226,0.00162666124446,0.00329665567781,0.00198999336669,0.00217999273336,0.00079666401112,0.00044333185556,0.00165999446669,0.00131999560001,0.000466665111116,0.00331998893337,0.000139999533335,0.00061999793334,0.000519998266672,0.000433331888894,0.00148332838891,0.000643331188896,0.00264665784447,0.00251332495558,0.00188999370002,0.000243332522225,0.00304998983337,0.0019166602778,0.0010033299889,0.000946663511122,0.00110999630001,0.00316665611115,0.00276332412225,0.000606664644451,0.000779997400009,0.000329998900004,0.0014233285889,0.0032799890667,0.00329665567781,0.0032799890667,0.00188332705558,0.00159332802224,0.00269332435559,0.00213665954447,0.000266665777781,0.000676664411119,0.000549998166673,0.00146999510002,0.00332332225559,0.00169332768891,0.00266999110003,0.00207665974447,0.00111666294446,0.00114332952223,0.00224332585558,0.00332665557781,0.00115999613335,0.00184999383335,0.00121666261112,0.00185332715558,0.000183332722224,0.00205665981113,0.00274332418892,0.000316665611115,0.00321665594448,0.00175999413335,0.00133666221113,0.00175999413335,0.00214665951113
Gen 300
exec_eq,integer_swap,integer_gte,boolean_shove,boolean_and,vector_integer_flush,integer_lt,vector_integer_pushall,exec_do*vector_integer,vector_integer_reverse,vector_integer_concat,vector_integer_occurrencesof,vector_integer_subvec,integer_eq,vector_integer_yankdup,exec_yankdup,vector_integer_yank,vector_integer_swap,vector_integer_shove,exec_when,vector_integer_rest,boolean_or,boolean_empty,vector_integer_emptyvector,exec_do*while,integer_rot,exec_stackdepth,exec_do*range,vector_integer_replacefirst,vector_integer_last,exec_shove,boolean_xor,boolean_yankdup,boolean_frominteger,exec_yank,vector_integer_indexof,vector_integer_length,integer_div,integer_mult,integer_min,integer_flush,integer_yank,vector_integer_set,integer_max,exec_dup,exec_k,exec_noop,exec_s,exec_y,boolean_rot,vector_integer_stackdepth,integer_yankdup,vector_integer_remove,vector_integer_empty,boolean_stackdepth,exec_do*times,integer_shove,vector_integer_nth,boolean_dup,boolean_not,integer_dup,boolean_flush,boolean_pop,exec_swap,boolean_swap,integer_add,exec_flush,integer_mod,integer_inc,boolean_invert_first_then_and,exec_rot,vector_integer_contains,integer_pop,exec_pop,vector_integer_eq,vector_integer_take,boolean_invert_second_then_and,integer_sub,vector_integer_rot,boolean_yank,integer_stackdepth,integer_dec,integer_gt,vector_integer_butlast,in1,vector_integer_pop,integer_lte,vector_integer_first,boolean_eq,exec_if,vector_integer_replace,exec_empty,exec_do*count,vector_integer_conj,exec_while,integer_fromboolean,integer_empty,vector_integer_dup
997,379,80,345,799,579,380,953,42,129,214,235,320,137,723,666,764,247,394,133,84,325,445,564,340,198,995,177,538,482,118,335,683,119,80,460,987,600,663,258,131,483,432,144,992,49,203,168,152,451,195,768,746,569,66,933,598,261,285,345,946,847,202,203,100,455,971,980,991,559,485,828,646,81,210,177,419,995,543,773,637,317,337,692,997,363,585,332,552,61,616,805,112,968,511,369,556,648
