Gen 0
string_,string_rot,integer_swap,exec_sho,integer_gte,boolean_shove,boolean_and,string_pop,exec_eq,string_yankd,string_parse_to_chars,integer_lt,string_stackdepth,exec_do*whi,char_r,char_p,boolean_sw,integer_sho,boolean_invert_second_then_a,print_integ,char_iswhitespace,string_removechar,exec_emp,string_first,string_conc,string_yank,string_concat,string_setchar,exec_yankd,string_length,string_replacefirstch,char_d,integer_eq,exec_do*tim,string_emptystri,string_reverse,exec_yankdup,string_repla,exec_,char_ya,integer_mu,string_replacech,boolean_yankd,char_isletter,integer_add,string_empty,char_isdigit,print_integer,exec_shove,integer_fromstri,string_conjchar,boolean_or,boolean_empty,exec_wh,string_fromchar,integer_yankd,exec_do*while,integer_rot,string_rest,boolean_flu,integer_stackdep,char_iswhitespa,char_allfromstring,boolean_,char_allfromstri,exec_stackdepth,exec_do*range,char_shove,char_stackdep,string_removech,exec_stackdep,boolean_sho,string_indexofch,string_stackdep,string_leng,print_ch,integer_mult,boolean_xor,boolean_yankdup,integer_min,string_emp,integer_fromch,exec_yank,char_stackdepth,char_sw,integer_fromboole,string_replace,integer_div,string_replacefirst,boolean_frominteger,string_butla,char_isdig,integer_flush,integer_,string_yankdup,char_flu,print_exec,integer_yank,boolean_frominteg,string_emptystring,char_yankd,boolean_ya,string_swap,print_ex,exec_d,integer_max,char_swap,string_contains,char_empty,exec_dup,exec_k,string_frominteg,exec_noop,exec_p,exec_r,exec_s,string_sho,integer_flu,exec_y,boolean_rot,boolean_a,integer_ya,exec_ya,boolean_invert_first_then_a,string_spl,string_occurrencesofch,integer_yankdup,string_replacechar,char_sho,string_fromboolean,print_stri,exec_string_itera,print_newli,string_ta,string_replacefirstchar,string_substring,boolean_stackdepth,string_shove,string_containschar,exec_do*ran,char_yankdup,char_yank,integer_sw,exec_do*times,string_fromch,integer_shove,exec_if,exec_whi,integer_g,char_frominteger,char_frominteg,boolean_dup,string_eq,boolean_not,char_eq,boolean_flush,boolean_pop,string_butlast,exec_swap,string_replacefir,boolean_swap,exec_sw,string_n,print_string,exec_flush,print_newline,integer_a,string_d,string_dup,string_frominteger,string_contai,integer_mod,exec_do*count,string_fir,string_r,integer_fromchar,string_p,integer_inc,boolean_invert_first_then_and,integer_fromstring,exec_rot,integer_m,boolean_d,char_rot,exec_do*cou,string_take,exec_string_iterate,string_split,integer_pop,boolean_n,string_re,boolean_p,boolean_r,exec_pop,string_sw,boolean_x,boolean_emp,string_la,char_emp,boolean_stackdep,string_parse_to_cha,print_char,integer_dup,boolean_invert_second_then_and,integer_sub,string_setch,exec_no,boolean_yank,char_islett,string_ya,string_flu,integer_stackdepth,integer_emp,integer_dec,print_boole,integer_gt,exec,string_indexofchar,in1,char_dup,char_flush,char_pop,integer_lte,string_conjch,exec_flu,string_containsch,boolean_eq,string_flush,print_boolean,integer_d,string_rever,char_,exec_empty,string_last,integer_l,exec_when,integer_i,string_substri,string_nth,string_occurrencesofchar,integer_r,integer_s,integer_p,exec_while,integer_fromboolean,integer_empty,string_fromboole
0.00599400599401,0.466533466533,0.475524475524,0.003996003996,0.46953046953,0.452547452547,0.464535464535,0.454545454545,0.475524475524,0.012987012987,0.45954045954,0.458541458541,0.475524475524,0.00599400599401,0.00799200799201,0.00699300699301,0.003996003996,0.004995004995,0.003996003996,0.004995004995,0.455544455544,0.473526473526,0.001998001998,0.488511488511,0.003996003996,0.460539460539,0.475524475524,0.446553446553,0.011988011988,0.453546453546,0.00599400599401,0.00799200799201,0.474525474525,0.00899100899101,0.00599400599401,0.456543456543,0.47952047952,0.00999000999001,0.014985014985,0.00599400599401,0.004995004995,0.000999000999001,0.00599400599401,0.473526473526,0.44955044955,0.434565434565,0.462537462537,0.45954045954,0.446553446553,0.00699300699301,0.445554445554,0.463536463536,0.445554445554,0.00899100899101,0.468531468531,0.00999000999001,0.452547452547,0.448551448551,0.453546453546,0.001998001998,0.004995004995,0.010989010989,0.453546453546,0.00799200799201,0.00599400599401,0.476523476523,0.456543456543,0.461538461538,0.003996003996,0.00699300699301,0.00699300699301,0.004995004995,0.004995004995,0.000999000999001,0.004995004995,0.00599400599401,0.478521478521,0.486513486513,0.466533466533,0.450549450549,0.002997002997,0.000999000999001,0.476523476523,0.482517482517,0.00899100899101,0.00899100899101,0.444555444555,0.453546453546,0.467532467532,0.450549450549,0.00599400599401,0.004995004995,0.472527472527,0.015984015984,0.457542457542,0.00899100899101,0.454545454545,0.487512487512,0.00899100899101,0.452547452547,0.004995004995,0.002997002997,0.466533466533,0.004995004995,0.004995004995,0.473526473526,0.447552447552,0.466533466533,0.452547452547,0.454545454545,0.476523476523,0.00799200799201,0.465534465534,0.004995004995,0.003996003996,0.426573426573,0.004995004995,0.00999000999001,0.467532467532,0.471528471528,0.002997002997,0.004995004995,0.016983016983,0.004995004995,0.00699300699301,0.004995004995,0.47952047952,0.475524475524,0.003996003996,0.461538461538,0.002997002997,0.003996003996,0.00599400599401,0.003996003996,0.450549450549,0.468531468531,0.474525474525,0.451548451548,0.464535464535,0.002997002997,0.472527472527,0.475524475524,0.004995004995,0.445554445554,0.00599400599401,0.450549450549,0.448551448551,0.00699300699301,0.00599400599401,0.460539460539,0.00699300699301,0.458541458541,0.462537462537,0.447552447552,0.463536463536,0.471528471528,0.453546453546,0.470529470529,0.450549450549,0.00599400599401,0.44955044955,0.00699300699301,0.003996003996,0.46953046953,0.445554445554,0.471528471528,0.002997002997,0.004995004995,0.45954045954,0.462537462537,0.00799200799201,0.468531468531,0.453546453546,0.001998001998,0.001998001998,0.46953046953,0.003996003996,0.462537462537,0.46953046953,0.467532467532,0.46953046953,0.021978021978,0.00599400599401,0.474525474525,0.001998001998,0.458541458541,0.478521478521,0.45954045954,0.461538461538,0.00699300699301,0.00599400599401,0.003996003996,0.000999000999001,0.442557442557,0.003996003996,0.00599400599401,0.001998001998,0.00799200799201,0.004995004995,0.001998001998,0.00699300699301,0.454545454545,0.466533466533,0.440559440559,0.458541458541,0.00699300699301,0.004995004995,0.454545454545,0.010989010989,0.002997002997,0.00799200799201,0.464535464535,0.002997002997,0.445554445554,0.00599400599401,0.463536463536,0.014985014985,0.455544455544,0.478521478521,0.466533466533,0.463536463536,0.482517482517,0.465534465534,0.00699300699301,0.00599400599401,0.00799200799201,0.470529470529,0.468531468531,0.472527472527,0.023976023976,0.00599400599401,0.00599400599401,0.484515484515,0.468531468531,0.00699300699301,0.448551448551,0.004995004995,0.004995004995,0.477522477522,0.471528471528,0.00599400599401,0.004995004995,0.00699300699301,0.446553446553,0.446553446553,0.440559440559,0.00699300699301
Gen 1
string_,string_rot,integer_swap,exec_sho,integer_gte,boolean_shove,boolean_and,string_pop,exec_eq,string_yankd,string_parse_to_chars,integer_lt,string_stackdepth,exec_do*whi,char_r,char_p,boolean_sw,integer_sho,boolean_invert_second_then_a,print_integ,char_iswhitespace,string_removechar,exec_emp,string_first,string_conc,string_yank,string_concat,string_setchar,exec_yankd,string_length,string_replacefirstch,char_d,integer_eq,exec_do*tim,string_emptystri,string_reverse,exec_yankdup,string_repla,exec_,char_ya,integer_mu,string_replacech,boolean_yankd,char_isletter,integer_add,string_empty,char_isdigit,print_integer,exec_shove,integer_fromstri,string_conjchar,boolean_or,boolean_empty,exec_wh,string_fromchar,integer_yankd,exec_do*while,integer_rot,string_rest,boolean_flu,integer_stackdep,char_iswhitespa,char_allfromstring,boolean_,char_allfromstri,exec_stackdepth,exec_do*range,char_shove,char_stackdep,string_removech,exec_stackdep,boolean_sho,string_indexofch,string_stackdep,string_leng,print_ch,integer_mult,boolean_xor,boolean_yankdup,integer_min,string_emp,integer_fromch,exec_yank,char_stackdepth,char_sw,integer_fromboole,string_replace,integer_div,string_replacefirst,boolean_frominteger,string_butla,char_isdig,integer_flush,integer_,string_yankdup,char_flu,print_exec,integer_yank,boolean_frominteg,string_emptystring,char_yankd,boolean_ya,string_swap,print_ex,exec_d,integer_max,char_swap,string_contains,char_empty,exec_dup,exec_k,string_frominteg,exec_noop,exec_p,exec_r,exec_s,string_sho,integer_flu,exec_y,boolean_rot,boolean_a,integer_ya,exec_ya,boolean_invert_first_then_a,string_spl,string_occurrencesofch,integer_yankdup,string_replacechar,char_sho,string_fromboolean,print_stri,exec_string_itera,print_newli,string_ta,string_replacefirstchar,string_substring,boolean_stackdepth,string_shove,string_containschar,exec_do*ran,char_yankdup,char_yank,integer_sw,exec_do*times,string_fromch,integer_shove,exec_if,exec_whi,integer_g,char_frominteger,char_frominteg,boolean_dup,string_eq,boolean_not,char_eq,boolean_flush,boolean_pop,string_butlast,exec_swap,string_replacefir,boolean_swap,exec_sw,string_n,print_string,exec_flush,print_newline,integer_a,string_d,string_dup,string_frominteger,string_contai,integer_mod,exec_do*count,string_fir,string_r,integer_fromchar,string_p,integer_inc,boolean_invert_first_then_and,integer_fromstring,exec_rot,integer_m,boolean_d,char_rot,exec_do*cou,string_take,exec_string_iterate,string_split,integer_pop,boolean_n,string_re,boolean_p,boolean_r,exec_pop,string_sw,boolean_x,boolean_emp,string_la,char_emp,boolean_stackdep,string_parse_to_cha,print_char,integer_dup,boolean_invert_second_then_and,integer_sub,string_setch,exec_no,boolean_yank,char_islett,string_ya,string_flu,integer_stackdepth,integer_emp,integer_dec,print_boole,integer_gt,exec,string_indexofchar,in1,char_dup,char_flush,char_pop,integer_lte,string_conjch,exec_flu,string_containsch,boolean_eq,string_flush,print_boolean,integer_d,string_rever,char_,exec_empty,string_last,integer_l,exec_when,integer_i,string_substri,string_nth,string_occurrencesofchar,integer_r,integer_s,integer_p,exec_while,integer_fromboolean,integer_empty,string_fromboole
0.000499750124938,0.297851074463,0.143928035982,0.000499750124938,0.267866066967,0.179410294853,0.260869565217,0.273363318341,0.15792103948,0.000499750124938,0.131934032984,0.268365817091,0.12243878061,0.000999500249875,0.0,0.00699650174913,0.000499750124938,0.00449775112444,0.00149925037481,0.00149925037481,0.274862568716,0.237381309345,0.000499750124938,0.263368315842,0.00149925037481,0.260369815092,0.27636181909,0.250374812594,0.000499750124938,0.167416291854,0.000999500249875,0.00249875062469,0.176911544228,0.000999500249875,0.000499750124938,0.282858570715,0.142428785607,0.0,0.00299850074963,0.00349825087456,0.000999500249875,0.000499750124938,0.0,0.156421789105,0.0114942528736,0.290854572714,0.284357821089,0.141429285357,0.290854572714,0.000499750124938,0.251874062969,0.262868565717,0.245377311344,0.0,0.137431284358,0.0804597701149,0.289355322339,0.183408295852,0.283858070965,0.00149925037481,0.00149925037481,0.00149925037481,0.133433283358,0.0039980009995,0.000499750124938,0.0429785107446,0.11944027986,0.133933033483,0.00199900049975,0.000499750124938,0.000499750124938,0.00199900049975,0.0,0.00199900049975,0.00249875062469,0.00199900049975,0.256371814093,0.285857071464,0.16291854073,0.143928035982,0.00249875062469,0.0,0.285857071464,0.265367316342,0.00199900049975,0.000999500249875,0.170414792604,0.23788105947,0.279860069965,0.241379310345,0.000499750124938,0.000499750124938,0.181909045477,0.00299850074963,0.188905547226,0.000999500249875,0.131434282859,0.289855072464,0.000999500249875,0.277861069465,0.000499750124938,0.0,0.239380309845,0.0,0.00449775112444,0.15792103948,0.234882558721,0.137931034483,0.239380309845,0.293353323338,0.151424287856,0.000499750124938,0.260869565217,0.00199900049975,0.000999500249875,0.140929535232,0.000499750124938,0.00349825087456,0.166916541729,0.24387806097,0.000499750124938,0.00149925037481,0.000999500249875,0.000999500249875,0.000499750124938,0.0,0.274362818591,0.269865067466,0.000999500249875,0.186906546727,0.000999500249875,0.000499750124938,0.000999500249875,0.000499750124938,0.269865067466,0.145927036482,0.15892053973,0.23988005997,0.259870064968,0.000999500249875,0.272363818091,0.282858570715,0.00299850074963,0.264367816092,0.000499750124938,0.257371314343,0.261869065467,0.00249875062469,0.000999500249875,0.015992003998,0.0,0.150924537731,0.271864067966,0.291854072964,0.151924037981,0.153923038481,0.248875562219,0.164417791104,0.174412793603,0.000499750124938,0.144927536232,0.000499750124938,0.0189905047476,0.300849575212,0.265367316342,0.125937031484,0.0,0.00299850074963,0.150924537731,0.140929535232,0.00149925037481,0.273363318341,0.159420289855,0.000499750124938,0.000499750124938,0.169915042479,0.00149925037481,0.185407296352,0.154922538731,0.176411794103,0.165917041479,0.00299850074963,0.000499750124938,0.250874562719,0.000499750124938,0.24187906047,0.244877561219,0.141429285357,0.151424287856,0.00199900049975,0.00149925037481,0.0,0.00449775112444,0.27836081959,0.00149925037481,0.0,0.000499750124938,0.0,0.000499750124938,0.0039980009995,0.000499750124938,0.284357821089,0.176411794103,0.274362818591,0.297351324338,0.000499750124938,0.00149925037481,0.170414792604,0.0684657671164,0.000999500249875,0.000999500249875,0.282858570715,0.0,0.244877561219,0.0,0.262368815592,0.00199900049975,0.0309845077461,0.291354322839,0.268865567216,0.174912543728,0.150924537731,0.277861069465,0.00349825087456,0.000499750124938,0.000999500249875,0.292853573213,0.0489755122439,0.171914042979,0.0039980009995,0.00249875062469,0.000499750124938,0.168415792104,0.261369315342,0.000499750124938,0.144927536232,0.00149925037481,0.0,0.271864067966,0.269365317341,0.00149925037481,0.000999500249875,0.000999500249875,0.295352323838,0.273863068466,0.286856571714,0.00149925037481
Gen 2
string_,string_rot,integer_swap,exec_sho,integer_gte,boolean_shove,boolean_and,string_pop,exec_eq,string_yankd,string_parse_to_chars,integer_lt,string_stackdepth,exec_do*whi,char_r,char_p,boolean_sw,integer_sho,boolean_invert_second_then_a,print_integ,char_iswhitespace,string_removechar,exec_emp,string_first,string_conc,string_yank,string_concat,string_setchar,exec_yankd,string_length,string_replacefirstch,char_d,integer_eq,exec_do*tim,string_emptystri,string_reverse,exec_yankdup,string_repla,exec_,char_ya,integer_mu,string_replacech,boolean_yankd,char_isletter,integer_add,string_empty,char_isdigit,print_integer,exec_shove,integer_fromstri,string_conjchar,boolean_or,boolean_empty,exec_wh,string_fromchar,integer_yankd,exec_do*while,integer_rot,string_rest,boolean_flu,integer_stackdep,char_iswhitespa,char_allfromstring,boolean_,char_allfromstri,exec_stackdepth,exec_do*range,char_shove,char_stackdep,string_removech,exec_stackdep,boolean_sho,string_indexofch,string_stackdep,string_leng,print_ch,integer_mult,boolean_xor,boolean_yankdup,integer_min,string_emp,integer_fromch,exec_yank,char_stackdepth,char_sw,integer_fromboole,string_replace,integer_div,string_replacefirst,boolean_frominteger,string_butla,char_isdig,integer_flush,integer_,string_yankdup,char_flu,print_exec,integer_yank,boolean_frominteg,string_emptystring,char_yankd,boolean_ya,string_swap,print_ex,exec_d,integer_max,char_swap,string_contains,char_empty,exec_dup,exec_k,string_frominteg,exec_noop,exec_p,exec_r,exec_s,string_sho,integer_flu,exec_y,boolean_rot,boolean_a,integer_ya,exec_ya,boolean_invert_first_then_a,string_spl,string_occurrencesofch,integer_yankdup,string_replacechar,char_sho,string_fromboolean,print_stri,exec_string_itera,print_newli,string_ta,string_replacefirstchar,string_substring,boolean_stackdepth,string_shove,string_containschar,exec_do*ran,char_yankdup,char_yank,integer_sw,exec_do*times,string_fromch,integer_shove,exec_if,exec_whi,integer_g,char_frominteger,char_frominteg,boolean_dup,string_eq,boolean_not,char_eq,boolean_flush,boolean_pop,string_butlast,exec_swap,string_replacefir,boolean_swap,exec_sw,string_n,print_string,exec_flush,print_newline,integer_a,string_d,string_dup,string_frominteger,string_contai,integer_mod,exec_do*count,string_fir,string_r,integer_fromchar,string_p,integer_inc,boolean_invert_first_then_and,integer_fromstring,exec_rot,integer_m,boolean_d,char_rot,exec_do*cou,string_take,exec_string_iterate,string_split,integer_pop,boolean_n,string_re,boolean_p,boolean_r,exec_pop,string_sw,boolean_x,boolean_emp,string_la,char_emp,boolean_stackdep,string_parse_to_cha,print_char,integer_dup,boolean_invert_second_then_and,integer_sub,string_setch,exec_no,boolean_yank,char_islett,string_ya,string_flu,integer_stackdepth,integer_emp,integer_dec,print_boole,integer_gt,exec,string_indexofchar,in1,char_dup,char_flush,char_pop,integer_lte,string_conjch,exec_flu,string_containsch,boolean_eq,string_flush,print_boolean,integer_d,string_rever,char_,exec_empty,string_last,integer_l,exec_when,integer_i,string_substri,string_nth,string_occurrencesofchar,integer_r,integer_s,integer_p,exec_while,integer_fromboolean,integer_empty,string_fromboole
0.000999666777741,0.2035988004,0.0619793402199,0.000666444518494,0.183605464845,0.109963345551,0.174608463845,0.152615794735,0.0989670109963,0.000999666777741,0.0709763412196,0.189270243252,0.0549816727757,0.00166611129623,0.000666444518494,0.00166611129623,0.0,0.00299900033322,0.00133288903699,0.000999666777741,0.183272242586,0.147617460846,0.00233255581473,0.182272575808,0.000666444518494,0.174275241586,0.182605798067,0.154281906031,0.000333222259247,0.0913028990337,0.000333222259247,0.00166611129623,0.148617127624,0.00133288903699,0.00133288903699,0.162612462512,0.100633122293,0.000333222259247,0.00633122292569,0.00333222259247,0.00299900033322,0.000666444518494,0.000666444518494,0.117960679773,0.00166611129623,0.202265911363,0.182605798067,0.0806397867378,0.202599133622,0.000999666777741,0.138287237587,0.138287237587,0.139286904365,0.0,0.10196601133,0.0293235588137,0.201599466844,0.144951682772,0.162945684772,0.000333222259247,0.000333222259247,0.000666444518494,0.0679773408864,0.00433188937021,0.000666444518494,0.0573142285905,0.0476507830723,0.0909696767744,0.024325224925,0.0,0.0,0.00199933355548,0.0,0.00133288903699,0.00266577807398,0.00233255581473,0.180606464512,0.19926691103,0.101299566811,0.108297234255,0.00399866711096,0.000666444518494,0.192269243585,0.180939686771,0.000333222259247,0.00233255581473,0.138287237587,0.127290903032,0.157947350883,0.116627790736,0.000333222259247,0.000666444518494,0.104298567144,0.00433188937021,0.15028323892,0.00199933355548,0.0586471176275,0.218260579807,0.000999666777741,0.181939353549,0.0,0.000666444518494,0.113295568144,0.0,0.00299900033322,0.116294568477,0.152949016994,0.107297567478,0.154615128291,0.207264245252,0.0826391202932,0.000666444518494,0.188603798734,0.00199933355548,0.000333222259247,0.0603132289237,0.000333222259247,0.00233255581473,0.103965344885,0.146951016328,0.000666444518494,0.000999666777741,0.00166611129623,0.000333222259247,0.000333222259247,0.00133288903699,0.175608130623,0.17260913029,0.000666444518494,0.131289570143,0.00199933355548,0.000666444518494,0.00133288903699,0.000666444518494,0.184938353882,0.0706431189603,0.0893035654782,0.15494835055,0.169943352216,0.0,0.187604131956,0.182272575808,0.00199933355548,0.16827724092,0.0,0.131956014662,0.191269576808,0.00133288903699,0.000999666777741,0.00433188937021,0.0,0.0913028990337,0.174275241586,0.192269243585,0.0963012329224,0.117960679773,0.151282905698,0.112962345885,0.0949683438854,0.000666444518494,0.115294901699,0.00133288903699,0.0143285571476,0.219260246584,0.145284905032,0.0529823392203,0.0,0.000999666777741,0.0936354548484,0.107297567478,0.000999666777741,0.186604465178,0.080973008997,0.000999666777741,0.00166611129623,0.111296234588,0.00133288903699,0.108297234255,0.0806397867378,0.139620126624,0.127957347551,0.00299900033322,0.0,0.162945684772,0.000333222259247,0.147617460846,0.158613795402,0.0643118960347,0.131289570143,0.00399866711096,0.000999666777741,0.000999666777741,0.0109963345551,0.198267244252,0.000666444518494,0.000666444518494,0.000333222259247,0.000999666777741,0.000333222259247,0.00199933355548,0.000333222259247,0.197267577474,0.127624125292,0.151949350217,0.208930356548,0.00199933355548,0.000999666777741,0.0946351216261,0.0183272242586,0.000333222259247,0.000999666777741,0.197934021993,0.000666444518494,0.149950016661,0.00133288903699,0.18127290903,0.000333222259247,0.0573142285905,0.211929356881,0.191269576808,0.112295901366,0.113962012662,0.18160613129,0.00166611129623,0.000333222259247,0.00266577807398,0.204598467178,0.0453182272576,0.0946351216261,0.0049983338887,0.00166611129623,0.0,0.106964345218,0.139286904365,0.00133288903699,0.0709763412196,0.000666444518494,0.000333222259247,0.162945684772,0.18160613129,0.00299900033322,0.00133288903699,0.000999666777741,0.209596801066,0.197600799733,0.190936354548,0.00166611129623
Gen 3
string_,string_rot,integer_swap,exec_sho,integer_gte,boolean_shove,boolean_and,string_pop,exec_eq,string_yankd,string_parse_to_chars,integer_lt,string_stackdepth,exec_do*whi,char_r,char_p,boolean_sw,integer_sho,boolean_invert_second_then_a,print_integ,char_iswhitespace,string_removechar,exec_emp,string_first,string_conc,string_yank,string_concat,string_setchar,exec_yankd,string_length,string_replacefirstch,char_d,integer_eq,exec_do*tim,string_emptystri,string_reverse,exec_yankdup,string_repla,exec_,char_ya,integer_mu,string_replacech,boolean_yankd,char_isletter,integer_add,string_empty,char_isdigit,print_integer,exec_shove,integer_fromstri,string_conjchar,boolean_or,boolean_empty,exec_wh,string_fromchar,integer_yankd,exec_do*while,integer_rot,string_rest,boolean_flu,integer_stackdep,char_iswhitespa,char_allfromstring,boolean_,char_allfromstri,exec_stackdepth,exec_do*range,char_shove,char_stackdep,string_removech,exec_stackdep,boolean_sho,string_indexofch,string_stackdep,string_leng,print_ch,integer_mult,boolean_xor,boolean_yankdup,integer_min,string_emp,integer_fromch,exec_yank,char_stackdepth,char_sw,integer_fromboole,string_replace,integer_div,string_replacefirst,boolean_frominteger,string_butla,char_isdig,integer_flush,integer_,string_yankdup,char_flu,print_exec,integer_yank,boolean_frominteg,string_emptystring,char_yankd,boolean_ya,string_swap,print_ex,exec_d,integer_max,char_swap,string_contains,char_empty,exec_dup,exec_k,string_frominteg,exec_noop,exec_p,exec_r,exec_s,string_sho,integer_flu,exec_y,boolean_rot,boolean_a,integer_ya,exec_ya,boolean_invert_first_then_a,string_spl,string_occurrencesofch,integer_yankdup,string_replacechar,char_sho,string_fromboolean,print_stri,exec_string_itera,print_newli,string_ta,string_replacefirstchar,string_substring,boolean_stackdepth,string_shove,string_containschar,exec_do*ran,char_yankdup,char_yank,integer_sw,exec_do*times,string_fromch,integer_shove,exec_if,exec_whi,integer_g,char_frominteger,char_frominteg,boolean_dup,string_eq,boolean_not,char_eq,boolean_flush,boolean_pop,string_butlast,exec_swap,string_replacefir,boolean_swap,exec_sw,string_n,print_string,exec_flush,print_newline,integer_a,string_d,string_dup,string_frominteger,string_contai,integer_mod,exec_do*count,string_fir,string_r,integer_fromchar,string_p,integer_inc,boolean_invert_first_then_and,integer_fromstring,exec_rot,integer_m,boolean_d,char_rot,exec_do*cou,string_take,exec_string_iterate,string_split,integer_pop,boolean_n,string_re,boolean_p,boolean_r,exec_pop,string_sw,boolean_x,boolean_emp,string_la,char_emp,boolean_stackdep,string_parse_to_cha,print_char,integer_dup,boolean_invert_second_then_and,integer_sub,string_setch,exec_no,boolean_yank,char_islett,string_ya,string_flu,integer_stackdepth,integer_emp,integer_dec,print_boole,integer_gt,exec,string_indexofchar,in1,char_dup,char_flush,char_pop,integer_lte,string_conjch,exec_flu,string_containsch,boolean_eq,string_flush,print_boolean,integer_d,string_rever,char_,exec_empty,string_last,integer_l,exec_when,integer_i,string_substri,string_nth,string_occurrencesofchar,integer_r,integer_s,integer_p,exec_while,integer_fromboolean,integer_empty,string_fromboole
0.000749812546863,0.136215946013,0.0292426893277,0.00199950012497,0.109972506873,0.0574856285929,0.0942264433892,0.0947263184204,0.0617345663584,0.00124968757811,0.0724818795301,0.103474131467,0.0244938765309,0.00149962509373,0.00149962509373,0.00124968757811,0.0,0.00274931267183,0.000749812546863,0.000249937515621,0.0952261934516,0.0789802549363,0.00149962509373,0.0994751312172,0.000999750062484,0.101224693827,0.109472631842,0.0699825043739,0.000999750062484,0.0569857535616,0.000249937515621,0.00149962509373,0.0904773806548,0.000499875031242,0.00274931267183,0.0947263184204,0.0579855036241,0.000249937515621,0.00424893776556,0.00124968757811,0.00199950012497,0.000749812546863,0.000499875031242,0.0772306923269,0.00124968757811,0.119470132467,0.0889777555611,0.0544863784054,0.11472131967,0.00174956260935,0.0752311922019,0.0834791302174,0.0554861284679,0.000499875031242,0.0679830042489,0.00999750062484,0.119470132467,0.0839790052487,0.0829792551862,0.0,0.000249937515621,0.000249937515621,0.0369907523119,0.0034991252187,0.0,0.0394901274681,0.016495876031,0.0514871282179,0.00674831292177,0.000249937515621,0.000749812546863,0.000749812546863,0.0,0.000999750062484,0.00199950012497,0.00224943764059,0.103974006498,0.121219695076,0.065983504124,0.0574856285929,0.00124968757811,0.000249937515621,0.106223444139,0.102474381405,0.000249937515621,0.00224943764059,0.0787303174206,0.0607348162959,0.089727568108,0.0589852536866,0.000499875031242,0.00174956260935,0.0657335666083,0.00224943764059,0.126968257936,0.000249937515621,0.021744563859,0.133716570857,0.000499875031242,0.0907273181705,0.000249937515621,0.000249937515621,0.0487378155461,0.000249937515621,0.00149962509373,0.0679830042489,0.0724818795301,0.0662334416396,0.0764808797801,0.127218195451,0.0379905023744,0.0,0.107723069233,0.00124968757811,0.000999750062484,0.0259935016246,0.000499875031242,0.00174956260935,0.0707323169208,0.0812296925769,0.000249937515621,0.00124968757811,0.00149962509373,0.0,0.0,0.000749812546863,0.0914771307173,0.089727568108,0.00124968757811,0.0814796300925,0.00224943764059,0.000999750062484,0.000499875031242,0.000249937515621,0.0937265683579,0.0369907523119,0.0514871282179,0.0747313171707,0.0934766308423,0.000499875031242,0.100974756311,0.0957260684829,0.000499875031242,0.0987253186703,0.000499875031242,0.0634841289678,0.107973006748,0.00324918770307,0.000749812546863,0.0047488127968,0.0,0.0592351912022,0.0832291927018,0.104723819045,0.0557360659835,0.0697325668583,0.0702324418895,0.0747313171707,0.0549862534366,0.00174956260935,0.0637340664834,0.00174956260935,0.00699825043739,0.136715821045,0.0724818795301,0.021744563859,0.0,0.000249937515621,0.0627343164209,0.0584853786553,0.000249937515621,0.108222944264,0.0482379405149,0.000999750062484,0.00199950012497,0.0629842539365,0.000999750062484,0.082479380155,0.0509872531867,0.0934766308423,0.0577355661085,0.00174956260935,0.000249937515621,0.0869782554361,0.000499875031242,0.0689827543114,0.0904773806548,0.0399900024994,0.0837290677331,0.000249937515621,0.000999750062484,0.000249937515621,0.00274931267183,0.111472131967,0.000749812546863,0.000749812546863,0.0,0.000999750062484,0.000499875031242,0.00124968757811,0.000499875031242,0.11072231942,0.0867283179205,0.0812296925769,0.131717070732,0.000749812546863,0.000999750062484,0.056735816046,0.00549862534366,0.000499875031242,0.000749812546863,0.112721819545,0.0,0.0812296925769,0.00174956260935,0.10672331917,0.000499875031242,0.045488627843,0.137215696076,0.115971007248,0.0747313171707,0.0647338165459,0.0892276930767,0.00124968757811,0.000749812546863,0.00199950012497,0.12671832042,0.040239940015,0.058735316171,0.00449887528118,0.0169957510622,0.000499875031242,0.0924768807798,0.063984003999,0.000749812546863,0.0327418145464,0.00174956260935,0.000499875031242,0.0744813796551,0.0984753811547,0.000999750062484,0.00174956260935,0.00999750062484,0.116720819795,0.111722069483,0.108722819295,0.00174956260935
Gen 4
string_,string_rot,integer_swap,exec_sho,integer_gte,boolean_shove,boolean_and,string_pop,exec_eq,string_yankd,string_parse_to_chars,integer_lt,string_stackdepth,exec_do*whi,char_r,char_p,boolean_sw,integer_sho,boolean_invert_second_then_a,print_integ,char_iswhitespace,string_removechar,exec_emp,string_first,string_conc,string_yank,string_concat,string_setchar,exec_yankd,string_length,string_replacefirstch,char_d,integer_eq,exec_do*tim,string_emptystri,string_reverse,exec_yankdup,string_repla,exec_,char_ya,integer_mu,string_replacech,boolean_yankd,char_isletter,integer_add,string_empty,char_isdigit,print_integer,exec_shove,integer_fromstri,string_conjchar,boolean_or,boolean_empty,exec_wh,string_fromchar,integer_yankd,exec_do*while,integer_rot,string_rest,boolean_flu,integer_stackdep,char_iswhitespa,char_allfromstring,boolean_,char_allfromstri,exec_stackdepth,exec_do*range,char_shove,char_stackdep,string_removech,exec_stackdep,boolean_sho,string_indexofch,string_stackdep,string_leng,print_ch,integer_mult,boolean_xor,boolean_yankdup,integer_min,string_emp,integer_fromch,exec_yank,char_stackdepth,char_sw,integer_fromboole,string_replace,integer_div,string_replacefirst,boolean_frominteger,string_butla,char_isdig,integer_flush,integer_,string_yankdup,char_flu,print_exec,integer_yank,boolean_frominteg,string_emptystring,char_yankd,boolean_ya,string_swap,print_ex,exec_d,integer_max,char_swap,string_contains,char_empty,exec_dup,exec_k,string_frominteg,exec_noop,exec_p,exec_r,exec_s,string_sho,integer_flu,exec_y,boolean_rot,boolean_a,integer_ya,exec_ya,boolean_invert_first_then_a,string_spl,string_occurrencesofch,integer_yankdup,string_replacechar,char_sho,string_fromboolean,print_stri,exec_string_itera,print_newli,string_ta,string_replacefirstchar,string_substring,boolean_stackdepth,string_shove,string_containschar,exec_do*ran,char_yankdup,char_yank,integer_sw,exec_do*times,string_fromch,integer_shove,exec_if,exec_whi,integer_g,char_frominteger,char_frominteg,boolean_dup,string_eq,boolean_not,char_eq,boolean_flush,boolean_pop,string_butlast,exec_swap,string_replacefir,boolean_swap,exec_sw,string_n,print_string,exec_flush,print_newline,integer_a,string_d,string_dup,string_frominteger,string_contai,integer_mod,exec_do*count,string_fir,string_r,integer_fromchar,string_p,integer_inc,boolean_invert_first_then_and,integer_fromstring,exec_rot,integer_m,boolean_d,char_rot,exec_do*cou,string_take,exec_string_iterate,string_split,integer_pop,boolean_n,string_re,boolean_p,boolean_r,exec_pop,string_sw,boolean_x,boolean_emp,string_la,char_emp,boolean_stackdep,string_parse_to_cha,print_char,integer_dup,boolean_invert_second_then_and,integer_sub,string_setch,exec_no,boolean_yank,char_islett,string_ya,string_flu,integer_stackdepth,integer_emp,integer_dec,print_boole,integer_gt,exec,string_indexofchar,in1,char_dup,char_flush,char_pop,integer_lte,string_conjch,exec_flu,string_containsch,boolean_eq,string_flush,print_boolean,integer_d,string_rever,char_,exec_empty,string_last,integer_l,exec_when,integer_i,string_substri,string_nth,string_occurrencesofchar,integer_r,integer_s,integer_p,exec_while,integer_fromboolean,integer_empty,string_fromboole
0.000799840031994,0.115776844631,0.0115976804639,0.0225954809038,0.0971805638872,0.0179964007199,0.0701859628074,0.0637872425515,0.0215956808638,0.00179964007199,0.0705858828234,0.0671865626875,0.00499900019996,0.00119976004799,0.000199960007998,0.000199960007998,0.0,0.000599880023995,0.000599880023995,0.000599880023995,0.0445910817836,0.0371925614877,0.00219956008798,0.0453909218156,0.000399920015997,0.0783843231354,0.0773845230954,0.0519896020796,0.000599880023995,0.0441911617676,0.000399920015997,0.00199960007998,0.0741851629674,0.000599880023995,0.000999800039992,0.0477904419116,0.0231953609278,0.000599880023995,0.00159968006399,0.000999800039992,0.00179964007199,0.0,0.000399920015997,0.0635872825435,0.00119976004799,0.0839832033593,0.0521895620876,0.0193961207758,0.0551889622076,0.000399920015997,0.0355928814237,0.0741851629674,0.0227954409118,0.0,0.0625874825035,0.00199960007998,0.0845830833833,0.0347930413917,0.0349930013997,0.000599880023995,0.000199960007998,0.000199960007998,0.0459908018396,0.00279944011198,0.000199960007998,0.0195960807838,0.00259948010398,0.0539892021596,0.00139972005599,0.000799840031994,0.0,0.00199960007998,0.000199960007998,0.000199960007998,0.000599880023995,0.00299940011998,0.0401919616077,0.0857828434313,0.0507898420316,0.0229954009198,0.00139972005599,0.000399920015997,0.0737852429514,0.0757848430314,0.000599880023995,0.000599880023995,0.0475904819036,0.0239952009598,0.0317936412717,0.0515896820636,0.000799840031994,0.00419916016797,0.0235952809438,0.00539892021596,0.110777844431,0.000999800039992,0.00619876024795,0.0937812437512,0.00119976004799,0.0601879624075,0.000399920015997,0.0,0.0325934813037,0.000199960007998,0.000799840031994,0.0251949610078,0.0633873225355,0.0607878424315,0.0337932413517,0.0801839632074,0.00879824035193,0.000199960007998,0.0635872825435,0.00199960007998,0.000399920015997,0.00479904019196,0.0,0.000199960007998,0.0207958408318,0.0377924415117,0.000999800039992,0.000799840031994,0.000999800039992,0.000399920015997,0.000199960007998,0.000199960007998,0.0491901619676,0.0671865626875,0.000799840031994,0.0567886422715,0.00139972005599,0.000399920015997,0.000199960007998,0.000199960007998,0.0379924015197,0.0205958808238,0.0325934813037,0.0585882823435,0.0777844431114,0.000199960007998,0.0705858828234,0.0491901619676,0.000399920015997,0.0823835232953,0.000199960007998,0.0177964407119,0.0425914817037,0.000799840031994,0.00139972005599,0.00299940011998,0.0,0.0203959208158,0.0337932413517,0.0785842831434,0.0177964407119,0.0573885222955,0.0631873625275,0.0629874025195,0.0441911617676,0.0,0.0591881623675,0.000799840031994,0.00299940011998,0.104379124175,0.0263947210558,0.00699860027994,0.0,0.0,0.0487902419516,0.0251949610078,0.000399920015997,0.0643871225755,0.0133973205359,0.000199960007998,0.00299940011998,0.0231953609278,0.000999800039992,0.0669866026795,0.0249950009998,0.0781843631274,0.0677864427115,0.000399920015997,0.000399920015997,0.0753849230154,0.000399920015997,0.0623875224955,0.0447910417916,0.0171965606879,0.0745850829834,0.000599880023995,0.000199960007998,0.000799840031994,0.000199960007998,0.0793841231754,0.000399920015997,0.00139972005599,0.0,0.000399920015997,0.000399920015997,0.000399920015997,0.0115976804639,0.0883823235353,0.0309938012398,0.0349930013997,0.105178964207,0.000599880023995,0.0,0.0153969206159,0.00159968006399,0.00139972005599,0.000399920015997,0.0869826034793,0.000599880023995,0.0679864027195,0.000599880023995,0.0895820835833,0.000399920015997,0.0301939612078,0.111977604479,0.0755848830234,0.0541891621676,0.0563887222555,0.0657868426315,0.000599880023995,0.0,0.00559888022396,0.0617876424715,0.0201959608078,0.0209958008398,0.00119976004799,0.00679864027195,0.0,0.0703859228154,0.0199960007998,0.000199960007998,0.00759848030394,0.00179964007199,0.0,0.0285942811438,0.0697860427914,0.000599880023995,0.00239952009598,0.00459908018396,0.0921815636873,0.0693861227754,0.0467906418716,0.00159968006399
Gen 5
string_,string_rot,integer_swap,exec_sho,integer_gte,boolean_shove,boolean_and,string_pop,exec_eq,string_yankd,string_parse_to_chars,integer_lt,string_stackdepth,exec_do*whi,char_r,char_p,boolean_sw,integer_sho,boolean_invert_second_then_a,print_integ,char_iswhitespace,string_removechar,exec_emp,string_first,string_conc,string_yank,string_concat,string_setchar,exec_yankd,string_length,string_replacefirstch,char_d,integer_eq,exec_do*tim,string_emptystri,string_reverse,exec_yankdup,string_repla,exec_,char_ya,integer_mu,string_replacech,boolean_yankd,char_isletter,integer_add,string_empty,char_isdigit,print_integer,exec_shove,integer_fromstri,string_conjchar,boolean_or,boolean_empty,exec_wh,string_fromchar,integer_yankd,exec_do*while,integer_rot,string_rest,boolean_flu,integer_stackdep,char_iswhitespa,char_allfromstring,boolean_,char_allfromstri,exec_stackdepth,exec_do*range,char_shove,char_stackdep,string_removech,exec_stackdep,boolean_sho,string_indexofch,string_stackdep,string_leng,print_ch,integer_mult,boolean_xor,boolean_yankdup,integer_min,string_emp,integer_fromch,exec_yank,char_stackdepth,char_sw,integer_fromboole,string_replace,integer_div,string_replacefirst,boolean_frominteger,string_butla,char_isdig,integer_flush,integer_,string_yankdup,char_flu,print_exec,integer_yank,boolean_frominteg,string_emptystring,char_yankd,boolean_ya,string_swap,print_ex,exec_d,integer_max,char_swap,string_contains,char_empty,exec_dup,exec_k,string_frominteg,exec_noop,exec_p,exec_r,exec_s,string_sho,integer_flu,exec_y,boolean_rot,boolean_a,integer_ya,exec_ya,boolean_invert_first_then_a,string_spl,string_occurrencesofch,integer_yankdup,string_replacechar,char_sho,string_fromboolean,print_stri,exec_string_itera,print_newli,string_ta,string_replacefirstchar,string_substring,boolean_stackdepth,string_shove,string_containschar,exec_do*ran,char_yankdup,char_yank,integer_sw,exec_do*times,string_fromch,integer_shove,exec_if,exec_whi,integer_g,char_frominteger,char_frominteg,boolean_dup,string_eq,boolean_not,char_eq,boolean_flush,boolean_pop,string_butlast,exec_swap,string_replacefir,boolean_swap,exec_sw,string_n,print_string,exec_flush,print_newline,integer_a,string_d,string_dup,string_frominteger,string_contai,integer_mod,exec_do*count,string_fir,string_r,integer_fromchar,string_p,integer_inc,boolean_invert_first_then_and,integer_fromstring,exec_rot,integer_m,boolean_d,char_rot,exec_do*cou,string_take,exec_string_iterate,string_split,integer_pop,boolean_n,string_re,boolean_p,boolean_r,exec_pop,string_sw,boolean_x,boolean_emp,string_la,char_emp,boolean_stackdep,string_parse_to_cha,print_char,integer_dup,boolean_invert_second_then_and,integer_sub,string_setch,exec_no,boolean_yank,char_islett,string_ya,string_flu,integer_stackdepth,integer_emp,integer_dec,print_boole,integer_gt,exec,string_indexofchar,in1,char_dup,char_flush,char_pop,integer_lte,string_conjch,exec_flu,string_containsch,boolean_eq,string_flush,print_boolean,integer_d,string_rever,char_,exec_empty,string_last,integer_l,exec_when,integer_i,string_substri,string_nth,string_occurrencesofchar,integer_r,integer_s,integer_p,exec_while,integer_fromboolean,integer_empty,string_fromboole
0.0,0.118646892185,0.00266622229628,0.00599900016664,0.0644892517914,0.00983169471755,0.0314947508749,0.0406598900183,0.00649891684719,0.00633227795367,0.0999833361106,0.0349941676387,0.000499916680553,0.000499916680553,0.000333277787035,0.0,0.000166638893518,0.000833194467589,0.000166638893518,0.0,0.0241626395601,0.0221629728379,0.00166638893518,0.023162806199,0.000499916680553,0.0458256957174,0.0428261956341,0.046992167972,0.000833194467589,0.0686552241293,0.000166638893518,0.0056657223796,0.0401599733378,0.000166638893518,0.000333277787035,0.0771538076987,0.018663556074,0.000499916680553,0.00166638893518,0.000333277787035,0.0,0.0,0.000166638893518,0.0314947508749,0.000833194467589,0.0446592234628,0.0393267788702,0.00849858356941,0.0343276120647,0.000333277787035,0.0241626395601,0.055990668222,0.00883186135644,0.0,0.0386602232961,0.000999833361106,0.0476587235461,0.0118313614398,0.0249958340277,0.000166638893518,0.000833194467589,0.000166638893518,0.037660389935,0.000833194467589,0.000833194467589,0.00799866688885,0.000333277787035,0.0266622229628,0.000333277787035,0.000666555574071,0.000166638893518,0.000499916680553,0.000166638893518,0.0,0.00149975004166,0.00133311114814,0.0188301949675,0.0486585569072,0.0259956673888,0.00633227795367,0.00116647225462,0.000333277787035,0.0413264455924,0.0443259456757,0.000166638893518,0.0,0.0284952507915,0.0124979170138,0.00733211131478,0.0256623896017,0.000666555574071,0.000499916680553,0.00799866688885,0.00199966672221,0.11748041993,0.000333277787035,0.000999833361106,0.0609898350275,0.000666555574071,0.0224962506249,0.000166638893518,0.0,0.0224962506249,0.0,0.00116647225462,0.0121646392268,0.0334944175971,0.0386602232961,0.0151641393101,0.0403266122313,0.00133311114814,0.000333277787035,0.0361606398934,0.000499916680553,0.000666555574071,0.000833194467589,0.000333277787035,0.0,0.00349941676387,0.0148308615231,0.0,0.00149975004166,0.000333277787035,0.0,0.0,0.0,0.0221629728379,0.0299950008332,0.000166638893518,0.0761539743376,0.00449925012498,0.000166638893518,0.0,0.000333277787035,0.0164972504583,0.0101649725046,0.0274954174304,0.0333277787035,0.0413264455924,0.0,0.0378270288285,0.0209965005832,0.0,0.051491418097,0.000666555574071,0.00416597233794,0.0173304449258,0.000499916680553,0.00233294450925,0.00116647225462,0.0,0.00449925012498,0.0171638060323,0.0479920013331,0.00416597233794,0.0281619730045,0.0351608065322,0.0361606398934,0.0258290284953,0.000166638893518,0.0349941676387,0.0,0.00383269455091,0.0661556407265,0.00666555574071,0.000999833361106,0.0,0.0,0.0273287785369,0.0164972504583,0.000333277787035,0.0303282786202,0.00199966672221,0.000166638893518,0.00316613897684,0.0136643892685,0.000999833361106,0.0979836693884,0.00549908348609,0.0414930844859,0.0524912514581,0.00133311114814,0.0,0.0419930011665,0.0,0.0349941676387,0.0224962506249,0.00766538910182,0.0458256957174,0.00116647225462,0.000166638893518,0.00166638893518,0.000166638893518,0.0431594734211,0.000666555574071,0.00116647225462,0.000166638893518,0.000499916680553,0.000333277787035,0.000666555574071,0.00483252791201,0.0553241126479,0.0201633061156,0.023496083986,0.10231628062,0.00116647225462,0.000666555574071,0.00233294450925,0.000166638893518,0.000333277787035,0.000666555574071,0.0579903349442,0.0,0.0333277787035,0.000166638893518,0.0564905849025,0.000333277787035,0.0123312781203,0.105815697384,0.0354940843193,0.0249958340277,0.0413264455924,0.0341609731711,0.000499916680553,0.0,0.00116647225462,0.0299950008332,0.0196633894351,0.00733211131478,0.00149975004166,0.0168305282453,0.0,0.0974837527079,0.00833194467589,0.000166638893518,0.00299950008332,0.00149975004166,0.000166638893518,0.0124979170138,0.0359940009998,0.000166638893518,0.0251624729212,0.00233294450925,0.0569905015831,0.0253291118147,0.0114980836527,0.00116647225462
Gen 6
string_,string_rot,integer_swap,exec_sho,integer_gte,boolean_shove,boolean_and,string_pop,exec_eq,string_yankd,string_parse_to_chars,integer_lt,string_stackdepth,exec_do*whi,char_r,char_p,boolean_sw,integer_sho,boolean_invert_second_then_a,print_integ,char_iswhitespace,string_removechar,exec_emp,string_first,string_conc,string_yank,string_concat,string_setchar,exec_yankd,string_length,string_replacefirstch,char_d,integer_eq,exec_do*tim,string_emptystri,string_reverse,exec_yankdup,string_repla,exec_,char_ya,integer_mu,string_replacech,boolean_yankd,char_isletter,integer_add,string_empty,char_isdigit,print_integer,exec_shove,integer_fromstri,string_conjchar,boolean_or,boolean_empty,exec_wh,string_fromchar,integer_yankd,exec_do*while,integer_rot,string_rest,boolean_flu,integer_stackdep,char_iswhitespa,char_allfromstring,boolean_,char_allfromstri,exec_stackdepth,exec_do*range,char_shove,char_stackdep,string_removech,exec_stackdep,boolean_sho,string_indexofch,string_stackdep,string_leng,print_ch,integer_mult,boolean_xor,boolean_yankdup,integer_min,string_emp,integer_fromch,exec_yank,char_stackdepth,char_sw,integer_fromboole,string_replace,integer_div,string_replacefirst,boolean_frominteger,string_butla,char_isdig,integer_flush,integer_,string_yankdup,char_flu,print_exec,integer_yank,boolean_frominteg,string_emptystring,char_yankd,boolean_ya,string_swap,print_ex,exec_d,integer_max,char_swap,string_contains,char_empty,exec_dup,exec_k,string_frominteg,exec_noop,exec_p,exec_r,exec_s,string_sho,integer_flu,exec_y,boolean_rot,boolean_a,integer_ya,exec_ya,boolean_invert_first_then_a,string_spl,string_occurrencesofch,integer_yankdup,string_replacechar,char_sho,string_fromboolean,print_stri,exec_string_itera,print_newli,string_ta,string_replacefirstchar,string_substring,boolean_stackdepth,string_shove,string_containschar,exec_do*ran,char_yankdup,char_yank,integer_sw,exec_do*times,string_fromch,integer_shove,exec_if,exec_whi,integer_g,char_frominteger,char_frominteg,boolean_dup,string_eq,boolean_not,char_eq,boolean_flush,boolean_pop,string_butlast,exec_swap,string_replacefir,boolean_swap,exec_sw,string_n,print_string,exec_flush,print_newline,integer_a,string_d,string_dup,string_frominteger,string_contai,integer_mod,exec_do*count,string_fir,string_r,integer_fromchar,string_p,integer_inc,boolean_invert_first_then_and,integer_fromstring,exec_rot,integer_m,boolean_d,char_rot,exec_do*cou,string_take,exec_string_iterate,string_split,integer_pop,boolean_n,string_re,boolean_p,boolean_r,exec_pop,string_sw,boolean_x,boolean_emp,string_la,char_emp,boolean_stackdep,string_parse_to_cha,print_char,integer_dup,boolean_invert_second_then_and,integer_sub,string_setch,exec_no,boolean_yank,char_islett,string_ya,string_flu,integer_stackdepth,integer_emp,integer_dec,print_boole,integer_gt,exec,string_indexofchar,in1,char_dup,char_flush,char_pop,integer_lte,string_conjch,exec_flu,string_containsch,boolean_eq,string_flush,print_boolean,integer_d,string_rever,char_,exec_empty,string_last,integer_l,exec_when,integer_i,string_substri,string_nth,string_occurrencesofchar,integer_r,integer_s,integer_p,exec_while,integer_fromboolean,integer_empty,string_fromboole
0.0,0.0992715326382,0.000857020425653,0.00242822453935,0.0637051849736,0.00785602056849,0.0185687758892,0.0494215112127,0.00142836737609,0.00285673475218,0.0938437366091,0.0195686330524,0.000714183688045,0.000714183688045,0.000428510212827,0.0,0.0,0.000142836737609,0.000285673475218,0.0,0.0252821025568,0.0145693472361,0.00128553063848,0.0178545922011,0.000428510212827,0.028853020997,0.0239965719183,0.0615626339094,0.0,0.067561776889,0.000142836737609,0.00271389801457,0.024853592344,0.000571346950436,0.0,0.0751321239823,0.0117126124839,0.0015712041137,0.000142836737609,0.000142836737609,0.000428510212827,0.0,0.0,0.0151406941865,0.000285673475218,0.024853592344,0.0361376946151,0.00471361234109,0.0311384087987,0.000142836737609,0.0242822453935,0.051849735752,0.00842736751893,0.0,0.0218540208542,0.000714183688045,0.029567204685,0.00542779602914,0.0261391229824,0.000285673475218,0.000857020425653,0.000428510212827,0.0338523068133,0.000857020425653,0.000999857163262,0.00414226539066,0.000428510212827,0.015712041137,0.000142836737609,0.000142836737609,0.000142836737609,0.000142836737609,0.000142836737609,0.0,0.00242822453935,0.00257106127696,0.0107127553207,0.031424082274,0.022996714755,0.00342808170261,0.000142836737609,0.0,0.0245679188687,0.0271389801457,0.0,0.0,0.0417083273818,0.0111412655335,0.00514212255392,0.012426796172,0.00171404085131,0.00128553063848,0.00342808170261,0.00271389801457,0.0984145122125,0.0,0.000571346950436,0.0548493072418,0.00171404085131,0.0152835309242,0.000428510212827,0.0,0.0275674903585,0.0,0.000285673475218,0.00571346950436,0.0221396943294,0.0242822453935,0.0137123268105,0.0201399800029,0.000714183688045,0.0,0.0277103270961,0.000714183688045,0.000571346950436,0.000428510212827,0.000714183688045,0.000142836737609,0.000571346950436,0.00885587773175,0.000285673475218,0.00185687758892,0.00114269390087,0.0,0.0,0.000285673475218,0.0182831024139,0.0155692043994,0.0,0.0715612055421,0.00499928581631,0.000285673475218,0.0,0.000142836737609,0.012426796172,0.0128553063848,0.0337094700757,0.0188544493644,0.0251392658192,0.0,0.0245679188687,0.0151406941865,0.0,0.0467076131981,0.000142836737609,0.0031424082274,0.0128553063848,0.00128553063848,0.000714183688045,0.000999857163262,0.0,0.00199971432652,0.0118554492215,0.0385659191544,0.00128553063848,0.0132838165976,0.0198543065276,0.0194257963148,0.0111412655335,0.0,0.0191401228396,0.0,0.00342808170261,0.0604199400086,0.00257106127696,0.000285673475218,0.0,0.000142836737609,0.0158548778746,0.0102842451078,0.000571346950436,0.0304242251107,0.000428510212827,0.000428510212827,0.00714183688045,0.0079988573061,0.00442793886588,0.0949864305099,0.00342808170261,0.0272818168833,0.0558491644051,0.00128553063848,0.0,0.0227110412798,0.0,0.0195686330524,0.0149978574489,0.0031424082274,0.0278531638337,0.000571346950436,0.000428510212827,0.00142836737609,0.000142836737609,0.0244250821311,0.00471361234109,0.000571346950436,0.0,0.0,0.000142836737609,0.000428510212827,0.00299957148979,0.0522782459649,0.0171404085131,0.0252821025568,0.0857020425653,0.0015712041137,0.000571346950436,0.000142836737609,0.000142836737609,0.000285673475218,0.000428510212827,0.0517068990144,0.000142836737609,0.0184259391515,0.0,0.0457077560349,0.000142836737609,0.0079988573061,0.0875589201543,0.0185687758892,0.0141408370233,0.0311384087987,0.0175689187259,0.000285673475218,0.0,0.000428510212827,0.0285673475218,0.0108555920583,0.0031424082274,0.000857020425653,0.0152835309242,0.0,0.0941294100843,0.00442793886588,0.000142836737609,0.000142836737609,0.00428510212827,0.000142836737609,0.00742751035566,0.0201399800029,0.000285673475218,0.00885587773175,0.00228538780174,0.0454220825596,0.0167118983002,0.00785602056849,0.00142836737609
Gen 7
string_,string_rot,integer_swap,exec_sho,integer_gte,boolean_shove,boolean_and,string_pop,exec_eq,string_yankd,string_parse_to_chars,integer_lt,string_stackdepth,exec_do*whi,char_r,char_p,boolean_sw,integer_sho,boolean_invert_second_then_a,print_integ,char_iswhitespace,string_removechar,exec_emp,string_first,string_conc,string_yank,string_concat,string_setchar,exec_yankd,string_length,string_replacefirstch,char_d,integer_eq,exec_do*tim,string_emptystri,string_reverse,exec_yankdup,string_repla,exec_,char_ya,integer_mu,string_replacech,boolean_yankd,char_isletter,integer_add,string_empty,char_isdigit,print_integer,exec_shove,integer_fromstri,string_conjchar,boolean_or,boolean_empty,exec_wh,string_fromchar,integer_yankd,exec_do*while,integer_rot,string_rest,boolean_flu,integer_stackdep,char_iswhitespa,char_allfromstring,boolean_,char_allfromstri,exec_stackdepth,exec_do*range,char_shove,char_stackdep,string_removech,exec_stackdep,boolean_sho,string_indexofch,string_stackdep,string_leng,print_ch,integer_mult,boolean_xor,boolean_yankdup,integer_min,string_emp,integer_fromch,exec_yank,char_stackdepth,char_sw,integer_fromboole,string_replace,integer_div,string_replacefirst,boolean_frominteger,string_butla,char_isdig,integer_flush,integer_,string_yankdup,char_flu,print_exec,integer_yank,boolean_frominteg,string_emptystring,char_yankd,boolean_ya,string_swap,print_ex,exec_d,integer_max,char_swap,string_contains,char_empty,exec_dup,exec_k,string_frominteg,exec_noop,exec_p,exec_r,exec_s,string_sho,integer_flu,exec_y,boolean_rot,boolean_a,integer_ya,exec_ya,boolean_invert_first_then_a,string_spl,string_occurrencesofch,integer_yankdup,string_replacechar,char_sho,string_fromboolean,print_stri,exec_string_itera,print_newli,string_ta,string_replacefirstchar,string_substring,boolean_stackdepth,string_shove,string_containschar,exec_do*ran,char_yankdup,char_yank,integer_sw,exec_do*times,string_fromch,integer_shove,exec_if,exec_whi,integer_g,char_frominteger,char_frominteg,boolean_dup,string_eq,boolean_not,char_eq,boolean_flush,boolean_pop,string_butlast,exec_swap,string_replacefir,boolean_swap,exec_sw,string_n,print_string,exec_flush,print_newline,integer_a,string_d,string_dup,string_frominteger,string_contai,integer_mod,exec_do*count,string_fir,string_r,integer_fromchar,string_p,integer_inc,boolean_invert_first_then_and,integer_fromstring,exec_rot,integer_m,boolean_d,char_rot,exec_do*cou,string_take,exec_string_iterate,string_split,integer_pop,boolean_n,string_re,boolean_p,boolean_r,exec_pop,string_sw,boolean_x,boolean_emp,string_la,char_emp,boolean_stackdep,string_parse_to_cha,print_char,integer_dup,boolean_invert_second_then_and,integer_sub,string_setch,exec_no,boolean_yank,char_islett,string_ya,string_flu,integer_stackdepth,integer_emp,integer_dec,print_boole,integer_gt,exec,string_indexofchar,in1,char_dup,char_flush,char_pop,integer_lte,string_conjch,exec_flu,string_containsch,boolean_eq,string_flush,print_boolean,integer_d,string_rever,char_,exec_empty,string_last,integer_l,exec_when,integer_i,string_substri,string_nth,string_occurrencesofchar,integer_r,integer_s,integer_p,exec_while,integer_fromboolean,integer_empty,string_fromboole
0.0,0.0788651418573,0.0,0.00262467191601,0.0518685164354,0.00537432820897,0.00987376577928,0.0513685789276,0.000749906261717,0.000624921884764,0.0772403449569,0.0084989376328,0.000624921884764,0.0,0.000249968753906,0.000124984376953,0.000124984376953,0.0,0.00224971878515,0.0,0.0136232970879,0.00499937507812,0.00149981252343,0.00974878140232,0.000249968753906,0.0131233595801,0.0111236095488,0.0577427821522,0.0,0.0661167354081,0.000249968753906,0.00112485939258,0.00949881264842,0.000499937507812,0.0,0.0722409698788,0.00674915635546,0.000999875015623,0.0,0.000249968753906,0.000124984376953,0.000124984376953,0.0,0.00337457817773,0.000624921884764,0.0107486564179,0.029246344207,0.00149981252343,0.0227471566054,0.000124984376953,0.0141232345957,0.0463692038495,0.00549931258593,0.0,0.00937382827147,0.00124984376953,0.0141232345957,0.00174978127734,0.0252468441445,0.0,0.000624921884764,0.00087489063867,0.0183727034121,0.00087489063867,0.000374953130859,0.00112485939258,0.000374953130859,0.00699912510936,0.0,0.000124984376953,0.0,0.0,0.0,0.0,0.00199975003125,0.000999875015623,0.00387451568554,0.0137482814648,0.0108736407949,0.000499937507812,0.000124984376953,0.0,0.0114985626797,0.00974878140232,0.000124984376953,0.0,0.042369703787,0.00587426571679,0.00174978127734,0.00437445319335,0.000749906261717,0.0021247344082,0.00174978127734,0.00124984376953,0.0773653293338,0.000124984376953,0.000124984376953,0.0481189851269,0.000249968753906,0.00812398450194,0.000999875015623,0.0,0.0327459067617,0.0,0.000124984376953,0.0023747031621,0.0114985626797,0.0124984376953,0.00812398450194,0.00599925009374,0.000124984376953,0.000124984376953,0.015873015873,0.000499937507812,0.00112485939258,0.000374953130859,0.000249968753906,0.000124984376953,0.0,0.00224971878515,0.0,0.00174978127734,0.000249968753906,0.0,0.0,0.000124984376953,0.00799900012498,0.00724909386327,0.000124984376953,0.0676165479315,0.00262467191601,0.0,0.0,0.000124984376953,0.00549931258593,0.00737407824022,0.0293713285839,0.00824896887889,0.0121234845644,0.0,0.0116235470566,0.00724909386327,0.0,0.0427446569179,0.000124984376953,0.00087489063867,0.00587426571679,0.00112485939258,0.000999875015623,0.000624921884764,0.0,0.0021247344082,0.0042494688164,0.0302462192226,0.00149981252343,0.00474940632421,0.00999875015623,0.00787401574803,0.00599925009374,0.0,0.00949881264842,0.0,0.00137482814648,0.0497437820272,0.000624921884764,0.000124984376953,0.0,0.000249968753906,0.00912385951756,0.00387451568554,0.000124984376953,0.0284964379453,0.000499937507812,0.000499937507812,0.00612423447069,0.00374953130859,0.00487439070116,0.0801149856268,0.000249968753906,0.0084989376328,0.0522434695663,0.00124984376953,0.0,0.010498687664,0.0,0.00924884389451,0.00562429696288,0.00187476565429,0.0113735783027,0.000249968753906,0.000499937507812,0.00087489063867,0.0,0.0111236095488,0.00749906261717,0.000499937507812,0.000374953130859,0.0,0.0,0.000374953130859,0.00412448443945,0.0456192975878,0.00762404699413,0.0229971253593,0.0746156730409,0.00149981252343,0.000124984376953,0.0,0.000124984376953,0.000499937507812,0.000249968753906,0.0468691413573,0.0,0.00674915635546,0.0,0.0347456567929,0.0,0.0021247344082,0.0744906886639,0.00862392200975,0.00762404699413,0.023872015998,0.00837395325584,0.000249968753906,0.0,0.0,0.0148731408574,0.00337457817773,0.00124984376953,0.000374953130859,0.00649918760155,0.000124984376953,0.0791151106112,0.00112485939258,0.000124984376953,0.0,0.00612423447069,0.000374953130859,0.00324959380077,0.0102487189101,0.000124984376953,0.00499937507812,0.000374953130859,0.0384951881015,0.00787401574803,0.00324959380077,0.00312460942382
Gen 8
string_,string_rot,integer_swap,exec_sho,integer_gte,boolean_shove,boolean_and,string_pop,exec_eq,string_yankd,string_parse_to_chars,integer_lt,string_stackdepth,exec_do*whi,char_r,char_p,boolean_sw,integer_sho,boolean_invert_second_then_a,print_integ,char_iswhitespace,string_removechar,exec_emp,string_first,string_conc,string_yank,string_concat,string_setchar,exec_yankd,string_length,string_replacefirstch,char_d,integer_eq,exec_do*tim,string_emptystri,string_reverse,exec_yankdup,string_repla,exec_,char_ya,integer_mu,string_replacech,boolean_yankd,char_isletter,integer_add,string_empty,char_isdigit,print_integer,exec_shove,integer_fromstri,string_conjchar,boolean_or,boolean_empty,exec_wh,string_fromchar,integer_yankd,exec_do*while,integer_rot,string_rest,boolean_flu,integer_stackdep,char_iswhitespa,char_allfromstring,boolean_,char_allfromstri,exec_stackdepth,exec_do*range,char_shove,char_stackdep,string_removech,exec_stackdep,boolean_sho,string_indexofch,string_stackdep,string_leng,print_ch,integer_mult,boolean_xor,boolean_yankdup,integer_min,string_emp,integer_fromch,exec_yank,char_stackdepth,char_sw,integer_fromboole,string_replace,integer_div,string_replacefirst,boolean_frominteger,string_butla,char_isdig,integer_flush,integer_,string_yankdup,char_flu,print_exec,integer_yank,boolean_frominteg,string_emptystring,char_yankd,boolean_ya,string_swap,print_ex,exec_d,integer_max,char_swap,string_contains,char_empty,exec_dup,exec_k,string_frominteg,exec_noop,exec_p,exec_r,exec_s,string_sho,integer_flu,exec_y,boolean_rot,boolean_a,integer_ya,exec_ya,boolean_invert_first_then_a,string_spl,string_occurrencesofch,integer_yankdup,string_replacechar,char_sho,string_fromboolean,print_stri,exec_string_itera,print_newli,string_ta,string_replacefirstchar,string_substring,boolean_stackdepth,string_shove,string_containschar,exec_do*ran,char_yankdup,char_yank,integer_sw,exec_do*times,string_fromch,integer_shove,exec_if,exec_whi,integer_g,char_frominteger,char_frominteg,boolean_dup,string_eq,boolean_not,char_eq,boolean_flush,boolean_pop,string_butlast,exec_swap,string_replacefir,boolean_swap,exec_sw,string_n,print_string,exec_flush,print_newline,integer_a,string_d,string_dup,string_frominteger,string_contai,integer_mod,exec_do*count,string_fir,string_r,integer_fromchar,string_p,integer_inc,boolean_invert_first_then_and,integer_fromstring,exec_rot,integer_m,boolean_d,char_rot,exec_do*cou,string_take,exec_string_iterate,string_split,integer_pop,boolean_n,string_re,boolean_p,boolean_r,exec_pop,string_sw,boolean_x,boolean_emp,string_la,char_emp,boolean_stackdep,string_parse_to_cha,print_char,integer_dup,boolean_invert_second_then_and,integer_sub,string_setch,exec_no,boolean_yank,char_islett,string_ya,string_flu,integer_stackdepth,integer_emp,integer_dec,print_boole,integer_gt,exec,string_indexofchar,in1,char_dup,char_flush,char_pop,integer_lte,string_conjch,exec_flu,string_containsch,boolean_eq,string_flush,print_boolean,integer_d,string_rever,char_,exec_empty,string_last,integer_l,exec_when,integer_i,string_substri,string_nth,string_occurrencesofchar,integer_r,integer_s,integer_p,exec_while,integer_fromboolean,integer_empty,string_fromboole
0.0,0.0846572603044,0.000555493834018,0.00244417286968,0.0598822353072,0.0061104321742,0.00922119764471,0.0576602599711,0.000555493834018,0.000666592600822,0.0844350627708,0.00688812354183,0.000555493834018,0.0,0.0,0.000111098766804,0.000444395067215,0.0,0.00477724697256,0.000222197533607,0.0182201977558,0.00433285190534,0.00155538273525,0.00877680257749,0.000333296300411,0.012998555716,0.0111098766804,0.066770358849,0.0,0.0756582601933,0.000111098766804,0.00144428396845,0.00711032107544,0.000111098766804,0.0,0.0796578157982,0.00522164203977,0.000666592600822,0.0,0.000111098766804,0.000333296300411,0.000333296300411,0.000111098766804,0.0029996667037,0.000444395067215,0.0106654816132,0.0396622597489,0.000999888901233,0.0278857904677,0.0,0.0182201977558,0.0541050994334,0.00566603710699,0.0,0.0089990001111,0.000777691367626,0.01077658038,0.000777691367626,0.0335518275747,0.0,0.00111098766804,0.000333296300411,0.0205532718587,0.00122208643484,0.000666592600822,0.000333296300411,0.000111098766804,0.00844350627708,0.0,0.000111098766804,0.0,0.000222197533607,0.0,0.0,0.00244417286968,0.00155538273525,0.0029996667037,0.0101099877791,0.0152205310521,0.000666592600822,0.0,0.0,0.00977669147872,0.00744361737585,0.0,0.000222197533607,0.0496611487612,0.00533274080658,0.000666592600822,0.00399955560493,0.00155538273525,0.000555493834018,0.000666592600822,0.00122208643484,0.0834351738696,0.0,0.0,0.0546605932674,0.000444395067215,0.00677702477502,0.000555493834018,0.000111098766804,0.0417731363182,0.0,0.0,0.00155538273525,0.00988779024553,0.0103321853127,0.0102210865459,0.00377735807133,0.000111098766804,0.000222197533607,0.0198866792579,0.000222197533607,0.00133318520164,0.000222197533607,0.000111098766804,0.0,0.0,0.000444395067215,0.000222197533607,0.00399955560493,0.000555493834018,0.000111098766804,0.0,0.000111098766804,0.00711032107544,0.00644372847461,0.000222197533607,0.0764359515609,0.00322186423731,0.000111098766804,0.0,0.000111098766804,0.00444395067215,0.00944339517831,0.0358849016776,0.00688812354183,0.0105543828464,0.0,0.012998555716,0.0112209754472,0.000111098766804,0.0513276302633,0.000111098766804,0.000444395067215,0.00477724697256,0.000666592600822,0.00111098766804,0.000444395067215,0.0,0.000777691367626,0.00433285190534,0.0403288523497,0.000555493834018,0.00499944450617,0.0104432840795,0.00522164203977,0.00544383957338,0.0,0.00933229641151,0.0,0.000777691367626,0.0582157538051,0.000333296300411,0.000222197533607,0.0,0.00188867903566,0.00544383957338,0.00366625930452,0.000111098766804,0.037329185646,0.000777691367626,0.0,0.00322186423731,0.00277746917009,0.00466614820575,0.0855460504388,0.00088879013443,0.00722141984224,0.0601044328408,0.00122208643484,0.0,0.00955449394512,0.0,0.0088879013443,0.00477724697256,0.000444395067215,0.00833240751028,0.00144428396845,0.000333296300411,0.000222197533607,0.0,0.0114431729808,0.00777691367626,0.00088879013443,0.000111098766804,0.0,0.000333296300411,0.000777691367626,0.00155538273525,0.0551049883346,0.0146650372181,0.0277746917009,0.0813242973003,0.00122208643484,0.000666592600822,0.000111098766804,0.0,0.000555493834018,0.0,0.0541050994334,0.000111098766804,0.00733251860904,0.0,0.0386623708477,0.0,0.00244417286968,0.0806577046995,0.00877680257749,0.00766581490945,0.0213309632263,0.00766581490945,0.000666592600822,0.000111098766804,0.000333296300411,0.0182201977558,0.00266637040329,0.000333296300411,0.000333296300411,0.00722141984224,0.0,0.0851016553716,0.000666592600822,0.000111098766804,0.000222197533607,0.00244417286968,0.000111098766804,0.00177758026886,0.00844350627708,0.0,0.00455504943895,0.000333296300411,0.0466614820575,0.00477724697256,0.00466614820575,0.0028885679369
Gen 9
string_,string_rot,integer_swap,exec_sho,integer_gte,boolean_shove,boolean_and,string_pop,exec_eq,string_yankd,string_parse_to_chars,integer_lt,string_stackdepth,exec_do*whi,char_r,char_p,boolean_sw,integer_sho,boolean_invert_second_then_a,print_integ,char_iswhitespace,string_removechar,exec_emp,string_first,string_conc,string_yank,string_concat,string_setchar,exec_yankd,string_length,string_replacefirstch,char_d,integer_eq,exec_do*tim,string_emptystri,string_reverse,exec_yankdup,string_repla,exec_,char_ya,integer_mu,string_replacech,boolean_yankd,char_isletter,integer_add,string_empty,char_isdigit,print_integer,exec_shove,integer_fromstri,string_conjchar,boolean_or,boolean_empty,exec_wh,string_fromchar,integer_yankd,exec_do*while,integer_rot,string_rest,boolean_flu,integer_stackdep,char_iswhitespa,char_allfromstring,boolean_,char_allfromstri,exec_stackdepth,exec_do*range,char_shove,char_stackdep,string_removech,exec_stackdep,boolean_sho,string_indexofch,string_stackdep,string_leng,print_ch,integer_mult,boolean_xor,boolean_yankdup,integer_min,string_emp,integer_fromch,exec_yank,char_stackdepth,char_sw,integer_fromboole,string_replace,integer_div,string_replacefirst,boolean_frominteger,string_butla,char_isdig,integer_flush,integer_,string_yankdup,char_flu,print_exec,integer_yank,boolean_frominteg,string_emptystring,char_yankd,boolean_ya,string_swap,print_ex,exec_d,integer_max,char_swap,string_contains,char_empty,exec_dup,exec_k,string_frominteg,exec_noop,exec_p,exec_r,exec_s,string_sho,integer_flu,exec_y,boolean_rot,boolean_a,integer_ya,exec_ya,boolean_invert_first_then_a,string_spl,string_occurrencesofch,integer_yankdup,string_replacechar,char_sho,string_fromboolean,print_stri,exec_string_itera,print_newli,string_ta,string_replacefirstchar,string_substring,boolean_stackdepth,string_shove,string_containschar,exec_do*ran,char_yankdup,char_yank,integer_sw,exec_do*times,string_fromch,integer_shove,exec_if,exec_whi,integer_g,char_frominteger,char_frominteg,boolean_dup,string_eq,boolean_not,char_eq,boolean_flush,boolean_pop,string_butlast,exec_swap,string_replacefir,boolean_swap,exec_sw,string_n,print_string,exec_flush,print_newline,integer_a,string_d,string_dup,string_frominteger,string_contai,integer_mod,exec_do*count,string_fir,string_r,integer_fromchar,string_p,integer_inc,boolean_invert_first_then_and,integer_fromstring,exec_rot,integer_m,boolean_d,char_rot,exec_do*cou,string_take,exec_string_iterate,string_split,integer_pop,boolean_n,string_re,boolean_p,boolean_r,exec_pop,string_sw,boolean_x,boolean_emp,string_la,char_emp,boolean_stackdep,string_parse_to_cha,print_char,integer_dup,boolean_invert_second_then_and,integer_sub,string_setch,exec_no,boolean_yank,char_islett,string_ya,string_flu,integer_stackdepth,integer_emp,integer_dec,print_boole,integer_gt,exec,string_indexofchar,in1,char_dup,char_flush,char_pop,integer_lte,string_conjch,exec_flu,string_containsch,boolean_eq,string_flush,print_boolean,integer_d,string_rever,char_,exec_empty,string_last,integer_l,exec_when,integer_i,string_substri,string_nth,string_occurrencesofchar,integer_r,integer_s,integer_p,exec_while,integer_fromboolean,integer_empty,string_fromboole
9.99900009999e-05,0.0851914808519,0.000399960004,0.001499850015,0.0569943005699,0.00709929007099,0.00969903009699,0.0565943405659,0.000199980002,0.000899910008999,0.0844915508449,0.003699630037,0.000299970003,0.0,0.000199980002,0.000399960004,0.000399960004,0.0,0.003399660034,0.000299970003,0.015398460154,0.002599740026,0.002199780022,0.004199580042,0.000299970003,0.00769923007699,0.00819918008199,0.0631936806319,9.99900009999e-05,0.0772922707729,9.99900009999e-05,0.000899910008999,0.004499550045,0.000499950005,0.0,0.0805919408059,0.002599740026,0.000699930006999,0.0,0.000499950005,0.000299970003,0.000799920007999,0.000299970003,0.00299970003,0.000599940005999,0.00619938006199,0.033496650335,0.000399960004,0.024897510249,0.0,0.015698430157,0.048195180482,0.003899610039,0.0,0.004599540046,0.000399960004,0.00519948005199,0.000799920007999,0.029497050295,0.0,0.001299870013,0.000499950005,0.019598040196,0.00199980002,0.000699930006999,0.000899910008999,0.000199980002,0.004499550045,0.000199980002,9.99900009999e-05,0.0,9.99900009999e-05,0.0,0.0,0.003699630037,0.001699830017,0.000799920007999,0.00609939006099,0.013198680132,0.000899910008999,0.0,0.0,0.00709929007099,0.004899510049,0.0,0.000299970003,0.045495450455,0.003499650035,0.001199880012,0.002299770023,0.0,0.001199880012,0.000499950005,0.000699930006999,0.0839916008399,0.000199980002,9.99900009999e-05,0.0509949005099,0.000399960004,0.003099690031,0.001199880012,0.0,0.035296470353,0.0,0.0,0.000499950005,0.00719928007199,0.00949905009499,0.00669933006699,0.003099690031,0.00199980002,0.000199980002,0.015498450155,0.000399960004,0.001599840016,0.000199980002,0.0,0.0,9.99900009999e-05,0.000899910008999,0.0,0.00499950005,9.99900009999e-05,0.0,0.0,0.000199980002,0.004299570043,0.00509949005099,0.000199980002,0.0782921707829,0.001499850015,9.99900009999e-05,0.0,0.0,0.002099790021,0.00679932006799,0.0299970003,0.004099590041,0.00699930006999,0.0,0.00739926007399,0.00719928007199,9.99900009999e-05,0.047095290471,0.000299970003,0.000699930006999,0.002499750025,0.001099890011,0.001899810019,0.001499850015,0.0,0.000399960004,0.002499750025,0.033496650335,0.000199980002,0.002599740026,0.00789921007899,0.003399660034,0.00299970003,0.0,0.00669933006699,0.000199980002,0.0,0.0556944305569,0.000299970003,9.99900009999e-05,9.99900009999e-05,0.001399860014,0.00529947005299,0.001299870013,0.000299970003,0.03599640036,0.000499950005,9.99900009999e-05,0.003099690031,0.000499950005,0.003399660034,0.0854914508549,0.000999900009999,0.004599540046,0.0557944205579,0.000599940005999,0.0,0.00629937006299,0.0,0.00589941005899,0.002699730027,0.000499950005,0.00539946005399,0.001099890011,0.000299970003,0.000299970003,0.0,0.00669933006699,0.00819918008199,0.000199980002,0.0,0.0,9.99900009999e-05,0.000399960004,0.00299970003,0.0526947305269,0.010198980102,0.025097490251,0.0821917808219,0.000599940005999,0.001399860014,9.99900009999e-05,0.0,0.000399960004,0.0,0.049595040496,9.99900009999e-05,0.002799720028,0.0,0.033296670333,0.0,0.000899910008999,0.0818918108189,0.00629937006299,0.00769923007699,0.01499850015,0.00599940005999,0.000499950005,0.0,0.000199980002,0.017098290171,0.001599840016,0.000499950005,0.000399960004,0.00639936006399,0.0,0.0849915008499,0.001099890011,9.99900009999e-05,0.000399960004,0.001699830017,0.000199980002,0.000899910008999,0.00539946005399,0.0,0.00499950005,0.000199980002,0.040195980402,0.001899810019,0.001899810019,0.002199780022
Gen 10
string_,string_rot,integer_swap,exec_sho,integer_gte,boolean_shove,boolean_and,string_pop,exec_eq,string_yankd,string_parse_to_chars,integer_lt,string_stackdepth,exec_do*whi,char_r,char_p,boolean_sw,integer_sho,boolean_invert_second_then_a,print_integ,char_iswhitespace,string_removechar,exec_emp,string_first,string_conc,string_yank,string_concat,string_setchar,exec_yankd,string_length,string_replacefirstch,char_d,integer_eq,exec_do*tim,string_emptystri,string_reverse,exec_yankdup,string_repla,exec_,char_ya,integer_mu,string_replacech,boolean_yankd,char_isletter,integer_add,string_empty,char_isdigit,print_integer,exec_shove,integer_fromstri,string_conjchar,boolean_or,boolean_empty,exec_wh,string_fromchar,integer_yankd,exec_do*while,integer_rot,string_rest,boolean_flu,integer_stackdep,char_iswhitespa,char_allfromstring,boolean_,char_allfromstri,exec_stackdepth,exec_do*range,char_shove,char_stackdep,string_removech,exec_stackdep,boolean_sho,string_indexofch,string_stackdep,string_leng,print_ch,integer_mult,boolean_xor,boolean_yankdup,integer_min,string_emp,integer_fromch,exec_yank,char_stackdepth,char_sw,integer_fromboole,string_replace,integer_div,string_replacefirst,boolean_frominteger,string_butla,char_isdig,integer_flush,integer_,string_yankdup,char_flu,print_exec,integer_yank,boolean_frominteg,string_emptystring,char_yankd,boolean_ya,string_swap,print_ex,exec_d,integer_max,char_swap,string_contains,char_empty,exec_dup,exec_k,string_frominteg,exec_noop,exec_p,exec_r,exec_s,string_sho,integer_flu,exec_y,boolean_rot,boolean_a,integer_ya,exec_ya,boolean_invert_first_then_a,string_spl,string_occurrencesofch,integer_yankdup,string_replacechar,char_sho,string_fromboolean,print_stri,exec_string_itera,print_newli,string_ta,string_replacefirstchar,string_substring,boolean_stackdepth,string_shove,string_containschar,exec_do*ran,char_yankdup,char_yank,integer_sw,exec_do*times,string_fromch,integer_shove,exec_if,exec_whi,integer_g,char_frominteger,char_frominteg,boolean_dup,string_eq,boolean_not,char_eq,boolean_flush,boolean_pop,string_butlast,exec_swap,string_replacefir,boolean_swap,exec_sw,string_n,print_string,exec_flush,print_newline,integer_a,string_d,string_dup,string_frominteger,string_contai,integer_mod,exec_do*count,string_fir,string_r,integer_fromchar,string_p,integer_inc,boolean_invert_first_then_and,integer_fromstring,exec_rot,integer_m,boolean_d,char_rot,exec_do*cou,string_take,exec_string_iterate,string_split,integer_pop,boolean_n,string_re,boolean_p,boolean_r,exec_pop,string_sw,boolean_x,boolean_emp,string_la,char_emp,boolean_stackdep,string_parse_to_cha,print_char,integer_dup,boolean_invert_second_then_and,integer_sub,string_setch,exec_no,boolean_yank,char_islett,string_ya,string_flu,integer_stackdepth,integer_emp,integer_dec,print_boole,integer_gt,exec,string_indexofchar,in1,char_dup,char_flush,char_pop,integer_lte,string_conjch,exec_flu,string_containsch,boolean_eq,string_flush,print_boolean,integer_d,string_rever,char_,exec_empty,string_last,integer_l,exec_when,integer_i,string_substri,string_nth,string_occurrencesofchar,integer_r,integer_s,integer_p,exec_while,integer_fromboolean,integer_empty,string_fromboole
0.0,0.0773566039451,0.000181801654395,0.00072720661758,0.052449777293,0.00627215707663,0.00772657031179,0.0526315789474,0.00036360330879,0.00127261158077,0.0817198436506,0.00172711571675,0.000454504135988,0.000181801654395,0.0,0.000454504135988,0.000181801654395,0.0,0.00209071902554,9.09008271975e-05,0.00899918189256,0.000999909099173,0.00218161985274,0.00227252067994,9.09008271975e-05,0.00490864466867,0.00681756203981,0.0603581492592,0.0,0.0737205708572,0.0,0.000272702481593,0.00336333060631,0.000999909099173,0.0,0.0781747113899,0.00118171075357,0.000545404963185,0.0,0.000181801654395,0.0,0.00036360330879,0.000181801654395,0.00227252067994,0.000272702481593,0.0036360330879,0.0315425870375,0.000636305790383,0.0204526861194,9.09008271975e-05,0.00945368602854,0.0417234796837,0.00281792564312,0.0,0.00699936369421,0.000272702481593,0.0035451322607,0.000818107444778,0.0241796200345,9.09008271975e-05,0.00136351240796,0.000181801654395,0.0119989091901,0.000999909099173,0.000454504135988,0.000636305790383,0.000181801654395,0.00327242977911,9.09008271975e-05,9.09008271975e-05,0.0,9.09008271975e-05,9.09008271975e-05,0.0,0.00399963639669,0.000818107444778,0.000454504135988,0.0036360330879,0.00781747113899,0.000272702481593,0.0,0.0,0.00409053722389,0.00245432233433,9.09008271975e-05,0.000272702481593,0.0414507772021,0.00263612398873,0.00036360330879,0.00127261158077,0.0,0.00109080992637,0.000818107444778,0.000818107444778,0.0806290337242,9.09008271975e-05,0.000272702481593,0.0459049177348,9.09008271975e-05,0.00154531406236,0.000454504135988,0.0,0.0329970002727,0.0,0.0,0.000454504135988,0.00445414053268,0.00481774384147,0.00427233887828,0.00163621488956,0.00172711571675,0.000272702481593,0.00872647941096,0.000454504135988,0.00190891737115,0.000181801654395,9.09008271975e-05,0.0,9.09008271975e-05,0.00145441323516,0.000181801654395,0.0117262067085,0.000181801654395,0.0,0.0,0.00036360330879,0.00245432233433,0.00390873556949,0.0,0.0750840832652,0.000545404963185,0.0,0.0,0.00036360330879,0.000999909099173,0.0038178347423,0.0249977274793,0.00218161985274,0.00445414053268,0.0,0.00345423143351,0.00463594218707,0.0,0.0416325788565,0.0,0.00563585128625,0.00154531406236,0.000999909099173,0.00209071902554,0.000818107444778,0.0,0.000181801654395,0.00136351240796,0.0306335787656,0.000181801654395,0.00163621488956,0.00409053722389,0.00145441323516,0.00154531406236,0.0,0.00336333060631,0.0,0.0,0.0507226615762,0.000272702481593,0.000181801654395,0.0,0.000636305790383,0.00245432233433,0.00036360330879,9.09008271975e-05,0.0309062812472,0.000181801654395,0.0,0.00336333060631,0.000636305790383,0.0035451322607,0.0824470502682,0.000181801654395,0.00236342150714,0.0529951822562,0.000818107444778,0.0,0.00427233887828,9.09008271975e-05,0.00336333060631,0.00145441323516,0.00072720661758,0.00309062812472,0.000545404963185,0.000454504135988,0.000272702481593,0.0,0.0037269339151,0.00636305790383,0.000181801654395,0.0,0.0,0.000181801654395,0.000545404963185,0.00236342150714,0.0481774384147,0.0072720661758,0.020725388601,0.0788110171803,0.00072720661758,0.00209071902554,0.000545404963185,9.09008271975e-05,9.09008271975e-05,0.0,0.0470866284883,0.0,0.00172711571675,0.0,0.0266339423689,0.0,0.000454504135988,0.0779929097355,0.00299972729752,0.0107262976093,0.0135442232524,0.00327242977911,0.000272702481593,9.09008271975e-05,0.000181801654395,0.0121807108445,0.00072720661758,0.000454504135988,0.00036360330879,0.00599945459504,0.0,0.081901645305,0.000272702481593,0.000181801654395,0.00036360330879,0.00199981819835,0.000181801654395,0.000272702481593,0.0036360330879,9.09008271975e-05,0.00499954549586,0.0,0.0351786201254,0.000999909099173,0.00127261158077,0.00263612398873
Gen 11
string_,string_rot,integer_swap,exec_sho,integer_gte,boolean_shove,boolean_and,string_pop,exec_eq,string_yankd,string_parse_to_chars,integer_lt,string_stackdepth,exec_do*whi,char_r,char_p,boolean_sw,integer_sho,boolean_invert_second_then_a,print_integ,char_iswhitespace,string_removechar,exec_emp,string_first,string_conc,string_yank,string_concat,string_setchar,exec_yankd,string_length,string_replacefirstch,char_d,integer_eq,exec_do*tim,string_emptystri,string_reverse,exec_yankdup,string_repla,exec_,char_ya,integer_mu,string_replacech,boolean_yankd,char_isletter,integer_add,string_empty,char_isdigit,print_integer,exec_shove,integer_fromstri,string_conjchar,boolean_or,boolean_empty,exec_wh,string_fromchar,integer_yankd,exec_do*while,integer_rot,string_rest,boolean_flu,integer_stackdep,char_iswhitespa,char_allfromstring,boolean_,char_allfromstri,exec_stackdepth,exec_do*range,char_shove,char_stackdep,string_removech,exec_stackdep,boolean_sho,string_indexofch,string_stackdep,string_leng,print_ch,integer_mult,boolean_xor,boolean_yankdup,integer_min,string_emp,integer_fromch,exec_yank,char_stackdepth,char_sw,integer_fromboole,string_replace,integer_div,string_replacefirst,boolean_frominteger,string_butla,char_isdig,integer_flush,integer_,string_yankdup,char_flu,print_exec,integer_yank,boolean_frominteg,string_emptystring,char_yankd,boolean_ya,string_swap,print_ex,exec_d,integer_max,char_swap,string_contains,char_empty,exec_dup,exec_k,string_frominteg,exec_noop,exec_p,exec_r,exec_s,string_sho,integer_flu,exec_y,boolean_rot,boolean_a,integer_ya,exec_ya,boolean_invert_first_then_a,string_spl,string_occurrencesofch,integer_yankdup,string_replacechar,char_sho,string_fromboolean,print_stri,exec_string_itera,print_newli,string_ta,string_replacefirstchar,string_substring,boolean_stackdepth,string_shove,string_containschar,exec_do*ran,char_yankdup,char_yank,integer_sw,exec_do*times,string_fromch,integer_shove,exec_if,exec_whi,integer_g,char_frominteger,char_frominteg,boolean_dup,string_eq,boolean_not,char_eq,boolean_flush,boolean_pop,string_butlast,exec_swap,string_replacefir,boolean_swap,exec_sw,string_n,print_string,exec_flush,print_newline,integer_a,string_d,string_dup,string_frominteger,string_contai,integer_mod,exec_do*count,string_fir,string_r,integer_fromchar,string_p,integer_inc,boolean_invert_first_then_and,integer_fromstring,exec_rot,integer_m,boolean_d,char_rot,exec_do*cou,string_take,exec_string_iterate,string_split,integer_pop,boolean_n,string_re,boolean_p,boolean_r,exec_pop,string_sw,boolean_x,boolean_emp,string_la,char_emp,boolean_stackdep,string_parse_to_cha,print_char,integer_dup,boolean_invert_second_then_and,integer_sub,string_setch,exec_no,boolean_yank,char_islett,string_ya,string_flu,integer_stackdepth,integer_emp,integer_dec,print_boole,integer_gt,exec,string_indexofchar,in1,char_dup,char_flush,char_pop,integer_lte,string_conjch,exec_flu,string_containsch,boolean_eq,string_flush,print_boolean,integer_d,string_rever,char_,exec_empty,string_last,integer_l,exec_when,integer_i,string_substri,string_nth,string_occurrencesofchar,integer_r,integer_s,integer_p,exec_while,integer_fromboolean,integer_empty,string_fromboole
8.33263894675e-05,0.073243896342,0.00033330555787,0.00108324306308,0.0432463961337,0.00474960419965,0.00416631947338,0.0469127572702,8.33263894675e-05,0.00124989584201,0.0777435213732,0.00066661111574,0.00066661111574,0.000249979168403,0.000416631947338,0.000416631947338,8.33263894675e-05,0.0,0.000999916673611,0.0,0.00783268060995,0.000583284726273,0.00149987501042,0.00133322223148,8.33263894675e-05,0.0028330972419,0.00466627781018,0.0539121739855,0.0,0.0704107991001,0.000166652778935,0.000166652778935,0.0035830347471,0.00149987501042,0.000166652778935,0.0739105074577,0.00124989584201,0.000249979168403,8.33263894675e-05,8.33263894675e-05,0.0,8.33263894675e-05,8.33263894675e-05,0.00208315973669,0.000249979168403,0.00299975002083,0.0298308474294,0.000249979168403,0.0207482709774,8.33263894675e-05,0.00808265977835,0.0354970419132,0.00183318056829,0.0,0.00541621531539,0.0,0.00766602783101,0.000166652778935,0.0228314307141,0.000166652778935,0.000999916673611,0.00033330555787,0.00891592367303,0.00133322223148,0.000249979168403,0.000916590284143,0.00033330555787,0.00183318056829,0.0,8.33263894675e-05,0.0,8.33263894675e-05,8.33263894675e-05,0.0,0.0061661528206,0.00108324306308,0.00033330555787,0.00258311807349,0.00558286809433,0.000166652778935,8.33263894675e-05,0.0,0.00391634030497,0.00266644446296,0.000166652778935,0.0,0.0349137571869,0.00249979168403,0.0,0.00124989584201,0.0,0.000916590284143,0.00033330555787,0.00133322223148,0.0763269727523,0.000249979168403,0.000249979168403,0.0402466461128,0.0,0.00291642363136,0.00033330555787,0.0,0.0304974585451,0.0,0.0,0.000166652778935,0.00316640279977,0.00366636113657,0.00324972918923,0.00174985417882,0.000833263894675,8.33263894675e-05,0.00624947921007,0.000583284726273,0.00474960419965,0.000249979168403,8.33263894675e-05,0.0,0.000166652778935,0.000499958336805,0.00033330555787,0.00599950004166,0.000166652778935,0.0,0.0,0.000416631947338,0.00174985417882,0.00233313890509,8.33263894675e-05,0.0725772852262,0.00108324306308,0.0,0.0,0.000166652778935,0.00108324306308,0.00291642363136,0.0245812848929,0.00166652778935,0.00316640279977,0.0,0.00249979168403,0.0035830347471,0.0,0.04224647946,0.0,0.00558286809433,0.00141654862095,0.00116656945255,0.000833263894675,0.000249979168403,8.33263894675e-05,0.00033330555787,0.000999916673611,0.0284976251979,0.000166652778935,0.000416631947338,0.00349970835764,0.000833263894675,0.000999916673611,0.0,0.00341638196817,0.0,0.0,0.041163236397,0.000166652778935,0.00033330555787,0.0,0.000499958336805,0.00174985417882,0.000416631947338,0.000416631947338,0.0274143821348,0.000166652778935,0.0,0.00224981251562,8.33263894675e-05,0.00233313890509,0.0779101741522,0.00033330555787,0.00216648612616,0.0430797433547,0.00033330555787,0.0,0.00374968752604,0.0,0.00366636113657,0.00116656945255,0.000916590284143,0.00241646529456,0.000749937505208,0.000833263894675,8.33263894675e-05,0.0,0.00349970835764,0.00349970835764,8.33263894675e-05,8.33263894675e-05,0.0,0.00033330555787,0.000749937505208,0.00341638196817,0.0398300141655,0.010165819515,0.0220814932089,0.0759103408049,0.00124989584201,0.00133322223148,0.00208315973669,8.33263894675e-05,0.000249979168403,0.0,0.0387467711024,0.0,0.000749937505208,8.33263894675e-05,0.0259978335139,0.0,0.00108324306308,0.0754937088576,0.00141654862095,0.00916590284143,0.0107491042413,0.00258311807349,0.00033330555787,0.0,0.000166652778935,0.0106657778518,0.000249979168403,8.33263894675e-05,0.000166652778935,0.00583284726273,0.0,0.0781601533206,0.000249979168403,0.000166652778935,0.000499958336805,0.00108324306308,0.000166652778935,0.00033330555787,0.00366636113657,0.0,0.00424964586284,0.0,0.0324139655029,0.00066661111574,0.00149987501042,0.00316640279977
Gen 12
string_,string_rot,integer_swap,exec_sho,integer_gte,boolean_shove,boolean_and,string_pop,exec_eq,string_yankd,string_parse_to_chars,integer_lt,string_stackdepth,exec_do*whi,char_r,char_p,boolean_sw,integer_sho,boolean_invert_second_then_a,print_integ,char_iswhitespace,string_removechar,exec_emp,string_first,string_conc,string_yank,string_concat,string_setchar,exec_yankd,string_length,string_replacefirstch,char_d,integer_eq,exec_do*tim,string_emptystri,string_reverse,exec_yankdup,string_repla,exec_,char_ya,integer_mu,string_replacech,boolean_yankd,char_isletter,integer_add,string_empty,char_isdigit,print_integer,exec_shove,integer_fromstri,string_conjchar,boolean_or,boolean_empty,exec_wh,string_fromchar,integer_yankd,exec_do*while,integer_rot,string_rest,boolean_flu,integer_stackdep,char_iswhitespa,char_allfromstring,boolean_,char_allfromstri,exec_stackdepth,exec_do*range,char_shove,char_stackdep,string_removech,exec_stackdep,boolean_sho,string_indexofch,string_stackdep,string_leng,print_ch,integer_mult,boolean_xor,boolean_yankdup,integer_min,string_emp,integer_fromch,exec_yank,char_stackdepth,char_sw,integer_fromboole,string_replace,integer_div,string_replacefirst,boolean_frominteger,string_butla,char_isdig,integer_flush,integer_,string_yankdup,char_flu,print_exec,integer_yank,boolean_frominteg,string_emptystring,char_yankd,boolean_ya,string_swap,print_ex,exec_d,integer_max,char_swap,string_contains,char_empty,exec_dup,exec_k,string_frominteg,exec_noop,exec_p,exec_r,exec_s,string_sho,integer_flu,exec_y,boolean_rot,boolean_a,integer_ya,exec_ya,boolean_invert_first_then_a,string_spl,string_occurrencesofch,integer_yankdup,string_replacechar,char_sho,string_fromboolean,print_stri,exec_string_itera,print_newli,string_ta,string_replacefirstchar,string_substring,boolean_stackdepth,string_shove,string_containschar,exec_do*ran,char_yankdup,char_yank,integer_sw,exec_do*times,string_fromch,integer_shove,exec_if,exec_whi,integer_g,char_frominteger,char_frominteg,boolean_dup,string_eq,boolean_not,char_eq,boolean_flush,boolean_pop,string_butlast,exec_swap,string_replacefir,boolean_swap,exec_sw,string_n,print_string,exec_flush,print_newline,integer_a,string_d,string_dup,string_frominteger,string_contai,integer_mod,exec_do*count,string_fir,string_r,integer_fromchar,string_p,integer_inc,boolean_invert_first_then_and,integer_fromstring,exec_rot,integer_m,boolean_d,char_rot,exec_do*cou,string_take,exec_string_iterate,string_split,integer_pop,boolean_n,string_re,boolean_p,boolean_r,exec_pop,string_sw,boolean_x,boolean_emp,string_la,char_emp,boolean_stackdep,string_parse_to_cha,print_char,integer_dup,boolean_invert_second_then_and,integer_sub,string_setch,exec_no,boolean_yank,char_islett,string_ya,string_flu,integer_stackdepth,integer_emp,integer_dec,print_boole,integer_gt,exec,string_indexofchar,in1,char_dup,char_flush,char_pop,integer_lte,string_conjch,exec_flu,string_containsch,boolean_eq,string_flush,print_boolean,integer_d,string_rever,char_,exec_empty,string_last,integer_l,exec_when,integer_i,string_substri,string_nth,string_occurrencesofchar,integer_r,integer_s,integer_p,exec_while,integer_fromboolean,integer_empty,string_fromboole
7.69171602184e-05,0.0710714560418,0.0,0.0012306745635,0.0308437812476,0.00261518344743,0.00269210060765,0.0356126451811,0.0,0.000923005922621,0.073225136528,0.000846088762403,0.000153834320437,0.000307668640874,7.69171602184e-05,0.000153834320437,0.0,0.0,0.000230751480655,0.0,0.00769171602184,0.000692254441966,0.00115375740328,0.00284593492808,0.000846088762403,0.0041535266518,0.00515344973464,0.0476886393354,0.0,0.0667640950696,0.0,0.0,0.00361510653027,0.00130759172371,0.000153834320437,0.0706099530805,0.00107684024306,0.000153834320437,7.69171602184e-05,7.69171602184e-05,0.0,0.0,0.000384585801092,0.000846088762403,0.000307668640874,0.00353818937005,0.0198446273364,0.000615337281748,0.0148450119222,0.000230751480655,0.00746096454119,0.0231520652258,0.00192292900546,0.0,0.00530728405507,7.69171602184e-05,0.0159218521652,0.000461502961311,0.015844935005,0.0,0.000846088762403,0.000384585801092,0.00753788170141,0.00138450888393,7.69171602184e-05,0.000692254441966,0.000538420121529,0.00353818937005,7.69171602184e-05,0.0,0.0,7.69171602184e-05,0.0,0.0,0.00261518344743,0.000846088762403,0.000230751480655,0.00161526036459,0.00699946157988,0.000230751480655,7.69171602184e-05,0.0,0.00384585801092,0.00146142604415,0.0,0.0,0.0259980001538,0.0012306745635,0.000153834320437,0.00284593492808,0.000153834320437,0.000461502961311,0.000307668640874,0.00107684024306,0.070071532959,0.000153834320437,7.69171602184e-05,0.0283055149604,0.0,0.00330743788939,0.000384585801092,0.0,0.0205368817783,0.0,0.0,0.000615337281748,0.00269210060765,0.00261518344743,0.00338435504961,0.00099992308284,0.000538420121529,0.0,0.00638412429813,0.000307668640874,0.00476886393354,0.000153834320437,7.69171602184e-05,0.0,0.000153834320437,0.00107684024306,0.0,0.00361510653027,7.69171602184e-05,0.0,0.0,0.0,0.0012306745635,0.00107684024306,0.0,0.0671486808707,0.00099992308284,7.69171602184e-05,0.0,0.0,0.00130759172371,0.00261518344743,0.0220752249827,0.00338435504961,0.00384585801092,0.0,0.00199984616568,0.00407660949158,0.0,0.0333820475348,7.69171602184e-05,0.00530728405507,0.000923005922621,0.00107684024306,0.000461502961311,0.000153834320437,7.69171602184e-05,0.000307668640874,0.000923005922621,0.0177678640105,7.69171602184e-05,0.000615337281748,0.00284593492808,0.000461502961311,0.000538420121529,0.0,0.0049996154142,0.0,0.0,0.029228520883,7.69171602184e-05,7.69171602184e-05,0.0,0.000307668640874,0.00153834320437,0.000153834320437,0.000153834320437,0.0277670948389,0.000538420121529,0.0,0.00346127220983,7.69171602184e-05,0.00184601184524,0.0744558110915,0.0,0.00192292900546,0.0311514498885,0.000230751480655,0.0,0.00438427813245,0.0,0.00430736097223,0.000923005922621,0.000615337281748,0.00146142604415,0.000692254441966,0.000538420121529,0.000153834320437,0.0,0.00492269825398,0.00230751480655,7.69171602184e-05,7.69171602184e-05,0.0,0.00253826628721,0.00099992308284,0.00238443196677,0.0284593492808,0.00846088762403,0.0162295208061,0.0687639412353,0.00746096454119,0.000615337281748,0.000923005922621,0.0,0.0,0.0,0.0266902545958,7.69171602184e-05,0.00284593492808,0.0,0.020767633259,7.69171602184e-05,0.000307668640874,0.0686101069149,0.0029228520883,0.00730713022075,0.00723021306053,0.00384585801092,0.000153834320437,0.0,7.69171602184e-05,0.00838397046381,0.00338435504961,0.000384585801092,0.000153834320437,0.00369202369049,0.0,0.0739943081301,0.000230751480655,0.0,0.000384585801092,0.00238443196677,0.000461502961311,0.0,0.00430736097223,0.0,0.00799938466272,0.0,0.0213060533805,0.00261518344743,0.00315360356896,0.00238443196677
Gen 13
string_,string_rot,integer_swap,exec_sho,integer_gte,boolean_shove,boolean_and,string_pop,exec_eq,string_yankd,string_parse_to_chars,integer_lt,string_stackdepth,exec_do*whi,char_r,char_p,boolean_sw,integer_sho,boolean_invert_second_then_a,print_integ,char_iswhitespace,string_removechar,exec_emp,string_first,string_conc,string_yank,string_concat,string_setchar,exec_yankd,string_length,string_replacefirstch,char_d,integer_eq,exec_do*tim,string_emptystri,string_reverse,exec_yankdup,string_repla,exec_,char_ya,integer_mu,string_replacech,boolean_yankd,char_isletter,integer_add,string_empty,char_isdigit,print_integer,exec_shove,integer_fromstri,string_conjchar,boolean_or,boolean_empty,exec_wh,string_fromchar,integer_yankd,exec_do*while,integer_rot,string_rest,boolean_flu,integer_stackdep,char_iswhitespa,char_allfromstring,boolean_,char_allfromstri,exec_stackdepth,exec_do*range,char_shove,char_stackdep,string_removech,exec_stackdep,boolean_sho,string_indexofch,string_stackdep,string_leng,print_ch,integer_mult,boolean_xor,boolean_yankdup,integer_min,string_emp,integer_fromch,exec_yank,char_stackdepth,char_sw,integer_fromboole,string_replace,integer_div,string_replacefirst,boolean_frominteger,string_butla,char_isdig,integer_flush,integer_,string_yankdup,char_flu,print_exec,integer_yank,boolean_frominteg,string_emptystring,char_yankd,boolean_ya,string_swap,print_ex,exec_d,integer_max,char_swap,string_contains,char_empty,exec_dup,exec_k,string_frominteg,exec_noop,exec_p,exec_r,exec_s,string_sho,integer_flu,exec_y,boolean_rot,boolean_a,integer_ya,exec_ya,boolean_invert_first_then_a,string_spl,string_occurrencesofch,integer_yankdup,string_replacechar,char_sho,string_fromboolean,print_stri,exec_string_itera,print_newli,string_ta,string_replacefirstchar,string_substring,boolean_stackdepth,string_shove,string_containschar,exec_do*ran,char_yankdup,char_yank,integer_sw,exec_do*times,string_fromch,integer_shove,exec_if,exec_whi,integer_g,char_frominteger,char_frominteg,boolean_dup,string_eq,boolean_not,char_eq,boolean_flush,boolean_pop,string_butlast,exec_swap,string_replacefir,boolean_swap,exec_sw,string_n,print_string,exec_flush,print_newline,integer_a,string_d,string_dup,string_frominteger,string_contai,integer_mod,exec_do*count,string_fir,string_r,integer_fromchar,string_p,integer_inc,boolean_invert_first_then_and,integer_fromstring,exec_rot,integer_m,boolean_d,char_rot,exec_do*cou,string_take,exec_string_iterate,string_split,integer_pop,boolean_n,string_re,boolean_p,boolean_r,exec_pop,string_sw,boolean_x,boolean_emp,string_la,char_emp,boolean_stackdep,string_parse_to_cha,print_char,integer_dup,boolean_invert_second_then_and,integer_sub,string_setch,exec_no,boolean_yank,char_islett,string_ya,string_flu,integer_stackdepth,integer_emp,integer_dec,print_boole,integer_gt,exec,string_indexofchar,in1,char_dup,char_flush,char_pop,integer_lte,string_conjch,exec_flu,string_containsch,boolean_eq,string_flush,print_boolean,integer_d,string_rever,char_,exec_empty,string_last,integer_l,exec_when,integer_i,string_substri,string_nth,string_occurrencesofchar,integer_r,integer_s,integer_p,exec_while,integer_fromboolean,integer_empty,string_fromboole
0.0,0.0660667095207,0.000285693879009,0.000571387758017,0.02592671952,0.00249982144133,0.00278551532033,0.0323548317977,0.000142846939504,0.00128562245554,0.0679237197343,0.000571387758017,0.000357117348761,0.000214270409256,0.0,7.14234697522e-05,0.000285693879009,7.14234697522e-05,0.000285693879009,0.0,0.00628526533819,0.000428540818513,0.00171416327405,0.00249982144133,0.000142846939504,0.00414256124563,0.00449967859439,0.0428540818513,0.0,0.0616384543961,0.0,7.14234697522e-05,0.00349975001786,0.000714234697522,0.000142846939504,0.0658524391115,0.000428540818513,0.000428540818513,0.0,0.000214270409256,0.0,0.0,0.000285693879009,0.000857081637026,0.000357117348761,0.00307120919934,0.0174273266195,0.000285693879009,0.0134990357832,0.000142846939504,0.0065709592172,0.0202128419399,0.00299978572959,0.0,0.00349975001786,0.0,0.0144275408899,0.000642811227769,0.0142132704807,0.0,0.000642811227769,7.14234697522e-05,0.00607099492893,0.00142846939504,0.0,0.000714234697522,0.000214270409256,0.00292836225984,0.0,7.14234697522e-05,0.0,0.0,0.0,0.0,0.00371402042711,0.000214270409256,0.00221412756232,0.00121419898579,0.00557103064067,0.000285693879009,0.0,0.0,0.00364259695736,0.000499964288265,7.14234697522e-05,0.0,0.0211413470466,0.000714234697522,0.000214270409256,0.00214270409256,0.0,0.000571387758017,0.000214270409256,0.00121419898579,0.0612813370474,0.000357117348761,0.0,0.024783944004,7.14234697522e-05,0.00299978572959,0.000214270409256,0.0,0.0187843725448,0.0,0.0,0.00114277551603,0.0016427398043,0.00171416327405,0.00321405613885,0.00099992857653,0.000571387758017,7.14234697522e-05,0.00592814798943,7.14234697522e-05,0.00385686736662,7.14234697522e-05,0.0,0.0,7.14234697522e-05,0.00099992857653,0.0,0.00321405613885,0.0,0.0,0.0,0.0,0.00171416327405,0.00128562245554,0.000142846939504,0.0620669952146,0.00142846939504,0.0,0.0,0.0,0.000499964288265,0.00249982144133,0.0211413470466,0.00292836225984,0.00357117348761,0.0,0.00207128062281,0.00449967859439,0.0,0.0326405256767,7.14234697522e-05,0.00442825512463,0.0014998928648,0.00128562245554,0.00107135204628,7.14234697522e-05,0.0,7.14234697522e-05,0.00235697450182,0.0163559745732,0.000285693879009,0.000428540818513,0.00207128062281,0.000428540818513,0.000571387758017,0.0,0.00442825512463,0.0,0.0,0.0238554388972,0.000142846939504,0.000214270409256,0.0,0.000142846939504,0.0016427398043,0.000142846939504,0.0,0.0235697450182,0.000571387758017,0.0,0.00371402042711,0.000142846939504,0.00264266838083,0.0688522248411,0.000214270409256,0.0017855867438,0.0272123419756,0.000357117348761,0.0,0.00378544389686,7.14234697522e-05,0.00364259695736,0.000785658167274,0.000785658167274,0.000928505106778,0.00114277551603,0.000714234697522,7.14234697522e-05,0.0,0.00457110206414,0.00128562245554,0.0,0.0,0.0,0.00192843368331,0.000642811227769,0.00321405613885,0.0234268980787,0.0082136990215,0.0142846939504,0.0613527605171,0.00685665309621,0.000214270409256,0.00121419898579,0.0,0.000214270409256,7.14234697522e-05,0.0224269695022,7.14234697522e-05,0.00299978572959,7.14234697522e-05,0.0182844082566,0.0,0.000642811227769,0.0614956074566,0.00221412756232,0.00614241839869,0.00642811227769,0.00378544389686,0.0,0.0,0.0,0.00749946432398,0.000214270409256,0.000571387758017,0.000357117348761,0.00278551532033,7.14234697522e-05,0.0683522605528,0.000928505106778,7.14234697522e-05,0.000785658167274,0.00214270409256,0.000357117348761,0.000285693879009,0.00385686736662,0.0,0.00599957145918,7.14234697522e-05,0.0189986429541,0.00221412756232,0.0034283265481,0.0014998928648
Gen 14
string_,string_rot,integer_swap,exec_sho,integer_gte,boolean_shove,boolean_and,string_pop,exec_eq,string_yankd,string_parse_to_chars,integer_lt,string_stackdepth,exec_do*whi,char_r,char_p,boolean_sw,integer_sho,boolean_invert_second_then_a,print_integ,char_iswhitespace,string_removechar,exec_emp,string_first,string_conc,string_yank,string_concat,string_setchar,exec_yankd,string_length,string_replacefirstch,char_d,integer_eq,exec_do*tim,string_emptystri,string_reverse,exec_yankdup,string_repla,exec_,char_ya,integer_mu,string_replacech,boolean_yankd,char_isletter,integer_add,string_empty,char_isdigit,print_integer,exec_shove,integer_fromstri,string_conjchar,boolean_or,boolean_empty,exec_wh,string_fromchar,integer_yankd,exec_do*while,integer_rot,string_rest,boolean_flu,integer_stackdep,char_iswhitespa,char_allfromstring,boolean_,char_allfromstri,exec_stackdepth,exec_do*range,char_shove,char_stackdep,string_removech,exec_stackdep,boolean_sho,string_indexofch,string_stackdep,string_leng,print_ch,integer_mult,boolean_xor,boolean_yankdup,integer_min,string_emp,integer_fromch,exec_yank,char_stackdepth,char_sw,integer_fromboole,string_replace,integer_div,string_replacefirst,boolean_frominteger,string_butla,char_isdig,integer_flush,integer_,string_yankdup,char_flu,print_exec,integer_yank,boolean_frominteg,string_emptystring,char_yankd,boolean_ya,string_swap,print_ex,exec_d,integer_max,char_swap,string_contains,char_empty,exec_dup,exec_k,string_frominteg,exec_noop,exec_p,exec_r,exec_s,string_sho,integer_flu,exec_y,boolean_rot,boolean_a,integer_ya,exec_ya,boolean_invert_first_then_a,string_spl,string_occurrencesofch,integer_yankdup,string_replacechar,char_sho,string_fromboolean,print_stri,exec_string_itera,print_newli,string_ta,string_replacefirstchar,string_substring,boolean_stackdepth,string_shove,string_containschar,exec_do*ran,char_yankdup,char_yank,integer_sw,exec_do*times,string_fromch,integer_shove,exec_if,exec_whi,integer_g,char_frominteger,char_frominteg,boolean_dup,string_eq,boolean_not,char_eq,boolean_flush,boolean_pop,string_butlast,exec_swap,string_replacefir,boolean_swap,exec_sw,string_n,print_string,exec_flush,print_newline,integer_a,string_d,string_dup,string_frominteger,string_contai,integer_mod,exec_do*count,string_fir,string_r,integer_fromchar,string_p,integer_inc,boolean_invert_first_then_and,integer_fromstring,exec_rot,integer_m,boolean_d,char_rot,exec_do*cou,string_take,exec_string_iterate,string_split,integer_pop,boolean_n,string_re,boolean_p,boolean_r,exec_pop,string_sw,boolean_x,boolean_emp,string_la,char_emp,boolean_stackdep,string_parse_to_cha,print_char,integer_dup,boolean_invert_second_then_and,integer_sub,string_setch,exec_no,boolean_yank,char_islett,string_ya,string_flu,integer_stackdepth,integer_emp,integer_dec,print_boole,integer_gt,exec,string_indexofchar,in1,char_dup,char_flush,char_pop,integer_lte,string_conjch,exec_flu,string_containsch,boolean_eq,string_flush,print_boolean,integer_d,string_rever,char_,exec_empty,string_last,integer_l,exec_when,integer_i,string_substri,string_nth,string_occurrencesofchar,integer_r,integer_s,integer_p,exec_while,integer_fromboolean,integer_empty,string_fromboole
0.0,0.0584627691487,0.000133324445037,0.000733284447703,0.0235984267715,0.00166655556296,0.00119992000533,0.0275314979001,6.66622225185e-05,0.000799946670222,0.0612625824945,0.000399973335111,0.000666622225185,0.000533297780148,0.000133324445037,0.000266648890074,6.66622225185e-05,0.0,0.000399973335111,6.66622225185e-05,0.00533297780148,0.000533297780148,0.00133324445037,0.00279981334578,0.000133324445037,0.00333311112592,0.00353309779348,0.0405972935138,0.0,0.0563962402506,6.66622225185e-05,0.000133324445037,0.003599760016,0.00146656889541,6.66622225185e-05,0.0576628224785,0.000733284447703,0.000466635557629,0.000133324445037,6.66622225185e-05,0.0,0.0,6.66622225185e-05,0.000399973335111,0.000133324445037,0.0028664755683,0.016332244517,0.000133324445037,0.0128658089461,0.0,0.00559962669155,0.0193987067529,0.0043330444637,0.0,0.00319978668089,0.000199986667555,0.0141323911739,0.000466635557629,0.0143323778415,6.66622225185e-05,0.000599960002666,0.000266648890074,0.00673288447437,0.000999933337777,0.000333311112592,0.000266648890074,0.000533297780148,0.00273315112326,0.0,0.0,0.0,0.0,6.66622225185e-05,0.0,0.00246650223318,0.000533297780148,0.00226651556563,0.00173321778548,0.00473301779881,0.000399973335111,6.66622225185e-05,0.0,0.00386640890607,0.000733284447703,0.0,0.0,0.0193320445304,0.000933271115259,0.012732484501,0.00193320445304,0.0,0.000999933337777,0.0,0.001799880008,0.0557296180255,0.000133324445037,0.000133324445037,0.0240650623292,6.66622225185e-05,0.00326644890341,0.0,0.0,0.0183987734151,0.0,0.0,0.000999933337777,0.00159989334044,0.00159989334044,0.00333311112592,0.000933271115259,0.000333311112592,0.0,0.00493300446637,0.000133324445037,0.00926604893007,6.66622225185e-05,6.66622225185e-05,0.0,0.000133324445037,0.000533297780148,0.0,0.00246650223318,0.0,0.0,6.66622225185e-05,0.0,0.00259982667822,0.000733284447703,0.0,0.055929604693,0.00119992000533,6.66622225185e-05,0.0,0.0,0.000466635557629,0.00166655556296,0.0307979468035,0.00246650223318,0.00319978668089,0.0,0.00266648890074,0.00459969335378,0.0,0.0266648890074,0.000133324445037,0.00313312445837,0.00186654223052,0.00119992000533,0.000666622225185,6.66622225185e-05,0.0,0.000133324445037,0.00273315112326,0.0153323111793,0.000533297780148,0.000199986667555,0.000999933337777,0.000333311112592,0.000333311112592,0.0,0.00353309779348,0.0,0.0,0.0219318712086,0.0,0.000133324445037,0.0,0.0,0.00133324445037,0.000199986667555,0.0,0.0201319912006,0.00219985334311,0.0,0.00239984001067,6.66622225185e-05,0.00146656889541,0.0619958669422,0.000333311112592,0.00233317778815,0.0248650089994,0.000333311112592,6.66622225185e-05,0.00379974668355,0.0,0.00406639557363,0.000466635557629,0.000466635557629,0.0010665955603,0.000466635557629,0.000199986667555,6.66622225185e-05,0.0,0.00486634224385,0.00113325778281,6.66622225185e-05,0.000266648890074,0.0,0.00159989334044,0.000999933337777,0.0025331644557,0.0207319512033,0.0105992933804,0.0125324978335,0.0561962535831,0.00313312445837,0.000333311112592,0.000666622225185,0.0,6.66622225185e-05,0.0,0.0209319378708,0.000333311112592,0.00306646223585,0.000133324445037,0.0281981201253,0.0,0.000399973335111,0.0555296313579,0.00219985334311,0.00399973335111,0.0145990267316,0.00306646223585,0.000333311112592,0.0,6.66622225185e-05,0.00819945336978,0.000133324445037,0.000333311112592,0.000733284447703,0.00226651556563,0.0,0.061329244717,0.000333311112592,6.66622225185e-05,0.000666622225185,0.00126658222785,0.000199986667555,0.000399973335111,0.00393307112859,0.0,0.00419972001867,0.0,0.017865475635,0.001799880008,0.00353309779348,0.00159989334044
Gen 15
string_,string_rot,integer_swap,exec_sho,integer_gte,boolean_shove,boolean_and,string_pop,exec_eq,string_yankd,string_parse_to_chars,integer_lt,string_stackdepth,exec_do*whi,char_r,char_p,boolean_sw,integer_sho,boolean_invert_second_then_a,print_integ,char_iswhitespace,string_removechar,exec_emp,string_first,string_conc,string_yank,string_concat,string_setchar,exec_yankd,string_length,string_replacefirstch,char_d,integer_eq,exec_do*tim,string_emptystri,string_reverse,exec_yankdup,string_repla,exec_,char_ya,integer_mu,string_replacech,boolean_yankd,char_isletter,integer_add,string_empty,char_isdigit,print_integer,exec_shove,integer_fromstri,string_conjchar,boolean_or,boolean_empty,exec_wh,string_fromchar,integer_yankd,exec_do*while,integer_rot,string_rest,boolean_flu,integer_stackdep,char_iswhitespa,char_allfromstring,boolean_,char_allfromstri,exec_stackdepth,exec_do*range,char_shove,char_stackdep,string_removech,exec_stackdep,boolean_sho,string_indexofch,string_stackdep,string_leng,print_ch,integer_mult,boolean_xor,boolean_yankdup,integer_min,string_emp,integer_fromch,exec_yank,char_stackdepth,char_sw,integer_fromboole,string_replace,integer_div,string_replacefirst,boolean_frominteger,string_butla,char_isdig,integer_flush,integer_,string_yankdup,char_flu,print_exec,integer_yank,boolean_frominteg,string_emptystring,char_yankd,boolean_ya,string_swap,print_ex,exec_d,integer_max,char_swap,string_contains,char_empty,exec_dup,exec_k,string_frominteg,exec_noop,exec_p,exec_r,exec_s,string_sho,integer_flu,exec_y,boolean_rot,boolean_a,integer_ya,exec_ya,boolean_invert_first_then_a,string_spl,string_occurrencesofch,integer_yankdup,string_replacechar,char_sho,string_fromboolean,print_stri,exec_string_itera,print_newli,string_ta,string_replacefirstchar,string_substring,boolean_stackdepth,string_shove,string_containschar,exec_do*ran,char_yankdup,char_yank,integer_sw,exec_do*times,string_fromch,integer_shove,exec_if,exec_whi,integer_g,char_frominteger,char_frominteg,boolean_dup,string_eq,boolean_not,char_eq,boolean_flush,boolean_pop,string_butlast,exec_swap,string_replacefir,boolean_swap,exec_sw,string_n,print_string,exec_flush,print_newline,integer_a,string_d,string_dup,string_frominteger,string_contai,integer_mod,exec_do*count,string_fir,string_r,integer_fromchar,string_p,integer_inc,boolean_invert_first_then_and,integer_fromstring,exec_rot,integer_m,boolean_d,char_rot,exec_do*cou,string_take,exec_string_iterate,string_split,integer_pop,boolean_n,string_re,boolean_p,boolean_r,exec_pop,string_sw,boolean_x,boolean_emp,string_la,char_emp,boolean_stackdep,string_parse_to_cha,print_char,integer_dup,boolean_invert_second_then_and,integer_sub,string_setch,exec_no,boolean_yank,char_islett,string_ya,string_flu,integer_stackdepth,integer_emp,integer_dec,print_boole,integer_gt,exec,string_indexofchar,in1,char_dup,char_flush,char_pop,integer_lte,string_conjch,exec_flu,string_containsch,boolean_eq,string_flush,print_boolean,integer_d,string_rever,char_,exec_empty,string_last,integer_l,exec_when,integer_i,string_substri,string_nth,string_occurrencesofchar,integer_r,integer_s,integer_p,exec_while,integer_fromboolean,integer_empty,string_fromboole
0.0,0.0564339728767,0.000187488281982,0.000562464845947,0.0253109180676,0.00268733204175,0.00143741016186,0.0278732579214,6.24960939941e-05,0.000687457033935,0.0586213361665,0.000374976563965,0.000624960939941,0.000124992187988,0.000124992187988,0.000124992187988,6.24960939941e-05,0.0,0.000312480469971,0.0,0.00512467970752,0.000499968751953,0.00137491406787,0.00499968751953,0.000187488281982,0.00343728516968,0.00349978126367,0.0383101056184,0.0,0.0542466095869,0.000124992187988,0.000124992187988,0.00581213674145,0.00112492969189,0.0,0.0555590275608,0.000437472657959,0.000624960939941,0.000124992187988,6.24960939941e-05,6.24960939941e-05,0.0,6.24960939941e-05,0.000312480469971,6.24960939941e-05,0.00281232422974,0.0204362227361,0.000187488281982,0.0164989688144,0.000187488281982,0.0053121679895,0.0225610899319,0.00681207424536,0.0,0.00243734766577,0.000124992187988,0.0160614961565,0.000499968751953,0.0179988750703,0.0,0.000374976563965,0.000499968751953,0.00906193362915,0.000937441409912,0.000562464845947,0.000562464845947,0.000312480469971,0.00243734766577,0.0,0.0,0.0,6.24960939941e-05,0.0,0.0,0.00331229298169,0.000374976563965,0.00249984375977,0.00231235547778,0.00387475782764,0.000499968751953,0.0,0.0,0.00393725392163,0.000999937503906,0.0,0.000124992187988,0.0203112305481,0.000312480469971,0.0111868008249,0.00156240234985,0.0,0.000562464845947,6.24960939941e-05,0.00162489844385,0.0519342541091,0.0,0.000187488281982,0.0264983438535,0.0,0.00362477345166,0.000124992187988,0.0,0.0222486094619,0.0,0.0,0.00112492969189,0.0010624335979,0.0021248671958,0.00574964064746,0.00199987500781,0.000437472657959,0.0,0.00518717580151,0.000437472657959,0.00687457033935,0.000124992187988,0.0,0.0,0.000187488281982,0.000374976563965,6.24960939941e-05,0.00174989063184,6.24960939941e-05,0.0,0.0,6.24960939941e-05,0.00587463283545,0.000437472657959,6.24960939941e-05,0.0546215861509,0.00112492969189,0.000312480469971,0.0,0.000124992187988,0.000562464845947,0.00243734766577,0.0294981563652,0.0021248671958,0.00331229298169,0.0,0.00462471095557,0.00756202737329,0.0,0.0294981563652,0.000312480469971,0.00231235547778,0.00499968751953,0.00112492969189,0.000437472657959,0.000187488281982,0.0,0.000374976563965,0.00268733204175,0.0195612774202,0.000499968751953,0.000374976563965,0.00137491406787,0.000687457033935,0.000437472657959,0.000124992187988,0.00356227735767,0.0,0.0,0.0238110118118,0.0,0.000249984375977,0.0,6.24960939941e-05,0.00156240234985,0.000562464845947,6.24960939941e-05,0.0225610899319,0.00243734766577,6.24960939941e-05,0.00268733204175,0.000249984375977,0.00131241797388,0.0590588088244,0.00131241797388,0.00299981251172,0.0262483594775,0.000249984375977,0.0,0.00374976563965,0.000124992187988,0.00456221486157,0.000437472657959,0.000562464845947,0.000999937503906,0.000624960939941,0.000312480469971,6.24960939941e-05,0.0,0.00768701956128,0.00112492969189,6.24960939941e-05,0.00256233985376,0.0,0.00112492969189,0.000562464845947,0.00168739453784,0.0236235235298,0.0126242109868,0.0162489844385,0.0549965627148,0.00168739453784,6.24960939941e-05,0.00074995312793,0.0,6.24960939941e-05,0.0,0.0239360039998,0.000374976563965,0.00581213674145,0.0,0.0280607462034,6.24960939941e-05,0.000312480469971,0.0550590588088,0.00218736328979,0.00362477345166,0.0143116055247,0.00293731641772,0.000312480469971,0.0,6.24960939941e-05,0.00949940628711,0.000437472657959,0.000249984375977,0.00074995312793,0.00337478907568,0.0,0.0586213361665,0.000312480469971,6.24960939941e-05,0.00181238672583,0.00224985938379,0.0,0.000312480469971,0.00381226173364,0.0,0.00299981251172,0.0,0.0219986250859,0.00187488281982,0.00681207424536,0.00137491406787
Gen 16
string_,string_rot,integer_swap,exec_sho,integer_gte,boolean_shove,boolean_and,string_pop,exec_eq,string_yankd,string_parse_to_chars,integer_lt,string_stackdepth,exec_do*whi,char_r,char_p,boolean_sw,integer_sho,boolean_invert_second_then_a,print_integ,char_iswhitespace,string_removechar,exec_emp,string_first,string_conc,string_yank,string_concat,string_setchar,exec_yankd,string_length,string_replacefirstch,char_d,integer_eq,exec_do*tim,string_emptystri,string_reverse,exec_yankdup,string_repla,exec_,char_ya,integer_mu,string_replacech,boolean_yankd,char_isletter,integer_add,string_empty,char_isdigit,print_integer,exec_shove,integer_fromstri,string_conjchar,boolean_or,boolean_empty,exec_wh,string_fromchar,integer_yankd,exec_do*while,integer_rot,string_rest,boolean_flu,integer_stackdep,char_iswhitespa,char_allfromstring,boolean_,char_allfromstri,exec_stackdepth,exec_do*range,char_shove,char_stackdep,string_removech,exec_stackdep,boolean_sho,string_indexofch,string_stackdep,string_leng,print_ch,integer_mult,boolean_xor,boolean_yankdup,integer_min,string_emp,integer_fromch,exec_yank,char_stackdepth,char_sw,integer_fromboole,string_replace,integer_div,string_replacefirst,boolean_frominteger,string_butla,char_isdig,integer_flush,integer_,string_yankdup,char_flu,print_exec,integer_yank,boolean_frominteg,string_emptystring,char_yankd,boolean_ya,string_swap,print_ex,exec_d,integer_max,char_swap,string_contains,char_empty,exec_dup,exec_k,string_frominteg,exec_noop,exec_p,exec_r,exec_s,string_sho,integer_flu,exec_y,boolean_rot,boolean_a,integer_ya,exec_ya,boolean_invert_first_then_a,string_spl,string_occurrencesofch,integer_yankdup,string_replacechar,char_sho,string_fromboolean,print_stri,exec_string_itera,print_newli,string_ta,string_replacefirstchar,string_substring,boolean_stackdepth,string_shove,string_containschar,exec_do*ran,char_yankdup,char_yank,integer_sw,exec_do*times,string_fromch,integer_shove,exec_if,exec_whi,integer_g,char_frominteger,char_frominteg,boolean_dup,string_eq,boolean_not,char_eq,boolean_flush,boolean_pop,string_butlast,exec_swap,string_replacefir,boolean_swap,exec_sw,string_n,print_string,exec_flush,print_newline,integer_a,string_d,string_dup,string_frominteger,string_contai,integer_mod,exec_do*count,string_fir,string_r,integer_fromchar,string_p,integer_inc,boolean_invert_first_then_and,integer_fromstring,exec_rot,integer_m,boolean_d,char_rot,exec_do*cou,string_take,exec_string_iterate,string_split,integer_pop,boolean_n,string_re,boolean_p,boolean_r,exec_pop,string_sw,boolean_x,boolean_emp,string_la,char_emp,boolean_stackdep,string_parse_to_cha,print_char,integer_dup,boolean_invert_second_then_and,integer_sub,string_setch,exec_no,boolean_yank,char_islett,string_ya,string_flu,integer_stackdepth,integer_emp,integer_dec,print_boole,integer_gt,exec,string_indexofchar,in1,char_dup,char_flush,char_pop,integer_lte,string_conjch,exec_flu,string_containsch,boolean_eq,string_flush,print_boolean,integer_d,string_rever,char_,exec_empty,string_last,integer_l,exec_when,integer_i,string_substri,string_nth,string_occurrencesofchar,integer_r,integer_s,integer_p,exec_while,integer_fromboolean,integer_empty,string_fromboole
5.88200694077e-05,0.0542321039939,5.88200694077e-05,0.000529380624669,0.0241162284571,0.00194106229045,0.0007646609023,0.0254690900535,0.000117640138815,0.000588200694077,0.0552320451738,0.000470560555261,0.00105876124934,0.000235280277631,0.0,0.000176460208223,0.0,0.0,0.000470560555261,0.0,0.0053526263161,5.88200694077e-05,0.00105876124934,0.00441150520558,0.0,0.00352920416446,0.00405858478913,0.0368801835186,0.0,0.050349979413,0.0,5.88200694077e-05,0.00541144638551,0.00252926298453,5.88200694077e-05,0.0531733427445,0.000352920416446,0.000529380624669,0.0,0.000117640138815,5.88200694077e-05,5.88200694077e-05,0.0,0.000294100347038,0.000235280277631,0.00264690312335,0.0174107405447,0.000176460208223,0.0145285571437,0.000235280277631,0.00588200694077,0.0185871419328,0.00741132874537,5.88200694077e-05,0.00211752249868,5.88200694077e-05,0.0158814187401,0.000352920416446,0.0147638374213,0.0,0.0007646609023,0.000529380624669,0.00935239103582,0.000941121110523,0.000529380624669,0.000352920416446,0.000647020763485,0.00194106229045,0.0,5.88200694077e-05,0.0,0.0,0.0,0.0,0.00282336333157,0.000647020763485,0.00205870242927,0.00211752249868,0.00405858478913,0.000235280277631,5.88200694077e-05,5.88200694077e-05,0.00470560555261,0.000470560555261,0.000117640138815,5.88200694077e-05,0.0191165225575,0.000529380624669,0.0107640727016,0.00141168166578,0.0,0.000294100347038,0.000117640138815,0.00199988235986,0.0499970589965,0.000117640138815,0.000176460208223,0.023233927416,0.0,0.00399976471972,5.88200694077e-05,0.0,0.0188224222105,0.0,0.0,0.000941121110523,0.000823480971708,0.00241162284571,0.00505852596906,0.00199988235986,0.000411740485854,5.88200694077e-05,0.00435268513617,0.000235280277631,0.00629374742662,0.000176460208223,0.000117640138815,0.0,0.000235280277631,0.000352920416446,0.000117640138815,0.00194106229045,0.000176460208223,0.0,5.88200694077e-05,5.88200694077e-05,0.0053526263161,0.000352920416446,0.0,0.0508205399682,0.000588200694077,0.000529380624669,0.0,0.000352920416446,0.0007646609023,0.00217634256808,0.0280571731075,0.00170578201282,0.00341156402565,0.0,0.00476442562202,0.00747014881478,0.0,0.0281159931769,0.000117640138815,0.00199988235986,0.00441150520558,0.000705840832892,0.000529380624669,0.000176460208223,0.0,0.000352920416446,0.00247044291512,0.0162343391565,0.000411740485854,0.000235280277631,0.00117640138815,0.000941121110523,0.000117640138815,0.0,0.00364684430328,0.0,0.0,0.0221751661667,0.000117640138815,0.000176460208223,0.000117640138815,0.0,0.00182342215164,0.000294100347038,5.88200694077e-05,0.0228810069996,0.00135286159638,0.000176460208223,0.00129404152697,0.00111758131875,0.00135286159638,0.0557614257985,0.00223516263749,0.00252926298453,0.0241162284571,0.000411740485854,0.0,0.00399976471972,0.0,0.00464678548321,0.000294100347038,0.0007646609023,0.000705840832892,0.000411740485854,0.000117640138815,0.0,0.0,0.00717604846774,0.0007646609023,5.88200694077e-05,0.00194106229045,0.0,0.00105876124934,0.000823480971708,0.00199988235986,0.0221163460973,0.013410975825,0.0129992353391,0.0524086818422,0.00141168166578,0.0,5.88200694077e-05,0.0,0.000117640138815,0.0,0.0225280865831,0.000647020763485,0.00505852596906,0.0,0.0269984118581,0.0,0.000176460208223,0.052232221634,0.00258808305394,0.00317628374801,0.0145873772131,0.00311746367861,0.0,0.0,5.88200694077e-05,0.00982295159108,0.000470560555261,0.000176460208223,0.00123522145756,0.00264690312335,0.0,0.0548791247574,5.88200694077e-05,0.000235280277631,0.00147050173519,0.0030586436092,0.000117640138815,0.000470560555261,0.00411740485854,0.0,0.0022939827069,0.0,0.0185283218634,0.00235280277631,0.00652902770425,0.00164696194342
Gen 17
string_,string_rot,integer_swap,exec_sho,integer_gte,boolean_shove,boolean_and,string_pop,exec_eq,string_yankd,string_parse_to_chars,integer_lt,string_stackdepth,exec_do*whi,char_r,char_p,boolean_sw,integer_sho,boolean_invert_second_then_a,print_integ,char_iswhitespace,string_removechar,exec_emp,string_first,string_conc,string_yank,string_concat,string_setchar,exec_yankd,string_length,string_replacefirstch,char_d,integer_eq,exec_do*tim,string_emptystri,string_reverse,exec_yankdup,string_repla,exec_,char_ya,integer_mu,string_replacech,boolean_yankd,char_isletter,integer_add,string_empty,char_isdigit,print_integer,exec_shove,integer_fromstri,string_conjchar,boolean_or,boolean_empty,exec_wh,string_fromchar,integer_yankd,exec_do*while,integer_rot,string_rest,boolean_flu,integer_stackdep,char_iswhitespa,char_allfromstring,boolean_,char_allfromstri,exec_stackdepth,exec_do*range,char_shove,char_stackdep,string_removech,exec_stackdep,boolean_sho,string_indexofch,string_stackdep,string_leng,print_ch,integer_mult,boolean_xor,boolean_yankdup,integer_min,string_emp,integer_fromch,exec_yank,char_stackdepth,char_sw,integer_fromboole,string_replace,integer_div,string_replacefirst,boolean_frominteger,string_butla,char_isdig,integer_flush,integer_,string_yankdup,char_flu,print_exec,integer_yank,boolean_frominteg,string_emptystring,char_yankd,boolean_ya,string_swap,print_ex,exec_d,integer_max,char_swap,string_contains,char_empty,exec_dup,exec_k,string_frominteg,exec_noop,exec_p,exec_r,exec_s,string_sho,integer_flu,exec_y,boolean_rot,boolean_a,integer_ya,exec_ya,boolean_invert_first_then_a,string_spl,string_occurrencesofch,integer_yankdup,string_replacechar,char_sho,string_fromboolean,print_stri,exec_string_itera,print_newli,string_ta,string_replacefirstchar,string_substring,boolean_stackdepth,string_shove,string_containschar,exec_do*ran,char_yankdup,char_yank,integer_sw,exec_do*times,string_fromch,integer_shove,exec_if,exec_whi,integer_g,char_frominteger,char_frominteg,boolean_dup,string_eq,boolean_not,char_eq,boolean_flush,boolean_pop,string_butlast,exec_swap,string_replacefir,boolean_swap,exec_sw,string_n,print_string,exec_flush,print_newline,integer_a,string_d,string_dup,string_frominteger,string_contai,integer_mod,exec_do*count,string_fir,string_r,integer_fromchar,string_p,integer_inc,boolean_invert_first_then_and,integer_fromstring,exec_rot,integer_m,boolean_d,char_rot,exec_do*cou,string_take,exec_string_iterate,string_split,integer_pop,boolean_n,string_re,boolean_p,boolean_r,exec_pop,string_sw,boolean_x,boolean_emp,string_la,char_emp,boolean_stackdep,string_parse_to_cha,print_char,integer_dup,boolean_invert_second_then_and,integer_sub,string_setch,exec_no,boolean_yank,char_islett,string_ya,string_flu,integer_stackdepth,integer_emp,integer_dec,print_boole,integer_gt,exec,string_indexofchar,in1,char_dup,char_flush,char_pop,integer_lte,string_conjch,exec_flu,string_containsch,boolean_eq,string_flush,print_boolean,integer_d,string_rever,char_,exec_empty,string_last,integer_l,exec_when,integer_i,string_substri,string_nth,string_occurrencesofchar,integer_r,integer_s,integer_p,exec_while,integer_fromboolean,integer_empty,string_fromboole
5.55524693073e-05,0.0529415032498,0.000222209877229,0.00061107716238,0.0221654352536,0.00111104938615,0.000722182100994,0.0237764568635,5.55524693073e-05,0.000388867285151,0.0536081328815,0.000722182100994,0.00133325926337,0.0,0.0,0.000388867285151,0.000222209877229,0.0,0.000444419754458,0.0,0.00494416976835,0.000277762346536,0.00105549691684,0.00377756791289,0.0,0.00449975001389,0.00355535803566,0.0350536081329,0.0,0.0507749569468,0.0,0.000111104938615,0.00361091050497,0.00377756791289,0.0,0.052608188434,0.000499972223765,0.00138881173268,0.000222209877229,0.000111104938615,0.0,0.0,0.000111104938615,5.55524693073e-05,0.000166657407922,0.00188878395645,0.0167768457308,0.000222209877229,0.0143325370813,5.55524693073e-05,0.0053330370535,0.0176656852397,0.00638853397033,0.000333314815844,0.00144436420199,0.000222209877229,0.0123326481862,0.000777734570302,0.014276984612,5.55524693073e-05,0.000499972223765,0.000333314815844,0.00961057719016,0.00105549691684,0.000722182100994,0.000388867285151,0.000777734570302,0.000944391978223,0.0,0.0,5.55524693073e-05,0.0,5.55524693073e-05,0.0,0.00216654630298,0.000444419754458,0.00172212654853,0.00211099383368,0.00427754013666,0.000111104938615,5.55524693073e-05,5.55524693073e-05,0.00466640742181,0.000277762346536,0.0,0.0,0.0182767624021,0.000666629631687,0.0134436975724,0.00116660185545,0.0,0.000555524693073,0.000111104938615,0.00161102160991,0.048997277929,5.55524693073e-05,5.55524693073e-05,0.0241097716794,5.55524693073e-05,0.00294428087328,0.000166657407922,0.0,0.0177767901783,0.0,0.0,0.00061107716238,0.000944391978223,0.00311093828121,0.00411088272874,0.00288872840398,0.000333314815844,0.0,0.00488861729904,0.000166657407922,0.00411088272874,0.000277762346536,0.0,0.0,5.55524693073e-05,0.000166657407922,0.000166657407922,0.00194433642575,0.000166657407922,0.0,5.55524693073e-05,0.0,0.00472195989112,0.000222209877229,5.55524693073e-05,0.0501638797845,0.000944391978223,0.000388867285151,0.0,0.000166657407922,0.00061107716238,0.00294428087328,0.0264985278596,0.00211099383368,0.00327759568913,0.0,0.0053330370535,0.00633298150103,0.0,0.0288317315705,0.000166657407922,0.0014999166713,0.00361091050497,0.000722182100994,0.00061107716238,0.000166657407922,0.0,0.000444419754458,0.0022776512416,0.0157769012833,0.000388867285151,0.000499972223765,0.00061107716238,0.000999944447531,0.000333314815844,5.55524693073e-05,0.00338870062774,0.0,0.0,0.0217210154991,0.000222209877229,0.0,0.0,5.55524693073e-05,0.00205544136437,0.000444419754458,0.0,0.0207210710516,0.00144436420199,5.55524693073e-05,0.0014999166713,0.00166657407922,0.000777734570302,0.053885895228,0.00238875618021,0.00299983334259,0.0226654074774,0.000166657407922,0.0,0.00377756791289,0.0,0.00422198766735,0.000555524693073,0.00111104938615,0.000555524693073,0.000888839508916,0.000333314815844,0.0,0.0,0.00672184878618,0.000722182100994,0.0,0.00138881173268,0.0,0.000722182100994,0.00105549691684,0.00166657407922,0.0205544136437,0.0116660185545,0.0134992500417,0.051886006333,0.00111104938615,0.000111104938615,0.000222209877229,0.0,0.000444419754458,0.0,0.0215543580912,0.000333314815844,0.00483306482973,0.0,0.026220765513,0.0,0.000499972223765,0.0512749291706,0.00238875618021,0.00288872840398,0.0132214876951,0.00261096605744,0.000166657407922,0.0,5.55524693073e-05,0.00822176545747,0.000333314815844,0.000111104938615,0.000722182100994,0.00283317593467,0.0,0.0529415032498,0.000333314815844,0.000555524693073,0.0022776512416,0.00249986111883,5.55524693073e-05,0.000499972223765,0.00355535803566,0.0,0.00211099383368,0.0,0.0180545525249,0.0015554691406,0.00627742903172,0.000666629631687
Gen 18
string_,string_rot,integer_swap,exec_sho,integer_gte,boolean_shove,boolean_and,string_pop,exec_eq,string_yankd,string_parse_to_chars,integer_lt,string_stackdepth,exec_do*whi,char_r,char_p,boolean_sw,integer_sho,boolean_invert_second_then_a,print_integ,char_iswhitespace,string_removechar,exec_emp,string_first,string_conc,string_yank,string_concat,string_setchar,exec_yankd,string_length,string_replacefirstch,char_d,integer_eq,exec_do*tim,string_emptystri,string_reverse,exec_yankdup,string_repla,exec_,char_ya,integer_mu,string_replacech,boolean_yankd,char_isletter,integer_add,string_empty,char_isdigit,print_integer,exec_shove,integer_fromstri,string_conjchar,boolean_or,boolean_empty,exec_wh,string_fromchar,integer_yankd,exec_do*while,integer_rot,string_rest,boolean_flu,integer_stackdep,char_iswhitespa,char_allfromstring,boolean_,char_allfromstri,exec_stackdepth,exec_do*range,char_shove,char_stackdep,string_removech,exec_stackdep,boolean_sho,string_indexofch,string_stackdep,string_leng,print_ch,integer_mult,boolean_xor,boolean_yankdup,integer_min,string_emp,integer_fromch,exec_yank,char_stackdepth,char_sw,integer_fromboole,string_replace,integer_div,string_replacefirst,boolean_frominteger,string_butla,char_isdig,integer_flush,integer_,string_yankdup,char_flu,print_exec,integer_yank,boolean_frominteg,string_emptystring,char_yankd,boolean_ya,string_swap,print_ex,exec_d,integer_max,char_swap,string_contains,char_empty,exec_dup,exec_k,string_frominteg,exec_noop,exec_p,exec_r,exec_s,string_sho,integer_flu,exec_y,boolean_rot,boolean_a,integer_ya,exec_ya,boolean_invert_first_then_a,string_spl,string_occurrencesofch,integer_yankdup,string_replacechar,char_sho,string_fromboolean,print_stri,exec_string_itera,print_newli,string_ta,string_replacefirstchar,string_substring,boolean_stackdepth,string_shove,string_containschar,exec_do*ran,char_yankdup,char_yank,integer_sw,exec_do*times,string_fromch,integer_shove,exec_if,exec_whi,integer_g,char_frominteger,char_frominteg,boolean_dup,string_eq,boolean_not,char_eq,boolean_flush,boolean_pop,string_butlast,exec_swap,string_replacefir,boolean_swap,exec_sw,string_n,print_string,exec_flush,print_newline,integer_a,string_d,string_dup,string_frominteger,string_contai,integer_mod,exec_do*count,string_fir,string_r,integer_fromchar,string_p,integer_inc,boolean_invert_first_then_and,integer_fromstring,exec_rot,integer_m,boolean_d,char_rot,exec_do*cou,string_take,exec_string_iterate,string_split,integer_pop,boolean_n,string_re,boolean_p,boolean_r,exec_pop,string_sw,boolean_x,boolean_emp,string_la,char_emp,boolean_stackdep,string_parse_to_cha,print_char,integer_dup,boolean_invert_second_then_and,integer_sub,string_setch,exec_no,boolean_yank,char_islett,string_ya,string_flu,integer_stackdepth,integer_emp,integer_dec,print_boole,integer_gt,exec,string_indexofchar,in1,char_dup,char_flush,char_pop,integer_lte,string_conjch,exec_flu,string_containsch,boolean_eq,string_flush,print_boolean,integer_d,string_rever,char_,exec_empty,string_last,integer_l,exec_when,integer_i,string_substri,string_nth,string_occurrencesofchar,integer_r,integer_s,integer_p,exec_while,integer_fromboolean,integer_empty,string_fromboole
0.0,0.0499973685595,0.00031577285406,0.000631545708121,0.021104152413,0.00110520498921,0.000789432135151,0.0234198200095,0.00015788642703,0.00031577285406,0.0507341718857,0.000789432135151,0.000842060944161,0.0,0.00015788642703,0.00015788642703,5.26288090101e-05,0.0,0.000578916899111,0.0,0.00363138782169,0.00015788642703,0.00110520498921,0.00257881164149,0.0,0.0036840166307,0.00284195568654,0.0329456344403,0.0,0.0484711330983,0.0,0.0,0.00205252355139,0.00363138782169,0.00015788642703,0.0499973685595,0.00036840166307,0.00126309141624,0.00021051523604,5.26288090101e-05,5.26288090101e-05,0.0,0.0,0.00015788642703,0.00026314404505,0.00142097784327,0.0148413241408,0.00015788642703,0.0124203989264,0.0,0.00431556233882,0.0162096731751,0.0057365401821,0.00031577285406,0.000789432135151,0.00021051523604,0.0112625651282,0.000789432135151,0.0125782853534,0.0,0.00047365928109,0.00026314404505,0.00847323825062,0.00152623546129,0.000526288090101,0.000526288090101,0.000684174517131,0.000526288090101,0.0,0.0,5.26288090101e-05,0.0,0.0,0.0,0.0021051523604,0.000631545708121,0.000999947371191,0.00194726593337,0.00299984211357,0.00015788642703,5.26288090101e-05,0.0,0.00331561496763,0.00021051523604,0.0,0.0,0.0171043629283,0.00042103047208,0.0139466343877,0.000999947371191,0.0,0.000578916899111,0.00026314404505,0.00184200831535,0.0476817009631,5.26288090101e-05,0.00026314404505,0.0224725014473,0.0,0.00199989474238,0.0,0.0,0.015893900321,0.0,0.0,0.00042103047208,0.000578916899111,0.0026314404505,0.00294721330456,0.00268406925951,0.000736803326141,0.0,0.00336824377664,0.00026314404505,0.00289458449555,0.00021051523604,0.0,0.0,0.00010525761802,0.00015788642703,0.00010525761802,0.00199989474238,5.26288090101e-05,0.0,0.0,5.26288090101e-05,0.00352613020367,0.000578916899111,0.00010525761802,0.0483132466712,0.00147360665228,0.00015788642703,0.0,0.00010525761802,0.000684174517131,0.00221040997842,0.0249986842798,0.000947318562181,0.00236829640545,0.0,0.00447344876585,0.00457870638387,0.0,0.0247881690437,5.26288090101e-05,0.000578916899111,0.00268406925951,0.000736803326141,0.000842060944161,0.00026314404505,0.0,0.00047365928109,0.00168412188832,0.0145255512868,0.00026314404505,0.00042103047208,0.00047365928109,0.000631545708121,0.00015788642703,5.26288090101e-05,0.00242092521446,0.0,0.0,0.0195779169517,0.00010525761802,5.26288090101e-05,0.0,0.00021051523604,0.00168412188832,0.00036840166307,5.26288090101e-05,0.0203147202779,0.00152623546129,0.0,0.00136834903426,0.00199989474238,0.000894689753171,0.0513130887848,0.00289458449555,0.00278932687753,0.0218935845482,0.00031577285406,0.0,0.00289458449555,0.0,0.00331561496763,0.00015788642703,0.00047365928109,0.000578916899111,0.000894689753171,0.000578916899111,0.0,0.0,0.00463133519288,0.000789432135151,0.0,0.000894689753171,0.0,0.00015788642703,0.00110520498921,0.00152623546129,0.0201568338508,0.0118941108363,0.0112625651282,0.0496815957055,0.000842060944161,5.26288090101e-05,5.26288090101e-05,0.0,0.000631545708121,0.0,0.0196305457607,0.000526288090101,0.00305247092258,0.0,0.0250513130888,5.26288090101e-05,0.00036840166307,0.0495237092785,0.00194726593337,0.00226303878743,0.0128940582075,0.00221040997842,0.000842060944161,0.0,5.26288090101e-05,0.00642071469923,0.00042103047208,0.00015788642703,0.000578916899111,0.0026314404505,0.0,0.0502605126046,0.00047365928109,0.00042103047208,0.00342087258565,0.00199989474238,5.26288090101e-05,0.000578916899111,0.00268406925951,0.0,0.00163149307931,0.0,0.0165780748382,0.000578916899111,0.0047365928109,0.00126309141624
Gen 19
string_,string_rot,integer_swap,exec_sho,integer_gte,boolean_shove,boolean_and,string_pop,exec_eq,string_yankd,string_parse_to_chars,integer_lt,string_stackdepth,exec_do*whi,char_r,char_p,boolean_sw,integer_sho,boolean_invert_second_then_a,print_integ,char_iswhitespace,string_removechar,exec_emp,string_first,string_conc,string_yank,string_concat,string_setchar,exec_yankd,string_length,string_replacefirstch,char_d,integer_eq,exec_do*tim,string_emptystri,string_reverse,exec_yankdup,string_repla,exec_,char_ya,integer_mu,string_replacech,boolean_yankd,char_isletter,integer_add,string_empty,char_isdigit,print_integer,exec_shove,integer_fromstri,string_conjchar,boolean_or,boolean_empty,exec_wh,string_fromchar,integer_yankd,exec_do*while,integer_rot,string_rest,boolean_flu,integer_stackdep,char_iswhitespa,char_allfromstring,boolean_,char_allfromstri,exec_stackdepth,exec_do*range,char_shove,char_stackdep,string_removech,exec_stackdep,boolean_sho,string_indexofch,string_stackdep,string_leng,print_ch,integer_mult,boolean_xor,boolean_yankdup,integer_min,string_emp,integer_fromch,exec_yank,char_stackdepth,char_sw,integer_fromboole,string_replace,integer_div,string_replacefirst,boolean_frominteger,string_butla,char_isdig,integer_flush,integer_,string_yankdup,char_flu,print_exec,integer_yank,boolean_frominteg,string_emptystring,char_yankd,boolean_ya,string_swap,print_ex,exec_d,integer_max,char_swap,string_contains,char_empty,exec_dup,exec_k,string_frominteg,exec_noop,exec_p,exec_r,exec_s,string_sho,integer_flu,exec_y,boolean_rot,boolean_a,integer_ya,exec_ya,boolean_invert_first_then_a,string_spl,string_occurrencesofch,integer_yankdup,string_replacechar,char_sho,string_fromboolean,print_stri,exec_string_itera,print_newli,string_ta,string_replacefirstchar,string_substring,boolean_stackdepth,string_shove,string_containschar,exec_do*ran,char_yankdup,char_yank,integer_sw,exec_do*times,string_fromch,integer_shove,exec_if,exec_whi,integer_g,char_frominteger,char_frominteg,boolean_dup,string_eq,boolean_not,char_eq,boolean_flush,boolean_pop,string_butlast,exec_swap,string_replacefir,boolean_swap,exec_sw,string_n,print_string,exec_flush,print_newline,integer_a,string_d,string_dup,string_frominteger,string_contai,integer_mod,exec_do*count,string_fir,string_r,integer_fromchar,string_p,integer_inc,boolean_invert_first_then_and,integer_fromstring,exec_rot,integer_m,boolean_d,char_rot,exec_do*cou,string_take,exec_string_iterate,string_split,integer_pop,boolean_n,string_re,boolean_p,boolean_r,exec_pop,string_sw,boolean_x,boolean_emp,string_la,char_emp,boolean_stackdep,string_parse_to_cha,print_char,integer_dup,boolean_invert_second_then_and,integer_sub,string_setch,exec_no,boolean_yank,char_islett,string_ya,string_flu,integer_stackdepth,integer_emp,integer_dec,print_boole,integer_gt,exec,string_indexofchar,in1,char_dup,char_flush,char_pop,integer_lte,string_conjch,exec_flu,string_containsch,boolean_eq,string_flush,print_boolean,integer_d,string_rever,char_,exec_empty,string_last,integer_l,exec_when,integer_i,string_substri,string_nth,string_occurrencesofchar,integer_r,integer_s,integer_p,exec_while,integer_fromboolean,integer_empty,string_fromboole
0.0,0.0480975951202,0.000349982500875,0.00069996500175,0.0208489575521,0.00144992750362,0.001199940003,0.0210989450527,0.000449977501125,0.000249987500625,0.0484475776211,0.000549972501375,0.000449977501125,0.0,4.9997500125e-05,9.999500025e-05,0.0,0.0,0.00049997500125,0.0,0.0029998500075,9.999500025e-05,0.0009999500025,0.00229988500575,0.0,0.00274986250687,0.00189990500475,0.0311484425779,0.0,0.0451477426129,0.0,4.9997500125e-05,0.00244987750612,0.0033998300085,4.9997500125e-05,0.0476476176191,0.000349982500875,0.00214989250537,0.000249987500625,0.0001999900005,4.9997500125e-05,9.999500025e-05,9.999500025e-05,0.0,0.0009999500025,0.00129993500325,0.0145492725364,4.9997500125e-05,0.0112494375281,0.0,0.00354982250887,0.0152992350382,0.00524973751312,0.0001999900005,0.000349982500875,0.000149992500375,0.00894955252237,0.000949952502375,0.0122493875306,0.0,0.0005999700015,0.000349982500875,0.00704964751762,0.001199940003,0.0001999900005,0.000849957502125,0.000949952502375,0.000449977501125,0.0,0.0,0.0,0.0,0.0,0.0,0.0021998900055,0.000349982500875,0.000949952502375,0.00149992500375,0.00274986250687,0.000349982500875,0.0,4.9997500125e-05,0.00234988250587,0.000349982500875,0.0,0.0,0.0172991350432,0.000649967501625,0.0158992050397,0.00154992250387,4.9997500125e-05,0.000399980001,0.00029998500075,0.00149992500375,0.0460476976151,4.9997500125e-05,4.9997500125e-05,0.0203489825509,0.0,0.00134993250337,0.0,0.0,0.0155492225389,0.0,9.999500025e-05,0.000449977501125,0.000799960002,0.001599920004,0.00284985750712,0.00209989500525,0.0005999700015,0.0,0.00344982750862,0.0001999900005,0.00229988500575,9.999500025e-05,0.0,0.0,0.0,0.0001999900005,0.0001999900005,0.00189990500475,0.0,4.9997500125e-05,4.9997500125e-05,0.0,0.00329983500825,0.000549972501375,4.9997500125e-05,0.0456977151142,0.00189990500475,4.9997500125e-05,0.0,4.9997500125e-05,0.000399980001,0.00144992750362,0.024398780061,0.00129993500325,0.00134993250337,4.9997500125e-05,0.0029998500075,0.00384980750962,0.0,0.0241487925604,0.0,0.000399980001,0.00234988250587,0.000749962501875,0.00049997500125,0.0001999900005,0.0,0.00049997500125,0.0013999300035,0.0137993100345,0.000249987500625,0.000249987500625,0.000849957502125,0.00134993250337,0.000449977501125,0.0,0.001599920004,0.0,4.9997500125e-05,0.0181990900455,4.9997500125e-05,0.0001999900005,0.0,0.0,0.000849957502125,0.000399980001,4.9997500125e-05,0.0182490875456,0.00214989250537,4.9997500125e-05,0.00129993500325,0.00189990500475,0.001199940003,0.0488475576221,0.00194990250487,0.002799860007,0.0210989450527,0.000449977501125,0.0,0.00264986750662,4.9997500125e-05,0.00269986500675,0.000349982500875,0.00089995500225,0.000399980001,0.000849957502125,0.000249987500625,0.0,0.0,0.00414979251037,0.000749962501875,9.999500025e-05,0.001199940003,0.0,4.9997500125e-05,0.00114994250287,0.00154992250387,0.0195490225489,0.00894955252237,0.0101494925254,0.0471476426179,0.00089995500225,4.9997500125e-05,4.9997500125e-05,0.0,0.000399980001,0.0,0.0180990950452,0.0001999900005,0.00284985750712,0.0,0.0242987850607,0.0,0.00049997500125,0.0465476726164,0.001599920004,0.00184990750462,0.014399280036,0.00164991750412,0.00029998500075,0.0,0.0,0.00629968501575,0.000399980001,0.0001999900005,0.000549972501375,0.00264986750662,0.0,0.04799760012,0.000749962501875,0.00029998500075,0.0033998300085,0.00194990250487,4.9997500125e-05,0.000399980001,0.00189990500475,0.0,0.0017999100045,0.0,0.0157992100395,0.000349982500875,0.00444977751112,0.00144992750362
Gen 20
string_,string_rot,integer_swap,exec_sho,integer_gte,boolean_shove,boolean_and,string_pop,exec_eq,string_yankd,string_parse_to_chars,integer_lt,string_stackdepth,exec_do*whi,char_r,char_p,boolean_sw,integer_sho,boolean_invert_second_then_a,print_integ,char_iswhitespace,string_removechar,exec_emp,string_first,string_conc,string_yank,string_concat,string_setchar,exec_yankd,string_length,string_replacefirstch,char_d,integer_eq,exec_do*tim,string_emptystri,string_reverse,exec_yankdup,string_repla,exec_,char_ya,integer_mu,string_replacech,boolean_yankd,char_isletter,integer_add,string_empty,char_isdigit,print_integer,exec_shove,integer_fromstri,string_conjchar,boolean_or,boolean_empty,exec_wh,string_fromchar,integer_yankd,exec_do*while,integer_rot,string_rest,boolean_flu,integer_stackdep,char_iswhitespa,char_allfromstring,boolean_,char_allfromstri,exec_stackdepth,exec_do*range,char_shove,char_stackdep,string_removech,exec_stackdep,boolean_sho,string_indexofch,string_stackdep,string_leng,print_ch,integer_mult,boolean_xor,boolean_yankdup,integer_min,string_emp,integer_fromch,exec_yank,char_stackdepth,char_sw,integer_fromboole,string_replace,integer_div,string_replacefirst,boolean_frominteger,string_butla,char_isdig,integer_flush,integer_,string_yankdup,char_flu,print_exec,integer_yank,boolean_frominteg,string_emptystring,char_yankd,boolean_ya,string_swap,print_ex,exec_d,integer_max,char_swap,string_contains,char_empty,exec_dup,exec_k,string_frominteg,exec_noop,exec_p,exec_r,exec_s,string_sho,integer_flu,exec_y,boolean_rot,boolean_a,integer_ya,exec_ya,boolean_invert_first_then_a,string_spl,string_occurrencesofch,integer_yankdup,string_replacechar,char_sho,string_fromboolean,print_stri,exec_string_itera,print_newli,string_ta,string_replacefirstchar,string_substring,boolean_stackdepth,string_shove,string_containschar,exec_do*ran,char_yankdup,char_yank,integer_sw,exec_do*times,string_fromch,integer_shove,exec_if,exec_whi,integer_g,char_frominteger,char_frominteg,boolean_dup,string_eq,boolean_not,char_eq,boolean_flush,boolean_pop,string_butlast,exec_swap,string_replacefir,boolean_swap,exec_sw,string_n,print_string,exec_flush,print_newline,integer_a,string_d,string_dup,string_frominteger,string_contai,integer_mod,exec_do*count,string_fir,string_r,integer_fromchar,string_p,integer_inc,boolean_invert_first_then_and,integer_fromstring,exec_rot,integer_m,boolean_d,char_rot,exec_do*cou,string_take,exec_string_iterate,string_split,integer_pop,boolean_n,string_re,boolean_p,boolean_r,exec_pop,string_sw,boolean_x,boolean_emp,string_la,char_emp,boolean_stackdep,string_parse_to_cha,print_char,integer_dup,boolean_invert_second_then_and,integer_sub,string_setch,exec_no,boolean_yank,char_islett,string_ya,string_flu,integer_stackdepth,integer_emp,integer_dec,print_boole,integer_gt,exec,string_indexofchar,in1,char_dup,char_flush,char_pop,integer_lte,string_conjch,exec_flu,string_containsch,boolean_eq,string_flush,print_boolean,integer_d,string_rever,char_,exec_empty,string_last,integer_l,exec_when,integer_i,string_substri,string_nth,string_occurrencesofchar,integer_r,integer_s,integer_p,exec_while,integer_fromboolean,integer_empty,string_fromboole
0.0,0.0457597257273,0.00014285034046,0.00085710204276,0.0232369887148,0.00152373696491,0.0014285034046,0.0227132041331,0.00028570068092,0.000523784581687,0.046283510309,0.000761868482453,0.000619018141993,9.52335603067e-05,0.0,0.000238083900767,0.0,0.0,0.000238083900767,0.0,0.00228560544736,4.76167801533e-05,0.00099995238322,0.00152373696491,4.76167801533e-05,0.00261892290843,0.00161897052521,0.031379458121,0.0,0.0444264558831,0.0,0.0,0.00238083900767,0.00319032427027,0.00014285034046,0.0456168753869,0.000476167801533,0.0014285034046,0.00042855102138,0.0,0.0,0.0,4.76167801533e-05,0.000190467120613,0.00114280272368,0.000952335603067,0.0170468072949,0.00028570068092,0.0109518594353,4.76167801533e-05,0.00295224036951,0.0190943288415,0.00590448073901,0.000380934241227,0.000333317461073,9.52335603067e-05,0.00738060092377,0.00042855102138,0.0146183515071,0.0,0.00028570068092,0.000380934241227,0.00638064854055,0.00128565306414,4.76167801533e-05,0.000523784581687,0.000761868482453,0.00028570068092,0.0,0.0,0.0,0.0,0.0,0.0,0.00171420408552,0.000476167801533,0.00133326984429,0.00176182086567,0.00176182086567,0.000761868482453,4.76167801533e-05,0.000190467120613,0.00190467120613,0.00014285034046,0.0,0.0,0.021427551069,0.000761868482453,0.0169039569544,0.00180943764583,4.76167801533e-05,0.000809485262607,0.000190467120613,0.00157135374506,0.0436645874006,0.0,0.00014285034046,0.0238083900767,0.0,0.00133326984429,0.0,0.0,0.0180467596781,0.0,4.76167801533e-05,0.000333317461073,0.000666634922147,0.00119041950383,0.00319032427027,0.00228560544736,0.000238083900767,4.76167801533e-05,0.00238083900767,0.00014285034046,0.00104756916337,0.00028570068092,0.0,0.0,0.000238083900767,0.00028570068092,9.52335603067e-05,0.00161897052521,4.76167801533e-05,0.0,0.0,0.0,0.00290462358935,0.00028570068092,0.000333317461073,0.0439979048617,0.00161897052521,0.000238083900767,0.0,0.0,0.000476167801533,0.00123803628399,0.02485595924,0.00104756916337,0.00114280272368,0.0,0.00271415646874,0.00319032427027,4.76167801533e-05,0.026713013666,0.0,0.000333317461073,0.00185705442598,0.00057140136184,0.000476167801533,0.00014285034046,0.0,0.000523784581687,0.00161897052521,0.0170468072949,9.52335603067e-05,0.000190467120613,0.00119041950383,0.00147612018475,0.000761868482453,4.76167801533e-05,0.00128565306414,0.0,0.0,0.0211894671682,0.000238083900767,4.76167801533e-05,0.0,4.76167801533e-05,0.000904718822913,0.00014285034046,4.76167801533e-05,0.0199990476644,0.00171420408552,4.76167801533e-05,0.00176182086567,0.0035712585115,0.00138088662445,0.0466644445503,0.00119041950383,0.0028570068092,0.0222370363316,0.000904718822913,0.0,0.00204752154659,0.0,0.00238083900767,0.000476167801533,0.000476167801533,0.000523784581687,0.000952335603067,0.0007142517023,0.0,0.0,0.00323794105043,0.000666634922147,4.76167801533e-05,0.000523784581687,0.0,0.000190467120613,0.00085710204276,0.00123803628399,0.022665587353,0.00742821770392,0.0107613923147,0.0451407075854,0.000761868482453,0.0,9.52335603067e-05,0.0,0.000380934241227,0.0,0.0214751678492,0.000666634922147,0.00161897052521,0.0,0.0248083424599,0.0,0.000523784581687,0.0448073901243,0.00119041950383,0.00204752154659,0.0167134898338,0.00099995238322,0.000238083900767,0.0,0.0,0.00557116327794,0.000190467120613,9.52335603067e-05,0.000190467120613,0.00199990476644,4.76167801533e-05,0.0456168753869,0.0007142517023,0.000333317461073,0.00399980953288,0.00176182086567,4.76167801533e-05,0.000238083900767,0.00195228798629,0.0,0.00138088662445,0.0,0.0191419456216,0.000238083900767,0.00299985714966,0.00138088662445
Gen 21
string_,string_rot,integer_swap,exec_sho,integer_gte,boolean_shove,boolean_and,string_pop,exec_eq,string_yankd,string_parse_to_chars,integer_lt,string_stackdepth,exec_do*whi,char_r,char_p,boolean_sw,integer_sho,boolean_invert_second_then_a,print_integ,char_iswhitespace,string_removechar,exec_emp,string_first,string_conc,string_yank,string_concat,string_setchar,exec_yankd,string_length,string_replacefirstch,char_d,integer_eq,exec_do*tim,string_emptystri,string_reverse,exec_yankdup,string_repla,exec_,char_ya,integer_mu,string_replacech,boolean_yankd,char_isletter,integer_add,string_empty,char_isdigit,print_integer,exec_shove,integer_fromstri,string_conjchar,boolean_or,boolean_empty,exec_wh,string_fromchar,integer_yankd,exec_do*while,integer_rot,string_rest,boolean_flu,integer_stackdep,char_iswhitespa,char_allfromstring,boolean_,char_allfromstri,exec_stackdepth,exec_do*range,char_shove,char_stackdep,string_removech,exec_stackdep,boolean_sho,string_indexofch,string_stackdep,string_leng,print_ch,integer_mult,boolean_xor,boolean_yankdup,integer_min,string_emp,integer_fromch,exec_yank,char_stackdepth,char_sw,integer_fromboole,string_replace,integer_div,string_replacefirst,boolean_frominteger,string_butla,char_isdig,integer_flush,integer_,string_yankdup,char_flu,print_exec,integer_yank,boolean_frominteg,string_emptystring,char_yankd,boolean_ya,string_swap,print_ex,exec_d,integer_max,char_swap,string_contains,char_empty,exec_dup,exec_k,string_frominteg,exec_noop,exec_p,exec_r,exec_s,string_sho,integer_flu,exec_y,boolean_rot,boolean_a,integer_ya,exec_ya,boolean_invert_first_then_a,string_spl,string_occurrencesofch,integer_yankdup,string_replacechar,char_sho,string_fromboolean,print_stri,exec_string_itera,print_newli,string_ta,string_replacefirstchar,string_substring,boolean_stackdepth,string_shove,string_containschar,exec_do*ran,char_yankdup,char_yank,integer_sw,exec_do*times,string_fromch,integer_shove,exec_if,exec_whi,integer_g,char_frominteger,char_frominteg,boolean_dup,string_eq,boolean_not,char_eq,boolean_flush,boolean_pop,string_butlast,exec_swap,string_replacefir,boolean_swap,exec_sw,string_n,print_string,exec_flush,print_newline,integer_a,string_d,string_dup,string_frominteger,string_contai,integer_mod,exec_do*count,string_fir,string_r,integer_fromchar,string_p,integer_inc,boolean_invert_first_then_and,integer_fromstring,exec_rot,integer_m,boolean_d,char_rot,exec_do*cou,string_take,exec_string_iterate,string_split,integer_pop,boolean_n,string_re,boolean_p,boolean_r,exec_pop,string_sw,boolean_x,boolean_emp,string_la,char_emp,boolean_stackdep,string_parse_to_cha,print_char,integer_dup,boolean_invert_second_then_and,integer_sub,string_setch,exec_no,boolean_yank,char_islett,string_ya,string_flu,integer_stackdepth,integer_emp,integer_dec,print_boole,integer_gt,exec,string_indexofchar,in1,char_dup,char_flush,char_pop,integer_lte,string_conjch,exec_flu,string_containsch,boolean_eq,string_flush,print_boolean,integer_d,string_rever,char_,exec_empty,string_last,integer_l,exec_when,integer_i,string_substri,string_nth,string_occurrencesofchar,integer_r,integer_s,integer_p,exec_while,integer_fromboolean,integer_empty,string_fromboole
0.0,0.043907095132,4.54524794328e-05,0.00109085950639,0.0231353120313,0.00122721694468,0.00209081405391,0.0226353347575,9.09049588655e-05,0.000363619835462,0.043907095132,0.000681787191491,0.00122721694468,9.09049588655e-05,9.09049588655e-05,0.000227262397164,0.0,4.54524794328e-05,0.00049997727376,0.0,0.00245443388937,4.54524794328e-05,0.00118176446525,0.00127266942412,0.0,0.00199990909504,0.00140902686242,0.0276351074951,0.0,0.0425435207491,4.54524794328e-05,0.0,0.00204536157447,0.00181809917731,0.0,0.0434525703377,0.000181809917731,0.000909049588655,0.000227262397164,4.54524794328e-05,4.54524794328e-05,0.0,0.0,0.000272714876597,0.000363619835462,0.000772692150357,0.0183173492114,0.000136357438298,0.0120449070497,0.000136357438298,0.00349984091632,0.0202263533476,0.00463615290214,0.000318167356029,0.000454524794328,9.09049588655e-05,0.0054088450525,0.000181809917731,0.0160447252398,0.0,0.00104540702695,0.000681787191491,0.00518158265533,0.000954502068088,0.000227262397164,0.000363619835462,0.000590882232626,0.000590882232626,0.0,0.0,0.0,0.0,0.0,0.0,0.00104540702695,0.000772692150357,0.000863597109222,0.00113631198582,0.00231807645107,0.000636334712059,0.0,0.000136357438298,0.00304531612199,0.000181809917731,0.0,0.0,0.0214535702923,0.000727239670924,0.0182264442525,0.00195445661561,0.0,0.000772692150357,0.00049997727376,0.00254533884823,0.0411344938866,9.09049588655e-05,0.0,0.0241352665788,4.54524794328e-05,0.00190900413618,9.09049588655e-05,0.0,0.0205445207036,0.0,0.0,0.000454524794328,0.00049997727376,0.00154538430071,0.0023635289305,0.00227262397164,0.000636334712059,0.0,0.00259079132767,9.09049588655e-05,0.000863597109222,0.000772692150357,0.0,0.0,0.000181809917731,0.000272714876597,0.0,0.00081814462979,4.54524794328e-05,0.0,0.0,4.54524794328e-05,0.0022271714922,0.000181809917731,0.000272714876597,0.041589018681,0.000954502068088,4.54524794328e-05,0.0,9.09049588655e-05,0.00049997727376,0.00195445661561,0.0246352438526,0.00104540702695,0.00131812190355,0.0,0.00218171901277,0.00340893595746,0.0,0.0266351529476,4.54524794328e-05,0.000136357438298,0.00318167356029,0.00049997727376,0.000681787191491,0.000181809917731,0.0,0.00227262397164,0.00172719421844,0.0181809917731,0.000181809917731,0.00049997727376,0.000909049588655,0.000954502068088,0.000409072314895,9.09049588655e-05,0.00109085950639,0.0,0.0,0.0195445661561,9.09049588655e-05,0.000136357438298,0.0,0.000181809917731,0.00081814462979,0.000590882232626,0.0,0.0207263306213,0.00159083678015,4.54524794328e-05,0.00127266942412,0.00518158265533,0.00181809917731,0.044634334803,0.000545429753193,0.00440889050498,0.0228171446752,0.00081814462979,0.0,0.00136357438298,4.54524794328e-05,0.00245443388937,0.000227262397164,0.000636334712059,0.000363619835462,0.00104540702695,0.000590882232626,4.54524794328e-05,0.0,0.00254533884823,0.00081814462979,9.09049588655e-05,0.000318167356029,0.0,0.000181809917731,0.000636334712059,0.000863597109222,0.0226353347575,0.0055452024908,0.0107722376256,0.0434071178583,0.00145447934185,0.0,0.000136357438298,0.0,0.000136357438298,0.0,0.0206354256625,0.000590882232626,0.00145447934185,0.0,0.0244079814554,4.54524794328e-05,0.000999954547521,0.0429980455434,0.00113631198582,0.00304531612199,0.0179082768965,0.000954502068088,0.000227262397164,0.0,9.09049588655e-05,0.00718149175037,9.09049588655e-05,0.0,0.000999954547521,0.00186355165674,0.0,0.0431344029817,0.00145447934185,9.09049588655e-05,0.00422708058725,0.00136357438298,9.09049588655e-05,0.00081814462979,0.00213626653334,0.0,0.00154538430071,0.0,0.0215899277306,0.000181809917731,0.00245443388937,0.00131812190355
Gen 22
string_,string_rot,integer_swap,exec_sho,integer_gte,boolean_shove,boolean_and,string_pop,exec_eq,string_yankd,string_parse_to_chars,integer_lt,string_stackdepth,exec_do*whi,char_r,char_p,boolean_sw,integer_sho,boolean_invert_second_then_a,print_integ,char_iswhitespace,string_removechar,exec_emp,string_first,string_conc,string_yank,string_concat,string_setchar,exec_yankd,string_length,string_replacefirstch,char_d,integer_eq,exec_do*tim,string_emptystri,string_reverse,exec_yankdup,string_repla,exec_,char_ya,integer_mu,string_replacech,boolean_yankd,char_isletter,integer_add,string_empty,char_isdigit,print_integer,exec_shove,integer_fromstri,string_conjchar,boolean_or,boolean_empty,exec_wh,string_fromchar,integer_yankd,exec_do*while,integer_rot,string_rest,boolean_flu,integer_stackdep,char_iswhitespa,char_allfromstring,boolean_,char_allfromstri,exec_stackdepth,exec_do*range,char_shove,char_stackdep,string_removech,exec_stackdep,boolean_sho,string_indexofch,string_stackdep,string_leng,print_ch,integer_mult,boolean_xor,boolean_yankdup,integer_min,string_emp,integer_fromch,exec_yank,char_stackdepth,char_sw,integer_fromboole,string_replace,integer_div,string_replacefirst,boolean_frominteger,string_butla,char_isdig,integer_flush,integer_,string_yankdup,char_flu,print_exec,integer_yank,boolean_frominteg,string_emptystring,char_yankd,boolean_ya,string_swap,print_ex,exec_d,integer_max,char_swap,string_contains,char_empty,exec_dup,exec_k,string_frominteg,exec_noop,exec_p,exec_r,exec_s,string_sho,integer_flu,exec_y,boolean_rot,boolean_a,integer_ya,exec_ya,boolean_invert_first_then_a,string_spl,string_occurrencesofch,integer_yankdup,string_replacechar,char_sho,string_fromboolean,print_stri,exec_string_itera,print_newli,string_ta,string_replacefirstchar,string_substring,boolean_stackdepth,string_shove,string_containschar,exec_do*ran,char_yankdup,char_yank,integer_sw,exec_do*times,string_fromch,integer_shove,exec_if,exec_whi,integer_g,char_frominteger,char_frominteg,boolean_dup,string_eq,boolean_not,char_eq,boolean_flush,boolean_pop,string_butlast,exec_swap,string_replacefir,boolean_swap,exec_sw,string_n,print_string,exec_flush,print_newline,integer_a,string_d,string_dup,string_frominteger,string_contai,integer_mod,exec_do*count,string_fir,string_r,integer_fromchar,string_p,integer_inc,boolean_invert_first_then_and,integer_fromstring,exec_rot,integer_m,boolean_d,char_rot,exec_do*cou,string_take,exec_string_iterate,string_split,integer_pop,boolean_n,string_re,boolean_p,boolean_r,exec_pop,string_sw,boolean_x,boolean_emp,string_la,char_emp,boolean_stackdep,string_parse_to_cha,print_char,integer_dup,boolean_invert_second_then_and,integer_sub,string_setch,exec_no,boolean_yank,char_islett,string_ya,string_flu,integer_stackdepth,integer_emp,integer_dec,print_boole,integer_gt,exec,string_indexofchar,in1,char_dup,char_flush,char_pop,integer_lte,string_conjch,exec_flu,string_containsch,boolean_eq,string_flush,print_boolean,integer_d,string_rever,char_,exec_empty,string_last,integer_l,exec_when,integer_i,string_substri,string_nth,string_occurrencesofchar,integer_r,integer_s,integer_p,exec_while,integer_fromboolean,integer_empty,string_fromboole
4.34763705926e-05,0.0416938393983,0.000130429111778,0.000869527411852,0.0238250510847,0.00104343289422,0.00221729490022,0.0228250945611,0.000217381852963,0.000304334594148,0.0422155558454,0.00126081474718,0.00108690926481,8.69527411852e-05,0.0,0.000391287335333,0.0,0.0,0.000391287335333,0.0,0.00273901134733,0.000217381852963,0.00126081474718,0.0017825311943,0.0,0.0017390548237,0.00104343289422,0.0285639754793,0.0,0.0409982174688,0.0,4.34763705926e-05,0.00152167297074,0.000782574670666,0.0,0.0415199339159,0.000521716447111,0.000608669188296,0.000304334594148,8.69527411852e-05,0.0,0.0,0.0,0.000304334594148,0.00017390548237,0.000869527411852,0.0169992609017,0.000217381852963,0.0101734707187,4.34763705926e-05,0.00239120038259,0.0181296465371,0.00426068431807,8.69527411852e-05,0.000217381852963,0.000130429111778,0.00499978261815,0.000217381852963,0.0142602495544,0.0,0.000999956523629,0.000304334594148,0.00473892439459,0.000826051041259,4.34763705926e-05,0.000260858223555,0.000391287335333,0.000869527411852,0.0,0.0,0.0,4.34763705926e-05,4.34763705926e-05,0.0,0.000782574670666,0.00147819660015,0.000478240076518,0.00108690926481,0.00199991304726,0.00126081474718,0.0,0.000260858223555,0.00243467675318,0.000217381852963,4.34763705926e-05,4.34763705926e-05,0.0207382287727,0.000999956523629,0.0177818355724,0.00239120038259,4.34763705926e-05,0.000956480153037,0.00017390548237,0.00230424764141,0.0395634972393,0.00191296030607,0.00017390548237,0.0229990000435,0.0,0.0017825311943,4.34763705926e-05,0.0,0.0193469849137,0.0,0.0,0.000999956523629,0.001173862006,0.00134776748837,0.00282596408852,0.00213034215904,0.000869527411852,4.34763705926e-05,0.00373896787096,0.000130429111778,0.000478240076518,0.000391287335333,0.0,0.0,0.0,0.000130429111778,0.0,0.00104343289422,0.000130429111778,8.69527411852e-05,0.0,4.34763705926e-05,0.00213034215904,0.000260858223555,0.000217381852963,0.0400852136864,0.000695621929481,4.34763705926e-05,0.0,0.0,0.000565192817704,0.00104343289422,0.0208686578844,0.000608669188296,0.0041302552063,4.34763705926e-05,0.00169557845311,0.00313029868267,0.0,0.0266075388027,4.34763705926e-05,0.000260858223555,0.00326072779444,0.00108690926481,0.000652145558889,0.00017390548237,0.0,0.00482587713578,0.00113038563541,0.0177818355724,0.000217381852963,0.000130429111778,0.000782574670666,0.00108690926481,0.000217381852963,0.0,0.00113038563541,0.0,0.0,0.017390548237,0.0,8.69527411852e-05,0.0,0.00017390548237,0.000652145558889,0.000608669188296,4.34763705926e-05,0.0185209338724,0.00165210208252,0.0,0.00156514934133,0.0041302552063,0.00186948393548,0.0425633668101,0.00191296030607,0.00626059736533,0.0237380983436,0.000782574670666,4.34763705926e-05,0.00113038563541,8.69527411852e-05,0.00195643667667,0.000434763705926,0.00017390548237,0.000347810964741,0.000521716447111,0.000826051041259,0.000217381852963,4.34763705926e-05,0.00186948393548,0.000478240076518,8.69527411852e-05,8.69527411852e-05,0.0,0.00017390548237,0.00104343289422,0.000999956523629,0.0200426068432,0.00578235728881,0.00873875048911,0.0417807921395,0.00134776748837,0.0,0.000130429111778,0.0,0.0,0.0,0.0203904178079,0.000391287335333,0.00204338941785,0.0,0.021346897961,4.34763705926e-05,0.000913003782444,0.0413895048041,0.00165210208252,0.00273901134733,0.0161297334898,0.00113038563541,0.000130429111778,0.0,0.00017390548237,0.0052606408417,0.0,4.34763705926e-05,0.000391287335333,0.00169557845311,0.0,0.0412590756924,0.00165210208252,0.0,0.00604321551237,0.000826051041259,0.0,0.000782574670666,0.00165210208252,0.0,0.001173862006,4.34763705926e-05,0.0199991304726,0.000565192817704,0.00260858223555,0.00113038563541
Gen 23
string_,string_rot,integer_swap,exec_sho,integer_gte,boolean_shove,boolean_and,string_pop,exec_eq,string_yankd,string_parse_to_chars,integer_lt,string_stackdepth,exec_do*whi,char_r,char_p,boolean_sw,integer_sho,boolean_invert_second_then_a,print_integ,char_iswhitespace,string_removechar,exec_emp,string_first,string_conc,string_yank,string_concat,string_setchar,exec_yankd,string_length,string_replacefirstch,char_d,integer_eq,exec_do*tim,string_emptystri,string_reverse,exec_yankdup,string_repla,exec_,char_ya,integer_mu,string_replacech,boolean_yankd,char_isletter,integer_add,string_empty,char_isdigit,print_integer,exec_shove,integer_fromstri,string_conjchar,boolean_or,boolean_empty,exec_wh,string_fromchar,integer_yankd,exec_do*while,integer_rot,string_rest,boolean_flu,integer_stackdep,char_iswhitespa,char_allfromstring,boolean_,char_allfromstri,exec_stackdepth,exec_do*range,char_shove,char_stackdep,string_removech,exec_stackdep,boolean_sho,string_indexofch,string_stackdep,string_leng,print_ch,integer_mult,boolean_xor,boolean_yankdup,integer_min,string_emp,integer_fromch,exec_yank,char_stackdepth,char_sw,integer_fromboole,string_replace,integer_div,string_replacefirst,boolean_frominteger,string_butla,char_isdig,integer_flush,integer_,string_yankdup,char_flu,print_exec,integer_yank,boolean_frominteg,string_emptystring,char_yankd,boolean_ya,string_swap,print_ex,exec_d,integer_max,char_swap,string_contains,char_empty,exec_dup,exec_k,string_frominteg,exec_noop,exec_p,exec_r,exec_s,string_sho,integer_flu,exec_y,boolean_rot,boolean_a,integer_ya,exec_ya,boolean_invert_first_then_a,string_spl,string_occurrencesofch,integer_yankdup,string_replacechar,char_sho,string_fromboolean,print_stri,exec_string_itera,print_newli,string_ta,string_replacefirstchar,string_substring,boolean_stackdepth,string_shove,string_containschar,exec_do*ran,char_yankdup,char_yank,integer_sw,exec_do*times,string_fromch,integer_shove,exec_if,exec_whi,integer_g,char_frominteger,char_frominteg,boolean_dup,string_eq,boolean_not,char_eq,boolean_flush,boolean_pop,string_butlast,exec_swap,string_replacefir,boolean_swap,exec_sw,string_n,print_string,exec_flush,print_newline,integer_a,string_d,string_dup,string_frominteger,string_contai,integer_mod,exec_do*count,string_fir,string_r,integer_fromchar,string_p,integer_inc,boolean_invert_first_then_and,integer_fromstring,exec_rot,integer_m,boolean_d,char_rot,exec_do*cou,string_take,exec_string_iterate,string_split,integer_pop,boolean_n,string_re,boolean_p,boolean_r,exec_pop,string_sw,boolean_x,boolean_emp,string_la,char_emp,boolean_stackdep,string_parse_to_cha,print_char,integer_dup,boolean_invert_second_then_and,integer_sub,string_setch,exec_no,boolean_yank,char_islett,string_ya,string_flu,integer_stackdepth,integer_emp,integer_dec,print_boole,integer_gt,exec,string_indexofchar,in1,char_dup,char_flush,char_pop,integer_lte,string_conjch,exec_flu,string_containsch,boolean_eq,string_flush,print_boolean,integer_d,string_rever,char_,exec_empty,string_last,integer_l,exec_when,integer_i,string_substri,string_nth,string_occurrencesofchar,integer_r,integer_s,integer_p,exec_while,integer_fromboolean,integer_empty,string_fromboole
0.0,0.0400399983334,0.000166659722512,0.000749968751302,0.0241239948335,0.00137494271072,0.00279155035207,0.0227073871922,0.000291654514395,0.000249989583767,0.0402899879172,0.0010416232657,0.000708303820674,8.33298612558e-05,8.33298612558e-05,0.000499979167535,4.16649306279e-05,0.0,0.000249989583767,0.0,0.00212491146202,0.000208324653139,0.000999958335069,0.000833298612558,0.0,0.00141660764135,0.000708303820674,0.0275821840757,0.0,0.0393733594434,8.33298612558e-05,0.0,0.00112495312695,0.000708303820674,8.33298612558e-05,0.039748343819,0.000416649306279,0.000499979167535,4.16649306279e-05,8.33298612558e-05,4.16649306279e-05,0.0,0.0,0.000166659722512,0.000124994791884,0.00116661805758,0.014666055581,8.33298612558e-05,0.00937460939128,0.000124994791884,0.00170826215574,0.0167076371818,0.00424982292404,8.33298612558e-05,0.000291654514395,4.16649306279e-05,0.00279155035207,0.000374984375651,0.0123744843965,0.0,0.00133327778009,8.33298612558e-05,0.00512478646723,0.000916628473814,0.000249989583767,0.000166659722512,0.000458314236907,0.000874963543186,0.0,0.0,4.16649306279e-05,0.0,0.0,0.0,0.000999958335069,0.00116661805758,0.000749968751302,0.00124994791884,0.00162493229449,0.0010416232657,4.16649306279e-05,0.000124994791884,0.00154160243323,0.000208324653139,4.16649306279e-05,0.0,0.0230407066372,0.000333319445023,0.0168742969043,0.00249989583767,0.0,0.000458314236907,0.000333319445023,0.00229157118453,0.0370817882588,0.00279155035207,0.000208324653139,0.0220824132328,0.0,0.00174992708637,8.33298612558e-05,0.0,0.0162076580142,0.0,8.33298612558e-05,0.00195825173951,0.00116661805758,0.00129161284946,0.00258322569893,0.00216657639265,0.000666638890046,4.16649306279e-05,0.00245823090705,4.16649306279e-05,0.000458314236907,0.000249989583767,0.0,0.0,0.000208324653139,0.000541644098163,0.0,0.000708303820674,8.33298612558e-05,4.16649306279e-05,0.0,0.0,0.00204158160077,0.000249989583767,8.33298612558e-05,0.0389150452064,0.000916628473814,0.0,0.0,8.33298612558e-05,0.000291654514395,0.000999958335069,0.0199575017708,0.000499979167535,0.00516645139786,8.33298612558e-05,0.00162493229449,0.00249989583767,0.0,0.0256655972668,0.0,0.000249989583767,0.00224990625391,0.0010416232657,0.000541644098163,0.000208324653139,0.0,0.00474980209158,0.00116661805758,0.0165409774593,0.000166659722512,0.000124994791884,0.000874963543186,0.000666638890046,0.00058330902879,0.0,0.000749968751302,0.0,0.0,0.0162076580142,8.33298612558e-05,0.000124994791884,0.0,8.33298612558e-05,0.000708303820674,0.000458314236907,0.0,0.0169576267656,0.00079163368193,4.16649306279e-05,0.0010416232657,0.00345818924211,0.00199991667014,0.0406649722928,0.00195825173951,0.008957960085,0.0238323403192,0.00112495312695,0.000166659722512,0.000624973959418,0.0,0.00145827257198,0.000333319445023,0.000291654514395,0.000249989583767,0.000499979167535,0.000249989583767,0.000249989583767,0.0,0.00112495312695,0.000833298612558,0.0,0.000124994791884,0.0,8.33298612558e-05,0.000624973959418,0.00058330902879,0.0194575226032,0.00470813716095,0.00699970834549,0.0399983334028,0.00116661805758,0.000124994791884,8.33298612558e-05,0.0,4.16649306279e-05,0.0,0.0206658055914,0.000291654514395,0.00216657639265,0.0,0.0191658680888,0.0,0.000708303820674,0.0398733386109,0.000916628473814,0.00258322569893,0.0154993541936,0.000958293404441,0.000124994791884,0.0,0.000249989583767,0.00533311112037,4.16649306279e-05,0.000208324653139,0.000249989583767,0.00120828298821,0.0,0.0392066997208,0.00162493229449,0.0,0.00599975001042,0.0010416232657,4.16649306279e-05,0.00058330902879,0.00108328819633,0.0,0.00166659722512,0.0,0.0172076163493,0.00129161284946,0.00241656597642,0.00166659722512
Gen 24
string_,string_rot,integer_swap,exec_sho,integer_gte,boolean_shove,boolean_and,string_pop,exec_eq,string_yankd,string_parse_to_chars,integer_lt,string_stackdepth,exec_do*whi,char_r,char_p,boolean_sw,integer_sho,boolean_invert_second_then_a,print_integ,char_iswhitespace,string_removechar,exec_emp,string_first,string_conc,string_yank,string_concat,string_setchar,exec_yankd,string_length,string_replacefirstch,char_d,integer_eq,exec_do*tim,string_emptystri,string_reverse,exec_yankdup,string_repla,exec_,char_ya,integer_mu,string_replacech,boolean_yankd,char_isletter,integer_add,string_empty,char_isdigit,print_integer,exec_shove,integer_fromstri,string_conjchar,boolean_or,boolean_empty,exec_wh,string_fromchar,integer_yankd,exec_do*while,integer_rot,string_rest,boolean_flu,integer_stackdep,char_iswhitespa,char_allfromstring,boolean_,char_allfromstri,exec_stackdepth,exec_do*range,char_shove,char_stackdep,string_removech,exec_stackdep,boolean_sho,string_indexofch,string_stackdep,string_leng,print_ch,integer_mult,boolean_xor,boolean_yankdup,integer_min,string_emp,integer_fromch,exec_yank,char_stackdepth,char_sw,integer_fromboole,string_replace,integer_div,string_replacefirst,boolean_frominteger,string_butla,char_isdig,integer_flush,integer_,string_yankdup,char_flu,print_exec,integer_yank,boolean_frominteg,string_emptystring,char_yankd,boolean_ya,string_swap,print_ex,exec_d,integer_max,char_swap,string_contains,char_empty,exec_dup,exec_k,string_frominteg,exec_noop,exec_p,exec_r,exec_s,string_sho,integer_flu,exec_y,boolean_rot,boolean_a,integer_ya,exec_ya,boolean_invert_first_then_a,string_spl,string_occurrencesofch,integer_yankdup,string_replacechar,char_sho,string_fromboolean,print_stri,exec_string_itera,print_newli,string_ta,string_replacefirstchar,string_substring,boolean_stackdepth,string_shove,string_containschar,exec_do*ran,char_yankdup,char_yank,integer_sw,exec_do*times,string_fromch,integer_shove,exec_if,exec_whi,integer_g,char_frominteger,char_frominteg,boolean_dup,string_eq,boolean_not,char_eq,boolean_flush,boolean_pop,string_butlast,exec_swap,string_replacefir,boolean_swap,exec_sw,string_n,print_string,exec_flush,print_newline,integer_a,string_d,string_dup,string_frominteger,string_contai,integer_mod,exec_do*count,string_fir,string_r,integer_fromchar,string_p,integer_inc,boolean_invert_first_then_and,integer_fromstring,exec_rot,integer_m,boolean_d,char_rot,exec_do*cou,string_take,exec_string_iterate,string_split,integer_pop,boolean_n,string_re,boolean_p,boolean_r,exec_pop,string_sw,boolean_x,boolean_emp,string_la,char_emp,boolean_stackdep,string_parse_to_cha,print_char,integer_dup,boolean_invert_second_then_and,integer_sub,string_setch,exec_no,boolean_yank,char_islett,string_ya,string_flu,integer_stackdepth,integer_emp,integer_dec,print_boole,integer_gt,exec,string_indexofchar,in1,char_dup,char_flush,char_pop,integer_lte,string_conjch,exec_flu,string_containsch,boolean_eq,string_flush,print_boolean,integer_d,string_rever,char_,exec_empty,string_last,integer_l,exec_when,integer_i,string_substri,string_nth,string_occurrencesofchar,integer_r,integer_s,integer_p,exec_while,integer_fromboolean,integer_empty,string_fromboole
0.0,0.0389584416623,0.000159993600256,0.000719971201152,0.0233990640374,0.00135994560218,0.00371985120595,0.0229190832367,0.000239990400384,0.000319987200512,0.0393184272629,0.000719971201152,0.000679972801088,0.0,3.9998400064e-05,0.000359985600576,0.0,0.0,0.000279988800448,0.0,0.00283988640454,7.9996800128e-05,0.000759969601216,0.000879964801408,0.0,0.00115995360186,0.000839966401344,0.0269989200432,0.0,0.0385584576617,3.9998400064e-05,0.0,0.00107995680173,0.000719971201152,0.0,0.0387184512619,0.000879964801408,0.00059997600096,0.000119995200192,3.9998400064e-05,0.0,3.9998400064e-05,0.0,0.000159993600256,0.000239990400384,0.00135994560218,0.0155193792248,0.000119995200192,0.0101595936163,0.000359985600576,0.00175992960282,0.0168393264269,0.004999800008,0.0,0.000159993600256,0.0,0.00271989120435,7.9996800128e-05,0.0122795088196,0.0,0.00123995040198,3.9998400064e-05,0.00603975840966,0.00135994560218,0.000439982400704,0.000119995200192,0.00127994880205,0.000679972801088,0.0,0.0,0.0,0.0,0.0,0.0,0.000559977600896,0.00107995680173,0.000479980800768,0.000879964801408,0.0015599376025,0.00127994880205,0.0,0.000279988800448,0.00163993440262,0.000359985600576,3.9998400064e-05,3.9998400064e-05,0.0209591616335,0.000839966401344,0.015639374425,0.00175992960282,0.0,0.000759969601216,0.000279988800448,0.00251989920403,0.0358385664573,0.00219991200352,3.9998400064e-05,0.0213591456342,3.9998400064e-05,0.00135994560218,0.0,0.0,0.017479300828,0.0,3.9998400064e-05,0.00151993920243,0.00147994080237,0.00103995840166,0.00431982720691,0.00163993440262,0.000319987200512,0.0,0.0034398624055,0.0,0.00163993440262,0.00039998400064,3.9998400064e-05,0.0,0.000279988800448,0.000719971201152,3.9998400064e-05,0.000679972801088,3.9998400064e-05,7.9996800128e-05,0.0,3.9998400064e-05,0.00303987840486,0.000279988800448,0.0,0.0379584816607,0.00079996800128,3.9998400064e-05,0.0,7.9996800128e-05,0.000359985600576,0.00111995520179,0.0221191152354,0.000959961601536,0.00391984320627,0.0,0.00219991200352,0.0035598576057,0.0,0.0264789408424,0.0,0.000159993600256,0.00339986400544,0.000759969601216,0.000439982400704,0.000319987200512,0.0,0.00579976800928,0.00123995040198,0.0169993200272,0.000119995200192,0.000639974401024,0.000479980800768,0.000479980800768,0.000719971201152,0.0,0.000919963201472,0.0,0.0,0.0151193952242,0.0,0.000119995200192,0.0,3.9998400064e-05,0.0009999600016,0.000759969601216,0.0,0.016879324827,0.00107995680173,3.9998400064e-05,0.000879964801408,0.00287988480461,0.00163993440262,0.0395584176633,0.00195992160314,0.00927962881485,0.0231590736371,0.000839966401344,0.000679972801088,0.000719971201152,3.9998400064e-05,0.00183992640294,0.00019999200032,0.00019999200032,0.000239990400384,0.000919963201472,0.00059997600096,0.0,0.0,0.00119995200192,0.000879964801408,3.9998400064e-05,3.9998400064e-05,0.0,3.9998400064e-05,0.000479980800768,0.00079996800128,0.0182392704292,0.00503979840806,0.0074397024119,0.0388384464621,0.0009999600016,0.000279988800448,0.000119995200192,0.0,0.000119995200192,0.0,0.0197592096316,0.000119995200192,0.00491980320787,0.0,0.0213191472341,0.0,0.000679972801088,0.038758449662,0.00119995200192,0.00315987360506,0.0163993440262,0.000839966401344,0.0,0.0,7.9996800128e-05,0.00587976480941,0.000159993600256,0.000119995200192,0.000239990400384,0.000959961601536,0.0,0.0379184832607,0.00107995680173,3.9998400064e-05,0.0059997600096,0.000679972801088,3.9998400064e-05,0.000519979200832,0.00267989280429,0.0,0.00211991520339,0.0,0.0184392624295,0.000439982400704,0.00387984480621,0.00163993440262
Gen 25
string_,string_rot,integer_swap,exec_sho,integer_gte,boolean_shove,boolean_and,string_pop,exec_eq,string_yankd,string_parse_to_chars,integer_lt,string_stackdepth,exec_do*whi,char_r,char_p,boolean_sw,integer_sho,boolean_invert_second_then_a,print_integ,char_iswhitespace,string_removechar,exec_emp,string_first,string_conc,string_yank,string_concat,string_setchar,exec_yankd,string_length,string_replacefirstch,char_d,integer_eq,exec_do*tim,string_emptystri,string_reverse,exec_yankdup,string_repla,exec_,char_ya,integer_mu,string_replacech,boolean_yankd,char_isletter,integer_add,string_empty,char_isdigit,print_integer,exec_shove,integer_fromstri,string_conjchar,boolean_or,boolean_empty,exec_wh,string_fromchar,integer_yankd,exec_do*while,integer_rot,string_rest,boolean_flu,integer_stackdep,char_iswhitespa,char_allfromstring,boolean_,char_allfromstri,exec_stackdepth,exec_do*range,char_shove,char_stackdep,string_removech,exec_stackdep,boolean_sho,string_indexofch,string_stackdep,string_leng,print_ch,integer_mult,boolean_xor,boolean_yankdup,integer_min,string_emp,integer_fromch,exec_yank,char_stackdepth,char_sw,integer_fromboole,string_replace,integer_div,string_replacefirst,boolean_frominteger,string_butla,char_isdig,integer_flush,integer_,string_yankdup,char_flu,print_exec,integer_yank,boolean_frominteg,string_emptystring,char_yankd,boolean_ya,string_swap,print_ex,exec_d,integer_max,char_swap,string_contains,char_empty,exec_dup,exec_k,string_frominteg,exec_noop,exec_p,exec_r,exec_s,string_sho,integer_flu,exec_y,boolean_rot,boolean_a,integer_ya,exec_ya,boolean_invert_first_then_a,string_spl,string_occurrencesofch,integer_yankdup,string_replacechar,char_sho,string_fromboolean,print_stri,exec_string_itera,print_newli,string_ta,string_replacefirstchar,string_substring,boolean_stackdepth,string_shove,string_containschar,exec_do*ran,char_yankdup,char_yank,integer_sw,exec_do*times,string_fromch,integer_shove,exec_if,exec_whi,integer_g,char_frominteger,char_frominteg,boolean_dup,string_eq,boolean_not,char_eq,boolean_flush,boolean_pop,string_butlast,exec_swap,string_replacefir,boolean_swap,exec_sw,string_n,print_string,exec_flush,print_newline,integer_a,string_d,string_dup,string_frominteger,string_contai,integer_mod,exec_do*count,string_fir,string_r,integer_fromchar,string_p,integer_inc,boolean_invert_first_then_and,integer_fromstring,exec_rot,integer_m,boolean_d,char_rot,exec_do*cou,string_take,exec_string_iterate,string_split,integer_pop,boolean_n,string_re,boolean_p,boolean_r,exec_pop,string_sw,boolean_x,boolean_emp,string_la,char_emp,boolean_stackdep,string_parse_to_cha,print_char,integer_dup,boolean_invert_second_then_and,integer_sub,string_setch,exec_no,boolean_yank,char_islett,string_ya,string_flu,integer_stackdepth,integer_emp,integer_dec,print_boole,integer_gt,exec,string_indexofchar,in1,char_dup,char_flush,char_pop,integer_lte,string_conjch,exec_flu,string_containsch,boolean_eq,string_flush,print_boolean,integer_d,string_rever,char_,exec_empty,string_last,integer_l,exec_when,integer_i,string_substri,string_nth,string_occurrencesofchar,integer_r,integer_s,integer_p,exec_while,integer_fromboolean,integer_empty,string_fromboole
0.0,0.0377293181031,0.000269220414599,0.000961501480712,0.0221145340564,0.0010768816584,0.00423060651513,0.0217299334641,0.000115380177685,0.000230760355371,0.0376908580439,0.00149994230991,0.000807661243798,3.84600592285e-05,3.84600592285e-05,0.000346140533056,0.0,0.0,0.000269220414599,0.0,0.00180762278374,0.000307680473828,0.000384600592285,0.000384600592285,0.0,0.00076920118457,0.000538440829199,0.026768201223,0.0,0.0372677973924,0.0,0.0,0.000692281066113,0.000538440829199,0.0,0.0374600976886,0.00157686242837,0.000538440829199,7.6920118457e-05,0.000153840236914,3.84600592285e-05,3.84600592285e-05,3.84600592285e-05,7.6920118457e-05,0.000384600592285,0.00103842159917,0.0168455059421,0.000115380177685,0.0116533979462,0.000653821006884,0.00111534171763,0.017499326949,0.00519210799585,3.84600592285e-05,0.000269220414599,0.0,0.00296142456059,0.000115380177685,0.0130379600785,0.0,0.00076920118457,0.000115380177685,0.00619206953579,0.00238452367217,0.000307680473828,0.000115380177685,0.00103842159917,0.000384600592285,0.0,0.0,0.0,0.0,0.0,0.0,0.00119226183608,0.00115380177685,0.000192300296142,0.000538440829199,0.00123072189531,0.00207684319834,3.84600592285e-05,7.6920118457e-05,0.00123072189531,0.000269220414599,3.84600592285e-05,0.0,0.0197300103842,0.000346140533056,0.0161147648167,0.001346102073,0.0,0.000423060651513,0.000115380177685,0.00261528402754,0.0341909926541,0.00130764201377,0.000192300296142,0.0208838121611,3.84600592285e-05,0.000923041421484,0.0,0.0,0.0177300873043,0.0,0.0,0.00111534171763,0.000961501480712,0.000538440829199,0.00330756509365,0.00142302219145,0.00076920118457,0.0,0.00384600592285,0.0,0.00126918195454,0.000230760355371,0.0,0.0,3.84600592285e-05,0.000923041421484,0.0,0.000846121303027,0.0,3.84600592285e-05,0.0,3.84600592285e-05,0.00269220414599,7.6920118457e-05,0.000115380177685,0.0362293757932,0.000653821006884,0.0,3.84600592285e-05,0.0,0.000423060651513,0.000846121303027,0.0248836583208,0.000615360947656,0.0021537633168,0.0,0.00119226183608,0.00292296450137,3.84600592285e-05,0.0233452559517,0.0,0.000192300296142,0.00696127072036,0.000615360947656,0.00219222337602,0.000153840236914,0.0,0.0060766893581,0.000846121303027,0.0178839275412,7.6920118457e-05,0.000461520710742,0.000230760355371,0.00103842159917,0.000269220414599,3.84600592285e-05,0.000730741125341,0.0,0.0,0.0133456405523,0.000153840236914,0.000153840236914,0.0,0.0,0.000653821006884,0.000461520710742,0.0,0.0179993077189,0.00115380177685,0.0,0.000807661243798,0.00492288758125,0.00153840236914,0.0380754586362,0.00111534171763,0.0119995384793,0.0232683358332,0.000653821006884,0.000192300296142,0.000346140533056,7.6920118457e-05,0.00123072189531,0.000307680473828,0.000192300296142,0.000192300296142,0.00076920118457,0.000576900888427,0.0,0.0,0.000961501480712,0.00115380177685,3.84600592285e-05,3.84600592285e-05,0.0,7.6920118457e-05,0.000576900888427,0.000846121303027,0.019191569555,0.00403830621899,0.00834583285258,0.0377677781624,0.000423060651513,3.84600592285e-05,0.000538440829199,0.0,0.0,0.0,0.0196530902658,0.000192300296142,0.00469212722588,0.0,0.0235375562478,0.0,0.000692281066113,0.0374600976886,0.00169224260605,0.00196146302065,0.0192684896735,0.000692281066113,0.0,0.0,0.0,0.00538440829199,0.000230760355371,3.84600592285e-05,0.000269220414599,0.000461520710742,0.0,0.0364216760894,0.00130764201377,3.84600592285e-05,0.00753817160878,0.000846121303027,0.0,0.00184608284297,0.00599976923964,0.0,0.00176916272451,0.0,0.0193069497327,0.000384600592285,0.00461520710742,0.00153840236914
Gen 26
string_,string_rot,integer_swap,exec_sho,integer_gte,boolean_shove,boolean_and,string_pop,exec_eq,string_yankd,string_parse_to_chars,integer_lt,string_stackdepth,exec_do*whi,char_r,char_p,boolean_sw,integer_sho,boolean_invert_second_then_a,print_integ,char_iswhitespace,string_removechar,exec_emp,string_first,string_conc,string_yank,string_concat,string_setchar,exec_yankd,string_length,string_replacefirstch,char_d,integer_eq,exec_do*tim,string_emptystri,string_reverse,exec_yankdup,string_repla,exec_,char_ya,integer_mu,string_replacech,boolean_yankd,char_isletter,integer_add,string_empty,char_isdigit,print_integer,exec_shove,integer_fromstri,string_conjchar,boolean_or,boolean_empty,exec_wh,string_fromchar,integer_yankd,exec_do*while,integer_rot,string_rest,boolean_flu,integer_stackdep,char_iswhitespa,char_allfromstring,boolean_,char_allfromstri,exec_stackdepth,exec_do*range,char_shove,char_stackdep,string_removech,exec_stackdep,boolean_sho,string_indexofch,string_stackdep,string_leng,print_ch,integer_mult,boolean_xor,boolean_yankdup,integer_min,string_emp,integer_fromch,exec_yank,char_stackdepth,char_sw,integer_fromboole,string_replace,integer_div,string_replacefirst,boolean_frominteger,string_butla,char_isdig,integer_flush,integer_,string_yankdup,char_flu,print_exec,integer_yank,boolean_frominteg,string_emptystring,char_yankd,boolean_ya,string_swap,print_ex,exec_d,integer_max,char_swap,string_contains,char_empty,exec_dup,exec_k,string_frominteg,exec_noop,exec_p,exec_r,exec_s,string_sho,integer_flu,exec_y,boolean_rot,boolean_a,integer_ya,exec_ya,boolean_invert_first_then_a,string_spl,string_occurrencesofch,integer_yankdup,string_replacechar,char_sho,string_fromboolean,print_stri,exec_string_itera,print_newli,string_ta,string_replacefirstchar,string_substring,boolean_stackdepth,string_shove,string_containschar,exec_do*ran,char_yankdup,char_yank,integer_sw,exec_do*times,string_fromch,integer_shove,exec_if,exec_whi,integer_g,char_frominteger,char_frominteg,boolean_dup,string_eq,boolean_not,char_eq,boolean_flush,boolean_pop,string_butlast,exec_swap,string_replacefir,boolean_swap,exec_sw,string_n,print_string,exec_flush,print_newline,integer_a,string_d,string_dup,string_frominteger,string_contai,integer_mod,exec_do*count,string_fir,string_r,integer_fromchar,string_p,integer_inc,boolean_invert_first_then_and,integer_fromstring,exec_rot,integer_m,boolean_d,char_rot,exec_do*cou,string_take,exec_string_iterate,string_split,integer_pop,boolean_n,string_re,boolean_p,boolean_r,exec_pop,string_sw,boolean_x,boolean_emp,string_la,char_emp,boolean_stackdep,string_parse_to_cha,print_char,integer_dup,boolean_invert_second_then_and,integer_sub,string_setch,exec_no,boolean_yank,char_islett,string_ya,string_flu,integer_stackdepth,integer_emp,integer_dec,print_boole,integer_gt,exec,string_indexofchar,in1,char_dup,char_flush,char_pop,integer_lte,string_conjch,exec_flu,string_containsch,boolean_eq,string_flush,print_boolean,integer_d,string_rever,char_,exec_empty,string_last,integer_l,exec_when,integer_i,string_substri,string_nth,string_occurrencesofchar,integer_r,integer_s,integer_p,exec_while,integer_fromboolean,integer_empty,string_fromboole
0.0,0.0361097737121,0.000296285322766,0.00144439094848,0.0229991481797,0.00107403429503,0.00377763786526,0.0216658642273,0.000444427984149,0.000296285322766,0.0365542016962,0.00133328395245,0.00077774897226,3.70356653457e-05,0.0,0.000296285322766,0.0,0.0,0.000555534980186,0.0,0.0017036406059,0.000222213992074,0.000629606310877,0.000555534980186,0.0,0.000370356653457,0.00122217695641,0.0264064293915,3.70356653457e-05,0.0362208807081,0.0,0.0,0.000592570645532,0.00051849931484,0.0,0.0357394170586,0.00159253360987,0.000444427984149,0.0,0.000148142661383,0.0,0.0,3.70356653457e-05,7.40713306915e-05,0.000481463649494,0.000629606310877,0.0183326543461,7.40713306915e-05,0.0145550164809,0.000888855968297,0.00125921262175,0.0188881893263,0.00662938409689,0.0,0.000370356653457,7.40713306915e-05,0.0034813525425,0.000148142661383,0.0151105514611,3.70356653457e-05,0.000888855968297,0.000185178326729,0.00751824006518,0.00207399725936,0.000407392318803,0.00025924965742,0.00107403429503,0.000481463649494,0.0,0.0,0.0,0.0,3.70356653457e-05,0.0,0.000888855968297,0.00137031961779,0.000185178326729,0.000851820302952,0.00222213992074,0.00148142661383,3.70356653457e-05,0.000148142661383,0.000999962964335,0.000111106996037,7.40713306915e-05,0.0,0.0187030109996,0.000555534980186,0.0165549424095,0.00140735528314,0.0,0.000222213992074,0.000111106996037,0.00199992592867,0.0319988148587,0.000703677641569,7.40713306915e-05,0.0215177215659,0.0,0.00114810562572,3.70356653457e-05,0.0,0.0191104033184,3.70356653457e-05,0.0,0.00125921262175,0.000814784637606,0.000555534980186,0.00370356653457,0.00229621125144,0.00114810562572,3.70356653457e-05,0.00525906447909,0.0,0.00077774897226,0.00025924965742,0.0,0.0,0.000111106996037,0.000999962964335,0.0,0.000999962964335,3.70356653457e-05,3.70356653457e-05,0.0,0.0,0.00351838820784,0.000148142661383,0.0,0.0347764897596,0.000629606310877,0.0,0.0,0.0,0.000407392318803,0.000851820302952,0.0259620014074,0.000407392318803,0.00188881893263,0.0,0.00133328395245,0.00344431687715,0.0,0.0205547942669,0.0,0.000333320988112,0.009962593978,0.000592570645532,0.00162956927521,0.000148142661383,0.0,0.00570349246324,0.000666641976223,0.0192215103144,0.000148142661383,0.000555534980186,0.000222213992074,0.00151846227917,0.000407392318803,3.70356653457e-05,0.000629606310877,0.0,0.0,0.0125180548869,0.000148142661383,0.000111106996037,0.0,3.70356653457e-05,0.000333320988112,0.000444427984149,3.70356653457e-05,0.0193326173105,0.0042961371801,3.70356653457e-05,0.000592570645532,0.00781452538795,0.00162956927521,0.0368875226843,0.00103699862968,0.0132217325284,0.0234065404985,0.000666641976223,0.00025924965742,0.000481463649494,0.000111106996037,0.00103699862968,0.000370356653457,0.000111106996037,0.00025924965742,0.000592570645532,0.000370356653457,0.0,0.0,0.000851820302952,0.00077774897226,3.70356653457e-05,0.000148142661383,0.0,3.70356653457e-05,0.00137031961779,0.000555534980186,0.0212584719084,0.00522202881375,0.0103329506315,0.0364801303655,0.000666641976223,0.000148142661383,0.000333320988112,0.0,0.0,0.0,0.0204066516055,0.000296285322766,0.00481463649494,0.0,0.0245176104589,0.0,0.000666641976223,0.0364430947002,0.0025924965742,0.00133328395245,0.0198881522907,0.000814784637606,3.70356653457e-05,0.0,3.70356653457e-05,0.00629606310877,0.000185178326729,3.70356653457e-05,0.000148142661383,0.000592570645532,0.0,0.0351098107478,0.00162956927521,0.000148142661383,0.00796266804933,0.000333320988112,0.0,0.00229621125144,0.00862931002555,0.0,0.00166660494056,0.0,0.0201103662827,0.000370356653457,0.00585163512463,0.00111106996037
Gen 27
string_,string_rot,integer_swap,exec_sho,integer_gte,boolean_shove,boolean_and,string_pop,exec_eq,string_yankd,string_parse_to_chars,integer_lt,string_stackdepth,exec_do*whi,char_r,char_p,boolean_sw,integer_sho,boolean_invert_second_then_a,print_integ,char_iswhitespace,string_removechar,exec_emp,string_first,string_conc,string_yank,string_concat,string_setchar,exec_yankd,string_length,string_replacefirstch,char_d,integer_eq,exec_do*tim,string_emptystri,string_reverse,exec_yankdup,string_repla,exec_,char_ya,integer_mu,string_replacech,boolean_yankd,char_isletter,integer_add,string_empty,char_isdigit,print_integer,exec_shove,integer_fromstri,string_conjchar,boolean_or,boolean_empty,exec_wh,string_fromchar,integer_yankd,exec_do*while,integer_rot,string_rest,boolean_flu,integer_stackdep,char_iswhitespa,char_allfromstring,boolean_,char_allfromstri,exec_stackdepth,exec_do*range,char_shove,char_stackdep,string_removech,exec_stackdep,boolean_sho,string_indexofch,string_stackdep,string_leng,print_ch,integer_mult,boolean_xor,boolean_yankdup,integer_min,string_emp,integer_fromch,exec_yank,char_stackdepth,char_sw,integer_fromboole,string_replace,integer_div,string_replacefirst,boolean_frominteger,string_butla,char_isdig,integer_flush,integer_,string_yankdup,char_flu,print_exec,integer_yank,boolean_frominteg,string_emptystring,char_yankd,boolean_ya,string_swap,print_ex,exec_d,integer_max,char_swap,string_contains,char_empty,exec_dup,exec_k,string_frominteg,exec_noop,exec_p,exec_r,exec_s,string_sho,integer_flu,exec_y,boolean_rot,boolean_a,integer_ya,exec_ya,boolean_invert_first_then_a,string_spl,string_occurrencesofch,integer_yankdup,string_replacechar,char_sho,string_fromboolean,print_stri,exec_string_itera,print_newli,string_ta,string_replacefirstchar,string_substring,boolean_stackdepth,string_shove,string_containschar,exec_do*ran,char_yankdup,char_yank,integer_sw,exec_do*times,string_fromch,integer_shove,exec_if,exec_whi,integer_g,char_frominteger,char_frominteg,boolean_dup,string_eq,boolean_not,char_eq,boolean_flush,boolean_pop,string_butlast,exec_swap,string_replacefir,boolean_swap,exec_sw,string_n,print_string,exec_flush,print_newline,integer_a,string_d,string_dup,string_frominteger,string_contai,integer_mod,exec_do*count,string_fir,string_r,integer_fromchar,string_p,integer_inc,boolean_invert_first_then_and,integer_fromstring,exec_rot,integer_m,boolean_d,char_rot,exec_do*cou,string_take,exec_string_iterate,string_split,integer_pop,boolean_n,string_re,boolean_p,boolean_r,exec_pop,string_sw,boolean_x,boolean_emp,string_la,char_emp,boolean_stackdep,string_parse_to_cha,print_char,integer_dup,boolean_invert_second_then_and,integer_sub,string_setch,exec_no,boolean_yank,char_islett,string_ya,string_flu,integer_stackdepth,integer_emp,integer_dec,print_boole,integer_gt,exec,string_indexofchar,in1,char_dup,char_flush,char_pop,integer_lte,string_conjch,exec_flu,string_containsch,boolean_eq,string_flush,print_boolean,integer_d,string_rever,char_,exec_empty,string_last,integer_l,exec_when,integer_i,string_substri,string_nth,string_occurrencesofchar,integer_r,integer_s,integer_p,exec_while,integer_fromboolean,integer_empty,string_fromboole
0.0,0.0349987500446,0.000285704081997,0.00217849362523,0.0193207385451,0.000535695153745,0.00285704081997,0.0181064961966,0.000107139030749,0.000321417092247,0.0353915931574,0.00124995535874,0.000571408163994,7.14260204993e-05,0.0,0.00096425127674,3.57130102496e-05,3.57130102496e-05,0.000214278061498,0.0,0.00199992857398,0.000428556122996,0.000214278061498,0.000285704081997,3.57130102496e-05,0.000535695153745,0.000892825256241,0.0262847755437,3.57130102496e-05,0.0351058890754,0.0,3.57130102496e-05,0.000499982143495,0.000749973215242,0.0,0.0348916110139,0.00128566836899,0.000428556122996,0.0,7.14260204993e-05,0.0,0.0,0.0,7.14260204993e-05,0.000142852040999,0.000642834184493,0.0150351773151,0.000249991071747,0.0114281632799,0.00124995535874,0.00103567729724,0.0155708724688,0.00542837755794,3.57130102496e-05,0.000321417092247,3.57130102496e-05,0.00232134566623,0.000249991071747,0.0114638762901,0.0,0.000678547194743,0.0,0.00603549873219,0.00117852933824,0.000249991071747,3.57130102496e-05,0.00153565944073,0.000285704081997,0.0,0.0,0.0,3.57130102496e-05,0.0,0.0,0.000678547194743,0.00114281632799,0.000214278061498,0.000499982143495,0.00196421556373,0.00110710331774,3.57130102496e-05,0.000107139030749,0.000535695153745,0.000107139030749,7.14260204993e-05,0.0,0.0159637155816,0.000464269133245,0.0183922002786,0.00117852933824,0.0,0.000571408163994,0.000107139030749,0.00157137245098,0.0309631798864,0.000428556122996,3.57130102496e-05,0.0184993393093,0.0,0.00092853826649,0.0,0.0,0.0156422984893,0.0,0.0,0.00107139030749,0.000249991071747,0.000607121174244,0.00321417092247,0.00149994643048,0.000678547194743,3.57130102496e-05,0.00485696939395,0.0,0.00110710331774,0.000178565051248,0.0,0.0,0.000107139030749,0.000857112245991,3.57130102496e-05,0.00124995535874,0.0,0.0,0.0,0.0,0.00253562372772,0.000214278061498,0.0,0.0343559158601,0.000499982143495,0.0,0.0,0.0,0.000892825256241,0.000464269133245,0.0270704617692,0.000678547194743,0.00149994643048,0.0,0.00099996428699,0.00260704974822,0.0,0.0177493660941,0.0,0.000249991071747,0.0126424056284,0.000321417092247,0.00367844005571,0.000249991071747,0.0,0.00492839541445,0.000785686225492,0.0156065854791,0.000285704081997,0.000571408163994,0.000178565051248,0.00160708546123,0.000178565051248,3.57130102496e-05,0.000464269133245,0.0,0.000107139030749,0.0113924502696,0.000107139030749,7.14260204993e-05,0.0,3.57130102496e-05,0.000535695153745,0.000535695153745,0.0,0.0159637155816,0.00353558801471,0.0,0.000571408163994,0.00649976786543,0.00132138137924,0.0355701582086,0.00121424234849,0.0109281811364,0.0224991964573,0.000785686225492,0.000214278061498,0.000464269133245,0.000392843112746,0.00096425127674,0.000607121174244,0.000249991071747,0.000321417092247,0.000571408163994,0.000749973215242,0.0,0.0,0.000571408163994,0.000892825256241,3.57130102496e-05,7.14260204993e-05,0.0,3.57130102496e-05,0.000499982143495,0.000428556122996,0.0183564872683,0.00360701403521,0.00746401914217,0.0352487411164,0.000607121174244,0.000142852040999,0.000285704081997,3.57130102496e-05,0.0,0.0,0.0172136709403,0.000214278061498,0.00514267347595,0.0,0.0249276811542,0.0,0.000785686225492,0.0351416020856,0.00292846684047,0.000821399235742,0.0194635905861,0.000678547194743,0.0,0.0,0.0,0.00635691582443,0.000285704081997,0.000214278061498,0.000214278061498,0.000785686225492,0.0,0.0332488125424,0.00257133673797,0.000249991071747,0.00689261097818,0.000357130102496,3.57130102496e-05,0.00249991071747,0.0112853112389,0.0,0.00146423342023,0.0,0.0168565408378,0.000285704081997,0.0050355344452,0.00128566836899
Gen 28
string_,string_rot,integer_swap,exec_sho,integer_gte,boolean_shove,boolean_and,string_pop,exec_eq,string_yankd,string_parse_to_chars,integer_lt,string_stackdepth,exec_do*whi,char_r,char_p,boolean_sw,integer_sho,boolean_invert_second_then_a,print_integ,char_iswhitespace,string_removechar,exec_emp,string_first,string_conc,string_yank,string_concat,string_setchar,exec_yankd,string_length,string_replacefirstch,char_d,integer_eq,exec_do*tim,string_emptystri,string_reverse,exec_yankdup,string_repla,exec_,char_ya,integer_mu,string_replacech,boolean_yankd,char_isletter,integer_add,string_empty,char_isdigit,print_integer,exec_shove,integer_fromstri,string_conjchar,boolean_or,boolean_empty,exec_wh,string_fromchar,integer_yankd,exec_do*while,integer_rot,string_rest,boolean_flu,integer_stackdep,char_iswhitespa,char_allfromstring,boolean_,char_allfromstri,exec_stackdepth,exec_do*range,char_shove,char_stackdep,string_removech,exec_stackdep,boolean_sho,string_indexofch,string_stackdep,string_leng,print_ch,integer_mult,boolean_xor,boolean_yankdup,integer_min,string_emp,integer_fromch,exec_yank,char_stackdepth,char_sw,integer_fromboole,string_replace,integer_div,string_replacefirst,boolean_frominteger,string_butla,char_isdig,integer_flush,integer_,string_yankdup,char_flu,print_exec,integer_yank,boolean_frominteg,string_emptystring,char_yankd,boolean_ya,string_swap,print_ex,exec_d,integer_max,char_swap,string_contains,char_empty,exec_dup,exec_k,string_frominteg,exec_noop,exec_p,exec_r,exec_s,string_sho,integer_flu,exec_y,boolean_rot,boolean_a,integer_ya,exec_ya,boolean_invert_first_then_a,string_spl,string_occurrencesofch,integer_yankdup,string_replacechar,char_sho,string_fromboolean,print_stri,exec_string_itera,print_newli,string_ta,string_replacefirstchar,string_substring,boolean_stackdepth,string_shove,string_containschar,exec_do*ran,char_yankdup,char_yank,integer_sw,exec_do*times,string_fromch,integer_shove,exec_if,exec_whi,integer_g,char_frominteger,char_frominteg,boolean_dup,string_eq,boolean_not,char_eq,boolean_flush,boolean_pop,string_butlast,exec_swap,string_replacefir,boolean_swap,exec_sw,string_n,print_string,exec_flush,print_newline,integer_a,string_d,string_dup,string_frominteger,string_contai,integer_mod,exec_do*count,string_fir,string_r,integer_fromchar,string_p,integer_inc,boolean_invert_first_then_and,integer_fromstring,exec_rot,integer_m,boolean_d,char_rot,exec_do*cou,string_take,exec_string_iterate,string_split,integer_pop,boolean_n,string_re,boolean_p,boolean_r,exec_pop,string_sw,boolean_x,boolean_emp,string_la,char_emp,boolean_stackdep,string_parse_to_cha,print_char,integer_dup,boolean_invert_second_then_and,integer_sub,string_setch,exec_no,boolean_yank,char_islett,string_ya,string_flu,integer_stackdepth,integer_emp,integer_dec,print_boole,integer_gt,exec,string_indexofchar,in1,char_dup,char_flush,char_pop,integer_lte,string_conjch,exec_flu,string_containsch,boolean_eq,string_flush,print_boolean,integer_d,string_rever,char_,exec_empty,string_last,integer_l,exec_when,integer_i,string_substri,string_nth,string_occurrencesofchar,integer_r,integer_s,integer_p,exec_while,integer_fromboolean,integer_empty,string_fromboole
0.0,0.0340677907658,0.000206889417606,0.00113789179683,0.0183097134582,0.000275852556808,0.00231026516327,0.0173097479397,6.89631392021e-05,0.000241370987207,0.0342057170442,0.00158615220165,0.000689631392021,3.4481569601e-05,0.0,0.00065514982242,0.0,0.0,0.000206889417606,0.0,0.00144822592324,0.000448260404814,0.000275852556808,0.000172407848005,0.0,0.000517223544016,0.00127581807524,0.0257232509224,0.0,0.0338953829178,0.0,0.0,0.00034481569601,0.000689631392021,0.0,0.0338609013482,0.00110341022723,0.000310334126409,3.4481569601e-05,0.0,0.0,6.89631392021e-05,0.0,0.000206889417606,0.000172407848005,0.000413778835213,0.0137926278404,0.000137926278404,0.0110341022723,0.000931002379228,0.00162063377125,0.0142753698148,0.00482741974415,0.0,0.000482741974415,6.89631392021e-05,0.00193096789766,0.000310334126409,0.0108961759939,0.0,0.000517223544016,0.0,0.00527568014896,0.00144822592324,0.000482741974415,0.00065514982242,0.00148270749285,0.000275852556808,0.0,3.4481569601e-05,0.0,0.0,0.0,3.4481569601e-05,0.000965483948829,0.00124133650564,0.000551705113617,0.000517223544016,0.00227578359367,0.00141374435364,0.0,6.89631392021e-05,0.000482741974415,0.000172407848005,0.0,0.0,0.0158960035861,0.000586186683218,0.0203786076342,0.00162063377125,0.0,0.000793076100824,6.89631392021e-05,0.00141374435364,0.0295507051481,0.00034481569601,6.89631392021e-05,0.0168614875349,0.000137926278404,0.00099996551843,3.4481569601e-05,0.0,0.0149305196373,0.0,0.0,0.000965483948829,0.000482741974415,0.00103444708803,0.0032757491121,0.00151718906245,0.000413778835213,0.0,0.00351712009931,0.0,0.000896520809627,6.89631392021e-05,0.0,0.0,3.4481569601e-05,0.000172407848005,0.0,0.00099996551843,0.0,3.4481569601e-05,0.0,0.0,0.00217233888487,0.000206889417606,0.0,0.0329988621082,0.000379297265612,0.0,0.0,0.0,0.000517223544016,0.000551705113617,0.024723285404,0.000724112961622,0.00120685493604,0.0,0.00065514982242,0.00237922830247,0.0,0.0162408192821,0.0,0.000379297265612,0.014516740802,0.000517223544016,0.00427571463053,0.000275852556808,3.4481569601e-05,0.00406882521292,0.000482741974415,0.0142064066756,6.89631392021e-05,0.000758594531223,3.4481569601e-05,0.00148270749285,0.000137926278404,0.0,0.000689631392021,0.0,0.0,0.0106892865763,6.89631392021e-05,0.000275852556808,0.0,6.89631392021e-05,0.000551705113617,0.000862039240026,0.0,0.0139650356884,0.0031723044033,0.0,0.000724112961622,0.00641357194579,0.00137926278404,0.0343436433226,0.00099996551843,0.0097582841971,0.0216199441399,0.000517223544016,0.000137926278404,0.000448260404814,0.000103444708803,0.000793076100824,0.00113789179683,0.000379297265612,0.000379297265612,0.000724112961622,0.000551705113617,3.4481569601e-05,0.0,0.000896520809627,0.000689631392021,0.0,0.000137926278404,3.4481569601e-05,0.000206889417606,0.000793076100824,0.000689631392021,0.0168614875349,0.00306885969449,0.0066894245026,0.0342401986138,0.000551705113617,0.000103444708803,0.000137926278404,0.0,0.0,0.0,0.0164821902693,0.000137926278404,0.00472397503534,3.4481569601e-05,0.0233095410503,3.4481569601e-05,0.00034481569601,0.0339988276266,0.00244819144167,0.000965483948829,0.0196544946726,0.000896520809627,0.000137926278404,0.0,0.0,0.00544808799697,0.000896520809627,0.000172407848005,0.000172407848005,0.000827557670425,0.0,0.0320333781594,0.00262059928968,0.000172407848005,0.00610323781939,0.000137926278404,0.0,0.00206889417606,0.012620254474,0.0,0.00127581807524,0.0,0.0162408192821,0.000206889417606,0.00455156718734,0.000862039240026
Gen 29
string_,string_rot,integer_swap,exec_sho,integer_gte,boolean_shove,boolean_and,string_pop,exec_eq,string_yankd,string_parse_to_chars,integer_lt,string_stackdepth,exec_do*whi,char_r,char_p,boolean_sw,integer_sho,boolean_invert_second_then_a,print_integ,char_iswhitespace,string_removechar,exec_emp,string_first,string_conc,string_yank,string_concat,string_setchar,exec_yankd,string_length,string_replacefirstch,char_d,integer_eq,exec_do*tim,string_emptystri,string_reverse,exec_yankdup,string_repla,exec_,char_ya,integer_mu,string_replacech,boolean_yankd,char_isletter,integer_add,string_empty,char_isdigit,print_integer,exec_shove,integer_fromstri,string_conjchar,boolean_or,boolean_empty,exec_wh,string_fromchar,integer_yankd,exec_do*while,integer_rot,string_rest,boolean_flu,integer_stackdep,char_iswhitespa,char_allfromstring,boolean_,char_allfromstri,exec_stackdepth,exec_do*range,char_shove,char_stackdep,string_removech,exec_stackdep,boolean_sho,string_indexofch,string_stackdep,string_leng,print_ch,integer_mult,boolean_xor,boolean_yankdup,integer_min,string_emp,integer_fromch,exec_yank,char_stackdepth,char_sw,integer_fromboole,string_replace,integer_div,string_replacefirst,boolean_frominteger,string_butla,char_isdig,integer_flush,integer_,string_yankdup,char_flu,print_exec,integer_yank,boolean_frominteg,string_emptystring,char_yankd,boolean_ya,string_swap,print_ex,exec_d,integer_max,char_swap,string_contains,char_empty,exec_dup,exec_k,string_frominteg,exec_noop,exec_p,exec_r,exec_s,string_sho,integer_flu,exec_y,boolean_rot,boolean_a,integer_ya,exec_ya,boolean_invert_first_then_a,string_spl,string_occurrencesofch,integer_yankdup,string_replacechar,char_sho,string_fromboolean,print_stri,exec_string_itera,print_newli,string_ta,string_replacefirstchar,string_substring,boolean_stackdepth,string_shove,string_containschar,exec_do*ran,char_yankdup,char_yank,integer_sw,exec_do*times,string_fromch,integer_shove,exec_if,exec_whi,integer_g,char_frominteger,char_frominteg,boolean_dup,string_eq,boolean_not,char_eq,boolean_flush,boolean_pop,string_butlast,exec_swap,string_replacefir,boolean_swap,exec_sw,string_n,print_string,exec_flush,print_newline,integer_a,string_d,string_dup,string_frominteger,string_contai,integer_mod,exec_do*count,string_fir,string_r,integer_fromchar,string_p,integer_inc,boolean_invert_first_then_and,integer_fromstring,exec_rot,integer_m,boolean_d,char_rot,exec_do*cou,string_take,exec_string_iterate,string_split,integer_pop,boolean_n,string_re,boolean_p,boolean_r,exec_pop,string_sw,boolean_x,boolean_emp,string_la,char_emp,boolean_stackdep,string_parse_to_cha,print_char,integer_dup,boolean_invert_second_then_and,integer_sub,string_setch,exec_no,boolean_yank,char_islett,string_ya,string_flu,integer_stackdepth,integer_emp,integer_dec,print_boole,integer_gt,exec,string_indexofchar,in1,char_dup,char_flush,char_pop,integer_lte,string_conjch,exec_flu,string_containsch,boolean_eq,string_flush,print_boolean,integer_d,string_rever,char_,exec_empty,string_last,integer_l,exec_when,integer_i,string_substri,string_nth,string_occurrencesofchar,integer_r,integer_s,integer_p,exec_while,integer_fromboolean,integer_empty,string_fromboole
0.0,0.0328989033699,0.000333322222593,0.00119996000133,0.0180993966868,0.000199993333556,0.00219992666911,0.0166661111296,0.000133328889037,0.000366654444852,0.0328989033699,0.00119996000133,0.00103329889004,0.0,0.0,0.00173327555748,0.0,0.0,0.000266657778074,0.0,0.00169994333522,0.00109996333456,0.000333322222593,0.000299990000333,0.0,0.00046665111163,0.000833305556481,0.0250324989167,0.0,0.0326989100363,0.0,3.33322222593e-05,0.000199993333556,0.000233325555815,3.33322222593e-05,0.0326322455918,0.00119996000133,0.000233325555815,0.0,0.0,0.0,0.0,0.0,0.000233325555815,6.66644445185e-05,0.00043331888937,0.0138662044599,3.33322222593e-05,0.0108663044565,0.00119996000133,0.00156661444619,0.0133328889037,0.00469984333856,6.66644445185e-05,0.000633312222926,6.66644445185e-05,0.00116662777907,0.000966634445518,0.0104663177894,0.0,0.000599980000667,3.33322222593e-05,0.00506649778341,0.00113329555681,0.000566647778407,0.000533315556148,0.00169994333522,0.000299990000333,0.0,0.0,0.0,0.0,0.0,3.33322222593e-05,0.000833305556481,0.001799940002,0.000499983333889,0.000366654444852,0.00146661777941,0.00159994666844,0.0,0.000199993333556,0.00046665111163,0.000166661111296,0.0,0.0,0.0161661277957,0.000333322222593,0.0203326555781,0.00186660444652,0.0,0.00046665111163,0.000299990000333,0.00109996333456,0.0275657478084,0.000399986667111,0.000133328889037,0.0163661211293,0.0,0.00136662111263,0.0,0.0,0.0144328522383,0.0,0.0,0.00143328555715,0.000633312222926,0.000933302223259,0.00306656444785,0.00139995333489,0.000299990000333,3.33322222593e-05,0.00259991333622,0.0,0.000666644445185,0.000133328889037,0.0,0.0,6.66644445185e-05,0.000366654444852,0.0,0.000833305556481,3.33322222593e-05,0.0,3.33322222593e-05,0.0,0.00199993333556,0.00046665111163,0.0,0.0322322589247,0.00043331888937,0.0,0.0,3.33322222593e-05,0.000899970001,0.000599980000667,0.0239325355821,0.000599980000667,0.00123329222359,0.0,0.00046665111163,0.0019666011133,3.33322222593e-05,0.015299490017,0.0,0.000333322222593,0.0143328555715,0.000533315556148,0.00346655111496,0.000966634445518,0.0,0.00489983667211,0.000333322222593,0.0139662011266,9.99966667778e-05,0.000999966667778,0.000199993333556,0.00143328555715,0.000199993333556,0.0,0.000666644445185,3.33322222593e-05,0.0,0.0106329789007,0.0,9.99966667778e-05,0.0,3.33322222593e-05,0.00046665111163,0.00103329889004,0.0,0.013632878904,0.00349988333722,0.0,0.00043331888937,0.00676644111863,0.000899970001,0.0330655644812,0.00123329222359,0.00889970334322,0.0203326555781,0.000633312222926,9.99966667778e-05,0.000566647778407,6.66644445185e-05,0.000966634445518,0.000966634445518,0.000699976667444,0.000266657778074,0.000666644445185,0.000566647778407,9.99966667778e-05,0.0,0.00046665111163,0.00113329555681,0.0,0.000166661111296,0.0,0.000133328889037,0.000566647778407,0.000599980000667,0.0154994833506,0.00276657444752,0.007199760008,0.0328655711476,0.000399986667111,9.99966667778e-05,3.33322222593e-05,0.0,0.0,0.0,0.0153661544615,0.000166661111296,0.00389987000433,0.0,0.0225325822473,0.0,0.000266657778074,0.0327655744809,0.00339988667044,0.00113329555681,0.0179327355755,0.00043331888937,3.33322222593e-05,0.0,0.0,0.00509983000567,0.000699976667444,0.000233325555815,0.000133328889037,0.000699976667444,0.0,0.0313989533682,0.001799940002,3.33322222593e-05,0.00526649111696,0.000333322222593,3.33322222593e-05,0.00239992000267,0.0131328955701,0.0,0.00143328555715,3.33322222593e-05,0.0159994666844,0.000166661111296,0.00416652778241,0.000833305556481
Gen 30
string_,string_rot,integer_swap,exec_sho,integer_gte,boolean_shove,boolean_and,string_pop,exec_eq,string_yankd,string_parse_to_chars,integer_lt,string_stackdepth,exec_do*whi,char_r,char_p,boolean_sw,integer_sho,boolean_invert_second_then_a,print_integ,char_iswhitespace,string_removechar,exec_emp,string_first,string_conc,string_yank,string_concat,string_setchar,exec_yankd,string_length,string_replacefirstch,char_d,integer_eq,exec_do*tim,string_emptystri,string_reverse,exec_yankdup,string_repla,exec_,char_ya,integer_mu,string_replacech,boolean_yankd,char_isletter,integer_add,string_empty,char_isdigit,print_integer,exec_shove,integer_fromstri,string_conjchar,boolean_or,boolean_empty,exec_wh,string_fromchar,integer_yankd,exec_do*while,integer_rot,string_rest,boolean_flu,integer_stackdep,char_iswhitespa,char_allfromstring,boolean_,char_allfromstri,exec_stackdepth,exec_do*range,char_shove,char_stackdep,string_removech,exec_stackdep,boolean_sho,string_indexofch,string_stackdep,string_leng,print_ch,integer_mult,boolean_xor,boolean_yankdup,integer_min,string_emp,integer_fromch,exec_yank,char_stackdepth,char_sw,integer_fromboole,string_replace,integer_div,string_replacefirst,boolean_frominteger,string_butla,char_isdig,integer_flush,integer_,string_yankdup,char_flu,print_exec,integer_yank,boolean_frominteg,string_emptystring,char_yankd,boolean_ya,string_swap,print_ex,exec_d,integer_max,char_swap,string_contains,char_empty,exec_dup,exec_k,string_frominteg,exec_noop,exec_p,exec_r,exec_s,string_sho,integer_flu,exec_y,boolean_rot,boolean_a,integer_ya,exec_ya,boolean_invert_first_then_a,string_spl,string_occurrencesofch,integer_yankdup,string_replacechar,char_sho,string_fromboolean,print_stri,exec_string_itera,print_newli,string_ta,string_replacefirstchar,string_substring,boolean_stackdepth,string_shove,string_containschar,exec_do*ran,char_yankdup,char_yank,integer_sw,exec_do*times,string_fromch,integer_shove,exec_if,exec_whi,integer_g,char_frominteger,char_frominteg,boolean_dup,string_eq,boolean_not,char_eq,boolean_flush,boolean_pop,string_butlast,exec_swap,string_replacefir,boolean_swap,exec_sw,string_n,print_string,exec_flush,print_newline,integer_a,string_d,string_dup,string_frominteger,string_contai,integer_mod,exec_do*count,string_fir,string_r,integer_fromchar,string_p,integer_inc,boolean_invert_first_then_and,integer_fromstring,exec_rot,integer_m,boolean_d,char_rot,exec_do*cou,string_take,exec_string_iterate,string_split,integer_pop,boolean_n,string_re,boolean_p,boolean_r,exec_pop,string_sw,boolean_x,boolean_emp,string_la,char_emp,boolean_stackdep,string_parse_to_cha,print_char,integer_dup,boolean_invert_second_then_and,integer_sub,string_setch,exec_no,boolean_yank,char_islett,string_ya,string_flu,integer_stackdepth,integer_emp,integer_dec,print_boole,integer_gt,exec,string_indexofchar,in1,char_dup,char_flush,char_pop,integer_lte,string_conjch,exec_flu,string_containsch,boolean_eq,string_flush,print_boolean,integer_d,string_rever,char_,exec_empty,string_last,integer_l,exec_when,integer_i,string_substri,string_nth,string_occurrencesofchar,integer_r,integer_s,integer_p,exec_while,integer_fromboolean,integer_empty,string_fromboole
3.2257023967e-05,0.0318376826554,0.000161285119835,0.00132253798265,0.0184510177091,0.000290313215703,0.00180639334215,0.0157414276959,9.67710719009e-05,0.00032257023967,0.0317086545595,0.00167736524628,0.00122576691074,6.45140479339e-05,0.0,0.00158059417438,0.0,0.0,0.000193542143802,0.0,0.00251604786942,0.00132253798265,0.00032257023967,0.000419341311571,0.0,0.000451598335538,0.000548369407438,0.0239669688075,0.0,0.0316118834876,0.0,3.2257023967e-05,0.000354827263637,0.000225799167769,0.0,0.0316763975356,0.00174187929422,0.000580626431405,3.2257023967e-05,3.2257023967e-05,0.0,0.0,3.2257023967e-05,0.000161285119835,3.2257023967e-05,0.000225799167769,0.0134511789942,0.000129028095868,0.0120318699397,0.000870939647108,0.00225799167769,0.0131286087546,0.00448372633141,0.0,0.000451598335538,0.0,0.00109673881488,0.000677397503306,0.0109673881488,0.0,0.000483855359505,3.2257023967e-05,0.00480629657108,0.00122576691074,0.000258056191736,0.00122576691074,0.00196767846199,0.000387084287604,0.0,0.0,0.0,0.0,3.2257023967e-05,0.0,0.000806425599174,0.00209670655785,0.000419341311571,0.000387084287604,0.00141930905455,0.000967710719009,0.0,0.000258056191736,0.000483855359505,0.000161285119835,0.0,0.0,0.0164510822232,0.000258056191736,0.0201928970033,0.00229024870165,3.2257023967e-05,0.000612883455372,0.000193542143802,0.000838682623141,0.0264830166769,0.000258056191736,0.000129028095868,0.0155156285281,0.0,0.00148382310248,6.45140479339e-05,0.0,0.0143221186413,0.0,0.0,0.00109673881488,0.000548369407438,0.000903196671075,0.00345150156447,0.00161285119835,0.000935453695042,0.0,0.00258056191736,3.2257023967e-05,0.000516112383472,0.000161285119835,0.0,0.0,9.67710719009e-05,0.000258056191736,0.0,0.000967710719009,6.45140479339e-05,0.0,0.0,6.45140479339e-05,0.00206444953389,0.000709654527273,0.0,0.0312247992,0.000612883455372,3.2257023967e-05,0.0,0.0,0.00125802393471,0.000548369407438,0.0246766233347,0.000709654527273,0.000774168575207,0.0,0.000838682623141,0.00190316441405,0.0,0.0135479500661,0.0,0.000548369407438,0.0140963194736,0.000580626431405,0.00280636108513,0.00109673881488,0.0,0.00445146930744,0.000258056191736,0.0138060062579,0.000129028095868,0.000870939647108,0.000290313215703,0.00154833715041,0.000225799167769,3.2257023967e-05,0.000709654527273,0.0,6.45140479339e-05,0.0110319021967,6.45140479339e-05,6.45140479339e-05,0.0,0.0,0.00032257023967,0.00129028095868,0.0,0.0137737492339,0.00451598335538,3.2257023967e-05,0.000709654527273,0.00880616754298,0.000806425599174,0.0319344537273,0.00112899583884,0.00870939647108,0.0204509531951,0.000548369407438,9.67710719009e-05,0.000451598335538,0.000129028095868,0.00125802393471,0.00109673881488,0.000677397503306,6.45140479339e-05,0.000354827263637,0.000774168575207,9.67710719009e-05,0.0,0.000516112383472,0.00116125286281,0.0,0.000225799167769,0.0,0.000225799167769,0.000903196671075,0.000387084287604,0.0156769136479,0.00251604786942,0.00874165349505,0.0317409115835,0.00032257023967,0.0,0.000161285119835,0.0,0.0,0.0,0.014676945905,0.000161285119835,0.0039998709719,0.0,0.0222896035612,0.0,0.000193542143802,0.0317409115835,0.0035160156124,0.000935453695042,0.0179026483017,0.00074191155124,0.0,0.0,6.45140479339e-05,0.00538692300248,0.000290313215703,0.000290313215703,6.45140479339e-05,0.000709654527273,0.0,0.0304183736009,0.00112899583884,0.0,0.00448372633141,0.000258056191736,0.0,0.0031289313248,0.0138705203058,6.45140479339e-05,0.00112899583884,3.2257023967e-05,0.0150317731686,0.000193542143802,0.00409664204381,0.00106448179091
Gen 31
string_,string_rot,integer_swap,exec_sho,integer_gte,boolean_shove,boolean_and,string_pop,exec_eq,string_yankd,string_parse_to_chars,integer_lt,string_stackdepth,exec_do*whi,char_r,char_p,boolean_sw,integer_sho,boolean_invert_second_then_a,print_integ,char_iswhitespace,string_removechar,exec_emp,string_first,string_conc,string_yank,string_concat,string_setchar,exec_yankd,string_length,string_replacefirstch,char_d,integer_eq,exec_do*tim,string_emptystri,string_reverse,exec_yankdup,string_repla,exec_,char_ya,integer_mu,string_replacech,boolean_yankd,char_isletter,integer_add,string_empty,char_isdigit,print_integer,exec_shove,integer_fromstri,string_conjchar,boolean_or,boolean_empty,exec_wh,string_fromchar,integer_yankd,exec_do*while,integer_rot,string_rest,boolean_flu,integer_stackdep,char_iswhitespa,char_allfromstring,boolean_,char_allfromstri,exec_stackdepth,exec_do*range,char_shove,char_stackdep,string_removech,exec_stackdep,boolean_sho,string_indexofch,string_stackdep,string_leng,print_ch,integer_mult,boolean_xor,boolean_yankdup,integer_min,string_emp,integer_fromch,exec_yank,char_stackdepth,char_sw,integer_fromboole,string_replace,integer_div,string_replacefirst,boolean_frominteger,string_butla,char_isdig,integer_flush,integer_,string_yankdup,char_flu,print_exec,integer_yank,boolean_frominteg,string_emptystring,char_yankd,boolean_ya,string_swap,print_ex,exec_d,integer_max,char_swap,string_contains,char_empty,exec_dup,exec_k,string_frominteg,exec_noop,exec_p,exec_r,exec_s,string_sho,integer_flu,exec_y,boolean_rot,boolean_a,integer_ya,exec_ya,boolean_invert_first_then_a,string_spl,string_occurrencesofch,integer_yankdup,string_replacechar,char_sho,string_fromboolean,print_stri,exec_string_itera,print_newli,string_ta,string_replacefirstchar,string_substring,boolean_stackdepth,string_shove,string_containschar,exec_do*ran,char_yankdup,char_yank,integer_sw,exec_do*times,string_fromch,integer_shove,exec_if,exec_whi,integer_g,char_frominteger,char_frominteg,boolean_dup,string_eq,boolean_not,char_eq,boolean_flush,boolean_pop,string_butlast,exec_swap,string_replacefir,boolean_swap,exec_sw,string_n,print_string,exec_flush,print_newline,integer_a,string_d,string_dup,string_frominteger,string_contai,integer_mod,exec_do*count,string_fir,string_r,integer_fromchar,string_p,integer_inc,boolean_invert_first_then_and,integer_fromstring,exec_rot,integer_m,boolean_d,char_rot,exec_do*cou,string_take,exec_string_iterate,string_split,integer_pop,boolean_n,string_re,boolean_p,boolean_r,exec_pop,string_sw,boolean_x,boolean_emp,string_la,char_emp,boolean_stackdep,string_parse_to_cha,print_char,integer_dup,boolean_invert_second_then_and,integer_sub,string_setch,exec_no,boolean_yank,char_islett,string_ya,string_flu,integer_stackdepth,integer_emp,integer_dec,print_boole,integer_gt,exec,string_indexofchar,in1,char_dup,char_flush,char_pop,integer_lte,string_conjch,exec_flu,string_containsch,boolean_eq,string_flush,print_boolean,integer_d,string_rever,char_,exec_empty,string_last,integer_l,exec_when,integer_i,string_substri,string_nth,string_occurrencesofchar,integer_r,integer_s,integer_p,exec_while,integer_fromboolean,integer_empty,string_fromboole
3.1249023468e-05,0.0310615293272,0.000406237305084,0.00109371582138,0.0193431455267,0.00046873535202,0.00178119433768,0.0171557138839,0.000124996093872,0.000218743164276,0.0309990312803,0.00093747070404,0.00109371582138,3.1249023468e-05,0.0,0.00137495703259,0.0,0.0,0.000437486328552,0.0,0.00174994531421,0.00178119433768,9.3747070404e-05,0.00046873535202,0.0,0.0007812255867,0.000531233398956,0.0219055654511,0.0,0.0307177900691,0.0,3.1249023468e-05,0.000437486328552,0.000531233398956,3.1249023468e-05,0.0307177900691,0.00215618261929,0.000374988281616,3.1249023468e-05,6.2498046936e-05,0.0,3.1249023468e-05,0.0,0.000406237305084,9.3747070404e-05,0.000124996093872,0.0151870254055,0.000281241211212,0.0137495703259,0.000812474610168,0.00253117090091,0.0132808349739,0.00415612012125,6.2498046936e-05,0.000749976563232,6.2498046936e-05,0.00106246679791,0.000812474610168,0.0117808818474,9.3747070404e-05,0.000562482422424,3.1249023468e-05,0.0045936064498,0.00124996093872,0.000281241211212,0.00149995312646,0.00171869629074,0.000343739258148,0.0,0.0,0.0,0.0,3.1249023468e-05,0.0,0.00103121777444,0.00168744726727,0.000656229492828,0.000749976563232,0.00109371582138,0.00112496484485,0.0,0.000531233398956,0.000562482422424,0.000437486328552,0.0,0.0,0.018093184588,0.00109371582138,0.0201868691603,0.00228117871317,3.1249023468e-05,0.000593731445892,0.000187494140808,0.00062498046936,0.0267179150652,0.000281241211212,0.000124996093872,0.0160307490391,6.2498046936e-05,0.00215618261929,6.2498046936e-05,0.0,0.0154370175932,0.0,3.1249023468e-05,0.00103121777444,0.0007812255867,0.00131245898566,0.00374988281616,0.00128120996219,0.000749976563232,3.1249023468e-05,0.00184369238461,0.0,0.00062498046936,0.000187494140808,3.1249023468e-05,0.0,0.000124996093872,0.000343739258148,0.0,0.000749976563232,0.0,0.0,3.1249023468e-05,0.0,0.00218743164276,0.000906221680572,0.0,0.0304052998344,0.000499984375488,0.0,0.0,0.0,0.00109371582138,0.000687478516296,0.0243742383051,0.000499984375488,0.000843723633636,0.0,0.000999968750977,0.00196868847849,0.0,0.0133120839974,0.0,0.000531233398956,0.0135620761851,0.00118746289178,0.00168744726727,0.00106246679791,0.0,0.00353113965189,0.000249992187744,0.0151870254055,0.00015624511734,0.00203118652542,6.2498046936e-05,0.00153120214993,0.000343739258148,3.1249023468e-05,0.000874972657104,0.0,3.1249023468e-05,0.012218368176,0.000124996093872,9.3747070404e-05,0.0,0.0,0.000593731445892,0.000843723633636,0.0,0.0153432705228,0.00578106934158,0.0,0.000656229492828,0.00959345020468,0.00109371582138,0.0311240273741,0.00112496484485,0.00871847754758,0.0204368613481,0.0007812255867,0.000124996093872,0.000562482422424,0.000249992187744,0.00106246679791,0.000812474610168,0.0007812255867,9.3747070404e-05,0.0007812255867,0.000249992187744,3.1249023468e-05,0.0,0.000656229492828,0.00109371582138,0.0,0.000187494140808,0.0,9.3747070404e-05,0.00103121777444,0.000343739258148,0.0169057216962,0.00256241992438,0.00978094434549,0.0309677822568,0.000249992187744,3.1249023468e-05,0.000187494140808,0.0,3.1249023468e-05,0.0,0.0150307802881,0.00031249023468,0.00290615918253,0.0,0.021968063498,0.0,0.000218743164276,0.0310302803037,0.00578106934158,0.00121871191525,0.0173432080247,0.000874972657104,0.0,0.0,0.0,0.00428111621512,0.000593731445892,0.000281241211212,9.3747070404e-05,0.000249992187744,0.0,0.0298740664354,0.000562482422424,0.0,0.00343739258148,0.000187494140808,0.0,0.00343739258148,0.0131245898566,0.0,0.00103121777444,0.0,0.016093247086,9.3747070404e-05,0.00493734570795,0.00109371582138
Gen 32
string_,string_rot,integer_swap,exec_sho,integer_gte,boolean_shove,boolean_and,string_pop,exec_eq,string_yankd,string_parse_to_chars,integer_lt,string_stackdepth,exec_do*whi,char_r,char_p,boolean_sw,integer_sho,boolean_invert_second_then_a,print_integ,char_iswhitespace,string_removechar,exec_emp,string_first,string_conc,string_yank,string_concat,string_setchar,exec_yankd,string_length,string_replacefirstch,char_d,integer_eq,exec_do*tim,string_emptystri,string_reverse,exec_yankdup,string_repla,exec_,char_ya,integer_mu,string_replacech,boolean_yankd,char_isletter,integer_add,string_empty,char_isdigit,print_integer,exec_shove,integer_fromstri,string_conjchar,boolean_or,boolean_empty,exec_wh,string_fromchar,integer_yankd,exec_do*while,integer_rot,string_rest,boolean_flu,integer_stackdep,char_iswhitespa,char_allfromstring,boolean_,char_allfromstri,exec_stackdepth,exec_do*range,char_shove,char_stackdep,string_removech,exec_stackdep,boolean_sho,string_indexofch,string_stackdep,string_leng,print_ch,integer_mult,boolean_xor,boolean_yankdup,integer_min,string_emp,integer_fromch,exec_yank,char_stackdepth,char_sw,integer_fromboole,string_replace,integer_div,string_replacefirst,boolean_frominteger,string_butla,char_isdig,integer_flush,integer_,string_yankdup,char_flu,print_exec,integer_yank,boolean_frominteg,string_emptystring,char_yankd,boolean_ya,string_swap,print_ex,exec_d,integer_max,char_swap,string_contains,char_empty,exec_dup,exec_k,string_frominteg,exec_noop,exec_p,exec_r,exec_s,string_sho,integer_flu,exec_y,boolean_rot,boolean_a,integer_ya,exec_ya,boolean_invert_first_then_a,string_spl,string_occurrencesofch,integer_yankdup,string_replacechar,char_sho,string_fromboolean,print_stri,exec_string_itera,print_newli,string_ta,string_replacefirstchar,string_substring,boolean_stackdepth,string_shove,string_containschar,exec_do*ran,char_yankdup,char_yank,integer_sw,exec_do*times,string_fromch,integer_shove,exec_if,exec_whi,integer_g,char_frominteger,char_frominteg,boolean_dup,string_eq,boolean_not,char_eq,boolean_flush,boolean_pop,string_butlast,exec_swap,string_replacefir,boolean_swap,exec_sw,string_n,print_string,exec_flush,print_newline,integer_a,string_d,string_dup,string_frominteger,string_contai,integer_mod,exec_do*count,string_fir,string_r,integer_fromchar,string_p,integer_inc,boolean_invert_first_then_and,integer_fromstring,exec_rot,integer_m,boolean_d,char_rot,exec_do*cou,string_take,exec_string_iterate,string_split,integer_pop,boolean_n,string_re,boolean_p,boolean_r,exec_pop,string_sw,boolean_x,boolean_emp,string_la,char_emp,boolean_stackdep,string_parse_to_cha,print_char,integer_dup,boolean_invert_second_then_and,integer_sub,string_setch,exec_no,boolean_yank,char_islett,string_ya,string_flu,integer_stackdepth,integer_emp,integer_dec,print_boole,integer_gt,exec,string_indexofchar,in1,char_dup,char_flush,char_pop,integer_lte,string_conjch,exec_flu,string_containsch,boolean_eq,string_flush,print_boolean,integer_d,string_rever,char_,exec_empty,string_last,integer_l,exec_when,integer_i,string_substri,string_nth,string_occurrencesofchar,integer_r,integer_s,integer_p,exec_while,integer_fromboolean,integer_empty,string_fromboole
0.0,0.0301202993849,0.001060573922,0.001060573922,0.0196357686131,0.000515135904973,0.00124238659435,0.0176055271052,0.0002121147844,0.000151510560286,0.0299687888246,0.00118178237023,0.000636344353201,3.03021120572e-05,0.0,0.00118178237023,0.0,0.0,0.000484833792915,3.03021120572e-05,0.00118178237023,0.00112117814612,0.000181812672343,0.0002121147844,0.0,0.00075755280143,0.000484833792915,0.0200296960698,0.0,0.0298778824884,0.0,3.03021120572e-05,0.000696948577316,0.000333323232629,0.0,0.0298475803764,0.00206054361989,0.0002121147844,3.03021120572e-05,3.03021120572e-05,0.0,6.06042241144e-05,0.0,0.000272719008515,9.09063361716e-05,0.000121208448229,0.0151510560286,0.0002121147844,0.0138480652101,0.000333323232629,0.00251507530075,0.0124541680555,0.00330293021424,0.0,0.00103027180995,6.06042241144e-05,0.000454531680858,0.00154540771492,0.0118481258144,0.0,0.000393927456744,0.0,0.00372715978304,0.000909063361716,0.000333323232629,0.000909063361716,0.00175752249932,0.000181812672343,0.0,0.0,0.0,0.0,0.0,0.0,0.000575740129087,0.00178782461138,0.000515135904973,0.000636344353201,0.000939365473774,0.000393927456744,0.0,0.000484833792915,0.000454531680858,0.000393927456744,0.0,0.0,0.0185751946911,0.000606042241144,0.0184842883549,0.00136359504257,0.0,0.000999969697888,0.000121208448229,0.000666646465259,0.0242113875337,0.000272719008515,9.09063361716e-05,0.0154237750371,0.0,0.00266658586103,6.06042241144e-05,0.0,0.0150298475804,3.03021120572e-05,3.03021120572e-05,0.00136359504257,0.000515135904973,0.000666646465259,0.00424229568801,0.00139389715463,0.000939365473774,0.0,0.00160601193903,0.0,0.000575740129087,0.000151510560286,3.03021120572e-05,0.0,0.000151510560286,0.000242416896458,6.06042241144e-05,0.000636344353201,0.0,0.0,0.0,0.0,0.00133329293052,0.00136359504257,3.03021120572e-05,0.0291809339111,0.000515135904973,0.0,0.0,3.03021120572e-05,0.000484833792915,0.000909063361716,0.0233326262841,0.000515135904973,0.00075755280143,0.0,0.000696948577316,0.00133329293052,0.000121208448229,0.0126662828399,0.0,0.000454531680858,0.0136359504257,0.00187873094755,0.00130299081846,0.000606042241144,0.0,0.00369685767098,0.000151510560286,0.0150904518045,0.000121208448229,0.00275749219721,0.000121208448229,0.00184842883549,0.000454531680858,6.06042241144e-05,0.000666646465259,0.0,0.0,0.0128480955123,3.03021120572e-05,0.000151510560286,0.0,0.0,0.000666646465259,0.000999969697888,0.0,0.0153328687009,0.00533317172207,3.03021120572e-05,0.000515135904973,0.0102421138753,0.00075755280143,0.0303021120572,0.000696948577316,0.00860579982425,0.0205751340868,0.000515135904973,6.06042241144e-05,0.000424229568801,0.00054543801703,0.00157570982697,0.000939365473774,0.000969667585831,0.000151510560286,0.00103027180995,0.000393927456744,0.0,0.0,0.000303021120572,0.00115148025817,3.03021120572e-05,3.03021120572e-05,6.06042241144e-05,9.09063361716e-05,0.00115148025817,0.000696948577316,0.0161207236144,0.0016969182752,0.00936335262568,0.0299990909366,0.000363625344687,3.03021120572e-05,0.000303021120572,0.0,3.03021120572e-05,0.0,0.0140601799945,9.09063361716e-05,0.00203024150783,0.0,0.0210902699918,6.06042241144e-05,0.000393927456744,0.0299384867125,0.00584830762704,0.00121208448229,0.0165752552953,0.000575740129087,0.0,0.0,0.0,0.00345444077452,0.000515135904973,0.0002121147844,0.000454531680858,0.000272719008515,0.0,0.0288173085664,0.000484833792915,3.03021120572e-05,0.00260598163692,0.000303021120572,3.03021120572e-05,0.00430289991212,0.0136056483137,0.0,0.00112117814612,0.0,0.0152116602527,6.06042241144e-05,0.00575740129087,0.000999969697888
Gen 33
string_,string_rot,integer_swap,exec_sho,integer_gte,boolean_shove,boolean_and,string_pop,exec_eq,string_yankd,string_parse_to_chars,integer_lt,string_stackdepth,exec_do*whi,char_r,char_p,boolean_sw,integer_sho,boolean_invert_second_then_a,print_integ,char_iswhitespace,string_removechar,exec_emp,string_first,string_conc,string_yank,string_concat,string_setchar,exec_yankd,string_length,string_replacefirstch,char_d,integer_eq,exec_do*tim,string_emptystri,string_reverse,exec_yankdup,string_repla,exec_,char_ya,integer_mu,string_replacech,boolean_yankd,char_isletter,integer_add,string_empty,char_isdigit,print_integer,exec_shove,integer_fromstri,string_conjchar,boolean_or,boolean_empty,exec_wh,string_fromchar,integer_yankd,exec_do*while,integer_rot,string_rest,boolean_flu,integer_stackdep,char_iswhitespa,char_allfromstring,boolean_,char_allfromstri,exec_stackdepth,exec_do*range,char_shove,char_stackdep,string_removech,exec_stackdep,boolean_sho,string_indexofch,string_stackdep,string_leng,print_ch,integer_mult,boolean_xor,boolean_yankdup,integer_min,string_emp,integer_fromch,exec_yank,char_stackdepth,char_sw,integer_fromboole,string_replace,integer_div,string_replacefirst,boolean_frominteger,string_butla,char_isdig,integer_flush,integer_,string_yankdup,char_flu,print_exec,integer_yank,boolean_frominteg,string_emptystring,char_yankd,boolean_ya,string_swap,print_ex,exec_d,integer_max,char_swap,string_contains,char_empty,exec_dup,exec_k,string_frominteg,exec_noop,exec_p,exec_r,exec_s,string_sho,integer_flu,exec_y,boolean_rot,boolean_a,integer_ya,exec_ya,boolean_invert_first_then_a,string_spl,string_occurrencesofch,integer_yankdup,string_replacechar,char_sho,string_fromboolean,print_stri,exec_string_itera,print_newli,string_ta,string_replacefirstchar,string_substring,boolean_stackdepth,string_shove,string_containschar,exec_do*ran,char_yankdup,char_yank,integer_sw,exec_do*times,string_fromch,integer_shove,exec_if,exec_whi,integer_g,char_frominteger,char_frominteg,boolean_dup,string_eq,boolean_not,char_eq,boolean_flush,boolean_pop,string_butlast,exec_swap,string_replacefir,boolean_swap,exec_sw,string_n,print_string,exec_flush,print_newline,integer_a,string_d,string_dup,string_frominteger,string_contai,integer_mod,exec_do*count,string_fir,string_r,integer_fromchar,string_p,integer_inc,boolean_invert_first_then_and,integer_fromstring,exec_rot,integer_m,boolean_d,char_rot,exec_do*cou,string_take,exec_string_iterate,string_split,integer_pop,boolean_n,string_re,boolean_p,boolean_r,exec_pop,string_sw,boolean_x,boolean_emp,string_la,char_emp,boolean_stackdep,string_parse_to_cha,print_char,integer_dup,boolean_invert_second_then_and,integer_sub,string_setch,exec_no,boolean_yank,char_islett,string_ya,string_flu,integer_stackdepth,integer_emp,integer_dec,print_boole,integer_gt,exec,string_indexofchar,in1,char_dup,char_flush,char_pop,integer_lte,string_conjch,exec_flu,string_containsch,boolean_eq,string_flush,print_boolean,integer_d,string_rever,char_,exec_empty,string_last,integer_l,exec_when,integer_i,string_substri,string_nth,string_occurrencesofchar,integer_r,integer_s,integer_p,exec_while,integer_fromboolean,integer_empty,string_fromboole
0.0,0.0291462015823,0.000647039792947,0.0009999705891,0.0184994558984,0.000470574394871,0.00120584688686,0.0173230199112,0.000235287197435,0.000323519896474,0.0288815034852,0.000852916090703,0.000764683391665,0.0,0.0,0.000852916090703,0.0,0.0,0.000470574394871,0.0,0.00144113408429,0.000588217993588,0.000235287197435,0.000176465398077,0.0,0.00138231228493,0.000617628893268,0.0186170994971,2.94108996794e-05,0.0287932707862,0.0,0.000176465398077,0.00102938148878,0.000117643598718,0.0,0.0288226816858,0.00147054498397,0.000264698097115,0.0,2.94108996794e-05,0.0,0.0,0.0,0.000205876297756,0.000470574394871,8.82326990383e-05,0.0141172318461,5.88217993588e-05,0.012381988765,0.000647039792947,0.0018528866798,0.0109408546807,0.0031469662657,0.0,0.000676450692627,0.0,0.000352930796153,0.00117643598718,0.0118231816711,0.000117643598718,0.000294108996794,0.0,0.00347048616217,0.000764683391665,0.000294108996794,0.000588217993588,0.00158818858269,0.000205876297756,0.0,0.0,0.0,0.0,0.0,0.0,0.000823505191024,0.00194111937884,0.000441163495191,0.000558807093909,0.0009999705891,0.000264698097115,0.0,0.000588217993588,0.00052939619423,0.000147054498397,0.0,0.0,0.0179112379048,0.00052939619423,0.0174700744096,0.00149995588365,0.0,0.000470574394871,0.000117643598718,0.000411752595512,0.0226463927532,0.000411752595512,5.88217993588e-05,0.01376430105,0.0,0.00288226816858,0.0,0.0,0.0143231081439,0.0,0.0,0.00111761418782,0.000941148789741,0.000970559689421,0.00417634775448,0.00176465398077,0.0011470250875,0.0,0.00155877768301,0.0,0.000705861592306,0.000294108996794,0.000176465398077,0.0,2.94108996794e-05,5.88217993588e-05,0.0,0.000647039792947,2.94108996794e-05,0.0,0.0,0.0,0.00120584688686,0.00173524308109,0.0,0.0282344636922,0.000588217993588,0.0,0.0,0.0,0.000205876297756,0.000735272491986,0.021558189465,0.000264698097115,0.000852916090703,5.88217993588e-05,0.00117643598718,0.00132349048557,2.94108996794e-05,0.0107643892827,0.0,0.000588217993588,0.0131760830564,0.00241169377371,0.000823505191024,0.000558807093909,0.0,0.00320578806506,0.000117643598718,0.0145289844416,0.000147054498397,0.00294108996794,0.000117643598718,0.00164701038205,0.000558807093909,0.000205876297756,0.000882326990383,0.0,0.0,0.0120878797682,8.82326990383e-05,5.88217993588e-05,0.0,0.0,0.000676450692627,0.000705861592306,0.0,0.0149407370371,0.00558807093909,0.0,0.000411752595512,0.00894091350254,0.00108820328814,0.0293226669804,0.0009999705891,0.0079997647128,0.0186465103968,0.00049998529455,5.88217993588e-05,0.000764683391665,0.000264698097115,0.00173524308109,0.000705861592306,0.000382341695832,0.000117643598718,0.000823505191024,0.000441163495191,0.0,0.0,0.000647039792947,0.000823505191024,0.0,8.82326990383e-05,2.94108996794e-05,5.88217993588e-05,0.00108820328814,0.000470574394871,0.0150289697362,0.00194111937884,0.00864680450575,0.0289697361842,0.000264698097115,0.0,0.000147054498397,0.0,0.0,0.0,0.0129407958589,0.000117643598718,0.00144113408429,0.0,0.0195876591865,2.94108996794e-05,0.000294108996794,0.0289991470839,0.00641157613011,0.00117643598718,0.0142348754448,0.000705861592306,2.94108996794e-05,0.0,0.0,0.00370577335961,0.000558807093909,0.000205876297756,0.00049998529455,0.000382341695832,2.94108996794e-05,0.0282344636922,0.000676450692627,2.94108996794e-05,0.00191170847916,0.000470574394871,2.94108996794e-05,0.00455868945031,0.0137348901503,0.0,0.00102938148878,0.0,0.0139113555484,5.88217993588e-05,0.00573512543749,0.000823505191024
Gen 34
string_,string_rot,integer_swap,exec_sho,integer_gte,boolean_shove,boolean_and,string_pop,exec_eq,string_yankd,string_parse_to_chars,integer_lt,string_stackdepth,exec_do*whi,char_r,char_p,boolean_sw,integer_sho,boolean_invert_second_then_a,print_integ,char_iswhitespace,string_removechar,exec_emp,string_first,string_conc,string_yank,string_concat,string_setchar,exec_yankd,string_length,string_replacefirstch,char_d,integer_eq,exec_do*tim,string_emptystri,string_reverse,exec_yankdup,string_repla,exec_,char_ya,integer_mu,string_replacech,boolean_yankd,char_isletter,integer_add,string_empty,char_isdigit,print_integer,exec_shove,integer_fromstri,string_conjchar,boolean_or,boolean_empty,exec_wh,string_fromchar,integer_yankd,exec_do*while,integer_rot,string_rest,boolean_flu,integer_stackdep,char_iswhitespa,char_allfromstring,boolean_,char_allfromstri,exec_stackdepth,exec_do*range,char_shove,char_stackdep,string_removech,exec_stackdep,boolean_sho,string_indexofch,string_stackdep,string_leng,print_ch,integer_mult,boolean_xor,boolean_yankdup,integer_min,string_emp,integer_fromch,exec_yank,char_stackdepth,char_sw,integer_fromboole,string_replace,integer_div,string_replacefirst,boolean_frominteger,string_butla,char_isdig,integer_flush,integer_,string_yankdup,char_flu,print_exec,integer_yank,boolean_frominteg,string_emptystring,char_yankd,boolean_ya,string_swap,print_ex,exec_d,integer_max,char_swap,string_contains,char_empty,exec_dup,exec_k,string_frominteg,exec_noop,exec_p,exec_r,exec_s,string_sho,integer_flu,exec_y,boolean_rot,boolean_a,integer_ya,exec_ya,boolean_invert_first_then_a,string_spl,string_occurrencesofch,integer_yankdup,string_replacechar,char_sho,string_fromboolean,print_stri,exec_string_itera,print_newli,string_ta,string_replacefirstchar,string_substring,boolean_stackdepth,string_shove,string_containschar,exec_do*ran,char_yankdup,char_yank,integer_sw,exec_do*times,string_fromch,integer_shove,exec_if,exec_whi,integer_g,char_frominteger,char_frominteg,boolean_dup,string_eq,boolean_not,char_eq,boolean_flush,boolean_pop,string_butlast,exec_swap,string_replacefir,boolean_swap,exec_sw,string_n,print_string,exec_flush,print_newline,integer_a,string_d,string_dup,string_frominteger,string_contai,integer_mod,exec_do*count,string_fir,string_r,integer_fromchar,string_p,integer_inc,boolean_invert_first_then_and,integer_fromstring,exec_rot,integer_m,boolean_d,char_rot,exec_do*cou,string_take,exec_string_iterate,string_split,integer_pop,boolean_n,string_re,boolean_p,boolean_r,exec_pop,string_sw,boolean_x,boolean_emp,string_la,char_emp,boolean_stackdep,string_parse_to_cha,print_char,integer_dup,boolean_invert_second_then_and,integer_sub,string_setch,exec_no,boolean_yank,char_islett,string_ya,string_flu,integer_stackdepth,integer_emp,integer_dec,print_boole,integer_gt,exec,string_indexofchar,in1,char_dup,char_flush,char_pop,integer_lte,string_conjch,exec_flu,string_containsch,boolean_eq,string_flush,print_boolean,integer_d,string_rever,char_,exec_empty,string_last,integer_l,exec_when,integer_i,string_substri,string_nth,string_occurrencesofchar,integer_r,integer_s,integer_p,exec_while,integer_fromboolean,integer_empty,string_fromboole
0.0,0.0283134767578,0.000599982857633,0.000942830204851,0.0180280563412,0.00048570040856,0.00128567755207,0.0173995028713,0.000142853061341,0.000228564898146,0.0281991943087,0.00111425387846,0.000914259592583,0.0,0.0,0.000914259592583,0.0,0.0,0.00048570040856,2.85706122682e-05,0.00108568326619,0.000742835918974,0.000171423673609,0.000142853061341,2.85706122682e-05,0.000714265306706,0.000599982857633,0.0175994971572,2.85706122682e-05,0.0279992000229,0.0,2.85706122682e-05,0.00111425387846,0.000114282449073,2.85706122682e-05,0.0281134824719,0.0018856604097,8.57118368047e-05,2.85706122682e-05,5.71412245364e-05,0.0,5.71412245364e-05,2.85706122682e-05,0.000199994285878,0.000371417959487,2.85706122682e-05,0.0145424416445,2.85706122682e-05,0.0120853689895,0.000342847347219,0.00199994285878,0.0112568212337,0.00331419102311,0.0,0.000428559184023,5.71412245364e-05,0.000285706122682,0.00202851347104,0.0117996628668,0.000114282449073,0.000428559184023,2.85706122682e-05,0.00351418530899,0.000742835918974,0.000199994285878,0.000428559184023,0.00139996000114,0.000142853061341,0.0,0.0,2.85706122682e-05,0.0,0.0,0.0,0.000685694694437,0.00174280734836,0.000399988571755,0.000457129796292,0.000742835918974,0.000199994285878,2.85706122682e-05,0.000199994285878,0.000257135510414,0.000228564898146,8.57118368047e-05,0.0,0.017999485729,0.000742835918974,0.0148281477672,0.0012571069398,2.85706122682e-05,0.000771406531242,0.000171423673609,0.00031427673495,0.0213708179766,0.00031427673495,5.71412245364e-05,0.0134281877661,0.0,0.0017999485729,2.85706122682e-05,0.0,0.0147995771549,0.0,0.0,0.00142853061341,0.00128567755207,0.000742835918974,0.00551412816777,0.00208565469558,0.00108568326619,2.85706122682e-05,0.00119996571527,2.85706122682e-05,0.000857118368047,0.000228564898146,0.000228564898146,0.0,0.000171423673609,8.57118368047e-05,0.0,0.000771406531242,2.85706122682e-05,0.0,2.85706122682e-05,5.71412245364e-05,0.00122853632753,0.00119996571527,0.0,0.0274563583898,0.000657124082169,0.0,0.0,0.0,0.000171423673609,0.000714265306706,0.0206565526699,0.000257135510414,0.000885688980315,0.0,0.000999971429388,0.0012571069398,0.0,0.00974257878346,0.0,0.00031427673495,0.0103425616411,0.0025142138796,0.00105711265392,0.000571412245364,0.0,0.00374275020714,0.000199994285878,0.0150852832776,0.000257135510414,0.00259992571641,0.000257135510414,0.0012571069398,0.000657124082169,5.71412245364e-05,0.000428559184023,0.0,0.0,0.0124282163367,2.85706122682e-05,0.0,0.0,2.85706122682e-05,0.00031427673495,0.00048570040856,0.0,0.0158852604211,0.00517128082055,0.0,0.000342847347219,0.0101425673552,0.00079997714351,0.0284563298191,0.000914259592583,0.00768549470015,0.0182280506271,0.000542841633096,0.0,0.000199994285878,0.00048570040856,0.00142853061341,0.000714265306706,0.000428559184023,8.57118368047e-05,0.000914259592583,0.000457129796292,0.0,0.0,0.000599982857633,0.000428559184023,0.0,0.000285706122682,0.0,0.000171423673609,0.000885688980315,0.000399988571755,0.0148567183795,0.00199994285878,0.00845690123139,0.0281706236965,0.000228564898146,0.0,0.000428559184023,0.0,0.0,0.0,0.0126567812348,0.000114282449073,0.0012571069398,0.0,0.0196851518528,2.85706122682e-05,0.000457129796292,0.0281706236965,0.00657124082169,0.00162852489929,0.0140281706237,0.000714265306706,2.85706122682e-05,0.0,2.85706122682e-05,0.00451415673838,0.000771406531242,0.000114282449073,0.000399988571755,0.00048570040856,8.57118368047e-05,0.0276277820634,0.000457129796292,0.0,0.00157138367475,0.000428559184023,5.71412245364e-05,0.00499985714694,0.0121139396017,0.0,0.00145710122568,0.0,0.0146852947059,0.000114282449073,0.00522842204508,0.000571412245364
Gen 35
string_,string_rot,integer_swap,exec_sho,integer_gte,boolean_shove,boolean_and,string_pop,exec_eq,string_yankd,string_parse_to_chars,integer_lt,string_stackdepth,exec_do*whi,char_r,char_p,boolean_sw,integer_sho,boolean_invert_second_then_a,print_integ,char_iswhitespace,string_removechar,exec_emp,string_first,string_conc,string_yank,string_concat,string_setchar,exec_yankd,string_length,string_replacefirstch,char_d,integer_eq,exec_do*tim,string_emptystri,string_reverse,exec_yankdup,string_repla,exec_,char_ya,integer_mu,string_replacech,boolean_yankd,char_isletter,integer_add,string_empty,char_isdigit,print_integer,exec_shove,integer_fromstri,string_conjchar,boolean_or,boolean_empty,exec_wh,string_fromchar,integer_yankd,exec_do*while,integer_rot,string_rest,boolean_flu,integer_stackdep,char_iswhitespa,char_allfromstring,boolean_,char_allfromstri,exec_stackdepth,exec_do*range,char_shove,char_stackdep,string_removech,exec_stackdep,boolean_sho,string_indexofch,string_stackdep,string_leng,print_ch,integer_mult,boolean_xor,boolean_yankdup,integer_min,string_emp,integer_fromch,exec_yank,char_stackdepth,char_sw,integer_fromboole,string_replace,integer_div,string_replacefirst,boolean_frominteger,string_butla,char_isdig,integer_flush,integer_,string_yankdup,char_flu,print_exec,integer_yank,boolean_frominteg,string_emptystring,char_yankd,boolean_ya,string_swap,print_ex,exec_d,integer_max,char_swap,string_contains,char_empty,exec_dup,exec_k,string_frominteg,exec_noop,exec_p,exec_r,exec_s,string_sho,integer_flu,exec_y,boolean_rot,boolean_a,integer_ya,exec_ya,boolean_invert_first_then_a,string_spl,string_occurrencesofch,integer_yankdup,string_replacechar,char_sho,string_fromboolean,print_stri,exec_string_itera,print_newli,string_ta,string_replacefirstchar,string_substring,boolean_stackdepth,string_shove,string_containschar,exec_do*ran,char_yankdup,char_yank,integer_sw,exec_do*times,string_fromch,integer_shove,exec_if,exec_whi,integer_g,char_frominteger,char_frominteg,boolean_dup,string_eq,boolean_not,char_eq,boolean_flush,boolean_pop,string_butlast,exec_swap,string_replacefir,boolean_swap,exec_sw,string_n,print_string,exec_flush,print_newline,integer_a,string_d,string_dup,string_frominteger,string_contai,integer_mod,exec_do*count,string_fir,string_r,integer_fromchar,string_p,integer_inc,boolean_invert_first_then_and,integer_fromstring,exec_rot,integer_m,boolean_d,char_rot,exec_do*cou,string_take,exec_string_iterate,string_split,integer_pop,boolean_n,string_re,boolean_p,boolean_r,exec_pop,string_sw,boolean_x,boolean_emp,string_la,char_emp,boolean_stackdep,string_parse_to_cha,print_char,integer_dup,boolean_invert_second_then_and,integer_sub,string_setch,exec_no,boolean_yank,char_islett,string_ya,string_flu,integer_stackdepth,integer_emp,integer_dec,print_boole,integer_gt,exec,string_indexofchar,in1,char_dup,char_flush,char_pop,integer_lte,string_conjch,exec_flu,string_containsch,boolean_eq,string_flush,print_boolean,integer_d,string_rever,char_,exec_empty,string_last,integer_l,exec_when,integer_i,string_substri,string_nth,string_occurrencesofchar,integer_r,integer_s,integer_p,exec_while,integer_fromboolean,integer_empty,string_fromboole
0.0,0.0275825671509,0.000444432099108,0.000916641204411,0.0181106080387,0.000916641204411,0.00136107330352,0.0176661759396,0.000166662037166,0.000166662037166,0.0273603511014,0.00108330324158,0.00077775617344,0.0,0.0,0.00138885030971,2.77770061943e-05,0.0,0.000305547068137,0.0,0.000916641204411,0.00102774922919,0.000305547068137,0.000111108024777,0.0,0.000749979167245,0.00111108024777,0.0170273047971,0.0,0.0274714591261,0.0,8.33310185828e-05,0.000944418210605,0.000138885030971,2.77770061943e-05,0.0273881281076,0.00224993750174,0.000138885030971,2.77770061943e-05,0.000111108024777,2.77770061943e-05,8.33310185828e-05,0.0,0.000138885030971,0.000833310185828,0.000166662037166,0.0151662453821,8.33310185828e-05,0.0125552067998,0.000333324074331,0.00188883642121,0.0106941473848,0.00347212577428,0.0,0.000249993055748,0.000111108024777,0.000416655092914,0.00183328240882,0.011860781645,5.55540123885e-05,0.000333324074331,2.77770061943e-05,0.00358323379906,0.000472209105303,0.000166662037166,0.000249993055748,0.00133329629733,0.00058331713008,0.0,0.0,0.0,0.0,0.0,0.0,0.000861087192022,0.00208327546457,0.000361101080526,0.000444432099108,0.00077775617344,0.000138885030971,0.0,0.00038887808672,0.000249993055748,0.00019443904336,0.000166662037166,0.0,0.0180550540263,0.000833310185828,0.0149995833449,0.000888864198217,0.0,0.000527763117691,0.000277770061943,0.000444432099108,0.0215549568068,0.000305547068137,2.77770061943e-05,0.0134162939918,0.0,0.00183328240882,0.0,0.0,0.0146662592706,0.0,2.77770061943e-05,0.00174995139024,0.00116663426016,0.000305547068137,0.00497208410877,0.00127774228494,0.00169439737785,0.0,0.000666648148663,0.0,0.00058331713008,0.000416655092914,0.000138885030971,0.0,0.000111108024777,0.000638871142468,0.0,0.00058331713008,0.0,2.77770061943e-05,5.55540123885e-05,2.77770061943e-05,0.00155551234688,0.00108330324158,0.0,0.0272770200828,0.00038887808672,0.0,0.0,0.0,8.33310185828e-05,0.000694425154857,0.02116607872,0.000249993055748,0.00136107330352,0.0,0.000861087192022,0.00130551929113,0.0,0.00911085803172,0.0,0.000166662037166,0.0108885864282,0.00238882253271,0.00105552623538,0.000638871142468,0.0,0.00266659259465,0.000138885030971,0.0153329074192,0.000166662037166,0.00372211883003,0.000444432099108,0.00130551929113,0.000361101080526,2.77770061943e-05,0.000444432099108,2.77770061943e-05,0.0,0.0122774367379,0.0,5.55540123885e-05,2.77770061943e-05,0.0,0.000361101080526,0.000249993055748,0.0,0.0160551095803,0.00638871142468,0.0,0.000305547068137,0.0105274853476,0.000611094136274,0.0277492291881,0.00119441126635,0.00755534568484,0.0181939390572,0.00077775617344,5.55540123885e-05,0.000111108024777,0.000416655092914,0.00219438348935,0.000416655092914,0.000222216049554,8.33310185828e-05,0.000638871142468,0.000472209105303,0.0,0.0,0.000444432099108,0.000361101080526,0.0,5.55540123885e-05,0.0,5.55540123885e-05,0.00111108024777,0.00038887808672,0.0143329351962,0.00202772145218,0.00877753395739,0.0275270131385,8.33310185828e-05,0.0,0.000416655092914,0.0,2.77770061943e-05,0.0,0.0121385517069,2.77770061943e-05,0.00113885725397,0.0,0.0194716813422,2.77770061943e-05,0.000305547068137,0.0275825671509,0.00516652315213,0.00205549845838,0.0140551651343,0.000249993055748,0.0,0.0,5.55540123885e-05,0.00444432099108,0.000611094136274,5.55540123885e-05,0.00058331713008,0.00058331713008,5.55540123885e-05,0.0267492569651,0.00077775617344,0.0,0.00152773534068,0.000249993055748,2.77770061943e-05,0.00366656481764,0.0126385378184,0.0,0.00122218827255,0.0,0.014444043221,0.000111108024777,0.0058053942946,0.0009721952168
Gen 36
string_,string_rot,integer_swap,exec_sho,integer_gte,boolean_shove,boolean_and,string_pop,exec_eq,string_yankd,string_parse_to_chars,integer_lt,string_stackdepth,exec_do*whi,char_r,char_p,boolean_sw,integer_sho,boolean_invert_second_then_a,print_integ,char_iswhitespace,string_removechar,exec_emp,string_first,string_conc,string_yank,string_concat,string_setchar,exec_yankd,string_length,string_replacefirstch,char_d,integer_eq,exec_do*tim,string_emptystri,string_reverse,exec_yankdup,string_repla,exec_,char_ya,integer_mu,string_replacech,boolean_yankd,char_isletter,integer_add,string_empty,char_isdigit,print_integer,exec_shove,integer_fromstri,string_conjchar,boolean_or,boolean_empty,exec_wh,string_fromchar,integer_yankd,exec_do*while,integer_rot,string_rest,boolean_flu,integer_stackdep,char_iswhitespa,char_allfromstring,boolean_,char_allfromstri,exec_stackdepth,exec_do*range,char_shove,char_stackdep,string_removech,exec_stackdep,boolean_sho,string_indexofch,string_stackdep,string_leng,print_ch,integer_mult,boolean_xor,boolean_yankdup,integer_min,string_emp,integer_fromch,exec_yank,char_stackdepth,char_sw,integer_fromboole,string_replace,integer_div,string_replacefirst,boolean_frominteger,string_butla,char_isdig,integer_flush,integer_,string_yankdup,char_flu,print_exec,integer_yank,boolean_frominteg,string_emptystring,char_yankd,boolean_ya,string_swap,print_ex,exec_d,integer_max,char_swap,string_contains,char_empty,exec_dup,exec_k,string_frominteg,exec_noop,exec_p,exec_r,exec_s,string_sho,integer_flu,exec_y,boolean_rot,boolean_a,integer_ya,exec_ya,boolean_invert_first_then_a,string_spl,string_occurrencesofch,integer_yankdup,string_replacechar,char_sho,string_fromboolean,print_stri,exec_string_itera,print_newli,string_ta,string_replacefirstchar,string_substring,boolean_stackdepth,string_shove,string_containschar,exec_do*ran,char_yankdup,char_yank,integer_sw,exec_do*times,string_fromch,integer_shove,exec_if,exec_whi,integer_g,char_frominteger,char_frominteg,boolean_dup,string_eq,boolean_not,char_eq,boolean_flush,boolean_pop,string_butlast,exec_swap,string_replacefir,boolean_swap,exec_sw,string_n,print_string,exec_flush,print_newline,integer_a,string_d,string_dup,string_frominteger,string_contai,integer_mod,exec_do*count,string_fir,string_r,integer_fromchar,string_p,integer_inc,boolean_invert_first_then_and,integer_fromstring,exec_rot,integer_m,boolean_d,char_rot,exec_do*cou,string_take,exec_string_iterate,string_split,integer_pop,boolean_n,string_re,boolean_p,boolean_r,exec_pop,string_sw,boolean_x,boolean_emp,string_la,char_emp,boolean_stackdep,string_parse_to_cha,print_char,integer_dup,boolean_invert_second_then_and,integer_sub,string_setch,exec_no,boolean_yank,char_islett,string_ya,string_flu,integer_stackdepth,integer_emp,integer_dec,print_boole,integer_gt,exec,string_indexofchar,in1,char_dup,char_flush,char_pop,integer_lte,string_conjch,exec_flu,string_containsch,boolean_eq,string_flush,print_boolean,integer_d,string_rever,char_,exec_empty,string_last,integer_l,exec_when,integer_i,string_substri,string_nth,string_occurrencesofchar,integer_r,integer_s,integer_p,exec_while,integer_fromboolean,integer_empty,string_fromboole
0.0,0.0268100862139,0.000216210372693,0.000540525931732,0.0190535390935,0.000864841490771,0.00132428853274,0.0178373557471,0.000108105186346,0.000135131482933,0.026674954731,0.00094592038053,0.000675657414664,0.0,0.0,0.00159455149861,2.70262965866e-05,0.0,0.000567552228318,2.70262965866e-05,0.000513499635145,0.00094592038053,0.000135131482933,0.000108105186346,0.0,0.000297289262452,0.000810788897597,0.0159184886895,2.70262965866e-05,0.0266209021378,0.0,0.000243236669279,0.000918894083944,8.10788897597e-05,2.70262965866e-05,0.0264046917651,0.00191886705765,0.000756736304424,0.0,8.10788897597e-05,0.0,0.0,0.0,0.000270262965866,0.000972946677117,5.40525931732e-05,0.0148104105294,0.000243236669279,0.0121077808708,0.000432420745385,0.00156752520202,0.0113240182698,0.00294586632794,2.70262965866e-05,0.000135131482933,8.10788897597e-05,0.000702683711251,0.00286478743818,0.0112969919732,0.0,0.000351341855626,2.70262965866e-05,0.00337828707332,0.000540525931732,2.70262965866e-05,0.000135131482933,0.000891867787357,0.000432420745385,0.0,0.0,0.0,0.0,0.0,0.0,0.000432420745385,0.0022161563201,0.000378368152212,0.000351341855626,0.000486473338558,0.000270262965866,0.0,0.000837815194184,8.10788897597e-05,0.000432420745385,8.10788897597e-05,0.0,0.0188643550174,0.000486473338558,0.014053674225,0.00094592038053,0.0,0.000756736304424,0.000108105186346,0.000378368152212,0.0219994054215,0.000162157779519,5.40525931732e-05,0.0136482797762,0.0,0.00199994594741,0.0,0.0,0.0155941731305,0.0,0.0,0.00143239371909,0.00124320964298,0.000297289262452,0.00540525931732,0.00178373557471,0.00148644631226,0.0,0.000432420745385,0.0,0.000486473338558,0.000594578524905,2.70262965866e-05,0.0,8.10788897597e-05,0.00108105186346,2.70262965866e-05,0.000432420745385,0.0,8.10788897597e-05,5.40525931732e-05,8.10788897597e-05,0.00105402556688,0.00129726223616,0.0,0.0262965865787,0.000324315559039,0.0,0.0,0.0,8.10788897597e-05,0.000837815194184,0.0210534850409,0.000324315559039,0.00113510445664,0.0,0.000729710007838,0.00102699927029,0.0,0.0080538363828,0.0,0.000270262965866,0.0092700197292,0.00213507743034,0.000405394448799,0.000540525931732,0.0,0.0022161563201,0.000135131482933,0.0147563579363,0.000108105186346,0.00383773411529,0.000324315559039,0.00148644631226,0.000297289262452,0.0,0.000432420745385,0.0,0.0,0.0126483068025,5.40525931732e-05,0.000162157779519,2.70262965866e-05,2.70262965866e-05,0.000189184076106,0.000324315559039,0.0,0.0158644360963,0.00599983784222,0.0,0.000459447041972,0.00983757195751,0.000432420745385,0.0269722439934,0.00105402556688,0.00891867787357,0.0189724602038,0.00105402556688,0.0,5.40525931732e-05,0.000243236669279,0.00205399854058,0.000270262965866,0.000216210372693,0.000108105186346,0.00102699927029,0.000648631118078,0.0,0.0,0.000162157779519,0.000378368152212,8.10788897597e-05,0.000108105186346,0.0,0.0,0.000783762601011,0.000270262965866,0.0149995946056,0.00164860409178,0.00843220453501,0.026674954731,0.000432420745385,0.0,0.000567552228318,0.0,0.0,0.0,0.0117834653117,5.40525931732e-05,0.000864841490771,0.0,0.019675143915,2.70262965866e-05,0.000351341855626,0.0267560336207,0.00564849598659,0.00116213075322,0.014513121267,0.000324315559039,0.0,0.0,0.0,0.00364855003919,0.000621604821491,2.70262965866e-05,0.000351341855626,0.000459447041972,2.70262965866e-05,0.0261344287992,0.000378368152212,2.70262965866e-05,0.00132428853274,0.000216210372693,0.0,0.00427015486068,0.0110267290073,2.70262965866e-05,0.0012161833464,0.0,0.0152158049782,8.10788897597e-05,0.00708088970568,0.000540525931732
Gen 37
string_,string_rot,integer_swap,exec_sho,integer_gte,boolean_shove,boolean_and,string_pop,exec_eq,string_yankd,string_parse_to_chars,integer_lt,string_stackdepth,exec_do*whi,char_r,char_p,boolean_sw,integer_sho,boolean_invert_second_then_a,print_integ,char_iswhitespace,string_removechar,exec_emp,string_first,string_conc,string_yank,string_concat,string_setchar,exec_yankd,string_length,string_replacefirstch,char_d,integer_eq,exec_do*tim,string_emptystri,string_reverse,exec_yankdup,string_repla,exec_,char_ya,integer_mu,string_replacech,boolean_yankd,char_isletter,integer_add,string_empty,char_isdigit,print_integer,exec_shove,integer_fromstri,string_conjchar,boolean_or,boolean_empty,exec_wh,string_fromchar,integer_yankd,exec_do*while,integer_rot,string_rest,boolean_flu,integer_stackdep,char_iswhitespa,char_allfromstring,boolean_,char_allfromstri,exec_stackdepth,exec_do*range,char_shove,char_stackdep,string_removech,exec_stackdep,boolean_sho,string_indexofch,string_stackdep,string_leng,print_ch,integer_mult,boolean_xor,boolean_yankdup,integer_min,string_emp,integer_fromch,exec_yank,char_stackdepth,char_sw,integer_fromboole,string_replace,integer_div,string_replacefirst,boolean_frominteger,string_butla,char_isdig,integer_flush,integer_,string_yankdup,char_flu,print_exec,integer_yank,boolean_frominteg,string_emptystring,char_yankd,boolean_ya,string_swap,print_ex,exec_d,integer_max,char_swap,string_contains,char_empty,exec_dup,exec_k,string_frominteg,exec_noop,exec_p,exec_r,exec_s,string_sho,integer_flu,exec_y,boolean_rot,boolean_a,integer_ya,exec_ya,boolean_invert_first_then_a,string_spl,string_occurrencesofch,integer_yankdup,string_replacechar,char_sho,string_fromboolean,print_stri,exec_string_itera,print_newli,string_ta,string_replacefirstchar,string_substring,boolean_stackdepth,string_shove,string_containschar,exec_do*ran,char_yankdup,char_yank,integer_sw,exec_do*times,string_fromch,integer_shove,exec_if,exec_whi,integer_g,char_frominteger,char_frominteg,boolean_dup,string_eq,boolean_not,char_eq,boolean_flush,boolean_pop,string_butlast,exec_swap,string_replacefir,boolean_swap,exec_sw,string_n,print_string,exec_flush,print_newline,integer_a,string_d,string_dup,string_frominteger,string_contai,integer_mod,exec_do*count,string_fir,string_r,integer_fromchar,string_p,integer_inc,boolean_invert_first_then_and,integer_fromstring,exec_rot,integer_m,boolean_d,char_rot,exec_do*cou,string_take,exec_string_iterate,string_split,integer_pop,boolean_n,string_re,boolean_p,boolean_r,exec_pop,string_sw,boolean_x,boolean_emp,string_la,char_emp,boolean_stackdep,string_parse_to_cha,print_char,integer_dup,boolean_invert_second_then_and,integer_sub,string_setch,exec_no,boolean_yank,char_islett,string_ya,string_flu,integer_stackdepth,integer_emp,integer_dec,print_boole,integer_gt,exec,string_indexofchar,in1,char_dup,char_flush,char_pop,integer_lte,string_conjch,exec_flu,string_containsch,boolean_eq,string_flush,print_boolean,integer_d,string_rever,char_,exec_empty,string_last,integer_l,exec_when,integer_i,string_substri,string_nth,string_occurrencesofchar,integer_r,integer_s,integer_p,exec_while,integer_fromboolean,integer_empty,string_fromboole
2.63150969711e-05,0.0260782610984,0.00023683587274,0.000763137812163,0.0188416094313,0.00092102839399,0.00149996052735,0.0183153074919,0.000263150969711,0.000210520775769,0.0259730007105,0.00123680955764,0.000710507618221,0.0,2.63150969711e-05,0.00113154916976,5.26301939423e-05,0.0,0.000421041551538,0.0,0.000789452909134,0.000684192521249,0.000184205678798,0.000210520775769,2.63150969711e-05,0.000342096260625,0.00110523407279,0.0148417146917,5.26301939423e-05,0.0258940554196,0.0,0.00023683587274,0.00121049446067,7.89452909134e-05,0.0,0.0257361648378,0.00202626246678,0.000868398200047,5.26301939423e-05,2.63150969711e-05,0.0,0.0,0.0,0.000210520775769,0.000894713297018,0.000289466066682,0.013710165522,0.000394726454567,0.0113944369885,0.00047367174548,0.00152627562433,0.01181547854,0.00271045498803,0.0,0.000263150969711,2.63150969711e-05,0.000421041551538,0.00418410041841,0.0103681482066,5.26301939423e-05,0.000447356648509,2.63150969711e-05,0.00281571537591,0.000605247230336,0.000157890581827,0.00023683587274,0.000789452909134,0.00047367174548,0.0,0.0,0.0,0.0,2.63150969711e-05,0.0,0.000736822715192,0.00139470013947,0.000394726454567,0.000368411357596,0.000552617036394,0.000315781163654,0.0,0.00047367174548,0.000131575484856,0.000368411357596,0.0,0.0,0.0189468698192,0.000763137812163,0.0138680561038,0.0013683850425,2.63150969711e-05,0.000789452909134,0.000210520775769,0.000552617036394,0.0197889529223,0.000315781163654,0.000105260387885,0.0140259466856,0.0,0.00113154916976,0.0,0.0,0.0154206468251,0.0,0.0,0.00213152285466,0.00123680955764,0.000289466066682,0.0059208968185,0.00176311149707,0.00210520775769,2.63150969711e-05,0.00047367174548,2.63150969711e-05,0.00102628878187,0.000368411357596,5.26301939423e-05,0.0,2.63150969711e-05,0.00134206994553,0.0,0.000368411357596,2.63150969711e-05,5.26301939423e-05,0.0,5.26301939423e-05,0.000999973684903,0.00152627562433,0.0,0.0255782742559,0.00023683587274,0.0,0.0,0.0,0.000131575484856,0.000999973684903,0.0195784321465,0.000157890581827,0.00115786426673,2.63150969711e-05,0.000684192521249,0.000842083103076,0.0,0.00863135180653,0.0,0.000684192521249,0.00986816136417,0.00173679640009,0.000263150969711,0.000868398200047,0.0,0.0021841530486,0.000105260387885,0.0143417278493,0.000131575484856,0.0033683324123,0.000289466066682,0.00113154916976,0.000157890581827,0.0,0.000631562327307,2.63150969711e-05,2.63150969711e-05,0.0136049051341,2.63150969711e-05,7.89452909134e-05,0.0,0.0,0.000157890581827,0.000499986842452,0.0,0.0152364411463,0.00602615720639,0.0,0.000368411357596,0.00907870845504,0.000526301939423,0.0262624667772,0.00126312465461,0.00973658587932,0.0182889923949,0.000842083103076,0.0,0.000289466066682,0.000368411357596,0.00244730401832,0.000578932133365,0.000184205678798,0.000131575484856,0.000894713297018,0.000684192521249,0.0,0.0,0.000315781163654,0.000368411357596,0.0,0.000131575484856,2.63150969711e-05,2.63150969711e-05,0.000789452909134,0.000210520775769,0.0153943317281,0.00157890581827,0.00836820083682,0.0259466856135,0.00023683587274,0.0,0.000526301939423,0.0,0.0,0.0,0.012762822031,0.000131575484856,0.000842083103076,0.0,0.0179732112313,0.0,0.000631562327307,0.0259730007105,0.0049209231336,0.00163153601221,0.0133680692613,0.000499986842452,0.0,0.0,0.0,0.00289466066682,0.00092102839399,0.000105260387885,0.00023683587274,0.000526301939423,2.63150969711e-05,0.0253940685771,0.000368411357596,2.63150969711e-05,0.00110523407279,0.000263150969711,2.63150969711e-05,0.00426304570932,0.01181547854,2.63150969711e-05,0.0013683850425,0.0,0.0151574958554,0.000184205678798,0.00831557064288,0.000631562327307
Gen 38
string_,string_rot,integer_swap,exec_sho,integer_gte,boolean_shove,boolean_and,string_pop,exec_eq,string_yankd,string_parse_to_chars,integer_lt,string_stackdepth,exec_do*whi,char_r,char_p,boolean_sw,integer_sho,boolean_invert_second_then_a,print_integ,char_iswhitespace,string_removechar,exec_emp,string_first,string_conc,string_yank,string_concat,string_setchar,exec_yankd,string_length,string_replacefirstch,char_d,integer_eq,exec_do*tim,string_emptystri,string_reverse,exec_yankdup,string_repla,exec_,char_ya,integer_mu,string_replacech,boolean_yankd,char_isletter,integer_add,string_empty,char_isdigit,print_integer,exec_shove,integer_fromstri,string_conjchar,boolean_or,boolean_empty,exec_wh,string_fromchar,integer_yankd,exec_do*while,integer_rot,string_rest,boolean_flu,integer_stackdep,char_iswhitespa,char_allfromstring,boolean_,char_allfromstri,exec_stackdepth,exec_do*range,char_shove,char_stackdep,string_removech,exec_stackdep,boolean_sho,string_indexofch,string_stackdep,string_leng,print_ch,integer_mult,boolean_xor,boolean_yankdup,integer_min,string_emp,integer_fromch,exec_yank,char_stackdepth,char_sw,integer_fromboole,string_replace,integer_div,string_replacefirst,boolean_frominteger,string_butla,char_isdig,integer_flush,integer_,string_yankdup,char_flu,print_exec,integer_yank,boolean_frominteg,string_emptystring,char_yankd,boolean_ya,string_swap,print_ex,exec_d,integer_max,char_swap,string_contains,char_empty,exec_dup,exec_k,string_frominteg,exec_noop,exec_p,exec_r,exec_s,string_sho,integer_flu,exec_y,boolean_rot,boolean_a,integer_ya,exec_ya,boolean_invert_first_then_a,string_spl,string_occurrencesofch,integer_yankdup,string_replacechar,char_sho,string_fromboolean,print_stri,exec_string_itera,print_newli,string_ta,string_replacefirstchar,string_substring,boolean_stackdepth,string_shove,string_containschar,exec_do*ran,char_yankdup,char_yank,integer_sw,exec_do*times,string_fromch,integer_shove,exec_if,exec_whi,integer_g,char_frominteger,char_frominteg,boolean_dup,string_eq,boolean_not,char_eq,boolean_flush,boolean_pop,string_butlast,exec_swap,string_replacefir,boolean_swap,exec_sw,string_n,print_string,exec_flush,print_newline,integer_a,string_d,string_dup,string_frominteger,string_contai,integer_mod,exec_do*count,string_fir,string_r,integer_fromchar,string_p,integer_inc,boolean_invert_first_then_and,integer_fromstring,exec_rot,integer_m,boolean_d,char_rot,exec_do*cou,string_take,exec_string_iterate,string_split,integer_pop,boolean_n,string_re,boolean_p,boolean_r,exec_pop,string_sw,boolean_x,boolean_emp,string_la,char_emp,boolean_stackdep,string_parse_to_cha,print_char,integer_dup,boolean_invert_second_then_and,integer_sub,string_setch,exec_no,boolean_yank,char_islett,string_ya,string_flu,integer_stackdepth,integer_emp,integer_dec,print_boole,integer_gt,exec,string_indexofchar,in1,char_dup,char_flush,char_pop,integer_lte,string_conjch,exec_flu,string_containsch,boolean_eq,string_flush,print_boolean,integer_d,string_rever,char_,exec_empty,string_last,integer_l,exec_when,integer_i,string_substri,string_nth,string_occurrencesofchar,integer_r,integer_s,integer_p,exec_while,integer_fromboolean,integer_empty,string_fromboole
0.0,0.0253583241455,0.000410245891131,0.000641009204892,0.0174354503731,0.000641009204892,0.00115381656881,0.0171277659547,2.56403681957e-05,0.000128201840978,0.0252557626728,0.00174354503731,0.000487166995718,0.0,2.56403681957e-05,0.00107689546422,0.000102561472783,2.56403681957e-05,0.000538447732109,0.0,0.000487166995718,0.000846132150458,7.69211045871e-05,0.000128201840978,2.56403681957e-05,0.000230763313761,0.000512807363914,0.0138201584575,7.69211045871e-05,0.0253326837773,0.0,0.000128201840978,0.0012050973052,2.56403681957e-05,0.0,0.0249993589908,0.0017948257737,0.000692289941284,7.69211045871e-05,0.0,0.0,0.0,5.12807363914e-05,0.00035896515474,0.00112817620061,0.000153842209174,0.0133073510936,0.000435886259327,0.010743314274,0.000692289941284,0.0023845542422,0.0109484372196,0.00241019461039,0.0,0.000410245891131,5.12807363914e-05,0.000769211045871,0.00410245891131,0.00910233070947,5.12807363914e-05,0.000410245891131,2.56403681957e-05,0.00274351939694,0.00035896515474,0.000153842209174,0.000256403681957,0.000871772518653,0.000307684418348,0.0,0.0,0.0,0.0,0.0,0.0,0.000820491782262,0.00123073767339,0.000410245891131,0.000333324786544,0.000487166995718,0.000666649573088,0.0,0.000435886259327,0.000256403681957,0.000461526627522,0.0,0.0,0.0177687751596,0.000717930309479,0.0137432373529,0.000846132150458,0.0,0.000512807363914,0.000512807363914,0.000641009204892,0.0186661880465,0.000230763313761,2.56403681957e-05,0.0124612189431,0.0,0.00105125509602,0.0,0.0,0.014025281403,0.0,0.0,0.00148714135535,0.0012050973052,0.000487166995718,0.00541011768929,0.00151278172355,0.00215379092844,2.56403681957e-05,0.000538447732109,0.0,0.000564088100305,0.000692289941284,0.0,0.0,7.69211045871e-05,0.00153842209174,0.0,0.000769211045871,2.56403681957e-05,7.69211045871e-05,0.0,7.69211045871e-05,0.000743570677675,0.00115381656881,0.0,0.0247429553088,0.00017948257737,0.0,0.0,0.0,0.000128201840978,0.00125637804159,0.0185123458373,0.000461526627522,0.00107689546422,0.0,0.000512807363914,0.000384605522935,0.0,0.00817927745442,0.0,0.000717930309479,0.00853824260916,0.00153842209174,0.00035896515474,0.000897412886849,0.0,0.00197430835107,0.000230763313761,0.0133073510936,2.56403681957e-05,0.00338452860183,0.000410245891131,0.00153842209174,0.00017948257737,0.0,0.000769211045871,0.0,2.56403681957e-05,0.0122817363657,2.56403681957e-05,0.0,2.56403681957e-05,0.0,0.000128201840978,0.000205122945565,0.0,0.0148457731853,0.00574344247583,0.0,0.000794851414066,0.00846132150458,0.000487166995718,0.0255890874593,0.000820491782262,0.00817927745442,0.0168457219046,0.000769211045871,5.12807363914e-05,0.000205122945565,0.000205122945565,0.00271787902874,0.000256403681957,0.00017948257737,0.000128201840978,0.00110253583241,0.000820491782262,0.0,5.12807363914e-05,0.000307684418348,0.000333324786544,0.0,0.0,0.0,0.0,0.000538447732109,0.000333324786544,0.014153483244,0.00102561472783,0.00787159303608,0.0253839645137,0.000410245891131,2.56403681957e-05,0.000666649573088,2.56403681957e-05,0.0,0.0,0.011666367529,7.69211045871e-05,0.000538447732109,0.0,0.0166662393272,2.56403681957e-05,0.00102561472783,0.0253326837773,0.00502551216635,0.00130765877798,0.0124355785749,0.000487166995718,0.0,0.0,0.0,0.00271787902874,0.000717930309479,5.12807363914e-05,0.000230763313761,0.000692289941284,0.0,0.0247942360452,0.000333324786544,0.0,0.000666649573088,0.000307684418348,0.0,0.00412809927951,0.0109997179559,2.56403681957e-05,0.001179456937,0.0,0.0138201584575,0.000205122945565,0.00728186456758,0.000717930309479
Gen 39
string_,string_rot,integer_swap,exec_sho,integer_gte,boolean_shove,boolean_and,string_pop,exec_eq,string_yankd,string_parse_to_chars,integer_lt,string_stackdepth,exec_do*whi,char_r,char_p,boolean_sw,integer_sho,boolean_invert_second_then_a,print_integ,char_iswhitespace,string_removechar,exec_emp,string_first,string_conc,string_yank,string_concat,string_setchar,exec_yankd,string_length,string_replacefirstch,char_d,integer_eq,exec_do*tim,string_emptystri,string_reverse,exec_yankdup,string_repla,exec_,char_ya,integer_mu,string_replacech,boolean_yankd,char_isletter,integer_add,string_empty,char_isdigit,print_integer,exec_shove,integer_fromstri,string_conjchar,boolean_or,boolean_empty,exec_wh,string_fromchar,integer_yankd,exec_do*while,integer_rot,string_rest,boolean_flu,integer_stackdep,char_iswhitespa,char_allfromstring,boolean_,char_allfromstri,exec_stackdepth,exec_do*range,char_shove,char_stackdep,string_removech,exec_stackdep,boolean_sho,string_indexofch,string_stackdep,string_leng,print_ch,integer_mult,boolean_xor,boolean_yankdup,integer_min,string_emp,integer_fromch,exec_yank,char_stackdepth,char_sw,integer_fromboole,string_replace,integer_div,string_replacefirst,boolean_frominteger,string_butla,char_isdig,integer_flush,integer_,string_yankdup,char_flu,print_exec,integer_yank,boolean_frominteg,string_emptystring,char_yankd,boolean_ya,string_swap,print_ex,exec_d,integer_max,char_swap,string_contains,char_empty,exec_dup,exec_k,string_frominteg,exec_noop,exec_p,exec_r,exec_s,string_sho,integer_flu,exec_y,boolean_rot,boolean_a,integer_ya,exec_ya,boolean_invert_first_then_a,string_spl,string_occurrencesofch,integer_yankdup,string_replacechar,char_sho,string_fromboolean,print_stri,exec_string_itera,print_newli,string_ta,string_replacefirstchar,string_substring,boolean_stackdepth,string_shove,string_containschar,exec_do*ran,char_yankdup,char_yank,integer_sw,exec_do*times,string_fromch,integer_shove,exec_if,exec_whi,integer_g,char_frominteger,char_frominteg,boolean_dup,string_eq,boolean_not,char_eq,boolean_flush,boolean_pop,string_butlast,exec_swap,string_replacefir,boolean_swap,exec_sw,string_n,print_string,exec_flush,print_newline,integer_a,string_d,string_dup,string_frominteger,string_contai,integer_mod,exec_do*count,string_fir,string_r,integer_fromchar,string_p,integer_inc,boolean_invert_first_then_and,integer_fromstring,exec_rot,integer_m,boolean_d,char_rot,exec_do*cou,string_take,exec_string_iterate,string_split,integer_pop,boolean_n,string_re,boolean_p,boolean_r,exec_pop,string_sw,boolean_x,boolean_emp,string_la,char_emp,boolean_stackdep,string_parse_to_cha,print_char,integer_dup,boolean_invert_second_then_and,integer_sub,string_setch,exec_no,boolean_yank,char_islett,string_ya,string_flu,integer_stackdepth,integer_emp,integer_dec,print_boole,integer_gt,exec,string_indexofchar,in1,char_dup,char_flush,char_pop,integer_lte,string_conjch,exec_flu,string_containsch,boolean_eq,string_flush,print_boolean,integer_d,string_rever,char_,exec_empty,string_last,integer_l,exec_when,integer_i,string_substri,string_nth,string_occurrencesofchar,integer_r,integer_s,integer_p,exec_while,integer_fromboolean,integer_empty,string_fromboole
0.0,0.0248243793905,0.000374990625234,0.000774980625484,0.0184495387615,0.000724981875453,0.000824979375516,0.0170245743856,0.000199995000125,9.99975000625e-05,0.0247493812655,0.00162495937602,0.000474988125297,2.49993750156e-05,0.0,0.00122496937577,7.49981250469e-05,0.0,0.000724981875453,2.49993750156e-05,0.000549986250344,0.000724981875453,0.000274993125172,0.000324991875203,4.99987500312e-05,0.000299992500187,0.000724981875453,0.0136496587585,4.99987500312e-05,0.0247743806405,0.0,0.000149996250094,0.00149996250094,2.49993750156e-05,0.0,0.0244743881403,0.00199995000125,0.000899977500562,0.0,2.49993750156e-05,0.0,2.49993750156e-05,4.99987500312e-05,0.000174995625109,0.000999975000625,4.99987500312e-05,0.0123996900077,0.000374990625234,0.0103247418815,0.000224994375141,0.00224994375141,0.0105497362566,0.00247493812655,0.0,0.000449988750281,2.49993750156e-05,0.0007999800005,0.00477488062798,0.00932476688083,9.99975000625e-05,0.000374990625234,2.49993750156e-05,0.0028749281268,0.000499987500312,0.000199995000125,2.49993750156e-05,0.000849978750531,0.000524986875328,0.0,0.0,0.0,0.0,0.0,0.0,0.000699982500437,0.00139996500087,0.000224994375141,0.00039999000025,0.000599985000375,0.000774980625484,0.0,0.000299992500187,0.000199995000125,0.000224994375141,0.0,0.0,0.0182495437614,0.00102497437564,0.0138996525087,0.000574985625359,2.49993750156e-05,0.000349991250219,0.000649983750406,0.000649983750406,0.0189995250119,7.49981250469e-05,4.99987500312e-05,0.0117747056324,0.0,0.00107497312567,0.0,0.0,0.0142746431339,0.0,0.0,0.000949976250594,0.000774980625484,0.000674983125422,0.00572485687858,0.00107497312567,0.00262493437664,4.99987500312e-05,0.000224994375141,0.0,0.000599985000375,0.000749981250469,0.0,0.0,4.99987500312e-05,0.00122496937577,0.0,0.000649983750406,2.49993750156e-05,2.49993750156e-05,0.0,0.0,0.000624984375391,0.00144996375091,0.0,0.0245243868903,0.000199995000125,0.0,0.0,0.0,0.000249993750156,0.00134996625084,0.0185245368866,0.000349991250219,0.000999975000625,0.0,0.000549986250344,0.000499987500312,0.0,0.00709982250444,0.0,0.000774980625484,0.00909977250569,0.00164995875103,0.000299992500187,0.00109997250069,0.0,0.00137496562586,0.000374990625234,0.0130246743831,7.49981250469e-05,0.00377490562736,0.000624984375391,0.00117497062573,0.000224994375141,0.0,0.000574985625359,0.0,0.0,0.012849678758,9.99975000625e-05,7.49981250469e-05,0.0,2.49993750156e-05,0.000349991250219,0.000174995625109,0.0,0.0142496437589,0.00599985000375,0.0,0.000574985625359,0.00827479313017,0.000324991875203,0.0248993775156,0.000649983750406,0.00812479688008,0.0176995575111,0.000774980625484,2.49993750156e-05,0.000124996875078,0.000199995000125,0.00284992875178,0.00039999000025,0.000349991250219,0.000124996875078,0.000849978750531,0.000924976875578,0.0,0.0,0.000424989375266,0.000224994375141,0.0,0.000124996875078,0.0,0.0,0.000699982500437,0.000349991250219,0.0136746581335,0.00114997125072,0.00899977500562,0.0247243818905,0.000474988125297,0.0,0.000649983750406,0.0,0.0,2.49993750156e-05,0.0110247243819,0.000149996250094,0.000474988125297,0.0,0.0173745656359,0.0,0.00107497312567,0.0247743806405,0.00472488187795,0.000849978750531,0.0126496837579,0.000474988125297,2.49993750156e-05,0.0,0.0,0.00259993500162,0.000574985625359,2.49993750156e-05,0.000349991250219,0.000624984375391,0.0,0.0244993875153,0.000349991250219,0.0,0.000524986875328,0.000199995000125,0.0,0.00372490687733,0.0109247268818,0.0,0.00134996625084,0.0,0.0133496662583,9.99975000625e-05,0.00769980750481,0.000624984375391
Gen 40
string_,string_rot,integer_swap,exec_sho,integer_gte,boolean_shove,boolean_and,string_pop,exec_eq,string_yankd,string_parse_to_chars,integer_lt,string_stackdepth,exec_do*whi,char_r,char_p,boolean_sw,integer_sho,boolean_invert_second_then_a,print_integ,char_iswhitespace,string_removechar,exec_emp,string_first,string_conc,string_yank,string_concat,string_setchar,exec_yankd,string_length,string_replacefirstch,char_d,integer_eq,exec_do*tim,string_emptystri,string_reverse,exec_yankdup,string_repla,exec_,char_ya,integer_mu,string_replacech,boolean_yankd,char_isletter,integer_add,string_empty,char_isdigit,print_integer,exec_shove,integer_fromstri,string_conjchar,boolean_or,boolean_empty,exec_wh,string_fromchar,integer_yankd,exec_do*while,integer_rot,string_rest,boolean_flu,integer_stackdep,char_iswhitespa,char_allfromstring,boolean_,char_allfromstri,exec_stackdepth,exec_do*range,char_shove,char_stackdep,string_removech,exec_stackdep,boolean_sho,string_indexofch,string_stackdep,string_leng,print_ch,integer_mult,boolean_xor,boolean_yankdup,integer_min,string_emp,integer_fromch,exec_yank,char_stackdepth,char_sw,integer_fromboole,string_replace,integer_div,string_replacefirst,boolean_frominteger,string_butla,char_isdig,integer_flush,integer_,string_yankdup,char_flu,print_exec,integer_yank,boolean_frominteg,string_emptystring,char_yankd,boolean_ya,string_swap,print_ex,exec_d,integer_max,char_swap,string_contains,char_empty,exec_dup,exec_k,string_frominteg,exec_noop,exec_p,exec_r,exec_s,string_sho,integer_flu,exec_y,boolean_rot,boolean_a,integer_ya,exec_ya,boolean_invert_first_then_a,string_spl,string_occurrencesofch,integer_yankdup,string_replacechar,char_sho,string_fromboolean,print_stri,exec_string_itera,print_newli,string_ta,string_replacefirstchar,string_substring,boolean_stackdepth,string_shove,string_containschar,exec_do*ran,char_yankdup,char_yank,integer_sw,exec_do*times,string_fromch,integer_shove,exec_if,exec_whi,integer_g,char_frominteger,char_frominteg,boolean_dup,string_eq,boolean_not,char_eq,boolean_flush,boolean_pop,string_butlast,exec_swap,string_replacefir,boolean_swap,exec_sw,string_n,print_string,exec_flush,print_newline,integer_a,string_d,string_dup,string_frominteger,string_contai,integer_mod,exec_do*count,string_fir,string_r,integer_fromchar,string_p,integer_inc,boolean_invert_first_then_and,integer_fromstring,exec_rot,integer_m,boolean_d,char_rot,exec_do*cou,string_take,exec_string_iterate,string_split,integer_pop,boolean_n,string_re,boolean_p,boolean_r,exec_pop,string_sw,boolean_x,boolean_emp,string_la,char_emp,boolean_stackdep,string_parse_to_cha,print_char,integer_dup,boolean_invert_second_then_and,integer_sub,string_setch,exec_no,boolean_yank,char_islett,string_ya,string_flu,integer_stackdepth,integer_emp,integer_dec,print_boole,integer_gt,exec,string_indexofchar,in1,char_dup,char_flush,char_pop,integer_lte,string_conjch,exec_flu,string_containsch,boolean_eq,string_flush,print_boolean,integer_d,string_rever,char_,exec_empty,string_last,integer_l,exec_when,integer_i,string_substri,string_nth,string_occurrencesofchar,integer_r,integer_s,integer_p,exec_while,integer_fromboolean,integer_empty,string_fromboole
0.0,0.0240725835955,0.000195117192264,0.000804858418087,0.0187800297554,0.00107314455745,0.000878027365186,0.0175605473037,0.00024389649033,0.000170727543231,0.0242189214897,0.00153654788908,0.0023657959562,0.0,0.0,0.000853637716153,0.000121948245165,0.0,0.000585351576791,4.87792980659e-05,0.000634130874857,0.000365844735494,0.000121948245165,0.000560961927758,0.0,0.000341455086461,0.00129265139875,0.0134386966172,0.0,0.0240481939465,0.0,4.87792980659e-05,0.00156093753811,0.0,0.0,0.0239750249994,0.0020731201678,0.000634130874857,2.4389649033e-05,2.4389649033e-05,0.0,2.4389649033e-05,0.0,0.000219506841297,0.000780468769054,0.000170727543231,0.0133655276701,0.000195117192264,0.011877759079,0.000219506841297,0.00226823736006,0.0116826418868,0.00275603034072,0.0,0.000609741225824,7.31689470989e-05,0.000999975610351,0.0062925294505,0.0106094973293,7.31689470989e-05,0.000195117192264,4.87792980659e-05,0.00326821297042,0.000390234384527,9.75585961318e-05,0.000121948245165,0.00082924806712,0.000634130874857,0.0,0.0,0.0,0.0,2.4389649033e-05,2.4389649033e-05,0.000926806663252,0.00117070315358,0.000219506841297,0.000463403331626,0.000536572278725,0.000902417014219,0.0,0.000170727543231,0.000317065437428,0.00041462403356,2.4389649033e-05,0.0,0.0187800297554,0.00139020999488,0.0146825687178,0.00065852052389,2.4389649033e-05,0.000341455086461,0.000707299821956,0.000292675788395,0.0182190678276,7.31689470989e-05,2.4389649033e-05,0.0108046145216,0.0,0.00102436525938,0.0,0.0,0.0144630618765,0.0,2.4389649033e-05,0.00146337894198,0.000780468769054,0.000560961927758,0.00760957049828,0.00114631350455,0.0024389649033,0.0,0.000560961927758,2.4389649033e-05,0.000365844735494,0.000634130874857,0.0,2.4389649033e-05,9.75585961318e-05,0.000975585961318,0.0,0.000439013682593,2.4389649033e-05,2.4389649033e-05,4.87792980659e-05,0.0,0.000926806663252,0.00121948245165,0.0,0.0235116216678,0.000292675788395,0.0,0.0,0.0,0.000317065437428,0.00126826174971,0.0181946781786,0.000487792980659,0.00114631350455,0.0,0.000707299821956,0.000560961927758,0.0,0.00660959488793,0.0,0.00104875490842,0.0109021731177,0.00278041998976,0.00024389649033,0.000756079120021,0.0,0.00131704104778,0.00292675788395,0.0140240481939,7.31689470989e-05,0.00553645033048,0.000487792980659,0.00119509280261,0.000121948245165,0.0,0.000804858418087,2.4389649033e-05,0.0,0.0134630862662,4.87792980659e-05,7.31689470989e-05,0.0,0.0,0.000219506841297,0.00024389649033,0.0,0.0149996341553,0.00765834979635,2.4389649033e-05,0.000609741225824,0.0100729250506,0.000536572278725,0.024389649033,0.000487792980659,0.00917050803639,0.0182678471257,0.00065852052389,0.0,7.31689470989e-05,0.000268286139362,0.00258530279749,0.000365844735494,9.75585961318e-05,0.000146337894198,0.00065852052389,0.000731689470989,0.0,0.0,0.000609741225824,0.000390234384527,0.0,0.000268286139362,2.4389649033e-05,2.4389649033e-05,0.000804858418087,0.000609741225824,0.0146581790688,0.00136582034585,0.00992658715641,0.0241457525426,0.000317065437428,2.4389649033e-05,0.000902417014219,0.0,4.87792980659e-05,0.0,0.0117070315358,9.75585961318e-05,0.00065852052389,0.0,0.0178044437941,4.87792980659e-05,0.00126826174971,0.0241945318407,0.00468281261433,0.000560961927758,0.0135118655643,0.000804858418087,4.87792980659e-05,0.0,0.0,0.00273164069169,0.000682910172923,0.000121948245165,0.000219506841297,0.00041462403356,0.0,0.0239506353504,0.000268286139362,0.0,0.000487792980659,0.000317065437428,0.0,0.00565839857564,0.011828979781,0.0,0.00126826174971,0.0,0.0126338381991,0.00024389649033,0.00848759786347,0.000804858418087
Gen 41
string_,string_rot,integer_swap,exec_sho,integer_gte,boolean_shove,boolean_and,string_pop,exec_eq,string_yankd,string_parse_to_chars,integer_lt,string_stackdepth,exec_do*whi,char_r,char_p,boolean_sw,integer_sho,boolean_invert_second_then_a,print_integ,char_iswhitespace,string_removechar,exec_emp,string_first,string_conc,string_yank,string_concat,string_setchar,exec_yankd,string_length,string_replacefirstch,char_d,integer_eq,exec_do*tim,string_emptystri,string_reverse,exec_yankdup,string_repla,exec_,char_ya,integer_mu,string_replacech,boolean_yankd,char_isletter,integer_add,string_empty,char_isdigit,print_integer,exec_shove,integer_fromstri,string_conjchar,boolean_or,boolean_empty,exec_wh,string_fromchar,integer_yankd,exec_do*while,integer_rot,string_rest,boolean_flu,integer_stackdep,char_iswhitespa,char_allfromstring,boolean_,char_allfromstri,exec_stackdepth,exec_do*range,char_shove,char_stackdep,string_removech,exec_stackdep,boolean_sho,string_indexofch,string_stackdep,string_leng,print_ch,integer_mult,boolean_xor,boolean_yankdup,integer_min,string_emp,integer_fromch,exec_yank,char_stackdepth,char_sw,integer_fromboole,string_replace,integer_div,string_replacefirst,boolean_frominteger,string_butla,char_isdig,integer_flush,integer_,string_yankdup,char_flu,print_exec,integer_yank,boolean_frominteg,string_emptystring,char_yankd,boolean_ya,string_swap,print_ex,exec_d,integer_max,char_swap,string_contains,char_empty,exec_dup,exec_k,string_frominteg,exec_noop,exec_p,exec_r,exec_s,string_sho,integer_flu,exec_y,boolean_rot,boolean_a,integer_ya,exec_ya,boolean_invert_first_then_a,string_spl,string_occurrencesofch,integer_yankdup,string_replacechar,char_sho,string_fromboolean,print_stri,exec_string_itera,print_newli,string_ta,string_replacefirstchar,string_substring,boolean_stackdepth,string_shove,string_containschar,exec_do*ran,char_yankdup,char_yank,integer_sw,exec_do*times,string_fromch,integer_shove,exec_if,exec_whi,integer_g,char_frominteger,char_frominteg,boolean_dup,string_eq,boolean_not,char_eq,boolean_flush,boolean_pop,string_butlast,exec_swap,string_replacefir,boolean_swap,exec_sw,string_n,print_string,exec_flush,print_newline,integer_a,string_d,string_dup,string_frominteger,string_contai,integer_mod,exec_do*count,string_fir,string_r,integer_fromchar,string_p,integer_inc,boolean_invert_first_then_and,integer_fromstring,exec_rot,integer_m,boolean_d,char_rot,exec_do*cou,string_take,exec_string_iterate,string_split,integer_pop,boolean_n,string_re,boolean_p,boolean_r,exec_pop,string_sw,boolean_x,boolean_emp,string_la,char_emp,boolean_stackdep,string_parse_to_cha,print_char,integer_dup,boolean_invert_second_then_and,integer_sub,string_setch,exec_no,boolean_yank,char_islett,string_ya,string_flu,integer_stackdepth,integer_emp,integer_dec,print_boole,integer_gt,exec,string_indexofchar,in1,char_dup,char_flush,char_pop,integer_lte,string_conjch,exec_flu,string_containsch,boolean_eq,string_flush,print_boolean,integer_d,string_rever,char_,exec_empty,string_last,integer_l,exec_when,integer_i,string_substri,string_nth,string_occurrencesofchar,integer_r,integer_s,integer_p,exec_while,integer_fromboolean,integer_empty,string_fromboole
0.0,0.0233565867479,0.000119044784648,0.000809504535606,0.0187614580605,0.0012856836742,0.000976167234113,0.0168329325492,0.000380943310874,0.000119044784648,0.0236184852742,0.00190471655437,0.00288088378848,0.0,0.0,0.000404752267803,7.14268707888e-05,0.0,0.000428561224733,0.0,0.000642841837099,0.000404752267803,0.000238089569296,0.000499988095522,0.0,0.000261898526226,0.000976167234113,0.0136663412776,0.0,0.0234756315326,0.0,2.38089569296e-05,0.00185709864051,9.52358277184e-05,0.0,0.0233089688341,0.00199995238209,0.000547606009381,4.76179138592e-05,4.76179138592e-05,0.0,0.0,0.0,0.000214280612366,0.00190471655437,0.000190471655437,0.0127139830004,0.000357134353944,0.0117616247232,0.000190471655437,0.00185709864051,0.0117378157663,0.00283326587462,2.38089569296e-05,0.000476179138592,4.76179138592e-05,0.000999976191043,0.00652365419871,0.0103568962644,0.000142853741578,0.000214280612366,0.0,0.00416656746268,0.000428561224733,9.52358277184e-05,0.000261898526226,0.000666650794029,0.000428561224733,0.0,2.38089569296e-05,0.0,2.38089569296e-05,0.0,2.38089569296e-05,0.000880931406395,0.000857122449465,0.000214280612366,0.000428561224733,0.000380943310874,0.00111902097569,0.0,0.000261898526226,0.000119044784648,0.000357134353944,2.38089569296e-05,0.0,0.0186424132759,0.00126187471727,0.0139996666746,0.000690459750958,2.38089569296e-05,0.00061903288017,0.000785695578677,0.000309516440085,0.0185709864051,0.000119044784648,7.14268707888e-05,0.0104283231352,0.0,0.000714268707888,0.0,0.0,0.0127854098712,0.0,0.0,0.00176186281279,0.00107140306183,0.000380943310874,0.00719030499274,0.00126187471727,0.0027380300469,0.0,0.000738077664818,0.0,0.000357134353944,0.000714268707888,2.38089569296e-05,0.0,0.000142853741578,0.00190471655437,4.76179138592e-05,0.000499988095522,4.76179138592e-05,4.76179138592e-05,0.0,4.76179138592e-05,0.00116663888955,0.00121425680341,2.38089569296e-05,0.0230232613509,0.000357134353944,0.0,0.0,2.38089569296e-05,0.000499988095522,0.00135711054499,0.0184281326635,0.00157139115735,0.00123806576034,0.0,0.000666650794029,0.000714268707888,0.0,0.00676174376801,2.38089569296e-05,0.000857122449465,0.0089283588486,0.00302373753006,0.000380943310874,0.000333325397014,0.0,0.00135711054499,0.00383324206567,0.0129520725697,9.52358277184e-05,0.00566653174924,0.000452370181662,0.000785695578677,7.14268707888e-05,2.38089569296e-05,0.000714268707888,0.0,0.000214280612366,0.0133330158806,0.000142853741578,9.52358277184e-05,0.0,0.0,0.000309516440085,0.000333325397014,0.0,0.0140710935454,0.00766648413133,0.0,0.000404752267803,0.00985690816885,0.000452370181662,0.0237851479727,0.00059522392324,0.00873788719316,0.0186662222328,0.000547606009381,2.38089569296e-05,0.000285707483155,0.000261898526226,0.00349991666865,0.000523797052451,4.76179138592e-05,0.000166662698507,0.000666650794029,0.000809504535606,2.38089569296e-05,0.0,0.000357134353944,0.000357134353944,2.38089569296e-05,0.000166662698507,0.0,4.76179138592e-05,0.000666650794029,0.000499988095522,0.0149044070379,0.00164281802814,0.00995214399657,0.0235232494464,0.000428561224733,0.0,0.000857122449465,0.0,0.0,0.0,0.0118568605509,0.000119044784648,0.00059522392324,0.0,0.0180709983096,4.76179138592e-05,0.00138091950192,0.0235946763172,0.00485702721364,0.000738077664818,0.01419013833,0.00061903288017,0.000190471655437,0.0,2.38089569296e-05,0.0029761196162,0.00057141496631,0.000142853741578,0.000285707483155,0.000333325397014,0.0,0.0230470703078,0.00126187471727,0.0,0.000499988095522,0.000214280612366,4.76179138592e-05,0.00649984524178,0.0111664008,0.0,0.00133330158806,2.38089569296e-05,0.0110473560153,0.000190471655437,0.00847598866694,0.00057141496631
Gen 42
string_,string_rot,integer_swap,exec_sho,integer_gte,boolean_shove,boolean_and,string_pop,exec_eq,string_yankd,string_parse_to_chars,integer_lt,string_stackdepth,exec_do*whi,char_r,char_p,boolean_sw,integer_sho,boolean_invert_second_then_a,print_integ,char_iswhitespace,string_removechar,exec_emp,string_first,string_conc,string_yank,string_concat,string_setchar,exec_yankd,string_length,string_replacefirstch,char_d,integer_eq,exec_do*tim,string_emptystri,string_reverse,exec_yankdup,string_repla,exec_,char_ya,integer_mu,string_replacech,boolean_yankd,char_isletter,integer_add,string_empty,char_isdigit,print_integer,exec_shove,integer_fromstri,string_conjchar,boolean_or,boolean_empty,exec_wh,string_fromchar,integer_yankd,exec_do*while,integer_rot,string_rest,boolean_flu,integer_stackdep,char_iswhitespa,char_allfromstring,boolean_,char_allfromstri,exec_stackdepth,exec_do*range,char_shove,char_stackdep,string_removech,exec_stackdep,boolean_sho,string_indexofch,string_stackdep,string_leng,print_ch,integer_mult,boolean_xor,boolean_yankdup,integer_min,string_emp,integer_fromch,exec_yank,char_stackdepth,char_sw,integer_fromboole,string_replace,integer_div,string_replacefirst,boolean_frominteger,string_butla,char_isdig,integer_flush,integer_,string_yankdup,char_flu,print_exec,integer_yank,boolean_frominteg,string_emptystring,char_yankd,boolean_ya,string_swap,print_ex,exec_d,integer_max,char_swap,string_contains,char_empty,exec_dup,exec_k,string_frominteg,exec_noop,exec_p,exec_r,exec_s,string_sho,integer_flu,exec_y,boolean_rot,boolean_a,integer_ya,exec_ya,boolean_invert_first_then_a,string_spl,string_occurrencesofch,integer_yankdup,string_replacechar,char_sho,string_fromboolean,print_stri,exec_string_itera,print_newli,string_ta,string_replacefirstchar,string_substring,boolean_stackdepth,string_shove,string_containschar,exec_do*ran,char_yankdup,char_yank,integer_sw,exec_do*times,string_fromch,integer_shove,exec_if,exec_whi,integer_g,char_frominteger,char_frominteg,boolean_dup,string_eq,boolean_not,char_eq,boolean_flush,boolean_pop,string_butlast,exec_swap,string_replacefir,boolean_swap,exec_sw,string_n,print_string,exec_flush,print_newline,integer_a,string_d,string_dup,string_frominteger,string_contai,integer_mod,exec_do*count,string_fir,string_r,integer_fromchar,string_p,integer_inc,boolean_invert_first_then_and,integer_fromstring,exec_rot,integer_m,boolean_d,char_rot,exec_do*cou,string_take,exec_string_iterate,string_split,integer_pop,boolean_n,string_re,boolean_p,boolean_r,exec_pop,string_sw,boolean_x,boolean_emp,string_la,char_emp,boolean_stackdep,string_parse_to_cha,print_char,integer_dup,boolean_invert_second_then_and,integer_sub,string_setch,exec_no,boolean_yank,char_islett,string_ya,string_flu,integer_stackdepth,integer_emp,integer_dec,print_boole,integer_gt,exec,string_indexofchar,in1,char_dup,char_flush,char_pop,integer_lte,string_conjch,exec_flu,string_containsch,boolean_eq,string_flush,print_boolean,integer_d,string_rever,char_,exec_empty,string_last,integer_l,exec_when,integer_i,string_substri,string_nth,string_occurrencesofchar,integer_r,integer_s,integer_p,exec_while,integer_fromboolean,integer_empty,string_fromboole
9.30210925327e-05,0.0229296993093,0.000186042185065,0.000418594916397,0.0189065370573,0.00109299783726,0.000976721471594,0.0180460919513,0.00044185018953,0.000116276365666,0.0230924862213,0.00206971930885,0.00346503569684,0.0,2.32552731332e-05,0.000348829096998,0.0,2.32552731332e-05,0.000651147647729,0.0,0.000720913467129,0.000209297458199,0.000302318550731,0.00044185018953,2.32552731332e-05,0.000813934559661,0.00116276365666,0.0131857398665,0.0,0.0228831887631,2.32552731332e-05,4.65105462664e-05,0.00202320876259,0.000116276365666,2.32552731332e-05,0.0229762098556,0.00234878258645,0.000558126555196,0.0,4.65105462664e-05,0.0,0.0,4.65105462664e-05,0.000162786911932,0.00290690914165,0.000232552731332,0.0141159507918,0.00044185018953,0.0131624845934,0.000162786911932,0.00190693239692,0.0122787842143,0.00253482477152,0.0,0.000767424013395,0.000139531638799,0.00113950838353,0.00783702704588,0.0112788074696,4.65105462664e-05,0.000162786911932,0.0,0.00488360735797,0.00044185018953,6.97658193995e-05,0.000279063277598,0.000860445105928,0.000348829096998,0.0,0.0,0.0,4.65105462664e-05,0.0,0.0,0.000813934559661,0.00111625311039,0.000162786911932,0.00044185018953,0.000418594916397,0.000720913467129,0.0,0.000139531638799,0.000139531638799,0.000558126555196,0.0,0.0,0.0187670054185,0.00102323201786,0.014139206065,0.00051161600893,2.32552731332e-05,0.000488360735797,0.000744168740262,0.000325573823865,0.0180693472245,0.000139531638799,0.000139531638799,0.0103485965443,0.0,0.000348829096998,0.0,0.0,0.0141857166112,0.0,0.0,0.00104648729099,0.000953466198461,0.000232552731332,0.00860445105928,0.00109299783726,0.00267435641032,0.0,0.000465105462664,0.0,0.000255808004465,0.00051161600893,0.0,0.0,4.65105462664e-05,0.00309295132671,0.0,0.000372084370131,2.32552731332e-05,0.0,2.32552731332e-05,2.32552731332e-05,0.00113950838353,0.00109299783726,2.32552731332e-05,0.0227901676705,0.000186042185065,0.0,0.0,9.30210925327e-05,0.000279063277598,0.00176740075812,0.01781353922,0.00230227204019,0.00127904002233,0.0,0.000790679286528,0.000558126555196,0.0,0.00579056301016,0.0,0.000697658193995,0.00848817469361,0.00369758842818,0.000279063277598,0.000348829096998,0.0,0.000999976744727,0.00460454408037,0.0137438664217,0.000162786911932,0.00711611357875,0.000813934559661,0.000674402920862,9.30210925327e-05,4.65105462664e-05,0.000930210925327,0.0,6.97658193995e-05,0.0137438664217,9.30210925327e-05,2.32552731332e-05,0.0,0.0,0.00044185018953,0.000279063277598,0.0,0.0149298853515,0.00888351433688,0.0,0.000395339643264,0.0115346154741,0.000372084370131,0.0230692309481,0.000627892374596,0.00997651217414,0.0186507290528,0.000534871282063,2.32552731332e-05,0.000372084370131,0.000232552731332,0.00432548080277,0.000255808004465,0.000116276365666,6.97658193995e-05,0.000558126555196,0.000883700379061,0.0,0.0,0.000372084370131,0.000279063277598,0.0,0.000139531638799,0.0,4.65105462664e-05,0.000604637101463,0.000372084370131,0.0151391828097,0.00176740075812,0.0111857863771,0.0229994651287,0.000139531638799,0.0,0.00118601892979,0.0,0.0,0.0,0.0123020394875,6.97658193995e-05,0.000651147647729,0.0,0.0183251552289,4.65105462664e-05,0.000930210925327,0.0229994651287,0.00513941536243,0.00058138182833,0.0141857166112,0.000534871282063,4.65105462664e-05,0.0,2.32552731332e-05,0.00248831422525,0.000627892374596,9.30210925327e-05,0.000395339643264,0.00044185018953,0.0,0.0227669123974,0.00190693239692,0.0,0.000395339643264,0.000372084370131,0.0,0.00720913467129,0.0113718285621,4.65105462664e-05,0.00160461384619,0.0,0.0117439129323,0.000209297458199,0.0096741936234,0.00058138182833
Gen 43
string_,string_rot,integer_swap,exec_sho,integer_gte,boolean_shove,boolean_and,string_pop,exec_eq,string_yankd,string_parse_to_chars,integer_lt,string_stackdepth,exec_do*whi,char_r,char_p,boolean_sw,integer_sho,boolean_invert_second_then_a,print_integ,char_iswhitespace,string_removechar,exec_emp,string_first,string_conc,string_yank,string_concat,string_setchar,exec_yankd,string_length,string_replacefirstch,char_d,integer_eq,exec_do*tim,string_emptystri,string_reverse,exec_yankdup,string_repla,exec_,char_ya,integer_mu,string_replacech,boolean_yankd,char_isletter,integer_add,string_empty,char_isdigit,print_integer,exec_shove,integer_fromstri,string_conjchar,boolean_or,boolean_empty,exec_wh,string_fromchar,integer_yankd,exec_do*while,integer_rot,string_rest,boolean_flu,integer_stackdep,char_iswhitespa,char_allfromstring,boolean_,char_allfromstri,exec_stackdepth,exec_do*range,char_shove,char_stackdep,string_removech,exec_stackdep,boolean_sho,string_indexofch,string_stackdep,string_leng,print_ch,integer_mult,boolean_xor,boolean_yankdup,integer_min,string_emp,integer_fromch,exec_yank,char_stackdepth,char_sw,integer_fromboole,string_replace,integer_div,string_replacefirst,boolean_frominteger,string_butla,char_isdig,integer_flush,integer_,string_yankdup,char_flu,print_exec,integer_yank,boolean_frominteg,string_emptystring,char_yankd,boolean_ya,string_swap,print_ex,exec_d,integer_max,char_swap,string_contains,char_empty,exec_dup,exec_k,string_frominteg,exec_noop,exec_p,exec_r,exec_s,string_sho,integer_flu,exec_y,boolean_rot,boolean_a,integer_ya,exec_ya,boolean_invert_first_then_a,string_spl,string_occurrencesofch,integer_yankdup,string_replacechar,char_sho,string_fromboolean,print_stri,exec_string_itera,print_newli,string_ta,string_replacefirstchar,string_substring,boolean_stackdepth,string_shove,string_containschar,exec_do*ran,char_yankdup,char_yank,integer_sw,exec_do*times,string_fromch,integer_shove,exec_if,exec_whi,integer_g,char_frominteger,char_frominteg,boolean_dup,string_eq,boolean_not,char_eq,boolean_flush,boolean_pop,string_butlast,exec_swap,string_replacefir,boolean_swap,exec_sw,string_n,print_string,exec_flush,print_newline,integer_a,string_d,string_dup,string_frominteger,string_contai,integer_mod,exec_do*count,string_fir,string_r,integer_fromchar,string_p,integer_inc,boolean_invert_first_then_and,integer_fromstring,exec_rot,integer_m,boolean_d,char_rot,exec_do*cou,string_take,exec_string_iterate,string_split,integer_pop,boolean_n,string_re,boolean_p,boolean_r,exec_pop,string_sw,boolean_x,boolean_emp,string_la,char_emp,boolean_stackdep,string_parse_to_cha,print_char,integer_dup,boolean_invert_second_then_and,integer_sub,string_setch,exec_no,boolean_yank,char_islett,string_ya,string_flu,integer_stackdepth,integer_emp,integer_dec,print_boole,integer_gt,exec,string_indexofchar,in1,char_dup,char_flush,char_pop,integer_lte,string_conjch,exec_flu,string_containsch,boolean_eq,string_flush,print_boolean,integer_d,string_rever,char_,exec_empty,string_last,integer_l,exec_when,integer_i,string_substri,string_nth,string_occurrencesofchar,integer_r,integer_s,integer_p,exec_while,integer_fromboolean,integer_empty,string_fromboole
6.81802686303e-05,0.0222267675735,0.000159087293471,0.000363628099361,0.018499579555,0.00120451807913,0.000863616735983,0.017635962819,0.000727256198723,0.000136360537261,0.0223176745983,0.00209086157133,0.00309083884457,0.0,0.0,0.000318174586941,4.54535124202e-05,0.0,0.000499988636622,0.0,0.000863616735983,0.000636349173882,0.000295447830731,0.000659075930092,0.0,0.000772709711143,0.0011363378105,0.0128633440149,0.0,0.0222040408173,0.0,4.54535124202e-05,0.00184086725302,2.27267562101e-05,2.27267562101e-05,0.0220904070362,0.00204540805891,0.000749982954933,0.0,4.54535124202e-05,0.0,0.0,0.0,0.000227267562101,0.00259085020795,0.000522715392832,0.0137269607509,0.000318174586941,0.0134769664326,6.81802686303e-05,0.00138633212882,0.0114770118861,0.0029317515511,0.0,0.00127269834776,4.54535124202e-05,0.000749982954933,0.00722710847481,0.0109088429808,6.81802686303e-05,2.27267562101e-05,4.54535124202e-05,0.00499988636622,0.000431808367992,6.81802686303e-05,0.000204540805891,0.00106815754187,0.000613622417672,0.0,0.0,2.27267562101e-05,0.0,0.0,2.27267562101e-05,0.000931797004614,0.00118179132292,0.000295447830731,0.000431808367992,0.000499988636622,0.00118179132292,0.0,0.000159087293471,0.000227267562101,0.000409081611782,2.27267562101e-05,0.0,0.0181132246994,0.00131815186018,0.0151814731483,0.000613622417672,2.27267562101e-05,0.000477261880412,0.000431808367992,0.000409081611782,0.0160450898843,0.00011363378105,0.000204540805891,0.00904524897161,0.0,0.000340901343151,2.27267562101e-05,0.0,0.0136587804823,0.0,0.0,0.0013408786164,0.00111361105429,0.000227267562101,0.00911342924024,0.00136360537261,0.00263630372037,0.0,0.000727256198723,2.27267562101e-05,0.000181814049681,0.000249994318311,0.0,0.0,2.27267562101e-05,0.00299993181973,0.0,0.000295447830731,0.0,2.27267562101e-05,2.27267562101e-05,2.27267562101e-05,0.00129542510397,0.00129542510397,0.0,0.0217949592055,0.000136360537261,0.0,0.0,2.27267562101e-05,0.000204540805891,0.00136360537261,0.0169996136451,0.0022499488648,0.00138633212882,0.0,0.000636349173882,0.00104543078566,0.0,0.00474989204791,0.0,0.000681802686303,0.00845435331015,0.00327265289425,0.000295447830731,0.000386354855571,0.0,0.00122724483534,0.0051817004159,0.0134769664326,9.09070248403e-05,0.00734074225586,0.000931797004614,0.000568168905252,0.000136360537261,0.000136360537261,0.00147723915366,2.27267562101e-05,0.000136360537261,0.0123179018659,6.81802686303e-05,0.0,0.0,2.27267562101e-05,0.00115906456671,0.000613622417672,0.0,0.014386036681,0.00895434194677,2.27267562101e-05,0.000318174586941,0.0111588372992,0.000272721074521,0.0225903956728,0.000818163223563,0.00893161519056,0.018385945774,0.000590895661462,0.000181814049681,0.000568168905252,0.000249994318311,0.00445444421718,0.000272721074521,0.000159087293471,0.000295447830731,0.000613622417672,0.000886343492193,0.0,2.27267562101e-05,0.000818163223563,0.000363628099361,0.0,0.000363628099361,0.0,2.27267562101e-05,0.000590895661462,0.000318174586941,0.0134542396764,0.00184086725302,0.0114997386423,0.0222040408173,0.000136360537261,0.0,0.00104543078566,2.27267562101e-05,2.27267562101e-05,0.0,0.0111361105429,2.27267562101e-05,0.000681802686303,0.0,0.0174541487693,4.54535124202e-05,0.00131815186018,0.0222267675735,0.00584077634599,0.000704529442513,0.0136815072385,0.000477261880412,4.54535124202e-05,0.0,2.27267562101e-05,0.00206813481512,0.000454535124202,9.09070248403e-05,0.000318174586941,0.000340901343151,0.0,0.0218858662303,0.00174996022818,0.0,0.000363628099361,0.000295447830731,0.0,0.00677257335061,0.0119997272789,2.27267562101e-05,0.00211358832754,2.27267562101e-05,0.0117270062044,0.000136360537261,0.00849980682257,0.000795436467353
Gen 44
string_,string_rot,integer_swap,exec_sho,integer_gte,boolean_shove,boolean_and,string_pop,exec_eq,string_yankd,string_parse_to_chars,integer_lt,string_stackdepth,exec_do*whi,char_r,char_p,boolean_sw,integer_sho,boolean_invert_second_then_a,print_integ,char_iswhitespace,string_removechar,exec_emp,string_first,string_conc,string_yank,string_concat,string_setchar,exec_yankd,string_length,string_replacefirstch,char_d,integer_eq,exec_do*tim,string_emptystri,string_reverse,exec_yankdup,string_repla,exec_,char_ya,integer_mu,string_replacech,boolean_yankd,char_isletter,integer_add,string_empty,char_isdigit,print_integer,exec_shove,integer_fromstri,string_conjchar,boolean_or,boolean_empty,exec_wh,string_fromchar,integer_yankd,exec_do*while,integer_rot,string_rest,boolean_flu,integer_stackdep,char_iswhitespa,char_allfromstring,boolean_,char_allfromstri,exec_stackdepth,exec_do*range,char_shove,char_stackdep,string_removech,exec_stackdep,boolean_sho,string_indexofch,string_stackdep,string_leng,print_ch,integer_mult,boolean_xor,boolean_yankdup,integer_min,string_emp,integer_fromch,exec_yank,char_stackdepth,char_sw,integer_fromboole,string_replace,integer_div,string_replacefirst,boolean_frominteger,string_butla,char_isdig,integer_flush,integer_,string_yankdup,char_flu,print_exec,integer_yank,boolean_frominteg,string_emptystring,char_yankd,boolean_ya,string_swap,print_ex,exec_d,integer_max,char_swap,string_contains,char_empty,exec_dup,exec_k,string_frominteg,exec_noop,exec_p,exec_r,exec_s,string_sho,integer_flu,exec_y,boolean_rot,boolean_a,integer_ya,exec_ya,boolean_invert_first_then_a,string_spl,string_occurrencesofch,integer_yankdup,string_replacechar,char_sho,string_fromboolean,print_stri,exec_string_itera,print_newli,string_ta,string_replacefirstchar,string_substring,boolean_stackdepth,string_shove,string_containschar,exec_do*ran,char_yankdup,char_yank,integer_sw,exec_do*times,string_fromch,integer_shove,exec_if,exec_whi,integer_g,char_frominteger,char_frominteg,boolean_dup,string_eq,boolean_not,char_eq,boolean_flush,boolean_pop,string_butlast,exec_swap,string_replacefir,boolean_swap,exec_sw,string_n,print_string,exec_flush,print_newline,integer_a,string_d,string_dup,string_frominteger,string_contai,integer_mod,exec_do*count,string_fir,string_r,integer_fromchar,string_p,integer_inc,boolean_invert_first_then_and,integer_fromstring,exec_rot,integer_m,boolean_d,char_rot,exec_do*cou,string_take,exec_string_iterate,string_split,integer_pop,boolean_n,string_re,boolean_p,boolean_r,exec_pop,string_sw,boolean_x,boolean_emp,string_la,char_emp,boolean_stackdep,string_parse_to_cha,print_char,integer_dup,boolean_invert_second_then_and,integer_sub,string_setch,exec_no,boolean_yank,char_islett,string_ya,string_flu,integer_stackdepth,integer_emp,integer_dec,print_boole,integer_gt,exec,string_indexofchar,in1,char_dup,char_flush,char_pop,integer_lte,string_conjch,exec_flu,string_containsch,boolean_eq,string_flush,print_boolean,integer_d,string_rever,char_,exec_empty,string_last,integer_l,exec_when,integer_i,string_substri,string_nth,string_occurrencesofchar,integer_r,integer_s,integer_p,exec_while,integer_fromboolean,integer_empty,string_fromboole
6.66651852181e-05,0.0218217372947,0.00011110864203,0.000377769382903,0.0178662696385,0.0011110864203,0.000888869136241,0.0170885091442,0.000266660740872,0.000155552098842,0.0218884024799,0.00177773827248,0.00388880247106,2.2221728406e-05,0.0,0.000244439012466,6.66651852181e-05,0.0,0.000488878024933,0.0,0.000688873580587,0.00126663851914,0.000333325926091,0.000511099753339,2.2221728406e-05,0.000666651852181,0.000799982222617,0.0123108375369,2.2221728406e-05,0.0216439634675,0.0,8.88869136241e-05,0.00175551654408,6.66651852181e-05,2.2221728406e-05,0.0216884069243,0.00186662518611,0.000288882469278,0.0,0.0,0.0,0.0,0.0,0.000133330370436,0.00313326370525,0.00011110864203,0.0136441412413,0.000422212839715,0.0129997111175,0.000155552098842,0.0011110864203,0.0114664118575,0.0021999511122,0.0,0.00159996444523,6.66651852181e-05,0.000777760494211,0.00719984000356,0.0111330859314,2.2221728406e-05,0.000177773827248,0.0,0.0047776716073,0.000155552098842,4.44434568121e-05,0.000155552098842,0.000933312593053,0.000333325926091,0.0,0.0,0.0,0.0,0.0,2.2221728406e-05,0.000977756049866,0.00113330814871,0.000155552098842,0.000333325926091,0.000511099753339,0.00179996000089,0.0,0.00011110864203,8.88869136241e-05,0.000444434568121,0.0,0.0,0.0176662740828,0.00128886024755,0.0142219061799,0.000422212839715,4.44434568121e-05,0.000599986666963,0.000577764938557,0.000266660740872,0.0165996311193,8.88869136241e-05,0.000133330370436,0.00915535210329,0.0,0.000399991111309,0.0,0.0,0.0133774805004,2.2221728406e-05,0.0,0.00175551654408,0.00126663851914,0.000133330370436,0.00973311704184,0.00119997333393,0.00262216395191,0.0,0.000577764938557,2.2221728406e-05,0.000355547654497,0.000355547654497,0.0,0.0,0.000133330370436,0.00346658963134,0.0,0.000177773827248,2.2221728406e-05,0.0,0.0,4.44434568121e-05,0.000644430123775,0.0014888558032,2.2221728406e-05,0.0212439723562,0.000199995555654,0.0,0.0,0.0,0.000355547654497,0.00095553432146,0.0169551787738,0.00242216839626,0.00104442123508,2.2221728406e-05,0.00106664296349,0.000488878024933,0.0,0.00466656296527,2.2221728406e-05,0.00119997333393,0.00791093531255,0.00373325037221,0.00022221728406,0.000377769382903,0.0,0.000688873580587,0.00517766271861,0.0135774760561,6.66651852181e-05,0.00817759605342,0.000933312593053,0.000599986666963,4.44434568121e-05,0.000155552098842,0.00122219506233,0.0,6.66651852181e-05,0.0127997155619,0.00011110864203,8.88869136241e-05,0.0,0.0,0.000488878024933,0.000355547654497,0.0,0.0140441323526,0.00946645630097,2.2221728406e-05,0.000288882469278,0.0113775249439,0.000444434568121,0.0221772849492,0.000999977778272,0.00924423901691,0.0174885002555,0.000688873580587,8.88869136241e-05,0.000377769382903,0.000311104197684,0.0044221239528,0.000155552098842,0.000133330370436,0.000799982222617,0.000444434568121,0.00117775160552,0.0,0.0,0.000399991111309,0.000333325926091,2.2221728406e-05,0.000155552098842,0.0,0.0,0.000666651852181,0.000199995555654,0.0141774627231,0.00119997333393,0.0116886291416,0.0217772938379,8.88869136241e-05,2.2221728406e-05,0.000911090864647,2.2221728406e-05,2.2221728406e-05,0.0,0.0111775293882,6.66651852181e-05,0.000688873580587,0.0,0.0169774005022,0.0,0.00139996888958,0.0217550721095,0.00513321926179,0.000822203951023,0.0131552632164,0.000422212839715,2.2221728406e-05,0.0,4.44434568121e-05,0.00133330370436,0.000355547654497,6.66651852181e-05,0.00022221728406,0.000199995555654,0.0,0.0215772982823,0.00242216839626,2.2221728406e-05,0.000377769382903,0.000266660740872,0.0,0.00711095308993,0.0111553076598,4.44434568121e-05,0.00188884691451,2.2221728406e-05,0.010888646919,0.000155552098842,0.00879980444879,0.00113330814871
Gen 45
string_,string_rot,integer_swap,exec_sho,integer_gte,boolean_shove,boolean_and,string_pop,exec_eq,string_yankd,string_parse_to_chars,integer_lt,string_stackdepth,exec_do*whi,char_r,char_p,boolean_sw,integer_sho,boolean_invert_second_then_a,print_integ,char_iswhitespace,string_removechar,exec_emp,string_first,string_conc,string_yank,string_concat,string_setchar,exec_yankd,string_length,string_replacefirstch,char_d,integer_eq,exec_do*tim,string_emptystri,string_reverse,exec_yankdup,string_repla,exec_,char_ya,integer_mu,string_replacech,boolean_yankd,char_isletter,integer_add,string_empty,char_isdigit,print_integer,exec_shove,integer_fromstri,string_conjchar,boolean_or,boolean_empty,exec_wh,string_fromchar,integer_yankd,exec_do*while,integer_rot,string_rest,boolean_flu,integer_stackdep,char_iswhitespa,char_allfromstring,boolean_,char_allfromstri,exec_stackdepth,exec_do*range,char_shove,char_stackdep,string_removech,exec_stackdep,boolean_sho,string_indexofch,string_stackdep,string_leng,print_ch,integer_mult,boolean_xor,boolean_yankdup,integer_min,string_emp,integer_fromch,exec_yank,char_stackdepth,char_sw,integer_fromboole,string_replace,integer_div,string_replacefirst,boolean_frominteger,string_butla,char_isdig,integer_flush,integer_,string_yankdup,char_flu,print_exec,integer_yank,boolean_frominteg,string_emptystring,char_yankd,boolean_ya,string_swap,print_ex,exec_d,integer_max,char_swap,string_contains,char_empty,exec_dup,exec_k,string_frominteg,exec_noop,exec_p,exec_r,exec_s,string_sho,integer_flu,exec_y,boolean_rot,boolean_a,integer_ya,exec_ya,boolean_invert_first_then_a,string_spl,string_occurrencesofch,integer_yankdup,string_replacechar,char_sho,string_fromboolean,print_stri,exec_string_itera,print_newli,string_ta,string_replacefirstchar,string_substring,boolean_stackdepth,string_shove,string_containschar,exec_do*ran,char_yankdup,char_yank,integer_sw,exec_do*times,string_fromch,integer_shove,exec_if,exec_whi,integer_g,char_frominteger,char_frominteg,boolean_dup,string_eq,boolean_not,char_eq,boolean_flush,boolean_pop,string_butlast,exec_swap,string_replacefir,boolean_swap,exec_sw,string_n,print_string,exec_flush,print_newline,integer_a,string_d,string_dup,string_frominteger,string_contai,integer_mod,exec_do*count,string_fir,string_r,integer_fromchar,string_p,integer_inc,boolean_invert_first_then_and,integer_fromstring,exec_rot,integer_m,boolean_d,char_rot,exec_do*cou,string_take,exec_string_iterate,string_split,integer_pop,boolean_n,string_re,boolean_p,boolean_r,exec_pop,string_sw,boolean_x,boolean_emp,string_la,char_emp,boolean_stackdep,string_parse_to_cha,print_char,integer_dup,boolean_invert_second_then_and,integer_sub,string_setch,exec_no,boolean_yank,char_islett,string_ya,string_flu,integer_stackdepth,integer_emp,integer_dec,print_boole,integer_gt,exec,string_indexofchar,in1,char_dup,char_flush,char_pop,integer_lte,string_conjch,exec_flu,string_containsch,boolean_eq,string_flush,print_boolean,integer_d,string_rever,char_,exec_empty,string_last,integer_l,exec_when,integer_i,string_substri,string_nth,string_occurrencesofchar,integer_r,integer_s,integer_p,exec_while,integer_fromboolean,integer_empty,string_fromboole
4.34773157105e-05,0.0214125779874,0.000130431947132,0.000652159735658,0.018173517967,0.00147822873416,0.000891284972066,0.0172170170214,0.000391295841395,0.000152170604987,0.0214343166453,0.00204343383839,0.00458685680746,0.0,0.0,6.52159735658e-05,2.17386578553e-05,0.0,0.000326079867829,0.0,0.000565205104237,0.00191300189126,0.000239125236408,0.000695637051368,0.0,0.000586943762092,0.000999978261342,0.0123258190039,0.0,0.0211082367775,0.0,0.000130431947132,0.00213038846982,4.34773157105e-05,2.17386578553e-05,0.0213038846982,0.00208691115411,0.000239125236408,0.0,2.17386578553e-05,2.17386578553e-05,0.0,0.0,0.000173909262842,0.00373904915111,0.000108693289276,0.0138475250538,0.000347818525684,0.0133040586074,0.000152170604987,0.00106519423491,0.0118475685311,0.00241299102193,0.0,0.00195647920697,4.34773157105e-05,0.000804330340645,0.00821721266929,0.011564965979,6.52159735658e-05,0.000173909262842,2.17386578553e-05,0.00530423251668,0.000499989130671,6.52159735658e-05,0.000152170604987,0.000804330340645,0.000195647920697,0.0,0.0,0.0,0.0,0.0,4.34773157105e-05,0.000673898393513,0.00119562618204,6.52159735658e-05,0.00041303449925,0.000369557183539,0.00173909262842,0.0,0.000239125236408,0.000282602552118,0.000347818525684,2.17386578553e-05,0.0,0.0179343927306,0.0014564900763,0.0145214234473,0.000586943762092,6.52159735658e-05,0.000478250472816,0.000543466446382,0.000499989130671,0.0170648464164,0.000108693289276,0.000152170604987,0.00858676985283,2.17386578553e-05,0.00041303449925,0.0,0.0,0.0136953544488,0.0,0.0,0.00156518336558,0.000978239603487,0.000304341209974,0.00910849764136,0.00104345557705,0.00243472967979,0.0,0.000369557183539,2.17386578553e-05,0.000173909262842,0.000217386578553,0.0,0.0,0.000195647920697,0.00397817438751,4.34773157105e-05,0.000239125236408,0.0,2.17386578553e-05,0.0,0.0,0.000934762287776,0.00113041020847,0.0,0.0209343275146,0.000260863894263,0.0,0.0,0.0,0.000478250472816,0.00115214886633,0.0169996304428,0.00293471881046,0.000913023629921,0.0,0.000978239603487,0.000521727788526,0.0,0.00380426512467,4.34773157105e-05,0.000847807656355,0.00804330340645,0.00399991304537,0.000347818525684,0.000717375709224,0.0,0.000869546314211,0.00565205104237,0.013673615791,0.000195647920697,0.00921719093063,0.00136953544488,0.000869546314211,8.69546314211e-05,0.000173909262842,0.00126084215561,0.0,8.69546314211e-05,0.0130866720289,0.000130431947132,6.52159735658e-05,0.0,0.0,0.000934762287776,0.000608682419947,2.17386578553e-05,0.0143040368688,0.00995630529771,0.0,0.000260863894263,0.0119780004783,0.000608682419947,0.0217169191974,0.000695637051368,0.0105215104019,0.0179126540727,0.000652159735658,6.52159735658e-05,0.000891284972066,0.000326079867829,0.00465207278103,0.000543466446382,0.000173909262842,0.00178256994413,0.000478250472816,0.000695637051368,0.0,0.0,0.000521727788526,0.000173909262842,0.0,0.000217386578553,0.0,0.000108693289276,0.00108693289276,0.000217386578553,0.0145431621052,0.0014564900763,0.0124562509511,0.0212169300667,6.52159735658e-05,2.17386578553e-05,0.000934762287776,0.0,0.0,0.0,0.0113910567162,6.52159735658e-05,0.000869546314211,2.17386578553e-05,0.0177822221256,2.17386578553e-05,0.00189126323341,0.0211951914089,0.00499989130671,0.000630421077803,0.0134779678703,0.000543466446382,2.17386578553e-05,0.0,0.0,0.00149996739201,0.000499989130671,0.000326079867829,0.000304341209974,0.000108693289276,0.0,0.0210430208039,0.00263037760049,0.0,0.000499989130671,0.000152170604987,0.0,0.00710854111867,0.0105432490598,0.0,0.00169561531271,0.0,0.0108693289276,0.000217386578553,0.00976065737701,0.000804330340645
Gen 46
string_,string_rot,integer_swap,exec_sho,integer_gte,boolean_shove,boolean_and,string_pop,exec_eq,string_yankd,string_parse_to_chars,integer_lt,string_stackdepth,exec_do*whi,char_r,char_p,boolean_sw,integer_sho,boolean_invert_second_then_a,print_integ,char_iswhitespace,string_removechar,exec_emp,string_first,string_conc,string_yank,string_concat,string_setchar,exec_yankd,string_length,string_replacefirstch,char_d,integer_eq,exec_do*tim,string_emptystri,string_reverse,exec_yankdup,string_repla,exec_,char_ya,integer_mu,string_replacech,boolean_yankd,char_isletter,integer_add,string_empty,char_isdigit,print_integer,exec_shove,integer_fromstri,string_conjchar,boolean_or,boolean_empty,exec_wh,string_fromchar,integer_yankd,exec_do*while,integer_rot,string_rest,boolean_flu,integer_stackdep,char_iswhitespa,char_allfromstring,boolean_,char_allfromstri,exec_stackdepth,exec_do*range,char_shove,char_stackdep,string_removech,exec_stackdep,boolean_sho,string_indexofch,string_stackdep,string_leng,print_ch,integer_mult,boolean_xor,boolean_yankdup,integer_min,string_emp,integer_fromch,exec_yank,char_stackdepth,char_sw,integer_fromboole,string_replace,integer_div,string_replacefirst,boolean_frominteger,string_butla,char_isdig,integer_flush,integer_,string_yankdup,char_flu,print_exec,integer_yank,boolean_frominteg,string_emptystring,char_yankd,boolean_ya,string_swap,print_ex,exec_d,integer_max,char_swap,string_contains,char_empty,exec_dup,exec_k,string_frominteg,exec_noop,exec_p,exec_r,exec_s,string_sho,integer_flu,exec_y,boolean_rot,boolean_a,integer_ya,exec_ya,boolean_invert_first_then_a,string_spl,string_occurrencesofch,integer_yankdup,string_replacechar,char_sho,string_fromboolean,print_stri,exec_string_itera,print_newli,string_ta,string_replacefirstchar,string_substring,boolean_stackdepth,string_shove,string_containschar,exec_do*ran,char_yankdup,char_yank,integer_sw,exec_do*times,string_fromch,integer_shove,exec_if,exec_whi,integer_g,char_frominteger,char_frominteg,boolean_dup,string_eq,boolean_not,char_eq,boolean_flush,boolean_pop,string_butlast,exec_swap,string_replacefir,boolean_swap,exec_sw,string_n,print_string,exec_flush,print_newline,integer_a,string_d,string_dup,string_frominteger,string_contai,integer_mod,exec_do*count,string_fir,string_r,integer_fromchar,string_p,integer_inc,boolean_invert_first_then_and,integer_fromstring,exec_rot,integer_m,boolean_d,char_rot,exec_do*cou,string_take,exec_string_iterate,string_split,integer_pop,boolean_n,string_re,boolean_p,boolean_r,exec_pop,string_sw,boolean_x,boolean_emp,string_la,char_emp,boolean_stackdep,string_parse_to_cha,print_char,integer_dup,boolean_invert_second_then_and,integer_sub,string_setch,exec_no,boolean_yank,char_islett,string_ya,string_flu,integer_stackdepth,integer_emp,integer_dec,print_boole,integer_gt,exec,string_indexofchar,in1,char_dup,char_flush,char_pop,integer_lte,string_conjch,exec_flu,string_containsch,boolean_eq,string_flush,print_boolean,integer_d,string_rever,char_,exec_empty,string_last,integer_l,exec_when,integer_i,string_substri,string_nth,string_occurrencesofchar,integer_r,integer_s,integer_p,exec_while,integer_fromboolean,integer_empty,string_fromboole
0.0,0.0211272100594,0.000255313716729,0.000829769579371,0.0176379225974,0.00161698687262,0.000680836577945,0.0170209144486,0.000382970575094,0.000127656858365,0.0210421054871,0.00202123359077,0.00442543775664,4.25522861216e-05,2.12761430608e-05,0.000148933001426,0.0,0.0,0.000255313716729,0.0,0.000574455862641,0.00182974830323,0.000382970575094,0.000659560434884,2.12761430608e-05,0.000340418288973,0.00138294929895,0.0120848492585,2.12761430608e-05,0.0208506201996,0.0,0.0,0.00197868130465,0.000106380715304,2.12761430608e-05,0.0207442394843,0.0022765473075,0.000425522861216,0.0,0.0,0.0,2.12761430608e-05,0.0,0.000340418288973,0.00465947533031,0.000148933001426,0.0132550371269,0.000297866002851,0.0128933426948,0.000191485287547,0.00114891172528,0.011552945682,0.00261696559648,0.0,0.00176591987405,6.38284291824e-05,0.000765941150188,0.0086806663688,0.0110635943916,2.12761430608e-05,0.000212761430608,2.12761430608e-05,0.00623390991681,0.000510627433459,8.51045722431e-05,0.000468075147337,0.000723388864067,0.000297866002851,0.0,0.0,0.0,0.0,0.0,2.12761430608e-05,0.00053190357652,0.00106380715304,4.25522861216e-05,0.000510627433459,0.00027658985979,0.0021701665922,0.0,8.51045722431e-05,0.000106380715304,0.000617008148763,0.0,2.12761430608e-05,0.0173187804515,0.0011914640114,0.0140635305632,0.00053190357652,4.25522861216e-05,0.00053190357652,0.000468075147337,0.00055317971958,0.0161273164401,0.000106380715304,4.25522861216e-05,0.00861683793962,0.0,0.000425522861216,0.0,0.0,0.0129997234101,0.0,0.0,0.00172336758792,0.000999978723857,0.000404246718155,0.00925512223144,0.000914874151614,0.00270207016872,0.0,0.00055317971958,2.12761430608e-05,0.000255313716729,0.000361694432033,2.12761430608e-05,0.0,2.12761430608e-05,0.00463819918725,0.0,0.000170209144486,0.0,2.12761430608e-05,0.0,2.12761430608e-05,0.00102125486692,0.00112763558222,0.0,0.0207442394843,0.000170209144486,0.0,0.0,0.0,0.000234037573669,0.00127656858365,0.0166379438735,0.00312759302994,0.00117018786834,0.0,0.0010850832961,0.000723388864067,4.25522861216e-05,0.00410629561073,6.38284291824e-05,0.00102125486692,0.00740409778515,0.00395736260931,0.000382970575094,0.000872321865492,0.0,0.000765941150188,0.00499989361928,0.0130422756963,0.000212761430608,0.00848918108125,0.00102125486692,0.00121274015446,0.000340418288973,8.51045722431e-05,0.0011914640114,0.0,0.000106380715304,0.0128933426948,2.12761430608e-05,4.25522861216e-05,2.12761430608e-05,0.0,0.000914874151614,0.000404246718155,2.12761430608e-05,0.0139358737048,0.00942533137593,0.0,8.51045722431e-05,0.0115103933959,0.000595732005702,0.0212123146316,0.000829769579371,0.00959554052041,0.0172123997362,0.00053190357652,2.12761430608e-05,0.000787217293249,0.000297866002851,0.00517010276377,0.000595732005702,0.000212761430608,0.00106380715304,0.000510627433459,0.000659560434884,2.12761430608e-05,2.12761430608e-05,0.000595732005702,0.000319142145912,2.12761430608e-05,0.000170209144486,4.25522861216e-05,4.25522861216e-05,0.00080849343631,0.000319142145912,0.0141486351354,0.00153188230038,0.0124890959767,0.0210208293441,0.000106380715304,0.0,0.00112763558222,0.0,0.0,0.0,0.0107018999596,0.000127656858365,0.00138294929895,0.0,0.0172336758792,2.12761430608e-05,0.00180847216017,0.020999553201,0.00414884789685,0.000702112721006,0.0131912086977,0.000468075147337,0.0,2.12761430608e-05,0.0,0.00182974830323,0.000404246718155,0.00053190357652,0.000212761430608,0.000234037573669,0.0,0.0206165826259,0.00253186102423,0.0,0.000446799004277,0.000191485287547,0.0,0.00682964192251,0.0109572136763,0.0,0.00151060615732,0.0,0.0105316908151,8.51045722431e-05,0.00940405523287,0.000468075147337
Gen 47
string_,string_rot,integer_swap,exec_sho,integer_gte,boolean_shove,boolean_and,string_pop,exec_eq,string_yankd,string_parse_to_chars,integer_lt,string_stackdepth,exec_do*whi,char_r,char_p,boolean_sw,integer_sho,boolean_invert_second_then_a,print_integ,char_iswhitespace,string_removechar,exec_emp,string_first,string_conc,string_yank,string_concat,string_setchar,exec_yankd,string_length,string_replacefirstch,char_d,integer_eq,exec_do*tim,string_emptystri,string_reverse,exec_yankdup,string_repla,exec_,char_ya,integer_mu,string_replacech,boolean_yankd,char_isletter,integer_add,string_empty,char_isdigit,print_integer,exec_shove,integer_fromstri,string_conjchar,boolean_or,boolean_empty,exec_wh,string_fromchar,integer_yankd,exec_do*while,integer_rot,string_rest,boolean_flu,integer_stackdep,char_iswhitespa,char_allfromstring,boolean_,char_allfromstri,exec_stackdepth,exec_do*range,char_shove,char_stackdep,string_removech,exec_stackdep,boolean_sho,string_indexofch,string_stackdep,string_leng,print_ch,integer_mult,boolean_xor,boolean_yankdup,integer_min,string_emp,integer_fromch,exec_yank,char_stackdepth,char_sw,integer_fromboole,string_replace,integer_div,string_replacefirst,boolean_frominteger,string_butla,char_isdig,integer_flush,integer_,string_yankdup,char_flu,print_exec,integer_yank,boolean_frominteg,string_emptystring,char_yankd,boolean_ya,string_swap,print_ex,exec_d,integer_max,char_swap,string_contains,char_empty,exec_dup,exec_k,string_frominteg,exec_noop,exec_p,exec_r,exec_s,string_sho,integer_flu,exec_y,boolean_rot,boolean_a,integer_ya,exec_ya,boolean_invert_first_then_a,string_spl,string_occurrencesofch,integer_yankdup,string_replacechar,char_sho,string_fromboolean,print_stri,exec_string_itera,print_newli,string_ta,string_replacefirstchar,string_substring,boolean_stackdepth,string_shove,string_containschar,exec_do*ran,char_yankdup,char_yank,integer_sw,exec_do*times,string_fromch,integer_shove,exec_if,exec_whi,integer_g,char_frominteger,char_frominteg,boolean_dup,string_eq,boolean_not,char_eq,boolean_flush,boolean_pop,string_butlast,exec_swap,string_replacefir,boolean_swap,exec_sw,string_n,print_string,exec_flush,print_newline,integer_a,string_d,string_dup,string_frominteger,string_contai,integer_mod,exec_do*count,string_fir,string_r,integer_fromchar,string_p,integer_inc,boolean_invert_first_then_and,integer_fromstring,exec_rot,integer_m,boolean_d,char_rot,exec_do*cou,string_take,exec_string_iterate,string_split,integer_pop,boolean_n,string_re,boolean_p,boolean_r,exec_pop,string_sw,boolean_x,boolean_emp,string_la,char_emp,boolean_stackdep,string_parse_to_cha,print_char,integer_dup,boolean_invert_second_then_and,integer_sub,string_setch,exec_no,boolean_yank,char_islett,string_ya,string_flu,integer_stackdepth,integer_emp,integer_dec,print_boole,integer_gt,exec,string_indexofchar,in1,char_dup,char_flush,char_pop,integer_lte,string_conjch,exec_flu,string_containsch,boolean_eq,string_flush,print_boolean,integer_d,string_rever,char_,exec_empty,string_last,integer_l,exec_when,integer_i,string_substri,string_nth,string_occurrencesofchar,integer_r,integer_s,integer_p,exec_while,integer_fromboolean,integer_empty,string_fromboole
6.24986979438e-05,0.0204995729256,0.000229161892461,0.000874981771213,0.0166454865524,0.00168746484448,0.00077081727464,0.0159996666736,0.000354159288348,4.16657986292e-05,0.0205620716235,0.00164579904585,0.00412491406429,0.0,0.0,0.000166663194517,0.0,0.0,0.000520822482865,0.0,0.000604154080123,0.00262494531364,0.000458323784921,0.000729151476011,2.08328993146e-05,0.000458323784921,0.00152080164997,0.0126247369846,0.0,0.0202704110331,0.0,0.0,0.00193745963626,2.08328993146e-05,0.0,0.0202912439324,0.00204162413283,0.000333326389034,8.33315972584e-05,2.08328993146e-05,2.08328993146e-05,0.0,2.08328993146e-05,0.000249994791775,0.00539572092248,0.000104164496573,0.0123747421929,0.000354159288348,0.012187246099,8.33315972584e-05,0.00118747526093,0.0104164496573,0.00239578342118,0.0,0.00141663715339,0.000104164496573,0.000979146267786,0.00764567404846,0.0110414366367,6.24986979438e-05,0.000124997395888,2.08328993146e-05,0.00649986458615,0.000645819878753,2.08328993146e-05,0.000395825086977,0.000874981771213,0.000249994791775,2.08328993146e-05,0.0,0.0,0.0,0.0,0.000124997395888,0.000604154080123,0.00102081206642,0.000145830295202,0.000562488281494,0.000229161892461,0.00193745963626,0.0,0.000124997395888,0.000145830295202,0.000374992187663,0.0,0.0,0.0165413220558,0.00106247786504,0.0141663715339,0.000416657986292,0.0,0.00054165538218,0.000458323784921,0.000354159288348,0.0160621653716,0.000208328993146,6.24986979438e-05,0.00752067665257,0.0,0.000479156684236,2.08328993146e-05,2.08328993146e-05,0.0122705776963,0.0,0.0,0.00168746484448,0.000791650173955,0.000437490885607,0.00864565321556,0.000958313368471,0.00191662673694,0.0,0.000666652778067,0.0,0.000124997395888,0.000374992187663,0.0,0.0,6.24986979438e-05,0.00577071311014,2.08328993146e-05,0.00027082769109,0.0,2.08328993146e-05,0.0,2.08328993146e-05,0.000999979167101,0.00118747526093,0.0,0.0201454136372,0.000187496093831,0.0,0.0,0.0,0.000333326389034,0.000749984375326,0.0161454969688,0.00379158767526,0.00122914105956,0.0,0.00118747526093,0.000645819878753,2.08328993146e-05,0.00402074956772,8.33315972584e-05,0.000958313368471,0.00706235286765,0.00372908897731,0.000291660590404,0.00168746484448,2.08328993146e-05,0.000708318576696,0.00516655903002,0.0128747317764,0.00054165538218,0.00831232682652,0.00112497656299,0.000937480469157,0.000208328993146,0.000124997395888,0.000833315972584,0.0,4.16657986292e-05,0.0124372408908,0.000104164496573,8.33315972584e-05,2.08328993146e-05,0.0,0.000749984375326,0.00054165538218,0.0,0.0133330555613,0.00877065061145,2.08328993146e-05,0.000395825086977,0.0109372721402,0.000583321180809,0.020728734818,0.00102081206642,0.00868731901419,0.0160204995729,0.000291660590404,0.0,0.000562488281494,0.000229161892461,0.00606237370055,0.000854148871899,0.000145830295202,0.00112497656299,0.000458323784921,0.000729151476011,2.08328993146e-05,4.16657986292e-05,0.000854148871899,0.000374992187663,2.08328993146e-05,4.16657986292e-05,2.08328993146e-05,0.000124997395888,0.000729151476011,0.00027082769109,0.0132080581655,0.00162496614654,0.0119164184079,0.0202912439324,0.000229161892461,2.08328993146e-05,0.000854148871899,0.0,0.0,0.0,0.0104164496573,6.24986979438e-05,0.000895814670528,0.0,0.0161454969688,0.000104164496573,0.00124997395888,0.0204995729256,0.0041457469636,0.000791650173955,0.0123330763942,0.000812483073269,6.24986979438e-05,0.0,2.08328993146e-05,0.00179162934106,0.000333326389034,0.00049998958355,0.000145830295202,0.000249994791775,0.0,0.0202704110331,0.00297910460199,0.0,0.000312493489719,0.000187496093831,2.08328993146e-05,0.00733318055874,0.0121247474011,6.24986979438e-05,0.00149996875065,0.0,0.00977062977855,0.00027082769109,0.00868731901419,0.000479156684236
Gen 48
string_,string_rot,integer_swap,exec_sho,integer_gte,boolean_shove,boolean_and,string_pop,exec_eq,string_yankd,string_parse_to_chars,integer_lt,string_stackdepth,exec_do*whi,char_r,char_p,boolean_sw,integer_sho,boolean_invert_second_then_a,print_integ,char_iswhitespace,string_removechar,exec_emp,string_first,string_conc,string_yank,string_concat,string_setchar,exec_yankd,string_length,string_replacefirstch,char_d,integer_eq,exec_do*tim,string_emptystri,string_reverse,exec_yankdup,string_repla,exec_,char_ya,integer_mu,string_replacech,boolean_yankd,char_isletter,integer_add,string_empty,char_isdigit,print_integer,exec_shove,integer_fromstri,string_conjchar,boolean_or,boolean_empty,exec_wh,string_fromchar,integer_yankd,exec_do*while,integer_rot,string_rest,boolean_flu,integer_stackdep,char_iswhitespa,char_allfromstring,boolean_,char_allfromstri,exec_stackdepth,exec_do*range,char_shove,char_stackdep,string_removech,exec_stackdep,boolean_sho,string_indexofch,string_stackdep,string_leng,print_ch,integer_mult,boolean_xor,boolean_yankdup,integer_min,string_emp,integer_fromch,exec_yank,char_stackdepth,char_sw,integer_fromboole,string_replace,integer_div,string_replacefirst,boolean_frominteger,string_butla,char_isdig,integer_flush,integer_,string_yankdup,char_flu,print_exec,integer_yank,boolean_frominteg,string_emptystring,char_yankd,boolean_ya,string_swap,print_ex,exec_d,integer_max,char_swap,string_contains,char_empty,exec_dup,exec_k,string_frominteg,exec_noop,exec_p,exec_r,exec_s,string_sho,integer_flu,exec_y,boolean_rot,boolean_a,integer_ya,exec_ya,boolean_invert_first_then_a,string_spl,string_occurrencesofch,integer_yankdup,string_replacechar,char_sho,string_fromboolean,print_stri,exec_string_itera,print_newli,string_ta,string_replacefirstchar,string_substring,boolean_stackdepth,string_shove,string_containschar,exec_do*ran,char_yankdup,char_yank,integer_sw,exec_do*times,string_fromch,integer_shove,exec_if,exec_whi,integer_g,char_frominteger,char_frominteg,boolean_dup,string_eq,boolean_not,char_eq,boolean_flush,boolean_pop,string_butlast,exec_swap,string_replacefir,boolean_swap,exec_sw,string_n,print_string,exec_flush,print_newline,integer_a,string_d,string_dup,string_frominteger,string_contai,integer_mod,exec_do*count,string_fir,string_r,integer_fromchar,string_p,integer_inc,boolean_invert_first_then_and,integer_fromstring,exec_rot,integer_m,boolean_d,char_rot,exec_do*cou,string_take,exec_string_iterate,string_split,integer_pop,boolean_n,string_re,boolean_p,boolean_r,exec_pop,string_sw,boolean_x,boolean_emp,string_la,char_emp,boolean_stackdep,string_parse_to_cha,print_char,integer_dup,boolean_invert_second_then_and,integer_sub,string_setch,exec_no,boolean_yank,char_islett,string_ya,string_flu,integer_stackdepth,integer_emp,integer_dec,print_boole,integer_gt,exec,string_indexofchar,in1,char_dup,char_flush,char_pop,integer_lte,string_conjch,exec_flu,string_containsch,boolean_eq,string_flush,print_boolean,integer_d,string_rever,char_,exec_empty,string_last,integer_l,exec_when,integer_i,string_substri,string_nth,string_occurrencesofchar,integer_r,integer_s,integer_p,exec_while,integer_fromboolean,integer_empty,string_fromboole
0.0,0.0199383686047,0.000408154935614,0.000857125364788,0.0162649741842,0.00161221199567,0.000530601416298,0.0160608967164,0.000326523948491,6.1223240342e-05,0.0199587763515,0.00181628946348,0.00461215077243,0.0,2.04077467807e-05,0.000102038733903,2.04077467807e-05,0.0,0.000836717618008,2.04077467807e-05,0.000755086630885,0.00261219158793,0.000448970429175,0.000755086630885,2.04077467807e-05,0.000530601416298,0.0016938429828,0.0127548417379,2.04077467807e-05,0.019815922124,0.0,6.1223240342e-05,0.00171425072958,0.000102038733903,2.04077467807e-05,0.0196934756434,0.00257137609437,0.000183669721026,0.0,0.0,0.0,0.0,2.04077467807e-05,0.000265300708149,0.00526519866941,0.000265300708149,0.012469133283,0.000285708454929,0.0123466868023,6.1223240342e-05,0.00151017326177,0.0109997755148,0.00275504581539,0.0,0.00161221199567,4.08154935614e-05,0.000632640150201,0.00828554519296,0.0113058917165,6.1223240342e-05,0.000102038733903,2.04077467807e-05,0.0066529254505,0.00059182465664,0.000204077467807,0.000571416909859,0.00108161057938,0.000285708454929,0.0,0.0,0.0,0.0,0.0,6.1223240342e-05,0.00059182465664,0.000693863390543,0.000163261974245,0.000428562682394,0.000367339442052,0.00155098875533,0.0,0.000142854227465,0.000326523948491,0.000510193669517,0.0,0.0,0.0159588579825,0.0010612028326,0.0144690924675,0.000367339442052,0.0,0.000448970429175,0.000469378175956,0.000285708454929,0.015448664313,0.000183669721026,6.1223240342e-05,0.00746923532173,0.0,0.000755086630885,0.0,0.0,0.0119385318667,0.0,0.0,0.00128568804718,0.000714271137324,0.000204077467807,0.00775494377666,0.000857125364788,0.00197955143773,0.0,0.000673455643762,0.0,0.000163261974245,0.000489785922736,0.0,2.04077467807e-05,6.1223240342e-05,0.00595906205996,0.0,0.000163261974245,0.0,0.0,0.0,6.1223240342e-05,0.00120405706006,0.00104079508581,0.0,0.0196118446562,0.000346931695272,0.0,0.0,0.0,0.000489785922736,0.000938756351911,0.0156935572743,0.00322442399135,0.00104079508581,0.0,0.00130609579396,0.000918348605131,0.0,0.00404073386257,4.08154935614e-05,0.00110201832616,0.0070814881329,0.00387747188833,0.000224485214587,0.00204077467807,0.0,0.000999979592253,0.00587743107284,0.0132650354074,0.000632640150201,0.00871410787535,0.000795902124446,0.00124487255362,6.1223240342e-05,0.000183669721026,0.00124487255362,2.04077467807e-05,8.16309871227e-05,0.0123262790555,2.04077467807e-05,0.000102038733903,4.08154935614e-05,0.0,0.000857125364788,0.000346931695272,2.04077467807e-05,0.0137344135834,0.0084488071672,0.0,0.000122446480684,0.0103467276178,0.000408154935614,0.0202444848064,0.000836717618008,0.00881614660925,0.0155302953001,0.000408154935614,0.0,0.000775494377666,0.000326523948491,0.00632640150201,0.000795902124446,0.000387747188833,0.00128568804718,0.000428562682394,0.000653047896982,0.0,4.08154935614e-05,0.000836717618008,0.000265300708149,0.0,6.1223240342e-05,0.0,6.1223240342e-05,0.000999979592253,0.000346931695272,0.0132038121671,0.00216322115875,0.012285463562,0.0197955143773,0.000163261974245,2.04077467807e-05,0.000510193669517,0.0,2.04077467807e-05,0.0,0.0113671149568,2.04077467807e-05,0.00136731903431,0.0,0.0158976347421,8.16309871227e-05,0.00165302748923,0.0198771453644,0.00418358809004,0.000979571845473,0.0121630170813,0.000795902124446,6.1223240342e-05,0.0,2.04077467807e-05,0.0024285218669,0.000244892961368,0.000469378175956,0.000224485214587,0.000224485214587,0.0,0.0195098059223,0.00334687047203,0.0,0.000163261974245,0.000142854227465,0.0,0.00761208954919,0.0123262790555,2.04077467807e-05,0.00177547396992,0.0,0.00957123324014,0.000326523948491,0.00922430154487,0.000367339442052
Gen 49
string_,string_rot,integer_swap,exec_sho,integer_gte,boolean_shove,boolean_and,string_pop,exec_eq,string_yankd,string_parse_to_chars,integer_lt,string_stackdepth,exec_do*whi,char_r,char_p,boolean_sw,integer_sho,boolean_invert_second_then_a,print_integ,char_iswhitespace,string_removechar,exec_emp,string_first,string_conc,string_yank,string_concat,string_setchar,exec_yankd,string_length,string_replacefirstch,char_d,integer_eq,exec_do*tim,string_emptystri,string_reverse,exec_yankdup,string_repla,exec_,char_ya,integer_mu,string_replacech,boolean_yankd,char_isletter,integer_add,string_empty,char_isdigit,print_integer,exec_shove,integer_fromstri,string_conjchar,boolean_or,boolean_empty,exec_wh,string_fromchar,integer_yankd,exec_do*while,integer_rot,string_rest,boolean_flu,integer_stackdep,char_iswhitespa,char_allfromstring,boolean_,char_allfromstri,exec_stackdepth,exec_do*range,char_shove,char_stackdep,string_removech,exec_stackdep,boolean_sho,string_indexofch,string_stackdep,string_leng,print_ch,integer_mult,boolean_xor,boolean_yankdup,integer_min,string_emp,integer_fromch,exec_yank,char_stackdepth,char_sw,integer_fromboole,string_replace,integer_div,string_replacefirst,boolean_frominteger,string_butla,char_isdig,integer_flush,integer_,string_yankdup,char_flu,print_exec,integer_yank,boolean_frominteg,string_emptystring,char_yankd,boolean_ya,string_swap,print_ex,exec_d,integer_max,char_swap,string_contains,char_empty,exec_dup,exec_k,string_frominteg,exec_noop,exec_p,exec_r,exec_s,string_sho,integer_flu,exec_y,boolean_rot,boolean_a,integer_ya,exec_ya,boolean_invert_first_then_a,string_spl,string_occurrencesofch,integer_yankdup,string_replacechar,char_sho,string_fromboolean,print_stri,exec_string_itera,print_newli,string_ta,string_replacefirstchar,string_substring,boolean_stackdepth,string_shove,string_containschar,exec_do*ran,char_yankdup,char_yank,integer_sw,exec_do*times,string_fromch,integer_shove,exec_if,exec_whi,integer_g,char_frominteger,char_frominteg,boolean_dup,string_eq,boolean_not,char_eq,boolean_flush,boolean_pop,string_butlast,exec_swap,string_replacefir,boolean_swap,exec_sw,string_n,print_string,exec_flush,print_newline,integer_a,string_d,string_dup,string_frominteger,string_contai,integer_mod,exec_do*count,string_fir,string_r,integer_fromchar,string_p,integer_inc,boolean_invert_first_then_and,integer_fromstring,exec_rot,integer_m,boolean_d,char_rot,exec_do*cou,string_take,exec_string_iterate,string_split,integer_pop,boolean_n,string_re,boolean_p,boolean_r,exec_pop,string_sw,boolean_x,boolean_emp,string_la,char_emp,boolean_stackdep,string_parse_to_cha,print_char,integer_dup,boolean_invert_second_then_and,integer_sub,string_setch,exec_no,boolean_yank,char_islett,string_ya,string_flu,integer_stackdepth,integer_emp,integer_dec,print_boole,integer_gt,exec,string_indexofchar,in1,char_dup,char_flush,char_pop,integer_lte,string_conjch,exec_flu,string_containsch,boolean_eq,string_flush,print_boolean,integer_d,string_rever,char_,exec_empty,string_last,integer_l,exec_when,integer_i,string_substri,string_nth,string_occurrencesofchar,integer_r,integer_s,integer_p,exec_while,integer_fromboolean,integer_empty,string_fromboole
0.0,0.0196596068079,0.000439991200176,0.000719985600288,0.0159196816064,0.00189996200076,0.000639987200256,0.0159596808064,0.000379992400152,7.9998400032e-05,0.0196396072079,0.0012399752005,0.00471990560189,1.9999600008e-05,0.0,0.000119997600048,0.0,0.0,0.000619987600248,0.0,0.000539989200216,0.0029999400012,0.000419991600168,0.000859982800344,3.9999200016e-05,0.000539989200216,0.00167996640067,0.0127597448051,1.9999600008e-05,0.0194996100078,1.9999600008e-05,5.9998800024e-05,0.00183996320074,0.0,0.0,0.0195396092078,0.00235995280094,0.00029999400012,0.0,0.0,0.0,0.0,1.9999600008e-05,9.999800004e-05,0.00531989360213,0.00019999600008,0.0122397552049,0.000459990800184,0.0120197596048,0.000179996400072,0.00129997400052,0.010039799204,0.00247995040099,1.9999600008e-05,0.00115997680046,0.0,0.000919981600368,0.00871982560349,0.0104597908042,5.9998800024e-05,0.000279994400112,1.9999600008e-05,0.00651986960261,0.00039999200016,0.000159996800064,0.000539989200216,0.000759984800304,0.000179996400072,1.9999600008e-05,1.9999600008e-05,0.0,0.0,1.9999600008e-05,3.9999200016e-05,0.000559988800224,0.000759984800304,0.000319993600128,0.00069998600028,0.00029999400012,0.00129997400052,0.0,0.000139997200056,0.000319993600128,0.00039999200016,0.0,0.0,0.0157796844063,0.00157996840063,0.0148597028059,0.0004999900002,5.9998800024e-05,0.000239995200096,0.000659986800264,0.000359992800144,0.0157396852063,0.000239995200096,1.9999600008e-05,0.00709985800284,0.0,0.00059998800024,3.9999200016e-05,0.0,0.0111397772045,0.0,0.0,0.000679986400272,0.0004999900002,0.000379992400152,0.00741985160297,0.000839983200336,0.00143997120058,0.0,0.000679986400272,3.9999200016e-05,0.000259994800104,0.000359992800144,0.0,0.0,9.999800004e-05,0.00619987600248,0.0,0.000119997600048,0.0,0.0,0.0,0.0,0.000859982800344,0.000839983200336,0.0,0.0193396132077,0.000239995200096,0.0,0.0,0.0,0.00029999400012,0.00069998600028,0.0153596928061,0.0032399352013,0.00119997600048,0.0,0.00179996400072,0.000779984400312,0.0,0.00351992960141,5.9998800024e-05,0.000559988800224,0.00613987720246,0.00411991760165,0.000239995200096,0.00209995800084,0.0,0.000879982400352,0.00581988360233,0.0130397392052,0.000459990800184,0.00871982560349,0.000859982800344,0.0009999800004,0.000139997200056,0.000159996800064,0.00117997640047,0.0,7.9998400032e-05,0.0117797644047,0.0,9.999800004e-05,0.0,1.9999600008e-05,0.000259994800104,0.000239995200096,0.0,0.0136197276054,0.00877982440351,1.9999600008e-05,0.000419991600168,0.00987980240395,0.000519989600208,0.0198596028079,0.000579988400232,0.00839983200336,0.0152996940061,0.000279994400112,1.9999600008e-05,0.000779984400312,0.000239995200096,0.0064998700026,0.000879982400352,0.000419991600168,0.00141997160057,0.000219995600088,0.00059998800024,0.0,0.0,0.000659986800264,0.000379992400152,0.0,1.9999600008e-05,1.9999600008e-05,0.0,0.000859982800344,0.000179996400072,0.0118997620048,0.00151996960061,0.0118797624048,0.0195396092078,0.00019999600008,1.9999600008e-05,0.00059998800024,0.0,0.0,0.0,0.0101397972041,5.9998800024e-05,0.00119997600048,0.0,0.0155996880062,5.9998800024e-05,0.00177996440071,0.0195396092078,0.00339993200136,0.00079998400032,0.012619747605,0.00135997280054,0.0,0.0,0.0,0.00185996280074,0.000139997200056,0.000379992400152,9.999800004e-05,0.000319993600128,1.9999600008e-05,0.0194196116078,0.00369992600148,0.0,0.000179996400072,0.000139997200056,0.0,0.00769984600308,0.0123597528049,0.0,0.00179996400072,0.0,0.00915981680366,0.000279994400112,0.00879982400352,0.00059998800024
Gen 50
string_,string_rot,integer_swap,exec_sho,integer_gte,boolean_shove,boolean_and,string_pop,exec_eq,string_yankd,string_parse_to_chars,integer_lt,string_stackdepth,exec_do*whi,char_r,char_p,boolean_sw,integer_sho,boolean_invert_second_then_a,print_integ,char_iswhitespace,string_removechar,exec_emp,string_first,string_conc,string_yank,string_concat,string_setchar,exec_yankd,string_length,string_replacefirstch,char_d,integer_eq,exec_do*tim,string_emptystri,string_reverse,exec_yankdup,string_repla,exec_,char_ya,integer_mu,string_replacech,boolean_yankd,char_isletter,integer_add,string_empty,char_isdigit,print_integer,exec_shove,integer_fromstri,string_conjchar,boolean_or,boolean_empty,exec_wh,string_fromchar,integer_yankd,exec_do*while,integer_rot,string_rest,boolean_flu,integer_stackdep,char_iswhitespa,char_allfromstring,boolean_,char_allfromstri,exec_stackdepth,exec_do*range,char_shove,char_stackdep,string_removech,exec_stackdep,boolean_sho,string_indexofch,string_stackdep,string_leng,print_ch,integer_mult,boolean_xor,boolean_yankdup,integer_min,string_emp,integer_fromch,exec_yank,char_stackdepth,char_sw,integer_fromboole,string_replace,integer_div,string_replacefirst,boolean_frominteger,string_butla,char_isdig,integer_flush,integer_,string_yankdup,char_flu,print_exec,integer_yank,boolean_frominteg,string_emptystring,char_yankd,boolean_ya,string_swap,print_ex,exec_d,integer_max,char_swap,string_contains,char_empty,exec_dup,exec_k,string_frominteg,exec_noop,exec_p,exec_r,exec_s,string_sho,integer_flu,exec_y,boolean_rot,boolean_a,integer_ya,exec_ya,boolean_invert_first_then_a,string_spl,string_occurrencesofch,integer_yankdup,string_replacechar,char_sho,string_fromboolean,print_stri,exec_string_itera,print_newli,string_ta,string_replacefirstchar,string_substring,boolean_stackdepth,string_shove,string_containschar,exec_do*ran,char_yankdup,char_yank,integer_sw,exec_do*times,string_fromch,integer_shove,exec_if,exec_whi,integer_g,char_frominteger,char_frominteg,boolean_dup,string_eq,boolean_not,char_eq,boolean_flush,boolean_pop,string_butlast,exec_swap,string_replacefir,boolean_swap,exec_sw,string_n,print_string,exec_flush,print_newline,integer_a,string_d,string_dup,string_frominteger,string_contai,integer_mod,exec_do*count,string_fir,string_r,integer_fromchar,string_p,integer_inc,boolean_invert_first_then_and,integer_fromstring,exec_rot,integer_m,boolean_d,char_rot,exec_do*cou,string_take,exec_string_iterate,string_split,integer_pop,boolean_n,string_re,boolean_p,boolean_r,exec_pop,string_sw,boolean_x,boolean_emp,string_la,char_emp,boolean_stackdep,string_parse_to_cha,print_char,integer_dup,boolean_invert_second_then_and,integer_sub,string_setch,exec_no,boolean_yank,char_islett,string_ya,string_flu,integer_stackdepth,integer_emp,integer_dec,print_boole,integer_gt,exec,string_indexofchar,in1,char_dup,char_flush,char_pop,integer_lte,string_conjch,exec_flu,string_containsch,boolean_eq,string_flush,print_boolean,integer_d,string_rever,char_,exec_empty,string_last,integer_l,exec_when,integer_i,string_substri,string_nth,string_occurrencesofchar,integer_r,integer_s,integer_p,exec_while,integer_fromboolean,integer_empty,string_fromboole
0.0,0.0191760945864,0.000529401384287,0.000803905805769,0.0158820415286,0.00174506382228,0.0004313640909,0.0157251818592,0.000352934256191,5.88223760318e-05,0.0190584498343,0.00168624144625,0.00464696770652,1.96074586773e-05,0.0,0.000117644752064,0.0,0.0,0.000607831218996,0.0,0.000490186466932,0.00305876355366,0.000196074586773,0.000549008842964,3.92149173546e-05,0.000568616301641,0.00194113840905,0.012274269132,3.92149173546e-05,0.0189015901649,0.0,0.0,0.00196074586773,5.88223760318e-05,3.92149173546e-05,0.0191564871277,0.00252936216937,0.000176467128096,5.88223760318e-05,0.0,0.0,0.0,0.0,0.000333326797514,0.00462736024784,0.000274504421482,0.0127056332229,0.000352934256191,0.0118232975824,0.000137252210741,0.000901943099155,0.0101958785122,0.00256857708672,1.96074586773e-05,0.000941158016509,1.96074586773e-05,0.000999980392541,0.00864688927668,0.0101958785122,0.000137252210741,0.000117644752064,1.96074586773e-05,0.0062155644007,0.000352934256191,0.000137252210741,0.000509793925609,0.000529401384287,0.000156859669418,0.0,1.96074586773e-05,1.96074586773e-05,1.96074586773e-05,0.0,9.80372933864e-05,0.000490186466932,0.000882335640478,0.000137252210741,0.000686261053705,0.000235289504127,0.00123526989667,0.0,0.000137252210741,0.000333326797514,0.000529401384287,0.0,0.0,0.0156859669418,0.00139212956609,0.014764416384,0.000333326797514,5.88223760318e-05,0.000411756632223,0.0008627281818,0.000333326797514,0.015431069979,0.000254896962805,0.00021568204545,0.00847042214859,0.0,0.000352934256191,1.96074586773e-05,0.0,0.0112350738221,0.0,0.0,0.000509793925609,0.000882335640478,0.000392149173546,0.00743122683869,0.000882335640478,0.00156859669418,0.0,0.000392149173546,0.0,0.00021568204545,0.000568616301641,0.0,0.0,3.92149173546e-05,0.00656849865689,0.0,0.000117644752064,0.0,0.0,0.0,3.92149173546e-05,0.0010391953099,0.000745083429737,0.0,0.0187643379542,0.000137252210741,1.96074586773e-05,0.0,0.0,0.000156859669418,0.000686261053705,0.0150977431815,0.00252936216937,0.00135291464873,0.0,0.00182349365699,0.000764690888414,0.0,0.00409795886355,5.88223760318e-05,0.000921550557832,0.00568616301641,0.00380384698339,0.000274504421482,0.00250975471069,0.0,0.000999980392541,0.00554891080567,0.0130585674791,0.000411756632223,0.00878414148742,0.00064704613635,0.00107841022725,9.80372933864e-05,0.000156859669418,0.00111762514461,0.0,0.000176467128096,0.0116468304543,0.000137252210741,0.000137252210741,1.96074586773e-05,0.0,0.000137252210741,0.000196074586773,0.0,0.0135683614047,0.00856845944197,3.92149173546e-05,0.000392149173546,0.00952922491716,0.000313719338836,0.0194113840905,0.000470579008255,0.00831356247917,0.0149604909708,0.000274504421482,0.0,0.000784298347091,0.000196074586773,0.0069018254544,0.000921550557832,0.000235289504127,0.00123526989667,0.000549008842964,0.000509793925609,0.0,0.0,0.000470579008255,0.000294111880159,0.0,9.80372933864e-05,0.0,0.0,0.0008627281818,0.000313719338836,0.0126468108468,0.00174506382228,0.0119801572518,0.0191760945864,0.000274504421482,1.96074586773e-05,0.0010391953099,0.0,0.0,1.96074586773e-05,0.0108821395659,1.96074586773e-05,0.000941158016509,0.0,0.0154114625203,3.92149173546e-05,0.00221564283053,0.019078057293,0.00347052018588,0.000803905805769,0.0124899511774,0.00121566243799,0.0,0.0,1.96074586773e-05,0.00196074586773,0.000137252210741,0.000411756632223,0.000254896962805,0.000294111880159,0.0,0.0186859081194,0.00311758592969,0.0,0.000196074586773,0.000196074586773,0.0,0.00805866551636,0.0125291660948,3.92149173546e-05,0.00166663398757,0.0,0.00929393541303,0.000156859669418,0.00833316993784,0.000705868512382
Gen 51
string_,string_rot,integer_swap,exec_sho,integer_gte,boolean_shove,boolean_and,string_pop,exec_eq,string_yankd,string_parse_to_chars,integer_lt,string_stackdepth,exec_do*whi,char_r,char_p,boolean_sw,integer_sho,boolean_invert_second_then_a,print_integ,char_iswhitespace,string_removechar,exec_emp,string_first,string_conc,string_yank,string_concat,string_setchar,exec_yankd,string_length,string_replacefirstch,char_d,integer_eq,exec_do*tim,string_emptystri,string_reverse,exec_yankdup,string_repla,exec_,char_ya,integer_mu,string_replacech,boolean_yankd,char_isletter,integer_add,string_empty,char_isdigit,print_integer,exec_shove,integer_fromstri,string_conjchar,boolean_or,boolean_empty,exec_wh,string_fromchar,integer_yankd,exec_do*while,integer_rot,string_rest,boolean_flu,integer_stackdep,char_iswhitespa,char_allfromstring,boolean_,char_allfromstri,exec_stackdepth,exec_do*range,char_shove,char_stackdep,string_removech,exec_stackdep,boolean_sho,string_indexofch,string_stackdep,string_leng,print_ch,integer_mult,boolean_xor,boolean_yankdup,integer_min,string_emp,integer_fromch,exec_yank,char_stackdepth,char_sw,integer_fromboole,string_replace,integer_div,string_replacefirst,boolean_frominteger,string_butla,char_isdig,integer_flush,integer_,string_yankdup,char_flu,print_exec,integer_yank,boolean_frominteg,string_emptystring,char_yankd,boolean_ya,string_swap,print_ex,exec_d,integer_max,char_swap,string_contains,char_empty,exec_dup,exec_k,string_frominteg,exec_noop,exec_p,exec_r,exec_s,string_sho,integer_flu,exec_y,boolean_rot,boolean_a,integer_ya,exec_ya,boolean_invert_first_then_a,string_spl,string_occurrencesofch,integer_yankdup,string_replacechar,char_sho,string_fromboolean,print_stri,exec_string_itera,print_newli,string_ta,string_replacefirstchar,string_substring,boolean_stackdepth,string_shove,string_containschar,exec_do*ran,char_yankdup,char_yank,integer_sw,exec_do*times,string_fromch,integer_shove,exec_if,exec_whi,integer_g,char_frominteger,char_frominteg,boolean_dup,string_eq,boolean_not,char_eq,boolean_flush,boolean_pop,string_butlast,exec_swap,string_replacefir,boolean_swap,exec_sw,string_n,print_string,exec_flush,print_newline,integer_a,string_d,string_dup,string_frominteger,string_contai,integer_mod,exec_do*count,string_fir,string_r,integer_fromchar,string_p,integer_inc,boolean_invert_first_then_and,integer_fromstring,exec_rot,integer_m,boolean_d,char_rot,exec_do*cou,string_take,exec_string_iterate,string_split,integer_pop,boolean_n,string_re,boolean_p,boolean_r,exec_pop,string_sw,boolean_x,boolean_emp,string_la,char_emp,boolean_stackdep,string_parse_to_cha,print_char,integer_dup,boolean_invert_second_then_and,integer_sub,string_setch,exec_no,boolean_yank,char_islett,string_ya,string_flu,integer_stackdepth,integer_emp,integer_dec,print_boole,integer_gt,exec,string_indexofchar,in1,char_dup,char_flush,char_pop,integer_lte,string_conjch,exec_flu,string_containsch,boolean_eq,string_flush,print_boolean,integer_d,string_rever,char_,exec_empty,string_last,integer_l,exec_when,integer_i,string_substri,string_nth,string_occurrencesofchar,integer_r,integer_s,integer_p,exec_while,integer_fromboolean,integer_empty,string_fromboole
1.92303994154e-05,0.0187304090306,0.000634603180708,0.000903828772524,0.0146535643545,0.00153843195323,0.000423068787139,0.0149612507452,0.00046152958597,0.000153843195323,0.0186150266341,0.00121151516317,0.00463452625911,1.92303994154e-05,0.0,9.6151997077e-05,0.0,0.0,0.000403838387723,0.0,0.000557681583046,0.002499951924,0.00046152958597,0.000769215976616,3.84607988308e-05,0.000846137574277,0.00196150074037,0.0114613180516,3.84607988308e-05,0.018518874637,0.0,0.0,0.00188457914271,3.84607988308e-05,3.84607988308e-05,0.0187111786312,0.00240379992692,9.6151997077e-05,7.69215976616e-05,1.92303994154e-05,0.0,0.0,0.0,0.000480759985385,0.00446145266437,0.000288455991231,0.0122113036288,0.000269225591816,0.0115959308475,9.6151997077e-05,0.00111536316609,0.00953827811004,0.00261533432049,0.0,0.00121151516317,7.69215976616e-05,0.00107690236726,0.00773062056499,0.00965366050653,5.76911982462e-05,0.000153843195323,0.0,0.00573065902579,0.000307686390646,9.6151997077e-05,0.000673063979539,0.000692294378954,0.000269225591816,1.92303994154e-05,1.92303994154e-05,0.000134612795908,0.0,0.0,9.6151997077e-05,0.000519220784216,0.000730755177785,9.6151997077e-05,0.000788446376031,0.000230764792985,0.00161535355089,0.0,0.000192303994154,0.000519220784216,0.0004999903848,1.92303994154e-05,0.0,0.0148074075499,0.0017499663468,0.0144612603604,0.000346147189477,1.92303994154e-05,0.0002499951924,0.000615372781293,0.000288455991231,0.0147881771504,0.000192303994154,9.6151997077e-05,0.00807676775447,0.0,0.000384607988308,1.92303994154e-05,0.0,0.0109228668679,0.0,0.0,0.000653833580123,0.00101921116902,0.000230764792985,0.0076152381685,0.001249975962,0.00153843195323,0.0,0.000519220784216,3.84607988308e-05,0.000115382396492,0.000576911982462,0.0,0.0,7.69215976616e-05,0.0063652622065,0.0,0.000269225591816,0.0,0.0,0.0,5.76911982462e-05,0.00130766716025,0.000615372781293,0.0,0.0183073402435,0.0002499951924,0.0,0.0,1.92303994154e-05,0.000307686390646,0.000788446376031,0.014768946751,0.00188457914271,0.00148074075499,0.0,0.0014999711544,0.00113459356551,1.92303994154e-05,0.00394223188016,5.76911982462e-05,0.000826907174862,0.00490375185093,0.00326916790062,0.000230764792985,0.0022499567316,0.0,0.00107690236726,0.00478836945443,0.0128459068095,0.000557681583046,0.0083652237457,0.000538451183631,0.00123074556259,9.6151997077e-05,0.000153843195323,0.00136535835849,0.0,9.6151997077e-05,0.0104421068826,0.000192303994154,9.6151997077e-05,0.0,1.92303994154e-05,0.000173073594739,0.000269225591816,1.92303994154e-05,0.013288205996,0.00826907174862,0.0,0.000211534393569,0.00924982211881,0.000288455991231,0.0189419434242,0.000384607988308,0.00713447818311,0.0141535739697,0.000557681583046,1.92303994154e-05,0.000865367973693,0.000230764792985,0.00684602219188,0.00121151516317,0.000192303994154,0.000653833580123,0.000288455991231,0.0004999903848,0.0,0.0,0.000557681583046,0.000365377588893,0.0,0.000192303994154,0.0,0.0,0.000673063979539,0.000192303994154,0.0118074652411,0.00182688794446,0.0119228476375,0.0185957962347,0.000230764792985,3.84607988308e-05,0.00180765754505,0.0,0.0,0.0,0.00949981731121,9.6151997077e-05,0.000999980769601,0.0,0.0151343243399,7.69215976616e-05,0.00296148150997,0.0186342570335,0.0034999326936,0.000576911982462,0.0122497644276,0.00151920155382,1.92303994154e-05,0.0,0.0,0.00232687832926,0.000269225591816,0.000307686390646,0.0002499951924,0.000230764792985,1.92303994154e-05,0.0182688794446,0.00219226553336,1.92303994154e-05,0.000211534393569,0.0002499951924,0.0,0.00776908136382,0.0127689852118,1.92303994154e-05,0.00173073594739,0.0,0.00919213092056,0.000307686390646,0.0072498605796,0.000769215976616
Gen 52
string_,string_rot,integer_swap,exec_sho,integer_gte,boolean_shove,boolean_and,string_pop,exec_eq,string_yankd,string_parse_to_chars,integer_lt,string_stackdepth,exec_do*whi,char_r,char_p,boolean_sw,integer_sho,boolean_invert_second_then_a,print_integ,char_iswhitespace,string_removechar,exec_emp,string_first,string_conc,string_yank,string_concat,string_setchar,exec_yankd,string_length,string_replacefirstch,char_d,integer_eq,exec_do*tim,string_emptystri,string_reverse,exec_yankdup,string_repla,exec_,char_ya,integer_mu,string_replacech,boolean_yankd,char_isletter,integer_add,string_empty,char_isdigit,print_integer,exec_shove,integer_fromstri,string_conjchar,boolean_or,boolean_empty,exec_wh,string_fromchar,integer_yankd,exec_do*while,integer_rot,string_rest,boolean_flu,integer_stackdep,char_iswhitespa,char_allfromstring,boolean_,char_allfromstri,exec_stackdepth,exec_do*range,char_shove,char_stackdep,string_removech,exec_stackdep,boolean_sho,string_indexofch,string_stackdep,string_leng,print_ch,integer_mult,boolean_xor,boolean_yankdup,integer_min,string_emp,integer_fromch,exec_yank,char_stackdepth,char_sw,integer_fromboole,string_replace,integer_div,string_replacefirst,boolean_frominteger,string_butla,char_isdig,integer_flush,integer_,string_yankdup,char_flu,print_exec,integer_yank,boolean_frominteg,string_emptystring,char_yankd,boolean_ya,string_swap,print_ex,exec_d,integer_max,char_swap,string_contains,char_empty,exec_dup,exec_k,string_frominteg,exec_noop,exec_p,exec_r,exec_s,string_sho,integer_flu,exec_y,boolean_rot,boolean_a,integer_ya,exec_ya,boolean_invert_first_then_a,string_spl,string_occurrencesofch,integer_yankdup,string_replacechar,char_sho,string_fromboolean,print_stri,exec_string_itera,print_newli,string_ta,string_replacefirstchar,string_substring,boolean_stackdepth,string_shove,string_containschar,exec_do*ran,char_yankdup,char_yank,integer_sw,exec_do*times,string_fromch,integer_shove,exec_if,exec_whi,integer_g,char_frominteger,char_frominteg,boolean_dup,string_eq,boolean_not,char_eq,boolean_flush,boolean_pop,string_butlast,exec_swap,string_replacefir,boolean_swap,exec_sw,string_n,print_string,exec_flush,print_newline,integer_a,string_d,string_dup,string_frominteger,string_contai,integer_mod,exec_do*count,string_fir,string_r,integer_fromchar,string_p,integer_inc,boolean_invert_first_then_and,integer_fromstring,exec_rot,integer_m,boolean_d,char_rot,exec_do*cou,string_take,exec_string_iterate,string_split,integer_pop,boolean_n,string_re,boolean_p,boolean_r,exec_pop,string_sw,boolean_x,boolean_emp,string_la,char_emp,boolean_stackdep,string_parse_to_cha,print_char,integer_dup,boolean_invert_second_then_and,integer_sub,string_setch,exec_no,boolean_yank,char_islett,string_ya,string_flu,integer_stackdepth,integer_emp,integer_dec,print_boole,integer_gt,exec,string_indexofchar,in1,char_dup,char_flush,char_pop,integer_lte,string_conjch,exec_flu,string_containsch,boolean_eq,string_flush,print_boolean,integer_d,string_rever,char_,exec_empty,string_last,integer_l,exec_when,integer_i,string_substri,string_nth,string_occurrencesofchar,integer_r,integer_s,integer_p,exec_while,integer_fromboolean,integer_empty,string_fromboole
0.0,0.0184902171657,0.000905643289749,0.000811305447067,0.0144148223618,0.00199996226486,0.000471689213411,0.0145657629101,0.000415086507802,0.000132072979755,0.0181883360691,0.000792437878531,0.00449048131167,0.0,1.88675685364e-05,9.43378426822e-05,0.0,1.88675685364e-05,0.000566027056093,0.0,0.000339616233656,0.00294334069169,0.000547159487557,0.000471689213411,1.88675685364e-05,0.000962245995359,0.00130186222901,0.0114903492387,1.88675685364e-05,0.0180939982264,0.0,0.0,0.00196222712779,1.88675685364e-05,1.88675685364e-05,0.0184713495972,0.00215090281315,0.000150940548292,1.88675685364e-05,0.0,0.0,0.0,0.0,0.000471689213411,0.00460368672289,0.000132072979755,0.0121318465689,0.000188675685364,0.011641289787,3.77351370729e-05,0.000943378426822,0.00933944642554,0.0020188298334,0.0,0.000754702741458,1.88675685364e-05,0.00171694873682,0.00732061659214,0.009320578857,7.54702741458e-05,7.54702741458e-05,3.77351370729e-05,0.00503764079923,0.000452821644875,0.000169808116828,0.000339616233656,0.000660364898775,0.000169808116828,0.0,0.0,0.000132072979755,0.0,0.0,0.000113205411219,0.000641497330239,0.000716967604385,0.000150940548292,0.000886775721213,0.000339616233656,0.00124525952341,0.0,0.000113205411219,0.000358483802192,0.000660364898775,0.0,1.88675685364e-05,0.0144714250675,0.00184902171657,0.013999735854,0.000226410822437,5.66027056093e-05,0.00026414595951,0.00058489462463,0.000188675685364,0.0146601007528,0.000169808116828,3.77351370729e-05,0.00822625988189,0.0,0.000339616233656,7.54702741458e-05,0.0,0.0105092356748,0.0,0.0,0.000377351370729,0.000886775721213,0.000169808116828,0.00830173015603,0.00116978924926,0.00166034603121,0.0,0.000396218939265,0.0,0.000207543253901,0.000641497330239,1.88675685364e-05,0.0,7.54702741458e-05,0.00649044357654,0.0,0.000188675685364,1.88675685364e-05,0.0,0.0,1.88675685364e-05,0.00101884870097,0.00058489462463,0.0,0.017867587404,0.000113205411219,0.0,1.88675685364e-05,1.88675685364e-05,0.000301881096583,0.00101884870097,0.0144148223618,0.00171694873682,0.00150940548292,0.0,0.0016037433256,0.00126412709194,0.0,0.00390558668704,0.0,0.000603762193166,0.00475462727118,0.00316975151412,0.000169808116828,0.00260372445803,0.0,0.000754702741458,0.00501877323069,0.0126224033509,0.000415086507802,0.00822625988189,0.00058489462463,0.00122639195487,9.43378426822e-05,0.000169808116828,0.00128299466048,0.0,5.66027056093e-05,0.0107545140658,0.000113205411219,1.88675685364e-05,1.88675685364e-05,0.0,0.000169808116828,0.000226410822437,1.88675685364e-05,0.012943152016,0.00850927340994,1.88675685364e-05,0.000301881096583,0.00915077074017,0.00026414595951,0.0186977604196,0.00026414595951,0.00716967604385,0.0137921926001,0.000547159487557,0.0,0.000924510858286,0.000245278390974,0.00705647063263,0.00105658383804,0.000188675685364,0.000490556781948,0.000377351370729,0.000566027056093,0.0,1.88675685364e-05,0.000603762193166,0.000415086507802,3.77351370729e-05,0.00026414595951,1.88675685364e-05,1.88675685364e-05,0.000396218939265,0.000226410822437,0.0122073168431,0.0011886568178,0.0115846870814,0.0183015414803,0.000169808116828,1.88675685364e-05,0.00166034603121,1.88675685364e-05,0.0,0.0,0.00958472481651,3.77351370729e-05,0.000943378426822,0.0,0.0146601007528,7.54702741458e-05,0.00303767853437,0.0182072036377,0.0032640893568,0.000415086507802,0.0118299654723,0.00128299466048,0.0,0.0,0.0,0.00173581630535,0.000396218939265,0.000358483802192,0.000207543253901,0.000301881096583,0.0,0.0179241901096,0.00256598932096,0.0,0.000301881096583,0.000150940548292,0.0,0.00756589498311,0.0132639006811,0.0,0.00173581630535,0.0,0.00896209505481,0.000396218939265,0.00747155714043,0.000679232467312
Gen 53
string_,string_rot,integer_swap,exec_sho,integer_gte,boolean_shove,boolean_and,string_pop,exec_eq,string_yankd,string_parse_to_chars,integer_lt,string_stackdepth,exec_do*whi,char_r,char_p,boolean_sw,integer_sho,boolean_invert_second_then_a,print_integ,char_iswhitespace,string_removechar,exec_emp,string_first,string_conc,string_yank,string_concat,string_setchar,exec_yankd,string_length,string_replacefirstch,char_d,integer_eq,exec_do*tim,string_emptystri,string_reverse,exec_yankdup,string_repla,exec_,char_ya,integer_mu,string_replacech,boolean_yankd,char_isletter,integer_add,string_empty,char_isdigit,print_integer,exec_shove,integer_fromstri,string_conjchar,boolean_or,boolean_empty,exec_wh,string_fromchar,integer_yankd,exec_do*while,integer_rot,string_rest,boolean_flu,integer_stackdep,char_iswhitespa,char_allfromstring,boolean_,char_allfromstri,exec_stackdepth,exec_do*range,char_shove,char_stackdep,string_removech,exec_stackdep,boolean_sho,string_indexofch,string_stackdep,string_leng,print_ch,integer_mult,boolean_xor,boolean_yankdup,integer_min,string_emp,integer_fromch,exec_yank,char_stackdepth,char_sw,integer_fromboole,string_replace,integer_div,string_replacefirst,boolean_frominteger,string_butla,char_isdig,integer_flush,integer_,string_yankdup,char_flu,print_exec,integer_yank,boolean_frominteg,string_emptystring,char_yankd,boolean_ya,string_swap,print_ex,exec_d,integer_max,char_swap,string_contains,char_empty,exec_dup,exec_k,string_frominteg,exec_noop,exec_p,exec_r,exec_s,string_sho,integer_flu,exec_y,boolean_rot,boolean_a,integer_ya,exec_ya,boolean_invert_first_then_a,string_spl,string_occurrencesofch,integer_yankdup,string_replacechar,char_sho,string_fromboolean,print_stri,exec_string_itera,print_newli,string_ta,string_replacefirstchar,string_substring,boolean_stackdepth,string_shove,string_containschar,exec_do*ran,char_yankdup,char_yank,integer_sw,exec_do*times,string_fromch,integer_shove,exec_if,exec_whi,integer_g,char_frominteger,char_frominteg,boolean_dup,string_eq,boolean_not,char_eq,boolean_flush,boolean_pop,string_butlast,exec_swap,string_replacefir,boolean_swap,exec_sw,string_n,print_string,exec_flush,print_newline,integer_a,string_d,string_dup,string_frominteger,string_contai,integer_mod,exec_do*count,string_fir,string_r,integer_fromchar,string_p,integer_inc,boolean_invert_first_then_and,integer_fromstring,exec_rot,integer_m,boolean_d,char_rot,exec_do*cou,string_take,exec_string_iterate,string_split,integer_pop,boolean_n,string_re,boolean_p,boolean_r,exec_pop,string_sw,boolean_x,boolean_emp,string_la,char_emp,boolean_stackdep,string_parse_to_cha,print_char,integer_dup,boolean_invert_second_then_and,integer_sub,string_setch,exec_no,boolean_yank,char_islett,string_ya,string_flu,integer_stackdepth,integer_emp,integer_dec,print_boole,integer_gt,exec,string_indexofchar,in1,char_dup,char_flush,char_pop,integer_lte,string_conjch,exec_flu,string_containsch,boolean_eq,string_flush,print_boolean,integer_d,string_rever,char_,exec_empty,string_last,integer_l,exec_when,integer_i,string_substri,string_nth,string_occurrencesofchar,integer_r,integer_s,integer_p,exec_while,integer_fromboolean,integer_empty,string_fromboole
1.85181755893e-05,0.0179996666728,0.00083331790152,0.00101849965741,0.0143145497306,0.00309253532342,0.000370363511787,0.0146293587156,0.000370363511787,0.000129627229125,0.0179441121461,0.000925908779467,0.00431473491232,1.85181755893e-05,1.85181755893e-05,0.000166663580304,1.85181755893e-05,0.0,0.000518508916502,0.0,0.00055554526768,0.00322216255255,0.000333327160608,0.000425918038555,0.0,0.00116664506213,0.00157404492509,0.0119257050795,1.85181755893e-05,0.017721894039,0.0,0.0,0.00203699931483,1.85181755893e-05,1.85181755893e-05,0.0179811484973,0.00255550823133,0.000166663580304,5.5554526768e-05,1.85181755893e-05,0.0,1.85181755893e-05,1.85181755893e-05,0.000481472565323,0.00392585322494,0.000222218107072,0.0126849502787,0.000129627229125,0.0118701505528,1.85181755893e-05,0.00125923594008,0.0097220421844,0.00224069924631,0.0,0.000944426955056,3.70363511787e-05,0.00168515397863,0.0071294976019,0.00949982407733,0.000111109053536,7.40727023574e-05,1.85181755893e-05,0.00494435288235,0.000518508916502,1.85181755893e-05,0.000425918038555,0.000796281550342,0.000370363511787,0.0,0.0,0.000129627229125,0.0,0.0,7.40727023574e-05,0.000592581618859,0.000518508916502,0.000351845336197,0.000796281550342,0.000333327160608,0.00125923594008,0.0,0.000259254458251,0.00027777263384,0.000499990740912,1.85181755893e-05,0.0,0.0144997314865,0.00175922668099,0.0136849317605,0.000222218107072,3.70363511787e-05,0.0,0.000648136145627,0.000148145404715,0.0146478768912,0.000111109053536,1.85181755893e-05,0.00898131516083,0.0,0.000388881687376,1.85181755893e-05,1.85181755893e-05,0.0108331327198,0.0,1.85181755893e-05,0.000351845336197,0.00105553600859,0.000222218107072,0.00744430658692,0.00114812688654,0.00205551749042,0.0,0.000388881687376,1.85181755893e-05,0.000148145404715,0.000722208847984,1.85181755893e-05,0.0,9.25908779467e-05,0.00599988889095,3.70363511787e-05,7.40727023574e-05,1.85181755893e-05,1.85181755893e-05,0.0,0.0,0.00116664506213,0.000777763374752,0.0,0.0174626395807,9.25908779467e-05,0.0,1.85181755893e-05,0.0,0.000203699931483,0.00146293587156,0.0143886224329,0.00179626303217,0.00131479046684,0.0,0.00161108127627,0.00142589952038,0.0,0.00418510768319,0.0,0.000611099794448,0.00516657098943,0.0026110627581,0.000203699931483,0.00218514471954,1.85181755893e-05,0.000759245199163,0.00485176200441,0.0130553137905,0.000666654321216,0.00872206070258,0.000888872428288,0.00107405418418,0.000185181755893,0.000222218107072,0.00148145404715,0.0,9.25908779467e-05,0.010684987315,9.25908779467e-05,9.25908779467e-05,0.0,0.0,0.000166663580304,0.00057406344327,0.0,0.013481231829,0.00894427880965,1.85181755893e-05,0.000444436214144,0.00988870576471,0.00027777263384,0.018351512009,0.00057406344327,0.00740727023574,0.0139071498676,0.000888872428288,0.0,0.00105553600859,0.000166663580304,0.00651839780745,0.000907390603878,0.000481472565323,0.000407399862966,0.000222218107072,0.00057406344327,0.0,0.0,0.00057406344327,0.000481472565323,0.0,0.000222218107072,0.0,1.85181755893e-05,0.000740727023574,0.000296290809429,0.0119442232551,0.00131479046684,0.0116664506213,0.0179255939705,0.000166663580304,7.40727023574e-05,0.00224069924631,0.0,0.0,0.0,0.0100368511694,9.25908779467e-05,0.00151849039833,0.0,0.0144256587841,3.70363511787e-05,0.00309253532342,0.0179811484973,0.00285179904076,0.000462954389734,0.0120738504843,0.00149997222274,3.70363511787e-05,0.0,0.0,0.00170367215422,0.000351845336197,0.000240736282661,7.40727023574e-05,0.000222218107072,0.0,0.0175737486343,0.00309253532342,1.85181755893e-05,0.000407399862966,0.000166663580304,0.0,0.00790726097665,0.0130367956149,0.0,0.00164811762745,0.0,0.00933316049703,0.000351845336197,0.0074628247625,0.00055554526768
Gen 54
string_,string_rot,integer_swap,exec_sho,integer_gte,boolean_shove,boolean_and,string_pop,exec_eq,string_yankd,string_parse_to_chars,integer_lt,string_stackdepth,exec_do*whi,char_r,char_p,boolean_sw,integer_sho,boolean_invert_second_then_a,print_integ,char_iswhitespace,string_removechar,exec_emp,string_first,string_conc,string_yank,string_concat,string_setchar,exec_yankd,string_length,string_replacefirstch,char_d,integer_eq,exec_do*tim,string_emptystri,string_reverse,exec_yankdup,string_repla,exec_,char_ya,integer_mu,string_replacech,boolean_yankd,char_isletter,integer_add,string_empty,char_isdigit,print_integer,exec_shove,integer_fromstri,string_conjchar,boolean_or,boolean_empty,exec_wh,string_fromchar,integer_yankd,exec_do*while,integer_rot,string_rest,boolean_flu,integer_stackdep,char_iswhitespa,char_allfromstring,boolean_,char_allfromstri,exec_stackdepth,exec_do*range,char_shove,char_stackdep,string_removech,exec_stackdep,boolean_sho,string_indexofch,string_stackdep,string_leng,print_ch,integer_mult,boolean_xor,boolean_yankdup,integer_min,string_emp,integer_fromch,exec_yank,char_stackdepth,char_sw,integer_fromboole,string_replace,integer_div,string_replacefirst,boolean_frominteger,string_butla,char_isdig,integer_flush,integer_,string_yankdup,char_flu,print_exec,integer_yank,boolean_frominteg,string_emptystring,char_yankd,boolean_ya,string_swap,print_ex,exec_d,integer_max,char_swap,string_contains,char_empty,exec_dup,exec_k,string_frominteg,exec_noop,exec_p,exec_r,exec_s,string_sho,integer_flu,exec_y,boolean_rot,boolean_a,integer_ya,exec_ya,boolean_invert_first_then_a,string_spl,string_occurrencesofch,integer_yankdup,string_replacechar,char_sho,string_fromboolean,print_stri,exec_string_itera,print_newli,string_ta,string_replacefirstchar,string_substring,boolean_stackdepth,string_shove,string_containschar,exec_do*ran,char_yankdup,char_yank,integer_sw,exec_do*times,string_fromch,integer_shove,exec_if,exec_whi,integer_g,char_frominteger,char_frominteg,boolean_dup,string_eq,boolean_not,char_eq,boolean_flush,boolean_pop,string_butlast,exec_swap,string_replacefir,boolean_swap,exec_sw,string_n,print_string,exec_flush,print_newline,integer_a,string_d,string_dup,string_frominteger,string_contai,integer_mod,exec_do*count,string_fir,string_r,integer_fromchar,string_p,integer_inc,boolean_invert_first_then_and,integer_fromstring,exec_rot,integer_m,boolean_d,char_rot,exec_do*cou,string_take,exec_string_iterate,string_split,integer_pop,boolean_n,string_re,boolean_p,boolean_r,exec_pop,string_sw,boolean_x,boolean_emp,string_la,char_emp,boolean_stackdep,string_parse_to_cha,print_char,integer_dup,boolean_invert_second_then_and,integer_sub,string_setch,exec_no,boolean_yank,char_islett,string_ya,string_flu,integer_stackdepth,integer_emp,integer_dec,print_boole,integer_gt,exec,string_indexofchar,in1,char_dup,char_flush,char_pop,integer_lte,string_conjch,exec_flu,string_containsch,boolean_eq,string_flush,print_boolean,integer_d,string_rever,char_,exec_empty,string_last,integer_l,exec_when,integer_i,string_substri,string_nth,string_occurrencesofchar,integer_r,integer_s,integer_p,exec_while,integer_fromboolean,integer_empty,string_fromboole
0.0,0.0176724059563,0.001163615207,0.000945437355684,0.0145815530627,0.00343630115816,7.27259504373e-05,0.0145451900875,0.000399992727405,0.000163633388484,0.017545135543,0.000636352066326,0.00445446446428,0.0,0.0,9.09074380466e-05,0.0,0.0,0.000418174215014,0.0,0.000581807603498,0.00345448264577,0.000381811239796,0.000472718677842,0.0,0.00119997818221,0.00147270049635,0.0117816039708,1.81814876093e-05,0.017545135543,0.0,0.0,0.00212723405029,7.27259504373e-05,3.63629752186e-05,0.0176724059563,0.00236359338921,0.000109088925656,0.0,0.0,0.0,0.0,3.63629752186e-05,0.000236359338921,0.00303630843076,0.000327266776968,0.0121815966982,0.000127270413265,0.0113270667806,3.63629752186e-05,0.00149088198396,0.00981800330903,0.00170905983528,0.0,0.00114543371939,3.63629752186e-05,0.00172724132289,0.00734532099416,0.00883620297813,0.000109088925656,7.27259504373e-05,1.81814876093e-05,0.00387265686078,0.000436355702624,7.27259504373e-05,0.000345448264577,0.000909074380466,0.000472718677842,0.0,0.0,0.000218177851312,0.0,1.81814876093e-05,0.000109088925656,0.000490900165452,0.000472718677842,0.000454537190233,0.000618170578717,0.000290903801749,0.00107270776895,1.81814876093e-05,0.000363629752186,0.000163633388484,0.000218177851312,1.81814876093e-05,1.81814876093e-05,0.0149088198396,0.00196360066181,0.0129088562026,0.000327266776968,3.63629752186e-05,0.000145451900875,0.000599989091107,0.000181814876093,0.0149815457901,0.000145451900875,7.27259504373e-05,0.00938164760641,0.0,0.000454537190233,0.0,1.81814876093e-05,0.0100361811603,0.0,5.45444628279e-05,0.000218177851312,0.001163615207,0.000581807603498,0.0072180505809,0.00107270776895,0.0017636042981,0.0,0.000636352066326,0.0,0.000145451900875,0.000854529917638,0.0,0.0,7.27259504373e-05,0.00607261686151,0.0,0.000145451900875,0.0,0.0,1.81814876093e-05,3.63629752186e-05,0.000890892892856,0.000909074380466,1.81814876093e-05,0.017217868766,0.000145451900875,0.0,0.0,3.63629752186e-05,0.000418174215014,0.00154542644679,0.0146360975255,0.00145451900875,0.00110907074417,0.0,0.00134543008309,0.00107270776895,0.0,0.00394538281122,0.0,0.000454537190233,0.00523626843148,0.0027272231414,0.000127270413265,0.0027272231414,0.0,0.000763622479591,0.00503627206778,0.0126906783513,0.000836348430029,0.0093634661188,0.000872711405247,0.000854529917638,0.000199996363702,0.000290903801749,0.00169087834767,0.0,0.0,0.0112361593426,3.63629752186e-05,0.000109088925656,0.0,1.81814876093e-05,0.000127270413265,0.000309085289358,0.0,0.0129452191778,0.00907256231705,5.45444628279e-05,0.00025454082653,0.00919983273031,0.000327266776968,0.0180542171961,0.000381811239796,0.00774531372157,0.0143270122361,0.000690896529154,0.0,0.00158178942201,0.000163633388484,0.00692714677915,0.000654533553935,0.000509081653061,0.000381811239796,0.000418174215014,0.000454537190233,0.0,0.0,0.000818166942419,0.000181814876093,0.0,5.45444628279e-05,0.0,7.27259504373e-05,0.000636352066326,0.00025454082653,0.0119634188469,0.000927255868075,0.011399792731,0.017545135543,0.000145451900875,0.0,0.00318176033163,3.63629752186e-05,0.0,0.0,0.0104543553754,7.27259504373e-05,0.00139997454592,0.0,0.014472464137,5.45444628279e-05,0.00403629024927,0.0176905874439,0.00239995636443,0.000563626115889,0.0124543190124,0.00163633388484,0.0,0.0,1.81814876093e-05,0.00119997818221,0.000399992727405,0.000290903801749,3.63629752186e-05,0.00027272231414,0.0,0.0174178651297,0.00283631206705,0.0,0.000163633388484,0.000199996363702,1.81814876093e-05,0.00836348430029,0.0124543190124,1.81814876093e-05,0.00161815239723,0.0,0.00794531008527,0.000727259504373,0.00785440264722,0.000636352066326
Gen 55
string_,string_rot,integer_swap,exec_sho,integer_gte,boolean_shove,boolean_and,string_pop,exec_eq,string_yankd,string_parse_to_chars,integer_lt,string_stackdepth,exec_do*whi,char_r,char_p,boolean_sw,integer_sho,boolean_invert_second_then_a,print_integ,char_iswhitespace,string_removechar,exec_emp,string_first,string_conc,string_yank,string_concat,string_setchar,exec_yankd,string_length,string_replacefirstch,char_d,integer_eq,exec_do*tim,string_emptystri,string_reverse,exec_yankdup,string_repla,exec_,char_ya,integer_mu,string_replacech,boolean_yankd,char_isletter,integer_add,string_empty,char_isdigit,print_integer,exec_shove,integer_fromstri,string_conjchar,boolean_or,boolean_empty,exec_wh,string_fromchar,integer_yankd,exec_do*while,integer_rot,string_rest,boolean_flu,integer_stackdep,char_iswhitespa,char_allfromstring,boolean_,char_allfromstri,exec_stackdepth,exec_do*range,char_shove,char_stackdep,string_removech,exec_stackdep,boolean_sho,string_indexofch,string_stackdep,string_leng,print_ch,integer_mult,boolean_xor,boolean_yankdup,integer_min,string_emp,integer_fromch,exec_yank,char_stackdepth,char_sw,integer_fromboole,string_replace,integer_div,string_replacefirst,boolean_frominteger,string_butla,char_isdig,integer_flush,integer_,string_yankdup,char_flu,print_exec,integer_yank,boolean_frominteg,string_emptystring,char_yankd,boolean_ya,string_swap,print_ex,exec_d,integer_max,char_swap,string_contains,char_empty,exec_dup,exec_k,string_frominteg,exec_noop,exec_p,exec_r,exec_s,string_sho,integer_flu,exec_y,boolean_rot,boolean_a,integer_ya,exec_ya,boolean_invert_first_then_a,string_spl,string_occurrencesofch,integer_yankdup,string_replacechar,char_sho,string_fromboolean,print_stri,exec_string_itera,print_newli,string_ta,string_replacefirstchar,string_substring,boolean_stackdepth,string_shove,string_containschar,exec_do*ran,char_yankdup,char_yank,integer_sw,exec_do*times,string_fromch,integer_shove,exec_if,exec_whi,integer_g,char_frominteger,char_frominteg,boolean_dup,string_eq,boolean_not,char_eq,boolean_flush,boolean_pop,string_butlast,exec_swap,string_replacefir,boolean_swap,exec_sw,string_n,print_string,exec_flush,print_newline,integer_a,string_d,string_dup,string_frominteger,string_contai,integer_mod,exec_do*count,string_fir,string_r,integer_fromchar,string_p,integer_inc,boolean_invert_first_then_and,integer_fromstring,exec_rot,integer_m,boolean_d,char_rot,exec_do*cou,string_take,exec_string_iterate,string_split,integer_pop,boolean_n,string_re,boolean_p,boolean_r,exec_pop,string_sw,boolean_x,boolean_emp,string_la,char_emp,boolean_stackdep,string_parse_to_cha,print_char,integer_dup,boolean_invert_second_then_and,integer_sub,string_setch,exec_no,boolean_yank,char_islett,string_ya,string_flu,integer_stackdepth,integer_emp,integer_dec,print_boole,integer_gt,exec,string_indexofchar,in1,char_dup,char_flush,char_pop,integer_lte,string_conjch,exec_flu,string_containsch,boolean_eq,string_flush,print_boolean,integer_d,string_rever,char_,exec_empty,string_last,integer_l,exec_when,integer_i,string_substri,string_nth,string_occurrencesofchar,integer_r,integer_s,integer_p,exec_while,integer_fromboolean,integer_empty,string_fromboole
1.78568239853e-05,0.0172854056178,0.00114283673506,0.000892841199264,0.0138390385886,0.00401778539669,0.000107140943912,0.0139818931805,0.000410706951662,8.92841199264e-05,0.0172318351458,0.000839270727308,0.00383921715684,0.0,0.0,3.57136479706e-05,0.0,0.0,0.000553561543544,0.0,0.000767843431367,0.00335708290923,0.000357136479706,0.000553561543544,3.57136479706e-05,0.00116069355904,0.00196425063838,0.010964089927,0.0,0.01698183961,1.78568239853e-05,5.35704719559e-05,0.00271423724576,3.57136479706e-05,1.78568239853e-05,0.0172854056178,0.00285709183765,0.000160711415868,3.57136479706e-05,0.0,1.78568239853e-05,0.0,1.78568239853e-05,0.000285709183765,0.00312494419743,0.00033927965572,0.012089069838,0.000232138711809,0.0113390832307,1.78568239853e-05,0.00130354815093,0.00926769164836,0.00207139158229,0.0,0.00124997767897,3.57136479706e-05,0.00135711862288,0.00662488169854,0.00835699362511,0.000142854591882,3.57136479706e-05,3.57136479706e-05,0.00416063998857,0.000285709183765,1.78568239853e-05,0.000374993303691,0.000589275191514,0.000732129783397,0.0,1.78568239853e-05,7.14272959411e-05,1.78568239853e-05,1.78568239853e-05,8.92841199264e-05,0.000535704719559,0.000392850127676,0.00033927965572,0.000589275191514,0.000196425063838,0.00128569132694,0.0,0.000178568239853,0.00030356600775,0.000285709183765,0.0,0.0,0.0141426045963,0.00146425956679,0.0123569221978,0.000571418367529,5.35704719559e-05,0.000214281887823,0.000839270727308,0.00030356600775,0.0139640363565,0.000124997767897,0.000124997767897,0.00876770057678,0.0,0.000321422831735,1.78568239853e-05,0.0,0.0100712487277,0.0,0.0,0.000357136479706,0.00141068909484,0.000624988839485,0.00733915465795,0.00124997767897,0.00212496205425,0.0,0.000964268495205,0.0,0.000178568239853,0.000660702487456,0.0,1.78568239853e-05,0.000142854591882,0.00507133801182,1.78568239853e-05,8.92841199264e-05,1.78568239853e-05,0.0,0.0,3.57136479706e-05,0.00101783896716,0.00112497991107,1.78568239853e-05,0.0167675577222,0.000214281887823,1.78568239853e-05,0.0,1.78568239853e-05,0.000392850127676,0.00203567793432,0.0138747522366,0.00148211639078,0.00135711862288,1.78568239853e-05,0.001214264031,0.00126783450296,0.0,0.00374993303691,0.0,0.000428563775647,0.00548204496348,0.00208924840628,0.000232138711809,0.00216067570222,1.78568239853e-05,0.00091069802325,0.00514276530776,0.0124462063177,0.000535704719559,0.00880341422475,0.00094641167122,0.000732129783397,0.000142854591882,0.000160711415868,0.00162497098266,0.0,0.000107140943912,0.0105890966233,5.35704719559e-05,7.14272959411e-05,0.0,1.78568239853e-05,0.000196425063838,0.000285709183765,0.0,0.0128926269174,0.00842842092105,0.0,0.000249995535794,0.0094641167122,0.000553561543544,0.0176246852735,0.000553561543544,0.00746415242585,0.0134997589329,0.000660702487456,0.0,0.00151783003875,0.000178568239853,0.00685702041035,0.000749986607382,0.000446420599632,0.000517847895573,0.000232138711809,0.000517847895573,0.0,3.57136479706e-05,0.000785700255353,0.000482134247603,3.57136479706e-05,3.57136479706e-05,0.0,3.57136479706e-05,0.000874984375279,0.000428563775647,0.0113747968786,0.00137497544687,0.010910519455,0.0171782646738,0.000357136479706,1.78568239853e-05,0.00264280994982,0.0,0.0,0.0,0.0103391010875,3.57136479706e-05,0.00176782557454,0.0,0.0137854681166,3.57136479706e-05,0.00335708290923,0.0173211192657,0.0019463938144,0.000464277423617,0.012106926662,0.00103569579115,1.78568239853e-05,0.0,0.0,0.00189282334244,0.000749986607382,0.000196425063838,0.000142854591882,0.000160711415868,0.0,0.0167854145462,0.00296423278156,1.78568239853e-05,0.000214281887823,0.000232138711809,1.78568239853e-05,0.00801771396939,0.0119819288941,3.57136479706e-05,0.0013392617989,0.0,0.00830342315316,0.000392850127676,0.00760700701773,0.000482134247603
Gen 56
string_,string_rot,integer_swap,exec_sho,integer_gte,boolean_shove,boolean_and,string_pop,exec_eq,string_yankd,string_parse_to_chars,integer_lt,string_stackdepth,exec_do*whi,char_r,char_p,boolean_sw,integer_sho,boolean_invert_second_then_a,print_integ,char_iswhitespace,string_removechar,exec_emp,string_first,string_conc,string_yank,string_concat,string_setchar,exec_yankd,string_length,string_replacefirstch,char_d,integer_eq,exec_do*tim,string_emptystri,string_reverse,exec_yankdup,string_repla,exec_,char_ya,integer_mu,string_replacech,boolean_yankd,char_isletter,integer_add,string_empty,char_isdigit,print_integer,exec_shove,integer_fromstri,string_conjchar,boolean_or,boolean_empty,exec_wh,string_fromchar,integer_yankd,exec_do*while,integer_rot,string_rest,boolean_flu,integer_stackdep,char_iswhitespa,char_allfromstring,boolean_,char_allfromstri,exec_stackdepth,exec_do*range,char_shove,char_stackdep,string_removech,exec_stackdep,boolean_sho,string_indexofch,string_stackdep,string_leng,print_ch,integer_mult,boolean_xor,boolean_yankdup,integer_min,string_emp,integer_fromch,exec_yank,char_stackdepth,char_sw,integer_fromboole,string_replace,integer_div,string_replacefirst,boolean_frominteger,string_butla,char_isdig,integer_flush,integer_,string_yankdup,char_flu,print_exec,integer_yank,boolean_frominteg,string_emptystring,char_yankd,boolean_ya,string_swap,print_ex,exec_d,integer_max,char_swap,string_contains,char_empty,exec_dup,exec_k,string_frominteg,exec_noop,exec_p,exec_r,exec_s,string_sho,integer_flu,exec_y,boolean_rot,boolean_a,integer_ya,exec_ya,boolean_invert_first_then_a,string_spl,string_occurrencesofch,integer_yankdup,string_replacechar,char_sho,string_fromboolean,print_stri,exec_string_itera,print_newli,string_ta,string_replacefirstchar,string_substring,boolean_stackdepth,string_shove,string_containschar,exec_do*ran,char_yankdup,char_yank,integer_sw,exec_do*times,string_fromch,integer_shove,exec_if,exec_whi,integer_g,char_frominteger,char_frominteg,boolean_dup,string_eq,boolean_not,char_eq,boolean_flush,boolean_pop,string_butlast,exec_swap,string_replacefir,boolean_swap,exec_sw,string_n,print_string,exec_flush,print_newline,integer_a,string_d,string_dup,string_frominteger,string_contai,integer_mod,exec_do*count,string_fir,string_r,integer_fromchar,string_p,integer_inc,boolean_invert_first_then_and,integer_fromstring,exec_rot,integer_m,boolean_d,char_rot,exec_do*cou,string_take,exec_string_iterate,string_split,integer_pop,boolean_n,string_re,boolean_p,boolean_r,exec_pop,string_sw,boolean_x,boolean_emp,string_la,char_emp,boolean_stackdep,string_parse_to_cha,print_char,integer_dup,boolean_invert_second_then_and,integer_sub,string_setch,exec_no,boolean_yank,char_islett,string_ya,string_flu,integer_stackdepth,integer_emp,integer_dec,print_boole,integer_gt,exec,string_indexofchar,in1,char_dup,char_flush,char_pop,integer_lte,string_conjch,exec_flu,string_containsch,boolean_eq,string_flush,print_boolean,integer_d,string_rever,char_,exec_empty,string_last,integer_l,exec_when,integer_i,string_substri,string_nth,string_occurrencesofchar,integer_r,integer_s,integer_p,exec_while,integer_fromboolean,integer_empty,string_fromboole
5.26306556025e-05,0.0170523324152,0.00112278731952,0.0007017420747,0.0145786916019,0.00429817020754,0.000192979070543,0.0146664093612,0.00049121945229,7.017420747e-05,0.0171575937264,0.000438588796688,0.00382449430712,1.75435518675e-05,0.0,0.000105261311205,0.0,0.0,0.000456132348555,0.0,0.000614024315363,0.00401747337766,0.000596480763495,0.0007017420747,1.75435518675e-05,0.00150874546061,0.00171926808302,0.0116138313363,1.75435518675e-05,0.0170347888634,0.0,3.5087103735e-05,0.00321046999175,1.75435518675e-05,1.75435518675e-05,0.0169821582078,0.00321046999175,0.000228066174278,0.0,1.75435518675e-05,0.0,0.0,0.0,0.000473675900423,0.00273679409133,0.000298240381748,0.0127717057595,0.00028069682988,0.0113682216101,1.75435518675e-05,0.00103506956018,0.00959632287153,0.00201750846476,0.0,0.001456114805,1.75435518675e-05,0.00142102770127,0.00649111419098,0.00829810003333,8.77177593376e-05,8.77177593376e-05,3.5087103735e-05,0.00419290889634,0.000368414589218,0.0,0.00056139365976,0.000666654970965,0.00105261311205,0.0,3.5087103735e-05,0.00014034841494,0.0,0.0,0.000122804863073,0.00042104524482,0.000526306556025,0.000298240381748,0.000754372730303,0.000263153278013,0.00159646321994,0.0,0.000263153278013,0.000192979070543,0.000245609726145,0.0,0.0,0.0147541271206,0.00143857125314,0.0112629602989,0.000456132348555,7.017420747e-05,0.000122804863073,0.000999982456448,0.00021052262241,0.0142102770127,0.00021052262241,8.77177593376e-05,0.00928053893791,0.0,0.000368414589218,0.0,1.75435518675e-05,0.0105612182242,0.0,0.0,0.000438588796688,0.0012982228382,0.000649111419098,0.00694724653953,0.00143857125314,0.00271925053946,1.75435518675e-05,0.00112278731952,1.75435518675e-05,7.017420747e-05,0.000894721145243,0.0,0.0,3.5087103735e-05,0.00422799600007,0.0,8.77177593376e-05,0.0,0.0,3.5087103735e-05,5.26306556025e-05,0.00101752600832,0.00122804863073,0.0,0.0167014613779,0.000122804863073,0.0,0.0,0.0,0.000438588796688,0.00259644567639,0.0142629076683,0.000842090489641,0.00121050507886,0.0,0.00152628901247,0.000964895352713,0.0,0.0042104524482,3.5087103735e-05,0.000526306556025,0.00533323976772,0.00171926808302,0.000175435518675,0.00228066174278,0.0,0.00103506956018,0.00568411080507,0.0129646848301,0.000403501692953,0.00919282117858,0.00128067928633,0.00108770021579,0.000175435518675,0.000157891966808,0.00168418097928,0.0,0.000122804863073,0.0116313748882,3.5087103735e-05,0.000122804863073,0.0,0.0,0.000122804863073,0.00028069682988,1.75435518675e-05,0.0134032736268,0.00859634041508,0.0,0.000315783933615,0.00964895352713,0.000473675900423,0.0172979421414,0.000508763004158,0.00752618375116,0.0145436044982,0.000982438904581,5.26306556025e-05,0.00147365835687,0.00028069682988,0.00663146260592,0.000807003385906,0.000596480763495,0.000508763004158,0.00035087103735,0.000368414589218,0.0,0.0,0.000929808248978,0.00063156786723,3.5087103735e-05,0.000228066174278,0.0,3.5087103735e-05,0.000684198522833,0.000263153278013,0.0117190926475,0.00142102770127,0.0112629602989,0.0170523324152,0.000263153278013,3.5087103735e-05,0.00235083595025,0.0,0.0,0.0,0.0110524376765,3.5087103735e-05,0.00240346660585,0.0,0.0141401028052,1.75435518675e-05,0.00310520868055,0.0171049630708,0.00203505201663,0.00042104524482,0.0121576814442,0.00124559218259,1.75435518675e-05,0.0,0.0,0.00182452939422,0.000964895352713,0.000192979070543,0.00014034841494,0.000245609726145,0.0,0.0169119840003,0.00357888458097,0.0,0.00014034841494,0.000175435518675,0.0,0.00894721145243,0.0113155909545,0.00014034841494,0.00114033087139,0.0,0.00931562604165,0.000263153278013,0.00828055648147,0.000578937211628
Gen 57
string_,string_rot,integer_swap,exec_sho,integer_gte,boolean_shove,boolean_and,string_pop,exec_eq,string_yankd,string_parse_to_chars,integer_lt,string_stackdepth,exec_do*whi,char_r,char_p,boolean_sw,integer_sho,boolean_invert_second_then_a,print_integ,char_iswhitespace,string_removechar,exec_emp,string_first,string_conc,string_yank,string_concat,string_setchar,exec_yankd,string_length,string_replacefirstch,char_d,integer_eq,exec_do*tim,string_emptystri,string_reverse,exec_yankdup,string_repla,exec_,char_ya,integer_mu,string_replacech,boolean_yankd,char_isletter,integer_add,string_empty,char_isdigit,print_integer,exec_shove,integer_fromstri,string_conjchar,boolean_or,boolean_empty,exec_wh,string_fromchar,integer_yankd,exec_do*while,integer_rot,string_rest,boolean_flu,integer_stackdep,char_iswhitespa,char_allfromstring,boolean_,char_allfromstri,exec_stackdepth,exec_do*range,char_shove,char_stackdep,string_removech,exec_stackdep,boolean_sho,string_indexofch,string_stackdep,string_leng,print_ch,integer_mult,boolean_xor,boolean_yankdup,integer_min,string_emp,integer_fromch,exec_yank,char_stackdepth,char_sw,integer_fromboole,string_replace,integer_div,string_replacefirst,boolean_frominteger,string_butla,char_isdig,integer_flush,integer_,string_yankdup,char_flu,print_exec,integer_yank,boolean_frominteg,string_emptystring,char_yankd,boolean_ya,string_swap,print_ex,exec_d,integer_max,char_swap,string_contains,char_empty,exec_dup,exec_k,string_frominteg,exec_noop,exec_p,exec_r,exec_s,string_sho,integer_flu,exec_y,boolean_rot,boolean_a,integer_ya,exec_ya,boolean_invert_first_then_a,string_spl,string_occurrencesofch,integer_yankdup,string_replacechar,char_sho,string_fromboolean,print_stri,exec_string_itera,print_newli,string_ta,string_replacefirstchar,string_substring,boolean_stackdepth,string_shove,string_containschar,exec_do*ran,char_yankdup,char_yank,integer_sw,exec_do*times,string_fromch,integer_shove,exec_if,exec_whi,integer_g,char_frominteger,char_frominteg,boolean_dup,string_eq,boolean_not,char_eq,boolean_flush,boolean_pop,string_butlast,exec_swap,string_replacefir,boolean_swap,exec_sw,string_n,print_string,exec_flush,print_newline,integer_a,string_d,string_dup,string_frominteger,string_contai,integer_mod,exec_do*count,string_fir,string_r,integer_fromchar,string_p,integer_inc,boolean_invert_first_then_and,integer_fromstring,exec_rot,integer_m,boolean_d,char_rot,exec_do*cou,string_take,exec_string_iterate,string_split,integer_pop,boolean_n,string_re,boolean_p,boolean_r,exec_pop,string_sw,boolean_x,boolean_emp,string_la,char_emp,boolean_stackdep,string_parse_to_cha,print_char,integer_dup,boolean_invert_second_then_and,integer_sub,string_setch,exec_no,boolean_yank,char_islett,string_ya,string_flu,integer_stackdepth,integer_emp,integer_dec,print_boole,integer_gt,exec,string_indexofchar,in1,char_dup,char_flush,char_pop,integer_lte,string_conjch,exec_flu,string_containsch,boolean_eq,string_flush,print_boolean,integer_d,string_rever,char_,exec_empty,string_last,integer_l,exec_when,integer_i,string_substri,string_nth,string_occurrencesofchar,integer_r,integer_s,integer_p,exec_while,integer_fromboolean,integer_empty,string_fromboole
0.0,0.0165341976862,0.00105170600507,0.000586196789711,0.0141204461992,0.00508611920484,0.000120687574352,0.0144825089223,0.00056895570766,0.000120687574352,0.0166721263426,0.000637920035861,0.00351718073826,0.0,0.0,0.000137928656402,0.0,1.72410820503e-05,0.000758607610214,0.0,0.000810330856365,0.00446544025103,0.000362062723056,0.00056895570766,3.44821641006e-05,0.00122411682557,0.00148273305633,0.0117411768763,0.0,0.0165169566042,0.0,1.72410820503e-05,0.00306891260496,5.17232461509e-05,3.44821641006e-05,0.0164824744401,0.0028792607024,0.000224134066654,0.0,0.0,0.0,0.0,0.0,0.000758607610214,0.00251719797935,0.000258616230755,0.012327373666,0.000224134066654,0.010982569266,5.17232461509e-05,0.00110342925122,0.0085343356149,0.00139652764608,0.0,0.00122411682557,1.72410820503e-05,0.00153445630248,0.005482664092,0.00810330856365,8.62054102515e-05,8.62054102515e-05,0.0,0.00332752883571,0.000258616230755,3.44821641006e-05,0.000379303805107,0.000482750297409,0.00115515249737,1.72410820503e-05,0.0,0.000137928656402,1.72410820503e-05,1.72410820503e-05,6.89643282012e-05,0.000655161117912,0.000310339476906,0.000310339476906,0.000896536266616,0.000344821641006,0.00146549197428,0.0,0.000275857312805,0.000172410820503,0.000620678953811,0.0,0.0,0.01437906243,0.00217237633834,0.010982569266,0.000275857312805,1.72410820503e-05,8.62054102515e-05,0.00112067033327,0.000120687574352,0.0132239099326,0.000241375148704,5.17232461509e-05,0.00865502318926,0.0,0.000310339476906,3.44821641006e-05,0.0,0.0103963724763,0.0,0.0,0.000362062723056,0.00172410820503,0.00105170600507,0.00613782520991,0.00167238495888,0.0026723677178,0.0,0.00106894708712,0.0,0.000120687574352,0.00055171462561,3.44821641006e-05,0.0,0.000103446492302,0.00367235047672,0.0,0.000103446492302,1.72410820503e-05,1.72410820503e-05,3.44821641006e-05,0.000155169738453,0.000896536266616,0.00115515249737,0.0,0.0162583403734,0.000172410820503,0.0,0.0,1.72410820503e-05,0.000413785969207,0.00229306391269,0.0134825261633,0.000637920035861,0.00177583145118,0.0,0.00132756331787,0.00113791141532,1.72410820503e-05,0.00420682402028,0.0,0.000431027051258,0.00622403062016,0.00163790279478,0.000206892984604,0.00189651902553,1.72410820503e-05,0.00122411682557,0.00560335166635,0.0124653023224,0.000413785969207,0.00982741676868,0.00148273305633,0.000931018430717,0.000120687574352,0.000224134066654,0.00189651902553,0.0,0.000103446492302,0.0112584265789,8.62054102515e-05,8.62054102515e-05,1.72410820503e-05,1.72410820503e-05,0.000206892984604,0.000275857312805,0.0,0.0131377045223,0.00801710315339,0.0,0.000155169738453,0.00922397889692,0.000482750297409,0.0169135014914,0.000413785969207,0.00693091498422,0.0138790710505,0.000810330856365,0.0,0.00167238495888,0.000293098394855,0.00689643282012,0.000948259512767,0.000793089774314,0.000689643282012,0.000344821641006,0.000258616230755,0.0,0.0,0.000948259512767,0.000879295184566,1.72410820503e-05,0.000155169738453,1.72410820503e-05,5.17232461509e-05,0.000810330856365,0.000293098394855,0.0107067119532,0.00106894708712,0.0113791141532,0.0166548852606,0.000155169738453,1.72410820503e-05,0.00208617092809,5.17232461509e-05,0.0,0.0,0.0103791313943,6.89643282012e-05,0.00201720659989,0.0,0.0133963207531,1.72410820503e-05,0.00236202824089,0.0166893674247,0.00210341201014,0.000827571938415,0.0115687660558,0.00155169738453,1.72410820503e-05,0.0,1.72410820503e-05,0.00191376010758,0.00101722384097,0.000206892984604,6.89643282012e-05,8.62054102515e-05,0.0,0.0162755814555,0.00360338614851,0.0,0.000155169738453,0.000103446492302,0.0,0.0084998534508,0.011310149825,3.44821641006e-05,0.00143100981018,0.0,0.00898260374821,0.000413785969207,0.00755159393804,0.000758607610214
Gen 58
string_,string_rot,integer_swap,exec_sho,integer_gte,boolean_shove,boolean_and,string_pop,exec_eq,string_yankd,string_parse_to_chars,integer_lt,string_stackdepth,exec_do*whi,char_r,char_p,boolean_sw,integer_sho,boolean_invert_second_then_a,print_integ,char_iswhitespace,string_removechar,exec_emp,string_first,string_conc,string_yank,string_concat,string_setchar,exec_yankd,string_length,string_replacefirstch,char_d,integer_eq,exec_do*tim,string_emptystri,string_reverse,exec_yankdup,string_repla,exec_,char_ya,integer_mu,string_replacech,boolean_yankd,char_isletter,integer_add,string_empty,char_isdigit,print_integer,exec_shove,integer_fromstri,string_conjchar,boolean_or,boolean_empty,exec_wh,string_fromchar,integer_yankd,exec_do*while,integer_rot,string_rest,boolean_flu,integer_stackdep,char_iswhitespa,char_allfromstring,boolean_,char_allfromstri,exec_stackdepth,exec_do*range,char_shove,char_stackdep,string_removech,exec_stackdep,boolean_sho,string_indexofch,string_stackdep,string_leng,print_ch,integer_mult,boolean_xor,boolean_yankdup,integer_min,string_emp,integer_fromch,exec_yank,char_stackdepth,char_sw,integer_fromboole,string_replace,integer_div,string_replacefirst,boolean_frominteger,string_butla,char_isdig,integer_flush,integer_,string_yankdup,char_flu,print_exec,integer_yank,boolean_frominteg,string_emptystring,char_yankd,boolean_ya,string_swap,print_ex,exec_d,integer_max,char_swap,string_contains,char_empty,exec_dup,exec_k,string_frominteg,exec_noop,exec_p,exec_r,exec_s,string_sho,integer_flu,exec_y,boolean_rot,boolean_a,integer_ya,exec_ya,boolean_invert_first_then_a,string_spl,string_occurrencesofch,integer_yankdup,string_replacechar,char_sho,string_fromboolean,print_stri,exec_string_itera,print_newli,string_ta,string_replacefirstchar,string_substring,boolean_stackdepth,string_shove,string_containschar,exec_do*ran,char_yankdup,char_yank,integer_sw,exec_do*times,string_fromch,integer_shove,exec_if,exec_whi,integer_g,char_frominteger,char_frominteg,boolean_dup,string_eq,boolean_not,char_eq,boolean_flush,boolean_pop,string_butlast,exec_swap,string_replacefir,boolean_swap,exec_sw,string_n,print_string,exec_flush,print_newline,integer_a,string_d,string_dup,string_frominteger,string_contai,integer_mod,exec_do*count,string_fir,string_r,integer_fromchar,string_p,integer_inc,boolean_invert_first_then_and,integer_fromstring,exec_rot,integer_m,boolean_d,char_rot,exec_do*cou,string_take,exec_string_iterate,string_split,integer_pop,boolean_n,string_re,boolean_p,boolean_r,exec_pop,string_sw,boolean_x,boolean_emp,string_la,char_emp,boolean_stackdep,string_parse_to_cha,print_char,integer_dup,boolean_invert_second_then_and,integer_sub,string_setch,exec_no,boolean_yank,char_islett,string_ya,string_flu,integer_stackdepth,integer_emp,integer_dec,print_boole,integer_gt,exec,string_indexofchar,in1,char_dup,char_flush,char_pop,integer_lte,string_conjch,exec_flu,string_containsch,boolean_eq,string_flush,print_boolean,integer_d,string_rever,char_,exec_empty,string_last,integer_l,exec_when,integer_i,string_substri,string_nth,string_occurrencesofchar,integer_r,integer_s,integer_p,exec_while,integer_fromboolean,integer_empty,string_fromboole
1.69488652735e-05,0.0164403993153,0.000932187590041,0.00077964780258,0.0139489161201,0.00552533007915,0.000271181844376,0.0141523025033,0.000627108015118,0.000186437518008,0.0165420925069,0.000915238724767,0.00384739241708,0.0,0.0,5.08465958204e-05,1.69488652735e-05,3.38977305469e-05,0.000423721631837,0.0,0.00105082964696,0.00474568227657,0.000355926170743,0.000525414823478,0.0,0.00144065354824,0.00186437518008,0.0116099727123,1.69488652735e-05,0.0163387061236,0.0,0.0,0.00328807986305,0.0,1.69488652735e-05,0.016237012932,0.00340672191997,0.000169488652735,1.69488652735e-05,0.0,0.0,0.0,1.69488652735e-05,0.000711852341486,0.00211860815918,0.000355926170743,0.0120336943442,0.000118642056914,0.0108811715056,1.69488652735e-05,0.00138980695242,0.00861002355892,0.00161014220098,0.0,0.00105082964696,5.08465958204e-05,0.00171183539262,0.0053049948306,0.00810155760072,0.000152539787461,0.000101693191641,0.0,0.00328807986305,0.000186437518008,0.000101693191641,0.000627108015118,0.000305079574922,0.00123726716496,0.0,1.69488652735e-05,0.000152539787461,3.38977305469e-05,1.69488652735e-05,8.47443263673e-05,0.000644056880392,0.000237284113829,0.000271181844376,0.00105082964696,0.000271181844376,0.0014067558177,0.0,0.000135590922188,0.000288130709649,0.000525414823478,0.0,0.0,0.0139828138506,0.00194911950645,0.0105760919306,0.000338977305469,0.0,0.000101693191641,0.00130506262606,0.000169488652735,0.0137794274673,0.000186437518008,0.000101693191641,0.00906764292131,0.0,0.000305079574922,0.0,0.0,0.010660836257,0.0,0.0,0.000406772766563,0.00155929560516,0.00103388078168,0.00674564837884,0.00203386383282,0.00347451738106,1.69488652735e-05,0.0010847273775,5.08465958204e-05,0.000135590922188,0.000322028440196,0.0,0.0,5.08465958204e-05,0.00355926170743,0.0,0.000135590922188,0.0,0.0,0.000101693191641,3.38977305469e-05,0.00125421603024,0.00120336943442,1.69488652735e-05,0.0161353197403,0.000237284113829,0.0,3.38977305469e-05,1.69488652735e-05,0.000169488652735,0.0028135116354,0.0132540126439,0.000593210284571,0.00179657971899,0.0,0.00145760241352,0.00118642056914,1.69488652735e-05,0.00411857426145,0.0,0.000491517092931,0.00608464263318,0.00154234673989,0.000203386383282,0.00210165929391,1.69488652735e-05,0.00147455127879,0.00562702327079,0.012270978458,0.000610159149845,0.00959305774478,0.00106777851223,0.00122031829969,0.000254232979102,0.000152539787461,0.00183047744953,0.0,0.000118642056914,0.0107286317181,8.47443263673e-05,3.38977305469e-05,1.69488652735e-05,3.38977305469e-05,0.000169488652735,0.000423721631837,0.0,0.0134404501619,0.00757614277724,0.0,0.00038982390129,0.00955916001424,0.000559312554025,0.0167454788902,0.000728801206759,0.00713547228013,0.0134573990271,0.000915238724767,0.0,0.00155929560516,0.000254232979102,0.0071524211454,0.00120336943442,0.00110167624278,0.000983034185861,0.000406772766563,0.000355926170743,3.38977305469e-05,0.0,0.000932187590041,0.000762698937306,0.0,0.000118642056914,1.69488652735e-05,5.08465958204e-05,0.000542363688751,0.000237284113829,0.0104066032779,0.00135590922188,0.0110676090236,0.0164403993153,6.77954610939e-05,0.0,0.00174573312317,0.0,1.69488652735e-05,1.69488652735e-05,0.0101523702988,0.000101693191641,0.0024914831952,0.0,0.0132879103744,0.0,0.00208471042864,0.0164912459111,0.00177963085371,0.00113557397332,0.0111862510805,0.00186437518008,0.0,0.0,0.0,0.00230504567719,0.00110167624278,0.000186437518008,3.38977305469e-05,0.000220335248555,0.0,0.0162709106625,0.00403382993509,0.0,0.00044067049711,0.000101693191641,0.0,0.00872866561584,0.0112540465416,1.69488652735e-05,0.0013389603566,0.0,0.00930492703513,0.000322028440196,0.00725411433705,0.000694903476212
Gen 59
string_,string_rot,integer_swap,exec_sho,integer_gte,boolean_shove,boolean_and,string_pop,exec_eq,string_yankd,string_parse_to_chars,integer_lt,string_stackdepth,exec_do*whi,char_r,char_p,boolean_sw,integer_sho,boolean_invert_second_then_a,print_integ,char_iswhitespace,string_removechar,exec_emp,string_first,string_conc,string_yank,string_concat,string_setchar,exec_yankd,string_length,string_replacefirstch,char_d,integer_eq,exec_do*tim,string_emptystri,string_reverse,exec_yankdup,string_repla,exec_,char_ya,integer_mu,string_replacech,boolean_yankd,char_isletter,integer_add,string_empty,char_isdigit,print_integer,exec_shove,integer_fromstri,string_conjchar,boolean_or,boolean_empty,exec_wh,string_fromchar,integer_yankd,exec_do*while,integer_rot,string_rest,boolean_flu,integer_stackdep,char_iswhitespa,char_allfromstring,boolean_,char_allfromstri,exec_stackdepth,exec_do*range,char_shove,char_stackdep,string_removech,exec_stackdep,boolean_sho,string_indexofch,string_stackdep,string_leng,print_ch,integer_mult,boolean_xor,boolean_yankdup,integer_min,string_emp,integer_fromch,exec_yank,char_stackdepth,char_sw,integer_fromboole,string_replace,integer_div,string_replacefirst,boolean_frominteger,string_butla,char_isdig,integer_flush,integer_,string_yankdup,char_flu,print_exec,integer_yank,boolean_frominteg,string_emptystring,char_yankd,boolean_ya,string_swap,print_ex,exec_d,integer_max,char_swap,string_contains,char_empty,exec_dup,exec_k,string_frominteg,exec_noop,exec_p,exec_r,exec_s,string_sho,integer_flu,exec_y,boolean_rot,boolean_a,integer_ya,exec_ya,boolean_invert_first_then_a,string_spl,string_occurrencesofch,integer_yankdup,string_replacechar,char_sho,string_fromboolean,print_stri,exec_string_itera,print_newli,string_ta,string_replacefirstchar,string_substring,boolean_stackdepth,string_shove,string_containschar,exec_do*ran,char_yankdup,char_yank,integer_sw,exec_do*times,string_fromch,integer_shove,exec_if,exec_whi,integer_g,char_frominteger,char_frominteg,boolean_dup,string_eq,boolean_not,char_eq,boolean_flush,boolean_pop,string_butlast,exec_swap,string_replacefir,boolean_swap,exec_sw,string_n,print_string,exec_flush,print_newline,integer_a,string_d,string_dup,string_frominteger,string_contai,integer_mod,exec_do*count,string_fir,string_r,integer_fromchar,string_p,integer_inc,boolean_invert_first_then_and,integer_fromstring,exec_rot,integer_m,boolean_d,char_rot,exec_do*cou,string_take,exec_string_iterate,string_split,integer_pop,boolean_n,string_re,boolean_p,boolean_r,exec_pop,string_sw,boolean_x,boolean_emp,string_la,char_emp,boolean_stackdep,string_parse_to_cha,print_char,integer_dup,boolean_invert_second_then_and,integer_sub,string_setch,exec_no,boolean_yank,char_islett,string_ya,string_flu,integer_stackdepth,integer_emp,integer_dec,print_boole,integer_gt,exec,string_indexofchar,in1,char_dup,char_flush,char_pop,integer_lte,string_conjch,exec_flu,string_containsch,boolean_eq,string_flush,print_boolean,integer_d,string_rever,char_,exec_empty,string_last,integer_l,exec_when,integer_i,string_substri,string_nth,string_occurrencesofchar,integer_r,integer_s,integer_p,exec_while,integer_fromboolean,integer_empty,string_fromboole
1.66663888935e-05,0.01611639806,0.000649989166847,0.000633322777954,0.0137497708372,0.0059165680572,0.000299995000083,0.0143497608373,0.000783320277995,0.000183330277829,0.0161997300045,0.000916651389144,0.00383326944551,4.99991666806e-05,0.0,4.99991666806e-05,0.0,0.0,0.000466658889019,0.0,0.000883318611356,0.00543324277929,0.000499991666806,0.00033332777787,1.66663888935e-05,0.00141664305595,0.00199996666722,0.0115331411143,4.99991666806e-05,0.0160663988934,0.0,1.66663888935e-05,0.00331661138981,1.66663888935e-05,0.0,0.0158497358377,0.00394993416776,0.000149997500042,3.3332777787e-05,0.0,0.0,0.0,4.99991666806e-05,0.000699988333528,0.00211663138948,0.000216663055616,0.0123997933368,0.000266662222296,0.0114998083365,0.000116664722255,0.00108331527808,0.0087498541691,0.0017999700005,0.0,0.0010166497225,6.66655555741e-05,0.0015333077782,0.0051499141681,0.0082331961134,0.000216663055616,8.33319444676e-05,0.0,0.00313328111198,9.99983333611e-05,0.000133331111148,0.00116664722255,0.000149997500042,0.00131664472259,0.0,1.66663888935e-05,0.000183330277829,0.0,0.0,1.66663888935e-05,0.000649989166847,0.000183330277829,0.000316661388977,0.00131664472259,0.000299995000083,0.00156664055599,0.0,0.000149997500042,0.000383326944551,0.000816653055782,1.66663888935e-05,0.0,0.0139831002817,0.00164997250046,0.0097831702805,0.000149997500042,6.66655555741e-05,0.000233329444509,0.00118331361144,0.000216663055616,0.0136664388927,0.000133331111148,3.3332777787e-05,0.00936651055816,0.0,0.000249995833403,0.0,0.0,0.0113498108365,0.0,0.0,0.00033332777787,0.00118331361144,0.00123331277812,0.00614989750171,0.00203329944501,0.00433326111231,0.0,0.00124997916701,0.0,4.99991666806e-05,0.000299995000083,1.66663888935e-05,0.0,8.33319444676e-05,0.00358327361211,0.0,9.99983333611e-05,0.0,0.0,6.66655555741e-05,9.99983333611e-05,0.00114998083365,0.00166663888935,0.0,0.0158997350044,0.000199996666722,0.0,0.0,0.0,0.000249995833403,0.00289995166747,0.0132331127815,0.000816653055782,0.00151664138931,1.66663888935e-05,0.00106664888919,0.00121664638923,0.0,0.00428326194563,1.66663888935e-05,0.000416659722338,0.00588323527941,0.00104998250029,0.000116664722255,0.00201663305612,0.0,0.00216663055616,0.00569990500158,0.0122664622256,0.000666655555741,0.0097665038916,0.00178330361161,0.00106664888919,0.000449992500125,8.33319444676e-05,0.00141664305595,1.66663888935e-05,0.0,0.0110998150031,8.33319444676e-05,0.000166663888935,0.0,0.0,0.000166663888935,0.000516658055699,0.0,0.0133664438926,0.00781653639106,0.0,0.000216663055616,0.00998316694722,0.000499991666806,0.0163330611156,0.000666655555741,0.00766653889102,0.013466442226,0.000933317778037,1.66663888935e-05,0.00166663888935,0.000233329444509,0.00754987416876,0.000883318611356,0.00148330861152,0.000949984166931,0.00061665638906,0.000683321944634,3.3332777787e-05,1.66663888935e-05,0.000933317778037,0.000916651389144,3.3332777787e-05,0.000133331111148,4.99991666806e-05,0.0,0.000483325277912,0.00028332861119,0.0110331494475,0.00126664555591,0.0108498191697,0.0160997316711,6.66655555741e-05,0.0,0.00198330027833,0.0,0.0,0.0,0.0106164897252,1.66663888935e-05,0.00243329277845,0.0,0.0129831169481,1.66663888935e-05,0.00199996666722,0.0161497308378,0.00146664222263,0.00114998083365,0.0111664805587,0.00163330611156,0.0,0.0,0.0,0.00289995166747,0.00136664388927,8.33319444676e-05,4.99991666806e-05,0.000199996666722,0.0,0.0158830686155,0.00446659222346,3.3332777787e-05,0.00033332777787,0.000133331111148,1.66663888935e-05,0.00916651389144,0.0109998166697,1.66663888935e-05,0.0012833119448,1.66663888935e-05,0.010016499725,0.000483325277912,0.00819986333561,0.000649989166847
Gen 60
string_,string_rot,integer_swap,exec_sho,integer_gte,boolean_shove,boolean_and,string_pop,exec_eq,string_yankd,string_parse_to_chars,integer_lt,string_stackdepth,exec_do*whi,char_r,char_p,boolean_sw,integer_sho,boolean_invert_second_then_a,print_integ,char_iswhitespace,string_removechar,exec_emp,string_first,string_conc,string_yank,string_concat,string_setchar,exec_yankd,string_length,string_replacefirstch,char_d,integer_eq,exec_do*tim,string_emptystri,string_reverse,exec_yankdup,string_repla,exec_,char_ya,integer_mu,string_replacech,boolean_yankd,char_isletter,integer_add,string_empty,char_isdigit,print_integer,exec_shove,integer_fromstri,string_conjchar,boolean_or,boolean_empty,exec_wh,string_fromchar,integer_yankd,exec_do*while,integer_rot,string_rest,boolean_flu,integer_stackdep,char_iswhitespa,char_allfromstring,boolean_,char_allfromstri,exec_stackdepth,exec_do*range,char_shove,char_stackdep,string_removech,exec_stackdep,boolean_sho,string_indexofch,string_stackdep,string_leng,print_ch,integer_mult,boolean_xor,boolean_yankdup,integer_min,string_emp,integer_fromch,exec_yank,char_stackdepth,char_sw,integer_fromboole,string_replace,integer_div,string_replacefirst,boolean_frominteger,string_butla,char_isdig,integer_flush,integer_,string_yankdup,char_flu,print_exec,integer_yank,boolean_frominteg,string_emptystring,char_yankd,boolean_ya,string_swap,print_ex,exec_d,integer_max,char_swap,string_contains,char_empty,exec_dup,exec_k,string_frominteg,exec_noop,exec_p,exec_r,exec_s,string_sho,integer_flu,exec_y,boolean_rot,boolean_a,integer_ya,exec_ya,boolean_invert_first_then_a,string_spl,string_occurrencesofch,integer_yankdup,string_replacechar,char_sho,string_fromboolean,print_stri,exec_string_itera,print_newli,string_ta,string_replacefirstchar,string_substring,boolean_stackdepth,string_shove,string_containschar,exec_do*ran,char_yankdup,char_yank,integer_sw,exec_do*times,string_fromch,integer_shove,exec_if,exec_whi,integer_g,char_frominteger,char_frominteg,boolean_dup,string_eq,boolean_not,char_eq,boolean_flush,boolean_pop,string_butlast,exec_swap,string_replacefir,boolean_swap,exec_sw,string_n,print_string,exec_flush,print_newline,integer_a,string_d,string_dup,string_frominteger,string_contai,integer_mod,exec_do*count,string_fir,string_r,integer_fromchar,string_p,integer_inc,boolean_invert_first_then_and,integer_fromstring,exec_rot,integer_m,boolean_d,char_rot,exec_do*cou,string_take,exec_string_iterate,string_split,integer_pop,boolean_n,string_re,boolean_p,boolean_r,exec_pop,string_sw,boolean_x,boolean_emp,string_la,char_emp,boolean_stackdep,string_parse_to_cha,print_char,integer_dup,boolean_invert_second_then_and,integer_sub,string_setch,exec_no,boolean_yank,char_islett,string_ya,string_flu,integer_stackdepth,integer_emp,integer_dec,print_boole,integer_gt,exec,string_indexofchar,in1,char_dup,char_flush,char_pop,integer_lte,string_conjch,exec_flu,string_containsch,boolean_eq,string_flush,print_boolean,integer_d,string_rever,char_,exec_empty,string_last,integer_l,exec_when,integer_i,string_substri,string_nth,string_occurrencesofchar,integer_r,integer_s,integer_p,exec_while,integer_fromboolean,integer_empty,string_fromboole
0.0,0.0159997377092,0.000508188390354,0.000573761085884,0.0137538728873,0.00613104703202,0.000524581564237,0.0143768134949,0.000852445041885,0.000147538564942,0.0160980967525,0.000901624563532,0.00373764364519,1.63931738824e-05,0.0,6.55726955296e-05,0.0,0.0,0.000442615694825,0.0,0.00113112899789,0.00532778151178,0.000475402042589,0.000360649825413,1.63931738824e-05,0.00175406960542,0.00245897608236,0.0114752217177,1.63931738824e-05,0.0160980967525,1.63931738824e-05,3.27863477648e-05,0.00388518221013,1.63931738824e-05,1.63931738824e-05,0.0158685923182,0.00429501155719,0.000131145391059,0.0,0.0,0.0,1.63931738824e-05,0.0,0.000573761085884,0.00234422386518,0.000295077129883,0.0127702824544,0.000196718086589,0.011852264717,6.55726955296e-05,0.0014917788233,0.00908181833085,0.00190160817036,0.0,0.00075408599859,9.83590432944e-05,0.00159013786659,0.00506549072966,0.00786872346355,0.000196718086589,6.55726955296e-05,0.0,0.00373764364519,0.000213111260471,0.000163931738824,0.00118030851953,0.000196718086589,0.00150817199718,0.0,3.27863477648e-05,0.000229504434354,0.0,0.0,1.63931738824e-05,0.000770479172473,8.1965869412e-05,0.000360649825413,0.000999983606826,0.000491795216472,0.00191800134424,0.0,0.000147538564942,0.00040982934706,0.000622940607531,0.0,0.0,0.0138522319306,0.00190160817036,0.00924575006967,0.000278683956001,1.63931738824e-05,0.000229504434354,0.00157374469271,0.000180324912706,0.0134751889313,4.91795216472e-05,0.000114752217177,0.00988508385108,0.0,0.000295077129883,3.27863477648e-05,0.0,0.0119014442386,0.0,1.63931738824e-05,0.00040982934706,0.00109834265012,0.00132784708447,0.00659005590072,0.0027048736906,0.00504909755578,0.0,0.00134424025836,0.0,0.000114752217177,0.000426222520942,0.0,0.0,8.1965869412e-05,0.00347535286307,0.0,0.000114752217177,0.0,0.0,0.000114752217177,3.27863477648e-05,0.00155735151883,0.00155735151883,3.27863477648e-05,0.0159341650137,0.000114752217177,0.0,0.0,1.63931738824e-05,0.000393436173177,0.00345895968919,0.0135735479746,0.00104916312847,0.00160653104047,0.0,0.00118030851953,0.000918017737414,0.0,0.00454090916542,0.0,0.000557367912001,0.00537696103343,0.000852445041885,0.000295077129883,0.00213111260471,1.63931738824e-05,0.00208193308306,0.00588514942378,0.0125243848462,0.000901624563532,0.00957361354732,0.00211471943083,0.00126227438894,0.000475402042589,6.55726955296e-05,0.00173767643153,1.63931738824e-05,8.1965869412e-05,0.0115571875871,0.000114752217177,0.000114752217177,1.63931738824e-05,1.63931738824e-05,0.000229504434354,0.000688513303061,0.0,0.0136719070179,0.00772118489861,0.0,0.000163931738824,0.010458844937,0.000606547433649,0.0162456353175,0.00108194947624,0.00783593711578,0.0132620776709,0.00119670169341,0.0,0.00168849690989,0.000180324912706,0.00722938968214,0.000786872346355,0.00137702660612,0.00126227438894,0.000393436173177,0.000508188390354,3.27863477648e-05,1.63931738824e-05,0.000803265520237,0.000704906476943,1.63931738824e-05,4.91795216472e-05,8.1965869412e-05,3.27863477648e-05,0.000442615694825,0.000196718086589,0.0114916148916,0.00142620612777,0.0106063835019,0.0160817035786,8.1965869412e-05,0.0,0.00199996721365,0.0,0.0,0.0,0.0105244176325,1.63931738824e-05,0.00262290782118,0.0,0.0134587957574,1.63931738824e-05,0.00172128325765,0.0161308831003,0.00157374469271,0.00129506073671,0.0115244012393,0.00183603547483,4.91795216472e-05,0.0,0.0,0.00252454877789,0.00178685595318,0.000196718086589,6.55726955296e-05,0.000131145391059,0.0,0.0159013786659,0.00462287503484,1.63931738824e-05,0.000245897608236,0.000196718086589,0.0,0.00932771593908,0.0107539220669,0.0,0.00142620612777,3.27863477648e-05,0.0104752381109,0.000508188390354,0.00801626202849,0.000983590432944
Gen 61
string_,string_rot,integer_swap,exec_sho,integer_gte,boolean_shove,boolean_and,string_pop,exec_eq,string_yankd,string_parse_to_chars,integer_lt,string_stackdepth,exec_do*whi,char_r,char_p,boolean_sw,integer_sho,boolean_invert_second_then_a,print_integ,char_iswhitespace,string_removechar,exec_emp,string_first,string_conc,string_yank,string_concat,string_setchar,exec_yankd,string_length,string_replacefirstch,char_d,integer_eq,exec_do*tim,string_emptystri,string_reverse,exec_yankdup,string_repla,exec_,char_ya,integer_mu,string_replacech,boolean_yankd,char_isletter,integer_add,string_empty,char_isdigit,print_integer,exec_shove,integer_fromstri,string_conjchar,boolean_or,boolean_empty,exec_wh,string_fromchar,integer_yankd,exec_do*while,integer_rot,string_rest,boolean_flu,integer_stackdep,char_iswhitespa,char_allfromstring,boolean_,char_allfromstri,exec_stackdepth,exec_do*range,char_shove,char_stackdep,string_removech,exec_stackdep,boolean_sho,string_indexofch,string_stackdep,string_leng,print_ch,integer_mult,boolean_xor,boolean_yankdup,integer_min,string_emp,integer_fromch,exec_yank,char_stackdepth,char_sw,integer_fromboole,string_replace,integer_div,string_replacefirst,boolean_frominteger,string_butla,char_isdig,integer_flush,integer_,string_yankdup,char_flu,print_exec,integer_yank,boolean_frominteg,string_emptystring,char_yankd,boolean_ya,string_swap,print_ex,exec_d,integer_max,char_swap,string_contains,char_empty,exec_dup,exec_k,string_frominteg,exec_noop,exec_p,exec_r,exec_s,string_sho,integer_flu,exec_y,boolean_rot,boolean_a,integer_ya,exec_ya,boolean_invert_first_then_a,string_spl,string_occurrencesofch,integer_yankdup,string_replacechar,char_sho,string_fromboolean,print_stri,exec_string_itera,print_newli,string_ta,string_replacefirstchar,string_substring,boolean_stackdepth,string_shove,string_containschar,exec_do*ran,char_yankdup,char_yank,integer_sw,exec_do*times,string_fromch,integer_shove,exec_if,exec_whi,integer_g,char_frominteger,char_frominteg,boolean_dup,string_eq,boolean_not,char_eq,boolean_flush,boolean_pop,string_butlast,exec_swap,string_replacefir,boolean_swap,exec_sw,string_n,print_string,exec_flush,print_newline,integer_a,string_d,string_dup,string_frominteger,string_contai,integer_mod,exec_do*count,string_fir,string_r,integer_fromchar,string_p,integer_inc,boolean_invert_first_then_and,integer_fromstring,exec_rot,integer_m,boolean_d,char_rot,exec_do*cou,string_take,exec_string_iterate,string_split,integer_pop,boolean_n,string_re,boolean_p,boolean_r,exec_pop,string_sw,boolean_x,boolean_emp,string_la,char_emp,boolean_stackdep,string_parse_to_cha,print_char,integer_dup,boolean_invert_second_then_and,integer_sub,string_setch,exec_no,boolean_yank,char_islett,string_ya,string_flu,integer_stackdepth,integer_emp,integer_dec,print_boole,integer_gt,exec,string_indexofchar,in1,char_dup,char_flush,char_pop,integer_lte,string_conjch,exec_flu,string_containsch,boolean_eq,string_flush,print_boolean,integer_d,string_rever,char_,exec_empty,string_last,integer_l,exec_when,integer_i,string_substri,string_nth,string_occurrencesofchar,integer_r,integer_s,integer_p,exec_while,integer_fromboolean,integer_empty,string_fromboole
0.0,0.01577393913,0.00056450702408,0.000435476847148,0.013838486476,0.00704827341494,0.00056450702408,0.0144836373607,0.000983855099111,9.67726326995e-05,0.0157578103579,0.00061289334043,0.00362897372623,0.0,0.0,0.000112901404816,1.61287721166e-05,0.0,0.000387090530798,0.0,0.00138707440203,0.00541926743117,0.000258060353865,0.000419348075031,3.22575442332e-05,0.0023386719569,0.00248383090595,0.0118385187336,1.61287721166e-05,0.0157416815858,4.83863163497e-05,0.0,0.00395154916856,6.45150884663e-05,0.0,0.0157094240415,0.00417735197819,0.000129030176933,1.61287721166e-05,0.0,1.61287721166e-05,1.61287721166e-05,0.0,0.000532249479847,0.00190319510976,0.000354832986565,0.013144949275,0.000290317898098,0.0118546475057,1.61287721166e-05,0.00153223335107,0.00930630151127,0.00182255124917,1.61287721166e-05,0.00061289334043,6.45150884663e-05,0.00199996774246,0.00491927549556,0.00790309833712,0.000145158949049,9.67726326995e-05,0.0,0.00283866389252,0.000290317898098,0.000112901404816,0.00145158949049,0.000225802809632,0.00161287721166,0.0,1.61287721166e-05,0.000258060353865,0.0,0.0,8.06438605829e-05,0.000499991935614,0.000177416493282,0.00056450702408,0.00125804422509,0.000629022112547,0.00254834599442,0.0,0.000193545265399,0.000241931581749,0.000854824922179,1.61287721166e-05,0.0,0.0141449331462,0.00191932388187,0.00909662747375,0.000209674037516,4.83863163497e-05,0.000403219302914,0.00170964984436,0.000129030176933,0.0135159110337,1.61287721166e-05,0.000129030176933,0.0109514362672,0.0,0.000499991935614,3.22575442332e-05,0.0,0.0119352913663,0.0,1.61287721166e-05,0.000338704214448,0.00148384703473,0.00162900598377,0.00675795551685,0.00280640634828,0.00551604006387,0.0,0.00172577861647,4.83863163497e-05,0.000145158949049,0.000370961758681,0.0,0.0,0.000145158949049,0.0037902614474,1.61287721166e-05,4.83863163497e-05,1.61287721166e-05,3.22575442332e-05,8.06438605829e-05,1.61287721166e-05,0.00169352107224,0.00209674037516,1.61287721166e-05,0.0154513636877,6.45150884663e-05,0.0,0.0,0.0,0.000419348075031,0.00380639021951,0.0135965548943,0.00109675650393,0.00206448283092,0.0,0.00122578668086,0.00112901404816,0.0,0.0056450702408,0.0,0.000580635796197,0.00561281269657,0.000548378251964,9.67726326995e-05,0.00222577055209,0.0,0.00240318704537,0.00582248673408,0.0125320559346,0.000741923517363,0.010096611345,0.00230641441267,0.00143546071838,0.000387090530798,9.67726326995e-05,0.00195158142611,0.0,3.22575442332e-05,0.0118869050499,6.45150884663e-05,4.83863163497e-05,1.61287721166e-05,1.61287721166e-05,0.000112901404816,0.000693537201013,1.61287721166e-05,0.0134997822616,0.00790309833712,1.61287721166e-05,0.000161287721166,0.0101449976613,0.000483863163497,0.0159836131675,0.00129030176933,0.00793535588136,0.0134352671731,0.00117740036451,0.0,0.00198383897034,0.000209674037516,0.00708053095918,0.000935468782762,0.00141933194626,0.00106449895969,0.000806438605829,0.000419348075031,6.45150884663e-05,0.0,0.000870953694295,0.000838696150062,3.22575442332e-05,6.45150884663e-05,3.22575442332e-05,6.45150884663e-05,0.000306446670215,0.000241931581749,0.0117740036451,0.00124191545298,0.0114514282028,0.0156126514088,4.83863163497e-05,1.61287721166e-05,0.00209674037516,1.61287721166e-05,1.61287721166e-05,1.61287721166e-05,0.0107095046854,3.22575442332e-05,0.0030160803858,0.0,0.0133707520846,3.22575442332e-05,0.00177416493282,0.0158707117627,0.00161287721166,0.00143546071838,0.0117256173288,0.00130643054144,1.61287721166e-05,0.0,3.22575442332e-05,0.00235480072902,0.00220964177997,0.000338704214448,0.000112901404816,0.000193545265399,0.0,0.015628780181,0.00453218496476,1.61287721166e-05,0.000354832986565,0.000306446670215,3.22575442332e-05,0.0094353316882,0.0102256415219,0.0,0.00148384703473,1.61287721166e-05,0.0109514362672,0.000403219302914,0.00819341623522,0.000887082466412
Gen 62
string_,string_rot,integer_swap,exec_sho,integer_gte,boolean_shove,boolean_and,string_pop,exec_eq,string_yankd,string_parse_to_chars,integer_lt,string_stackdepth,exec_do*whi,char_r,char_p,boolean_sw,integer_sho,boolean_invert_second_then_a,print_integ,char_iswhitespace,string_removechar,exec_emp,string_first,string_conc,string_yank,string_concat,string_setchar,exec_yankd,string_length,string_replacefirstch,char_d,integer_eq,exec_do*tim,string_emptystri,string_reverse,exec_yankdup,string_repla,exec_,char_ya,integer_mu,string_replacech,boolean_yankd,char_isletter,integer_add,string_empty,char_isdigit,print_integer,exec_shove,integer_fromstri,string_conjchar,boolean_or,boolean_empty,exec_wh,string_fromchar,integer_yankd,exec_do*while,integer_rot,string_rest,boolean_flu,integer_stackdep,char_iswhitespa,char_allfromstring,boolean_,char_allfromstri,exec_stackdepth,exec_do*range,char_shove,char_stackdep,string_removech,exec_stackdep,boolean_sho,string_indexofch,string_stackdep,string_leng,print_ch,integer_mult,boolean_xor,boolean_yankdup,integer_min,string_emp,integer_fromch,exec_yank,char_stackdepth,char_sw,integer_fromboole,string_replace,integer_div,string_replacefirst,boolean_frominteger,string_butla,char_isdig,integer_flush,integer_,string_yankdup,char_flu,print_exec,integer_yank,boolean_frominteg,string_emptystring,char_yankd,boolean_ya,string_swap,print_ex,exec_d,integer_max,char_swap,string_contains,char_empty,exec_dup,exec_k,string_frominteg,exec_noop,exec_p,exec_r,exec_s,string_sho,integer_flu,exec_y,boolean_rot,boolean_a,integer_ya,exec_ya,boolean_invert_first_then_a,string_spl,string_occurrencesofch,integer_yankdup,string_replacechar,char_sho,string_fromboolean,print_stri,exec_string_itera,print_newli,string_ta,string_replacefirstchar,string_substring,boolean_stackdepth,string_shove,string_containschar,exec_do*ran,char_yankdup,char_yank,integer_sw,exec_do*times,string_fromch,integer_shove,exec_if,exec_whi,integer_g,char_frominteger,char_frominteg,boolean_dup,string_eq,boolean_not,char_eq,boolean_flush,boolean_pop,string_butlast,exec_swap,string_replacefir,boolean_swap,exec_sw,string_n,print_string,exec_flush,print_newline,integer_a,string_d,string_dup,string_frominteger,string_contai,integer_mod,exec_do*count,string_fir,string_r,integer_fromchar,string_p,integer_inc,boolean_invert_first_then_and,integer_fromstring,exec_rot,integer_m,boolean_d,char_rot,exec_do*cou,string_take,exec_string_iterate,string_split,integer_pop,boolean_n,string_re,boolean_p,boolean_r,exec_pop,string_sw,boolean_x,boolean_emp,string_la,char_emp,boolean_stackdep,string_parse_to_cha,print_char,integer_dup,boolean_invert_second_then_and,integer_sub,string_setch,exec_no,boolean_yank,char_islett,string_ya,string_flu,integer_stackdepth,integer_emp,integer_dec,print_boole,integer_gt,exec,string_indexofchar,in1,char_dup,char_flush,char_pop,integer_lte,string_conjch,exec_flu,string_containsch,boolean_eq,string_flush,print_boolean,integer_d,string_rever,char_,exec_empty,string_last,integer_l,exec_when,integer_i,string_substri,string_nth,string_occurrencesofchar,integer_r,integer_s,integer_p,exec_while,integer_fromboolean,integer_empty,string_fromboole
3.17455278488e-05,0.0155076903541,0.000634910556975,0.000349200806336,0.0132378851129,0.00688877954318,0.000682528848748,0.0142854875319,0.00090474754369,7.93638196219e-05,0.0154759448263,0.000809510960143,0.00293646132601,3.17455278488e-05,1.58727639244e-05,0.000111109347471,0.0,0.0,0.000412691862034,0.0,0.00180949508738,0.00450786495452,0.00025396422279,0.00039681909811,0.0,0.00219044142156,0.00244440564435,0.0113648989699,1.58727639244e-05,0.0155711814098,0.0,0.0,0.00439675560705,3.17455278488e-05,1.58727639244e-05,0.0154600720623,0.00457135601022,0.000190473167093,1.58727639244e-05,0.0,0.0,0.0,0.0,0.00050792844558,0.00204758654625,0.000523801209505,0.0129839208901,0.000238091458866,0.0121585371661,1.58727639244e-05,0.00187298614308,0.00920620307614,0.00223805971334,0.0,0.0006507833209,4.76182917731e-05,0.00226980524119,0.00409517309249,0.0076824177394,0.000142854875319,4.76182917731e-05,3.17455278488e-05,0.00323804384057,0.000380946334185,0.000142854875319,0.0019523499627,0.000126982111395,0.00255551499183,1.58727639244e-05,4.76182917731e-05,0.000174600403168,0.0,0.0,9.52365835463e-05,0.000634910556975,0.000174600403168,0.000523801209505,0.00152378533674,0.000857129251917,0.00220631418549,0.0,0.000142854875319,0.000428564625958,0.00076189266837,1.58727639244e-05,1.58727639244e-05,0.0135394676275,0.00222218694941,0.00860303804702,0.000190473167093,1.58727639244e-05,0.000174600403168,0.00204758654625,0.000111109347471,0.0127934477231,0.0,7.93638196219e-05,0.0108887160521,0.0,0.000825383724068,0.0,1.58727639244e-05,0.0118728274154,0.0,0.0,0.000380946334185,0.00142854875319,0.00147616704497,0.00607926858304,0.00306344343741,0.00607926858304,1.58727639244e-05,0.00139680322535,0.0,9.52365835463e-05,0.000571419501278,1.58727639244e-05,0.0,7.93638196219e-05,0.00361899017476,0.0,6.34910556975e-05,0.0,0.0,9.52365835463e-05,3.17455278488e-05,0.0024761511722,0.00231742353296,0.0,0.0153807082427,0.000142854875319,0.0,0.0,1.58727639244e-05,0.000238091458866,0.00407930032857,0.0129521753623,0.00106347518293,0.00279360645069,0.0,0.00104760241901,0.00128569387787,0.0,0.00504753892795,0.0,0.000984111363312,0.00536499420644,0.000460310153807,0.000238091458866,0.001888858907,0.0,0.00207933207409,0.00617450516658,0.0127458294313,0.000793638196219,0.00979349534134,0.00185711337915,0.00139680322535,0.000349200806336,4.76182917731e-05,0.00212695036587,0.0,0.000126982111395,0.011555372137,4.76182917731e-05,9.52365835463e-05,0.0,0.0,0.000634910556975,0.000619037793051,1.58727639244e-05,0.0136664497389,0.00750781733623,3.17455278488e-05,0.000333328042412,0.0100950778559,0.000539673973429,0.0156981635212,0.00163489468421,0.00792050919827,0.0132378851129,0.0012380755861,3.17455278488e-05,0.00252376946398,0.000317455278488,0.00787289090649,0.000952365835463,0.00152378533674,0.00144442151712,0.000571419501278,0.000523801209505,3.17455278488e-05,1.58727639244e-05,0.000873002015841,0.00076189266837,1.58727639244e-05,1.58727639244e-05,1.58727639244e-05,4.76182917731e-05,0.000317455278488,0.000126982111395,0.0114601355534,0.00155553086459,0.0111109347471,0.0154600720623,1.58727639244e-05,1.58727639244e-05,0.00212695036587,1.58727639244e-05,1.58727639244e-05,0.0,0.0110156981635,1.58727639244e-05,0.00271424263107,0.0,0.0129839208901,3.17455278488e-05,0.0018253678513,0.0156346724655,0.00231742353296,0.0013015666418,0.0112855351502,0.00166664021206,0.000142854875319,0.0,3.17455278488e-05,0.00296820685386,0.00269836986714,0.000222218694941,0.000126982111395,0.000174600403168,0.0,0.0151426167839,0.00439675560705,0.0,0.000222218694941,0.000222218694941,3.17455278488e-05,0.00941254900716,0.0100157140363,0.0,0.00149203980889,0.0,0.0110156981635,0.000349200806336,0.00788876367042,0.000619037793051
Gen 63
string_,string_rot,integer_swap,exec_sho,integer_gte,boolean_shove,boolean_and,string_pop,exec_eq,string_yankd,string_parse_to_chars,integer_lt,string_stackdepth,exec_do*whi,char_r,char_p,boolean_sw,integer_sho,boolean_invert_second_then_a,print_integ,char_iswhitespace,string_removechar,exec_emp,string_first,string_conc,string_yank,string_concat,string_setchar,exec_yankd,string_length,string_replacefirstch,char_d,integer_eq,exec_do*tim,string_emptystri,string_reverse,exec_yankdup,string_repla,exec_,char_ya,integer_mu,string_replacech,boolean_yankd,char_isletter,integer_add,string_empty,char_isdigit,print_integer,exec_shove,integer_fromstri,string_conjchar,boolean_or,boolean_empty,exec_wh,string_fromchar,integer_yankd,exec_do*while,integer_rot,string_rest,boolean_flu,integer_stackdep,char_iswhitespa,char_allfromstring,boolean_,char_allfromstri,exec_stackdepth,exec_do*range,char_shove,char_stackdep,string_removech,exec_stackdep,boolean_sho,string_indexofch,string_stackdep,string_leng,print_ch,integer_mult,boolean_xor,boolean_yankdup,integer_min,string_emp,integer_fromch,exec_yank,char_stackdepth,char_sw,integer_fromboole,string_replace,integer_div,string_replacefirst,boolean_frominteger,string_butla,char_isdig,integer_flush,integer_,string_yankdup,char_flu,print_exec,integer_yank,boolean_frominteg,string_emptystring,char_yankd,boolean_ya,string_swap,print_ex,exec_d,integer_max,char_swap,string_contains,char_empty,exec_dup,exec_k,string_frominteg,exec_noop,exec_p,exec_r,exec_s,string_sho,integer_flu,exec_y,boolean_rot,boolean_a,integer_ya,exec_ya,boolean_invert_first_then_a,string_spl,string_occurrencesofch,integer_yankdup,string_replacechar,char_sho,string_fromboolean,print_stri,exec_string_itera,print_newli,string_ta,string_replacefirstchar,string_substring,boolean_stackdepth,string_shove,string_containschar,exec_do*ran,char_yankdup,char_yank,integer_sw,exec_do*times,string_fromch,integer_shove,exec_if,exec_whi,integer_g,char_frominteger,char_frominteg,boolean_dup,string_eq,boolean_not,char_eq,boolean_flush,boolean_pop,string_butlast,exec_swap,string_replacefir,boolean_swap,exec_sw,string_n,print_string,exec_flush,print_newline,integer_a,string_d,string_dup,string_frominteger,string_contai,integer_mod,exec_do*count,string_fir,string_r,integer_fromchar,string_p,integer_inc,boolean_invert_first_then_and,integer_fromstring,exec_rot,integer_m,boolean_d,char_rot,exec_do*cou,string_take,exec_string_iterate,string_split,integer_pop,boolean_n,string_re,boolean_p,boolean_r,exec_pop,string_sw,boolean_x,boolean_emp,string_la,char_emp,boolean_stackdep,string_parse_to_cha,print_char,integer_dup,boolean_invert_second_then_and,integer_sub,string_setch,exec_no,boolean_yank,char_islett,string_ya,string_flu,integer_stackdepth,integer_emp,integer_dec,print_boole,integer_gt,exec,string_indexofchar,in1,char_dup,char_flush,char_pop,integer_lte,string_conjch,exec_flu,string_containsch,boolean_eq,string_flush,print_boolean,integer_d,string_rever,char_,exec_empty,string_last,integer_l,exec_when,integer_i,string_substri,string_nth,string_occurrencesofchar,integer_r,integer_s,integer_p,exec_while,integer_fromboolean,integer_empty,string_fromboole
0.0,0.0153278855018,0.00073436352557,0.000265620849674,0.0127341760285,0.00707801440602,0.000406243652443,0.0137654099155,0.000749988281433,9.37485351791e-05,0.0152653864783,0.000656239746254,0.00335932251059,0.0,0.0,0.000140622802769,1.56247558632e-05,0.0,0.000765613037296,0.0,0.00182809643599,0.00487492382932,0.000281245605537,0.000265620849674,1.56247558632e-05,0.00220309057671,0.00217184106498,0.0111560756863,0.0,0.0153591350135,0.0,1.56247558632e-05,0.00453117920032,3.12495117264e-05,1.56247558632e-05,0.0152028874549,0.00478117529414,0.000218746582085,1.56247558632e-05,0.0,0.0,0.0,0.0,0.000765613037296,0.00156247558632,0.000546866455212,0.0124373056671,0.000124998046906,0.0117185668974,6.24990234528e-05,0.00171872314495,0.00887486133029,0.00190622021531,0.0,0.000656239746254,3.12495117264e-05,0.00168747363322,0.00393743847752,0.00735926001156,0.000124998046906,3.12495117264e-05,6.24990234528e-05,0.0028437055671,7.81237793159e-05,0.000140622802769,0.00164059936563,9.37485351791e-05,0.00304682739332,0.0,4.68742675896e-05,0.000234371337948,1.56247558632e-05,3.12495117264e-05,0.000203121826221,0.000624990234528,0.000203121826221,0.000531241699348,0.00146872705114,0.000984359619381,0.00210934204153,0.0,0.000203121826221,0.000624990234528,0.000656239746254,1.56247558632e-05,0.0,0.0129529226106,0.00192184497117,0.00848424243371,0.000249996093811,0.0,0.000156247558632,0.00198434399463,0.000140622802769,0.0131247949251,0.0,4.68742675896e-05,0.0105623349635,0.0,0.000874986328339,0.0,0.0,0.0116716926298,0.0,3.12495117264e-05,0.000234371337948,0.00128122998078,0.000890611084202,0.0055624130873,0.00364056811612,0.00596865673974,0.0,0.00157810034218,0.0,0.000156247558632,0.000453117920032,0.0,3.12495117264e-05,6.24990234528e-05,0.0028437055671,0.0,9.37485351791e-05,1.56247558632e-05,1.56247558632e-05,0.000156247558632,1.56247558632e-05,0.0022499648443,0.00189059545945,3.12495117264e-05,0.0150310151404,0.000234371337948,0.0,0.0,0.0,0.00034374462899,0.00431243261824,0.0127810502961,0.0011874814456,0.00218746582085,0.0,0.000937485351791,0.00104685864283,0.0,0.00474992578241,1.56247558632e-05,0.000796862549023,0.00590615771629,0.000468742675896,0.000124998046906,0.00176559741254,0.0,0.00262495898502,0.00640614990391,0.0121716848174,0.000765613037296,0.00960922485586,0.00221871533257,0.00149997656287,0.000234371337948,3.12495117264e-05,0.00206246777394,0.0,4.68742675896e-05,0.0114841955594,0.000140622802769,9.37485351791e-05,0.0,0.0,0.000593740722801,0.000421868408306,0.0,0.0133279167513,0.00698426587085,0.0,0.000359369384853,0.0101873408228,0.000374994140717,0.0154841330604,0.0011874814456,0.00790612646677,0.0126560522492,0.00132810424837,7.81237793159e-05,0.00221871533257,0.000265620849674,0.0074686333026,0.00131247949251,0.00143747753941,0.00199996875049,0.000609365478664,0.000499992187622,1.56247558632e-05,0.0,0.000468742675896,0.000812487304886,0.0,4.68742675896e-05,0.0,3.12495117264e-05,0.00034374462899,9.37485351791e-05,0.0117029421415,0.00114060717801,0.0104373369166,0.0152497617225,0.000140622802769,6.24990234528e-05,0.00206246777394,0.0,0.0,0.0,0.0109217043484,3.12495117264e-05,0.00267183325261,0.0,0.0127029265168,1.56247558632e-05,0.00162497460977,0.0154060092811,0.0022499648443,0.00129685473664,0.0112341994656,0.00137497851596,0.000171872314495,0.0,1.56247558632e-05,0.00290620459055,0.00295307885814,0.000468742675896,0.000124998046906,0.000203121826221,1.56247558632e-05,0.0150466398963,0.00457805346791,3.12495117264e-05,0.000218746582085,0.000124998046906,0.0,0.00889048608615,0.00906235840065,1.56247558632e-05,0.0010624833987,3.12495117264e-05,0.0107967063015,0.000312495117264,0.00792175122264,0.000749988281433
Gen 64
string_,string_rot,integer_swap,exec_sho,integer_gte,boolean_shove,boolean_and,string_pop,exec_eq,string_yankd,string_parse_to_chars,integer_lt,string_stackdepth,exec_do*whi,char_r,char_p,boolean_sw,integer_sho,boolean_invert_second_then_a,print_integ,char_iswhitespace,string_removechar,exec_emp,string_first,string_conc,string_yank,string_concat,string_setchar,exec_yankd,string_length,string_replacefirstch,char_d,integer_eq,exec_do*tim,string_emptystri,string_reverse,exec_yankdup,string_repla,exec_,char_ya,integer_mu,string_replacech,boolean_yankd,char_isletter,integer_add,string_empty,char_isdigit,print_integer,exec_shove,integer_fromstri,string_conjchar,boolean_or,boolean_empty,exec_wh,string_fromchar,integer_yankd,exec_do*while,integer_rot,string_rest,boolean_flu,integer_stackdep,char_iswhitespa,char_allfromstring,boolean_,char_allfromstri,exec_stackdepth,exec_do*range,char_shove,char_stackdep,string_removech,exec_stackdep,boolean_sho,string_indexofch,string_stackdep,string_leng,print_ch,integer_mult,boolean_xor,boolean_yankdup,integer_min,string_emp,integer_fromch,exec_yank,char_stackdepth,char_sw,integer_fromboole,string_replace,integer_div,string_replacefirst,boolean_frominteger,string_butla,char_isdig,integer_flush,integer_,string_yankdup,char_flu,print_exec,integer_yank,boolean_frominteg,string_emptystring,char_yankd,boolean_ya,string_swap,print_ex,exec_d,integer_max,char_swap,string_contains,char_empty,exec_dup,exec_k,string_frominteg,exec_noop,exec_p,exec_r,exec_s,string_sho,integer_flu,exec_y,boolean_rot,boolean_a,integer_ya,exec_ya,boolean_invert_first_then_a,string_spl,string_occurrencesofch,integer_yankdup,string_replacechar,char_sho,string_fromboolean,print_stri,exec_string_itera,print_newli,string_ta,string_replacefirstchar,string_substring,boolean_stackdepth,string_shove,string_containschar,exec_do*ran,char_yankdup,char_yank,integer_sw,exec_do*times,string_fromch,integer_shove,exec_if,exec_whi,integer_g,char_frominteger,char_frominteg,boolean_dup,string_eq,boolean_not,char_eq,boolean_flush,boolean_pop,string_butlast,exec_swap,string_replacefir,boolean_swap,exec_sw,string_n,print_string,exec_flush,print_newline,integer_a,string_d,string_dup,string_frominteger,string_contai,integer_mod,exec_do*count,string_fir,string_r,integer_fromchar,string_p,integer_inc,boolean_invert_first_then_and,integer_fromstring,exec_rot,integer_m,boolean_d,char_rot,exec_do*cou,string_take,exec_string_iterate,string_split,integer_pop,boolean_n,string_re,boolean_p,boolean_r,exec_pop,string_sw,boolean_x,boolean_emp,string_la,char_emp,boolean_stackdep,string_parse_to_cha,print_char,integer_dup,boolean_invert_second_then_and,integer_sub,string_setch,exec_no,boolean_yank,char_islett,string_ya,string_flu,integer_stackdepth,integer_emp,integer_dec,print_boole,integer_gt,exec,string_indexofchar,in1,char_dup,char_flush,char_pop,integer_lte,string_conjch,exec_flu,string_containsch,boolean_eq,string_flush,print_boolean,integer_d,string_rever,char_,exec_empty,string_last,integer_l,exec_when,integer_i,string_substri,string_nth,string_occurrencesofchar,integer_r,integer_s,integer_p,exec_while,integer_fromboolean,integer_empty,string_fromboole
3.07687574037e-05,0.015015153613,0.000753834556391,0.000199996923124,0.0128305718374,0.00701527668805,0.00041537822495,0.013569022015,0.000723065798988,0.000138459408317,0.0149074629621,0.000399993846249,0.00292303195335,0.0,0.0,0.000123075029615,1.53843787019e-05,0.0,0.000815372071199,0.0,0.00173843479331,0.00484607929109,0.000369225088845,0.000230765680528,1.53843787019e-05,0.00192304733773,0.00183074106552,0.0107382963339,1.53843787019e-05,0.0150305379917,0.0,1.53843787019e-05,0.00467685112537,1.53843787019e-05,0.0,0.0147228504177,0.00501530745681,0.000107690650913,0.0,0.0,0.0,0.0,1.53843787019e-05,0.00113844402394,0.00139997846187,0.00041537822495,0.0123690404763,0.000184612544422,0.0111382901802,3.07687574037e-05,0.00155382224889,0.00896909278319,0.00170766603591,1.53843787019e-05,0.000769218935093,1.53843787019e-05,0.00224611929047,0.0041383978708,0.00730757988339,0.000107690650913,4.61531361056e-05,4.61531361056e-05,0.00263072875802,0.000107690650913,0.000153843787019,0.0016307441424,0.000215381301826,0.00283072568114,0.0,9.23062722112e-05,0.000138459408317,0.0,0.0,0.000184612544422,0.000615375148075,0.00024615005923,0.000307687574037,0.00210765988216,0.00104613775173,0.00199996923124,1.53843787019e-05,0.000138459408317,0.000353840710143,0.000799987692497,1.53843787019e-05,0.0,0.0130767218966,0.00236919432009,0.00829218012031,0.000307687574037,0.000123075029615,0.000261534437932,0.00189227858033,0.000199996923124,0.012953646867,1.53843787019e-05,7.69218935093e-05,0.0105536837895,1.53843787019e-05,0.00118459716004,6.15375148075e-05,0.0,0.0112459808311,0.0,1.53843787019e-05,0.000353840710143,0.0016153597637,0.00123075029615,0.00533837940955,0.00341533207181,0.00612298272334,0.0,0.00189227858033,0.0,9.23062722112e-05,0.000615375148075,1.53843787019e-05,1.53843787019e-05,0.000123075029615,0.00323071952739,1.53843787019e-05,0.000123075029615,0.0,0.0,0.000107690650913,0.0,0.00190766295903,0.00127690343225,1.53843787019e-05,0.0146613129029,6.15375148075e-05,0.0,0.0,3.07687574037e-05,0.000323071952739,0.00458454485316,0.0126305749142,0.00113844402394,0.00238457869879,0.0,0.000953831479516,0.000953831479516,0.0,0.00483069491239,1.53843787019e-05,0.000692297041584,0.00609221396594,0.000215381301826,0.000123075029615,0.00156920662759,1.53843787019e-05,0.00255380686451,0.00624605775296,0.0119228934939,0.000799987692497,0.00956908355256,0.00218458177566,0.00147690035538,0.000353840710143,9.23062722112e-05,0.00198458485254,0.0,0.0,0.0117228965708,1.53843787019e-05,4.61531361056e-05,0.0,0.0,0.000615375148075,0.000538453254565,0.0,0.0127690343225,0.00644605467608,0.0,0.000184612544422,0.00938447100814,0.000399993846249,0.0152613036723,0.00121536591745,0.00787680189536,0.0127074968077,0.00139997846187,7.69218935093e-05,0.0024461162136,0.000292303195335,0.00809218319718,0.00113844402394,0.00175381917201,0.00219996615437,0.00073845017769,0.000523068875863,1.53843787019e-05,0.0,0.000369225088845,0.000799987692497,4.61531361056e-05,6.15375148075e-05,3.07687574037e-05,6.15375148075e-05,0.000307687574037,0.000169228165721,0.011199827695,0.00101536899432,0.0103844556238,0.014861309826,3.07687574037e-05,9.23062722112e-05,0.00252303810711,0.0,1.53843787019e-05,0.0,0.0107382963339,1.53843787019e-05,0.00273841940893,0.0,0.0124613467485,1.53843787019e-05,0.00156920662759,0.0151689974,0.00184612544422,0.00159997538499,0.0114305933755,0.00149228473408,0.000123075029615,0.0,3.07687574037e-05,0.00301533822557,0.00313841325518,0.000707681420286,7.69218935093e-05,0.000199996923124,1.53843787019e-05,0.0146151597668,0.00361532899494,3.07687574037e-05,0.000369225088845,0.000199996923124,0.0,0.00886140213227,0.00946139290165,1.53843787019e-05,0.000953831479516,0.0,0.0107690650913,0.00024615005923,0.00813833633329,0.000784603313795
Gen 65
string_,string_rot,integer_swap,exec_sho,integer_gte,boolean_shove,boolean_and,string_pop,exec_eq,string_yankd,string_parse_to_chars,integer_lt,string_stackdepth,exec_do*whi,char_r,char_p,boolean_sw,integer_sho,boolean_invert_second_then_a,print_integ,char_iswhitespace,string_removechar,exec_emp,string_first,string_conc,string_yank,string_concat,string_setchar,exec_yankd,string_length,string_replacefirstch,char_d,integer_eq,exec_do*tim,string_emptystri,string_reverse,exec_yankdup,string_repla,exec_,char_ya,integer_mu,string_replacech,boolean_yankd,char_isletter,integer_add,string_empty,char_isdigit,print_integer,exec_shove,integer_fromstri,string_conjchar,boolean_or,boolean_empty,exec_wh,string_fromchar,integer_yankd,exec_do*while,integer_rot,string_rest,boolean_flu,integer_stackdep,char_iswhitespa,char_allfromstring,boolean_,char_allfromstri,exec_stackdepth,exec_do*range,char_shove,char_stackdep,string_removech,exec_stackdep,boolean_sho,string_indexofch,string_stackdep,string_leng,print_ch,integer_mult,boolean_xor,boolean_yankdup,integer_min,string_emp,integer_fromch,exec_yank,char_stackdepth,char_sw,integer_fromboole,string_replace,integer_div,string_replacefirst,boolean_frominteger,string_butla,char_isdig,integer_flush,integer_,string_yankdup,char_flu,print_exec,integer_yank,boolean_frominteg,string_emptystring,char_yankd,boolean_ya,string_swap,print_ex,exec_d,integer_max,char_swap,string_contains,char_empty,exec_dup,exec_k,string_frominteg,exec_noop,exec_p,exec_r,exec_s,string_sho,integer_flu,exec_y,boolean_rot,boolean_a,integer_ya,exec_ya,boolean_invert_first_then_a,string_spl,string_occurrencesofch,integer_yankdup,string_replacechar,char_sho,string_fromboolean,print_stri,exec_string_itera,print_newli,string_ta,string_replacefirstchar,string_substring,boolean_stackdepth,string_shove,string_containschar,exec_do*ran,char_yankdup,char_yank,integer_sw,exec_do*times,string_fromch,integer_shove,exec_if,exec_whi,integer_g,char_frominteger,char_frominteg,boolean_dup,string_eq,boolean_not,char_eq,boolean_flush,boolean_pop,string_butlast,exec_swap,string_replacefir,boolean_swap,exec_sw,string_n,print_string,exec_flush,print_newline,integer_a,string_d,string_dup,string_frominteger,string_contai,integer_mod,exec_do*count,string_fir,string_r,integer_fromchar,string_p,integer_inc,boolean_invert_first_then_and,integer_fromstring,exec_rot,integer_m,boolean_d,char_rot,exec_do*cou,string_take,exec_string_iterate,string_split,integer_pop,boolean_n,string_re,boolean_p,boolean_r,exec_pop,string_sw,boolean_x,boolean_emp,string_la,char_emp,boolean_stackdep,string_parse_to_cha,print_char,integer_dup,boolean_invert_second_then_and,integer_sub,string_setch,exec_no,boolean_yank,char_islett,string_ya,string_flu,integer_stackdepth,integer_emp,integer_dec,print_boole,integer_gt,exec,string_indexofchar,in1,char_dup,char_flush,char_pop,integer_lte,string_conjch,exec_flu,string_containsch,boolean_eq,string_flush,print_boolean,integer_d,string_rever,char_,exec_empty,string_last,integer_l,exec_when,integer_i,string_substri,string_nth,string_occurrencesofchar,integer_r,integer_s,integer_p,exec_while,integer_fromboolean,integer_empty,string_fromboole
0.0,0.0147725034469,0.000772715564916,0.000393933425251,0.0126967773216,0.00727261708156,0.00053029499553,0.0133179800306,0.00062120270905,0.000136361570279,0.014696747019,0.000257571854972,0.00321207254436,0.0,0.0,0.000151512855866,3.03025711732e-05,0.0,0.00062120270905,0.0,0.00172724655687,0.00483326010212,0.000378782139665,0.000378782139665,1.51512855866e-05,0.0020302722686,0.00199996969743,0.0104846896259,1.51512855866e-05,0.014696747019,1.51512855866e-05,1.51512855866e-05,0.00448478053363,1.51512855866e-05,0.0,0.0143785700217,0.00531810124089,7.57564279329e-05,4.54538567597e-05,0.0,3.03025711732e-05,0.0,0.0,0.00116664899017,0.00166664141452,0.000757564279329,0.0121210284693,0.000136361570279,0.0114846744746,1.51512855866e-05,0.00122725413251,0.00907562006636,0.00198481841184,0.0,0.000636353994636,9.09077135195e-05,0.00149997727307,0.00421205739307,0.00783321464826,6.06051423463e-05,9.09077135195e-05,0.0,0.00310601354525,0.000106058999106,0.000151512855866,0.00160603627218,0.000212117998212,0.00334843411463,0.0,4.54538567597e-05,0.000106058999106,4.54538567597e-05,0.0,0.000166664141452,0.000484841138771,6.06051423463e-05,0.000363630854078,0.00175754912804,0.000999984848714,0.00189391069832,0.0,0.000166664141452,0.000499992424357,0.000757564279329,1.51512855866e-05,0.0,0.0127422311783,0.00184845684156,0.00842411478614,0.000196966712626,6.06051423463e-05,0.000196966712626,0.00240905440827,0.000257571854972,0.0128028363207,3.03025711732e-05,6.06051423463e-05,0.010151361343,1.51512855866e-05,0.00148482598749,1.51512855866e-05,0.0,0.0113180103332,0.0,1.51512855866e-05,0.000409084710838,0.00142422084514,0.0012424054181,0.00592415266435,0.00375751882547,0.0064392963743,0.0,0.00160603627218,0.0,0.000106058999106,0.000590900137877,3.03025711732e-05,0.0,3.03025711732e-05,0.00299995454614,0.0,0.000106058999106,0.0,0.0,4.54538567597e-05,3.03025711732e-05,0.00224239026681,0.00113634641899,0.0,0.0143028135937,7.57564279329e-05,0.0,0.0,0.0,0.000469689853184,0.00533325252648,0.0123786003242,0.000863623278435,0.00198481841184,0.0,0.000696959136983,0.00121210284693,0.0,0.00471204981743,1.51512855866e-05,0.00066665656581,0.00669686822927,0.000106058999106,0.000121210284693,0.00137876698838,1.51512855866e-05,0.00283329040469,0.0072271632248,0.0116967924728,0.000924228420782,0.00968167148983,0.00231814669475,0.00159088498659,0.000318176997318,9.09077135195e-05,0.00221208769564,0.0,6.06051423463e-05,0.0113937667611,4.54538567597e-05,9.09077135195e-05,4.54538567597e-05,0.0,0.000424235996424,0.000727261708156,0.0,0.012863441463,0.00640899380312,0.0,0.000227269283799,0.00987863820245,0.000787866850502,0.0150452265875,0.00140906955955,0.0079089710762,0.0123634490387,0.00151512855866,3.03025711732e-05,0.00260602112089,0.000227269283799,0.00866653535552,0.00125755670369,0.00168179270011,0.0024848108362,0.000712110422569,0.000469689853184,3.03025711732e-05,0.0,0.000318176997318,0.000969682277541,1.51512855866e-05,9.09077135195e-05,0.0,0.0,0.000227269283799,7.57564279329e-05,0.0111513461917,0.00119695156134,0.0104846896259,0.0145300828775,7.57564279329e-05,6.06051423463e-05,0.00193936455508,1.51512855866e-05,0.0,0.0,0.010590748625,3.03025711732e-05,0.00268177754883,0.0,0.0125604157513,1.51512855866e-05,0.000969682277541,0.0149088650172,0.00195451584067,0.00122725413251,0.0110604384782,0.00113634641899,0.000181815427039,0.0,3.03025711732e-05,0.00324237511553,0.00346964439933,0.000681807851396,0.000106058999106,0.000166664141452,0.0,0.014439175164,0.00309086225966,0.0,0.000393933425251,0.000272723140558,0.0,0.00868168664111,0.00896956106726,0.0,0.000787866850502,1.51512855866e-05,0.0107271101953,0.000348479568491,0.00833320707262,0.000772715564916
Gen 66
string_,string_rot,integer_swap,exec_sho,integer_gte,boolean_shove,boolean_and,string_pop,exec_eq,string_yankd,string_parse_to_chars,integer_lt,string_stackdepth,exec_do*whi,char_r,char_p,boolean_sw,integer_sho,boolean_invert_second_then_a,print_integ,char_iswhitespace,string_removechar,exec_emp,string_first,string_conc,string_yank,string_concat,string_setchar,exec_yankd,string_length,string_replacefirstch,char_d,integer_eq,exec_do*tim,string_emptystri,string_reverse,exec_yankdup,string_repla,exec_,char_ya,integer_mu,string_replacech,boolean_yankd,char_isletter,integer_add,string_empty,char_isdigit,print_integer,exec_shove,integer_fromstri,string_conjchar,boolean_or,boolean_empty,exec_wh,string_fromchar,integer_yankd,exec_do*while,integer_rot,string_rest,boolean_flu,integer_stackdep,char_iswhitespa,char_allfromstring,boolean_,char_allfromstri,exec_stackdepth,exec_do*range,char_shove,char_stackdep,string_removech,exec_stackdep,boolean_sho,string_indexofch,string_stackdep,string_leng,print_ch,integer_mult,boolean_xor,boolean_yankdup,integer_min,string_emp,integer_fromch,exec_yank,char_stackdepth,char_sw,integer_fromboole,string_replace,integer_div,string_replacefirst,boolean_frominteger,string_butla,char_isdig,integer_flush,integer_,string_yankdup,char_flu,print_exec,integer_yank,boolean_frominteg,string_emptystring,char_yankd,boolean_ya,string_swap,print_ex,exec_d,integer_max,char_swap,string_contains,char_empty,exec_dup,exec_k,string_frominteg,exec_noop,exec_p,exec_r,exec_s,string_sho,integer_flu,exec_y,boolean_rot,boolean_a,integer_ya,exec_ya,boolean_invert_first_then_a,string_spl,string_occurrencesofch,integer_yankdup,string_replacechar,char_sho,string_fromboolean,print_stri,exec_string_itera,print_newli,string_ta,string_replacefirstchar,string_substring,boolean_stackdepth,string_shove,string_containschar,exec_do*ran,char_yankdup,char_yank,integer_sw,exec_do*times,string_fromch,integer_shove,exec_if,exec_whi,integer_g,char_frominteger,char_frominteg,boolean_dup,string_eq,boolean_not,char_eq,boolean_flush,boolean_pop,string_butlast,exec_swap,string_replacefir,boolean_swap,exec_sw,string_n,print_string,exec_flush,print_newline,integer_a,string_d,string_dup,string_frominteger,string_contai,integer_mod,exec_do*count,string_fir,string_r,integer_fromchar,string_p,integer_inc,boolean_invert_first_then_and,integer_fromstring,exec_rot,integer_m,boolean_d,char_rot,exec_do*cou,string_take,exec_string_iterate,string_split,integer_pop,boolean_n,string_re,boolean_p,boolean_r,exec_pop,string_sw,boolean_x,boolean_emp,string_la,char_emp,boolean_stackdep,string_parse_to_cha,print_char,integer_dup,boolean_invert_second_then_and,integer_sub,string_setch,exec_no,boolean_yank,char_islett,string_ya,string_flu,integer_stackdepth,integer_emp,integer_dec,print_boole,integer_gt,exec,string_indexofchar,in1,char_dup,char_flush,char_pop,integer_lte,string_conjch,exec_flu,string_containsch,boolean_eq,string_flush,print_boolean,integer_d,string_rever,char_,exec_empty,string_last,integer_l,exec_when,integer_i,string_substri,string_nth,string_occurrencesofchar,integer_r,integer_s,integer_p,exec_while,integer_fromboolean,integer_empty,string_fromboole
1.49251503709e-05,0.0145818719124,0.000805958120028,0.000522380262981,0.0126266772138,0.00740287458396,0.000432829360756,0.0133729347323,0.000447754511127,0.000149251503709,0.0145520216116,0.00032835330816,0.00338800913419,1.49251503709e-05,2.98503007418e-05,8.95509022253e-05,1.49251503709e-05,0.0,0.000626856315577,0.0,0.00180594319488,0.00522380262981,0.000373128759272,0.000388053909643,0.0,0.00240294920971,0.00207459590155,0.0106864076656,0.0,0.0145520216116,0.0,0.0,0.00498500022388,0.0,1.49251503709e-05,0.0144027701079,0.0056417068402,0.000104476052596,1.49251503709e-05,0.0,0.0,0.0,2.98503007418e-05,0.00132833838301,0.00185071864599,0.000865658721512,0.0123878748078,0.000268652706676,0.0115819166878,5.97006014836e-05,0.00114923657856,0.00968642259071,0.00174624259339,0.0,0.000776107819286,5.97006014836e-05,0.00114923657856,0.00408949120162,0.00704467097506,0.00016417665408,2.98503007418e-05,0.0,0.00310443127715,5.97006014836e-05,2.98503007418e-05,0.00159699108969,0.000238802405934,0.00379098819421,0.0,4.47754511127e-05,7.46257518544e-05,1.49251503709e-05,0.0,0.000238802405934,0.000597006014836,7.46257518544e-05,0.000402979060014,0.00197011984896,0.00120893718004,0.0018954940971,0.0,0.000134326353338,0.000462679661498,0.000776107819286,0.0,0.0,0.0127311532664,0.00185071864599,0.00858196146326,0.000134326353338,7.46257518544e-05,0.00016417665408,0.00250742526231,0.00016417665408,0.0128505544693,0.0,4.47754511127e-05,0.0105073058611,0.0,0.00149251503709,0.0,0.0,0.0113729645826,0.0,2.98503007418e-05,0.000537305413352,0.00132833838301,0.00155221563857,0.00617901225355,0.00420889240459,0.00708944642617,0.0,0.00161191624006,1.49251503709e-05,0.000149251503709,0.000597006014836,2.98503007418e-05,4.47754511127e-05,8.95509022253e-05,0.00270145221713,1.49251503709e-05,0.000149251503709,0.0,0.0,2.98503007418e-05,4.47754511127e-05,0.00279100311936,0.000865658721512,1.49251503709e-05,0.0142385934538,0.0,0.0,0.0,0.0,0.00050745511261,0.00598498529873,0.0124923508604,0.000910434172624,0.00213429650304,0.0,0.000641781465948,0.00116416172893,1.49251503709e-05,0.00450739541201,1.49251503709e-05,0.000805958120028,0.00674616796764,7.46257518544e-05,0.00016417665408,0.00135818868375,1.49251503709e-05,0.00302980552529,0.00726854823062,0.0118654945449,0.000985059924479,0.0100297010492,0.00264175161565,0.00197011984896,0.000358203608901,8.95509022253e-05,0.00238802405934,0.0,2.98503007418e-05,0.0114475903345,5.97006014836e-05,5.97006014836e-05,1.49251503709e-05,0.0,0.000462679661498,0.000925359322995,0.0,0.012999805973,0.00607453620095,1.49251503709e-05,0.000119401202967,0.0101640274026,0.000447754511127,0.0148355994687,0.00137311383412,0.00797003029806,0.0124027999582,0.00150744018746,4.47754511127e-05,0.0030745809764,0.000522380262981,0.00832823390696,0.00134326353338,0.00155221563857,0.00304473067566,0.000731332368174,0.000522380262981,0.0,0.0,0.000223877255563,0.000731332368174,0.0,5.97006014836e-05,1.49251503709e-05,1.49251503709e-05,0.000283577857047,0.000134326353338,0.0112087879285,0.00120893718004,0.0108356591693,0.0145072461605,1.49251503709e-05,5.97006014836e-05,0.00226862285638,1.49251503709e-05,0.0,1.49251503709e-05,0.0110296861241,0.0,0.00264175161565,1.49251503709e-05,0.0126117520634,0.0,0.00105968567633,0.0146564976642,0.00207459590155,0.00125371263115,0.0111938627782,0.000955209623737,0.00016417665408,0.0,1.49251503709e-05,0.00337308398382,0.0034327845853,0.000597006014836,8.95509022253e-05,5.97006014836e-05,0.0,0.0141788928523,0.00311935642752,1.49251503709e-05,0.000686556917061,0.000119401202967,0.0,0.00914911717736,0.00916404232773,1.49251503709e-05,0.000895509022253,0.0,0.0109401352219,0.000582080864465,0.00820883270399,0.000985059924479
Gen 67
string_,string_rot,integer_swap,exec_sho,integer_gte,boolean_shove,boolean_and,string_pop,exec_eq,string_yankd,string_parse_to_chars,integer_lt,string_stackdepth,exec_do*whi,char_r,char_p,boolean_sw,integer_sho,boolean_invert_second_then_a,print_integ,char_iswhitespace,string_removechar,exec_emp,string_first,string_conc,string_yank,string_concat,string_setchar,exec_yankd,string_length,string_replacefirstch,char_d,integer_eq,exec_do*tim,string_emptystri,string_reverse,exec_yankdup,string_repla,exec_,char_ya,integer_mu,string_replacech,boolean_yankd,char_isletter,integer_add,string_empty,char_isdigit,print_integer,exec_shove,integer_fromstri,string_conjchar,boolean_or,boolean_empty,exec_wh,string_fromchar,integer_yankd,exec_do*while,integer_rot,string_rest,boolean_flu,integer_stackdep,char_iswhitespa,char_allfromstring,boolean_,char_allfromstri,exec_stackdepth,exec_do*range,char_shove,char_stackdep,string_removech,exec_stackdep,boolean_sho,string_indexofch,string_stackdep,string_leng,print_ch,integer_mult,boolean_xor,boolean_yankdup,integer_min,string_emp,integer_fromch,exec_yank,char_stackdepth,char_sw,integer_fromboole,string_replace,integer_div,string_replacefirst,boolean_frominteger,string_butla,char_isdig,integer_flush,integer_,string_yankdup,char_flu,print_exec,integer_yank,boolean_frominteg,string_emptystring,char_yankd,boolean_ya,string_swap,print_ex,exec_d,integer_max,char_swap,string_contains,char_empty,exec_dup,exec_k,string_frominteg,exec_noop,exec_p,exec_r,exec_s,string_sho,integer_flu,exec_y,boolean_rot,boolean_a,integer_ya,exec_ya,boolean_invert_first_then_a,string_spl,string_occurrencesofch,integer_yankdup,string_replacechar,char_sho,string_fromboolean,print_stri,exec_string_itera,print_newli,string_ta,string_replacefirstchar,string_substring,boolean_stackdepth,string_shove,string_containschar,exec_do*ran,char_yankdup,char_yank,integer_sw,exec_do*times,string_fromch,integer_shove,exec_if,exec_whi,integer_g,char_frominteger,char_frominteg,boolean_dup,string_eq,boolean_not,char_eq,boolean_flush,boolean_pop,string_butlast,exec_swap,string_replacefir,boolean_swap,exec_sw,string_n,print_string,exec_flush,print_newline,integer_a,string_d,string_dup,string_frominteger,string_contai,integer_mod,exec_do*count,string_fir,string_r,integer_fromchar,string_p,integer_inc,boolean_invert_first_then_and,integer_fromstring,exec_rot,integer_m,boolean_d,char_rot,exec_do*cou,string_take,exec_string_iterate,string_split,integer_pop,boolean_n,string_re,boolean_p,boolean_r,exec_pop,string_sw,boolean_x,boolean_emp,string_la,char_emp,boolean_stackdep,string_parse_to_cha,print_char,integer_dup,boolean_invert_second_then_and,integer_sub,string_setch,exec_no,boolean_yank,char_islett,string_ya,string_flu,integer_stackdepth,integer_emp,integer_dec,print_boole,integer_gt,exec,string_indexofchar,in1,char_dup,char_flush,char_pop,integer_lte,string_conjch,exec_flu,string_containsch,boolean_eq,string_flush,print_boolean,integer_d,string_rever,char_,exec_empty,string_last,integer_l,exec_when,integer_i,string_substri,string_nth,string_occurrencesofchar,integer_r,integer_s,integer_p,exec_while,integer_fromboolean,integer_empty,string_fromboole
0.0,0.0142939074425,0.000808811635123,0.000397052984515,0.0126027558418,0.00717636505346,0.000470581314981,0.0136321524683,0.000426464316701,0.000147056660931,0.0143821414391,0.000397052984515,0.00316171821003,1.47056660931e-05,0.0,4.41169982794e-05,2.94113321863e-05,0.0,0.000617637975912,1.47056660931e-05,0.00220584991397,0.00460287348715,0.000308818987956,0.000367641652329,0.0,0.00242643490537,0.00207349891913,0.0103233775974,1.47056660931e-05,0.0143968471052,0.0,2.94113321863e-05,0.00486757547683,1.47056660931e-05,0.0,0.0141174394494,0.00535286245791,0.000102939662652,0.0,4.41169982794e-05,0.0,1.47056660931e-05,1.47056660931e-05,0.00169115160071,0.00230878957662,0.0010735136248,0.0124409935148,0.000647049308098,0.0109851325716,8.82339965589e-05,0.00130880428229,0.00935280363524,0.00219114424788,0.0,0.0012940986162,0.000102939662652,0.00136762694666,0.00402935250952,0.00716165938736,0.000102939662652,8.82339965589e-05,4.41169982794e-05,0.00354406552845,8.82339965589e-05,8.82339965589e-05,0.0019264422582,0.000264701989677,0.0036470051911,0.0,4.41169982794e-05,4.41169982794e-05,1.47056660931e-05,1.47056660931e-05,0.000352935986235,0.000588226643726,8.82339965589e-05,0.000544109645446,0.00202938192085,0.00108821929089,0.00135292128057,0.0,0.000147056660931,0.000867634299496,0.000852928633402,4.41169982794e-05,0.0,0.0127792238349,0.00224996691225,0.00839693533919,0.000161762327025,1.47056660931e-05,0.00027940765577,0.00261760856458,0.000294113321863,0.0124409935148,0.0,5.88226643726e-05,0.0106616079175,0.0,0.00148527227541,1.47056660931e-05,1.47056660931e-05,0.0114410082205,0.0,0.0,0.000661754974192,0.00141174394494,0.00166174026853,0.00620579109131,0.00414699783827,0.00666166674019,1.47056660931e-05,0.00227937824444,0.0,0.000117645328745,0.00051469831326,7.35283304657e-05,0.000147056660931,8.82339965589e-05,0.00260290289849,0.0,4.41169982794e-05,0.0,0.0,2.94113321863e-05,0.0,0.00267643122895,0.000955868296054,0.0,0.013896854458,1.47056660931e-05,0.0,0.0,1.47056660931e-05,0.000397052984515,0.00573520977633,0.0123674651843,0.000779400302937,0.00270584256114,0.0,0.000808811635123,0.00136762694666,1.47056660931e-05,0.0042940544992,0.0,0.000617637975912,0.00647049308098,8.82339965589e-05,0.000147056660931,0.00122057028573,0.0,0.00282348788988,0.00704401405862,0.0117498272084,0.000867634299496,0.00995573594506,0.00264701989677,0.00185291392774,0.000397052984515,7.35283304657e-05,0.00204408758695,0.0,2.94113321863e-05,0.0115733592153,0.000102939662652,8.82339965589e-05,1.47056660931e-05,0.0,0.000573520977633,0.00105880795871,1.47056660931e-05,0.0127204011706,0.0055734474493,0.0,0.000132350994838,0.00980867928413,0.000338230320142,0.0146321377627,0.00123527595182,0.00735283304657,0.0122057028573,0.00139703827885,2.94113321863e-05,0.00324995220659,0.000367641652329,0.00854399200012,0.00122057028573,0.00179409126336,0.00305877854737,0.000529403979353,0.000455875648888,0.0,1.47056660931e-05,0.000323524654049,0.000602932309819,4.41169982794e-05,8.82339965589e-05,5.88226643726e-05,2.94113321863e-05,0.000294113321863,0.000102939662652,0.0110733665681,0.00144115527713,0.0105586682549,0.0143821414391,5.88226643726e-05,5.88226643726e-05,0.00288231055426,0.0,1.47056660931e-05,0.0,0.0111027779003,5.88226643726e-05,0.00258819723239,0.0,0.0122645255217,2.94113321863e-05,0.00139703827885,0.0144997867678,0.00195585359039,0.0012793929501,0.0105439625888,0.00113233628917,0.000294113321863,0.0,0.0,0.00330877487096,0.00289701622035,0.000426464316701,0.000102939662652,0.000102939662652,0.0,0.0139703827885,0.0027940765577,1.47056660931e-05,0.000441169982794,0.000102939662652,4.41169982794e-05,0.00847046366965,0.00935280363524,2.94113321863e-05,0.00079410596903,1.47056660931e-05,0.0109410155733,0.000499992647167,0.00780870869546,0.00105880795871
Gen 68
string_,string_rot,integer_swap,exec_sho,integer_gte,boolean_shove,boolean_and,string_pop,exec_eq,string_yankd,string_parse_to_chars,integer_lt,string_stackdepth,exec_do*whi,char_r,char_p,boolean_sw,integer_sho,boolean_invert_second_then_a,print_integ,char_iswhitespace,string_removechar,exec_emp,string_first,string_conc,string_yank,string_concat,string_setchar,exec_yankd,string_length,string_replacefirstch,char_d,integer_eq,exec_do*tim,string_emptystri,string_reverse,exec_yankdup,string_repla,exec_,char_ya,integer_mu,string_replacech,boolean_yankd,char_isletter,integer_add,string_empty,char_isdigit,print_integer,exec_shove,integer_fromstri,string_conjchar,boolean_or,boolean_empty,exec_wh,string_fromchar,integer_yankd,exec_do*while,integer_rot,string_rest,boolean_flu,integer_stackdep,char_iswhitespa,char_allfromstring,boolean_,char_allfromstri,exec_stackdepth,exec_do*range,char_shove,char_stackdep,string_removech,exec_stackdep,boolean_sho,string_indexofch,string_stackdep,string_leng,print_ch,integer_mult,boolean_xor,boolean_yankdup,integer_min,string_emp,integer_fromch,exec_yank,char_stackdepth,char_sw,integer_fromboole,string_replace,integer_div,string_replacefirst,boolean_frominteger,string_butla,char_isdig,integer_flush,integer_,string_yankdup,char_flu,print_exec,integer_yank,boolean_frominteg,string_emptystring,char_yankd,boolean_ya,string_swap,print_ex,exec_d,integer_max,char_swap,string_contains,char_empty,exec_dup,exec_k,string_frominteg,exec_noop,exec_p,exec_r,exec_s,string_sho,integer_flu,exec_y,boolean_rot,boolean_a,integer_ya,exec_ya,boolean_invert_first_then_a,string_spl,string_occurrencesofch,integer_yankdup,string_replacechar,char_sho,string_fromboolean,print_stri,exec_string_itera,print_newli,string_ta,string_replacefirstchar,string_substring,boolean_stackdepth,string_shove,string_containschar,exec_do*ran,char_yankdup,char_yank,integer_sw,exec_do*times,string_fromch,integer_shove,exec_if,exec_whi,integer_g,char_frominteger,char_frominteg,boolean_dup,string_eq,boolean_not,char_eq,boolean_flush,boolean_pop,string_butlast,exec_swap,string_replacefir,boolean_swap,exec_sw,string_n,print_string,exec_flush,print_newline,integer_a,string_d,string_dup,string_frominteger,string_contai,integer_mod,exec_do*count,string_fir,string_r,integer_fromchar,string_p,integer_inc,boolean_invert_first_then_and,integer_fromstring,exec_rot,integer_m,boolean_d,char_rot,exec_do*cou,string_take,exec_string_iterate,string_split,integer_pop,boolean_n,string_re,boolean_p,boolean_r,exec_pop,string_sw,boolean_x,boolean_emp,string_la,char_emp,boolean_stackdep,string_parse_to_cha,print_char,integer_dup,boolean_invert_second_then_and,integer_sub,string_setch,exec_no,boolean_yank,char_islett,string_ya,string_flu,integer_stackdepth,integer_emp,integer_dec,print_boole,integer_gt,exec,string_indexofchar,in1,char_dup,char_flush,char_pop,integer_lte,string_conjch,exec_flu,string_containsch,boolean_eq,string_flush,print_boolean,integer_d,string_rever,char_,exec_empty,string_last,integer_l,exec_when,integer_i,string_substri,string_nth,string_occurrencesofchar,integer_r,integer_s,integer_p,exec_while,integer_fromboolean,integer_empty,string_fromboole
1.44925435863e-05,0.0141447225403,0.00101447805104,0.000362313589658,0.0124490949407,0.0075216301213,0.000492746481935,0.0132896624687,0.000463761394762,7.24627179316e-05,0.0143186330633,0.000362313589658,0.00375356878886,0.0,1.44925435863e-05,5.79701743453e-05,2.89850871726e-05,0.0,0.000536224112694,0.0,0.00224634425588,0.00524630077825,0.000289850871726,0.000521731569108,2.89850871726e-05,0.00268112056347,0.00198547847133,0.0104201388386,0.0,0.0142026927146,0.0,0.0,0.00491297227576,4.3477630759e-05,0.0,0.0138838567557,0.00542021130129,0.000188403066622,1.44925435863e-05,2.89850871726e-05,1.44925435863e-05,1.44925435863e-05,1.44925435863e-05,0.00195649338415,0.00192750829698,0.0010579556818,0.0122896769612,0.000826074984421,0.0113331690845,1.44925435863e-05,0.00140577672787,0.00976797437718,0.00205794118926,0.0,0.00114491094332,4.3477630759e-05,0.00152171707656,0.00362313589658,0.00666657004971,8.69552615179e-05,2.89850871726e-05,1.44925435863e-05,0.00301444906596,8.69552615179e-05,0.0,0.00178258286112,0.000333328502485,0.00368110607093,0.0,5.79701743453e-05,2.89850871726e-05,2.89850871726e-05,1.44925435863e-05,0.000260865784554,0.00043477630759,0.000101447805104,0.000594194287039,0.00210141882002,0.00143476181505,0.00153620962015,0.0,0.000217388153795,0.000579701743453,0.00104346313822,1.44925435863e-05,0.0,0.0127099607252,0.00228982188664,0.00850712308517,0.000260865784554,0.0,0.000521731569108,0.0026521354763,0.000130432892277,0.0124056173099,1.44925435863e-05,2.89850871726e-05,0.0108839002333,0.0,0.00213040390719,0.0,2.89850871726e-05,0.0109708554948,0.0,0.0,0.000739119722903,0.00140577672787,0.00191301575339,0.00655062970102,0.00426080781438,0.00671004768047,2.89850871726e-05,0.00214489645078,1.44925435863e-05,0.000130432892277,0.000739119722903,5.79701743453e-05,0.000144925435863,0.000115940348691,0.0026521354763,0.0,8.69552615179e-05,0.0,1.44925435863e-05,0.0,1.44925435863e-05,0.00289850871726,0.000884045158766,0.0,0.0136374835147,1.44925435863e-05,0.0,0.0,1.44925435863e-05,0.000347821046072,0.0060433906755,0.0124780800278,0.000637671917798,0.00231880697381,0.0,0.00121737366125,0.00171012014319,0.0,0.00462312140404,0.0,0.000782597353662,0.00711583890089,0.000115940348691,0.000101447805104,0.00147823944581,0.0,0.00247822495326,0.00711583890089,0.0115360646947,0.00128983637918,0.00978246692077,0.00242025477892,0.00192750829698,0.000304343415313,0.000144925435863,0.00186953812264,1.44925435863e-05,7.24627179316e-05,0.0118114230229,0.000130432892277,5.79701743453e-05,1.44925435863e-05,1.44925435863e-05,0.000362313589658,0.00147823944581,0.0,0.0124056173099,0.00537673367053,1.44925435863e-05,0.000231880697381,0.0097534818336,0.000376806133244,0.0143766032376,0.00143476181505,0.00756510775206,0.0124780800278,0.00146374690222,1.44925435863e-05,0.0032898073941,0.000405791220417,0.00818828712627,0.00104346313822,0.00172461268677,0.00304343415313,0.000565209199867,0.000347821046072,0.0,1.44925435863e-05,0.000246373240968,0.000826074984421,4.3477630759e-05,4.3477630759e-05,0.0,1.44925435863e-05,0.000260865784554,0.000130432892277,0.0110143331256,0.00162316488167,0.0102027506848,0.0141012449095,2.89850871726e-05,1.44925435863e-05,0.00288401617368,4.3477630759e-05,0.0,4.3477630759e-05,0.0114056318024,2.89850871726e-05,0.00259416530195,0.0,0.0122317067869,1.44925435863e-05,0.00120288111766,0.0142026927146,0.00192750829698,0.00131882146636,0.0107389747975,0.000942015333111,0.000188403066622,0.0,4.3477630759e-05,0.00326082230692,0.00344922537355,0.000478253938349,0.000130432892277,0.000130432892277,0.0,0.0138693642121,0.00320285213258,1.44925435863e-05,0.00043477630759,0.000130432892277,0.0,0.00827524238779,0.00915928754656,0.0,0.000666657004971,1.44925435863e-05,0.0106954971667,0.000507239025521,0.00759409283923,0.00123186620484
Gen 69
string_,string_rot,integer_swap,exec_sho,integer_gte,boolean_shove,boolean_and,string_pop,exec_eq,string_yankd,string_parse_to_chars,integer_lt,string_stackdepth,exec_do*whi,char_r,char_p,boolean_sw,integer_sho,boolean_invert_second_then_a,print_integ,char_iswhitespace,string_removechar,exec_emp,string_first,string_conc,string_yank,string_concat,string_setchar,exec_yankd,string_length,string_replacefirstch,char_d,integer_eq,exec_do*tim,string_emptystri,string_reverse,exec_yankdup,string_repla,exec_,char_ya,integer_mu,string_replacech,boolean_yankd,char_isletter,integer_add,string_empty,char_isdigit,print_integer,exec_shove,integer_fromstri,string_conjchar,boolean_or,boolean_empty,exec_wh,string_fromchar,integer_yankd,exec_do*while,integer_rot,string_rest,boolean_flu,integer_stackdep,char_iswhitespa,char_allfromstring,boolean_,char_allfromstri,exec_stackdepth,exec_do*range,char_shove,char_stackdep,string_removech,exec_stackdep,boolean_sho,string_indexofch,string_stackdep,string_leng,print_ch,integer_mult,boolean_xor,boolean_yankdup,integer_min,string_emp,integer_fromch,exec_yank,char_stackdepth,char_sw,integer_fromboole,string_replace,integer_div,string_replacefirst,boolean_frominteger,string_butla,char_isdig,integer_flush,integer_,string_yankdup,char_flu,print_exec,integer_yank,boolean_frominteg,string_emptystring,char_yankd,boolean_ya,string_swap,print_ex,exec_d,integer_max,char_swap,string_contains,char_empty,exec_dup,exec_k,string_frominteg,exec_noop,exec_p,exec_r,exec_s,string_sho,integer_flu,exec_y,boolean_rot,boolean_a,integer_ya,exec_ya,boolean_invert_first_then_a,string_spl,string_occurrencesofch,integer_yankdup,string_replacechar,char_sho,string_fromboolean,print_stri,exec_string_itera,print_newli,string_ta,string_replacefirstchar,string_substring,boolean_stackdepth,string_shove,string_containschar,exec_do*ran,char_yankdup,char_yank,integer_sw,exec_do*times,string_fromch,integer_shove,exec_if,exec_whi,integer_g,char_frominteger,char_frominteg,boolean_dup,string_eq,boolean_not,char_eq,boolean_flush,boolean_pop,string_butlast,exec_swap,string_replacefir,boolean_swap,exec_sw,string_n,print_string,exec_flush,print_newline,integer_a,string_d,string_dup,string_frominteger,string_contai,integer_mod,exec_do*count,string_fir,string_r,integer_fromchar,string_p,integer_inc,boolean_invert_first_then_and,integer_fromstring,exec_rot,integer_m,boolean_d,char_rot,exec_do*cou,string_take,exec_string_iterate,string_split,integer_pop,boolean_n,string_re,boolean_p,boolean_r,exec_pop,string_sw,boolean_x,boolean_emp,string_la,char_emp,boolean_stackdep,string_parse_to_cha,print_char,integer_dup,boolean_invert_second_then_and,integer_sub,string_setch,exec_no,boolean_yank,char_islett,string_ya,string_flu,integer_stackdepth,integer_emp,integer_dec,print_boole,integer_gt,exec,string_indexofchar,in1,char_dup,char_flush,char_pop,integer_lte,string_conjch,exec_flu,string_containsch,boolean_eq,string_flush,print_boolean,integer_d,string_rever,char_,exec_empty,string_last,integer_l,exec_when,integer_i,string_substri,string_nth,string_occurrencesofchar,integer_r,integer_s,integer_p,exec_while,integer_fromboolean,integer_empty,string_fromboole
0.0,0.0140426565335,0.000771417551178,0.000442850816417,0.0123569663291,0.00707132755246,0.00057142040828,0.0132140969415,0.000614276938901,5.7142040828e-05,0.0141712261253,0.000414279796003,0.00379994571506,0.0,1.4285510207e-05,9.9998571449e-05,1.4285510207e-05,0.0,0.000485707347038,0.0,0.0026571048985,0.0046999328581,0.000314281224554,0.000271424693933,0.0,0.00258567734747,0.00221425408208,0.010142712247,0.0,0.0139998000029,0.0,2.8571020414e-05,0.00479993142955,5.7142040828e-05,0.0,0.0137283753089,0.00521421122555,0.000242853673519,0.0,1.4285510207e-05,2.8571020414e-05,0.0,0.0,0.00237139469436,0.00187140183712,0.00131426693904,0.012285538778,0.000599991428694,0.0107712746961,0.0,0.00185711632691,0.00929986714476,0.00199997142898,0.0,0.00107141326552,8.5713061242e-05,0.0016285481636,0.00365709061299,0.00729989571578,8.5713061242e-05,0.000128569591863,0.0,0.00292852959243,0.000128569591863,1.4285510207e-05,0.00179997428608,0.000471421836831,0.00314281224554,2.8571020414e-05,5.7142040828e-05,4.2856530621e-05,1.4285510207e-05,0.0,0.000299995714347,0.000514278367452,4.2856530621e-05,0.000657133469522,0.00231425265353,0.00137140897987,0.00148569306153,0.0,0.000271424693933,0.000471421836831,0.0010285567349,2.8571020414e-05,0.0,0.0126855330638,0.00217139755146,0.00921415408351,0.000228568163312,5.7142040828e-05,0.00057142040828,0.0028571020414,0.000228568163312,0.0121998257168,2.8571020414e-05,5.7142040828e-05,0.0104855644919,0.0,0.00264281938829,0.0,0.0,0.0111855544921,0.0,0.0,0.000685704489936,0.00159997714318,0.0018285453065,0.0065427636748,0.00421422551106,0.00671418979729,1.4285510207e-05,0.00211425551064,0.0,0.000128569591863,0.000871416122627,1.4285510207e-05,7.1427551035e-05,0.000228568163312,0.00274281795974,0.0,7.1427551035e-05,0.0,1.4285510207e-05,1.4285510207e-05,1.4285510207e-05,0.00258567734747,0.000842845102213,2.8571020414e-05,0.0135426636762,0.0,0.0,0.0,2.8571020414e-05,0.000442850816417,0.00541420836845,0.0118855444922,0.000585705918487,0.00222853959229,0.0,0.00112855530635,0.00178568877587,1.4285510207e-05,0.00517135469493,0.0,0.000957129183869,0.00701418551164,5.7142040828e-05,7.1427551035e-05,0.0018285453065,1.4285510207e-05,0.00242853673519,0.0073427522464,0.0113712661248,0.00141426551049,0.00971414694076,0.0024428222454,0.00228568163312,0.000328566734761,4.2856530621e-05,0.00199997142898,1.4285510207e-05,0.000114284081656,0.0113712661248,0.000199997142898,8.5713061242e-05,2.8571020414e-05,0.0,0.000414279796003,0.00127141040842,1.4285510207e-05,0.0121283981657,0.005314209797,1.4285510207e-05,0.000171426122484,0.0095998628591,0.000371423265382,0.0141569406151,0.00152854959215,0.00701418551164,0.0121855402066,0.0014285510207,0.0,0.00394280081713,0.000485707347038,0.00782845959343,0.00114284081656,0.00185711632691,0.00304281367409,0.000371423265382,0.000414279796003,0.0,0.0,0.000299995714347,0.00071427551035,4.2856530621e-05,5.7142040828e-05,0.0,5.7142040828e-05,0.000314281224554,0.000114284081656,0.0105855630634,0.00152854959215,0.0101141412266,0.0138283738804,8.5713061242e-05,4.2856530621e-05,0.00267139040871,1.4285510207e-05,1.4285510207e-05,0.0,0.0109998428594,2.8571020414e-05,0.00242853673519,0.0,0.0120998271453,0.0,0.00111426979615,0.0140712275539,0.00189997285753,0.00155712061256,0.0105427065328,0.00108569877573,0.000171426122484,1.4285510207e-05,0.0,0.0038713732661,0.00334280938844,0.000442850816417,4.2856530621e-05,0.000157140612277,0.0,0.0138283738804,0.00294281510264,0.0,0.000357137755175,0.00014285510207,0.0,0.00791417265468,0.00922843959372,0.0,0.000771417551178,0.0,0.0106569906144,0.000785703061385,0.00698561449122,0.00117141183697
Gen 70
string_,string_rot,integer_swap,exec_sho,integer_gte,boolean_shove,boolean_and,string_pop,exec_eq,string_yankd,string_parse_to_chars,integer_lt,string_stackdepth,exec_do*whi,char_r,char_p,boolean_sw,integer_sho,boolean_invert_second_then_a,print_integ,char_iswhitespace,string_removechar,exec_emp,string_first,string_conc,string_yank,string_concat,string_setchar,exec_yankd,string_length,string_replacefirstch,char_d,integer_eq,exec_do*tim,string_emptystri,string_reverse,exec_yankdup,string_repla,exec_,char_ya,integer_mu,string_replacech,boolean_yankd,char_isletter,integer_add,string_empty,char_isdigit,print_integer,exec_shove,integer_fromstri,string_conjchar,boolean_or,boolean_empty,exec_wh,string_fromchar,integer_yankd,exec_do*while,integer_rot,string_rest,boolean_flu,integer_stackdep,char_iswhitespa,char_allfromstring,boolean_,char_allfromstri,exec_stackdepth,exec_do*range,char_shove,char_stackdep,string_removech,exec_stackdep,boolean_sho,string_indexofch,string_stackdep,string_leng,print_ch,integer_mult,boolean_xor,boolean_yankdup,integer_min,string_emp,integer_fromch,exec_yank,char_stackdepth,char_sw,integer_fromboole,string_replace,integer_div,string_replacefirst,boolean_frominteger,string_butla,char_isdig,integer_flush,integer_,string_yankdup,char_flu,print_exec,integer_yank,boolean_frominteg,string_emptystring,char_yankd,boolean_ya,string_swap,print_ex,exec_d,integer_max,char_swap,string_contains,char_empty,exec_dup,exec_k,string_frominteg,exec_noop,exec_p,exec_r,exec_s,string_sho,integer_flu,exec_y,boolean_rot,boolean_a,integer_ya,exec_ya,boolean_invert_first_then_a,string_spl,string_occurrencesofch,integer_yankdup,string_replacechar,char_sho,string_fromboolean,print_stri,exec_string_itera,print_newli,string_ta,string_replacefirstchar,string_substring,boolean_stackdepth,string_shove,string_containschar,exec_do*ran,char_yankdup,char_yank,integer_sw,exec_do*times,string_fromch,integer_shove,exec_if,exec_whi,integer_g,char_frominteger,char_frominteg,boolean_dup,string_eq,boolean_not,char_eq,boolean_flush,boolean_pop,string_butlast,exec_swap,string_replacefir,boolean_swap,exec_sw,string_n,print_string,exec_flush,print_newline,integer_a,string_d,string_dup,string_frominteger,string_contai,integer_mod,exec_do*count,string_fir,string_r,integer_fromchar,string_p,integer_inc,boolean_invert_first_then_and,integer_fromstring,exec_rot,integer_m,boolean_d,char_rot,exec_do*cou,string_take,exec_string_iterate,string_split,integer_pop,boolean_n,string_re,boolean_p,boolean_r,exec_pop,string_sw,boolean_x,boolean_emp,string_la,char_emp,boolean_stackdep,string_parse_to_cha,print_char,integer_dup,boolean_invert_second_then_and,integer_sub,string_setch,exec_no,boolean_yank,char_islett,string_ya,string_flu,integer_stackdepth,integer_emp,integer_dec,print_boole,integer_gt,exec,string_indexofchar,in1,char_dup,char_flush,char_pop,integer_lte,string_conjch,exec_flu,string_containsch,boolean_eq,string_flush,print_boolean,integer_d,string_rever,char_,exec_empty,string_last,integer_l,exec_when,integer_i,string_substri,string_nth,string_occurrencesofchar,integer_r,integer_s,integer_p,exec_while,integer_fromboolean,integer_empty,string_fromboole
2.81686173434e-05,0.0138730440416,0.000647878198899,0.000647878198899,0.0120420839143,0.00756327375671,0.000338023408121,0.0130984070647,0.000352107716793,2.81686173434e-05,0.0139716342023,0.000535203729525,0.00395769073675,0.0,2.81686173434e-05,0.000154927395389,2.81686173434e-05,0.0,0.000591540964212,0.0,0.00349290855058,0.00488725510908,0.000239433247419,0.000225348938747,0.0,0.00261968141294,0.00212673060943,0.0098590160702,0.0,0.0138448754243,1.40843086717e-05,0.0,0.0049295080351,2.81686173434e-05,1.40843086717e-05,0.0134927677075,0.00540837452994,0.000309854790778,0.0,2.81686173434e-05,0.0,0.0,0.0,0.0030844635991,0.00157744257123,0.00157744257123,0.0123519387051,0.000535203729525,0.0109575921466,0.0,0.00216898353544,0.00953507697075,0.00211264630076,1.40843086717e-05,0.000971817298348,5.63372346868e-05,0.00163377980592,0.00354924578527,0.00718299742257,0.000126758778045,0.000154927395389,2.81686173434e-05,0.0034365713159,8.45058520303e-05,4.22529260151e-05,0.00145068379319,0.000535203729525,0.00267601864762,0.0,0.0,1.40843086717e-05,1.40843086717e-05,0.0,0.000239433247419,0.000436613568823,7.04215433585e-05,0.000718299742257,0.0019436345967,0.00147885241053,0.00177462289264,0.0,0.000154927395389,0.000507035112182,0.00130984070647,2.81686173434e-05,0.0,0.0125350347178,0.00225348938747,0.00897170462388,0.000267601864762,0.000112674469374,0.00049295080351,0.00295770482106,0.000154927395389,0.0123801073224,4.22529260151e-05,5.63372346868e-05,0.0105068942691,0.0,0.00225348938747,0.0,0.0,0.0115068801848,1.40843086717e-05,1.40843086717e-05,0.000507035112182,0.00199997183138,0.00136617794116,0.00638019182828,0.00457740031831,0.00684497401445,0.0,0.00216898353544,0.0,0.000112674469374,0.00102815453303,2.81686173434e-05,5.63372346868e-05,0.000267601864762,0.00250700694356,0.0,8.45058520303e-05,2.81686173434e-05,0.0,1.40843086717e-05,0.0,0.00216898353544,0.000746468359601,1.40843086717e-05,0.0135491049422,8.45058520303e-05,0.0,0.0,2.81686173434e-05,0.000323939099449,0.00560555485134,0.0119153251363,0.000563372346868,0.00256334417825,0.0,0.00101407022436,0.00157744257123,0.0,0.00545062745595,0.0,0.000915480063661,0.0066196250757,4.22529260151e-05,8.45058520303e-05,0.00207039337474,1.40843086717e-05,0.00252109125224,0.00684497401445,0.0115209644935,0.00126758778045,0.0102815453303,0.00253517556091,0.00257742848692,0.000295770482106,5.63372346868e-05,0.00249292263489,2.81686173434e-05,9.8590160702e-05,0.0108590019859,0.000295770482106,0.000112674469374,0.0,1.40843086717e-05,0.00040844495148,0.000999985915691,0.0,0.0123378543964,0.00539429022126,0.0,0.000126758778045,0.010168870861,0.000352107716793,0.0140138871284,0.00212673060943,0.00598583118548,0.0122533485444,0.00136617794116,0.0,0.00359149871129,0.000338023408121,0.00752102083069,0.00143659948451,0.00166194842326,0.00277460880833,0.000507035112182,0.000478866494838,2.81686173434e-05,1.40843086717e-05,0.000352107716793,0.000704215433585,0.0,0.000126758778045,0.0,1.40843086717e-05,0.000394360642808,9.8590160702e-05,0.0100280277743,0.00156335826256,0.0103519668737,0.0137885381896,5.63372346868e-05,2.81686173434e-05,0.0023379952395,2.81686173434e-05,0.0,1.40843086717e-05,0.0106195687385,1.40843086717e-05,0.00261968141294,1.40843086717e-05,0.0122392642357,0.0,0.00104223884171,0.0138871283503,0.00226757369615,0.00146476810186,0.0109435078379,0.00098590160702,0.000154927395389,1.40843086717e-05,0.0,0.00380276334136,0.00387318488472,0.000338023408121,8.45058520303e-05,0.000140843086717,0.0,0.0136476951029,0.00253517556091,2.81686173434e-05,0.00040844495148,2.81686173434e-05,0.0,0.00770411684342,0.00870410275912,1.40843086717e-05,0.000788721285616,1.40843086717e-05,0.0109012549119,0.000619709581555,0.00592949395079,0.00121125054577
Gen 71
string_,string_rot,integer_swap,exec_sho,integer_gte,boolean_shove,boolean_and,string_pop,exec_eq,string_yankd,string_parse_to_chars,integer_lt,string_stackdepth,exec_do*whi,char_r,char_p,boolean_sw,integer_sho,boolean_invert_second_then_a,print_integ,char_iswhitespace,string_removechar,exec_emp,string_first,string_conc,string_yank,string_concat,string_setchar,exec_yankd,string_length,string_replacefirstch,char_d,integer_eq,exec_do*tim,string_emptystri,string_reverse,exec_yankdup,string_repla,exec_,char_ya,integer_mu,string_replacech,boolean_yankd,char_isletter,integer_add,string_empty,char_isdigit,print_integer,exec_shove,integer_fromstri,string_conjchar,boolean_or,boolean_empty,exec_wh,string_fromchar,integer_yankd,exec_do*while,integer_rot,string_rest,boolean_flu,integer_stackdep,char_iswhitespa,char_allfromstring,boolean_,char_allfromstri,exec_stackdepth,exec_do*range,char_shove,char_stackdep,string_removech,exec_stackdep,boolean_sho,string_indexofch,string_stackdep,string_leng,print_ch,integer_mult,boolean_xor,boolean_yankdup,integer_min,string_emp,integer_fromch,exec_yank,char_stackdepth,char_sw,integer_fromboole,string_replace,integer_div,string_replacefirst,boolean_frominteger,string_butla,char_isdig,integer_flush,integer_,string_yankdup,char_flu,print_exec,integer_yank,boolean_frominteg,string_emptystring,char_yankd,boolean_ya,string_swap,print_ex,exec_d,integer_max,char_swap,string_contains,char_empty,exec_dup,exec_k,string_frominteg,exec_noop,exec_p,exec_r,exec_s,string_sho,integer_flu,exec_y,boolean_rot,boolean_a,integer_ya,exec_ya,boolean_invert_first_then_a,string_spl,string_occurrencesofch,integer_yankdup,string_replacechar,char_sho,string_fromboolean,print_stri,exec_string_itera,print_newli,string_ta,string_replacefirstchar,string_substring,boolean_stackdepth,string_shove,string_containschar,exec_do*ran,char_yankdup,char_yank,integer_sw,exec_do*times,string_fromch,integer_shove,exec_if,exec_whi,integer_g,char_frominteger,char_frominteg,boolean_dup,string_eq,boolean_not,char_eq,boolean_flush,boolean_pop,string_butlast,exec_swap,string_replacefir,boolean_swap,exec_sw,string_n,print_string,exec_flush,print_newline,integer_a,string_d,string_dup,string_frominteger,string_contai,integer_mod,exec_do*count,string_fir,string_r,integer_fromchar,string_p,integer_inc,boolean_invert_first_then_and,integer_fromstring,exec_rot,integer_m,boolean_d,char_rot,exec_do*cou,string_take,exec_string_iterate,string_split,integer_pop,boolean_n,string_re,boolean_p,boolean_r,exec_pop,string_sw,boolean_x,boolean_emp,string_la,char_emp,boolean_stackdep,string_parse_to_cha,print_char,integer_dup,boolean_invert_second_then_and,integer_sub,string_setch,exec_no,boolean_yank,char_islett,string_ya,string_flu,integer_stackdepth,integer_emp,integer_dec,print_boole,integer_gt,exec,string_indexofchar,in1,char_dup,char_flush,char_pop,integer_lte,string_conjch,exec_flu,string_containsch,boolean_eq,string_flush,print_boolean,integer_d,string_rever,char_,exec_empty,string_last,integer_l,exec_when,integer_i,string_substri,string_nth,string_occurrencesofchar,integer_r,integer_s,integer_p,exec_while,integer_fromboolean,integer_empty,string_fromboole
0.0,0.0135275898946,0.000916653935362,0.000513881751642,0.0117915028958,0.00673601755531,0.000569436535604,0.0130137081429,0.000347217399758,8.3332175942e-05,0.0138192525104,0.000791655671449,0.00345828530159,1.38886959903e-05,1.38886959903e-05,0.000138886959903,0.0,0.0,0.000749989583478,1.38886959903e-05,0.00345828530159,0.00466660185275,0.000277773919807,0.000208330439855,0.0,0.00319440007778,0.00233330092638,0.0097637532812,0.0,0.0136109220705,2.77773919807e-05,2.77773919807e-05,0.00470826794072,2.77773919807e-05,0.0,0.0134442577186,0.00520826099638,0.000180553047874,2.77773919807e-05,1.38886959903e-05,0.0,1.38886959903e-05,0.0,0.00318051138179,0.00137498090304,0.00151386786295,0.0122776072555,0.000388883487729,0.0109998472243,4.1666087971e-05,0.00219441396647,0.00909709587367,0.00204163831058,0.0,0.00152775655894,9.72208719323e-05,0.00197219483063,0.00358328356551,0.00673601755531,5.55547839613e-05,8.3332175942e-05,0.0,0.00349995138956,8.3332175942e-05,1.38886959903e-05,0.00149997916696,0.000652768711546,0.00256940875821,0.0,2.77773919807e-05,1.38886959903e-05,4.1666087971e-05,0.0,0.000194441743865,0.000499993055652,1.38886959903e-05,0.000708323495507,0.0021527478785,0.00101387480729,0.00161108873488,0.0,0.000138886959903,0.000458326967681,0.00131942611908,2.77773919807e-05,0.0,0.0124720489993,0.00238885571034,0.00913876196164,0.000222219135845,2.77773919807e-05,0.00040277218372,0.00340273051763,0.000194441743865,0.0122081637755,2.77773919807e-05,9.72208719323e-05,0.00997208372106,0.0,0.00229163483841,1.38886959903e-05,1.38886959903e-05,0.0110137359203,0.0,0.0,0.000694434799517,0.00197219483063,0.00161108873488,0.00629157928362,0.00456938098082,0.00687490451522,0.0,0.00220830266246,0.0,5.55547839613e-05,0.00127776003111,0.0,2.77773919807e-05,0.000166664351884,0.00262496354217,0.0,5.55547839613e-05,0.0,0.0,0.0,1.38886959903e-05,0.00197219483063,0.000597213927584,1.38886959903e-05,0.0133470368467,1.38886959903e-05,1.38886959903e-05,0.0,0.0,0.000222219135845,0.00601380536381,0.011513728976,0.000527770447633,0.00279162789406,0.0,0.00127776003111,0.00193052874266,0.0,0.00526381578034,0.0,0.00134720351106,0.0069026819072,5.55547839613e-05,0.000138886959903,0.00277773919807,1.38886959903e-05,0.00176386439077,0.00759711670671,0.011555395064,0.0015833113429,0.0101526367689,0.00255552006222,0.00311106790183,0.000277773919807,2.77773919807e-05,0.00298606963792,5.55547839613e-05,4.1666087971e-05,0.0106109637366,0.000263885223816,8.3332175942e-05,1.38886959903e-05,1.38886959903e-05,0.000472215663671,0.000958320023333,2.77773919807e-05,0.0120970542076,0.00587491840391,2.77773919807e-05,0.000236107831836,0.0102498576409,0.000333328703768,0.0138331412064,0.00162497743087,0.00613880362773,0.0120414994236,0.00163886612686,2.77773919807e-05,0.00394438966125,0.000444438271691,0.00729156539493,0.00105554089527,0.00194441743865,0.00293051485396,0.000513881751642,0.000458326967681,4.1666087971e-05,0.0,0.000305551311787,0.000597213927584,1.38886959903e-05,2.77773919807e-05,0.0,1.38886959903e-05,0.000361106095749,0.000138886959903,0.00981930806517,0.0012916487271,0.0103054124248,0.0135831446785,6.94434799517e-05,0.0,0.00224996875043,1.38886959903e-05,1.38886959903e-05,0.0,0.0102498576409,4.1666087971e-05,0.0024444104943,0.0,0.0120414994236,1.38886959903e-05,0.00155553395092,0.0137081429425,0.00195830613464,0.00127776003111,0.0108470715685,0.000902765239372,6.94434799517e-05,0.0,1.38886959903e-05,0.00331939834169,0.00391661226927,0.000458326967681,0.000111109567923,0.000152775655894,1.38886959903e-05,0.0134442577186,0.00184719656671,2.77773919807e-05,0.000374994791739,8.3332175942e-05,0.0,0.00751378453077,0.00922209413758,2.77773919807e-05,0.000708323495507,0.0,0.0104026332968,0.000763878279468,0.00554158970014,0.00109720698324
Gen 72
string_,string_rot,integer_swap,exec_sho,integer_gte,boolean_shove,boolean_and,string_pop,exec_eq,string_yankd,string_parse_to_chars,integer_lt,string_stackdepth,exec_do*whi,char_r,char_p,boolean_sw,integer_sho,boolean_invert_second_then_a,print_integ,char_iswhitespace,string_removechar,exec_emp,string_first,string_conc,string_yank,string_concat,string_setchar,exec_yankd,string_length,string_replacefirstch,char_d,integer_eq,exec_do*tim,string_emptystri,string_reverse,exec_yankdup,string_repla,exec_,char_ya,integer_mu,string_replacech,boolean_yankd,char_isletter,integer_add,string_empty,char_isdigit,print_integer,exec_shove,integer_fromstri,string_conjchar,boolean_or,boolean_empty,exec_wh,string_fromchar,integer_yankd,exec_do*while,integer_rot,string_rest,boolean_flu,integer_stackdep,char_iswhitespa,char_allfromstring,boolean_,char_allfromstri,exec_stackdepth,exec_do*range,char_shove,char_stackdep,string_removech,exec_stackdep,boolean_sho,string_indexofch,string_stackdep,string_leng,print_ch,integer_mult,boolean_xor,boolean_yankdup,integer_min,string_emp,integer_fromch,exec_yank,char_stackdepth,char_sw,integer_fromboole,string_replace,integer_div,string_replacefirst,boolean_frominteger,string_butla,char_isdig,integer_flush,integer_,string_yankdup,char_flu,print_exec,integer_yank,boolean_frominteg,string_emptystring,char_yankd,boolean_ya,string_swap,print_ex,exec_d,integer_max,char_swap,string_contains,char_empty,exec_dup,exec_k,string_frominteg,exec_noop,exec_p,exec_r,exec_s,string_sho,integer_flu,exec_y,boolean_rot,boolean_a,integer_ya,exec_ya,boolean_invert_first_then_a,string_spl,string_occurrencesofch,integer_yankdup,string_replacechar,char_sho,string_fromboolean,print_stri,exec_string_itera,print_newli,string_ta,string_replacefirstchar,string_substring,boolean_stackdepth,string_shove,string_containschar,exec_do*ran,char_yankdup,char_yank,integer_sw,exec_do*times,string_fromch,integer_shove,exec_if,exec_whi,integer_g,char_frominteger,char_frominteg,boolean_dup,string_eq,boolean_not,char_eq,boolean_flush,boolean_pop,string_butlast,exec_swap,string_replacefir,boolean_swap,exec_sw,string_n,print_string,exec_flush,print_newline,integer_a,string_d,string_dup,string_frominteger,string_contai,integer_mod,exec_do*count,string_fir,string_r,integer_fromchar,string_p,integer_inc,boolean_invert_first_then_and,integer_fromstring,exec_rot,integer_m,boolean_d,char_rot,exec_do*cou,string_take,exec_string_iterate,string_split,integer_pop,boolean_n,string_re,boolean_p,boolean_r,exec_pop,string_sw,boolean_x,boolean_emp,string_la,char_emp,boolean_stackdep,string_parse_to_cha,print_char,integer_dup,boolean_invert_second_then_and,integer_sub,string_setch,exec_no,boolean_yank,char_islett,string_ya,string_flu,integer_stackdepth,integer_emp,integer_dec,print_boole,integer_gt,exec,string_indexofchar,in1,char_dup,char_flush,char_pop,integer_lte,string_conjch,exec_flu,string_containsch,boolean_eq,string_flush,print_boolean,integer_d,string_rever,char_,exec_empty,string_last,integer_l,exec_when,integer_i,string_substri,string_nth,string_occurrencesofchar,integer_r,integer_s,integer_p,exec_while,integer_fromboolean,integer_empty,string_fromboole
1.36984424871e-05,0.0134381720798,0.00075341433679,0.000643826796893,0.0117258667689,0.00642456952644,0.000520540814509,0.0126710593006,0.000356159504664,6.84922124354e-05,0.0136025533897,0.000835604991712,0.00309584800208,0.0,2.73968849742e-05,5.47937699484e-05,6.84922124354e-05,0.0,0.00065752523938,0.0,0.00354789660416,0.00461637511815,0.000191778194819,0.000246571964768,0.0,0.00350680127669,0.00204106793058,0.00989027547568,0.0,0.0133559814249,1.36984424871e-05,0.0,0.00473966110053,2.73968849742e-05,0.0,0.0133285845399,0.00489034396789,0.000410953274613,1.36984424871e-05,2.73968849742e-05,0.0,0.0,1.36984424871e-05,0.00346570594923,0.00182189285078,0.00221914768291,0.0119861371762,0.000506842372022,0.0105478007151,2.73968849742e-05,0.00221914768291,0.00968479883837,0.00202736948809,0.0,0.00131505047876,6.84922124354e-05,0.0021232585855,0.00326022931193,0.00682182435857,0.000150682867358,5.47937699484e-05,0.0,0.00384926233887,5.47937699484e-05,4.10953274613e-05,0.00157532088602,0.000547937699484,0.00220544924042,0.0,2.73968849742e-05,1.36984424871e-05,0.0,0.0,0.000150682867358,0.000547937699484,0.000109587539897,0.000726017451816,0.0018081944083,0.00153422555855,0.0012739551513,0.0,0.000136984424871,0.000479445487048,0.00130135203627,0.0,1.36984424871e-05,0.012177915371,0.00258900563006,0.00826016081971,9.58890974096e-05,6.84922124354e-05,0.000383556389638,0.00367118258654,0.000191778194819,0.0120683278311,0.0,6.84922124354e-05,0.0099724661306,0.0,0.00215065547047,1.36984424871e-05,0.0,0.011136833742,0.0,0.0,0.000671223681867,0.00202736948809,0.00124655826633,0.00671223681867,0.00453418446323,0.00732866673059,1.36984424871e-05,0.00249311653265,0.0,0.000150682867358,0.00124655826633,0.0,0.0,0.000109587539897,0.00268489472747,0.0,4.10953274613e-05,1.36984424871e-05,0.0,1.36984424871e-05,0.0,0.00210956014301,0.000465747044561,1.36984424871e-05,0.0129861234778,1.36984424871e-05,1.36984424871e-05,0.0,0.0,0.000342461062177,0.00621909288914,0.0113697072643,0.000520540814509,0.00245202120519,0.0,0.00147943178861,0.00231503678032,0.0,0.00516431281763,0.0,0.00113697072643,0.00578074272955,5.47937699484e-05,0.000178079752332,0.00284927603731,1.36984424871e-05,0.00156162244353,0.00738346050054,0.0112875166094,0.00195887727565,0.00982178326324,0.00247941809016,0.00279448226737,0.000315064177203,8.21906549225e-05,0.003712277914,9.58890974096e-05,9.58890974096e-05,0.0103697209627,0.0004246517171,6.84922124354e-05,2.73968849742e-05,0.0,0.000506842372022,0.0012739551513,0.0,0.0119998356187,0.00632868042904,1.36984424871e-05,0.000164381309845,0.0103560225202,0.000506842372022,0.0136573471596,0.00149313023109,0.00606841002178,0.011671072999,0.00147943178861,2.73968849742e-05,0.00478075642799,0.000260270407255,0.00691771345598,0.00120546293886,0.00209586170052,0.00312324488706,0.000452048602074,0.000410953274613,2.73968849742e-05,0.0,0.000315064177203,0.000465747044561,1.36984424871e-05,4.10953274613e-05,0.0,1.36984424871e-05,0.000260270407255,0.000123285982384,0.00972589416583,0.00136984424871,0.00987657703319,0.0131368063451,9.58890974096e-05,4.10953274613e-05,0.00232873522281,5.47937699484e-05,6.84922124354e-05,2.73968849742e-05,0.0103012287503,2.73968849742e-05,0.00238352899275,1.36984424871e-05,0.0119587402912,0.0,0.00119176449638,0.0134929658498,0.00164381309845,0.00121916138135,0.0108628648923,0.00124655826633,2.73968849742e-05,0.0,0.0,0.00332872152436,0.00478075642799,0.000369857947151,0.000178079752332,0.000109587539897,0.0,0.013246393885,0.0015890193285,0.0,0.0004246517171,6.84922124354e-05,0.0,0.00752044492541,0.00887659073163,1.36984424871e-05,0.000780811221764,0.0,0.0105614991575,0.00075341433679,0.00521910658758,0.00117806605389
Gen 73
string_,string_rot,integer_swap,exec_sho,integer_gte,boolean_shove,boolean_and,string_pop,exec_eq,string_yankd,string_parse_to_chars,integer_lt,string_stackdepth,exec_do*whi,char_r,char_p,boolean_sw,integer_sho,boolean_invert_second_then_a,print_integ,char_iswhitespace,string_removechar,exec_emp,string_first,string_conc,string_yank,string_concat,string_setchar,exec_yankd,string_length,string_replacefirstch,char_d,integer_eq,exec_do*tim,string_emptystri,string_reverse,exec_yankdup,string_repla,exec_,char_ya,integer_mu,string_replacech,boolean_yankd,char_isletter,integer_add,string_empty,char_isdigit,print_integer,exec_shove,integer_fromstri,string_conjchar,boolean_or,boolean_empty,exec_wh,string_fromchar,integer_yankd,exec_do*while,integer_rot,string_rest,boolean_flu,integer_stackdep,char_iswhitespa,char_allfromstring,boolean_,char_allfromstri,exec_stackdepth,exec_do*range,char_shove,char_stackdep,string_removech,exec_stackdep,boolean_sho,string_indexofch,string_stackdep,string_leng,print_ch,integer_mult,boolean_xor,boolean_yankdup,integer_min,string_emp,integer_fromch,exec_yank,char_stackdepth,char_sw,integer_fromboole,string_replace,integer_div,string_replacefirst,boolean_frominteger,string_butla,char_isdig,integer_flush,integer_,string_yankdup,char_flu,print_exec,integer_yank,boolean_frominteg,string_emptystring,char_yankd,boolean_ya,string_swap,print_ex,exec_d,integer_max,char_swap,string_contains,char_empty,exec_dup,exec_k,string_frominteg,exec_noop,exec_p,exec_r,exec_s,string_sho,integer_flu,exec_y,boolean_rot,boolean_a,integer_ya,exec_ya,boolean_invert_first_then_a,string_spl,string_occurrencesofch,integer_yankdup,string_replacechar,char_sho,string_fromboolean,print_stri,exec_string_itera,print_newli,string_ta,string_replacefirstchar,string_substring,boolean_stackdepth,string_shove,string_containschar,exec_do*ran,char_yankdup,char_yank,integer_sw,exec_do*times,string_fromch,integer_shove,exec_if,exec_whi,integer_g,char_frominteger,char_frominteg,boolean_dup,string_eq,boolean_not,char_eq,boolean_flush,boolean_pop,string_butlast,exec_swap,string_replacefir,boolean_swap,exec_sw,string_n,print_string,exec_flush,print_newline,integer_a,string_d,string_dup,string_frominteger,string_contai,integer_mod,exec_do*count,string_fir,string_r,integer_fromchar,string_p,integer_inc,boolean_invert_first_then_and,integer_fromstring,exec_rot,integer_m,boolean_d,char_rot,exec_do*cou,string_take,exec_string_iterate,string_split,integer_pop,boolean_n,string_re,boolean_p,boolean_r,exec_pop,string_sw,boolean_x,boolean_emp,string_la,char_emp,boolean_stackdep,string_parse_to_cha,print_char,integer_dup,boolean_invert_second_then_and,integer_sub,string_setch,exec_no,boolean_yank,char_islett,string_ya,string_flu,integer_stackdepth,integer_emp,integer_dec,print_boole,integer_gt,exec,string_indexofchar,in1,char_dup,char_flush,char_pop,integer_lte,string_conjch,exec_flu,string_containsch,boolean_eq,string_flush,print_boolean,integer_d,string_rever,char_,exec_empty,string_last,integer_l,exec_when,integer_i,string_substri,string_nth,string_occurrencesofchar,integer_r,integer_s,integer_p,exec_while,integer_fromboolean,integer_empty,string_fromboole
1.35133309009e-05,0.0132971176065,0.000743233199551,0.000608099890542,0.0119187578546,0.00678369211227,0.000418913257929,0.0124457777598,0.000445939919731,5.40533236037e-05,0.0134457642464,0.000837826515858,0.00251347954757,1.35133309009e-05,2.70266618019e-05,8.10799854056e-05,2.70266618019e-05,0.0,0.000662153214146,0.0,0.00362157268145,0.00451345252091,0.000256753287118,0.000351346603424,1.35133309009e-05,0.00345941271064,0.00193240631883,0.0102971581465,0.0,0.0131890109593,0.0,0.0,0.00545938568398,2.70266618019e-05,0.0,0.013229550952,0.00518911906596,0.000378373265226,2.70266618019e-05,0.0,0.0,0.0,0.0,0.00313509276902,0.00221618626775,0.00232429291496,0.0117160578911,0.000540533236037,0.0108782313753,2.70266618019e-05,0.00232429291496,0.0102971581465,0.00221618626775,1.35133309009e-05,0.00121619978108,5.40533236037e-05,0.00168916636262,0.0029053661437,0.00663504547236,8.10799854056e-05,6.75666545047e-05,1.35133309009e-05,0.00454047918271,0.000108106647207,0.000108106647207,0.0013783597519,0.000364859934325,0.00233780624586,0.0,5.40533236037e-05,1.35133309009e-05,0.0,0.0,0.000135133309009,0.00043242658883,8.10799854056e-05,0.000743233199551,0.0015134930609,0.00185132633343,0.000783773192254,0.0,0.000135133309009,0.000351346603424,0.00149997973,0.0,0.0,0.0123511844435,0.00256753287118,0.00805394521696,0.000108106647207,6.75666545047e-05,0.000324319941622,0.00356751935785,0.000256753287118,0.0120809178254,1.35133309009e-05,8.10799854056e-05,0.010229591492,0.0,0.00159457304631,1.35133309009e-05,0.0,0.0112566046405,0.0,2.70266618019e-05,0.000608099890542,0.00185132633343,0.00114863312658,0.00659450547966,0.00486479912434,0.00785124525344,1.35133309009e-05,0.0028918528128,0.0,0.00014864663991,0.0014324130755,2.70266618019e-05,2.70266618019e-05,4.05399927028e-05,0.00181078634073,1.35133309009e-05,9.45933163065e-05,0.0,0.0,0.0,1.35133309009e-05,0.00218915960595,0.000337833272523,8.10799854056e-05,0.0128646910177,1.35133309009e-05,0.0,0.0,1.35133309009e-05,0.000567559897839,0.00693233875218,0.0112566046405,0.000378373265226,0.00201348630424,0.0,0.00128376643559,0.00277023283469,0.0,0.00486479912434,0.0,0.00105403981027,0.00556749233118,4.05399927028e-05,0.000216213294415,0.0029323928055,2.70266618019e-05,0.00179727300982,0.00783773192254,0.0111214713315,0.00170267969352,0.00982419156498,0.00199997297334,0.00272969284199,0.00028377994892,4.05399927028e-05,0.0043377792192,9.45933163065e-05,2.70266618019e-05,0.0107160714044,0.00043242658883,0.000108106647207,0.0,0.0,0.000527019905136,0.00118917311928,2.70266618019e-05,0.0122025378035,0.00610802556722,0.0,0.000135133309009,0.0104593181173,0.000378373265226,0.0134727909082,0.00167565303172,0.00656747881785,0.0116620045675,0.0014729530682,1.35133309009e-05,0.00504047242605,0.000121619978108,0.00697287874488,0.00164862636991,0.00218915960595,0.00329725273983,0.000486479912434,0.000540533236037,4.05399927028e-05,1.35133309009e-05,0.00028377994892,0.000256753287118,2.70266618019e-05,0.000121619978108,1.35133309009e-05,5.40533236037e-05,0.000216213294415,0.000162159970811,0.0102836448156,0.0014864663991,0.00981067823408,0.0131890109593,0.00014864663991,0.0,0.00210807962055,2.70266618019e-05,8.10799854056e-05,4.05399927028e-05,0.010770124728,0.0,0.00197294631154,0.0,0.0119592978473,0.0,0.000797286523155,0.0133917109228,0.00170267969352,0.00120268645018,0.0110944446697,0.00104052647937,4.05399927028e-05,1.35133309009e-05,2.70266618019e-05,0.00279725949649,0.00475669247713,0.000472966581533,9.45933163065e-05,0.000175673301712,0.0,0.0132565776138,0.00160808637721,1.35133309009e-05,0.000337833272523,0.000108106647207,0.0,0.00760800529723,0.00898636504912,1.35133309009e-05,0.00109457980298,1.35133309009e-05,0.0106214780881,0.000554046566938,0.00522965905866,0.000999986486669
Gen 74
string_,string_rot,integer_swap,exec_sho,integer_gte,boolean_shove,boolean_and,string_pop,exec_eq,string_yankd,string_parse_to_chars,integer_lt,string_stackdepth,exec_do*whi,char_r,char_p,boolean_sw,integer_sho,boolean_invert_second_then_a,print_integ,char_iswhitespace,string_removechar,exec_emp,string_first,string_conc,string_yank,string_concat,string_setchar,exec_yankd,string_length,string_replacefirstch,char_d,integer_eq,exec_do*tim,string_emptystri,string_reverse,exec_yankdup,string_repla,exec_,char_ya,integer_mu,string_replacech,boolean_yankd,char_isletter,integer_add,string_empty,char_isdigit,print_integer,exec_shove,integer_fromstri,string_conjchar,boolean_or,boolean_empty,exec_wh,string_fromchar,integer_yankd,exec_do*while,integer_rot,string_rest,boolean_flu,integer_stackdep,char_iswhitespa,char_allfromstring,boolean_,char_allfromstri,exec_stackdepth,exec_do*range,char_shove,char_stackdep,string_removech,exec_stackdep,boolean_sho,string_indexofch,string_stackdep,string_leng,print_ch,integer_mult,boolean_xor,boolean_yankdup,integer_min,string_emp,integer_fromch,exec_yank,char_stackdepth,char_sw,integer_fromboole,string_replace,integer_div,string_replacefirst,boolean_frominteger,string_butla,char_isdig,integer_flush,integer_,string_yankdup,char_flu,print_exec,integer_yank,boolean_frominteg,string_emptystring,char_yankd,boolean_ya,string_swap,print_ex,exec_d,integer_max,char_swap,string_contains,char_empty,exec_dup,exec_k,string_frominteg,exec_noop,exec_p,exec_r,exec_s,string_sho,integer_flu,exec_y,boolean_rot,boolean_a,integer_ya,exec_ya,boolean_invert_first_then_a,string_spl,string_occurrencesofch,integer_yankdup,string_replacechar,char_sho,string_fromboolean,print_stri,exec_string_itera,print_newli,string_ta,string_replacefirstchar,string_substring,boolean_stackdepth,string_shove,string_containschar,exec_do*ran,char_yankdup,char_yank,integer_sw,exec_do*times,string_fromch,integer_shove,exec_if,exec_whi,integer_g,char_frominteger,char_frominteg,boolean_dup,string_eq,boolean_not,char_eq,boolean_flush,boolean_pop,string_butlast,exec_swap,string_replacefir,boolean_swap,exec_sw,string_n,print_string,exec_flush,print_newline,integer_a,string_d,string_dup,string_frominteger,string_contai,integer_mod,exec_do*count,string_fir,string_r,integer_fromchar,string_p,integer_inc,boolean_invert_first_then_and,integer_fromstring,exec_rot,integer_m,boolean_d,char_rot,exec_do*cou,string_take,exec_string_iterate,string_split,integer_pop,boolean_n,string_re,boolean_p,boolean_r,exec_pop,string_sw,boolean_x,boolean_emp,string_la,char_emp,boolean_stackdep,string_parse_to_cha,print_char,integer_dup,boolean_invert_second_then_and,integer_sub,string_setch,exec_no,boolean_yank,char_islett,string_ya,string_flu,integer_stackdepth,integer_emp,integer_dec,print_boole,integer_gt,exec,string_indexofchar,in1,char_dup,char_flush,char_pop,integer_lte,string_conjch,exec_flu,string_containsch,boolean_eq,string_flush,print_boolean,integer_d,string_rever,char_,exec_empty,string_last,integer_l,exec_when,integer_i,string_substri,string_nth,string_occurrencesofchar,integer_r,integer_s,integer_p,exec_while,integer_fromboolean,integer_empty,string_fromboole
0.0,0.0131464913801,0.000719990400128,0.000799989333476,0.012093172091,0.00651991306783,0.00038666151118,0.0123998346689,0.00038666151118,6.66657777896e-05,0.0132798229357,0.000879988266823,0.00199997333369,0.0,1.33331555579e-05,3.99994666738e-05,0.0,1.33331555579e-05,0.000893321422381,0.0,0.00330662257837,0.00435994186744,0.000146664711137,0.000346662044506,0.0,0.00363995146731,0.00171997706697,0.00997320035733,0.0,0.0131598245357,1.33331555579e-05,0.0,0.0060532526233,1.33331555579e-05,0.0,0.0129864935134,0.00565325795656,0.000466660444527,3.99994666738e-05,0.0,1.33331555579e-05,0.0,0.0,0.00327995626725,0.0016799776003,0.00207997226704,0.0118798416021,0.000493326755643,0.0109465207131,2.66663111159e-05,0.00225330328929,0.0105065265796,0.00231996906708,0.0,0.000826655644591,1.33331555579e-05,0.00171997706697,0.00222663697817,0.00627991626778,0.000106665244463,5.33326222317e-05,1.33331555579e-05,0.0042132771563,6.66657777896e-05,9.33320889055e-05,0.00110665191131,0.000333328888948,0.00203997280036,1.33331555579e-05,2.66663111159e-05,0.0,1.33331555579e-05,0.0,0.000226663644485,0.000239996800043,7.99989333476e-05,0.000826655644591,0.00166664444474,0.0016799776003,0.00105331928908,0.0,6.66657777896e-05,0.000666657777896,0.00158664551139,0.0,1.33331555579e-05,0.0125731656911,0.00229330275596,0.00779989600139,5.33326222317e-05,0.000173331022253,0.000279996266716,0.00374661671178,0.000186664177811,0.0121598378688,0.0,2.66663111159e-05,0.0105731923574,0.0,0.00155997920028,0.0,0.0,0.0108798549353,0.0,5.33326222317e-05,0.000653324622338,0.00129331608912,0.00149331342249,0.00666657777896,0.00510659857869,0.00875988320156,0.0,0.0034532872895,0.0,6.66657777896e-05,0.00137331502247,0.0,6.66657777896e-05,0.000119998400021,0.00179997600032,0.0,9.33320889055e-05,0.0,1.33331555579e-05,0.0,1.33331555579e-05,0.00143998080026,0.000266663111159,7.99989333476e-05,0.0128398288023,2.66663111159e-05,0.0,0.0,0.0,0.000906654577939,0.00741323449021,0.0112398501353,0.000439994133412,0.00150664657805,0.0,0.00106665244463,0.00242663431154,2.66663111159e-05,0.00475993653418,0.0,0.000959987200171,0.005639924801,5.33326222317e-05,0.000213330488927,0.00289329475607,1.33331555579e-05,0.00178664284476,0.00846655377928,0.0106798576019,0.00129331608912,0.00983986880175,0.00195997386702,0.00261329848935,0.000173331022253,2.66663111159e-05,0.00469327075639,1.33331555579e-05,5.33326222317e-05,0.0109465207131,0.000439994133412,0.000173331022253,0.0,0.0,0.000399994666738,0.00135998186691,0.0,0.0121731710244,0.00641324782336,0.0,0.000159997866695,0.010253196624,0.000226663644485,0.0133064892468,0.00210663857815,0.00663991146785,0.011853175291,0.00153331288916,0.0,0.005639924801,0.000226663644485,0.00657324569006,0.00191997440034,0.00229330275596,0.00323995680058,0.00031999573339,0.000466660444527,0.0,3.99994666738e-05,0.000373328355622,0.000253329955601,1.33331555579e-05,2.66663111159e-05,0.0,2.66663111159e-05,0.000293329422274,0.000146664711137,0.0102931960907,0.00137331502247,0.00985320195731,0.0131064919134,0.000199997333369,1.33331555579e-05,0.0019333075559,1.33331555579e-05,3.99994666738e-05,0.0,0.0106798576019,1.33331555579e-05,0.00230663591152,1.33331555579e-05,0.0121865041799,2.66663111159e-05,0.00109331875575,0.0132264903135,0.00150664657805,0.00107998560019,0.0112398501353,0.000946654044613,1.33331555579e-05,0.0,2.66663111159e-05,0.00222663697817,0.00521326382315,0.000426660977854,9.33320889055e-05,0.000159997866695,0.0,0.0130531592912,0.00159997866695,1.33331555579e-05,0.000199997333369,0.000239996800043,0.0,0.00801322649031,0.0085865521793,1.33331555579e-05,0.001266649778,1.33331555579e-05,0.0104531939574,0.000573325688991,0.00485326862309,0.000893321422381
Gen 75
string_,string_rot,integer_swap,exec_sho,integer_gte,boolean_shove,boolean_and,string_pop,exec_eq,string_yankd,string_parse_to_chars,integer_lt,string_stackdepth,exec_do*whi,char_r,char_p,boolean_sw,integer_sho,boolean_invert_second_then_a,print_integ,char_iswhitespace,string_removechar,exec_emp,string_first,string_conc,string_yank,string_concat,string_setchar,exec_yankd,string_length,string_replacefirstch,char_d,integer_eq,exec_do*tim,string_emptystri,string_reverse,exec_yankdup,string_repla,exec_,char_ya,integer_mu,string_replacech,boolean_yankd,char_isletter,integer_add,string_empty,char_isdigit,print_integer,exec_shove,integer_fromstri,string_conjchar,boolean_or,boolean_empty,exec_wh,string_fromchar,integer_yankd,exec_do*while,integer_rot,string_rest,boolean_flu,integer_stackdep,char_iswhitespa,char_allfromstring,boolean_,char_allfromstri,exec_stackdepth,exec_do*range,char_shove,char_stackdep,string_removech,exec_stackdep,boolean_sho,string_indexofch,string_stackdep,string_leng,print_ch,integer_mult,boolean_xor,boolean_yankdup,integer_min,string_emp,integer_fromch,exec_yank,char_stackdepth,char_sw,integer_fromboole,string_replace,integer_div,string_replacefirst,boolean_frominteger,string_butla,char_isdig,integer_flush,integer_,string_yankdup,char_flu,print_exec,integer_yank,boolean_frominteg,string_emptystring,char_yankd,boolean_ya,string_swap,print_ex,exec_d,integer_max,char_swap,string_contains,char_empty,exec_dup,exec_k,string_frominteg,exec_noop,exec_p,exec_r,exec_s,string_sho,integer_flu,exec_y,boolean_rot,boolean_a,integer_ya,exec_ya,boolean_invert_first_then_a,string_spl,string_occurrencesofch,integer_yankdup,string_replacechar,char_sho,string_fromboolean,print_stri,exec_string_itera,print_newli,string_ta,string_replacefirstchar,string_substring,boolean_stackdepth,string_shove,string_containschar,exec_do*ran,char_yankdup,char_yank,integer_sw,exec_do*times,string_fromch,integer_shove,exec_if,exec_whi,integer_g,char_frominteger,char_frominteg,boolean_dup,string_eq,boolean_not,char_eq,boolean_flush,boolean_pop,string_butlast,exec_swap,string_replacefir,boolean_swap,exec_sw,string_n,print_string,exec_flush,print_newline,integer_a,string_d,string_dup,string_frominteger,string_contai,integer_mod,exec_do*count,string_fir,string_r,integer_fromchar,string_p,integer_inc,boolean_invert_first_then_and,integer_fromstring,exec_rot,integer_m,boolean_d,char_rot,exec_do*cou,string_take,exec_string_iterate,string_split,integer_pop,boolean_n,string_re,boolean_p,boolean_r,exec_pop,string_sw,boolean_x,boolean_emp,string_la,char_emp,boolean_stackdep,string_parse_to_cha,print_char,integer_dup,boolean_invert_second_then_and,integer_sub,string_setch,exec_no,boolean_yank,char_islett,string_ya,string_flu,integer_stackdepth,integer_emp,integer_dec,print_boole,integer_gt,exec,string_indexofchar,in1,char_dup,char_flush,char_pop,integer_lte,string_conjch,exec_flu,string_containsch,boolean_eq,string_flush,print_boolean,integer_d,string_rever,char_,exec_empty,string_last,integer_l,exec_when,integer_i,string_substri,string_nth,string_occurrencesofchar,integer_r,integer_s,integer_p,exec_while,integer_fromboolean,integer_empty,string_fromboole
1.31577216089e-05,0.0128814094551,0.00105261772871,0.000907882791016,0.0117366876752,0.00684201523664,0.000355258483441,0.0123682583124,0.000631570637228,0.000105261772871,0.0130787752793,0.000868409626189,0.0020657622926,0.0,2.63154432179e-05,5.26308864357e-05,3.94731648268e-05,0.0,0.000592097472402,0.0,0.00356574255602,0.00468414889278,7.89463296536e-05,0.000315785318614,1.31577216089e-05,0.00330258812384,0.00168418836594,0.00960513677452,0.0,0.0130524598361,0.0,1.31577216089e-05,0.00624991776424,1.31577216089e-05,0.0,0.0129735135064,0.0061972868778,0.000197365824134,0.0,0.0,2.63154432179e-05,0.0,0.0,0.00296048736201,0.00163155747951,0.00230260128156,0.0116972145103,0.000355258483441,0.0110788015947,2.63154432179e-05,0.00226312811674,0.0103946000711,0.00205260457099,1.31577216089e-05,0.000605255194011,2.63154432179e-05,0.0011841949448,0.00189471191169,0.00635517953711,9.21040512625e-05,5.26308864357e-05,0.0,0.00432889040934,6.57886080446e-05,6.57886080446e-05,0.00140787621216,0.00048683569953,0.00205260457099,1.31577216089e-05,1.31577216089e-05,1.31577216089e-05,1.31577216089e-05,0.0,0.000105261772871,0.000513151142748,7.89463296536e-05,0.000710516966882,0.0013289298825,0.00169734608755,0.000802621018144,0.0,5.26308864357e-05,0.000894725069407,0.00146050709859,0.0,0.0,0.0122235233747,0.00232891672478,0.00748674359548,0.000105261772871,9.21040512625e-05,0.000276312153787,0.00392100103946,0.000131577216089,0.0119603689425,0.0,0.000131577216089,0.0107103853897,0.0,0.00128945671767,1.31577216089e-05,0.0,0.0108945934922,0.0,0.0,0.000565782029184,0.0014736648202,0.0010263022855,0.00631570637228,0.00518414231392,0.00918408968303,0.0,0.00335521901028,0.0,9.21040512625e-05,0.00149998026342,0.0,3.94731648268e-05,5.26308864357e-05,0.00105261772871,0.0,0.000131577216089,1.31577216089e-05,2.63154432179e-05,0.0,0.0,0.00109209089354,0.000421047091486,7.89463296536e-05,0.0126577281878,5.26308864357e-05,0.0,0.0,1.31577216089e-05,0.000868409626189,0.00773674030605,0.0109077512138,0.000407889369877,0.00119735266641,0.0,0.00117103722319,0.00240786305443,0.0,0.00460520256312,0.0,0.000881567347798,0.00551308535414,7.89463296536e-05,0.000171050380916,0.00318416862936,3.94731648268e-05,0.00189471191169,0.00847357271615,0.0106577545032,0.00142103393376,0.00973671399061,0.00236838988961,0.00264470204339,0.000210523545743,0.0,0.0048683569953,2.63154432179e-05,6.57886080446e-05,0.0108419626058,0.000421047091486,0.000157892659307,0.0,3.94731648268e-05,0.000315785318614,0.00160524203629,0.0,0.0123024697043,0.00655254536125,0.0,0.000184208102525,0.0100393415876,0.000342100761832,0.0131314061657,0.00209207773582,0.00639465270194,0.0113945869133,0.00186839646847,0.0,0.00513151142748,0.000223681267352,0.00621044459941,0.00177629241721,0.00223681267352,0.00303943369166,0.000684201523664,0.000421047091486,0.0,1.31577216089e-05,0.000526308864357,0.000171050380916,0.0,9.21040512625e-05,0.0,2.63154432179e-05,0.000223681267352,7.89463296536e-05,0.0103419691846,0.00163155747951,0.00994723753635,0.0129735135064,0.000157892659307,3.94731648268e-05,0.0014736648202,0.0,6.57886080446e-05,2.63154432179e-05,0.0108288048841,2.63154432179e-05,0.00209207773582,0.0,0.0119603689425,1.31577216089e-05,0.00106577545032,0.0130656175577,0.00153945342824,0.000973671399061,0.0113156405837,0.00124998355285,0.0,0.0,0.0,0.00240786305443,0.0053025618084,0.000499993421139,0.00011841949448,5.26308864357e-05,0.0,0.0129471980632,0.00140787621216,0.0,0.000460520256312,0.000210523545743,1.31577216089e-05,0.00790779068696,0.00874988486994,1.31577216089e-05,0.00134208760411,0.0,0.0105130195655,0.000394731648268,0.00455257167669,0.000697359245273
Gen 76
string_,string_rot,integer_swap,exec_sho,integer_gte,boolean_shove,boolean_and,string_pop,exec_eq,string_yankd,string_parse_to_chars,integer_lt,string_stackdepth,exec_do*whi,char_r,char_p,boolean_sw,integer_sho,boolean_invert_second_then_a,print_integ,char_iswhitespace,string_removechar,exec_emp,string_first,string_conc,string_yank,string_concat,string_setchar,exec_yankd,string_length,string_replacefirstch,char_d,integer_eq,exec_do*tim,string_emptystri,string_reverse,exec_yankdup,string_repla,exec_,char_ya,integer_mu,string_replacech,boolean_yankd,char_isletter,integer_add,string_empty,char_isdigit,print_integer,exec_shove,integer_fromstri,string_conjchar,boolean_or,boolean_empty,exec_wh,string_fromchar,integer_yankd,exec_do*while,integer_rot,string_rest,boolean_flu,integer_stackdep,char_iswhitespa,char_allfromstring,boolean_,char_allfromstri,exec_stackdepth,exec_do*range,char_shove,char_stackdep,string_removech,exec_stackdep,boolean_sho,string_indexofch,string_stackdep,string_leng,print_ch,integer_mult,boolean_xor,boolean_yankdup,integer_min,string_emp,integer_fromch,exec_yank,char_stackdepth,char_sw,integer_fromboole,string_replace,integer_div,string_replacefirst,boolean_frominteger,string_butla,char_isdig,integer_flush,integer_,string_yankdup,char_flu,print_exec,integer_yank,boolean_frominteg,string_emptystring,char_yankd,boolean_ya,string_swap,print_ex,exec_d,integer_max,char_swap,string_contains,char_empty,exec_dup,exec_k,string_frominteg,exec_noop,exec_p,exec_r,exec_s,string_sho,integer_flu,exec_y,boolean_rot,boolean_a,integer_ya,exec_ya,boolean_invert_first_then_a,string_spl,string_occurrencesofch,integer_yankdup,string_replacechar,char_sho,string_fromboolean,print_stri,exec_string_itera,print_newli,string_ta,string_replacefirstchar,string_substring,boolean_stackdepth,string_shove,string_containschar,exec_do*ran,char_yankdup,char_yank,integer_sw,exec_do*times,string_fromch,integer_shove,exec_if,exec_whi,integer_g,char_frominteger,char_frominteg,boolean_dup,string_eq,boolean_not,char_eq,boolean_flush,boolean_pop,string_butlast,exec_swap,string_replacefir,boolean_swap,exec_sw,string_n,print_string,exec_flush,print_newline,integer_a,string_d,string_dup,string_frominteger,string_contai,integer_mod,exec_do*count,string_fir,string_r,integer_fromchar,string_p,integer_inc,boolean_invert_first_then_and,integer_fromstring,exec_rot,integer_m,boolean_d,char_rot,exec_do*cou,string_take,exec_string_iterate,string_split,integer_pop,boolean_n,string_re,boolean_p,boolean_r,exec_pop,string_sw,boolean_x,boolean_emp,string_la,char_emp,boolean_stackdep,string_parse_to_cha,print_char,integer_dup,boolean_invert_second_then_and,integer_sub,string_setch,exec_no,boolean_yank,char_islett,string_ya,string_flu,integer_stackdepth,integer_emp,integer_dec,print_boole,integer_gt,exec,string_indexofchar,in1,char_dup,char_flush,char_pop,integer_lte,string_conjch,exec_flu,string_containsch,boolean_eq,string_flush,print_boolean,integer_d,string_rever,char_,exec_empty,string_last,integer_l,exec_when,integer_i,string_substri,string_nth,string_occurrencesofchar,integer_r,integer_s,integer_p,exec_while,integer_fromboolean,integer_empty,string_fromboole
0.0,0.0127660679731,0.00125972389969,0.000922065947195,0.0116621862054,0.00684406696017,0.000415579018454,0.0119608836249,0.000844144881235,3.89605329801e-05,0.0129478837937,0.00119478967806,0.00199997402631,1.29868443267e-05,3.89605329801e-05,0.000103894754614,0.0,0.0,0.000545447461721,0.0,0.0046233165803,0.00464929026896,0.000168828976247,0.000415579018454,0.0,0.00346748743523,0.00162335554084,0.00951935689147,0.0,0.0129089232607,1.29868443267e-05,0.0,0.00633758003143,1.29868443267e-05,1.29868443267e-05,0.0127920416618,0.00555836937183,0.000246750042207,0.0,2.59736886534e-05,1.29868443267e-05,1.29868443267e-05,1.29868443267e-05,0.00274022415293,0.00166231607382,0.00232464513448,0.011727120427,0.000402592174128,0.0106362255036,0.0,0.00240256620044,0.010454409683,0.00259736886534,0.0,0.000987000168829,3.89605329801e-05,0.0015064739419,0.00251944779938,0.00672718536123,0.000129868443267,2.59736886534e-05,1.29868443267e-05,0.0047661718679,0.000103894754614,5.19473773068e-05,0.00118180283373,0.000389605329801,0.00183114505006,1.29868443267e-05,3.89605329801e-05,1.29868443267e-05,1.29868443267e-05,2.59736886534e-05,3.89605329801e-05,0.000324671108167,0.00011688159894,0.000701289593642,0.00153244763055,0.00167530291814,0.00110388176777,0.0,2.59736886534e-05,0.000792197503929,0.00159738185218,0.0,0.0,0.0121556862898,0.00246750042207,0.00702588278074,0.00015584213192,0.0001948026649,0.000311684263841,0.00420773756185,0.000285710575187,0.0118440020259,2.59736886534e-05,9.09079102869e-05,0.0101816859521,0.0,0.00193503980468,0.0,0.0,0.0109998571447,0.0,1.29868443267e-05,0.000727263282295,0.00197400033766,0.00119478967806,0.00629861949845,0.00497396137712,0.00859729094427,0.0,0.00381813223205,2.59736886534e-05,0.000220776353554,0.00177919767276,2.59736886534e-05,3.89605329801e-05,6.49342216335e-05,0.000844144881235,0.0,0.00011688159894,0.0,0.0,0.0,1.29868443267e-05,0.00154543447488,0.000441552707108,0.000129868443267,0.0125972389969,3.89605329801e-05,0.0,0.0,0.0,0.000597394839028,0.00696094855911,0.0106362255036,0.000532460617395,0.00161036869651,0.0,0.00123375021104,0.00216880300256,0.0,0.00458435604732,0.0,0.00103894754614,0.00514279035337,6.49342216335e-05,0.000233763197881,0.00318177686004,3.89605329801e-05,0.00205192140362,0.00793496188361,0.0106492123479,0.00133764496565,0.00962325164608,0.00242853988909,0.00302593472812,0.000246750042207,0.0,0.00448046129271,1.29868443267e-05,5.19473773068e-05,0.0103375280841,0.000610381683355,0.000207789509227,0.0,0.0,0.000324671108167,0.00188309242737,0.0,0.011805041493,0.00677913273854,0.0,0.0001948026649,0.00955831742445,0.000181815820574,0.012960870638,0.00229867144583,0.00628563265412,0.0113894624745,0.00180517136141,0.0,0.00522071141933,0.00011688159894,0.00606485630057,0.00193503980468,0.00259736886534,0.00312982948273,0.000740250126622,0.000454539551434,1.29868443267e-05,0.0,0.000506486928741,0.000181815820574,0.0,5.19473773068e-05,0.0,5.19473773068e-05,0.000285710575187,0.00011688159894,0.00984402799964,0.00163634238516,0.00996090959858,0.0127530811288,0.000142855287594,1.29868443267e-05,0.00132465812132,0.0,6.49342216335e-05,0.0,0.010493370216,0.0,0.00207789509227,0.0,0.0119349099362,0.0,0.00133764496565,0.0128310021948,0.00164932922949,0.000922065947195,0.011168686121,0.00144153972026,0.0,0.0,0.0,0.00296100050649,0.00516876404203,0.000415579018454,0.00011688159894,0.000181815820574,1.29868443267e-05,0.0128050285061,0.000818171192582,1.29868443267e-05,0.000740250126622,0.000129868443267,2.59736886534e-05,0.00825963299178,0.00875313307619,0.0,0.00128569758834,0.0,0.0105842781263,0.000519473773068,0.0044285139154,0.000688302749315
Gen 77
string_,string_rot,integer_swap,exec_sho,integer_gte,boolean_shove,boolean_and,string_pop,exec_eq,string_yankd,string_parse_to_chars,integer_lt,string_stackdepth,exec_do*whi,char_r,char_p,boolean_sw,integer_sho,boolean_invert_second_then_a,print_integ,char_iswhitespace,string_removechar,exec_emp,string_first,string_conc,string_yank,string_concat,string_setchar,exec_yankd,string_length,string_replacefirstch,char_d,integer_eq,exec_do*tim,string_emptystri,string_reverse,exec_yankdup,string_repla,exec_,char_ya,integer_mu,string_replacech,boolean_yankd,char_isletter,integer_add,string_empty,char_isdigit,print_integer,exec_shove,integer_fromstri,string_conjchar,boolean_or,boolean_empty,exec_wh,string_fromchar,integer_yankd,exec_do*while,integer_rot,string_rest,boolean_flu,integer_stackdep,char_iswhitespa,char_allfromstring,boolean_,char_allfromstri,exec_stackdepth,exec_do*range,char_shove,char_stackdep,string_removech,exec_stackdep,boolean_sho,string_indexofch,string_stackdep,string_leng,print_ch,integer_mult,boolean_xor,boolean_yankdup,integer_min,string_emp,integer_fromch,exec_yank,char_stackdepth,char_sw,integer_fromboole,string_replace,integer_div,string_replacefirst,boolean_frominteger,string_butla,char_isdig,integer_flush,integer_,string_yankdup,char_flu,print_exec,integer_yank,boolean_frominteg,string_emptystring,char_yankd,boolean_ya,string_swap,print_ex,exec_d,integer_max,char_swap,string_contains,char_empty,exec_dup,exec_k,string_frominteg,exec_noop,exec_p,exec_r,exec_s,string_sho,integer_flu,exec_y,boolean_rot,boolean_a,integer_ya,exec_ya,boolean_invert_first_then_a,string_spl,string_occurrencesofch,integer_yankdup,string_replacechar,char_sho,string_fromboolean,print_stri,exec_string_itera,print_newli,string_ta,string_replacefirstchar,string_substring,boolean_stackdepth,string_shove,string_containschar,exec_do*ran,char_yankdup,char_yank,integer_sw,exec_do*times,string_fromch,integer_shove,exec_if,exec_whi,integer_g,char_frominteger,char_frominteg,boolean_dup,string_eq,boolean_not,char_eq,boolean_flush,boolean_pop,string_butlast,exec_swap,string_replacefir,boolean_swap,exec_sw,string_n,print_string,exec_flush,print_newline,integer_a,string_d,string_dup,string_frominteger,string_contai,integer_mod,exec_do*count,string_fir,string_r,integer_fromchar,string_p,integer_inc,boolean_invert_first_then_and,integer_fromstring,exec_rot,integer_m,boolean_d,char_rot,exec_do*cou,string_take,exec_string_iterate,string_split,integer_pop,boolean_n,string_re,boolean_p,boolean_r,exec_pop,string_sw,boolean_x,boolean_emp,string_la,char_emp,boolean_stackdep,string_parse_to_cha,print_char,integer_dup,boolean_invert_second_then_and,integer_sub,string_setch,exec_no,boolean_yank,char_islett,string_ya,string_flu,integer_stackdepth,integer_emp,integer_dec,print_boole,integer_gt,exec,string_indexofchar,in1,char_dup,char_flush,char_pop,integer_lte,string_conjch,exec_flu,string_containsch,boolean_eq,string_flush,print_boolean,integer_d,string_rever,char_,exec_empty,string_last,integer_l,exec_when,integer_i,string_substri,string_nth,string_occurrencesofchar,integer_r,integer_s,integer_p,exec_while,integer_fromboolean,integer_empty,string_fromboole
0.0,0.012679324624,0.00144869937565,0.000769220907424,0.0115126729144,0.00666658119768,0.000294868014513,0.0119357444135,0.000782041255881,2.56406969141e-05,0.0128075281086,0.00107690927039,0.00203843540467,1.28203484571e-05,3.84610453712e-05,3.84610453712e-05,1.28203484571e-05,0.0,0.000641017422854,1.28203484571e-05,0.00437173882386,0.00467942718683,0.000102562787657,0.000410251150626,1.28203484571e-05,0.00342303303804,0.00160254355713,0.00975628517583,0.0,0.0127562467148,0.0,0.0,0.00621786900168,1.28203484571e-05,0.0,0.0126665042756,0.00601274342637,0.000205125575313,0.0,2.56406969141e-05,0.0,0.0,5.12813938283e-05,0.00234612376764,0.00129485519416,0.00241022550993,0.0115767746567,0.000371790105255,0.0109229368854,5.12813938283e-05,0.00246150690376,0.0106280688709,0.00247432725221,0.0,0.000512813938283,5.12813938283e-05,0.00158972320868,0.00211535749542,0.00683324572762,0.000102562787657,6.41017422854e-05,2.56406969141e-05,0.00442302021769,0.000128203484571,3.84610453712e-05,0.00110254996731,0.000384610453712,0.00187177087473,0.0,0.000141023833028,2.56406969141e-05,1.28203484571e-05,0.0,2.56406969141e-05,0.000358969756798,5.12813938283e-05,0.000653837771311,0.00114101101268,0.00139741798182,0.00106408892194,0.0,1.28203484571e-05,0.000628197074396,0.00198715401085,0.0,0.0,0.0121280496404,0.00294868014513,0.00699991025756,0.000243586620684,0.000192305226856,0.000333329059884,0.00449994230843,0.00021794592377,0.011640876399,0.0,5.12813938283e-05,0.0102690991141,0.0,0.0020897167985,0.0,1.28203484571e-05,0.0107178113101,0.0,1.28203484571e-05,0.000474352892912,0.00246150690376,0.000679478468225,0.00629479109242,0.00526916321586,0.00939731541903,1.28203484571e-05,0.00392302662786,1.28203484571e-05,5.12813938283e-05,0.00178202843553,1.28203484571e-05,8.97424391995e-05,6.41017422854e-05,0.000692298816682,0.0,8.97424391995e-05,1.28203484571e-05,0.0,2.56406969141e-05,1.28203484571e-05,0.00129485519416,0.000282047666056,0.000115383136114,0.0126280432302,1.28203484571e-05,0.0,0.0,0.0,0.000589736029025,0.00767938872579,0.0106665299163,0.00052563428674,0.00117947205805,0.0,0.00135895693645,0.00241022550993,0.0,0.00417943359701,0.0,0.00130767554262,0.005525570185,2.56406969141e-05,0.00021794592377,0.00362815861335,0.0,0.00192305226856,0.00769220907424,0.0107049909617,0.00158972320868,0.00937167472212,0.00293585979667,0.00306406328124,0.000410251150626,0.0,0.00429481673312,2.56406969141e-05,6.41017422854e-05,0.0106408892194,0.000551274983654,0.000166664529942,0.0,1.28203484571e-05,0.000923065088909,0.00162818425405,0.0,0.0119357444135,0.00691016781836,3.84610453712e-05,0.000205125575313,0.00985884796349,0.000269227317598,0.0128075281086,0.00223074063153,0.00670504224305,0.0114613915206,0.00135895693645,0.0,0.00487173241369,0.000230766272227,0.00608966551711,0.00174356739016,0.00233330341919,0.00264099178216,0.000910244740452,0.00052563428674,3.84610453712e-05,0.0,0.00052563428674,0.000205125575313,1.28203484571e-05,7.69220907424e-05,0.0,2.56406969141e-05,0.00030768836297,0.000102562787657,0.0103075601595,0.00167946564788,0.00962808169126,0.012704965321,8.97424391995e-05,0.0,0.00126921449725,5.12813938283e-05,8.97424391995e-05,1.28203484571e-05,0.0107819130524,0.0,0.00258971038833,0.0,0.0118716426712,3.84610453712e-05,0.00201279470776,0.0127306060179,0.00149998076948,0.00105126857348,0.0115254932629,0.00133331623954,0.0,0.0,0.0,0.0027179138729,0.00502557659517,0.000538454635197,7.69220907424e-05,0.000205125575313,2.56406969141e-05,0.0126280432302,0.000730759862053,0.0,0.000730759862053,0.000102562787657,0.0,0.00832040614864,0.00878193869309,0.0,0.00138459763336,1.28203484571e-05,0.0104485839925,0.000935885437366,0.00461532544455,0.000910244740452
Gen 78
string_,string_rot,integer_swap,exec_sho,integer_gte,boolean_shove,boolean_and,string_pop,exec_eq,string_yankd,string_parse_to_chars,integer_lt,string_stackdepth,exec_do*whi,char_r,char_p,boolean_sw,integer_sho,boolean_invert_second_then_a,print_integ,char_iswhitespace,string_removechar,exec_emp,string_first,string_conc,string_yank,string_concat,string_setchar,exec_yankd,string_length,string_replacefirstch,char_d,integer_eq,exec_do*tim,string_emptystri,string_reverse,exec_yankdup,string_repla,exec_,char_ya,integer_mu,string_replacech,boolean_yankd,char_isletter,integer_add,string_empty,char_isdigit,print_integer,exec_shove,integer_fromstri,string_conjchar,boolean_or,boolean_empty,exec_wh,string_fromchar,integer_yankd,exec_do*while,integer_rot,string_rest,boolean_flu,integer_stackdep,char_iswhitespa,char_allfromstring,boolean_,char_allfromstri,exec_stackdepth,exec_do*range,char_shove,char_stackdep,string_removech,exec_stackdep,boolean_sho,string_indexofch,string_stackdep,string_leng,print_ch,integer_mult,boolean_xor,boolean_yankdup,integer_min,string_emp,integer_fromch,exec_yank,char_stackdepth,char_sw,integer_fromboole,string_replace,integer_div,string_replacefirst,boolean_frominteger,string_butla,char_isdig,integer_flush,integer_,string_yankdup,char_flu,print_exec,integer_yank,boolean_frominteg,string_emptystring,char_yankd,boolean_ya,string_swap,print_ex,exec_d,integer_max,char_swap,string_contains,char_empty,exec_dup,exec_k,string_frominteg,exec_noop,exec_p,exec_r,exec_s,string_sho,integer_flu,exec_y,boolean_rot,boolean_a,integer_ya,exec_ya,boolean_invert_first_then_a,string_spl,string_occurrencesofch,integer_yankdup,string_replacechar,char_sho,string_fromboolean,print_stri,exec_string_itera,print_newli,string_ta,string_replacefirstchar,string_substring,boolean_stackdepth,string_shove,string_containschar,exec_do*ran,char_yankdup,char_yank,integer_sw,exec_do*times,string_fromch,integer_shove,exec_if,exec_whi,integer_g,char_frominteger,char_frominteg,boolean_dup,string_eq,boolean_not,char_eq,boolean_flush,boolean_pop,string_butlast,exec_swap,string_replacefir,boolean_swap,exec_sw,string_n,print_string,exec_flush,print_newline,integer_a,string_d,string_dup,string_frominteger,string_contai,integer_mod,exec_do*count,string_fir,string_r,integer_fromchar,string_p,integer_inc,boolean_invert_first_then_and,integer_fromstring,exec_rot,integer_m,boolean_d,char_rot,exec_do*cou,string_take,exec_string_iterate,string_split,integer_pop,boolean_n,string_re,boolean_p,boolean_r,exec_pop,string_sw,boolean_x,boolean_emp,string_la,char_emp,boolean_stackdep,string_parse_to_cha,print_char,integer_dup,boolean_invert_second_then_and,integer_sub,string_setch,exec_no,boolean_yank,char_islett,string_ya,string_flu,integer_stackdepth,integer_emp,integer_dec,print_boole,integer_gt,exec,string_indexofchar,in1,char_dup,char_flush,char_pop,integer_lte,string_conjch,exec_flu,string_containsch,boolean_eq,string_flush,print_boolean,integer_d,string_rever,char_,exec_empty,string_last,integer_l,exec_when,integer_i,string_substri,string_nth,string_occurrencesofchar,integer_r,integer_s,integer_p,exec_while,integer_fromboolean,integer_empty,string_fromboole
1.26580676194e-05,0.012506170808,0.00151896811433,0.00101264540955,0.0111770737079,0.00703788559638,0.000265819420007,0.0118099770889,0.000734167921925,2.53161352388e-05,0.0126454095518,0.00148099391147,0.00203794888672,0.0,5.06322704776e-05,0.000126580676194,2.53161352388e-05,0.0,0.000607587245731,0.0,0.00472145922204,0.00453158820774,0.000177212946672,0.000405058163821,1.26580676194e-05,0.00324046531057,0.00162023265528,0.00943026037645,1.26580676194e-05,0.0125947772813,0.0,0.0,0.00660751129733,2.53161352388e-05,0.0,0.0125694611461,0.00611384666017,0.000151896811433,0.0,0.0,0.0,0.0,5.06322704776e-05,0.00230376830673,0.00137972937051,0.00229111023911,0.0115188415337,0.000405058163821,0.010809989747,7.59484057164e-05,0.00236705864483,0.0104302477184,0.00250629738864,0.0,0.000670877583828,6.3290338097e-05,0.00146833584385,0.00196200048101,0.00698725332591,3.79742028582e-05,6.3290338097e-05,0.0,0.00454424627536,7.59484057164e-05,6.3290338097e-05,0.00126580676194,0.000594929178112,0.00184807787243,1.26580676194e-05,0.000126580676194,3.79742028582e-05,0.0,0.0,6.3290338097e-05,0.000443032366679,6.3290338097e-05,0.000962013139074,0.000873406665738,0.00149365197909,0.000949355071455,0.0,6.3290338097e-05,0.000696193719067,0.00221516183339,0.0,0.0,0.0118226351565,0.00264553613245,0.00759484057164,0.000151896811433,0.000253161352388,0.000468348501918,0.0043037429906,0.00021518714953,0.0114935253984,0.0,5.06322704776e-05,0.0102403767041,0.0,0.00170883912862,1.26580676194e-05,1.26580676194e-05,0.0101897444336,0.0,2.53161352388e-05,0.000316451690485,0.00217718763054,0.000645561448589,0.00613916279541,0.00501259477728,0.00950620878217,0.0,0.00443032366679,1.26580676194e-05,0.000101264540955,0.00182276173719,0.0,6.3290338097e-05,5.06322704776e-05,0.000746825989544,0.0,5.06322704776e-05,0.0,2.53161352388e-05,0.0,0.0,0.0011772002886,0.00041771623144,0.000101264540955,0.0123416159289,6.3290338097e-05,0.0,0.0,0.0,0.000974671206694,0.0076328147745,0.0103289831774,0.000658219516209,0.00101264540955,0.0,0.00160757458766,0.00234174250959,0.0,0.00369615574486,0.0,0.00131643903242,0.00644295641827,6.3290338097e-05,0.00021518714953,0.00337970405438,1.26580676194e-05,0.00170883912862,0.00818976974975,0.0106201187327,0.001696181061,0.0093289958355,0.00301262009342,0.00275945874103,0.000316451690485,0.0,0.00418982038202,2.53161352388e-05,8.86064733358e-05,0.0104049315831,0.000443032366679,0.000113922608575,0.0,1.26580676194e-05,0.00103796154479,0.00134175516766,0.0,0.0116707383451,0.00697459525829,1.26580676194e-05,0.000101264540955,0.00963278945836,0.000253161352388,0.0126580676194,0.00222781990101,0.00670877583828,0.0111770737079,0.00145567777623,0.0,0.00484803989823,0.000329109758104,0.00627840153922,0.00184807787243,0.00230376830673,0.00278477487627,0.000797458260022,0.000405058163821,2.53161352388e-05,0.0,0.000544296907634,0.000240503284769,2.53161352388e-05,0.000113922608575,0.0,2.53161352388e-05,0.000379742028582,0.000101264540955,0.0103163251098,0.001696181061,0.00948089264693,0.0124935127403,0.00020252908191,0.0,0.00151896811433,3.79742028582e-05,0.0,0.0,0.0106834090708,2.53161352388e-05,0.00307591043151,1.26580676194e-05,0.0115314996013,1.26580676194e-05,0.00211389729244,0.0125441450108,0.00155694231719,0.000746825989544,0.0113163124517,0.0012404906267,0.0,0.0,2.53161352388e-05,0.00283540714674,0.00499993670966,0.000531638840015,0.000101264540955,0.000113922608575,2.53161352388e-05,0.0124935127403,0.000594929178112,1.26580676194e-05,0.00102530347717,6.3290338097e-05,0.0,0.00826571815547,0.00951886684979,1.26580676194e-05,0.00106327768003,1.26580676194e-05,0.010177086366,0.000898722800977,0.00501259477728,0.000772142124783
Gen 79
string_,string_rot,integer_swap,exec_sho,integer_gte,boolean_shove,boolean_and,string_pop,exec_eq,string_yankd,string_parse_to_chars,integer_lt,string_stackdepth,exec_do*whi,char_r,char_p,boolean_sw,integer_sho,boolean_invert_second_then_a,print_integ,char_iswhitespace,string_removechar,exec_emp,string_first,string_conc,string_yank,string_concat,string_setchar,exec_yankd,string_length,string_replacefirstch,char_d,integer_eq,exec_do*tim,string_emptystri,string_reverse,exec_yankdup,string_repla,exec_,char_ya,integer_mu,string_replacech,boolean_yankd,char_isletter,integer_add,string_empty,char_isdigit,print_integer,exec_shove,integer_fromstri,string_conjchar,boolean_or,boolean_empty,exec_wh,string_fromchar,integer_yankd,exec_do*while,integer_rot,string_rest,boolean_flu,integer_stackdep,char_iswhitespa,char_allfromstring,boolean_,char_allfromstri,exec_stackdepth,exec_do*range,char_shove,char_stackdep,string_removech,exec_stackdep,boolean_sho,string_indexofch,string_stackdep,string_leng,print_ch,integer_mult,boolean_xor,boolean_yankdup,integer_min,string_emp,integer_fromch,exec_yank,char_stackdepth,char_sw,integer_fromboole,string_replace,integer_div,string_replacefirst,boolean_frominteger,string_butla,char_isdig,integer_flush,integer_,string_yankdup,char_flu,print_exec,integer_yank,boolean_frominteg,string_emptystring,char_yankd,boolean_ya,string_swap,print_ex,exec_d,integer_max,char_swap,string_contains,char_empty,exec_dup,exec_k,string_frominteg,exec_noop,exec_p,exec_r,exec_s,string_sho,integer_flu,exec_y,boolean_rot,boolean_a,integer_ya,exec_ya,boolean_invert_first_then_a,string_spl,string_occurrencesofch,integer_yankdup,string_replacechar,char_sho,string_fromboolean,print_stri,exec_string_itera,print_newli,string_ta,string_replacefirstchar,string_substring,boolean_stackdepth,string_shove,string_containschar,exec_do*ran,char_yankdup,char_yank,integer_sw,exec_do*times,string_fromch,integer_shove,exec_if,exec_whi,integer_g,char_frominteger,char_frominteg,boolean_dup,string_eq,boolean_not,char_eq,boolean_flush,boolean_pop,string_butlast,exec_swap,string_replacefir,boolean_swap,exec_sw,string_n,print_string,exec_flush,print_newline,integer_a,string_d,string_dup,string_frominteger,string_contai,integer_mod,exec_do*count,string_fir,string_r,integer_fromchar,string_p,integer_inc,boolean_invert_first_then_and,integer_fromstring,exec_rot,integer_m,boolean_d,char_rot,exec_do*cou,string_take,exec_string_iterate,string_split,integer_pop,boolean_n,string_re,boolean_p,boolean_r,exec_pop,string_sw,boolean_x,boolean_emp,string_la,char_emp,boolean_stackdep,string_parse_to_cha,print_char,integer_dup,boolean_invert_second_then_and,integer_sub,string_setch,exec_no,boolean_yank,char_islett,string_ya,string_flu,integer_stackdepth,integer_emp,integer_dec,print_boole,integer_gt,exec,string_indexofchar,in1,char_dup,char_flush,char_pop,integer_lte,string_conjch,exec_flu,string_containsch,boolean_eq,string_flush,print_boolean,integer_d,string_rever,char_,exec_empty,string_last,integer_l,exec_when,integer_i,string_substri,string_nth,string_occurrencesofchar,integer_r,integer_s,integer_p,exec_while,integer_fromboolean,integer_empty,string_fromboole
3.74995312559e-05,0.0123623454707,0.00199997500031,0.000899988750141,0.0108373645329,0.00628742140723,0.000662491718854,0.0115623554706,0.00117498531268,1.2499843752e-05,0.0124748440644,0.00122498468769,0.00216247296909,0.0,2.49996875039e-05,9.99987500156e-05,0.0,0.0,0.000462494218822,0.0,0.00469994125073,0.00497493781328,9.99987500156e-05,0.00044999437507,2.49996875039e-05,0.00271246609417,0.00102498718766,0.0101123735953,0.0,0.0124748440644,1.2499843752e-05,1.2499843752e-05,0.00629992125098,2.49996875039e-05,1.2499843752e-05,0.0123748453144,0.00566242921963,0.000187497656279,1.2499843752e-05,2.49996875039e-05,1.2499843752e-05,0.0,2.49996875039e-05,0.00249996875039,0.00133748328146,0.00196247546906,0.0113123585955,0.000562492968838,0.0107373657829,1.2499843752e-05,0.00251246859414,0.0103123710954,0.00318746015675,0.0,0.000387495156311,4.99993750078e-05,0.0015874801565,0.00277496531293,0.00747490656367,9.99987500156e-05,0.00012499843752,1.2499843752e-05,0.00519993500081,0.000112498593768,6.24992187598e-05,0.0012499843752,0.000712491093861,0.00176247796903,2.49996875039e-05,9.99987500156e-05,3.74995312559e-05,0.0,2.49996875039e-05,6.24992187598e-05,0.00044999437507,8.74989062637e-05,0.000774990312621,0.00117498531268,0.00163747953151,0.000837489531381,0.0,4.99993750078e-05,0.000762490468869,0.0018999762503,1.2499843752e-05,0.0,0.0116123548456,0.00301246234422,0.00783740203247,0.000299996250047,0.000262496718791,0.00044999437507,0.00423744703191,0.000212497343783,0.0111498606267,0.0,0.000112498593768,0.00988737640779,0.0,0.00208747390658,0.0,0.0,0.0103873701579,0.0,0.0,0.000462494218822,0.00224997187535,0.000487493906326,0.00672491593855,0.00442494468819,0.0086623917201,0.0,0.00469994125073,0.0,3.74995312559e-05,0.00171247859402,0.0,3.74995312559e-05,0.000137498281271,0.000912488593893,0.0,0.000162497968775,0.0,1.2499843752e-05,0.0,0.0,0.00141248234397,0.000362495468807,0.000112498593768,0.0122998462519,0.0,0.0,0.0,1.2499843752e-05,0.000987487656404,0.00727490906364,0.0104748690641,0.000812489843877,0.00106248671892,0.0,0.00188747640654,0.00241246984413,0.0,0.00424994687566,0.0,0.00181247734403,0.00612492343846,3.74995312559e-05,0.00012499843752,0.00358745515681,0.0,0.00206247421907,0.00802489968875,0.0103998700016,0.00209997375033,0.00917488531393,0.00343745703179,0.00314996062549,0.000249996875039,0.0,0.00411244859439,1.2499843752e-05,3.74995312559e-05,0.0100623742203,0.000524993437582,6.24992187598e-05,0.0,1.2499843752e-05,0.00109998625017,0.00157498031275,0.0,0.0115998550018,0.00706241171985,1.2499843752e-05,0.000187497656279,0.00937488281396,0.000349995625055,0.0124873439082,0.00277496531293,0.00663741703229,0.0109748628142,0.00168747890651,3.74995312559e-05,0.004787440157,0.000162497968775,0.00643741953226,0.00219997250034,0.00231247109411,0.003224959688,0.000899988750141,0.000324995937551,1.2499843752e-05,1.2499843752e-05,0.000674991562605,0.000262496718791,2.49996875039e-05,0.000162497968775,1.2499843752e-05,3.74995312559e-05,0.000287496406295,0.000137498281271,0.0101748728141,0.00228747140661,0.00971237859527,0.0123748453144,0.000224997187535,3.74995312559e-05,0.000899988750141,2.49996875039e-05,1.2499843752e-05,0.0,0.0105748678142,2.49996875039e-05,0.00264996687541,0.0,0.0115873551581,1.2499843752e-05,0.00184997687529,0.0123748453144,0.0019249759378,0.000737490781365,0.0113748578143,0.000912488593893,0.0,0.0,1.2499843752e-05,0.00333745828177,0.00556243046962,0.000899988750141,0.000149998125023,9.99987500156e-05,1.2499843752e-05,0.0123998450019,0.000724990937613,1.2499843752e-05,0.0012499843752,0.00012499843752,1.2499843752e-05,0.00831239609505,0.00934988312646,0.0,0.00106248671892,2.49996875039e-05,0.0106998662517,0.00107498656267,0.0051249359383,0.000562492968838
Gen 80
string_,string_rot,integer_swap,exec_sho,integer_gte,boolean_shove,boolean_and,string_pop,exec_eq,string_yankd,string_parse_to_chars,integer_lt,string_stackdepth,exec_do*whi,char_r,char_p,boolean_sw,integer_sho,boolean_invert_second_then_a,print_integ,char_iswhitespace,string_removechar,exec_emp,string_first,string_conc,string_yank,string_concat,string_setchar,exec_yankd,string_length,string_replacefirstch,char_d,integer_eq,exec_do*tim,string_emptystri,string_reverse,exec_yankdup,string_repla,exec_,char_ya,integer_mu,string_replacech,boolean_yankd,char_isletter,integer_add,string_empty,char_isdigit,print_integer,exec_shove,integer_fromstri,string_conjchar,boolean_or,boolean_empty,exec_wh,string_fromchar,integer_yankd,exec_do*while,integer_rot,string_rest,boolean_flu,integer_stackdep,char_iswhitespa,char_allfromstring,boolean_,char_allfromstri,exec_stackdepth,exec_do*range,char_shove,char_stackdep,string_removech,exec_stackdep,boolean_sho,string_indexofch,string_stackdep,string_leng,print_ch,integer_mult,boolean_xor,boolean_yankdup,integer_min,string_emp,integer_fromch,exec_yank,char_stackdepth,char_sw,integer_fromboole,string_replace,integer_div,string_replacefirst,boolean_frominteger,string_butla,char_isdig,integer_flush,integer_,string_yankdup,char_flu,print_exec,integer_yank,boolean_frominteg,string_emptystring,char_yankd,boolean_ya,string_swap,print_ex,exec_d,integer_max,char_swap,string_contains,char_empty,exec_dup,exec_k,string_frominteg,exec_noop,exec_p,exec_r,exec_s,string_sho,integer_flu,exec_y,boolean_rot,boolean_a,integer_ya,exec_ya,boolean_invert_first_then_a,string_spl,string_occurrencesofch,integer_yankdup,string_replacechar,char_sho,string_fromboolean,print_stri,exec_string_itera,print_newli,string_ta,string_replacefirstchar,string_substring,boolean_stackdepth,string_shove,string_containschar,exec_do*ran,char_yankdup,char_yank,integer_sw,exec_do*times,string_fromch,integer_shove,exec_if,exec_whi,integer_g,char_frominteger,char_frominteg,boolean_dup,string_eq,boolean_not,char_eq,boolean_flush,boolean_pop,string_butlast,exec_swap,string_replacefir,boolean_swap,exec_sw,string_n,print_string,exec_flush,print_newline,integer_a,string_d,string_dup,string_frominteger,string_contai,integer_mod,exec_do*count,string_fir,string_r,integer_fromchar,string_p,integer_inc,boolean_invert_first_then_and,integer_fromstring,exec_rot,integer_m,boolean_d,char_rot,exec_do*cou,string_take,exec_string_iterate,string_split,integer_pop,boolean_n,string_re,boolean_p,boolean_r,exec_pop,string_sw,boolean_x,boolean_emp,string_la,char_emp,boolean_stackdep,string_parse_to_cha,print_char,integer_dup,boolean_invert_second_then_and,integer_sub,string_setch,exec_no,boolean_yank,char_islett,string_ya,string_flu,integer_stackdepth,integer_emp,integer_dec,print_boole,integer_gt,exec,string_indexofchar,in1,char_dup,char_flush,char_pop,integer_lte,string_conjch,exec_flu,string_containsch,boolean_eq,string_flush,print_boolean,integer_d,string_rever,char_,exec_empty,string_last,integer_l,exec_when,integer_i,string_substri,string_nth,string_occurrencesofchar,integer_r,integer_s,integer_p,exec_while,integer_fromboolean,integer_empty,string_fromboole
1.23455265984e-05,0.0122837989654,0.00267897927186,0.000691349489512,0.0107652991938,0.00591350724065,0.000827150282095,0.0115430673695,0.000777768175702,1.23455265984e-05,0.0123455265984,0.00113578844706,0.00219750373452,0.0,0.0,0.000135800792583,0.0,0.0,0.000358020271355,1.23455265984e-05,0.00562956012889,0.00459253589462,0.000123455265984,0.000419747904347,0.0,0.00269132479846,0.00130862581943,0.00996283996494,0.0,0.0123455265984,0.0,2.46910531969e-05,0.00572832434167,3.70365797953e-05,0.0,0.0122714534388,0.00565425118208,0.000259256058567,1.23455265984e-05,2.46910531969e-05,6.17276329922e-05,0.0,3.70365797953e-05,0.00267897927186,0.000765422649103,0.00251848742608,0.011345538944,0.000481475537339,0.0105924618215,0.0,0.0023703411069,0.0104566610289,0.00346909297416,0.0,0.000654312909717,0.000111109739386,0.0016049184578,0.00344440192096,0.0070863322675,9.87642127875e-05,0.000135800792583,0.0,0.00522215775114,6.17276329922e-05,0.000123455265984,0.00137035345243,0.000543203170331,0.00181479240997,2.46910531969e-05,3.70365797953e-05,2.46910531969e-05,0.0,1.23455265984e-05,2.46910531969e-05,0.000419747904347,8.64186861891e-05,0.000506166590536,0.000901223441686,0.00140739003222,0.000518512117134,0.0,4.93821063937e-05,0.000617276329922,0.00182713793657,1.23455265984e-05,1.23455265984e-05,0.0115307218429,0.00320983691559,0.00745669806546,0.000209873952173,0.000111109739386,0.000382711324552,0.00433327983605,0.000209873952173,0.0111727015716,1.23455265984e-05,0.000123455265984,0.0094443278478,0.0,0.00187652004296,1.23455265984e-05,0.0,0.0104443155023,0.0,0.0,0.000370365797953,0.0031481092826,0.000493821063937,0.00738262490587,0.00403698719769,0.00844434019333,0.0,0.00377773113912,1.23455265984e-05,6.17276329922e-05,0.00224688584092,1.23455265984e-05,1.23455265984e-05,0.000111109739386,0.00095060554808,0.0,0.000246910531969,0.0,1.23455265984e-05,3.70365797953e-05,1.23455265984e-05,0.00143208108542,0.000444438957544,0.000172837372378,0.0121850347527,2.46910531969e-05,0.0,0.0,0.0,0.000913568968284,0.00732089727287,0.0102467870767,0.000765422649103,0.00116047950025,0.0,0.00254317847928,0.00269132479846,0.0,0.00513573906495,0.0,0.00270367032506,0.00583943408106,0.000123455265984,0.000185182898977,0.00419747904347,1.23455265984e-05,0.00198762978235,0.00750608017185,0.0103332057629,0.00208639399514,0.00906161652325,0.003135763756,0.00381476771892,0.000271601585166,0.0,0.0039258774583,1.23455265984e-05,9.87642127875e-05,0.0100986407575,0.000580239750127,6.17276329922e-05,0.0,0.0,0.00123455265984,0.00220984926112,0.0,0.0115430673695,0.00693818594832,3.70365797953e-05,0.000172837372378,0.00966654732658,0.000358020271355,0.0123455265984,0.00283947111764,0.00651843804397,0.010789990247,0.00191355662276,0.0,0.00534561301712,0.000135800792583,0.00637029172479,0.00222219478772,0.00197528425575,0.00337032876137,0.000987642127875,0.000259256058567,4.93821063937e-05,0.0,0.000716040542709,9.87642127875e-05,4.93821063937e-05,0.000172837372378,0.0,1.23455265984e-05,0.000543203170331,7.40731595906e-05,0.0102961691831,0.00207404846854,0.009469018901,0.0122467623856,0.000209873952173,1.23455265984e-05,0.000641967383119,2.46910531969e-05,1.23455265984e-05,0.0,0.0106294984013,4.93821063937e-05,0.00267897927186,0.0,0.0114319576302,1.23455265984e-05,0.00199997530895,0.012296144492,0.0023333045271,0.000888877915087,0.0109257910396,0.000617276329922,0.0,0.0,0.0,0.00330860112838,0.00575301539487,0.000740731595906,9.87642127875e-05,0.000123455265984,1.23455265984e-05,0.0122344168591,0.000592585276725,0.0,0.000999987654473,0.000123455265984,0.0,0.00823446624116,0.00980234811916,0.0,0.00095060554808,0.0,0.0108023357736,0.00109875186726,0.00539499512352,0.000617276329922
Gen 81
string_,string_rot,integer_swap,exec_sho,integer_gte,boolean_shove,boolean_and,string_pop,exec_eq,string_yankd,string_parse_to_chars,integer_lt,string_stackdepth,exec_do*whi,char_r,char_p,boolean_sw,integer_sho,boolean_invert_second_then_a,print_integ,char_iswhitespace,string_removechar,exec_emp,string_first,string_conc,string_yank,string_concat,string_setchar,exec_yankd,string_length,string_replacefirstch,char_d,integer_eq,exec_do*tim,string_emptystri,string_reverse,exec_yankdup,string_repla,exec_,char_ya,integer_mu,string_replacech,boolean_yankd,char_isletter,integer_add,string_empty,char_isdigit,print_integer,exec_shove,integer_fromstri,string_conjchar,boolean_or,boolean_empty,exec_wh,string_fromchar,integer_yankd,exec_do*while,integer_rot,string_rest,boolean_flu,integer_stackdep,char_iswhitespa,char_allfromstring,boolean_,char_allfromstri,exec_stackdepth,exec_do*range,char_shove,char_stackdep,string_removech,exec_stackdep,boolean_sho,string_indexofch,string_stackdep,string_leng,print_ch,integer_mult,boolean_xor,boolean_yankdup,integer_min,string_emp,integer_fromch,exec_yank,char_stackdepth,char_sw,integer_fromboole,string_replace,integer_div,string_replacefirst,boolean_frominteger,string_butla,char_isdig,integer_flush,integer_,string_yankdup,char_flu,print_exec,integer_yank,boolean_frominteg,string_emptystring,char_yankd,boolean_ya,string_swap,print_ex,exec_d,integer_max,char_swap,string_contains,char_empty,exec_dup,exec_k,string_frominteg,exec_noop,exec_p,exec_r,exec_s,string_sho,integer_flu,exec_y,boolean_rot,boolean_a,integer_ya,exec_ya,boolean_invert_first_then_a,string_spl,string_occurrencesofch,integer_yankdup,string_replacechar,char_sho,string_fromboolean,print_stri,exec_string_itera,print_newli,string_ta,string_replacefirstchar,string_substring,boolean_stackdepth,string_shove,string_containschar,exec_do*ran,char_yankdup,char_yank,integer_sw,exec_do*times,string_fromch,integer_shove,exec_if,exec_whi,integer_g,char_frominteger,char_frominteg,boolean_dup,string_eq,boolean_not,char_eq,boolean_flush,boolean_pop,string_butlast,exec_swap,string_replacefir,boolean_swap,exec_sw,string_n,print_string,exec_flush,print_newline,integer_a,string_d,string_dup,string_frominteger,string_contai,integer_mod,exec_do*count,string_fir,string_r,integer_fromchar,string_p,integer_inc,boolean_invert_first_then_and,integer_fromstring,exec_rot,integer_m,boolean_d,char_rot,exec_do*cou,string_take,exec_string_iterate,string_split,integer_pop,boolean_n,string_re,boolean_p,boolean_r,exec_pop,string_sw,boolean_x,boolean_emp,string_la,char_emp,boolean_stackdep,string_parse_to_cha,print_char,integer_dup,boolean_invert_second_then_and,integer_sub,string_setch,exec_no,boolean_yank,char_islett,string_ya,string_flu,integer_stackdepth,integer_emp,integer_dec,print_boole,integer_gt,exec,string_indexofchar,in1,char_dup,char_flush,char_pop,integer_lte,string_conjch,exec_flu,string_containsch,boolean_eq,string_flush,print_boolean,integer_d,string_rever,char_,exec_empty,string_last,integer_l,exec_when,integer_i,string_substri,string_nth,string_occurrencesofchar,integer_r,integer_s,integer_p,exec_while,integer_fromboolean,integer_empty,string_fromboole
2.43899464641e-05,0.0120974134462,0.00313410812063,0.000621943634834,0.0105364568725,0.00582919720491,0.00117071743028,0.011512054731,0.000939012938867,0.0,0.0121705832856,0.00143900684138,0.00241460469994,0.0,2.43899464641e-05,4.87798929281e-05,1.2194973232e-05,0.0,0.000317069304033,0.0,0.00617065645541,0.00481701442665,0.000109754759088,0.000499993902513,0.0,0.00234143486055,0.000975597858563,0.0102193875684,1.2194973232e-05,0.0121705832856,0.0,1.2194973232e-05,0.00592675699077,1.2194973232e-05,1.2194973232e-05,0.0120486335532,0.00610968158925,0.000158534652016,0.0,2.43899464641e-05,7.31698393922e-05,0.0,3.65849196961e-05,0.00260972427166,0.000768283313618,0.0025487494055,0.0112315703467,0.000609748661602,0.0107681613639,1.2194973232e-05,0.00256094437873,0.0103413373008,0.00356093218375,1.2194973232e-05,0.000695113474226,0.000109754759088,0.00132925208229,0.00359751710345,0.00725600907306,0.000109754759088,0.000146339678784,0.0,0.00539017816856,0.000195119571713,9.75597858563e-05,0.00141461689492,0.000499993902513,0.0015609565737,0.0,4.87798929281e-05,3.65849196961e-05,0.0,0.0,6.09748661602e-05,0.000304874330801,0.000109754759088,0.000695113474226,0.00108535261765,0.00167071133279,0.00065852855453,0.0,1.2194973232e-05,0.000451214009585,0.00215851026207,0.0,0.0,0.0113413251058,0.00374385678223,0.00799990244021,9.75597858563e-05,0.000146339678784,0.000402434116657,0.00474384458726,0.000207314544945,0.0113901049987,1.2194973232e-05,9.75597858563e-05,0.00942671430836,0.0,0.00197558566359,0.0,0.0,0.0104632870331,0.0,0.0,0.000353654223729,0.00328044779942,0.000548773795442,0.00737795880538,0.00426824063121,0.00817063206546,0.0,0.00445116522969,2.43899464641e-05,3.65849196961e-05,0.00256094437873,0.0,7.31698393922e-05,0.000146339678784,0.00124388726967,0.0,0.000231704491409,0.0,2.43899464641e-05,3.65849196961e-05,2.43899464641e-05,0.00153656662724,0.000475603956049,0.000231704491409,0.0119754637139,6.09748661602e-05,0.0,0.0,1.2194973232e-05,0.00107315764442,0.00728039901952,0.0100608529164,0.000731698393922,0.00114632748381,0.0,0.00293898854892,0.0028536237363,0.0,0.00514627870392,1.2194973232e-05,0.00365849196961,0.0062438262948,0.000146339678784,8.53648126242e-05,0.00449994512262,0.0,0.0021707052353,0.00763405324325,0.0104267021134,0.00248777453933,0.00901208521847,0.00295118352215,0.00424385068475,0.000329264277265,0.0,0.00354873721052,0.0,8.53648126242e-05,0.0100608529164,0.000402434116657,3.65849196961e-05,0.0,1.2194973232e-05,0.00104876769795,0.00242679967317,1.2194973232e-05,0.0115364446775,0.00703649955488,0.0,0.000134144705552,0.00993890318411,0.000243899464641,0.0121827782588,0.00324386287972,0.0068535749564,0.010719381471,0.00215851026207,2.43899464641e-05,0.0052926183827,0.000134144705552,0.00656089559883,0.00246338459287,0.00180485603834,0.00374385678223,0.00107315764442,0.000146339678784,6.09748661602e-05,0.0,0.00059755368837,7.31698393922e-05,2.43899464641e-05,0.000109754759088,0.0,0.0,0.000560968768674,7.31698393922e-05,0.0103901171937,0.00219509518177,0.00978036853209,0.0120608285265,8.53648126242e-05,4.87798929281e-05,0.000475603956049,1.2194973232e-05,2.43899464641e-05,1.2194973232e-05,0.0106827965513,1.2194973232e-05,0.00301215838831,0.0,0.011353520079,0.0,0.00207314544945,0.0120730234997,0.00235362983378,0.000817063206546,0.0104267021134,0.000365849196961,0.0,0.0,0.0,0.00276825892367,0.00548773795442,0.00071950342069,0.000146339678784,7.31698393922e-05,0.0,0.0121339983659,0.000987792831795,1.2194973232e-05,0.00139022694845,7.31698393922e-05,0.0,0.00862184607505,0.0106340166583,1.2194973232e-05,0.000987792831795,2.43899464641e-05,0.0105974317386,0.000987792831795,0.00568285752613,0.000768283313618
Gen 82
string_,string_rot,integer_swap,exec_sho,integer_gte,boolean_shove,boolean_and,string_pop,exec_eq,string_yankd,string_parse_to_chars,integer_lt,string_stackdepth,exec_do*whi,char_r,char_p,boolean_sw,integer_sho,boolean_invert_second_then_a,print_integ,char_iswhitespace,string_removechar,exec_emp,string_first,string_conc,string_yank,string_concat,string_setchar,exec_yankd,string_length,string_replacefirstch,char_d,integer_eq,exec_do*tim,string_emptystri,string_reverse,exec_yankdup,string_repla,exec_,char_ya,integer_mu,string_replacech,boolean_yankd,char_isletter,integer_add,string_empty,char_isdigit,print_integer,exec_shove,integer_fromstri,string_conjchar,boolean_or,boolean_empty,exec_wh,string_fromchar,integer_yankd,exec_do*while,integer_rot,string_rest,boolean_flu,integer_stackdep,char_iswhitespa,char_allfromstring,boolean_,char_allfromstri,exec_stackdepth,exec_do*range,char_shove,char_stackdep,string_removech,exec_stackdep,boolean_sho,string_indexofch,string_stackdep,string_leng,print_ch,integer_mult,boolean_xor,boolean_yankdup,integer_min,string_emp,integer_fromch,exec_yank,char_stackdepth,char_sw,integer_fromboole,string_replace,integer_div,string_replacefirst,boolean_frominteger,string_butla,char_isdig,integer_flush,integer_,string_yankdup,char_flu,print_exec,integer_yank,boolean_frominteg,string_emptystring,char_yankd,boolean_ya,string_swap,print_ex,exec_d,integer_max,char_swap,string_contains,char_empty,exec_dup,exec_k,string_frominteg,exec_noop,exec_p,exec_r,exec_s,string_sho,integer_flu,exec_y,boolean_rot,boolean_a,integer_ya,exec_ya,boolean_invert_first_then_a,string_spl,string_occurrencesofch,integer_yankdup,string_replacechar,char_sho,string_fromboolean,print_stri,exec_string_itera,print_newli,string_ta,string_replacefirstchar,string_substring,boolean_stackdepth,string_shove,string_containschar,exec_do*ran,char_yankdup,char_yank,integer_sw,exec_do*times,string_fromch,integer_shove,exec_if,exec_whi,integer_g,char_frominteger,char_frominteg,boolean_dup,string_eq,boolean_not,char_eq,boolean_flush,boolean_pop,string_butlast,exec_swap,string_replacefir,boolean_swap,exec_sw,string_n,print_string,exec_flush,print_newline,integer_a,string_d,string_dup,string_frominteger,string_contai,integer_mod,exec_do*count,string_fir,string_r,integer_fromchar,string_p,integer_inc,boolean_invert_first_then_and,integer_fromstring,exec_rot,integer_m,boolean_d,char_rot,exec_do*cou,string_take,exec_string_iterate,string_split,integer_pop,boolean_n,string_re,boolean_p,boolean_r,exec_pop,string_sw,boolean_x,boolean_emp,string_la,char_emp,boolean_stackdep,string_parse_to_cha,print_char,integer_dup,boolean_invert_second_then_and,integer_sub,string_setch,exec_no,boolean_yank,char_islett,string_ya,string_flu,integer_stackdepth,integer_emp,integer_dec,print_boole,integer_gt,exec,string_indexofchar,in1,char_dup,char_flush,char_pop,integer_lte,string_conjch,exec_flu,string_containsch,boolean_eq,string_flush,print_boolean,integer_d,string_rever,char_,exec_empty,string_last,integer_l,exec_when,integer_i,string_substri,string_nth,string_occurrencesofchar,integer_r,integer_s,integer_p,exec_while,integer_fromboolean,integer_empty,string_fromboole
0.0,0.0119637112806,0.00349393380803,0.00101203599957,0.0106384260431,0.00555414995,0.000771075047289,0.0113974530427,0.00114456452332,1.20480476139e-05,0.0120359995663,0.00193973566584,0.00245780171323,0.0,2.40960952278e-05,2.40960952278e-05,0.0,0.0,0.000289153142733,1.20480476139e-05,0.00555414995,0.0052890929025,2.40960952278e-05,0.000289153142733,0.0,0.00192768761822,0.00115661257093,0.0101806002337,0.0,0.0120239515187,0.0,0.0,0.00603607185456,0.0,0.0,0.0119637112806,0.00616860037831,0.000144576571367,0.0,1.20480476139e-05,1.20480476139e-05,0.0,2.40960952278e-05,0.00306020409393,0.000783123094902,0.00278309899881,0.0111564920905,0.000457825809328,0.0108070987097,2.40960952278e-05,0.00261442633221,0.0101806002337,0.00391561547451,0.0,0.000771075047289,0.000132528523753,0.00174696690401,0.00326502090336,0.00774689461573,0.000144576571367,0.000168672666594,1.20480476139e-05,0.00536138118818,0.000240960952278,8.43363332972e-05,0.00149395790412,0.000506017999783,0.00124094890423,0.0,6.02402380694e-05,2.40960952278e-05,1.20480476139e-05,2.40960952278e-05,0.0,0.000397585571258,4.81921904555e-05,0.000674690666378,0.00102408404718,0.00193973566584,0.000409633618872,0.0,4.81921904555e-05,0.000759026999675,0.0025180419513,0.0,0.0,0.0113854049951,0.00359031818894,0.00733726099686,0.000144576571367,0.000168672666594,0.000301201190347,0.0047710268551,0.000289153142733,0.0110842038048,1.20480476139e-05,9.63843809111e-05,0.00938542909122,1.20480476139e-05,0.0015662461898,1.20480476139e-05,0.0,0.0105420416621,0.0,0.0,0.000301201190347,0.003120444332,0.000409633618872,0.00754207780629,0.0039879037602,0.00808423994892,1.20480476139e-05,0.00451801785521,0.0,0.000108432428525,0.00291562752256,0.0,1.20480476139e-05,0.000108432428525,0.00116866061855,0.0,0.000192768761822,1.20480476139e-05,0.0,3.61441428417e-05,3.61441428417e-05,0.00124094890423,0.000481921904555,0.000144576571367,0.0118673268997,8.43363332972e-05,0.0,0.0,2.40960952278e-05,0.00114456452332,0.00678305080662,0.00999987951952,0.00126504499946,0.00110842038048,0.0,0.00322887676052,0.0030361079987,0.0,0.00481921904555,0.0,0.00395175961735,0.00612040818785,0.000120480476139,6.02402380694e-05,0.00480717099794,6.02402380694e-05,0.00214455247527,0.0072890688064,0.0104456572812,0.00280719509404,0.00927699666269,0.00336140528427,0.00419272056963,0.000397585571258,0.0,0.00351802990325,0.0,3.61441428417e-05,0.0099757834243,0.000445777761714,2.40960952278e-05,0.0,1.20480476139e-05,0.00108432428525,0.00228912904664,0.0,0.0114095010903,0.00761436609197,0.0,0.000192768761822,0.00991554318623,0.000385537523644,0.0120359995663,0.00343369356996,0.00656618594957,0.010734810424,0.00172287080879,2.40960952278e-05,0.00536138118818,0.000132528523753,0.00585535114035,0.00143371766605,0.00149395790412,0.00281924314165,0.00110842038048,0.000180720714208,3.61441428417e-05,1.20480476139e-05,0.000481921904555,3.61441428417e-05,1.20480476139e-05,9.63843809111e-05,0.0,4.81921904555e-05,0.000445777761714,0.000132528523753,0.0103974650908,0.00213250442766,0.00986735099577,0.0119757593282,0.000168672666594,1.20480476139e-05,0.000518066047397,0.0,0.0,0.0,0.0108070987097,1.20480476139e-05,0.0029517716654,0.0,0.0109998674715,2.40960952278e-05,0.00214455247527,0.0119757593282,0.00206021614197,0.00107227623764,0.0103492729003,0.000361441428417,0.0,0.0,1.20480476139e-05,0.00291562752256,0.0052890929025,0.000795171142516,0.000144576571367,9.63843809111e-05,3.61441428417e-05,0.011951663233,0.000879507475814,2.40960952278e-05,0.00201202395152,9.63843809111e-05,0.0,0.00931314080553,0.0105299936145,0.0,0.000638546523536,0.0,0.0106263779954,0.000903603571041,0.00489150733124,0.000915651618655
Gen 83
string_,string_rot,integer_swap,exec_sho,integer_gte,boolean_shove,boolean_and,string_pop,exec_eq,string_yankd,string_parse_to_chars,integer_lt,string_stackdepth,exec_do*whi,char_r,char_p,boolean_sw,integer_sho,boolean_invert_second_then_a,print_integ,char_iswhitespace,string_removechar,exec_emp,string_first,string_conc,string_yank,string_concat,string_setchar,exec_yankd,string_length,string_replacefirstch,char_d,integer_eq,exec_do*tim,string_emptystri,string_reverse,exec_yankdup,string_repla,exec_,char_ya,integer_mu,string_replacech,boolean_yankd,char_isletter,integer_add,string_empty,char_isdigit,print_integer,exec_shove,integer_fromstri,string_conjchar,boolean_or,boolean_empty,exec_wh,string_fromchar,integer_yankd,exec_do*while,integer_rot,string_rest,boolean_flu,integer_stackdep,char_iswhitespa,char_allfromstring,boolean_,char_allfromstri,exec_stackdepth,exec_do*range,char_shove,char_stackdep,string_removech,exec_stackdep,boolean_sho,string_indexofch,string_stackdep,string_leng,print_ch,integer_mult,boolean_xor,boolean_yankdup,integer_min,string_emp,integer_fromch,exec_yank,char_stackdepth,char_sw,integer_fromboole,string_replace,integer_div,string_replacefirst,boolean_frominteger,string_butla,char_isdig,integer_flush,integer_,string_yankdup,char_flu,print_exec,integer_yank,boolean_frominteg,string_emptystring,char_yankd,boolean_ya,string_swap,print_ex,exec_d,integer_max,char_swap,string_contains,char_empty,exec_dup,exec_k,string_frominteg,exec_noop,exec_p,exec_r,exec_s,string_sho,integer_flu,exec_y,boolean_rot,boolean_a,integer_ya,exec_ya,boolean_invert_first_then_a,string_spl,string_occurrencesofch,integer_yankdup,string_replacechar,char_sho,string_fromboolean,print_stri,exec_string_itera,print_newli,string_ta,string_replacefirstchar,string_substring,boolean_stackdepth,string_shove,string_containschar,exec_do*ran,char_yankdup,char_yank,integer_sw,exec_do*times,string_fromch,integer_shove,exec_if,exec_whi,integer_g,char_frominteger,char_frominteg,boolean_dup,string_eq,boolean_not,char_eq,boolean_flush,boolean_pop,string_butlast,exec_swap,string_replacefir,boolean_swap,exec_sw,string_n,print_string,exec_flush,print_newline,integer_a,string_d,string_dup,string_frominteger,string_contai,integer_mod,exec_do*count,string_fir,string_r,integer_fromchar,string_p,integer_inc,boolean_invert_first_then_and,integer_fromstring,exec_rot,integer_m,boolean_d,char_rot,exec_do*cou,string_take,exec_string_iterate,string_split,integer_pop,boolean_n,string_re,boolean_p,boolean_r,exec_pop,string_sw,boolean_x,boolean_emp,string_la,char_emp,boolean_stackdep,string_parse_to_cha,print_char,integer_dup,boolean_invert_second_then_and,integer_sub,string_setch,exec_no,boolean_yank,char_islett,string_ya,string_flu,integer_stackdepth,integer_emp,integer_dec,print_boole,integer_gt,exec,string_indexofchar,in1,char_dup,char_flush,char_pop,integer_lte,string_conjch,exec_flu,string_containsch,boolean_eq,string_flush,print_boolean,integer_d,string_rever,char_,exec_empty,string_last,integer_l,exec_when,integer_i,string_substri,string_nth,string_occurrencesofchar,integer_r,integer_s,integer_p,exec_while,integer_fromboolean,integer_empty,string_fromboole
0.0,0.011833192462,0.00380947845859,0.000869037273366,0.010857013607,0.00608326091356,0.000821418792633,0.0113689122749,0.00124998511922,2.38092403662e-05,0.0118689063225,0.00201188081094,0.00257139795955,0.0,1.19046201831e-05,4.76184807324e-05,1.19046201831e-05,0.0,0.000369043225676,1.19046201831e-05,0.00515470053928,0.00599992857228,2.38092403662e-05,0.000226187783479,2.38092403662e-05,0.00222616397424,0.000904751133915,0.0103570195593,1.19046201831e-05,0.0118570017024,0.0,1.19046201831e-05,0.00622611635576,2.38092403662e-05,0.0,0.0118093832216,0.00649992261997,5.95231009155e-05,5.95231009155e-05,0.0,0.0,0.0,2.38092403662e-05,0.00315472434852,0.000761895691718,0.00294044118522,0.0112141522125,0.000285710884394,0.0109998690492,2.38092403662e-05,0.00214283163296,0.0102498779776,0.00427375864573,0.0,0.000940464994464,4.76184807324e-05,0.00194045308984,0.00351186295401,0.00808323710432,7.14277210986e-05,0.000107141581648,1.19046201831e-05,0.00544041142367,0.000178569302746,2.38092403662e-05,0.00151188676325,0.000559517148605,0.00148807752289,0.0,7.14277210986e-05,1.19046201831e-05,0.0,1.19046201831e-05,3.57138605493e-05,0.000238092403662,0.000142855442197,0.00034523398531,0.000702372590802,0.0017618837871,0.000202378543113,0.0,4.76184807324e-05,0.0010595111963,0.00270234878156,0.0,0.0,0.0114998630969,0.003380912132,0.00696420280711,0.000130950822014,4.76184807324e-05,0.000238092403662,0.00554755300532,0.000226187783479,0.0110712967703,0.0,2.38092403662e-05,0.00942845918501,0.0,0.00116665277794,1.19046201831e-05,0.0,0.0104760657611,0.0,1.19046201831e-05,0.000392852466042,0.00251187485863,0.000357138605493,0.00786895394102,0.00383328769896,0.00811895096487,0.0,0.00467851573196,0.0,4.76184807324e-05,0.00273806264211,0.0,3.57138605493e-05,8.33323412817e-05,0.00127379435959,0.0,0.000702372590802,0.0,1.19046201831e-05,1.19046201831e-05,2.38092403662e-05,0.0015476006238,0.000619040249521,0.000107141581648,0.0117498601207,0.0,1.19046201831e-05,0.0,0.0,0.000916655754098,0.00711896286949,0.0100236901942,0.00122617587886,0.000833323412817,0.0,0.00276187188248,0.00404757086225,2.38092403662e-05,0.00529755598148,1.19046201831e-05,0.00383328769896,0.00614278401448,5.95231009155e-05,7.14277210986e-05,0.00578564540898,0.0,0.0026785395412,0.00798800014286,0.0103332103189,0.00269044416138,0.00961893310794,0.00371424149713,0.00434518636683,0.000249997023845,0.0,0.00434518636683,0.0,4.76184807324e-05,0.0100832132951,0.000369043225676,3.57138605493e-05,0.0,1.19046201831e-05,0.00127379435959,0.00178569302746,0.0,0.011571290818,0.00807133248414,0.0,0.00015476006238,0.010142736396,0.000476184807324,0.0118808109427,0.00361900453566,0.00692848894656,0.0107855858859,0.00174997916691,0.0,0.005916596231,0.000285710884394,0.00603564243283,0.00116665277794,0.00148807752289,0.00263092106046,0.00120236663849,0.000142855442197,7.14277210986e-05,0.0,0.000821418792633,3.57138605493e-05,1.19046201831e-05,0.000119046201831,0.0,5.95231009155e-05,0.000440470946774,7.14277210986e-05,0.0104641611409,0.00272615802193,0.0099284532327,0.0117855739813,0.000190473922929,0.0,0.00049999404769,4.76184807324e-05,0.0,0.0,0.0108927274675,2.38092403662e-05,0.00279758574303,0.0,0.0112617706932,0.0,0.0023214009357,0.0118212878418,0.0018333115082,0.000892846513732,0.0105236842419,0.000261901644028,0.0,0.0,0.0,0.00328567517053,0.00527374674111,0.000416661706408,0.000119046201831,8.33323412817e-05,1.19046201831e-05,0.0118570017024,0.000535707908239,0.0,0.0023214009357,8.33323412817e-05,0.0,0.00955941000702,0.00996416709325,1.19046201831e-05,0.000571421768788,3.57138605493e-05,0.010595111963,0.000904751133915,0.00534517446221,0.0010595111963
Gen 84
string_,string_rot,integer_swap,exec_sho,integer_gte,boolean_shove,boolean_and,string_pop,exec_eq,string_yankd,string_parse_to_chars,integer_lt,string_stackdepth,exec_do*whi,char_r,char_p,boolean_sw,integer_sho,boolean_invert_second_then_a,print_integ,char_iswhitespace,string_removechar,exec_emp,string_first,string_conc,string_yank,string_concat,string_setchar,exec_yankd,string_length,string_replacefirstch,char_d,integer_eq,exec_do*tim,string_emptystri,string_reverse,exec_yankdup,string_repla,exec_,char_ya,integer_mu,string_replacech,boolean_yankd,char_isletter,integer_add,string_empty,char_isdigit,print_integer,exec_shove,integer_fromstri,string_conjchar,boolean_or,boolean_empty,exec_wh,string_fromchar,integer_yankd,exec_do*while,integer_rot,string_rest,boolean_flu,integer_stackdep,char_iswhitespa,char_allfromstring,boolean_,char_allfromstri,exec_stackdepth,exec_do*range,char_shove,char_stackdep,string_removech,exec_stackdep,boolean_sho,string_indexofch,string_stackdep,string_leng,print_ch,integer_mult,boolean_xor,boolean_yankdup,integer_min,string_emp,integer_fromch,exec_yank,char_stackdepth,char_sw,integer_fromboole,string_replace,integer_div,string_replacefirst,boolean_frominteger,string_butla,char_isdig,integer_flush,integer_,string_yankdup,char_flu,print_exec,integer_yank,boolean_frominteg,string_emptystring,char_yankd,boolean_ya,string_swap,print_ex,exec_d,integer_max,char_swap,string_contains,char_empty,exec_dup,exec_k,string_frominteg,exec_noop,exec_p,exec_r,exec_s,string_sho,integer_flu,exec_y,boolean_rot,boolean_a,integer_ya,exec_ya,boolean_invert_first_then_a,string_spl,string_occurrencesofch,integer_yankdup,string_replacechar,char_sho,string_fromboolean,print_stri,exec_string_itera,print_newli,string_ta,string_replacefirstchar,string_substring,boolean_stackdepth,string_shove,string_containschar,exec_do*ran,char_yankdup,char_yank,integer_sw,exec_do*times,string_fromch,integer_shove,exec_if,exec_whi,integer_g,char_frominteger,char_frominteg,boolean_dup,string_eq,boolean_not,char_eq,boolean_flush,boolean_pop,string_butlast,exec_swap,string_replacefir,boolean_swap,exec_sw,string_n,print_string,exec_flush,print_newline,integer_a,string_d,string_dup,string_frominteger,string_contai,integer_mod,exec_do*count,string_fir,string_r,integer_fromchar,string_p,integer_inc,boolean_invert_first_then_and,integer_fromstring,exec_rot,integer_m,boolean_d,char_rot,exec_do*cou,string_take,exec_string_iterate,string_split,integer_pop,boolean_n,string_re,boolean_p,boolean_r,exec_pop,string_sw,boolean_x,boolean_emp,string_la,char_emp,boolean_stackdep,string_parse_to_cha,print_char,integer_dup,boolean_invert_second_then_and,integer_sub,string_setch,exec_no,boolean_yank,char_islett,string_ya,string_flu,integer_stackdepth,integer_emp,integer_dec,print_boole,integer_gt,exec,string_indexofchar,in1,char_dup,char_flush,char_pop,integer_lte,string_conjch,exec_flu,string_containsch,boolean_eq,string_flush,print_boolean,integer_d,string_rever,char_,exec_empty,string_last,integer_l,exec_when,integer_i,string_substri,string_nth,string_occurrencesofchar,integer_r,integer_s,integer_p,exec_while,integer_fromboolean,integer_empty,string_fromboole
0.0,0.0117175092058,0.00376466159222,0.000976459100481,0.0105528170257,0.00629404359949,0.000976459100481,0.0110704579946,0.00115292761262,2.35291349514e-05,0.0117645674757,0.00210585757815,0.00254114657475,0.0,0.0,1.17645674757e-05,0.0,0.0,0.000317643321843,1.17645674757e-05,0.00417642145387,0.00601169398007,4.70582699027e-05,0.000223526782038,3.5293702427e-05,0.00202350560582,0.000905871695627,0.010411642216,2.35291349514e-05,0.0117645674757,0.0,0.0,0.00642345384172,0.0,1.17645674757e-05,0.0116469218009,0.0068705074058,0.000141174809708,0.0,7.05874048541e-05,1.17645674757e-05,0.0,2.35291349514e-05,0.00341172456795,0.000976459100481,0.00292937730144,0.0111410453995,0.000317643321843,0.0106822272679,1.17645674757e-05,0.00194115363349,0.0101175280291,0.004352889966,0.0,0.00109410477524,7.05874048541e-05,0.00202350560582,0.0034823119728,0.00791755391113,8.23519723297e-05,9.41165398054e-05,0.0,0.00507052858202,0.000235291349514,7.05874048541e-05,0.00137645439465,0.000564699238832,0.00124704415242,0.0,0.000164703944659,2.35291349514e-05,1.17645674757e-05,0.0,3.5293702427e-05,0.000117645674757,0.000188233079611,0.000329407889319,0.000976459100481,0.00216468041552,0.000258820484465,0.0,8.23519723297e-05,0.0012588087199,0.00277643792426,0.0,0.0,0.0113881013165,0.00298820013882,0.00690580110822,0.000141174809708,5.88228373784e-05,5.88228373784e-05,0.00508229314949,0.000458818131551,0.0106704627004,0.0,0.000129410242232,0.0094822413854,1.17645674757e-05,0.000941165398054,0.0,0.0,0.00987047211209,0.0,1.17645674757e-05,0.000341172456795,0.00202350560582,0.000364701591746,0.00771755626404,0.00355289937765,0.00811755155822,0.0,0.00537640733638,1.17645674757e-05,7.05874048541e-05,0.00269408595193,2.35291349514e-05,5.88228373784e-05,8.23519723297e-05,0.000999988235433,0.0,0.000482347266503,0.0,0.0,0.0,1.17645674757e-05,0.00112939847766,0.000764696885919,0.000164703944659,0.0115645698286,2.35291349514e-05,2.35291349514e-05,0.0,1.17645674757e-05,0.000776461453395,0.00751755861696,0.0102822319737,0.00147057093446,0.000729403183492,0.0,0.00257644027717,0.0043058316961,0.0,0.00499994117716,1.17645674757e-05,0.00382348442959,0.00634110186939,9.41165398054e-05,5.88228373784e-05,0.00615286878978,5.88228373784e-05,0.0026117339796,0.00814108069317,0.0101057634616,0.0026117339796,0.00924695003588,0.0039646592393,0.004352889966,0.00035293702427,0.0,0.00419995058882,0.0,3.5293702427e-05,0.00969400359996,0.000482347266503,9.41165398054e-05,0.0,1.17645674757e-05,0.00158821660922,0.00138821896213,0.0,0.0113998658839,0.00809402242327,1.17645674757e-05,0.000164703944659,0.00989400124704,0.000494111833978,0.0117645674757,0.00355289937765,0.00649404124657,0.0104939941883,0.00165880401407,0.0,0.0059999294126,0.000305878754368,0.00592934200774,0.00107057564029,0.00128233785485,0.0026117339796,0.000941165398054,7.05874048541e-05,3.5293702427e-05,0.0,0.000694109481065,3.5293702427e-05,0.0,3.5293702427e-05,0.0,2.35291349514e-05,0.000458818131551,5.88228373784e-05,0.010388113081,0.00236467806261,0.00956459335773,0.0116351572334,0.000105881107281,0.0,0.000317643321843,0.0,0.0,0.0,0.010411642216,1.17645674757e-05,0.00327054975824,0.0,0.0112469265067,2.35291349514e-05,0.0025646757097,0.0116586863684,0.00102351737038,0.00095292996553,0.0103763485135,0.000317643321843,1.17645674757e-05,1.17645674757e-05,1.17645674757e-05,0.00328231432571,0.0051764096893,0.000317643321843,0.000164703944659,8.23519723297e-05,4.70582699027e-05,0.0117528029082,0.0004352889966,1.17645674757e-05,0.00248232373737,8.23519723297e-05,0.0,0.00975282643734,0.00950577052035,4.70582699027e-05,0.000717638616016,1.17645674757e-05,0.0101998800014,0.000847048858249,0.00536464276891,0.000741167750968
Gen 85
string_,string_rot,integer_swap,exec_sho,integer_gte,boolean_shove,boolean_and,string_pop,exec_eq,string_yankd,string_parse_to_chars,integer_lt,string_stackdepth,exec_do*whi,char_r,char_p,boolean_sw,integer_sho,boolean_invert_second_then_a,print_integ,char_iswhitespace,string_removechar,exec_emp,string_first,string_conc,string_yank,string_concat,string_setchar,exec_yankd,string_length,string_replacefirstch,char_d,integer_eq,exec_do*tim,string_emptystri,string_reverse,exec_yankdup,string_repla,exec_,char_ya,integer_mu,string_replacech,boolean_yankd,char_isletter,integer_add,string_empty,char_isdigit,print_integer,exec_shove,integer_fromstri,string_conjchar,boolean_or,boolean_empty,exec_wh,string_fromchar,integer_yankd,exec_do*while,integer_rot,string_rest,boolean_flu,integer_stackdep,char_iswhitespa,char_allfromstring,boolean_,char_allfromstri,exec_stackdepth,exec_do*range,char_shove,char_stackdep,string_removech,exec_stackdep,boolean_sho,string_indexofch,string_stackdep,string_leng,print_ch,integer_mult,boolean_xor,boolean_yankdup,integer_min,string_emp,integer_fromch,exec_yank,char_stackdepth,char_sw,integer_fromboole,string_replace,integer_div,string_replacefirst,boolean_frominteger,string_butla,char_isdig,integer_flush,integer_,string_yankdup,char_flu,print_exec,integer_yank,boolean_frominteg,string_emptystring,char_yankd,boolean_ya,string_swap,print_ex,exec_d,integer_max,char_swap,string_contains,char_empty,exec_dup,exec_k,string_frominteg,exec_noop,exec_p,exec_r,exec_s,string_sho,integer_flu,exec_y,boolean_rot,boolean_a,integer_ya,exec_ya,boolean_invert_first_then_a,string_spl,string_occurrencesofch,integer_yankdup,string_replacechar,char_sho,string_fromboolean,print_stri,exec_string_itera,print_newli,string_ta,string_replacefirstchar,string_substring,boolean_stackdepth,string_shove,string_containschar,exec_do*ran,char_yankdup,char_yank,integer_sw,exec_do*times,string_fromch,integer_shove,exec_if,exec_whi,integer_g,char_frominteger,char_frominteg,boolean_dup,string_eq,boolean_not,char_eq,boolean_flush,boolean_pop,string_butlast,exec_swap,string_replacefir,boolean_swap,exec_sw,string_n,print_string,exec_flush,print_newline,integer_a,string_d,string_dup,string_frominteger,string_contai,integer_mod,exec_do*count,string_fir,string_r,integer_fromchar,string_p,integer_inc,boolean_invert_first_then_and,integer_fromstring,exec_rot,integer_m,boolean_d,char_rot,exec_do*cou,string_take,exec_string_iterate,string_split,integer_pop,boolean_n,string_re,boolean_p,boolean_r,exec_pop,string_sw,boolean_x,boolean_emp,string_la,char_emp,boolean_stackdep,string_parse_to_cha,print_char,integer_dup,boolean_invert_second_then_and,integer_sub,string_setch,exec_no,boolean_yank,char_islett,string_ya,string_flu,integer_stackdepth,integer_emp,integer_dec,print_boole,integer_gt,exec,string_indexofchar,in1,char_dup,char_flush,char_pop,integer_lte,string_conjch,exec_flu,string_containsch,boolean_eq,string_flush,print_boolean,integer_d,string_rever,char_,exec_empty,string_last,integer_l,exec_when,integer_i,string_substri,string_nth,string_occurrencesofchar,integer_r,integer_s,integer_p,exec_while,integer_fromboolean,integer_empty,string_fromboole
0.0,0.0115928884548,0.00327903163917,0.000593016360275,0.0106161556261,0.00654643550656,0.00116277717701,0.0109301054639,0.00105812723108,1.16277717701e-05,0.0116161439983,0.00194183788561,0.00233718212579,0.0,1.16277717701e-05,0.000104649945931,0.0,0.0,0.000255810978942,0.0,0.00381390914059,0.00617434680992,3.48833153103e-05,0.000662782990895,0.0,0.00184881571145,0.00117440494878,0.0102789502448,3.48833153103e-05,0.0116161439983,0.0,1.16277717701e-05,0.00640690224532,2.32555435402e-05,3.48833153103e-05,0.0115114940524,0.00710456855153,0.000127905489471,2.32555435402e-05,4.65110870804e-05,2.32555435402e-05,0.0,2.32555435402e-05,0.00327903163917,0.00111626608993,0.00281392076836,0.0109417332357,0.000302322066022,0.0104882501366,0.0,0.0017092824502,0.0100580225811,0.00443018104441,0.0,0.00109301054639,0.000244183207172,0.00245345984349,0.00340693712864,0.00797665143429,0.000139533261241,0.000104649945931,0.0,0.00501156963291,0.000209299891862,9.30221741608e-05,0.00145347147126,0.000674410762666,0.00166277136312,1.16277717701e-05,0.000220927663632,0.0,2.32555435402e-05,0.0,0.0,0.000174416576551,0.000209299891862,0.000395344240183,0.00110463831816,0.00252322647411,0.000197672120092,0.0,4.65110870804e-05,0.00145347147126,0.00262787642004,0.0,0.0,0.0111742886711,0.00246508761526,0.00698829083383,8.13944023907e-05,1.16277717701e-05,9.30221741608e-05,0.00482552528459,0.000546505273194,0.0101626725271,0.0,3.48833153103e-05,0.00939523959024,1.16277717701e-05,0.000779060708596,3.48833153103e-05,0.0,0.01011616144,0.0,1.16277717701e-05,0.000523249729654,0.00179067685259,0.000569760816735,0.00770921268357,0.00354647038988,0.00802316252137,0.0,0.00547668050372,1.16277717701e-05,5.81388588505e-05,0.00247671538703,2.32555435402e-05,1.16277717701e-05,0.000139533261241,0.001011616144,0.0,0.000546505273194,0.0,0.0,0.0,1.16277717701e-05,0.000918593969838,0.000569760816735,0.000116277717701,0.0114068441065,3.48833153103e-05,0.0,0.0,0.0,0.000953477285148,0.0074650294764,0.0100812781247,0.00155812141719,0.000755805165056,0.0,0.00232555435402,0.00449994767503,1.16277717701e-05,0.0053255194707,2.32555435402e-05,0.0037325147382,0.006220857897,5.81388588505e-05,2.32555435402e-05,0.00583714142859,2.32555435402e-05,0.00262787642004,0.00822083464146,0.0099533726352,0.00226741549517,0.0089417564912,0.00354647038988,0.00432553109848,0.000627899675585,0.0,0.00448831990326,0.0,5.81388588505e-05,0.00962779502564,0.000558133044965,0.000104649945931,1.16277717701e-05,0.0,0.00166277136312,0.00119766049232,0.0,0.0111742886711,0.00783711817304,0.0,0.000127905489471,0.0100696503529,0.000453483099034,0.0116161439983,0.00343019267218,0.0064534133324,0.0104882501366,0.00183718793968,2.32555435402e-05,0.0063371356147,0.000244183207172,0.00556970267788,0.000709294077976,0.00125579935117,0.00258136533296,0.000930221741608,0.000139533261241,4.65110870804e-05,0.0,0.000709294077976,0.000104649945931,2.32555435402e-05,0.000116277717701,1.16277717701e-05,2.32555435402e-05,0.000395344240183,6.97666306206e-05,0.0101975558424,0.00230229881048,0.00952314507971,0.0115114940524,0.000151161033011,1.16277717701e-05,0.000383716468413,0.0,1.16277717701e-05,0.0,0.0104998779084,2.32555435402e-05,0.00323252055209,0.0,0.0109998720945,3.48833153103e-05,0.00224415995163,0.0115347495959,0.000732549621516,0.000906966198067,0.0104301112778,0.000220927663632,1.16277717701e-05,0.0,1.16277717701e-05,0.00358135370519,0.00496505854583,0.000186044348322,0.000162788804781,8.13944023907e-05,3.48833153103e-05,0.0116045162266,0.000441855327264,1.16277717701e-05,0.00280229299659,5.81388588505e-05,1.16277717701e-05,0.00953477285148,0.00944175067732,5.81388588505e-05,0.000360460924873,2.32555435402e-05,0.0102789502448,0.000802316252137,0.00523249729654,0.000604644132045
Gen 86
string_,string_rot,integer_swap,exec_sho,integer_gte,boolean_shove,boolean_and,string_pop,exec_eq,string_yankd,string_parse_to_chars,integer_lt,string_stackdepth,exec_do*whi,char_r,char_p,boolean_sw,integer_sho,boolean_invert_second_then_a,print_integ,char_iswhitespace,string_removechar,exec_emp,string_first,string_conc,string_yank,string_concat,string_setchar,exec_yankd,string_length,string_replacefirstch,char_d,integer_eq,exec_do*tim,string_emptystri,string_reverse,exec_yankdup,string_repla,exec_,char_ya,integer_mu,string_replacech,boolean_yankd,char_isletter,integer_add,string_empty,char_isdigit,print_integer,exec_shove,integer_fromstri,string_conjchar,boolean_or,boolean_empty,exec_wh,string_fromchar,integer_yankd,exec_do*while,integer_rot,string_rest,boolean_flu,integer_stackdep,char_iswhitespa,char_allfromstring,boolean_,char_allfromstri,exec_stackdepth,exec_do*range,char_shove,char_stackdep,string_removech,exec_stackdep,boolean_sho,string_indexofch,string_stackdep,string_leng,print_ch,integer_mult,boolean_xor,boolean_yankdup,integer_min,string_emp,integer_fromch,exec_yank,char_stackdepth,char_sw,integer_fromboole,string_replace,integer_div,string_replacefirst,boolean_frominteger,string_butla,char_isdig,integer_flush,integer_,string_yankdup,char_flu,print_exec,integer_yank,boolean_frominteg,string_emptystring,char_yankd,boolean_ya,string_swap,print_ex,exec_d,integer_max,char_swap,string_contains,char_empty,exec_dup,exec_k,string_frominteg,exec_noop,exec_p,exec_r,exec_s,string_sho,integer_flu,exec_y,boolean_rot,boolean_a,integer_ya,exec_ya,boolean_invert_first_then_a,string_spl,string_occurrencesofch,integer_yankdup,string_replacechar,char_sho,string_fromboolean,print_stri,exec_string_itera,print_newli,string_ta,string_replacefirstchar,string_substring,boolean_stackdepth,string_shove,string_containschar,exec_do*ran,char_yankdup,char_yank,integer_sw,exec_do*times,string_fromch,integer_shove,exec_if,exec_whi,integer_g,char_frominteger,char_frominteg,boolean_dup,string_eq,boolean_not,char_eq,boolean_flush,boolean_pop,string_butlast,exec_swap,string_replacefir,boolean_swap,exec_sw,string_n,print_string,exec_flush,print_newline,integer_a,string_d,string_dup,string_frominteger,string_contai,integer_mod,exec_do*count,string_fir,string_r,integer_fromchar,string_p,integer_inc,boolean_invert_first_then_and,integer_fromstring,exec_rot,integer_m,boolean_d,char_rot,exec_do*cou,string_take,exec_string_iterate,string_split,integer_pop,boolean_n,string_re,boolean_p,boolean_r,exec_pop,string_sw,boolean_x,boolean_emp,string_la,char_emp,boolean_stackdep,string_parse_to_cha,print_char,integer_dup,boolean_invert_second_then_and,integer_sub,string_setch,exec_no,boolean_yank,char_islett,string_ya,string_flu,integer_stackdepth,integer_emp,integer_dec,print_boole,integer_gt,exec,string_indexofchar,in1,char_dup,char_flush,char_pop,integer_lte,string_conjch,exec_flu,string_containsch,boolean_eq,string_flush,print_boolean,integer_d,string_rever,char_,exec_empty,string_last,integer_l,exec_when,integer_i,string_substri,string_nth,string_occurrencesofchar,integer_r,integer_s,integer_p,exec_while,integer_fromboolean,integer_empty,string_fromboole
0.0,0.0114711325157,0.00270111837795,0.000655164883162,0.0104021792853,0.00657463707314,0.00143676509465,0.0107584970288,0.0012643532833,2.29882415145e-05,0.0114941207572,0.00180457695889,0.0023907771175,0.0,4.59764830289e-05,4.59764830289e-05,1.14941207572e-05,0.0,0.000367811864231,1.14941207572e-05,0.00313789496672,0.00621831932966,6.89647245434e-05,0.000988494385122,0.0,0.00264364777416,0.00122987092102,0.0102872380777,0.0,0.0114941207572,0.0,0.0,0.00581602510316,3.44823622717e-05,0.0,0.0114021677912,0.00681601360904,4.59764830289e-05,2.29882415145e-05,0.0,0.0,0.0,1.14941207572e-05,0.00320685969127,0.00132182388708,0.00303444787991,0.0108619441156,0.000298847139688,0.0104136734061,1.14941207572e-05,0.00155170630223,0.00981597912668,0.00505741313318,3.44823622717e-05,0.00124136504178,0.000390800105746,0.0023103182722,0.00322984793278,0.00834473166975,0.000137929449087,0.000183905932116,1.14941207572e-05,0.00543671911817,0.000252870656659,6.89647245434e-05,0.00132182388708,0.000885047298307,0.00191951816646,0.0,0.000160917690601,1.14941207572e-05,0.0,0.0,1.14941207572e-05,0.000160917690601,0.000275858898174,0.000528729554833,0.000781600211492,0.00281605958552,0.000218388294387,0.0,3.44823622717e-05,0.00162067102677,0.00228733003069,0.0,0.0,0.011172285376,0.00259767129113,0.00675854300525,0.000172411811358,0.000114941207572,0.000103447086815,0.00465511890668,0.000919529660579,0.0103332145608,0.0,0.000103447086815,0.00943667314169,0.0,0.00102297674739,3.44823622717e-05,0.0,0.0096205790738,0.0,2.29882415145e-05,0.000425282468018,0.00201147113252,0.000505741313318,0.00796542568476,0.00271261249871,0.00793094332249,0.0,0.00578154274089,1.14941207572e-05,5.74706037862e-05,0.00241376535902,2.29882415145e-05,6.89647245434e-05,0.00012643532833,0.00129883564557,0.0,0.000528729554833,0.0,0.0,0.0,0.0,0.000839070815278,0.000563211917104,0.000103447086815,0.0113217089459,1.14941207572e-05,0.0,0.0,0.0,0.00117240031724,0.00764359030356,0.00991942621349,0.0014252709739,0.000839070815278,0.0,0.00254020068735,0.00456316594062,3.44823622717e-05,0.00565510741256,0.0,0.00350570683096,0.00649417822784,8.04588453006e-05,5.74706037862e-05,0.00542522499741,2.29882415145e-05,0.00282755370628,0.0086550729302,0.00980448500592,0.00220687118539,0.00882748474155,0.00340225974414,0.00503442489167,0.000850564936035,0.0,0.00486201308031,0.0,8.04588453006e-05,0.00990793209273,0.000471258951047,5.74706037862e-05,0.0,0.0,0.00211491821933,0.00102297674739,0.0,0.0111378030138,0.00831024930748,1.14941207572e-05,0.000114941207572,0.00985046148895,0.000356317743474,0.0114941207572,0.00398845990276,0.00606889575982,0.0104251675268,0.0015861886645,2.29882415145e-05,0.00645969586556,0.00012643532833,0.00536775439363,0.000850564936035,0.00111492971345,0.00250571832508,0.000827576694521,0.000218388294387,3.44823622717e-05,0.0,0.000781600211492,0.000149423569844,4.59764830289e-05,8.04588453006e-05,0.0,6.89647245434e-05,0.000367811864231,1.14941207572e-05,0.0102182733532,0.00263215365341,0.00951713198699,0.0114021677912,3.44823622717e-05,3.44823622717e-05,0.000298847139688,2.29882415145e-05,1.14941207572e-05,0.0,0.0105401087344,2.29882415145e-05,0.00320685969127,0.0,0.0109998735647,3.44823622717e-05,0.00183905932116,0.0114136619119,0.000390800105746,0.00102297674739,0.010275743957,0.000264364777416,0.0,0.0,1.14941207572e-05,0.00370110688383,0.0055631544465,0.00012643532833,0.000172411811358,0.000149423569844,1.14941207572e-05,0.011459638395,0.000402294226503,1.14941207572e-05,0.00296548315537,6.89647245434e-05,0.0,0.00947115550396,0.00874702589625,0.0,0.000367811864231,1.14941207572e-05,0.0101378145079,0.00149423569844,0.00535626027287,0.000505741313318
Gen 87
string_,string_rot,integer_swap,exec_sho,integer_gte,boolean_shove,boolean_and,string_pop,exec_eq,string_yankd,string_parse_to_chars,integer_lt,string_stackdepth,exec_do*whi,char_r,char_p,boolean_sw,integer_sho,boolean_invert_second_then_a,print_integ,char_iswhitespace,string_removechar,exec_emp,string_first,string_conc,string_yank,string_concat,string_setchar,exec_yankd,string_length,string_replacefirstch,char_d,integer_eq,exec_do*tim,string_emptystri,string_reverse,exec_yankdup,string_repla,exec_,char_ya,integer_mu,string_replacech,boolean_yankd,char_isletter,integer_add,string_empty,char_isdigit,print_integer,exec_shove,integer_fromstri,string_conjchar,boolean_or,boolean_empty,exec_wh,string_fromchar,integer_yankd,exec_do*while,integer_rot,string_rest,boolean_flu,integer_stackdep,char_iswhitespa,char_allfromstring,boolean_,char_allfromstri,exec_stackdepth,exec_do*range,char_shove,char_stackdep,string_removech,exec_stackdep,boolean_sho,string_indexofch,string_stackdep,string_leng,print_ch,integer_mult,boolean_xor,boolean_yankdup,integer_min,string_emp,integer_fromch,exec_yank,char_stackdepth,char_sw,integer_fromboole,string_replace,integer_div,string_replacefirst,boolean_frominteger,string_butla,char_isdig,integer_flush,integer_,string_yankdup,char_flu,print_exec,integer_yank,boolean_frominteg,string_emptystring,char_yankd,boolean_ya,string_swap,print_ex,exec_d,integer_max,char_swap,string_contains,char_empty,exec_dup,exec_k,string_frominteg,exec_noop,exec_p,exec_r,exec_s,string_sho,integer_flu,exec_y,boolean_rot,boolean_a,integer_ya,exec_ya,boolean_invert_first_then_a,string_spl,string_occurrencesofch,integer_yankdup,string_replacechar,char_sho,string_fromboolean,print_stri,exec_string_itera,print_newli,string_ta,string_replacefirstchar,string_substring,boolean_stackdepth,string_shove,string_containschar,exec_do*ran,char_yankdup,char_yank,integer_sw,exec_do*times,string_fromch,integer_shove,exec_if,exec_whi,integer_g,char_frominteger,char_frominteg,boolean_dup,string_eq,boolean_not,char_eq,boolean_flush,boolean_pop,string_butlast,exec_swap,string_replacefir,boolean_swap,exec_sw,string_n,print_string,exec_flush,print_newline,integer_a,string_d,string_dup,string_frominteger,string_contai,integer_mod,exec_do*count,string_fir,string_r,integer_fromchar,string_p,integer_inc,boolean_invert_first_then_and,integer_fromstring,exec_rot,integer_m,boolean_d,char_rot,exec_do*cou,string_take,exec_string_iterate,string_split,integer_pop,boolean_n,string_re,boolean_p,boolean_r,exec_pop,string_sw,boolean_x,boolean_emp,string_la,char_emp,boolean_stackdep,string_parse_to_cha,print_char,integer_dup,boolean_invert_second_then_and,integer_sub,string_setch,exec_no,boolean_yank,char_islett,string_ya,string_flu,integer_stackdepth,integer_emp,integer_dec,print_boole,integer_gt,exec,string_indexofchar,in1,char_dup,char_flush,char_pop,integer_lte,string_conjch,exec_flu,string_containsch,boolean_eq,string_flush,print_boolean,integer_d,string_rever,char_,exec_empty,string_last,integer_l,exec_when,integer_i,string_substri,string_nth,string_occurrencesofchar,integer_r,integer_s,integer_p,exec_while,integer_fromboolean,integer_empty,string_fromboole
1.13635072329e-05,0.0113294167112,0.00284087680822,0.000602265883342,0.00980670674197,0.00684083135419,0.00135225736071,0.0105226076976,0.00107953318712,2.27270144657e-05,0.0113521437256,0.0016931625777,0.00265906069249,0.0,1.13635072329e-05,4.54540289315e-05,1.13635072329e-05,1.13635072329e-05,0.000374995738685,0.0,0.00302269292394,0.00613629390575,5.68175361644e-05,0.000806809013534,1.13635072329e-05,0.00227270144657,0.00153407347644,0.00997715935046,0.0,0.0113407802184,0.0,0.0,0.00618174793468,0.0,3.40905216986e-05,0.0112385086533,0.00742037022307,7.95445506301e-05,3.40905216986e-05,1.13635072329e-05,0.0,0.0,3.40905216986e-05,0.00361359530005,0.00148861944751,0.00280678628652,0.0107157873206,0.000397722753151,0.010295337553,2.27270144657e-05,0.0015568004909,0.00986352427813,0.00528403086329,1.13635072329e-05,0.00107953318712,0.000386359245918,0.00211361234531,0.0032158725469,0.00805672662811,0.000170452608493,6.81810433972e-05,0.0,0.0050113066897,0.000284087680822,5.68175361644e-05,0.0015227099692,0.000704537448438,0.00170452608493,0.0,0.0,3.40905216986e-05,2.27270144657e-05,0.0,1.13635072329e-05,0.00015908910126,0.000386359245918,0.00023863365189,0.000954534607561,0.00310223747457,0.000272724173589,0.0,2.27270144657e-05,0.00170452608493,0.00289769434438,1.13635072329e-05,0.0,0.0109430574653,0.00232951898274,0.00721582709287,0.000340905216986,7.95445506301e-05,0.000136362086794,0.00430676924126,0.00101135214373,0.010295337553,0.0,4.54540289315e-05,0.00936352995989,0.0,0.00105680617266,3.40905216986e-05,0.0,0.00990897830706,0.0,1.13635072329e-05,0.000284087680822,0.00199997727299,0.000659083419507,0.00777263894728,0.00371586686515,0.00831808729446,0.0,0.00620447494915,0.0,4.54540289315e-05,0.00186361518619,4.54540289315e-05,4.54540289315e-05,9.0908057863e-05,0.00127271281008,1.13635072329e-05,0.000386359245918,0.0,2.27270144657e-05,0.0,1.13635072329e-05,0.000897717071397,0.000647719912274,0.000102271565096,0.0111930546244,3.40905216986e-05,0.0,0.0,1.13635072329e-05,0.00122725878115,0.00770445790389,0.0097498892058,0.00160225451984,0.000829536028,0.0,0.00227270144657,0.00420449767616,2.27270144657e-05,0.00565902660197,0.0,0.00395450051704,0.00697719344098,3.40905216986e-05,4.54540289315e-05,0.00542039295008,3.40905216986e-05,0.002488608084,0.00837490483063,0.0097839797275,0.00218179338871,0.00879535459824,0.00345450619879,0.00447722184975,0.000818172520767,0.0,0.00397722753151,0.0,3.40905216986e-05,0.0098180702492,0.000397722753151,0.000136362086794,0.0,0.0,0.00157952750537,0.000772718491835,0.0,0.0109544209725,0.00764764036772,0.0,0.000204543130192,0.00962489062624,0.000363632231452,0.0113635072329,0.00393177350257,0.00594311428279,0.0103521550891,0.00132953034625,2.27270144657e-05,0.0057385711526,0.000306814695288,0.00568175361644,0.000965898114794,0.00126134930285,0.00229542846104,0.00106816967989,0.000306814695288,1.13635072329e-05,0.0,0.000806809013534,0.000170452608493,0.0,6.81810433972e-05,0.0,0.0,0.000284087680822,7.95445506301e-05,0.0100112498722,0.00267042419973,0.00940898398882,0.0112271451461,9.0908057863e-05,2.27270144657e-05,0.000215906637425,1.13635072329e-05,0.0,0.0,0.0100453403939,3.40905216986e-05,0.00389768298088,0.0,0.0108521494074,2.27270144657e-05,0.00221588391041,0.0112157816388,0.000363632231452,0.00136362086794,0.0101703389734,0.000340905216986,0.0,0.0,0.0,0.00348859672049,0.0049431256463,0.000102271565096,0.000124998579562,4.54540289315e-05,0.0,0.0113066896967,0.000340905216986,0.0,0.0025567891274,6.81810433972e-05,0.0,0.00926125839479,0.00880671810548,0.0,0.000352268724219,2.27270144657e-05,0.0101589754662,0.000965898114794,0.00576129816707,0.000545448347178
Gen 88
string_,string_rot,integer_swap,exec_sho,integer_gte,boolean_shove,boolean_and,string_pop,exec_eq,string_yankd,string_parse_to_chars,integer_lt,string_stackdepth,exec_do*whi,char_r,char_p,boolean_sw,integer_sho,boolean_invert_second_then_a,print_integ,char_iswhitespace,string_removechar,exec_emp,string_first,string_conc,string_yank,string_concat,string_setchar,exec_yankd,string_length,string_replacefirstch,char_d,integer_eq,exec_do*tim,string_emptystri,string_reverse,exec_yankdup,string_repla,exec_,char_ya,integer_mu,string_replacech,boolean_yankd,char_isletter,integer_add,string_empty,char_isdigit,print_integer,exec_shove,integer_fromstri,string_conjchar,boolean_or,boolean_empty,exec_wh,string_fromchar,integer_yankd,exec_do*while,integer_rot,string_rest,boolean_flu,integer_stackdep,char_iswhitespa,char_allfromstring,boolean_,char_allfromstri,exec_stackdepth,exec_do*range,char_shove,char_stackdep,string_removech,exec_stackdep,boolean_sho,string_indexofch,string_stackdep,string_leng,print_ch,integer_mult,boolean_xor,boolean_yankdup,integer_min,string_emp,integer_fromch,exec_yank,char_stackdepth,char_sw,integer_fromboole,string_replace,integer_div,string_replacefirst,boolean_frominteger,string_butla,char_isdig,integer_flush,integer_,string_yankdup,char_flu,print_exec,integer_yank,boolean_frominteg,string_emptystring,char_yankd,boolean_ya,string_swap,print_ex,exec_d,integer_max,char_swap,string_contains,char_empty,exec_dup,exec_k,string_frominteg,exec_noop,exec_p,exec_r,exec_s,string_sho,integer_flu,exec_y,boolean_rot,boolean_a,integer_ya,exec_ya,boolean_invert_first_then_a,string_spl,string_occurrencesofch,integer_yankdup,string_replacechar,char_sho,string_fromboolean,print_stri,exec_string_itera,print_newli,string_ta,string_replacefirstchar,string_substring,boolean_stackdepth,string_shove,string_containschar,exec_do*ran,char_yankdup,char_yank,integer_sw,exec_do*times,string_fromch,integer_shove,exec_if,exec_whi,integer_g,char_frominteger,char_frominteg,boolean_dup,string_eq,boolean_not,char_eq,boolean_flush,boolean_pop,string_butlast,exec_swap,string_replacefir,boolean_swap,exec_sw,string_n,print_string,exec_flush,print_newline,integer_a,string_d,string_dup,string_frominteger,string_contai,integer_mod,exec_do*count,string_fir,string_r,integer_fromchar,string_p,integer_inc,boolean_invert_first_then_and,integer_fromstring,exec_rot,integer_m,boolean_d,char_rot,exec_do*cou,string_take,exec_string_iterate,string_split,integer_pop,boolean_n,string_re,boolean_p,boolean_r,exec_pop,string_sw,boolean_x,boolean_emp,string_la,char_emp,boolean_stackdep,string_parse_to_cha,print_char,integer_dup,boolean_invert_second_then_and,integer_sub,string_setch,exec_no,boolean_yank,char_islett,string_ya,string_flu,integer_stackdepth,integer_emp,integer_dec,print_boole,integer_gt,exec,string_indexofchar,in1,char_dup,char_flush,char_pop,integer_lte,string_conjch,exec_flu,string_containsch,boolean_eq,string_flush,print_boolean,integer_d,string_rever,char_,exec_empty,string_last,integer_l,exec_when,integer_i,string_substri,string_nth,string_occurrencesofchar,integer_r,integer_s,integer_p,exec_while,integer_fromboolean,integer_empty,string_fromboole
2.24716576218e-05,0.0111796496669,0.00256176896889,0.00049437646768,0.00968528443501,0.00706733632206,0.00117976202515,0.0105392074246,0.000999988764171,1.12358288109e-05,0.0112133571533,0.00194379838429,0.00243817485197,0.0,1.12358288109e-05,0.000101122459298,2.24716576218e-05,0.0,0.000337074864327,0.0,0.00260671228413,0.00602240424265,6.74149728655e-05,0.000910102133684,1.12358288109e-05,0.00198874169953,0.00174155346569,0.0098875293536,2.24716576218e-05,0.0111908854957,0.0,0.0,0.00596622509859,2.24716576218e-05,3.37074864327e-05,0.011112234694,0.00722463792542,0.000112358288109,4.49433152436e-05,2.24716576218e-05,0.0,0.0,0.0,0.00385388928214,0.00131459197088,0.00275277805867,0.0106628015416,0.000483140638869,0.00989876518241,1.12358288109e-05,0.00150560106066,0.00977517106549,0.00458421815485,0.0,0.00122470534039,0.000438197323626,0.00261794811294,0.0032920978416,0.00810103257267,0.000303367377895,5.61791440546e-05,0.0,0.0044269165515,0.000292131549084,5.61791440546e-05,0.0014381860878,0.00098875293536,0.00201121335715,1.12358288109e-05,5.61791440546e-05,2.24716576218e-05,3.37074864327e-05,0.0,0.0,5.61791440546e-05,0.000348310693138,0.000337074864327,0.00110111122347,0.00359546521949,0.000314603206706,1.12358288109e-05,1.12358288109e-05,0.00189885506904,0.00251682565364,1.12358288109e-05,0.0,0.010876282289,0.00232581656386,0.00762912776261,0.000460668981247,5.61791440546e-05,0.000235952405029,0.00387636093976,0.000842687160818,0.00987629352479,0.0,8.98866304873e-05,0.00933697374187,0.0,0.000853922989629,5.61791440546e-05,0.0,0.00964034111976,0.0,0.0,0.000235952405029,0.00212357164526,0.000853922989629,0.00785384433883,0.00337074864327,0.00786508016764,1.12358288109e-05,0.00602240424265,2.24716576218e-05,6.74149728655e-05,0.00184267592499,8.98866304873e-05,2.24716576218e-05,6.74149728655e-05,0.00169661015045,0.0,0.000134829945731,0.0,3.37074864327e-05,0.0,0.0,0.000910102133684,0.000662913899844,0.000101122459298,0.0110448197211,1.12358288109e-05,0.0,0.0,0.0,0.0014381860878,0.0066965539713,0.00961786946214,0.00134829945731,0.00106740373704,0.0,0.00233705239267,0.00448309569555,0.0,0.00574150852238,4.49433152436e-05,0.00383141762452,0.00719093043898,6.74149728655e-05,6.74149728655e-05,0.00511230210897,3.37074864327e-05,0.00250558982483,0.00837069246413,0.00973022775025,0.00174155346569,0.00864035235559,0.00297749463489,0.00430332243458,0.000606734755789,0.0,0.00396624757025,1.12358288109e-05,5.61791440546e-05,0.00966281277738,0.000539319782924,8.98866304873e-05,0.0,1.12358288109e-05,0.00178649678094,0.000584263098167,1.12358288109e-05,0.010876282289,0.0074156470152,4.49433152436e-05,7.86508016764e-05,0.0095729261469,0.000471904810058,0.0111796496669,0.00384265345333,0.00594375344097,0.0106066223975,0.00119099785396,2.24716576218e-05,0.00591004595454,0.000213480747407,0.00587633846811,0.00049437646768,0.00120223368277,0.00167413849283,0.00074156470152,0.000393254008382,2.24716576218e-05,0.0,0.000887630476062,0.000191009089786,1.12358288109e-05,7.86508016764e-05,0.0,5.61791440546e-05,0.000303367377895,4.49433152436e-05,0.00975269940787,0.00232581656386,0.00921337962495,0.0111347063516,3.37074864327e-05,1.12358288109e-05,0.000303367377895,3.37074864327e-05,0.0,0.0,0.00986505769598,5.61791440546e-05,0.00396624757025,0.0,0.0108088673161,3.37074864327e-05,0.00210109998764,0.0111459421804,0.000202244918596,0.00173031763688,0.0102470758756,0.000325839035516,0.0,1.12358288109e-05,0.0,0.00325839035516,0.00459545398366,0.000168537432164,7.86508016764e-05,4.49433152436e-05,1.12358288109e-05,0.0111571780092,0.000505612296491,0.0,0.00293255131965,7.86508016764e-05,0.0,0.0093706812283,0.00864035235559,0.0,0.000449433152436,1.12358288109e-05,0.00965157694857,0.000876394647251,0.00570780103594,0.000662913899844
Gen 89
string_,string_rot,integer_swap,exec_sho,integer_gte,boolean_shove,boolean_and,string_pop,exec_eq,string_yankd,string_parse_to_chars,integer_lt,string_stackdepth,exec_do*whi,char_r,char_p,boolean_sw,integer_sho,boolean_invert_second_then_a,print_integ,char_iswhitespace,string_removechar,exec_emp,string_first,string_conc,string_yank,string_concat,string_setchar,exec_yankd,string_length,string_replacefirstch,char_d,integer_eq,exec_do*tim,string_emptystri,string_reverse,exec_yankdup,string_repla,exec_,char_ya,integer_mu,string_replacech,boolean_yankd,char_isletter,integer_add,string_empty,char_isdigit,print_integer,exec_shove,integer_fromstri,string_conjchar,boolean_or,boolean_empty,exec_wh,string_fromchar,integer_yankd,exec_do*while,integer_rot,string_rest,boolean_flu,integer_stackdep,char_iswhitespa,char_allfromstring,boolean_,char_allfromstri,exec_stackdepth,exec_do*range,char_shove,char_stackdep,string_removech,exec_stackdep,boolean_sho,string_indexofch,string_stackdep,string_leng,print_ch,integer_mult,boolean_xor,boolean_yankdup,integer_min,string_emp,integer_fromch,exec_yank,char_stackdepth,char_sw,integer_fromboole,string_replace,integer_div,string_replacefirst,boolean_frominteger,string_butla,char_isdig,integer_flush,integer_,string_yankdup,char_flu,print_exec,integer_yank,boolean_frominteg,string_emptystring,char_yankd,boolean_ya,string_swap,print_ex,exec_d,integer_max,char_swap,string_contains,char_empty,exec_dup,exec_k,string_frominteg,exec_noop,exec_p,exec_r,exec_s,string_sho,integer_flu,exec_y,boolean_rot,boolean_a,integer_ya,exec_ya,boolean_invert_first_then_a,string_spl,string_occurrencesofch,integer_yankdup,string_replacechar,char_sho,string_fromboolean,print_stri,exec_string_itera,print_newli,string_ta,string_replacefirstchar,string_substring,boolean_stackdepth,string_shove,string_containschar,exec_do*ran,char_yankdup,char_yank,integer_sw,exec_do*times,string_fromch,integer_shove,exec_if,exec_whi,integer_g,char_frominteger,char_frominteg,boolean_dup,string_eq,boolean_not,char_eq,boolean_flush,boolean_pop,string_butlast,exec_swap,string_replacefir,boolean_swap,exec_sw,string_n,print_string,exec_flush,print_newline,integer_a,string_d,string_dup,string_frominteger,string_contai,integer_mod,exec_do*count,string_fir,string_r,integer_fromchar,string_p,integer_inc,boolean_invert_first_then_and,integer_fromstring,exec_rot,integer_m,boolean_d,char_rot,exec_do*cou,string_take,exec_string_iterate,string_split,integer_pop,boolean_n,string_re,boolean_p,boolean_r,exec_pop,string_sw,boolean_x,boolean_emp,string_la,char_emp,boolean_stackdep,string_parse_to_cha,print_char,integer_dup,boolean_invert_second_then_and,integer_sub,string_setch,exec_no,boolean_yank,char_islett,string_ya,string_flu,integer_stackdepth,integer_emp,integer_dec,print_boole,integer_gt,exec,string_indexofchar,in1,char_dup,char_flush,char_pop,integer_lte,string_conjch,exec_flu,string_containsch,boolean_eq,string_flush,print_boolean,integer_d,string_rever,char_,exec_empty,string_last,integer_l,exec_when,integer_i,string_substri,string_nth,string_occurrencesofchar,integer_r,integer_s,integer_p,exec_while,integer_fromboolean,integer_empty,string_fromboole
2.22219753114e-05,0.0110887656804,0.00264441506205,0.000422217530916,0.00949989444562,0.00698881123543,0.0012777635804,0.010455439384,0.000888879012455,0.0,0.0111109876557,0.00244441728425,0.00271108098799,0.0,1.11109876557e-05,8.88879012455e-05,0.0,0.0,0.000299996666704,1.11109876557e-05,0.00302218864235,0.00584437950689,5.55549382785e-05,0.00121109765447,2.22219753114e-05,0.00183331296319,0.00181109098788,0.00986655703826,0.0,0.0111109876557,0.0,0.0,0.00651103876624,0.0,0.00015555382718,0.0110332107421,0.00782213530961,0.000122220864213,0.0,1.11109876557e-05,0.0,0.0,1.11109876557e-05,0.00374440283997,0.00152220530883,0.00285552382751,0.0106443261742,0.000577771358096,0.0100554438284,1.11109876557e-05,0.0015555382718,0.0098554460506,0.00439995111165,1.11109876557e-05,0.00126665259275,0.000311107654359,0.0026333040744,0.00287774580282,0.0081999088899,0.00015555382718,7.77769135898e-05,0.0,0.00441106209931,0.000288885679048,9.99988889012e-05,0.00173331407429,0.000733325185276,0.00193331185209,1.11109876557e-05,5.55549382785e-05,0.0,2.22219753114e-05,0.0,0.0,0.000133331851868,0.000222219753114,0.000322218642015,0.00119998666681,0.00349996111154,0.000677770246997,0.0,3.33329629671e-05,0.00172220308663,0.00266663703737,0.0,0.0,0.0108665459273,0.00214442061755,0.00774435839602,0.000322218642015,5.55549382785e-05,0.000111109876557,0.00358884901279,0.000788880123554,0.00963322629749,0.0,6.66659259342e-05,0.00958878234686,1.11109876557e-05,0.000666659259342,7.77769135898e-05,0.0,0.0100109998778,0.0,0.0,0.000544438395129,0.00171109209898,0.000866657037144,0.00733325185276,0.003711069877,0.00831101876646,0.0,0.00595548938345,4.44439506228e-05,9.99988889012e-05,0.00171109209898,5.55549382785e-05,2.22219753114e-05,5.55549382785e-05,0.00163331518539,0.0,7.77769135898e-05,0.0,1.11109876557e-05,1.11109876557e-05,2.22219753114e-05,0.00104443283964,0.00095554493839,3.33329629671e-05,0.0110109887668,2.22219753114e-05,1.11109876557e-05,0.0,2.22219753114e-05,0.00102221086432,0.00643326185265,0.00948878345796,0.00156664925945,0.000777769135898,0.0,0.00267774802502,0.00433328518572,0.0,0.00541105098832,1.11109876557e-05,0.00384440172887,0.00675548049466,8.88879012455e-05,5.55549382785e-05,0.00502216642037,1.11109876557e-05,0.00239997333363,0.00862212642082,0.00954433839624,0.00217775358052,0.00832212975411,0.00295552271641,0.00436661814869,0.000533327407473,0.0,0.00342218419795,0.0,3.33329629671e-05,0.00983322407529,0.000466661481539,5.55549382785e-05,0.0,0.0,0.00174442506194,0.000344440617326,0.0,0.0107998800013,0.00761102654415,0.0,0.000144442839524,0.00963322629749,0.00064443728403,0.0111109876557,0.00389995666715,0.00548882790191,0.0103109965445,0.000999988889012,0.0,0.00583326851924,0.000266663703737,0.00564438172909,0.000522216419818,0.00119998666681,0.00144442839524,0.000988877901357,0.000366662592638,3.33329629671e-05,1.11109876557e-05,0.00121109765447,0.00015555382718,2.22219753114e-05,0.000133331851868,0.0,4.44439506228e-05,0.000277774691392,0.000111109876557,0.00996655592716,0.00211108765458,0.00904434395173,0.0110554327174,9.99988889012e-05,6.66659259342e-05,0.000344440617326,0.000111109876557,0.0,0.0,0.00993322296419,1.11109876557e-05,0.00393328963012,0.0,0.0106554371618,1.11109876557e-05,0.00228886345707,0.0110554327174,0.000255552716081,0.00204442172865,0.00991100098888,0.00056666037044,0.0,1.11109876557e-05,0.0,0.00308885456828,0.00432217419806,0.000144442839524,0.000177775802491,6.66659259342e-05,1.11109876557e-05,0.0110887656804,0.000466661481539,0.0,0.00311107654359,7.77769135898e-05,0.0,0.00906656592705,0.00911100987767,0.0,0.000411106543261,0.0,0.0095554493839,0.000833324074177,0.00562215975378,0.00064443728403
Gen 90
string_,string_rot,integer_swap,exec_sho,integer_gte,boolean_shove,boolean_and,string_pop,exec_eq,string_yankd,string_parse_to_chars,integer_lt,string_stackdepth,exec_do*whi,char_r,char_p,boolean_sw,integer_sho,boolean_invert_second_then_a,print_integ,char_iswhitespace,string_removechar,exec_emp,string_first,string_conc,string_yank,string_concat,string_setchar,exec_yankd,string_length,string_replacefirstch,char_d,integer_eq,exec_do*tim,string_emptystri,string_reverse,exec_yankdup,string_repla,exec_,char_ya,integer_mu,string_replacech,boolean_yankd,char_isletter,integer_add,string_empty,char_isdigit,print_integer,exec_shove,integer_fromstri,string_conjchar,boolean_or,boolean_empty,exec_wh,string_fromchar,integer_yankd,exec_do*while,integer_rot,string_rest,boolean_flu,integer_stackdep,char_iswhitespa,char_allfromstring,boolean_,char_allfromstri,exec_stackdepth,exec_do*range,char_shove,char_stackdep,string_removech,exec_stackdep,boolean_sho,string_indexofch,string_stackdep,string_leng,print_ch,integer_mult,boolean_xor,boolean_yankdup,integer_min,string_emp,integer_fromch,exec_yank,char_stackdepth,char_sw,integer_fromboole,string_replace,integer_div,string_replacefirst,boolean_frominteger,string_butla,char_isdig,integer_flush,integer_,string_yankdup,char_flu,print_exec,integer_yank,boolean_frominteg,string_emptystring,char_yankd,boolean_ya,string_swap,print_ex,exec_d,integer_max,char_swap,string_contains,char_empty,exec_dup,exec_k,string_frominteg,exec_noop,exec_p,exec_r,exec_s,string_sho,integer_flu,exec_y,boolean_rot,boolean_a,integer_ya,exec_ya,boolean_invert_first_then_a,string_spl,string_occurrencesofch,integer_yankdup,string_replacechar,char_sho,string_fromboolean,print_stri,exec_string_itera,print_newli,string_ta,string_replacefirstchar,string_substring,boolean_stackdepth,string_shove,string_containschar,exec_do*ran,char_yankdup,char_yank,integer_sw,exec_do*times,string_fromch,integer_shove,exec_if,exec_whi,integer_g,char_frominteger,char_frominteg,boolean_dup,string_eq,boolean_not,char_eq,boolean_flush,boolean_pop,string_butlast,exec_swap,string_replacefir,boolean_swap,exec_sw,string_n,print_string,exec_flush,print_newline,integer_a,string_d,string_dup,string_frominteger,string_contai,integer_mod,exec_do*count,string_fir,string_r,integer_fromchar,string_p,integer_inc,boolean_invert_first_then_and,integer_fromstring,exec_rot,integer_m,boolean_d,char_rot,exec_do*cou,string_take,exec_string_iterate,string_split,integer_pop,boolean_n,string_re,boolean_p,boolean_r,exec_pop,string_sw,boolean_x,boolean_emp,string_la,char_emp,boolean_stackdep,string_parse_to_cha,print_char,integer_dup,boolean_invert_second_then_and,integer_sub,string_setch,exec_no,boolean_yank,char_islett,string_ya,string_flu,integer_stackdepth,integer_emp,integer_dec,print_boole,integer_gt,exec,string_indexofchar,in1,char_dup,char_flush,char_pop,integer_lte,string_conjch,exec_flu,string_containsch,boolean_eq,string_flush,print_boolean,integer_d,string_rever,char_,exec_empty,string_last,integer_l,exec_when,integer_i,string_substri,string_nth,string_occurrencesofchar,integer_r,integer_s,integer_p,exec_while,integer_fromboolean,integer_empty,string_fromboole
1.0988890232e-05,0.0109119680004,0.00263733365567,0.000417577828815,0.00950539005066,0.00747244535774,0.00124174459621,0.0104394457204,0.000868122328326,5.49444511599e-05,0.0109669124515,0.0024065669608,0.0029560114724,0.0,2.1977780464e-05,4.39555609279e-05,0.0,0.0,0.000285711146031,0.0,0.00269227810683,0.00586806738387,7.69222316238e-05,0.00142855573016,2.1977780464e-05,0.00175822243712,0.00182415577851,0.00974714563576,1.0988890232e-05,0.010988890232,0.0,0.0,0.00686805639498,0.0,0.00021977780464,0.0109339457808,0.00734057867496,6.59333413919e-05,1.0988890232e-05,2.1977780464e-05,0.0,0.0,1.0988890232e-05,0.00362633377655,0.00195602246129,0.00336260041098,0.0106042790739,0.000373622267887,0.00985703453808,1.0988890232e-05,0.0013406446083,0.00949440116043,0.00481313392161,0.0,0.0010988890232,0.000428566719047,0.00297798925287,0.00261535587521,0.00826364545445,0.000120877792552,7.69222316238e-05,2.1977780464e-05,0.00465928945836,0.000153844463248,6.59333413919e-05,0.00182415577851,0.000901088999022,0.00147251129108,0.0,6.59333413919e-05,3.29666706959e-05,0.0,0.0,3.29666706959e-05,0.000142855573016,0.000208788914408,0.000417577828815,0.00102196679157,0.003505455984,0.000714277865078,0.0,1.0988890232e-05,0.00175822243712,0.00249447808266,0.0,0.0,0.0108240568785,0.00225272249755,0.00785705651586,0.000252744475335,0.000131866682784,0.000175822243712,0.00428566719047,0.000846144547862,0.00974714563576,0.0,0.000120877792552,0.00931857891672,1.0988890232e-05,0.000813177877166,5.49444511599e-05,0.0,0.0097251678553,0.0,1.0988890232e-05,0.000571422292063,0.00171426687619,0.0010659223525,0.00771420094285,0.00389006714212,0.00804386764981,1.0988890232e-05,0.00624168965176,2.1977780464e-05,0.000120877792552,0.00186811133944,6.59333413919e-05,2.1977780464e-05,8.79111218558e-05,0.00178020021758,0.0,8.79111218558e-05,0.0,2.1977780464e-05,1.0988890232e-05,0.0,0.00160437797387,0.000659333413919,3.29666706959e-05,0.0108899902199,2.1977780464e-05,0.0,0.0,2.1977780464e-05,0.00119778903529,0.0062197118713,0.00961527895298,0.001373611279,0.00094504455995,0.0,0.00263733365567,0.00473621168998,2.1977780464e-05,0.00519774507972,1.0988890232e-05,0.00391204492258,0.00664827859035,8.79111218558e-05,5.49444511599e-05,0.00497796727508,5.49444511599e-05,0.00272524477753,0.00854935660048,0.00951637894089,0.00221975582686,0.00874715662465,0.00302194481379,0.00482412281184,0.000626366743223,0.0,0.00379116713003,0.0,5.49444511599e-05,0.00957132339205,0.000307688926495,8.79111218558e-05,0.0,2.1977780464e-05,0.00148350018132,0.000527466731135,0.0,0.0107141679762,0.00773617872331,3.29666706959e-05,7.69222316238e-05,0.00916473445347,0.000681311194382,0.010988890232,0.00382413380073,0.00562631179877,0.0104394457204,0.00104394457204,5.49444511599e-05,0.0056702673597,0.000285711146031,0.0053625784332,0.000351644487423,0.00125273348645,0.00107691124273,0.00101097790134,0.000318677816727,3.29666706959e-05,0.0,0.00125273348645,0.000175822243712,1.0988890232e-05,0.00010988890232,0.0,4.39555609279e-05,0.000307688926495,6.59333413919e-05,0.00952736783112,0.00258238920451,0.00931857891672,0.0109779013417,6.59333413919e-05,2.1977780464e-05,0.000395600048351,2.1977780464e-05,0.0,0.0,0.00924165668509,4.39555609279e-05,0.00395600048351,0.0,0.0106702124152,2.1977780464e-05,0.00234063361941,0.0109779013417,0.00021977780464,0.00184613355897,0.010043845672,0.000736255645542,0.0,0.0,0.0,0.00346150042307,0.00449445610488,0.00021977780464,0.000142855573016,0.00010988890232,1.0988890232e-05,0.0109779013417,0.000483511170207,2.1977780464e-05,0.00276920033846,0.000131866682784,1.0988890232e-05,0.00937352336788,0.00909880111208,1.0988890232e-05,0.000318677816727,0.0,0.00956033450182,0.000593400072527,0.00546147844529,0.000538455621367
Gen 91
string_,string_rot,integer_swap,exec_sho,integer_gte,boolean_shove,boolean_and,string_pop,exec_eq,string_yankd,string_parse_to_chars,integer_lt,string_stackdepth,exec_do*whi,char_r,char_p,boolean_sw,integer_sho,boolean_invert_second_then_a,print_integ,char_iswhitespace,string_removechar,exec_emp,string_first,string_conc,string_yank,string_concat,string_setchar,exec_yankd,string_length,string_replacefirstch,char_d,integer_eq,exec_do*tim,string_emptystri,string_reverse,exec_yankdup,string_repla,exec_,char_ya,integer_mu,string_replacech,boolean_yankd,char_isletter,integer_add,string_empty,char_isdigit,print_integer,exec_shove,integer_fromstri,string_conjchar,boolean_or,boolean_empty,exec_wh,string_fromchar,integer_yankd,exec_do*while,integer_rot,string_rest,boolean_flu,integer_stackdep,char_iswhitespa,char_allfromstring,boolean_,char_allfromstri,exec_stackdepth,exec_do*range,char_shove,char_stackdep,string_removech,exec_stackdep,boolean_sho,string_indexofch,string_stackdep,string_leng,print_ch,integer_mult,boolean_xor,boolean_yankdup,integer_min,string_emp,integer_fromch,exec_yank,char_stackdepth,char_sw,integer_fromboole,string_replace,integer_div,string_replacefirst,boolean_frominteger,string_butla,char_isdig,integer_flush,integer_,string_yankdup,char_flu,print_exec,integer_yank,boolean_frominteg,string_emptystring,char_yankd,boolean_ya,string_swap,print_ex,exec_d,integer_max,char_swap,string_contains,char_empty,exec_dup,exec_k,string_frominteg,exec_noop,exec_p,exec_r,exec_s,string_sho,integer_flu,exec_y,boolean_rot,boolean_a,integer_ya,exec_ya,boolean_invert_first_then_a,string_spl,string_occurrencesofch,integer_yankdup,string_replacechar,char_sho,string_fromboolean,print_stri,exec_string_itera,print_newli,string_ta,string_replacefirstchar,string_substring,boolean_stackdepth,string_shove,string_containschar,exec_do*ran,char_yankdup,char_yank,integer_sw,exec_do*times,string_fromch,integer_shove,exec_if,exec_whi,integer_g,char_frominteger,char_frominteg,boolean_dup,string_eq,boolean_not,char_eq,boolean_flush,boolean_pop,string_butlast,exec_swap,string_replacefir,boolean_swap,exec_sw,string_n,print_string,exec_flush,print_newline,integer_a,string_d,string_dup,string_frominteger,string_contai,integer_mod,exec_do*count,string_fir,string_r,integer_fromchar,string_p,integer_inc,boolean_invert_first_then_and,integer_fromstring,exec_rot,integer_m,boolean_d,char_rot,exec_do*cou,string_take,exec_string_iterate,string_split,integer_pop,boolean_n,string_re,boolean_p,boolean_r,exec_pop,string_sw,boolean_x,boolean_emp,string_la,char_emp,boolean_stackdep,string_parse_to_cha,print_char,integer_dup,boolean_invert_second_then_and,integer_sub,string_setch,exec_no,boolean_yank,char_islett,string_ya,string_flu,integer_stackdepth,integer_emp,integer_dec,print_boole,integer_gt,exec,string_indexofchar,in1,char_dup,char_flush,char_pop,integer_lte,string_conjch,exec_flu,string_containsch,boolean_eq,string_flush,print_boolean,integer_d,string_rever,char_,exec_empty,string_last,integer_l,exec_when,integer_i,string_substri,string_nth,string_occurrencesofchar,integer_r,integer_s,integer_p,exec_while,integer_fromboolean,integer_empty,string_fromboole
2.17388941425e-05,0.0108042303888,0.00298909794459,0.000336952859208,0.00949989674025,0.00768469907936,0.00120650862491,0.0103911914001,0.000945641895197,5.43472353561e-05,0.0108259692829,0.00220649775546,0.00299996739166,0.0,0.0,0.000130433364855,1.08694470712e-05,0.0,0.000260866729709,0.0,0.0025325811676,0.00572819860654,3.26083412137e-05,0.00134781143683,4.34777882849e-05,0.00177171987261,0.00188041434332,0.0097825023641,2.17388941425e-05,0.0108694470712,1.08694470712e-05,0.0,0.00659775437224,1.08694470712e-05,0.00017391115314,0.0107824914947,0.00724992119651,0.000141302811926,0.0,7.60861294986e-05,1.08694470712e-05,0.0,0.0,0.00376082868664,0.00188041434332,0.00335865914501,0.0104346691884,0.000456516776992,0.00989119683482,0.0,0.00168476429604,0.00943468005783,0.00499994565276,1.08694470712e-05,0.00119563917784,0.000489125118205,0.00295648960337,0.00260866729709,0.00804339083271,0.000152172258997,0.000108694470712,0.0,0.00471734002891,0.000119563917784,7.60861294986e-05,0.00172824208433,0.000989119683482,0.00179345876675,0.0,1.08694470712e-05,4.34777882849e-05,1.08694470712e-05,2.17388941425e-05,1.08694470712e-05,0.000152172258997,0.000195650047282,0.000380430647493,0.00097825023641,0.00315213965066,0.000663036271345,0.0,1.08694470712e-05,0.00186954489625,0.00289127292095,1.08694470712e-05,0.0,0.0107390137064,0.00211954217889,0.007782524103,0.000119563917784,7.60861294986e-05,0.000152172258997,0.00433690938142,0.000782600189128,0.00947815784611,0.0,5.43472353561e-05,0.00920642166933,0.0,0.000923903001054,4.34777882849e-05,0.0,0.0100107607526,0.0,4.34777882849e-05,0.000684775165487,0.00140215867219,0.00139128922512,0.00797817415028,0.00407604265171,0.00777165465593,0.0,0.00527168182955,1.08694470712e-05,8.69555765698e-05,0.00156520037826,0.000119563917784,5.43472353561e-05,5.43472353561e-05,0.0016630254019,0.0,0.00017391115314,1.08694470712e-05,1.08694470712e-05,0.0,1.08694470712e-05,0.00181519766089,0.0007934696362,4.34777882849e-05,0.0107716220476,3.26083412137e-05,0.0,0.0,0.0,0.00130433364855,0.00653253768981,0.00979337181118,0.00118476973076,0.00126085586026,0.0,0.00242388669688,0.00444560385213,0.0,0.0051738568059,1.08694470712e-05,0.00385865371029,0.0063477570896,7.60861294986e-05,4.34777882849e-05,0.00509777067641,2.17388941425e-05,0.00277170900316,0.00772817686764,0.00933685503418,0.00231519222617,0.00881512157477,0.00296735905045,0.00481516505255,0.00053260290649,0.0,0.00364126476886,1.08694470712e-05,4.34777882849e-05,0.00958685231682,0.000499994565276,7.60861294986e-05,1.08694470712e-05,1.08694470712e-05,0.00156520037826,0.000543472353561,0.0,0.0105759720003,0.00758687405572,1.08694470712e-05,0.000108694470712,0.00890207715134,0.00061955848306,0.0108694470712,0.00374995923957,0.00566298192411,0.0102607580352,0.00097825023641,0.0,0.00561950413582,0.000195650047282,0.00520646514712,0.000271736176781,0.00132607254269,0.000913033553983,0.00107607526005,0.000456516776992,3.26083412137e-05,0.0,0.00129346420148,7.60861294986e-05,1.08694470712e-05,8.69555765698e-05,1.08694470712e-05,3.26083412137e-05,0.000347822306279,4.34777882849e-05,0.00938033282247,0.00271736176781,0.00948902729318,0.0108585776242,7.60861294986e-05,1.08694470712e-05,0.000163041706068,1.08694470712e-05,1.08694470712e-05,0.0,0.0092172911164,4.34777882849e-05,0.00379343702786,0.0,0.0105651025532,0.0,0.00231519222617,0.0108585776242,0.000249997282638,0.0017391115314,0.00989119683482,0.000771730742057,0.0,2.17388941425e-05,0.0,0.00384778426321,0.00458690666406,0.000260866729709,0.000206519494353,8.69555765698e-05,2.17388941425e-05,0.0108585776242,0.000369561200422,1.08694470712e-05,0.00256518950881,5.43472353561e-05,2.17388941425e-05,0.00913033553983,0.00882599102184,0.0,0.000369561200422,0.0,0.00954337452854,0.000771730742057,0.0052499429354,0.00053260290649
Gen 92
string_,string_rot,integer_swap,exec_sho,integer_gte,boolean_shove,boolean_and,string_pop,exec_eq,string_yankd,string_parse_to_chars,integer_lt,string_stackdepth,exec_do*whi,char_r,char_p,boolean_sw,integer_sho,boolean_invert_second_then_a,print_integ,char_iswhitespace,string_removechar,exec_emp,string_first,string_conc,string_yank,string_concat,string_setchar,exec_yankd,string_length,string_replacefirstch,char_d,integer_eq,exec_do*tim,string_emptystri,string_reverse,exec_yankdup,string_repla,exec_,char_ya,integer_mu,string_replacech,boolean_yankd,char_isletter,integer_add,string_empty,char_isdigit,print_integer,exec_shove,integer_fromstri,string_conjchar,boolean_or,boolean_empty,exec_wh,string_fromchar,integer_yankd,exec_do*while,integer_rot,string_rest,boolean_flu,integer_stackdep,char_iswhitespa,char_allfromstring,boolean_,char_allfromstri,exec_stackdepth,exec_do*range,char_shove,char_stackdep,string_removech,exec_stackdep,boolean_sho,string_indexofch,string_stackdep,string_leng,print_ch,integer_mult,boolean_xor,boolean_yankdup,integer_min,string_emp,integer_fromch,exec_yank,char_stackdepth,char_sw,integer_fromboole,string_replace,integer_div,string_replacefirst,boolean_frominteger,string_butla,char_isdig,integer_flush,integer_,string_yankdup,char_flu,print_exec,integer_yank,boolean_frominteg,string_emptystring,char_yankd,boolean_ya,string_swap,print_ex,exec_d,integer_max,char_swap,string_contains,char_empty,exec_dup,exec_k,string_frominteg,exec_noop,exec_p,exec_r,exec_s,string_sho,integer_flu,exec_y,boolean_rot,boolean_a,integer_ya,exec_ya,boolean_invert_first_then_a,string_spl,string_occurrencesofch,integer_yankdup,string_replacechar,char_sho,string_fromboolean,print_stri,exec_string_itera,print_newli,string_ta,string_replacefirstchar,string_substring,boolean_stackdepth,string_shove,string_containschar,exec_do*ran,char_yankdup,char_yank,integer_sw,exec_do*times,string_fromch,integer_shove,exec_if,exec_whi,integer_g,char_frominteger,char_frominteg,boolean_dup,string_eq,boolean_not,char_eq,boolean_flush,boolean_pop,string_butlast,exec_swap,string_replacefir,boolean_swap,exec_sw,string_n,print_string,exec_flush,print_newline,integer_a,string_d,string_dup,string_frominteger,string_contai,integer_mod,exec_do*count,string_fir,string_r,integer_fromchar,string_p,integer_inc,boolean_invert_first_then_and,integer_fromstring,exec_rot,integer_m,boolean_d,char_rot,exec_do*cou,string_take,exec_string_iterate,string_split,integer_pop,boolean_n,string_re,boolean_p,boolean_r,exec_pop,string_sw,boolean_x,boolean_emp,string_la,char_emp,boolean_stackdep,string_parse_to_cha,print_char,integer_dup,boolean_invert_second_then_and,integer_sub,string_setch,exec_no,boolean_yank,char_islett,string_ya,string_flu,integer_stackdepth,integer_emp,integer_dec,print_boole,integer_gt,exec,string_indexofchar,in1,char_dup,char_flush,char_pop,integer_lte,string_conjch,exec_flu,string_containsch,boolean_eq,string_flush,print_boolean,integer_d,string_rever,char_,exec_empty,string_last,integer_l,exec_when,integer_i,string_substri,string_nth,string_occurrencesofchar,integer_r,integer_s,integer_p,exec_while,integer_fromboolean,integer_empty,string_fromboole
0.0,0.0106450468275,0.00273115342846,0.000376340039354,0.00908592380727,0.00779561510091,0.0010752572553,0.0100751604821,0.000688164643391,6.45154353179e-05,0.0106988096902,0.00249459683229,0.0026988957108,0.0,2.1505145106e-05,9.67731529768e-05,0.0,0.0,0.000268814313825,0.0,0.00255911226761,0.00548381200202,6.45154353179e-05,0.00116127783572,3.22577176589e-05,0.00176342189869,0.00169890646337,0.00910742895238,1.0752572553e-05,0.0107418199804,0.0,0.0,0.00636552295137,0.0,0.000129030870636,0.0106342942549,0.00716121332029,8.60205804239e-05,3.22577176589e-05,1.0752572553e-05,0.0,0.0,3.22577176589e-05,0.00358060666014,0.00199997849485,0.00341931807185,0.0102579542155,0.000376340039354,0.00962355243492,2.1505145106e-05,0.00152686530252,0.00931172783088,0.0048709153665,0.0,0.00108600982785,0.000462360619778,0.00292469973441,0.00195696820464,0.007913893399,8.60205804239e-05,7.52680078709e-05,0.0,0.00446231760949,0.000129030870636,7.52680078709e-05,0.00156987559274,0.000892463521898,0.00174191675358,1.0752572553e-05,6.45154353179e-05,2.1505145106e-05,0.0,2.1505145106e-05,1.0752572553e-05,0.000204298878507,0.000225804023613,0.00039784518446,0.000967731529768,0.00301072031484,0.000559133772755,0.0,5.37628627649e-05,0.00183868990656,0.00286018429909,0.0,2.1505145106e-05,0.0104945108117,0.00205374135762,0.00744078020666,0.000182793733401,0.00010752572553,0.000139783443189,0.00386017354652,0.00105375211019,0.00949452156428,0.0,4.30102902119e-05,0.00921495467791,0.0,0.00082794808658,1.0752572553e-05,0.0,0.00968806787024,0.0,4.30102902119e-05,0.000731174933603,0.00150536015742,0.00146234986721,0.00787088310878,0.00421500844077,0.00803217169708,0.0,0.00513972968033,1.0752572553e-05,0.00010752572553,0.00112902011806,0.000150536015742,1.0752572553e-05,0.00010752572553,0.00170965903592,1.0752572553e-05,0.000129030870636,0.0,1.0752572553e-05,0.0,0.0,0.0014408447221,0.000999989247427,6.45154353179e-05,0.0106127891098,3.22577176589e-05,0.0,1.0752572553e-05,1.0752572553e-05,0.00113977269062,0.006494553822,0.00931172783088,0.00154837044763,0.00143009214955,1.0752572553e-05,0.00227954538123,0.00431178159375,0.0,0.00507521424501,0.0,0.00384942097397,0.00624724465328,5.37628627649e-05,3.22577176589e-05,0.00477414221352,2.1505145106e-05,0.00259136998527,0.00769884194794,0.00891388264642,0.00195696820464,0.00844076945409,0.00297846259718,0.00460210105268,0.000752680078709,0.0,0.00344082321695,1.0752572553e-05,7.52680078709e-05,0.0095375318545,0.000483865764884,0.00010752572553,0.0,0.0,0.00175266932614,0.000473113192331,1.0752572553e-05,0.0104084902313,0.00740852248901,4.30102902119e-05,0.000182793733401,0.0086665734777,0.000451608047225,0.0107418199804,0.00353759636993,0.0056020903001,0.00997838732917,0.00082794808658,2.1505145106e-05,0.00534402855883,0.00021505145106,0.0050537090999,0.000225804023613,0.00117203040828,0.000655906925732,0.00102149439253,0.000301072031484,2.1505145106e-05,0.0,0.00118278298083,5.37628627649e-05,1.0752572553e-05,0.000129030870636,0.0,7.52680078709e-05,0.000301072031484,5.37628627649e-05,0.00944075870152,0.00274190600101,0.00876334663068,0.010752572553,5.37628627649e-05,2.1505145106e-05,8.60205804239e-05,1.0752572553e-05,1.0752572553e-05,0.0,0.00869883119536,2.1505145106e-05,0.00387092611907,0.0,0.0103762325136,1.0752572553e-05,0.00237631853421,0.0107203148353,0.000268814313825,0.00189245276933,0.00981709874087,0.000860205804239,0.0,0.0,0.0,0.00350533865227,0.00440855474672,0.000172041160848,0.000118278298083,0.000161288588295,0.0,0.0107418199804,0.000462360619778,0.0,0.00264513284803,7.52680078709e-05,0.0,0.00873108891302,0.00874184148558,1.0752572553e-05,0.000322577176589,0.0,0.00922570725046,0.000677412070838,0.00536553370394,0.00050537090999
Gen 93
string_,string_rot,integer_swap,exec_sho,integer_gte,boolean_shove,boolean_and,string_pop,exec_eq,string_yankd,string_parse_to_chars,integer_lt,string_stackdepth,exec_do*whi,char_r,char_p,boolean_sw,integer_sho,boolean_invert_second_then_a,print_integ,char_iswhitespace,string_removechar,exec_emp,string_first,string_conc,string_yank,string_concat,string_setchar,exec_yankd,string_length,string_replacefirstch,char_d,integer_eq,exec_do*tim,string_emptystri,string_reverse,exec_yankdup,string_repla,exec_,char_ya,integer_mu,string_replacech,boolean_yankd,char_isletter,integer_add,string_empty,char_isdigit,print_integer,exec_shove,integer_fromstri,string_conjchar,boolean_or,boolean_empty,exec_wh,string_fromchar,integer_yankd,exec_do*while,integer_rot,string_rest,boolean_flu,integer_stackdep,char_iswhitespa,char_allfromstring,boolean_,char_allfromstri,exec_stackdepth,exec_do*range,char_shove,char_stackdep,string_removech,exec_stackdep,boolean_sho,string_indexofch,string_stackdep,string_leng,print_ch,integer_mult,boolean_xor,boolean_yankdup,integer_min,string_emp,integer_fromch,exec_yank,char_stackdepth,char_sw,integer_fromboole,string_replace,integer_div,string_replacefirst,boolean_frominteger,string_butla,char_isdig,integer_flush,integer_,string_yankdup,char_flu,print_exec,integer_yank,boolean_frominteg,string_emptystring,char_yankd,boolean_ya,string_swap,print_ex,exec_d,integer_max,char_swap,string_contains,char_empty,exec_dup,exec_k,string_frominteg,exec_noop,exec_p,exec_r,exec_s,string_sho,integer_flu,exec_y,boolean_rot,boolean_a,integer_ya,exec_ya,boolean_invert_first_then_a,string_spl,string_occurrencesofch,integer_yankdup,string_replacechar,char_sho,string_fromboolean,print_stri,exec_string_itera,print_newli,string_ta,string_replacefirstchar,string_substring,boolean_stackdepth,string_shove,string_containschar,exec_do*ran,char_yankdup,char_yank,integer_sw,exec_do*times,string_fromch,integer_shove,exec_if,exec_whi,integer_g,char_frominteger,char_frominteg,boolean_dup,string_eq,boolean_not,char_eq,boolean_flush,boolean_pop,string_butlast,exec_swap,string_replacefir,boolean_swap,exec_sw,string_n,print_string,exec_flush,print_newline,integer_a,string_d,string_dup,string_frominteger,string_contai,integer_mod,exec_do*count,string_fir,string_r,integer_fromchar,string_p,integer_inc,boolean_invert_first_then_and,integer_fromstring,exec_rot,integer_m,boolean_d,char_rot,exec_do*cou,string_take,exec_string_iterate,string_split,integer_pop,boolean_n,string_re,boolean_p,boolean_r,exec_pop,string_sw,boolean_x,boolean_emp,string_la,char_emp,boolean_stackdep,string_parse_to_cha,print_char,integer_dup,boolean_invert_second_then_and,integer_sub,string_setch,exec_no,boolean_yank,char_islett,string_ya,string_flu,integer_stackdepth,integer_emp,integer_dec,print_boole,integer_gt,exec,string_indexofchar,in1,char_dup,char_flush,char_pop,integer_lte,string_conjch,exec_flu,string_containsch,boolean_eq,string_flush,print_boolean,integer_d,string_rever,char_,exec_empty,string_last,integer_l,exec_when,integer_i,string_substri,string_nth,string_occurrencesofchar,integer_r,integer_s,integer_p,exec_while,integer_fromboolean,integer_empty,string_fromboole
1.06381847002e-05,0.0104466973756,0.00321273177945,0.000478718311507,0.00913820065744,0.00780842756992,0.00104254210062,0.0101062754652,0.00065956745141,5.31909235008e-05,0.0105530792226,0.00198934053893,0.00293613897724,2.12763694003e-05,0.0,6.3829108201e-05,0.0,0.0,0.000276592802204,0.0,0.00205316964713,0.00598929798619,5.31909235008e-05,0.00169147136733,1.06381847002e-05,0.00170210955203,0.00182976776843,0.00918075339624,4.25527388007e-05,0.0106169083308,0.0,0.0,0.00577653429219,2.12763694003e-05,0.000127658216402,0.0105105264838,0.0068509909469,5.31909235008e-05,1.06381847002e-05,0.0,0.0,0.0,2.12763694003e-05,0.00358506824395,0.00155317496622,0.00335102818055,0.0101381900193,0.000382974649206,0.00939351709024,1.06381847002e-05,0.00141487856512,0.00927649705854,0.00519143413368,0.0,0.00134041127222,0.000776587483112,0.00291486260784,0.00182976776843,0.00765949298412,0.000138296401102,0.000106381847002,2.12763694003e-05,0.00443612301997,0.000148934585802,6.3829108201e-05,0.00167019499793,0.000882969330114,0.00194678780013,0.0,4.25527388007e-05,2.12763694003e-05,2.12763694003e-05,1.06381847002e-05,1.06381847002e-05,0.000191487324603,0.000148934585802,0.000404251018606,0.000925522068914,0.00310634993245,0.000691482005511,0.0,1.06381847002e-05,0.00191487324603,0.00305315900895,0.0,1.06381847002e-05,0.0104041446368,0.00184040595313,0.00768076935352,0.000180849139903,6.3829108201e-05,0.000180849139903,0.00389357560026,0.000936160253614,0.00914883884214,0.0,7.44672929011e-05,0.00928713524324,0.0,0.00115956213232,0.0,0.0,0.00962755715365,0.0,1.06381847002e-05,0.000776587483112,0.00123402942522,0.00204253146243,0.00768076935352,0.00475526856097,0.00779778938522,1.06381847002e-05,0.00460633397517,0.0,2.12763694003e-05,0.00111700939352,2.12763694003e-05,3.19145541005e-05,0.000127658216402,0.00173402410613,0.0,9.57436623015e-05,0.0,3.19145541005e-05,0.0,4.25527388007e-05,0.00185104413783,0.00103190391592,6.3829108201e-05,0.0104573355603,1.06381847002e-05,0.0,0.0,1.06381847002e-05,0.000691482005511,0.00619142349549,0.00970202444655,0.00122339124052,0.00136168764162,0.0,0.00192551143073,0.00469143945277,3.19145541005e-05,0.00523398687248,3.19145541005e-05,0.00372336464506,0.0062552526037,4.25527388007e-05,3.19145541005e-05,0.00524462505718,2.12763694003e-05,0.00313826448655,0.00742545292071,0.00889352240934,0.00218082786353,0.00843608046723,0.00334038999585,0.00459569579047,0.000606376527909,1.06381847002e-05,0.00331911362645,0.0,8.51054776013e-05,0.00953181349135,0.000425527388007,3.19145541005e-05,4.25527388007e-05,0.0,0.00240422974224,0.000372336464506,0.0,0.0101701045734,0.00736162381251,1.06381847002e-05,0.000117020031702,0.00861692960713,0.000372336464506,0.0106381847002,0.00319145541005,0.00586163976979,0.00976585355475,0.000872331145413,1.06381847002e-05,0.00494675588558,8.51054776013e-05,0.00488292677737,0.000223401878703,0.000840416591313,0.000702120190211,0.00117020031702,0.000372336464506,0.0,0.0,0.00149998404272,8.51054776013e-05,0.0,6.3829108201e-05,1.06381847002e-05,0.000106381847002,0.000255316432804,2.12763694003e-05,0.00915947702684,0.00312762630185,0.00880841693173,0.0106062701461,6.3829108201e-05,0.0,0.000212763694003,1.06381847002e-05,0.0,0.0,0.00852118594483,2.12763694003e-05,0.00425527388007,0.0,0.0101701045734,2.12763694003e-05,0.00253188795864,0.0106169083308,0.000372336464506,0.00176593866023,0.00979776810885,0.00136168764162,0.0,0.0,0.0,0.00391485196966,0.00439357028117,0.000234040063404,0.000191487324603,5.31909235008e-05,2.12763694003e-05,0.0106062701461,0.000957436623015,1.06381847002e-05,0.00248933521984,4.25527388007e-05,0.0,0.00862756779183,0.00842544228253,0.0,0.000468080126807,0.0,0.00896798970224,0.000723396559611,0.00534036871948,0.000382974649206
Gen 94
string_,string_rot,integer_swap,exec_sho,integer_gte,boolean_shove,boolean_and,string_pop,exec_eq,string_yankd,string_parse_to_chars,integer_lt,string_stackdepth,exec_do*whi,char_r,char_p,boolean_sw,integer_sho,boolean_invert_second_then_a,print_integ,char_iswhitespace,string_removechar,exec_emp,string_first,string_conc,string_yank,string_concat,string_setchar,exec_yankd,string_length,string_replacefirstch,char_d,integer_eq,exec_do*tim,string_emptystri,string_reverse,exec_yankdup,string_repla,exec_,char_ya,integer_mu,string_replacech,boolean_yankd,char_isletter,integer_add,string_empty,char_isdigit,print_integer,exec_shove,integer_fromstri,string_conjchar,boolean_or,boolean_empty,exec_wh,string_fromchar,integer_yankd,exec_do*while,integer_rot,string_rest,boolean_flu,integer_stackdep,char_iswhitespa,char_allfromstring,boolean_,char_allfromstri,exec_stackdepth,exec_do*range,char_shove,char_stackdep,string_removech,exec_stackdep,boolean_sho,string_indexofch,string_stackdep,string_leng,print_ch,integer_mult,boolean_xor,boolean_yankdup,integer_min,string_emp,integer_fromch,exec_yank,char_stackdepth,char_sw,integer_fromboole,string_replace,integer_div,string_replacefirst,boolean_frominteger,string_butla,char_isdig,integer_flush,integer_,string_yankdup,char_flu,print_exec,integer_yank,boolean_frominteg,string_emptystring,char_yankd,boolean_ya,string_swap,print_ex,exec_d,integer_max,char_swap,string_contains,char_empty,exec_dup,exec_k,string_frominteg,exec_noop,exec_p,exec_r,exec_s,string_sho,integer_flu,exec_y,boolean_rot,boolean_a,integer_ya,exec_ya,boolean_invert_first_then_a,string_spl,string_occurrencesofch,integer_yankdup,string_replacechar,char_sho,string_fromboolean,print_stri,exec_string_itera,print_newli,string_ta,string_replacefirstchar,string_substring,boolean_stackdepth,string_shove,string_containschar,exec_do*ran,char_yankdup,char_yank,integer_sw,exec_do*times,string_fromch,integer_shove,exec_if,exec_whi,integer_g,char_frominteger,char_frominteg,boolean_dup,string_eq,boolean_not,char_eq,boolean_flush,boolean_pop,string_butlast,exec_swap,string_replacefir,boolean_swap,exec_sw,string_n,print_string,exec_flush,print_newline,integer_a,string_d,string_dup,string_frominteger,string_contai,integer_mod,exec_do*count,string_fir,string_r,integer_fromchar,string_p,integer_inc,boolean_invert_first_then_and,integer_fromstring,exec_rot,integer_m,boolean_d,char_rot,exec_do*cou,string_take,exec_string_iterate,string_split,integer_pop,boolean_n,string_re,boolean_p,boolean_r,exec_pop,string_sw,boolean_x,boolean_emp,string_la,char_emp,boolean_stackdep,string_parse_to_cha,print_char,integer_dup,boolean_invert_second_then_and,integer_sub,string_setch,exec_no,boolean_yank,char_islett,string_ya,string_flu,integer_stackdepth,integer_emp,integer_dec,print_boole,integer_gt,exec,string_indexofchar,in1,char_dup,char_flush,char_pop,integer_lte,string_conjch,exec_flu,string_containsch,boolean_eq,string_flush,print_boolean,integer_d,string_rever,char_,exec_empty,string_last,integer_l,exec_when,integer_i,string_substri,string_nth,string_occurrencesofchar,integer_r,integer_s,integer_p,exec_while,integer_fromboolean,integer_empty,string_fromboole
0.0,0.0104104167325,0.00311575667625,0.000357890969569,0.00944200587362,0.00804202061031,0.000736834349112,0.0100314733529,0.000968410858833,0.0,0.0104630477574,0.0020736623825,0.00334733318597,1.05262049873e-05,2.10524099746e-05,8.42096398985e-05,0.0,0.0,0.000336838559594,0.0,0.001663140388,0.00624203955748,4.21048199493e-05,0.00161050936306,2.10524099746e-05,0.00203155756255,0.00189471689772,0.00923148177388,3.15786149619e-05,0.0104946263724,0.0,0.0,0.00552625761834,0.0,0.000147366869822,0.0103998905275,0.00697887390659,5.26310249366e-05,2.10524099746e-05,4.21048199493e-05,1.05262049873e-05,0.0,3.15786149619e-05,0.00347364764581,0.00144209008326,0.00355785728571,0.0101577878128,0.000515784044378,0.00935779623372,2.10524099746e-05,0.00137893285334,0.00932621761876,0.00462100398943,0.0,0.00162103556805,0.000631572299239,0.00264207745182,0.00172629761792,0.00747360554099,0.000126314459848,0.000221050304734,0.0,0.00402101030515,0.000221050304734,5.26310249366e-05,0.0019894527426,0.000957884653846,0.00191576930769,0.0,2.10524099746e-05,4.21048199493e-05,1.05262049873e-05,0.0,2.10524099746e-05,0.000126314459848,0.000126314459848,0.000399995789518,0.000778939169061,0.00279997052663,0.000484205429417,1.05262049873e-05,2.10524099746e-05,0.00222102925232,0.00325259734108,0.0,0.0,0.0103156808876,0.00217892443237,0.00751571036094,0.000136840664835,1.05262049873e-05,0.000126314459848,0.00384206482037,0.000852622603973,0.00919990315891,0.0,9.47358448858e-05,0.00926306038884,0.0,0.00113683013863,3.15786149619e-05,0.0,0.00962095135841,0.0,2.10524099746e-05,0.000821043989011,0.00116840875359,0.00208418858749,0.00785254892054,0.00477889706424,0.00761044620583,0.0,0.00503152598394,1.05262049873e-05,0.000178945484784,0.00112630393364,0.0,2.10524099746e-05,6.31572299239e-05,0.00177892864286,0.0,7.36834349112e-05,0.0,2.10524099746e-05,0.0,6.31572299239e-05,0.00173682382291,0.0013263018284,9.47358448858e-05,0.0103788381175,2.10524099746e-05,1.05262049873e-05,0.0,1.05262049873e-05,0.000852622603973,0.00617888232755,0.00967358238334,0.000926306038884,0.0013263018284,0.0,0.00203155756255,0.0048946853191,2.10524099746e-05,0.00507363080389,1.05262049873e-05,0.00402101030515,0.00602098925274,2.10524099746e-05,3.15786149619e-05,0.00591572720287,4.21048199493e-05,0.00336838559594,0.00761044620583,0.0087156977295,0.00227366027726,0.00839991157988,0.00359996210566,0.00474731844928,0.000515784044378,0.0,0.0035683834907,0.0,0.00015789307481,0.00955779412848,0.000357890969569,5.26310249366e-05,0.0,0.0,0.00234734371217,0.000442100609467,1.05262049873e-05,0.0100841043778,0.0069683477016,3.15786149619e-05,0.00011578825486,0.0085472784497,0.000347364764581,0.0105156787823,0.00316838770118,0.00605256786771,0.00989463268808,0.00107367290871,0.0,0.00519994526373,0.00011578825486,0.00503152598394,0.000199997894759,0.000694729529163,0.000599993684277,0.00129472321344,0.000284207534658,5.26310249366e-05,2.10524099746e-05,0.00143156387827,3.15786149619e-05,1.05262049873e-05,7.36834349112e-05,0.0,5.26310249366e-05,0.000231576509721,4.21048199493e-05,0.00902095767413,0.00327364975106,0.00852622603973,0.0105051525773,6.31572299239e-05,1.05262049873e-05,0.000252628919696,4.21048199493e-05,0.0,0.0,0.00855780465469,3.15786149619e-05,0.00407364133009,0.0,0.0102209450427,3.15786149619e-05,0.00276839191166,0.0105051525773,0.000494731634404,0.00188419069273,0.00962095135841,0.00128419700845,0.0,0.0,0.0,0.0035683834907,0.00417890337996,0.000315786149619,0.000263155124683,6.31572299239e-05,5.26310249366e-05,0.0104841001674,0.000747360554099,0.0,0.00252628919696,2.10524099746e-05,0.0,0.00855780465469,0.00833675434995,0.0,0.000315786149619,0.0,0.00890516941927,0.000410521994505,0.00566309828318,0.000399995789518
Gen 95
string_,string_rot,integer_swap,exec_sho,integer_gte,boolean_shove,boolean_and,string_pop,exec_eq,string_yankd,string_parse_to_chars,integer_lt,string_stackdepth,exec_do*whi,char_r,char_p,boolean_sw,integer_sho,boolean_invert_second_then_a,print_integ,char_iswhitespace,string_removechar,exec_emp,string_first,string_conc,string_yank,string_concat,string_setchar,exec_yankd,string_length,string_replacefirstch,char_d,integer_eq,exec_do*tim,string_emptystri,string_reverse,exec_yankdup,string_repla,exec_,char_ya,integer_mu,string_replacech,boolean_yankd,char_isletter,integer_add,string_empty,char_isdigit,print_integer,exec_shove,integer_fromstri,string_conjchar,boolean_or,boolean_empty,exec_wh,string_fromchar,integer_yankd,exec_do*while,integer_rot,string_rest,boolean_flu,integer_stackdep,char_iswhitespa,char_allfromstring,boolean_,char_allfromstri,exec_stackdepth,exec_do*range,char_shove,char_stackdep,string_removech,exec_stackdep,boolean_sho,string_indexofch,string_stackdep,string_leng,print_ch,integer_mult,boolean_xor,boolean_yankdup,integer_min,string_emp,integer_fromch,exec_yank,char_stackdepth,char_sw,integer_fromboole,string_replace,integer_div,string_replacefirst,boolean_frominteger,string_butla,char_isdig,integer_flush,integer_,string_yankdup,char_flu,print_exec,integer_yank,boolean_frominteg,string_emptystring,char_yankd,boolean_ya,string_swap,print_ex,exec_d,integer_max,char_swap,string_contains,char_empty,exec_dup,exec_k,string_frominteg,exec_noop,exec_p,exec_r,exec_s,string_sho,integer_flu,exec_y,boolean_rot,boolean_a,integer_ya,exec_ya,boolean_invert_first_then_a,string_spl,string_occurrencesofch,integer_yankdup,string_replacechar,char_sho,string_fromboolean,print_stri,exec_string_itera,print_newli,string_ta,string_replacefirstchar,string_substring,boolean_stackdepth,string_shove,string_containschar,exec_do*ran,char_yankdup,char_yank,integer_sw,exec_do*times,string_fromch,integer_shove,exec_if,exec_whi,integer_g,char_frominteger,char_frominteg,boolean_dup,string_eq,boolean_not,char_eq,boolean_flush,boolean_pop,string_butlast,exec_swap,string_replacefir,boolean_swap,exec_sw,string_n,print_string,exec_flush,print_newline,integer_a,string_d,string_dup,string_frominteger,string_contai,integer_mod,exec_do*count,string_fir,string_r,integer_fromchar,string_p,integer_inc,boolean_invert_first_then_and,integer_fromstring,exec_rot,integer_m,boolean_d,char_rot,exec_do*cou,string_take,exec_string_iterate,string_split,integer_pop,boolean_n,string_re,boolean_p,boolean_r,exec_pop,string_sw,boolean_x,boolean_emp,string_la,char_emp,boolean_stackdep,string_parse_to_cha,print_char,integer_dup,boolean_invert_second_then_and,integer_sub,string_setch,exec_no,boolean_yank,char_islett,string_ya,string_flu,integer_stackdepth,integer_emp,integer_dec,print_boole,integer_gt,exec,string_indexofchar,in1,char_dup,char_flush,char_pop,integer_lte,string_conjch,exec_flu,string_containsch,boolean_eq,string_flush,print_boolean,integer_d,string_rever,char_,exec_empty,string_last,integer_l,exec_when,integer_i,string_substri,string_nth,string_occurrencesofchar,integer_r,integer_s,integer_p,exec_while,integer_fromboolean,integer_empty,string_fromboole
2.08331163217e-05,0.0102811429048,0.00286455349423,0.000385412651952,0.00921865397235,0.00791658420225,0.000739575629421,0.00985406402017,0.00085415776919,2.08331163217e-05,0.0103748919282,0.00276038791263,0.00284372037791,0.0,1.04165581609e-05,8.33324652868e-05,1.04165581609e-05,0.0,0.000270830512182,0.0,0.00130206977011,0.00616660243122,4.16662326434e-05,0.0017291486547,0.0,0.00190623014344,0.00209372819033,0.00908323871626,2.08331163217e-05,0.0103957250445,2.08331163217e-05,0.0,0.00557285861606,1.04165581609e-05,0.000114582139769,0.0102811429048,0.00678117936271,9.37490234477e-05,5.20827908043e-05,3.12496744826e-05,1.04165581609e-05,1.04165581609e-05,3.12496744826e-05,0.00336454828596,0.00160414995677,0.00385412651952,0.00999989583442,0.000374996093791,0.00916657118155,0.0,0.0014374850262,0.00953115071718,0.00467703461422,1.04165581609e-05,0.00169789898022,0.000666659722295,0.00279163758711,0.00141665190988,0.00749992187581,0.00012499869793,6.24993489651e-05,0.0,0.00418745638066,0.00024999739586,8.33324652868e-05,0.00199997916688,0.000781241862064,0.00189581358528,1.04165581609e-05,2.08331163217e-05,1.04165581609e-05,0.0,2.08331163217e-05,1.04165581609e-05,0.00024999739586,0.000260413954021,0.000593743815169,0.00116665451402,0.00267705544734,0.000541661024364,0.0,1.04165581609e-05,0.00201039572504,0.00327079926251,0.0,0.0,0.0101769773232,0.00181248111999,0.00771866959719,0.000229164279539,6.24993489651e-05,0.000114582139769,0.0039374589848,0.000822908094707,0.00932281955396,0.0,9.37490234477e-05,0.00936448578661,0.0,0.00127082009562,6.24993489651e-05,0.0,0.0095519838335,0.0,5.20827908043e-05,0.0010104061416,0.00110415516505,0.00190623014344,0.00773950271351,0.00491661545192,0.00745825564317,0.0,0.00464578493974,2.08331163217e-05,0.000218747721378,0.00085415776919,1.04165581609e-05,2.08331163217e-05,6.24993489651e-05,0.00159373339861,0.0,0.00012499869793,0.0,4.16662326434e-05,1.04165581609e-05,5.20827908043e-05,0.00203122884137,0.00127082009562,6.24993489651e-05,0.010229060114,2.08331163217e-05,0.0,0.0,0.0,0.00142706846804,0.00555202549973,0.00957281694982,0.00105207237425,0.00116665451402,0.0,0.00262497265653,0.00517702940594,1.04165581609e-05,0.0050832803825,2.08331163217e-05,0.00322913302986,0.00562494140686,4.16662326434e-05,6.24993489651e-05,0.00588535536088,1.04165581609e-05,0.00365621191446,0.00780200206248,0.0087811585296,0.00202081228321,0.0083019968542,0.00363537879814,0.00457286903261,0.000562494140686,0.0,0.00431245507859,0.0,0.000104165581609,0.00922907053052,0.000531244466203,5.20827908043e-05,0.0,1.04165581609e-05,0.00265622233102,0.000395829210112,0.0,0.00996864615994,0.00738533973604,2.08331163217e-05,0.000156248372413,0.00848949490109,0.000208331163217,0.0104061416027,0.00265622233102,0.00581243945376,0.0097915646712,0.000927073676316,1.04165581609e-05,0.0050832803825,8.33324652868e-05,0.00470828428871,0.000135415256091,0.00121873730482,0.000770825303903,0.000843741211029,0.000374996093791,6.24993489651e-05,0.0,0.00169789898022,2.08331163217e-05,0.0,7.2915907126e-05,0.0,5.20827908043e-05,0.00024999739586,7.2915907126e-05,0.00870824262247,0.00344788075124,0.00846866178477,0.0103748919282,4.16662326434e-05,0.0,0.000374996093791,3.12496744826e-05,1.04165581609e-05,1.04165581609e-05,0.0087811585296,1.04165581609e-05,0.00392704242664,0.0,0.00999989583442,7.2915907126e-05,0.00232289246987,0.0103957250445,0.000354162977469,0.0019166467016,0.00934365267028,0.00136456911907,0.0,0.0,0.0,0.00406245768273,0.00459370214894,0.000468745117238,0.000395829210112,3.12496744826e-05,4.16662326434e-05,0.0103540588119,0.000781241862064,0.0,0.0021562275393,3.12496744826e-05,1.04165581609e-05,0.00836449620316,0.00864574327351,0.0,0.000447912000917,0.0,0.00889574066937,0.000322913302986,0.00519786252227,0.000270830512182
Gen 96
string_,string_rot,integer_swap,exec_sho,integer_gte,boolean_shove,boolean_and,string_pop,exec_eq,string_yankd,string_parse_to_chars,integer_lt,string_stackdepth,exec_do*whi,char_r,char_p,boolean_sw,integer_sho,boolean_invert_second_then_a,print_integ,char_iswhitespace,string_removechar,exec_emp,string_first,string_conc,string_yank,string_concat,string_setchar,exec_yankd,string_length,string_replacefirstch,char_d,integer_eq,exec_do*tim,string_emptystri,string_reverse,exec_yankdup,string_repla,exec_,char_ya,integer_mu,string_replacech,boolean_yankd,char_isletter,integer_add,string_empty,char_isdigit,print_integer,exec_shove,integer_fromstri,string_conjchar,boolean_or,boolean_empty,exec_wh,string_fromchar,integer_yankd,exec_do*while,integer_rot,string_rest,boolean_flu,integer_stackdep,char_iswhitespa,char_allfromstring,boolean_,char_allfromstri,exec_stackdepth,exec_do*range,char_shove,char_stackdep,string_removech,exec_stackdep,boolean_sho,string_indexofch,string_stackdep,string_leng,print_ch,integer_mult,boolean_xor,boolean_yankdup,integer_min,string_emp,integer_fromch,exec_yank,char_stackdepth,char_sw,integer_fromboole,string_replace,integer_div,string_replacefirst,boolean_frominteger,string_butla,char_isdig,integer_flush,integer_,string_yankdup,char_flu,print_exec,integer_yank,boolean_frominteg,string_emptystring,char_yankd,boolean_ya,string_swap,print_ex,exec_d,integer_max,char_swap,string_contains,char_empty,exec_dup,exec_k,string_frominteg,exec_noop,exec_p,exec_r,exec_s,string_sho,integer_flu,exec_y,boolean_rot,boolean_a,integer_ya,exec_ya,boolean_invert_first_then_a,string_spl,string_occurrencesofch,integer_yankdup,string_replacechar,char_sho,string_fromboolean,print_stri,exec_string_itera,print_newli,string_ta,string_replacefirstchar,string_substring,boolean_stackdepth,string_shove,string_containschar,exec_do*ran,char_yankdup,char_yank,integer_sw,exec_do*times,string_fromch,integer_shove,exec_if,exec_whi,integer_g,char_frominteger,char_frominteg,boolean_dup,string_eq,boolean_not,char_eq,boolean_flush,boolean_pop,string_butlast,exec_swap,string_replacefir,boolean_swap,exec_sw,string_n,print_string,exec_flush,print_newline,integer_a,string_d,string_dup,string_frominteger,string_contai,integer_mod,exec_do*count,string_fir,string_r,integer_fromchar,string_p,integer_inc,boolean_invert_first_then_and,integer_fromstring,exec_rot,integer_m,boolean_d,char_rot,exec_do*cou,string_take,exec_string_iterate,string_split,integer_pop,boolean_n,string_re,boolean_p,boolean_r,exec_pop,string_sw,boolean_x,boolean_emp,string_la,char_emp,boolean_stackdep,string_parse_to_cha,print_char,integer_dup,boolean_invert_second_then_and,integer_sub,string_setch,exec_no,boolean_yank,char_islett,string_ya,string_flu,integer_stackdepth,integer_emp,integer_dec,print_boole,integer_gt,exec,string_indexofchar,in1,char_dup,char_flush,char_pop,integer_lte,string_conjch,exec_flu,string_containsch,boolean_eq,string_flush,print_boolean,integer_d,string_rever,char_,exec_empty,string_last,integer_l,exec_when,integer_i,string_substri,string_nth,string_occurrencesofchar,integer_r,integer_s,integer_p,exec_while,integer_fromboolean,integer_empty,string_fromboole
1.03091720704e-05,0.0101339161452,0.00255667467346,0.000453603571097,0.0094019649282,0.00731951216998,0.000907207142194,0.00973185843445,0.000938134658406,2.06183441408e-05,0.01025762621,0.00325769837424,0.00303089658869,0.0,2.06183441408e-05,5.1545860352e-05,4.12366882816e-05,1.03091720704e-05,0.000309275162112,0.0,0.00141235657364,0.00572159049907,8.24733765631e-05,0.00154637581056,3.09275162112e-05,0.00204121606994,0.00151544829435,0.00888650632468,3.09275162112e-05,0.010247317038,0.0,0.0,0.00511334934691,1.03091720704e-05,0.000113400892774,0.0100823702848,0.00653601509263,7.21642044927e-05,5.1545860352e-05,2.06183441408e-05,2.06183441408e-05,5.1545860352e-05,1.03091720704e-05,0.00329893506253,0.0021236894465,0.00436077978578,0.00972154926238,0.000226801785549,0.00916485397058,1.03091720704e-05,0.00131957402501,0.00961845754167,0.00472160080824,2.06183441408e-05,0.00176286842404,0.000474221915238,0.00318553416975,0.00150513912228,0.00761847816002,0.000103091720704,0.000144328408985,0.0,0.00449479902269,0.000340202678323,0.000123710064845,0.00201028855373,0.000680405356646,0.00190719683302,0.0,9.27825486335e-05,2.06183441408e-05,2.06183441408e-05,3.09275162112e-05,2.06183441408e-05,8.24733765631e-05,0.000278347645901,0.000628859496294,0.00109277223946,0.00283502231936,0.000546386119731,0.0,1.03091720704e-05,0.00231956371584,0.0032370800301,0.0,0.0,0.0100720611128,0.00235049123205,0.00726796630963,0.000319584334182,4.12366882816e-05,0.000195874269337,0.00402057710745,0.000690714528716,0.00920609065886,0.0,8.24733765631e-05,0.009226709003,0.0,0.00152575746642,7.21642044927e-05,0.0,0.00939165575613,0.0,2.06183441408e-05,0.00103091720704,0.000855661281842,0.00197936103752,0.00744322223482,0.00461850908754,0.00691745445923,0.0,0.00444325316234,1.03091720704e-05,0.000247420129689,0.00107215389532,1.03091720704e-05,0.0,0.000134019236915,0.00185565097267,0.0,0.000103091720704,0.0,2.06183441408e-05,0.0,0.000134019236915,0.00177317759611,0.00154637581056,7.21642044927e-05,0.0101236069731,3.09275162112e-05,0.0,0.0,0.0,0.00163915835919,0.00544324285317,0.00958753002546,0.00108246306739,0.00152575746642,1.03091720704e-05,0.00281440397522,0.00520613189555,3.09275162112e-05,0.00494840259379,0.0,0.00329893506253,0.00461850908754,1.03091720704e-05,4.12366882816e-05,0.00554633457387,5.1545860352e-05,0.00391748538675,0.00769064236451,0.0090514530778,0.0021236894465,0.00817517345182,0.00367006525706,0.0050824218307,0.000443294399027,0.0,0.00395872207503,1.03091720704e-05,0.000144328408985,0.00936072823992,0.000443294399027,8.24733765631e-05,0.0,0.0,0.00275254894279,0.000412366882816,1.03091720704e-05,0.00996896939207,0.00771126070865,1.03091720704e-05,0.000144328408985,0.00856692199049,0.000226801785549,0.01025762621,0.0029587323842,0.00560818960629,0.00963907588582,0.000711332872857,2.06183441408e-05,0.00486592921722,0.000103091720704,0.00419583303265,9.27825486335e-05,0.00136081071329,0.000804115421491,0.00079380624942,0.000298965990041,6.18550324223e-05,0.0,0.00119586396017,4.12366882816e-05,1.03091720704e-05,0.000113400892774,0.0,7.21642044927e-05,0.000340202678323,6.18550324223e-05,0.00842259358151,0.00350511850393,0.00857723116257,0.0102370078659,7.21642044927e-05,1.03091720704e-05,0.000773187905279,7.21642044927e-05,0.0,1.03091720704e-05,0.00856692199049,2.06183441408e-05,0.00345357264358,0.0,0.00989680518758,4.12366882816e-05,0.00228863619963,0.0102266986938,0.000412366882816,0.00214430779064,0.00930918237956,0.00127833733673,0.0,0.0,0.0,0.00388655787054,0.00440201647406,0.000742260389068,0.00051545860352,1.03091720704e-05,1.03091720704e-05,0.0102679353821,0.000773187905279,0.0,0.00213399861857,6.18550324223e-05,0.0,0.00816486427975,0.00832981103288,0.0,0.000350511850393,2.06183441408e-05,0.00904114390573,0.000154637581056,0.00472160080824,0.000319584334182
Gen 97
string_,string_rot,integer_swap,exec_sho,integer_gte,boolean_shove,boolean_and,string_pop,exec_eq,string_yankd,string_parse_to_chars,integer_lt,string_stackdepth,exec_do*whi,char_r,char_p,boolean_sw,integer_sho,boolean_invert_second_then_a,print_integ,char_iswhitespace,string_removechar,exec_emp,string_first,string_conc,string_yank,string_concat,string_setchar,exec_yankd,string_length,string_replacefirstch,char_d,integer_eq,exec_do*tim,string_emptystri,string_reverse,exec_yankdup,string_repla,exec_,char_ya,integer_mu,string_replacech,boolean_yankd,char_isletter,integer_add,string_empty,char_isdigit,print_integer,exec_shove,integer_fromstri,string_conjchar,boolean_or,boolean_empty,exec_wh,string_fromchar,integer_yankd,exec_do*while,integer_rot,string_rest,boolean_flu,integer_stackdep,char_iswhitespa,char_allfromstring,boolean_,char_allfromstri,exec_stackdepth,exec_do*range,char_shove,char_stackdep,string_removech,exec_stackdep,boolean_sho,string_indexofch,string_stackdep,string_leng,print_ch,integer_mult,boolean_xor,boolean_yankdup,integer_min,string_emp,integer_fromch,exec_yank,char_stackdepth,char_sw,integer_fromboole,string_replace,integer_div,string_replacefirst,boolean_frominteger,string_butla,char_isdig,integer_flush,integer_,string_yankdup,char_flu,print_exec,integer_yank,boolean_frominteg,string_emptystring,char_yankd,boolean_ya,string_swap,print_ex,exec_d,integer_max,char_swap,string_contains,char_empty,exec_dup,exec_k,string_frominteg,exec_noop,exec_p,exec_r,exec_s,string_sho,integer_flu,exec_y,boolean_rot,boolean_a,integer_ya,exec_ya,boolean_invert_first_then_a,string_spl,string_occurrencesofch,integer_yankdup,string_replacechar,char_sho,string_fromboolean,print_stri,exec_string_itera,print_newli,string_ta,string_replacefirstchar,string_substring,boolean_stackdepth,string_shove,string_containschar,exec_do*ran,char_yankdup,char_yank,integer_sw,exec_do*times,string_fromch,integer_shove,exec_if,exec_whi,integer_g,char_frominteger,char_frominteg,boolean_dup,string_eq,boolean_not,char_eq,boolean_flush,boolean_pop,string_butlast,exec_swap,string_replacefir,boolean_swap,exec_sw,string_n,print_string,exec_flush,print_newline,integer_a,string_d,string_dup,string_frominteger,string_contai,integer_mod,exec_do*count,string_fir,string_r,integer_fromchar,string_p,integer_inc,boolean_invert_first_then_and,integer_fromstring,exec_rot,integer_m,boolean_d,char_rot,exec_do*cou,string_take,exec_string_iterate,string_split,integer_pop,boolean_n,string_re,boolean_p,boolean_r,exec_pop,string_sw,boolean_x,boolean_emp,string_la,char_emp,boolean_stackdep,string_parse_to_cha,print_char,integer_dup,boolean_invert_second_then_and,integer_sub,string_setch,exec_no,boolean_yank,char_islett,string_ya,string_flu,integer_stackdepth,integer_emp,integer_dec,print_boole,integer_gt,exec,string_indexofchar,in1,char_dup,char_flush,char_pop,integer_lte,string_conjch,exec_flu,string_containsch,boolean_eq,string_flush,print_boolean,integer_d,string_rever,char_,exec_empty,string_last,integer_l,exec_when,integer_i,string_substri,string_nth,string_occurrencesofchar,integer_r,integer_s,integer_p,exec_while,integer_fromboolean,integer_empty,string_fromboole
0.0,0.0101529576229,0.00241834266997,0.000418363077928,0.00952031101723,0.00720400812237,0.00118366139121,0.00980602238753,0.000622442628136,0.0,0.0101937735329,0.00359180008367,0.00315302905072,2.04079550209e-05,0.0,4.08159100417e-05,3.06119325313e-05,0.0,0.00046938296548,0.0,0.00165304435669,0.00545912796808,2.04079550209e-05,0.00108162161611,1.02039775104e-05,0.00232650687238,0.00165304435669,0.00908153998429,4.08159100417e-05,0.0101937735329,0.0,0.0,0.00523464046285,2.04079550209e-05,7.1427842573e-05,0.0101325496679,0.00643870980908,7.1427842573e-05,2.04079550209e-05,6.12238650626e-05,5.10198875522e-05,4.08159100417e-05,6.12238650626e-05,0.00370404383629,0.00196936765951,0.0047958694299,0.00988765420761,0.00023469148274,0.00939786328711,2.04079550209e-05,0.00157141253661,0.009775410455,0.00427546657687,0.0,0.00163263640167,0.00046938296548,0.00292854154549,0.00132651707636,0.00732645585249,7.1427842573e-05,0.000142855685146,2.04079550209e-05,0.00359180008367,0.000255099437761,0.000153059662657,0.00212242732217,0.000510198875522,0.00151018867154,1.02039775104e-05,5.10198875522e-05,4.08159100417e-05,2.04079550209e-05,0.0,3.06119325313e-05,0.000163263640167,0.000255099437761,0.000602034673116,0.00113264150366,0.00231630289487,0.000642850583157,0.0,1.02039775104e-05,0.00202038754707,0.00378567565637,0.0,0.0,0.0101325496679,0.00207140743462,0.00771420699789,0.000408159100417,6.12238650626e-05,0.000183671595188,0.00434689441944,0.000530606830543,0.00946929112968,0.0,4.08159100417e-05,0.0093876593096,0.0,0.00184691992939,1.02039775104e-05,0.0,0.00963255476985,0.0,5.10198875522e-05,0.00113264150366,0.000877542065897,0.00208161141213,0.00764277915531,0.00465301374476,0.00626524219141,1.02039775104e-05,0.00437750635198,3.06119325313e-05,9.18357975939e-05,0.0013673329864,0.0,4.08159100417e-05,6.12238650626e-05,0.00186732788441,0.0,5.10198875522e-05,0.0,2.04079550209e-05,2.04079550209e-05,0.000183671595188,0.00172447219926,0.00178569606433,3.06119325313e-05,0.0101121417128,5.10198875522e-05,0.0,0.0,1.02039775104e-05,0.001959163682,0.00529586432792,0.00957133090479,0.00103060172855,0.00186732788441,0.0,0.00249997449006,0.00536729217049,3.06119325313e-05,0.00535708819298,3.06119325313e-05,0.0035203722411,0.00470403363231,2.04079550209e-05,1.02039775104e-05,0.00560198365323,2.04079550209e-05,0.00416322282426,0.00765298313283,0.00906113202927,0.00210201936715,0.00847950531117,0.0036224120162,0.00440811828451,0.000571422740584,0.0,0.00394893929654,1.02039775104e-05,0.000122447730125,0.00952031101723,0.00045917898797,0.000112243752615,1.02039775104e-05,2.04079550209e-05,0.0024489546025,0.00046938296548,0.0,0.00999989796022,0.0079182865481,5.10198875522e-05,0.000122447730125,0.00883664452404,0.000163263640167,0.0101835695554,0.00274486995031,0.00591830695605,0.00971418658993,0.000683666493199,5.10198875522e-05,0.00515300864277,0.000153059662657,0.00408159100417,0.000132651707636,0.00130610912134,0.000806114223324,0.000795910245814,0.000316323302823,1.02039775104e-05,1.02039775104e-05,0.00120406934623,1.02039775104e-05,0.0,0.000163263640167,1.02039775104e-05,8.16318200835e-05,0.000173467617677,0.000102039775104,0.00816318200835,0.0033264966684,0.00864276895134,0.0101733655779,0.000112243752615,0.0,0.000693870470709,3.06119325313e-05,2.04079550209e-05,0.0,0.00877542065897,0.0,0.00372445179131,1.02039775104e-05,0.00985704227508,1.02039775104e-05,0.00245915858001,0.0101835695554,0.000642850583157,0.00212242732217,0.00937745533209,0.0015612085591,1.02039775104e-05,0.0,1.02039775104e-05,0.00399995918409,0.00410199895919,0.000581626718095,0.000489790920501,6.12238650626e-05,0.0,0.0101835695554,0.00071427842573,0.0,0.00158161651412,0.000102039775104,2.04079550209e-05,0.00814277405333,0.00876521668146,1.02039775104e-05,0.000571422740584,0.0,0.00924480362445,0.000265303415271,0.00486729727248,0.000265303415271
Gen 98
string_,string_rot,integer_swap,exec_sho,integer_gte,boolean_shove,boolean_and,string_pop,exec_eq,string_yankd,string_parse_to_chars,integer_lt,string_stackdepth,exec_do*whi,char_r,char_p,boolean_sw,integer_sho,boolean_invert_second_then_a,print_integ,char_iswhitespace,string_removechar,exec_emp,string_first,string_conc,string_yank,string_concat,string_setchar,exec_yankd,string_length,string_replacefirstch,char_d,integer_eq,exec_do*tim,string_emptystri,string_reverse,exec_yankdup,string_repla,exec_,char_ya,integer_mu,string_replacech,boolean_yankd,char_isletter,integer_add,string_empty,char_isdigit,print_integer,exec_shove,integer_fromstri,string_conjchar,boolean_or,boolean_empty,exec_wh,string_fromchar,integer_yankd,exec_do*while,integer_rot,string_rest,boolean_flu,integer_stackdep,char_iswhitespa,char_allfromstring,boolean_,char_allfromstri,exec_stackdepth,exec_do*range,char_shove,char_stackdep,string_removech,exec_stackdep,boolean_sho,string_indexofch,string_stackdep,string_leng,print_ch,integer_mult,boolean_xor,boolean_yankdup,integer_min,string_emp,integer_fromch,exec_yank,char_stackdepth,char_sw,integer_fromboole,string_replace,integer_div,string_replacefirst,boolean_frominteger,string_butla,char_isdig,integer_flush,integer_,string_yankdup,char_flu,print_exec,integer_yank,boolean_frominteg,string_emptystring,char_yankd,boolean_ya,string_swap,print_ex,exec_d,integer_max,char_swap,string_contains,char_empty,exec_dup,exec_k,string_frominteg,exec_noop,exec_p,exec_r,exec_s,string_sho,integer_flu,exec_y,boolean_rot,boolean_a,integer_ya,exec_ya,boolean_invert_first_then_a,string_spl,string_occurrencesofch,integer_yankdup,string_replacechar,char_sho,string_fromboolean,print_stri,exec_string_itera,print_newli,string_ta,string_replacefirstchar,string_substring,boolean_stackdepth,string_shove,string_containschar,exec_do*ran,char_yankdup,char_yank,integer_sw,exec_do*times,string_fromch,integer_shove,exec_if,exec_whi,integer_g,char_frominteger,char_frominteg,boolean_dup,string_eq,boolean_not,char_eq,boolean_flush,boolean_pop,string_butlast,exec_swap,string_replacefir,boolean_swap,exec_sw,string_n,print_string,exec_flush,print_newline,integer_a,string_d,string_dup,string_frominteger,string_contai,integer_mod,exec_do*count,string_fir,string_r,integer_fromchar,string_p,integer_inc,boolean_invert_first_then_and,integer_fromstring,exec_rot,integer_m,boolean_d,char_rot,exec_do*cou,string_take,exec_string_iterate,string_split,integer_pop,boolean_n,string_re,boolean_p,boolean_r,exec_pop,string_sw,boolean_x,boolean_emp,string_la,char_emp,boolean_stackdep,string_parse_to_cha,print_char,integer_dup,boolean_invert_second_then_and,integer_sub,string_setch,exec_no,boolean_yank,char_islett,string_ya,string_flu,integer_stackdepth,integer_emp,integer_dec,print_boole,integer_gt,exec,string_indexofchar,in1,char_dup,char_flush,char_pop,integer_lte,string_conjch,exec_flu,string_containsch,boolean_eq,string_flush,print_boolean,integer_d,string_rever,char_,exec_empty,string_last,integer_l,exec_when,integer_i,string_substri,string_nth,string_occurrencesofchar,integer_r,integer_s,integer_p,exec_while,integer_fromboolean,integer_empty,string_fromboole
0.0,0.0100706053474,0.00236361248876,0.000444439955152,0.00945444995505,0.00689892021293,0.00111109988788,0.00972717447299,0.000585852668155,1.01009080716e-05,0.0100908071636,0.00411106958516,0.00314138241028,1.01009080716e-05,1.01009080716e-05,3.03027242149e-05,2.02018161433e-05,0.0,0.000525247219725,0.0,0.00184846617711,0.00547469217483,2.02018161433e-05,0.0013535216816,3.03027242149e-05,0.00194947525783,0.00170705346411,0.00906051454026,1.01009080716e-05,0.0100908071636,0.0,0.0,0.00528277492147,0.0,0.000111109988788,0.00999989899092,0.00646458116585,9.09081726447e-05,4.04036322865e-05,1.01009080716e-05,1.01009080716e-05,1.01009080716e-05,4.04036322865e-05,0.00421207866587,0.00194947525783,0.00471712406945,0.00991909172635,0.000191917253361,0.00916152362097,1.01009080716e-05,0.00206058524661,0.00970697265684,0.0042019777578,0.0,0.00171715437218,0.000595953576227,0.00314138241028,0.00123231078474,0.00709083746629,0.000101009080716,0.000111109988788,0.0,0.00355551964122,0.000181816345289,0.000171715437218,0.00194947525783,0.000787870829588,0.00154543893496,1.01009080716e-05,3.03027242149e-05,0.0,2.02018161433e-05,2.02018161433e-05,2.02018161433e-05,0.000141412713003,0.000141412713003,0.000454540863224,0.00113130170402,0.00219189705154,0.000919182634519,0.0,5.05045403582e-05,0.00209088797083,0.00386864779144,0.0,0.0,0.0100706053474,0.00189897071747,0.00783830466359,0.000535348127797,0.000101009080716,0.000141412713003,0.00465651862102,0.00055554994394,0.00940394541469,0.0,6.06054484298e-05,0.00924233088555,1.01009080716e-05,0.00209088797083,6.06054484298e-05,0.0,0.00959586266805,0.0,2.02018161433e-05,0.000939384450662,0.000888879910304,0.00214139251119,0.00784840557166,0.00477772951788,0.00620195755598,3.03027242149e-05,0.00429288593045,3.03027242149e-05,0.000202018161433,0.00126261350895,0.0,3.03027242149e-05,5.05045403582e-05,0.00198987889011,0.0,9.09081726447e-05,0.0,1.01009080716e-05,0.0,7.07063565014e-05,0.00179796163675,0.00162624619953,2.02018161433e-05,0.0100403026232,4.04036322865e-05,0.0,0.0,0.0,0.00205048433854,0.00519186674882,0.00928273451783,0.00108079716367,0.00162624619953,0.0,0.00281815335199,0.00520196765689,4.04036322865e-05,0.00528277492147,5.05045403582e-05,0.00290906152463,0.00478783042596,1.01009080716e-05,4.04036322865e-05,0.00561610488783,1.01009080716e-05,0.00408076686094,0.00736356198422,0.00873728548196,0.00230300704033,0.00843425823982,0.00372723507843,0.00435349137887,0.000424238139009,0.0,0.00432318865466,1.01009080716e-05,0.000141412713003,0.00939384450662,0.000444439955152,7.07063565014e-05,1.01009080716e-05,1.01009080716e-05,0.00235351158069,0.000444439955152,0.0,0.0098988899102,0.00821203826224,4.04036322865e-05,8.08072645731e-05,0.00872718457389,0.000171715437218,0.0101009080716,0.00306057514571,0.00573731578469,0.00966656902456,0.000727265381158,0.0,0.00535348127797,0.000111109988788,0.00379794143494,6.06054484298e-05,0.00124241169281,0.000686861748871,0.000808072645731,0.000212119069504,4.04036322865e-05,1.01009080716e-05,0.00140402622196,1.01009080716e-05,1.01009080716e-05,9.09081726447e-05,0.0,0.000151513621075,0.000343430874436,7.07063565014e-05,0.00799991919274,0.00330299693942,0.00872718457389,0.0100908071636,0.00012121089686,0.0,0.000585852668155,7.07063565014e-05,0.0,1.01009080716e-05,0.00866657912546,0.0,0.00328279512328,1.01009080716e-05,0.00977767901334,1.01009080716e-05,0.00251512610984,0.0101009080716,0.000585852668155,0.00207068615469,0.00952515631155,0.00145453076232,1.01009080716e-05,0.0,0.0,0.00432318865466,0.00355551964122,0.000474742679367,0.000454540863224,7.07063565014e-05,2.02018161433e-05,0.0100807062555,0.000626256300441,0.0,0.0014949343946,2.02018161433e-05,0.0,0.00845446005596,0.00882819365461,0.0,0.000545449035868,1.01009080716e-05,0.00902011090797,0.000313128150221,0.00442419773538,0.000343430874436
Gen 99
string_,string_rot,integer_swap,exec_sho,integer_gte,boolean_shove,boolean_and,string_pop,exec_eq,string_yankd,string_parse_to_chars,integer_lt,string_stackdepth,exec_do*whi,char_r,char_p,boolean_sw,integer_sho,boolean_invert_second_then_a,print_integ,char_iswhitespace,string_removechar,exec_emp,string_first,string_conc,string_yank,string_concat,string_setchar,exec_yankd,string_length,string_replacefirstch,char_d,integer_eq,exec_do*tim,string_emptystri,string_reverse,exec_yankdup,string_repla,exec_,char_ya,integer_mu,string_replacech,boolean_yankd,char_isletter,integer_add,string_empty,char_isdigit,print_integer,exec_shove,integer_fromstri,string_conjchar,boolean_or,boolean_empty,exec_wh,string_fromchar,integer_yankd,exec_do*while,integer_rot,string_rest,boolean_flu,integer_stackdep,char_iswhitespa,char_allfromstring,boolean_,char_allfromstri,exec_stackdepth,exec_do*range,char_shove,char_stackdep,string_removech,exec_stackdep,boolean_sho,string_indexofch,string_stackdep,string_leng,print_ch,integer_mult,boolean_xor,boolean_yankdup,integer_min,string_emp,integer_fromch,exec_yank,char_stackdepth,char_sw,integer_fromboole,string_replace,integer_div,string_replacefirst,boolean_frominteger,string_butla,char_isdig,integer_flush,integer_,string_yankdup,char_flu,print_exec,integer_yank,boolean_frominteg,string_emptystring,char_yankd,boolean_ya,string_swap,print_ex,exec_d,integer_max,char_swap,string_contains,char_empty,exec_dup,exec_k,string_frominteg,exec_noop,exec_p,exec_r,exec_s,string_sho,integer_flu,exec_y,boolean_rot,boolean_a,integer_ya,exec_ya,boolean_invert_first_then_a,string_spl,string_occurrencesofch,integer_yankdup,string_replacechar,char_sho,string_fromboolean,print_stri,exec_string_itera,print_newli,string_ta,string_replacefirstchar,string_substring,boolean_stackdepth,string_shove,string_containschar,exec_do*ran,char_yankdup,char_yank,integer_sw,exec_do*times,string_fromch,integer_shove,exec_if,exec_whi,integer_g,char_frominteger,char_frominteg,boolean_dup,string_eq,boolean_not,char_eq,boolean_flush,boolean_pop,string_butlast,exec_swap,string_replacefir,boolean_swap,exec_sw,string_n,print_string,exec_flush,print_newline,integer_a,string_d,string_dup,string_frominteger,string_contai,integer_mod,exec_do*count,string_fir,string_r,integer_fromchar,string_p,integer_inc,boolean_invert_first_then_and,integer_fromstring,exec_rot,integer_m,boolean_d,char_rot,exec_do*cou,string_take,exec_string_iterate,string_split,integer_pop,boolean_n,string_re,boolean_p,boolean_r,exec_pop,string_sw,boolean_x,boolean_emp,string_la,char_emp,boolean_stackdep,string_parse_to_cha,print_char,integer_dup,boolean_invert_second_then_and,integer_sub,string_setch,exec_no,boolean_yank,char_islett,string_ya,string_flu,integer_stackdepth,integer_emp,integer_dec,print_boole,integer_gt,exec,string_indexofchar,in1,char_dup,char_flush,char_pop,integer_lte,string_conjch,exec_flu,string_containsch,boolean_eq,string_flush,print_boolean,integer_d,string_rever,char_,exec_empty,string_last,integer_l,exec_when,integer_i,string_substri,string_nth,string_occurrencesofchar,integer_r,integer_s,integer_p,exec_while,integer_fromboolean,integer_empty,string_fromboole
0.0,0.009989900101,0.00231997680023,0.000359996400036,0.00955990440096,0.00720992790072,0.00152998470015,0.00954990450095,0.000559994400056,9.999900001e-06,0.009989900101,0.00422995770042,0.00350996490035,9.999900001e-06,2.9999700003e-05,2.9999700003e-05,3.9999600004e-05,0.0,0.000389996100039,0.0,0.00189998100019,0.00546994530055,4.9999500005e-05,0.00144998550014,2.9999700003e-05,0.00271997280027,0.00194998050019,0.0090499095009,2.9999700003e-05,0.009999900001,0.0,9.999900001e-06,0.00512994870051,1.9999800002e-05,5.9999400006e-05,0.00991990080099,0.00634993650063,0.00019999800002,1.9999800002e-05,2.9999700003e-05,0.0,0.0,1.9999800002e-05,0.00432995670043,0.0019799802002,0.00474995250047,0.00978990210098,0.000239997600024,0.00921990780092,1.9999800002e-05,0.0019599804002,0.00970990290097,0.00410995890041,1.9999800002e-05,0.00155998440016,0.000749992500075,0.00347996520035,0.0010399896001,0.00714992850071,7.9999200008e-05,8.9999100009e-05,0.0,0.00362996370036,0.000139998600014,5.9999400006e-05,0.00236997630024,0.00069999300007,0.00129998700013,9.999900001e-06,6.9999300007e-05,9.999900001e-06,0.0,1.9999800002e-05,3.9999600004e-05,0.000179998200018,0.000109998900011,0.00039999600004,0.00089999100009,0.00190998090019,0.000769992300077,0.0,3.9999600004e-05,0.0019999800002,0.00347996520035,0.0,0.0,0.00992990070099,0.00181998180018,0.00819991800082,0.00107998920011,5.9999400006e-05,0.000319996800032,0.00471995280047,0.000509994900051,0.00943990560094,9.999900001e-06,7.9999200008e-05,0.00948990510095,0.0,0.00218997810022,2.9999700003e-05,9.999900001e-06,0.00951990480095,0.0,2.9999700003e-05,0.00119998800012,0.00105998940011,0.00241997580024,0.00759992400076,0.0050199498005,0.00621993780062,2.9999700003e-05,0.00378996210038,9.999900001e-06,0.000189998100019,0.000969990300097,0.0,9.999900001e-06,1.9999800002e-05,0.00210997890021,0.0,6.9999300007e-05,0.0,2.9999700003e-05,9.999900001e-06,9.999900001e-05,0.00193998060019,0.0020499795002,1.9999800002e-05,0.009959900401,2.9999700003e-05,0.0,0.0,0.0,0.00243997560024,0.00472995270047,0.00934990650093,0.00111998880011,0.0020399796002,9.999900001e-06,0.00271997280027,0.00570994290057,9.999900001e-06,0.00553994460055,2.9999700003e-05,0.00242997570024,0.00471995280047,7.9999200008e-05,1.9999800002e-05,0.00590994090059,0.0,0.00446995530045,0.00719992800072,0.00891991080089,0.00211997880021,0.00823991760082,0.00417995820042,0.00453995460045,0.000679993200068,0.0,0.00506994930051,0.0,0.000109998900011,0.00925990740093,0.000329996700033,9.999900001e-05,9.999900001e-06,9.999900001e-06,0.00235997640024,0.000389996100039,0.0,0.00978990210098,0.00808991910081,9.999900001e-06,9.999900001e-05,0.00867991320087,0.000209997900021,0.009979900201,0.0030299697003,0.00576994230058,0.00952990470095,0.000569994300057,1.9999800002e-05,0.00527994720053,0.000129998700013,0.00321996780032,4.9999500005e-05,0.00153998460015,0.000879991200088,0.000639993600064,0.000179998200018,4.9999500005e-05,0.0,0.00165998340017,1.9999800002e-05,0.0,9.999900001e-05,9.999900001e-06,8.9999100009e-05,0.000339996600034,3.9999600004e-05,0.00790992090079,0.00380996190038,0.00859991400086,0.009999900001,0.000119998800012,3.9999600004e-05,0.000639993600064,6.9999300007e-05,0.0,1.9999800002e-05,0.00885991140089,9.999900001e-06,0.00343996560034,0.0,0.00954990450095,9.999900001e-06,0.00289997100029,0.009999900001,0.00114998850011,0.00279997200028,0.00951990480095,0.00160998390016,2.9999700003e-05,0.0,0.0,0.00459995400046,0.0040399596004,0.000609993900061,0.000509994900051,7.9999200008e-05,1.9999800002e-05,0.009959900401,0.000459995400046,9.999900001e-06,0.00119998800012,1.9999800002e-05,9.999900001e-06,0.00823991760082,0.00885991140089,0.0,0.000659993400066,0.0,0.0089799102009,0.000179998200018,0.00412995870041,0.000239997600024
Gen 100
string_,string_rot,integer_swap,exec_sho,integer_gte,boolean_shove,boolean_and,string_pop,exec_eq,string_yankd,string_parse_to_chars,integer_lt,string_stackdepth,exec_do*whi,char_r,char_p,boolean_sw,integer_sho,boolean_invert_second_then_a,print_integ,char_iswhitespace,string_removechar,exec_emp,string_first,string_conc,string_yank,string_concat,string_setchar,exec_yankd,string_length,string_replacefirstch,char_d,integer_eq,exec_do*tim,string_emptystri,string_reverse,exec_yankdup,string_repla,exec_,char_ya,integer_mu,string_replacech,boolean_yankd,char_isletter,integer_add,string_empty,char_isdigit,print_integer,exec_shove,integer_fromstri,string_conjchar,boolean_or,boolean_empty,exec_wh,string_fromchar,integer_yankd,exec_do*while,integer_rot,string_rest,boolean_flu,integer_stackdep,char_iswhitespa,char_allfromstring,boolean_,char_allfromstri,exec_stackdepth,exec_do*range,char_shove,char_stackdep,string_removech,exec_stackdep,boolean_sho,string_indexofch,string_stackdep,string_leng,print_ch,integer_mult,boolean_xor,boolean_yankdup,integer_min,string_emp,integer_fromch,exec_yank,char_stackdepth,char_sw,integer_fromboole,string_replace,integer_div,string_replacefirst,boolean_frominteger,string_butla,char_isdig,integer_flush,integer_,string_yankdup,char_flu,print_exec,integer_yank,boolean_frominteg,string_emptystring,char_yankd,boolean_ya,string_swap,print_ex,exec_d,integer_max,char_swap,string_contains,char_empty,exec_dup,exec_k,string_frominteg,exec_noop,exec_p,exec_r,exec_s,string_sho,integer_flu,exec_y,boolean_rot,boolean_a,integer_ya,exec_ya,boolean_invert_first_then_a,string_spl,string_occurrencesofch,integer_yankdup,string_replacechar,char_sho,string_fromboolean,print_stri,exec_string_itera,print_newli,string_ta,string_replacefirstchar,string_substring,boolean_stackdepth,string_shove,string_containschar,exec_do*ran,char_yankdup,char_yank,integer_sw,exec_do*times,string_fromch,integer_shove,exec_if,exec_whi,integer_g,char_frominteger,char_frominteg,boolean_dup,string_eq,boolean_not,char_eq,boolean_flush,boolean_pop,string_butlast,exec_swap,string_replacefir,boolean_swap,exec_sw,string_n,print_string,exec_flush,print_newline,integer_a,string_d,string_dup,string_frominteger,string_contai,integer_mod,exec_do*count,string_fir,string_r,integer_fromchar,string_p,integer_inc,boolean_invert_first_then_and,integer_fromstring,exec_rot,integer_m,boolean_d,char_rot,exec_do*cou,string_take,exec_string_iterate,string_split,integer_pop,boolean_n,string_re,boolean_p,boolean_r,exec_pop,string_sw,boolean_x,boolean_emp,string_la,char_emp,boolean_stackdep,string_parse_to_cha,print_char,integer_dup,boolean_invert_second_then_and,integer_sub,string_setch,exec_no,boolean_yank,char_islett,string_ya,string_flu,integer_stackdepth,integer_emp,integer_dec,print_boole,integer_gt,exec,string_indexofchar,in1,char_dup,char_flush,char_pop,integer_lte,string_conjch,exec_flu,string_containsch,boolean_eq,string_flush,print_boolean,integer_d,string_rever,char_,exec_empty,string_last,integer_l,exec_when,integer_i,string_substri,string_nth,string_occurrencesofchar,integer_r,integer_s,integer_p,exec_while,integer_fromboolean,integer_empty,string_fromboole
0.0,0.00988109028623,0.00204948465857,0.000376233898674,0.0093563430065,0.00692072355719,0.00124751240087,0.00949495549549,0.000851476718052,2.97026762111e-05,0.00990089207038,0.00424748269819,0.00398015861229,9.90089207038e-06,4.95044603519e-05,9.90089207038e-06,5.94053524223e-05,0.0,0.000475242819378,0.0,0.001970277522,0.00519796833695,1.98017841408e-05,0.00157424183919,0.0,0.00271284442728,0.00173265611232,0.00904941535232,9.90089207038e-06,0.00990089207038,0.0,9.90089207038e-06,0.00501975227968,2.97026762111e-05,5.94053524223e-05,0.00984148671795,0.00611875129949,0.000188116949337,6.93062444926e-05,2.97026762111e-05,0.0,0.0,1.98017841408e-05,0.00460391481272,0.00196037662993,0.00487123889862,0.00970287422897,0.000118810704845,0.00902961356818,1.98017841408e-05,0.00182176414095,0.00960386530826,0.00386134790745,0.0,0.00146533202642,0.00051484638766,0.00330689795151,0.00121780972466,0.00709893961446,7.9207136563e-05,0.000148513381056,0.0,0.00373263631053,0.000108909812774,3.96035682815e-05,0.00192077306165,0.000405936574885,0.00127721507708,0.0,1.98017841408e-05,2.97026762111e-05,1.98017841408e-05,9.90089207038e-06,4.95044603519e-05,0.000138612488985,8.91080286334e-05,0.000435639251097,0.000841575825982,0.00232670963654,0.000584152632152,0.0,4.95044603519e-05,0.0018712686013,0.00345541133256,0.0,0.0,0.00983158582588,0.00196037662993,0.00740586726864,0.00102969277532,8.91080286334e-05,0.000138612488985,0.00429698715854,0.000544549063871,0.00892070375541,0.0,9.90089207038e-05,0.00911872159682,0.0,0.0020395837665,4.95044603519e-05,0.0,0.009425649251,0.0,9.90089207038e-06,0.000999990099108,0.000980188314967,0.00216829536341,0.00741576816071,0.00447520321581,0.00618805754398,9.90089207038e-06,0.00368313185018,2.97026762111e-05,0.000237621409689,0.00131681864536,0.0,9.90089207038e-06,0.000108909812774,0.00205938555064,9.90089207038e-06,0.000168315165196,0.0,1.98017841408e-05,0.0,8.91080286334e-05,0.00171285432817,0.00178216057267,4.95044603519e-05,0.00982168493381,3.96035682815e-05,0.0,0.0,0.0,0.00282175424006,0.00479203176206,0.00914842427303,0.00102969277532,0.0021385926872,0.0,0.00271284442728,0.00530687814972,9.90089207038e-06,0.00526727458144,2.97026762111e-05,0.00293066405283,0.00441579786339,2.97026762111e-05,9.90089207038e-06,0.00532667993386,1.98017841408e-05,0.00440589697132,0.00720784942723,0.00894050553955,0.00210889001099,0.00833655112326,0.00394055504401,0.00447520321581,0.00078217047356,0.0,0.00462371659687,9.90089207038e-06,3.96035682815e-05,0.0092573340858,0.000435639251097,2.97026762111e-05,0.0,9.90089207038e-06,0.00207918733478,0.000306927654182,0.0,0.00970287422897,0.00781180384353,1.98017841408e-05,6.93062444926e-05,0.00858407342502,0.0002673240859,0.00987118939416,0.00293066405283,0.00575241829289,0.00922763140959,0.000603954416293,1.98017841408e-05,0.00519796833695,9.90089207038e-05,0.00302967297353,5.94053524223e-05,0.00152473737884,0.0010692963436,0.000485143711448,0.000415837466956,3.96035682815e-05,9.90089207038e-06,0.00148513381056,0.0,9.90089207038e-06,0.0002673240859,0.0,9.90089207038e-05,0.000287125870041,2.97026762111e-05,0.0074850744052,0.00335640241186,0.00893060464748,0.00990089207038,0.000198017841408,9.90089207038e-06,0.000386134790745,2.97026762111e-05,9.90089207038e-06,9.90089207038e-06,0.0089900099999,1.98017841408e-05,0.00281185334799,0.0,0.009425649251,2.97026762111e-05,0.00258413283037,0.00990089207038,0.000960386530826,0.00266333996693,0.0092573340858,0.0012376115088,0.0,0.0,0.0,0.00405936574885,0.0039108523678,0.000445540143167,0.000445540143167,4.95044603519e-05,1.98017841408e-05,0.00989099117831,0.000396035682815,9.90089207038e-06,0.00140592667399,3.96035682815e-05,0.0,0.00826724487876,0.00874248769814,0.0,0.000683161552856,0.0,0.00897020821576,0.000168315165196,0.00421778002198,0.000425738359026
Gen 101
string_,string_rot,integer_swap,exec_sho,integer_gte,boolean_shove,boolean_and,string_pop,exec_eq,string_yankd,string_parse_to_chars,integer_lt,string_stackdepth,exec_do*whi,char_r,char_p,boolean_sw,integer_sho,boolean_invert_second_then_a,print_integ,char_iswhitespace,string_removechar,exec_emp,string_first,string_conc,string_yank,string_concat,string_setchar,exec_yankd,string_length,string_replacefirstch,char_d,integer_eq,exec_do*tim,string_emptystri,string_reverse,exec_yankdup,string_repla,exec_,char_ya,integer_mu,string_replacech,boolean_yankd,char_isletter,integer_add,string_empty,char_isdigit,print_integer,exec_shove,integer_fromstri,string_conjchar,boolean_or,boolean_empty,exec_wh,string_fromchar,integer_yankd,exec_do*while,integer_rot,string_rest,boolean_flu,integer_stackdep,char_iswhitespa,char_allfromstring,boolean_,char_allfromstri,exec_stackdepth,exec_do*range,char_shove,char_stackdep,string_removech,exec_stackdep,boolean_sho,string_indexofch,string_stackdep,string_leng,print_ch,integer_mult,boolean_xor,boolean_yankdup,integer_min,string_emp,integer_fromch,exec_yank,char_stackdepth,char_sw,integer_fromboole,string_replace,integer_div,string_replacefirst,boolean_frominteger,string_butla,char_isdig,integer_flush,integer_,string_yankdup,char_flu,print_exec,integer_yank,boolean_frominteg,string_emptystring,char_yankd,boolean_ya,string_swap,print_ex,exec_d,integer_max,char_swap,string_contains,char_empty,exec_dup,exec_k,string_frominteg,exec_noop,exec_p,exec_r,exec_s,string_sho,integer_flu,exec_y,boolean_rot,boolean_a,integer_ya,exec_ya,boolean_invert_first_then_a,string_spl,string_occurrencesofch,integer_yankdup,string_replacechar,char_sho,string_fromboolean,print_stri,exec_string_itera,print_newli,string_ta,string_replacefirstchar,string_substring,boolean_stackdepth,string_shove,string_containschar,exec_do*ran,char_yankdup,char_yank,integer_sw,exec_do*times,string_fromch,integer_shove,exec_if,exec_whi,integer_g,char_frominteger,char_frominteg,boolean_dup,string_eq,boolean_not,char_eq,boolean_flush,boolean_pop,string_butlast,exec_swap,string_replacefir,boolean_swap,exec_sw,string_n,print_string,exec_flush,print_newline,integer_a,string_d,string_dup,string_frominteger,string_contai,integer_mod,exec_do*count,string_fir,string_r,integer_fromchar,string_p,integer_inc,boolean_invert_first_then_and,integer_fromstring,exec_rot,integer_m,boolean_d,char_rot,exec_do*cou,string_take,exec_string_iterate,string_split,integer_pop,boolean_n,string_re,boolean_p,boolean_r,exec_pop,string_sw,boolean_x,boolean_emp,string_la,char_emp,boolean_stackdep,string_parse_to_cha,print_char,integer_dup,boolean_invert_second_then_and,integer_sub,string_setch,exec_no,boolean_yank,char_islett,string_ya,string_flu,integer_stackdepth,integer_emp,integer_dec,print_boole,integer_gt,exec,string_indexofchar,in1,char_dup,char_flush,char_pop,integer_lte,string_conjch,exec_flu,string_containsch,boolean_eq,string_flush,print_boolean,integer_d,string_rever,char_,exec_empty,string_last,integer_l,exec_when,integer_i,string_substri,string_nth,string_occurrencesofchar,integer_r,integer_s,integer_p,exec_while,integer_fromboolean,integer_empty,string_fromboole
0.0,0.00979402162724,0.00192154978873,0.000274507112675,0.00937245713277,0.00671562043509,0.0012843011343,0.00937245713277,0.000803913687121,1.96076509054e-05,0.00980382545269,0.00438230997735,0.00419603729375,0.0,2.94114763581e-05,0.0,0.0,9.80382545269e-06,0.000333330065392,0.0,0.00229409515593,0.00498034332997,9.80382545269e-05,0.00171566945422,2.94114763581e-05,0.00262742522132,0.0019901765669,0.00880383525652,2.94114763581e-05,0.00980382545269,0.0,0.0,0.00524504661719,0.0,5.88229527161e-05,0.00971559102362,0.00626464446427,0.00010784207998,4.90191272635e-05,1.96076509054e-05,1.96076509054e-05,0.0,1.96076509054e-05,0.00452936735914,0.00174508093058,0.00501955863178,0.00951951451456,0.000137253556338,0.00878422760561,0.0,0.00212743012323,0.00949010303821,0.0042058411192,0.0,0.00159802354879,0.000607837178067,0.00302938206488,0.00120587053068,0.00738228056588,7.84306036215e-05,6.86267781688e-05,9.80382545269e-06,0.0041862334683,0.00014705738179,5.88229527161e-05,0.00178429623239,0.00040195684356,0.0014705738179,9.80382545269e-06,1.96076509054e-05,0.0,9.80382545269e-06,2.94114763581e-05,3.92153018108e-05,0.00010784207998,5.88229527161e-05,0.000490191272635,0.000705875432594,0.0021960569014,0.000666660130783,0.0,3.92153018108e-05,0.00203919569416,0.00384309957746,0.0,0.0,0.00977441397633,0.00173527710513,0.00740188821678,0.0010784207998,1.96076509054e-05,0.000127449730885,0.00444113293007,0.000519602748993,0.00882344290742,0.0,0.00010784207998,0.00910775384555,9.80382545269e-06,0.00226468367957,5.88229527161e-05,0.0,0.00922539975098,0.0,0.0,0.00106861697434,0.00111763610161,0.0021764492505,0.00744110351859,0.00490191272635,0.00601954882795,9.80382545269e-06,0.00385290340291,3.92153018108e-05,0.000303918589033,0.00143135851609,9.80382545269e-06,2.94114763581e-05,6.86267781688e-05,0.00174508093058,9.80382545269e-06,0.000137253556338,0.0,2.94114763581e-05,0.0,4.90191272635e-05,0.00181370770875,0.00166665032696,5.88229527161e-05,0.00972539484907,3.92153018108e-05,0.0,0.0,9.80382545269e-06,0.00276467877766,0.00484308977363,0.00882344290742,0.00112743992706,0.00210782247233,0.0,0.00301957823943,0.00544112312624,1.96076509054e-05,0.00480387447182,0.0,0.00286271703219,0.0049117165518,1.96076509054e-05,2.94114763581e-05,0.00521563514083,1.96076509054e-05,0.00449015205733,0.00716659640592,0.00881363908197,0.0023627219341,0.00841168223841,0.00421564494466,0.00460779796277,0.000862736639837,0.0,0.00447054440643,0.0,4.90191272635e-05,0.00908814619465,0.000382349192655,5.88229527161e-05,9.80382545269e-06,0.0,0.0018235115342,0.000284310938128,0.0,0.00969598337271,0.00792149096577,0.0,5.88229527161e-05,0.00859795492201,0.000294114763581,0.00980382545269,0.00302938206488,0.00560778815894,0.00933324183096,0.000568621876256,9.80382545269e-06,0.00504897010814,0.00010784207998,0.00286271703219,0.000205880334507,0.00143135851609,0.0009117557671,0.000549014225351,0.000303918589033,9.80382545269e-06,0.0,0.00150978911971,1.96076509054e-05,0.0,0.000303918589033,0.0,0.000205880334507,0.000382349192655,5.88229527161e-05,0.00784306036215,0.00343133890844,0.00881363908197,0.00980382545269,0.000117645905432,1.96076509054e-05,0.000323526239939,1.96076509054e-05,9.80382545269e-06,0.0,0.00902932324193,1.96076509054e-05,0.00277448260311,0.0,0.00934304565642,0.0,0.00265683669768,0.00980382545269,0.000892148116195,0.00283330555583,0.00920579210008,0.0012843011343,0.0,0.0,0.0,0.00458819031186,0.00376466897383,0.000490191272635,0.000549014225351,0.00010784207998,0.0,0.00979402162724,0.000323526239939,0.0,0.00164704267605,5.88229527161e-05,9.80382545269e-06,0.00812737130028,0.0087254046529,0.0,0.000715679258046,0.0,0.00894108881285,0.000186272683601,0.00411760669013,0.000421564494466
Gen 102
string_,string_rot,integer_swap,exec_sho,integer_gte,boolean_shove,boolean_and,string_pop,exec_eq,string_yankd,string_parse_to_chars,integer_lt,string_stackdepth,exec_do*whi,char_r,char_p,boolean_sw,integer_sho,boolean_invert_second_then_a,print_integ,char_iswhitespace,string_removechar,exec_emp,string_first,string_conc,string_yank,string_concat,string_setchar,exec_yankd,string_length,string_replacefirstch,char_d,integer_eq,exec_do*tim,string_emptystri,string_reverse,exec_yankdup,string_repla,exec_,char_ya,integer_mu,string_replacech,boolean_yankd,char_isletter,integer_add,string_empty,char_isdigit,print_integer,exec_shove,integer_fromstri,string_conjchar,boolean_or,boolean_empty,exec_wh,string_fromchar,integer_yankd,exec_do*while,integer_rot,string_rest,boolean_flu,integer_stackdep,char_iswhitespa,char_allfromstring,boolean_,char_allfromstri,exec_stackdepth,exec_do*range,char_shove,char_stackdep,string_removech,exec_stackdep,boolean_sho,string_indexofch,string_stackdep,string_leng,print_ch,integer_mult,boolean_xor,boolean_yankdup,integer_min,string_emp,integer_fromch,exec_yank,char_stackdepth,char_sw,integer_fromboole,string_replace,integer_div,string_replacefirst,boolean_frominteger,string_butla,char_isdig,integer_flush,integer_,string_yankdup,char_flu,print_exec,integer_yank,boolean_frominteg,string_emptystring,char_yankd,boolean_ya,string_swap,print_ex,exec_d,integer_max,char_swap,string_contains,char_empty,exec_dup,exec_k,string_frominteg,exec_noop,exec_p,exec_r,exec_s,string_sho,integer_flu,exec_y,boolean_rot,boolean_a,integer_ya,exec_ya,boolean_invert_first_then_a,string_spl,string_occurrencesofch,integer_yankdup,string_replacechar,char_sho,string_fromboolean,print_stri,exec_string_itera,print_newli,string_ta,string_replacefirstchar,string_substring,boolean_stackdepth,string_shove,string_containschar,exec_do*ran,char_yankdup,char_yank,integer_sw,exec_do*times,string_fromch,integer_shove,exec_if,exec_whi,integer_g,char_frominteger,char_frominteg,boolean_dup,string_eq,boolean_not,char_eq,boolean_flush,boolean_pop,string_butlast,exec_swap,string_replacefir,boolean_swap,exec_sw,string_n,print_string,exec_flush,print_newline,integer_a,string_d,string_dup,string_frominteger,string_contai,integer_mod,exec_do*count,string_fir,string_r,integer_fromchar,string_p,integer_inc,boolean_invert_first_then_and,integer_fromstring,exec_rot,integer_m,boolean_d,char_rot,exec_do*cou,string_take,exec_string_iterate,string_split,integer_pop,boolean_n,string_re,boolean_p,boolean_r,exec_pop,string_sw,boolean_x,boolean_emp,string_la,char_emp,boolean_stackdep,string_parse_to_cha,print_char,integer_dup,boolean_invert_second_then_and,integer_sub,string_setch,exec_no,boolean_yank,char_islett,string_ya,string_flu,integer_stackdepth,integer_emp,integer_dec,print_boole,integer_gt,exec,string_indexofchar,in1,char_dup,char_flush,char_pop,integer_lte,string_conjch,exec_flu,string_containsch,boolean_eq,string_flush,print_boolean,integer_d,string_rever,char_,exec_empty,string_last,integer_l,exec_when,integer_i,string_substri,string_nth,string_occurrencesofchar,integer_r,integer_s,integer_p,exec_while,integer_fromboolean,integer_empty,string_fromboole
9.7086436054e-06,0.0096989349618,0.00160192619489,0.000155338297686,0.00910670770187,0.00681546781099,0.00157280026408,0.00906787312745,0.00106795079659,9.7086436054e-06,0.0097086436054,0.00435918097883,0.00378637100611,0.0,1.94172872108e-05,2.91259308162e-05,0.0,4.8543218027e-05,0.000300967951767,9.7086436054e-06,0.00237861768332,0.00495140823875,0.000155338297686,0.00165046941292,1.94172872108e-05,0.00265045970427,0.00241745225775,0.00873777924486,2.91259308162e-05,0.0097086436054,1.94172872108e-05,0.0,0.00525237619052,3.88345744216e-05,5.82518616324e-05,0.00964068310016,0.00612615411501,0.000106795079659,3.88345744216e-05,9.7086436054e-06,0.0,0.0,9.7086436054e-06,0.00501936874399,0.00142717060999,0.00519412432889,0.00925233735595,0.00012621236687,0.00872807060126,1.94172872108e-05,0.00201939786992,0.00938825836642,0.00399025252182,0.0,0.00166017805652,0.000737856914011,0.00316501781536,0.00132037553033,0.00709701847555,0.000145629654081,0.000145629654081,0.0,0.00383491422413,0.000223298802924,5.82518616324e-05,0.00158250890768,0.000446597605848,0.0014465878972,9.7086436054e-06,5.82518616324e-05,3.88345744216e-05,1.94172872108e-05,0.0,5.82518616324e-05,0.000194172872108,7.76691488432e-05,0.000466014893059,0.000815526062854,0.00208735837516,0.000747565557616,0.0,3.88345744216e-05,0.00229123989087,0.00405821302706,9.7086436054e-06,0.0,0.00967951767459,0.00184464228503,0.00735915185289,0.00110678537102,2.91259308162e-05,6.79605052378e-05,0.00401937845264,0.000582518616324,0.00869894467044,0.0,5.82518616324e-05,0.00902903855302,0.0,0.00232036582169,4.8543218027e-05,0.0,0.00910670770187,0.0,1.94172872108e-05,0.00141746196639,0.00117474587625,0.00219415345482,0.00715527033718,0.00464073164338,0.00635916156154,1.94172872108e-05,0.00353394627237,1.94172872108e-05,0.000262133377346,0.00122328909428,0.0,0.0,3.88345744216e-05,0.00199998058271,0.0,0.000194172872108,0.0,0.0,9.7086436054e-06,1.94172872108e-05,0.00199027193911,0.00181551635421,0.0,0.00964068310016,3.88345744216e-05,0.0,0.0,1.94172872108e-05,0.0028737585072,0.00489315637712,0.00885428296813,0.00111649401462,0.00226211396006,0.0,0.00285434121999,0.00543684041903,0.0,0.00510674653644,9.7086436054e-06,0.00262133377346,0.00527179347773,0.0,3.88345744216e-05,0.00482519587188,1.94172872108e-05,0.00499995145678,0.0068348850982,0.00884457432452,0.00241745225775,0.00816496927214,0.00439801555325,0.00453393656372,0.00111649401462,0.0,0.00421355132474,1.94172872108e-05,5.82518616324e-05,0.00899991262221,0.000475723536665,6.79605052378e-05,0.0,9.7086436054e-06,0.00202910651353,0.000300967951767,0.0,0.00956301395132,0.00783487538956,9.7086436054e-06,7.76691488432e-05,0.00831059892622,0.000184464228503,0.00968922631819,0.00297084494325,0.00510674653644,0.00929117193037,0.000466014893059,0.0,0.00513587246726,0.000116503723265,0.00257279055543,0.000427180318638,0.00141746196639,0.00110678537102,0.000669896408773,0.000300967951767,5.82518616324e-05,9.7086436054e-06,0.00163105212571,1.94172872108e-05,0.0,0.000242716090135,9.7086436054e-06,0.000174755584897,0.000378637100611,2.91259308162e-05,0.00770866302269,0.00375724507529,0.00849506315473,0.0097086436054,6.79605052378e-05,2.91259308162e-05,0.000213590159319,1.94172872108e-05,2.91259308162e-05,0.0,0.00890282618615,0.000106795079659,0.0030485140921,0.0,0.00913583363268,1.94172872108e-05,0.00242716090135,0.0097086436054,0.000650479121562,0.00306793137931,0.00883486568092,0.00121358045068,0.0,0.0,2.91259308162e-05,0.00483490451549,0.00361161542121,0.00059222725993,0.000504849467481,6.79605052378e-05,3.88345744216e-05,0.00967951767459,0.000514558111086,0.0,0.0016116348385,2.91259308162e-05,0.0,0.00768924573548,0.00840768536228,0.0,0.000563101329113,0.0,0.00869894467044,0.000194172872108,0.00404850438345,0.000271842020951
Gen 103
string_,string_rot,integer_swap,exec_sho,integer_gte,boolean_shove,boolean_and,string_pop,exec_eq,string_yankd,string_parse_to_chars,integer_lt,string_stackdepth,exec_do*whi,char_r,char_p,boolean_sw,integer_sho,boolean_invert_second_then_a,print_integ,char_iswhitespace,string_removechar,exec_emp,string_first,string_conc,string_yank,string_concat,string_setchar,exec_yankd,string_length,string_replacefirstch,char_d,integer_eq,exec_do*tim,string_emptystri,string_reverse,exec_yankdup,string_repla,exec_,char_ya,integer_mu,string_replacech,boolean_yankd,char_isletter,integer_add,string_empty,char_isdigit,print_integer,exec_shove,integer_fromstri,string_conjchar,boolean_or,boolean_empty,exec_wh,string_fromchar,integer_yankd,exec_do*while,integer_rot,string_rest,boolean_flu,integer_stackdep,char_iswhitespa,char_allfromstring,boolean_,char_allfromstri,exec_stackdepth,exec_do*range,char_shove,char_stackdep,string_removech,exec_stackdep,boolean_sho,string_indexofch,string_stackdep,string_leng,print_ch,integer_mult,boolean_xor,boolean_yankdup,integer_min,string_emp,integer_fromch,exec_yank,char_stackdepth,char_sw,integer_fromboole,string_replace,integer_div,string_replacefirst,boolean_frominteger,string_butla,char_isdig,integer_flush,integer_,string_yankdup,char_flu,print_exec,integer_yank,boolean_frominteg,string_emptystring,char_yankd,boolean_ya,string_swap,print_ex,exec_d,integer_max,char_swap,string_contains,char_empty,exec_dup,exec_k,string_frominteg,exec_noop,exec_p,exec_r,exec_s,string_sho,integer_flu,exec_y,boolean_rot,boolean_a,integer_ya,exec_ya,boolean_invert_first_then_a,string_spl,string_occurrencesofch,integer_yankdup,string_replacechar,char_sho,string_fromboolean,print_stri,exec_string_itera,print_newli,string_ta,string_replacefirstchar,string_substring,boolean_stackdepth,string_shove,string_containschar,exec_do*ran,char_yankdup,char_yank,integer_sw,exec_do*times,string_fromch,integer_shove,exec_if,exec_whi,integer_g,char_frominteger,char_frominteg,boolean_dup,string_eq,boolean_not,char_eq,boolean_flush,boolean_pop,string_butlast,exec_swap,string_replacefir,boolean_swap,exec_sw,string_n,print_string,exec_flush,print_newline,integer_a,string_d,string_dup,string_frominteger,string_contai,integer_mod,exec_do*count,string_fir,string_r,integer_fromchar,string_p,integer_inc,boolean_invert_first_then_and,integer_fromstring,exec_rot,integer_m,boolean_d,char_rot,exec_do*cou,string_take,exec_string_iterate,string_split,integer_pop,boolean_n,string_re,boolean_p,boolean_r,exec_pop,string_sw,boolean_x,boolean_emp,string_la,char_emp,boolean_stackdep,string_parse_to_cha,print_char,integer_dup,boolean_invert_second_then_and,integer_sub,string_setch,exec_no,boolean_yank,char_islett,string_ya,string_flu,integer_stackdepth,integer_emp,integer_dec,print_boole,integer_gt,exec,string_indexofchar,in1,char_dup,char_flush,char_pop,integer_lte,string_conjch,exec_flu,string_containsch,boolean_eq,string_flush,print_boolean,integer_d,string_rever,char_,exec_empty,string_last,integer_l,exec_when,integer_i,string_substri,string_nth,string_occurrencesofchar,integer_r,integer_s,integer_p,exec_while,integer_fromboolean,integer_empty,string_fromboole
0.0,0.00959606157633,0.00145190911626,0.000278843472659,0.00899991346237,0.00652878337708,0.00151921616138,0.00908645109182,0.000951913923905,1.92305843213e-05,0.00961529216065,0.00453841789983,0.00408649916828,0.0,9.61529216065e-06,4.80764608033e-05,0.0,5.76917529639e-05,0.000432688147229,0.0,0.0027115123893,0.00510572013731,0.000115383505928,0.00141344794762,1.92305843213e-05,0.00264420534418,0.0021249795675,0.008797992327,1.92305843213e-05,0.00960567686849,0.0,0.0,0.00493264487841,9.61529216065e-06,1.92305843213e-05,0.00949990865472,0.00594225055528,0.000211536427534,8.65376294459e-05,6.73070451246e-05,9.61529216065e-06,9.61529216065e-06,1.92305843213e-05,0.00499033663138,0.00148075499274,0.00525956481188,0.00924991105855,0.000182690551052,0.00855761002298,2.8845876482e-05,0.002394207748,0.00924991105855,0.00412496033692,0.0,0.00130767973385,0.00074037749637,0.00306727819925,0.00136537148681,0.00677878097326,0.000163459966731,0.000163459966731,9.61529216065e-06,0.00372111806617,0.000134614090249,7.69223372852e-05,0.00163459966731,0.000355765809944,0.00124998798088,1.92305843213e-05,3.84611686426e-05,1.92305843213e-05,1.92305843213e-05,1.92305843213e-05,2.8845876482e-05,0.000115383505928,7.69223372852e-05,0.000461534023711,0.000865376294459,0.00228843953424,0.000721146912049,0.0,1.92305843213e-05,0.00209613369102,0.00448072614686,0.0,0.0,0.00954798511553,0.00152883145354,0.00760569609908,0.00124037268872,7.69223372852e-05,0.00015384467457,0.00396150037019,0.000499995192354,0.00887491466428,0.0,6.73070451246e-05,0.00898068287805,0.0,0.00256728300689,0.0,0.0,0.0088460687878,0.0,9.61529216065e-06,0.00105768213767,0.00104806684551,0.00254805242257,0.00748069730099,0.00449995673119,0.0055961000375,1.92305843213e-05,0.00332689108759,0.0,0.000307689349141,0.00126921856521,9.61529216065e-06,9.61529216065e-06,7.69223372852e-05,0.00221151719695,9.61529216065e-06,0.00014422938241,0.0,9.61529216065e-06,0.0,0.0,0.00199998076942,0.0017115220046,0.0,0.00955760040769,6.73070451246e-05,9.61529216065e-06,0.0,2.8845876482e-05,0.00316343112085,0.00459610965279,0.00886529937212,0.00108652801415,0.00221151719695,0.0,0.00287497235604,0.00560571532966,9.61529216065e-06,0.00503841309218,2.8845876482e-05,0.00226920894991,0.00485572254113,5.76917529639e-05,3.84611686426e-05,0.00466341669792,9.61529216065e-06,0.00531725656484,0.00682685743406,0.00880760761916,0.00236536187152,0.00792300074038,0.00449995673119,0.00473072374304,0.00102883626119,9.61529216065e-06,0.00448072614686,9.61529216065e-06,3.84611686426e-05,0.00869222411323,0.000432688147229,7.69223372852e-05,9.61529216065e-06,2.8845876482e-05,0.00187498197133,0.000211536427534,0.0,0.00947106277824,0.0076249266834,9.61529216065e-06,5.76917529639e-05,0.00814415246007,0.000211536427534,0.00957683099201,0.0032980452111,0.00483649195681,0.00893260641725,0.000509610484515,0.0,0.00513456601379,9.61529216065e-05,0.00228843953424,0.000519225776675,0.00132691031817,0.00121152681224,0.000548071653157,0.000374996394265,3.84611686426e-05,0.0,0.00162498437515,2.8845876482e-05,9.61529216065e-06,0.000278843472659,9.61529216065e-06,0.000115383505928,0.00029807405698,6.73070451246e-05,0.0076249266834,0.00380765569562,0.00854799473082,0.00961529216065,4.80764608033e-05,2.8845876482e-05,0.000249997596177,1.92305843213e-05,0.0,0.0,0.00868260882107,7.69223372852e-05,0.00270189709714,0.0,0.00915375813694,9.61529216065e-06,0.00267305122066,0.00961529216065,0.000749992788531,0.00265382063634,0.00885568407996,0.00110575859848,0.0,0.0,0.0,0.00463457082143,0.00326919933462,0.000711531619888,0.000432688147229,8.65376294459e-05,9.61529216065e-06,0.00958644628417,0.000499995192354,0.0,0.0014903702849,1.92305843213e-05,9.61529216065e-06,0.0078941548639,0.00849991827002,9.61529216065e-06,0.000451918731551,1.92305843213e-05,0.00866337823675,9.61529216065e-05,0.00379804040346,0.000278843472659
Gen 104
string_,string_rot,integer_swap,exec_sho,integer_gte,boolean_shove,boolean_and,string_pop,exec_eq,string_yankd,string_parse_to_chars,integer_lt,string_stackdepth,exec_do*whi,char_r,char_p,boolean_sw,integer_sho,boolean_invert_second_then_a,print_integ,char_iswhitespace,string_removechar,exec_emp,string_first,string_conc,string_yank,string_concat,string_setchar,exec_yankd,string_length,string_replacefirstch,char_d,integer_eq,exec_do*tim,string_emptystri,string_reverse,exec_yankdup,string_repla,exec_,char_ya,integer_mu,string_replacech,boolean_yankd,char_isletter,integer_add,string_empty,char_isdigit,print_integer,exec_shove,integer_fromstri,string_conjchar,boolean_or,boolean_empty,exec_wh,string_fromchar,integer_yankd,exec_do*while,integer_rot,string_rest,boolean_flu,integer_stackdep,char_iswhitespa,char_allfromstring,boolean_,char_allfromstri,exec_stackdepth,exec_do*range,char_shove,char_stackdep,string_removech,exec_stackdep,boolean_sho,string_indexofch,string_stackdep,string_leng,print_ch,integer_mult,boolean_xor,boolean_yankdup,integer_min,string_emp,integer_fromch,exec_yank,char_stackdepth,char_sw,integer_fromboole,string_replace,integer_div,string_replacefirst,boolean_frominteger,string_butla,char_isdig,integer_flush,integer_,string_yankdup,char_flu,print_exec,integer_yank,boolean_frominteg,string_emptystring,char_yankd,boolean_ya,string_swap,print_ex,exec_d,integer_max,char_swap,string_contains,char_empty,exec_dup,exec_k,string_frominteg,exec_noop,exec_p,exec_r,exec_s,string_sho,integer_flu,exec_y,boolean_rot,boolean_a,integer_ya,exec_ya,boolean_invert_first_then_a,string_spl,string_occurrencesofch,integer_yankdup,string_replacechar,char_sho,string_fromboolean,print_stri,exec_string_itera,print_newli,string_ta,string_replacefirstchar,string_substring,boolean_stackdepth,string_shove,string_containschar,exec_do*ran,char_yankdup,char_yank,integer_sw,exec_do*times,string_fromch,integer_shove,exec_if,exec_whi,integer_g,char_frominteger,char_frominteg,boolean_dup,string_eq,boolean_not,char_eq,boolean_flush,boolean_pop,string_butlast,exec_swap,string_replacefir,boolean_swap,exec_sw,string_n,print_string,exec_flush,print_newline,integer_a,string_d,string_dup,string_frominteger,string_contai,integer_mod,exec_do*count,string_fir,string_r,integer_fromchar,string_p,integer_inc,boolean_invert_first_then_and,integer_fromstring,exec_rot,integer_m,boolean_d,char_rot,exec_do*cou,string_take,exec_string_iterate,string_split,integer_pop,boolean_n,string_re,boolean_p,boolean_r,exec_pop,string_sw,boolean_x,boolean_emp,string_la,char_emp,boolean_stackdep,string_parse_to_cha,print_char,integer_dup,boolean_invert_second_then_and,integer_sub,string_setch,exec_no,boolean_yank,char_islett,string_ya,string_flu,integer_stackdepth,integer_emp,integer_dec,print_boole,integer_gt,exec,string_indexofchar,in1,char_dup,char_flush,char_pop,integer_lte,string_conjch,exec_flu,string_containsch,boolean_eq,string_flush,print_boolean,integer_d,string_rever,char_,exec_empty,string_last,integer_l,exec_when,integer_i,string_substri,string_nth,string_occurrencesofchar,integer_r,integer_s,integer_p,exec_while,integer_fromboolean,integer_empty,string_fromboole
9.52371882173e-06,0.00950467138408,0.00129522575975,0.000295235283473,0.00893324825478,0.00656184226817,0.00148570013619,0.00879991619127,0.00102856163275,9.52371882173e-06,0.00952371882173,0.00480947800497,0.00418091256274,0.0,2.85711564652e-05,5.71423129304e-05,0.0,7.61897505738e-05,0.000371425034047,0.0,0.00253330920658,0.00490471519319,0.000152379501148,0.00140951038562,1.90474376435e-05,0.00236188226779,0.00177141170084,0.00849515718898,0.0,0.00952371882173,0.0,9.52371882173e-06,0.00492376263083,0.0,3.80948752869e-05,0.00941895791469,0.00598089542004,0.000152379501148,0.000114284625861,3.80948752869e-05,9.52371882173e-06,9.52371882173e-06,2.85711564652e-05,0.00477138312968,0.00198093351492,0.00537137741545,0.00913324635003,0.000199998095256,0.00838087256312,1.90474376435e-05,0.00218093161018,0.00919991238179,0.00397139074866,9.52371882173e-06,0.00118094113389,0.000666660317521,0.0032856829935,0.00143808154208,0.00665707945639,0.000114284625861,5.71423129304e-05,0.0,0.00372377405929,7.61897505738e-05,9.52371882173e-05,0.00161903219969,0.00027618784583,0.00140951038562,0.0,4.76185941086e-05,2.85711564652e-05,3.80948752869e-05,2.85711564652e-05,3.80948752869e-05,0.000171426938791,0.000152379501148,0.000571423129304,0.00114284625861,0.00272378358301,0.000857134693955,0.0,0.0,0.00233331111132,0.00487614403672,9.52371882173e-06,0.0,0.00949514766526,0.00173331682555,0.00739040580566,0.00125713088447,9.52371882173e-05,0.000152379501148,0.00374282149694,0.000695231473986,0.00866658412777,9.52371882173e-06,5.71423129304e-05,0.00867610784659,0.0,0.00290473424063,1.90474376435e-05,0.0,0.00877134503481,0.0,9.52371882173e-06,0.00133332063504,0.000742850068095,0.00270473614537,0.00726659746098,0.00434281578271,0.005876134513,0.0,0.00316187464881,0.0,0.00033333015876,0.00121903600918,9.52371882173e-06,5.71423129304e-05,6.66660317521e-05,0.002190455329,9.52371882173e-06,0.000104760907039,9.52371882173e-06,5.71423129304e-05,0.0,0.0,0.00156188988676,0.0016666507938,0.0,0.0095141951029,9.52371882173e-06,0.0,0.0,0.0,0.00334282530643,0.00479043056733,0.00864753669013,0.000933324444529,0.00218093161018,9.52371882173e-06,0.00329520671232,0.00525709278959,2.85711564652e-05,0.00480947800497,0.0,0.00214283673489,0.00481900172379,4.76185941086e-05,4.76185941086e-05,0.00419996000038,9.52371882173e-06,0.00522852163313,0.00691421986457,0.0085903943772,0.00224759764193,0.00766659365149,0.00412377024981,0.00472376453558,0.00113332253979,9.52371882173e-06,0.00438091065799,9.52371882173e-06,7.61897505738e-05,0.00870467900306,0.000485709659908,4.76185941086e-05,0.0,9.52371882173e-06,0.00181903029495,0.00027618784583,0.0,0.00930467328883,0.00741897696212,2.85711564652e-05,3.80948752869e-05,0.00765706993267,0.000190474376435,0.00948562394644,0.00308568489824,0.00416186512509,0.00895229569242,0.000619041723412,3.80948752869e-05,0.00478090684851,8.57134693955e-05,0.00260949895715,0.000457138503443,0.00142855782326,0.000933324444529,0.000399996190512,0.000304759002295,4.76185941086e-05,0.0,0.00159998476205,3.80948752869e-05,1.90474376435e-05,8.57134693955e-05,0.0,2.85711564652e-05,0.000390472471691,2.85711564652e-05,0.00739040580566,0.0032856829935,0.00822849306197,0.00950467138408,6.66660317521e-05,3.80948752869e-05,0.000428567346978,1.90474376435e-05,2.85711564652e-05,0.0,0.00840944371958,9.52371882173e-05,0.00279044961477,0.0,0.00910467519357,6.66660317521e-05,0.00260949895715,0.00952371882173,0.000571423129304,0.0026761649889,0.00875229759717,0.00108570394568,0.0,0.0,9.52371882173e-06,0.00439995809564,0.00346663365111,0.000752373786916,0.000238092970543,5.71423129304e-05,0.0,0.00947610022762,0.000542851972838,0.0,0.00147617641737,2.85711564652e-05,0.0,0.0074094532433,0.00854277578309,0.0,0.000590470566947,0.0,0.00846658603251,5.71423129304e-05,0.00383805868516,0.000399996190512
Gen 105
string_,string_rot,integer_swap,exec_sho,integer_gte,boolean_shove,boolean_and,string_pop,exec_eq,string_yankd,string_parse_to_chars,integer_lt,string_stackdepth,exec_do*whi,char_r,char_p,boolean_sw,integer_sho,boolean_invert_second_then_a,print_integ,char_iswhitespace,string_removechar,exec_emp,string_first,string_conc,string_yank,string_concat,string_setchar,exec_yankd,string_length,string_replacefirstch,char_d,integer_eq,exec_do*tim,string_emptystri,string_reverse,exec_yankdup,string_repla,exec_,char_ya,integer_mu,string_replacech,boolean_yankd,char_isletter,integer_add,string_empty,char_isdigit,print_integer,exec_shove,integer_fromstri,string_conjchar,boolean_or,boolean_empty,exec_wh,string_fromchar,integer_yankd,exec_do*while,integer_rot,string_rest,boolean_flu,integer_stackdep,char_iswhitespa,char_allfromstring,boolean_,char_allfromstri,exec_stackdepth,exec_do*range,char_shove,char_stackdep,string_removech,exec_stackdep,boolean_sho,string_indexofch,string_stackdep,string_leng,print_ch,integer_mult,boolean_xor,boolean_yankdup,integer_min,string_emp,integer_fromch,exec_yank,char_stackdepth,char_sw,integer_fromboole,string_replace,integer_div,string_replacefirst,boolean_frominteger,string_butla,char_isdig,integer_flush,integer_,string_yankdup,char_flu,print_exec,integer_yank,boolean_frominteg,string_emptystring,char_yankd,boolean_ya,string_swap,print_ex,exec_d,integer_max,char_swap,string_contains,char_empty,exec_dup,exec_k,string_frominteg,exec_noop,exec_p,exec_r,exec_s,string_sho,integer_flu,exec_y,boolean_rot,boolean_a,integer_ya,exec_ya,boolean_invert_first_then_a,string_spl,string_occurrencesofch,integer_yankdup,string_replacechar,char_sho,string_fromboolean,print_stri,exec_string_itera,print_newli,string_ta,string_replacefirstchar,string_substring,boolean_stackdepth,string_shove,string_containschar,exec_do*ran,char_yankdup,char_yank,integer_sw,exec_do*times,string_fromch,integer_shove,exec_if,exec_whi,integer_g,char_frominteger,char_frominteg,boolean_dup,string_eq,boolean_not,char_eq,boolean_flush,boolean_pop,string_butlast,exec_swap,string_replacefir,boolean_swap,exec_sw,string_n,print_string,exec_flush,print_newline,integer_a,string_d,string_dup,string_frominteger,string_contai,integer_mod,exec_do*count,string_fir,string_r,integer_fromchar,string_p,integer_inc,boolean_invert_first_then_and,integer_fromstring,exec_rot,integer_m,boolean_d,char_rot,exec_do*cou,string_take,exec_string_iterate,string_split,integer_pop,boolean_n,string_re,boolean_p,boolean_r,exec_pop,string_sw,boolean_x,boolean_emp,string_la,char_emp,boolean_stackdep,string_parse_to_cha,print_char,integer_dup,boolean_invert_second_then_and,integer_sub,string_setch,exec_no,boolean_yank,char_islett,string_ya,string_flu,integer_stackdepth,integer_emp,integer_dec,print_boole,integer_gt,exec,string_indexofchar,in1,char_dup,char_flush,char_pop,integer_lte,string_conjch,exec_flu,string_containsch,boolean_eq,string_flush,print_boolean,integer_d,string_rever,char_,exec_empty,string_last,integer_l,exec_when,integer_i,string_substri,string_nth,string_occurrencesofchar,integer_r,integer_s,integer_p,exec_while,integer_fromboolean,integer_empty,string_fromboole
0.0,0.00943387326535,0.00153772134225,0.000424524296941,0.00893387798228,0.00667918227187,0.0014150809898,0.00878293601004,0.00125470514429,9.43387326535e-06,0.00943387326535,0.0050376883237,0.00487731247818,9.43387326535e-06,3.77354930614e-05,1.88677465307e-05,9.43387326535e-06,8.49048593881e-05,0.000358487184083,9.43387326535e-06,0.00271695550042,0.00497165121084,8.49048593881e-05,0.00175470042735,1.88677465307e-05,0.00228299733021,0.00208488599164,0.00855652305167,0.0,0.00943387326535,0.0,0.0,0.00493391571778,1.88677465307e-05,1.88677465307e-05,0.0093112329129,0.00606598050962,8.49048593881e-05,5.66032395921e-05,9.43387326535e-06,5.66032395921e-05,1.88677465307e-05,4.71693663267e-05,0.00461316402675,0.00216979085103,0.00563202233941,0.00900934896841,0.000150941972246,0.0085470891784,0.0,0.00251884416185,0.00896217960208,0.0044905236743,0.0,0.00112263091858,0.000754709861228,0.00327355402308,0.00129244063735,0.00676408713125,5.66032395921e-05,5.66032395921e-05,9.43387326535e-06,0.0040565655041,8.49048593881e-05,4.71693663267e-05,0.00207545211838,0.000641503382044,0.0016320600749,9.43387326535e-06,1.88677465307e-05,9.43387326535e-06,5.66032395921e-05,1.88677465307e-05,0.0,0.000301883944491,0.000198111338572,0.000509429156329,0.00121696965123,0.00222639409062,0.00081131310082,0.0,1.88677465307e-05,0.00205658437185,0.00504712219696,9.43387326535e-06,0.0,0.00936783615249,0.0019056423996,0.00778294544391,0.00139621324327,5.66032395921e-05,0.00028301619796,0.00391505740512,0.000679238875105,0.00874520051698,1.88677465307e-05,3.77354930614e-05,0.00873576664371,0.0,0.00347166536165,3.77354930614e-05,0.0,0.00877350213677,0.0,1.88677465307e-05,0.00142451486307,0.000783011481024,0.00248110866879,0.00758483410534,0.00442448656145,0.00623579022839,0.0,0.00316034754389,3.77354930614e-05,0.000386788803879,0.00125470514429,3.77354930614e-05,3.77354930614e-05,6.60371128574e-05,0.00185847303327,9.43387326535e-06,0.00014150809898,0.0,1.88677465307e-05,0.0,0.0,0.00178300204715,0.00195281176593,1.88677465307e-05,0.00943387326535,1.88677465307e-05,0.0,0.0,0.0,0.00363204120716,0.00502825445043,0.00866029565759,0.000915085706739,0.00224526183715,0.0,0.00338676050226,0.00557541909982,9.43387326535e-06,0.00496221733757,0.0,0.00210375373817,0.00535844001472,4.71693663267e-05,1.88677465307e-05,0.00426411071594,9.43387326535e-06,0.00537730776125,0.00690559523023,0.00842444882595,0.00249997641532,0.00780181319044,0.00406599937736,0.00480184149206,0.00113206479184,0.0,0.00462259790002,0.0,5.66032395921e-05,0.00865086178432,0.000301883944491,4.71693663267e-05,0.0,9.43387326535e-06,0.00197167951246,0.000367921057349,9.43387326535e-06,0.00921689418024,0.00768860671126,9.43387326535e-06,8.49048593881e-05,0.00766973896473,0.000150941972246,0.00942443939208,0.00330185564287,0.00443392043471,0.00886784086943,0.00054716464939,3.77354930614e-05,0.00541504325431,4.71693663267e-05,0.00238676993613,0.000311317817756,0.00154715521552,0.000801879227554,0.000613201762248,0.000245280704899,1.88677465307e-05,9.43387326535e-06,0.00178300204715,1.88677465307e-05,9.43387326535e-06,0.000132074225715,1.88677465307e-05,4.71693663267e-05,0.000311317817756,6.60371128574e-05,0.00747162762615,0.0038112847992,0.00820746974085,0.00943387326535,4.71693663267e-05,9.43387326535e-06,0.000490561409798,2.8301619796e-05,0.0,0.0,0.00850935368534,0.0,0.00302827331818,0.0,0.00899048122188,4.71693663267e-05,0.00298110395185,0.00943387326535,0.000603767888982,0.00294336845879,0.008603692418,0.00104715993245,0.0,0.0,0.0,0.00461316402675,0.00315091367063,0.000679238875105,0.000358487184083,2.8301619796e-05,1.88677465307e-05,0.00943387326535,0.000594334015717,0.0,0.00167922944123,7.54709861228e-05,9.43387326535e-06,0.0076225695984,0.00862256016453,0.0,0.000386788803879,9.43387326535e-06,0.00842444882595,7.54709861228e-05,0.00394335902491,0.000490561409798
Gen 106
string_,string_rot,integer_swap,exec_sho,integer_gte,boolean_shove,boolean_and,string_pop,exec_eq,string_yankd,string_parse_to_chars,integer_lt,string_stackdepth,exec_do*whi,char_r,char_p,boolean_sw,integer_sho,boolean_invert_second_then_a,print_integ,char_iswhitespace,string_removechar,exec_emp,string_first,string_conc,string_yank,string_concat,string_setchar,exec_yankd,string_length,string_replacefirstch,char_d,integer_eq,exec_do*tim,string_emptystri,string_reverse,exec_yankdup,string_repla,exec_,char_ya,integer_mu,string_replacech,boolean_yankd,char_isletter,integer_add,string_empty,char_isdigit,print_integer,exec_shove,integer_fromstri,string_conjchar,boolean_or,boolean_empty,exec_wh,string_fromchar,integer_yankd,exec_do*while,integer_rot,string_rest,boolean_flu,integer_stackdep,char_iswhitespa,char_allfromstring,boolean_,char_allfromstri,exec_stackdepth,exec_do*range,char_shove,char_stackdep,string_removech,exec_stackdep,boolean_sho,string_indexofch,string_stackdep,string_leng,print_ch,integer_mult,boolean_xor,boolean_yankdup,integer_min,string_emp,integer_fromch,exec_yank,char_stackdepth,char_sw,integer_fromboole,string_replace,integer_div,string_replacefirst,boolean_frominteger,string_butla,char_isdig,integer_flush,integer_,string_yankdup,char_flu,print_exec,integer_yank,boolean_frominteg,string_emptystring,char_yankd,boolean_ya,string_swap,print_ex,exec_d,integer_max,char_swap,string_contains,char_empty,exec_dup,exec_k,string_frominteg,exec_noop,exec_p,exec_r,exec_s,string_sho,integer_flu,exec_y,boolean_rot,boolean_a,integer_ya,exec_ya,boolean_invert_first_then_a,string_spl,string_occurrencesofch,integer_yankdup,string_replacechar,char_sho,string_fromboolean,print_stri,exec_string_itera,print_newli,string_ta,string_replacefirstchar,string_substring,boolean_stackdepth,string_shove,string_containschar,exec_do*ran,char_yankdup,char_yank,integer_sw,exec_do*times,string_fromch,integer_shove,exec_if,exec_whi,integer_g,char_frominteger,char_frominteg,boolean_dup,string_eq,boolean_not,char_eq,boolean_flush,boolean_pop,string_butlast,exec_swap,string_replacefir,boolean_swap,exec_sw,string_n,print_string,exec_flush,print_newline,integer_a,string_d,string_dup,string_frominteger,string_contai,integer_mod,exec_do*count,string_fir,string_r,integer_fromchar,string_p,integer_inc,boolean_invert_first_then_and,integer_fromstring,exec_rot,integer_m,boolean_d,char_rot,exec_do*cou,string_take,exec_string_iterate,string_split,integer_pop,boolean_n,string_re,boolean_p,boolean_r,exec_pop,string_sw,boolean_x,boolean_emp,string_la,char_emp,boolean_stackdep,string_parse_to_cha,print_char,integer_dup,boolean_invert_second_then_and,integer_sub,string_setch,exec_no,boolean_yank,char_islett,string_ya,string_flu,integer_stackdepth,integer_emp,integer_dec,print_boole,integer_gt,exec,string_indexofchar,in1,char_dup,char_flush,char_pop,integer_lte,string_conjch,exec_flu,string_containsch,boolean_eq,string_flush,print_boolean,integer_d,string_rever,char_,exec_empty,string_last,integer_l,exec_when,integer_i,string_substri,string_nth,string_occurrencesofchar,integer_r,integer_s,integer_p,exec_while,integer_fromboolean,integer_empty,string_fromboole
9.34570704947e-06,0.00932701563537,0.00147662171382,0.00052335959477,0.00871954467715,0.00656068634873,0.00127101615873,0.0087475817983,0.00118690479528,0.0,0.00933636134242,0.00493453332212,0.00506537322081,0.0,3.73828281979e-05,3.73828281979e-05,0.0,1.86914140989e-05,0.000289716918533,0.0,0.00244857524696,0.00514013887721,8.41113634452e-05,0.00182241287465,0.0,0.00236446388352,0.00205605555088,0.00859805048551,3.73828281979e-05,0.00934570704947,1.86914140989e-05,0.0,0.00493453332212,5.60742422968e-05,9.34570704947e-06,0.00926159568602,0.00597190680461,0.000102802777544,3.73828281979e-05,3.73828281979e-05,1.86914140989e-05,1.86914140989e-05,1.86914140989e-05,0.00448593938374,0.00225231539892,0.00551396715919,0.00899057018159,8.41113634452e-05,0.00861674189961,0.0,0.00278502070074,0.00901860730274,0.00490649620097,0.0,0.00105606489659,0.000682236614611,0.00325230605321,0.00121494191643,0.00705600882235,5.60742422968e-05,7.47656563957e-05,9.34570704947e-06,0.00455135933309,0.000121494191643,7.47656563957e-05,0.00195325277334,0.000906533583798,0.00176633863235,0.0,5.60742422968e-05,2.80371211484e-05,2.80371211484e-05,9.34570704947e-06,3.73828281979e-05,0.000112148484594,0.000196259848039,0.000635508079364,0.00120559620938,0.00209343837908,0.00087849646265,0.0,9.34570704947e-06,0.00207474696498,0.00492518761507,0.0,0.0,0.00930832422127,0.0016822272689,0.0078410482145,0.00131774469397,5.60742422968e-05,0.000448593938374,0.00451397650489,0.000551396715919,0.00864477902076,0.0,0.000102802777544,0.0087475817983,0.0,0.00328034317436,3.73828281979e-05,1.86914140989e-05,0.0087101989701,9.34570704947e-06,1.86914140989e-05,0.00119625050233,0.000766347978056,0.00283174923599,0.00757002271007,0.00471023635293,0.00613078382445,0.0,0.0026074522668,7.47656563957e-05,0.000336445453781,0.00107475631069,0.0,1.86914140989e-05,8.41113634452e-05,0.00207474696498,1.86914140989e-05,0.000196259848039,9.34570704947e-06,1.86914140989e-05,0.0,9.34570704947e-06,0.0018317585817,0.00219624115662,1.86914140989e-05,0.00932701563537,5.60742422968e-05,0.0,0.0,0.0,0.00371959140569,0.00498126185737,0.00860739619256,0.000775693685106,0.0026261436809,0.0,0.00339249165896,0.0052522873618,3.73828281979e-05,0.0044579022626,2.80371211484e-05,0.00199998130859,0.00539247296754,9.34570704947e-06,2.80371211484e-05,0.00417753105111,0.0,0.00565415276493,0.00675694619676,0.00837375351632,0.00254203231745,0.00778497397221,0.0044392108485,0.00498126185737,0.00129905327988,0.0,0.00399996261717,9.34570704947e-06,4.67285352473e-05,0.00867281614191,0.000327099746731,7.47656563957e-05,9.34570704947e-06,0.0,0.00198128989449,0.000373828281979,0.0,0.00917748432258,0.0078410482145,2.80371211484e-05,3.73828281979e-05,0.00765413407351,0.000149531312791,0.00934570704947,0.00346725731535,0.0043644451921,0.00868216184895,0.000467285352473,5.60742422968e-05,0.00494387902917,3.73828281979e-05,0.00196259848039,0.000317754039682,0.00159811590546,0.0008691507556,0.000551396715919,0.000205605555088,1.86914140989e-05,0.0,0.00169157297595,1.86914140989e-05,1.86914140989e-05,0.000327099746731,9.34570704947e-06,2.80371211484e-05,0.000485976766572,3.73828281979e-05,0.00750460276072,0.00404669115242,0.00838309922337,0.00934570704947,3.73828281979e-05,3.73828281979e-05,0.000271025504435,2.80371211484e-05,9.34570704947e-06,9.34570704947e-06,0.00856066765731,3.73828281979e-05,0.00272894645844,9.34570704947e-06,0.00900926159569,9.34570704947e-05,0.00320557751797,0.00934570704947,0.000691582321661,0.00280371211484,0.00867281614191,0.00120559620938,0.0,0.0,9.34570704947e-06,0.00466350781768,0.00308408332632,0.000616816665265,0.000373828281979,2.80371211484e-05,9.34570704947e-06,0.00931766992832,0.000551396715919,9.34570704947e-06,0.0016822272689,3.73828281979e-05,9.34570704947e-06,0.00773824543696,0.00839244493042,0.0,0.000336445453781,9.34570704947e-06,0.00843917346567,0.000233642676237,0.00395323408192,0.000420556817226
Gen 107
string_,string_rot,integer_swap,exec_sho,integer_gte,boolean_shove,boolean_and,string_pop,exec_eq,string_yankd,string_parse_to_chars,integer_lt,string_stackdepth,exec_do*whi,char_r,char_p,boolean_sw,integer_sho,boolean_invert_second_then_a,print_integ,char_iswhitespace,string_removechar,exec_emp,string_first,string_conc,string_yank,string_concat,string_setchar,exec_yankd,string_length,string_replacefirstch,char_d,integer_eq,exec_do*tim,string_emptystri,string_reverse,exec_yankdup,string_repla,exec_,char_ya,integer_mu,string_replacech,boolean_yankd,char_isletter,integer_add,string_empty,char_isdigit,print_integer,exec_shove,integer_fromstri,string_conjchar,boolean_or,boolean_empty,exec_wh,string_fromchar,integer_yankd,exec_do*while,integer_rot,string_rest,boolean_flu,integer_stackdep,char_iswhitespa,char_allfromstring,boolean_,char_allfromstri,exec_stackdepth,exec_do*range,char_shove,char_stackdep,string_removech,exec_stackdep,boolean_sho,string_indexofch,string_stackdep,string_leng,print_ch,integer_mult,boolean_xor,boolean_yankdup,integer_min,string_emp,integer_fromch,exec_yank,char_stackdepth,char_sw,integer_fromboole,string_replace,integer_div,string_replacefirst,boolean_frominteger,string_butla,char_isdig,integer_flush,integer_,string_yankdup,char_flu,print_exec,integer_yank,boolean_frominteg,string_emptystring,char_yankd,boolean_ya,string_swap,print_ex,exec_d,integer_max,char_swap,string_contains,char_empty,exec_dup,exec_k,string_frominteg,exec_noop,exec_p,exec_r,exec_s,string_sho,integer_flu,exec_y,boolean_rot,boolean_a,integer_ya,exec_ya,boolean_invert_first_then_a,string_spl,string_occurrencesofch,integer_yankdup,string_replacechar,char_sho,string_fromboolean,print_stri,exec_string_itera,print_newli,string_ta,string_replacefirstchar,string_substring,boolean_stackdepth,string_shove,string_containschar,exec_do*ran,char_yankdup,char_yank,integer_sw,exec_do*times,string_fromch,integer_shove,exec_if,exec_whi,integer_g,char_frominteger,char_frominteg,boolean_dup,string_eq,boolean_not,char_eq,boolean_flush,boolean_pop,string_butlast,exec_swap,string_replacefir,boolean_swap,exec_sw,string_n,print_string,exec_flush,print_newline,integer_a,string_d,string_dup,string_frominteger,string_contai,integer_mod,exec_do*count,string_fir,string_r,integer_fromchar,string_p,integer_inc,boolean_invert_first_then_and,integer_fromstring,exec_rot,integer_m,boolean_d,char_rot,exec_do*cou,string_take,exec_string_iterate,string_split,integer_pop,boolean_n,string_re,boolean_p,boolean_r,exec_pop,string_sw,boolean_x,boolean_emp,string_la,char_emp,boolean_stackdep,string_parse_to_cha,print_char,integer_dup,boolean_invert_second_then_and,integer_sub,string_setch,exec_no,boolean_yank,char_islett,string_ya,string_flu,integer_stackdepth,integer_emp,integer_dec,print_boole,integer_gt,exec,string_indexofchar,in1,char_dup,char_flush,char_pop,integer_lte,string_conjch,exec_flu,string_containsch,boolean_eq,string_flush,print_boolean,integer_d,string_rever,char_,exec_empty,string_last,integer_l,exec_when,integer_i,string_substri,string_nth,string_occurrencesofchar,integer_r,integer_s,integer_p,exec_while,integer_fromboolean,integer_empty,string_fromboole
0.0,0.00924991435264,0.00127776594661,0.000388885288099,0.00874065980871,0.00637957055953,0.00124072925251,0.00879621484986,0.00112035999667,9.25917352617e-06,0.00924991435264,0.00499069453061,0.00496291701003,0.0,1.85183470523e-05,9.25917352617e-06,1.85183470523e-05,9.25917352617e-06,0.000268516032259,0.0,0.0021573874316,0.00500921287766,6.48142146832e-05,0.00191664891992,2.77775205785e-05,0.00249997685207,0.00192590809344,0.00837029286766,1.85183470523e-05,0.00925917352617,9.25917352617e-06,0.0,0.00499995370413,5.5555041157e-05,1.85183470523e-05,0.00917584096444,0.00596290775085,4.62958676309e-05,5.5555041157e-05,5.5555041157e-05,2.77775205785e-05,0.0,2.77775205785e-05,0.00449995833372,0.00220368329923,0.00541661651281,0.00901843501449,0.00019444264405,0.00859251303229,0.0,0.00259256858733,0.00884251071749,0.00501847205118,0.0,0.000962954046722,0.000462958676309,0.00330552494884,0.00122221090545,0.00665734576532,6.48142146832e-05,9.25917352617e-05,2.77775205785e-05,0.00442588494551,0.000203701817576,4.62958676309e-05,0.00165739206118,0.000925917352617,0.00172220627587,9.25917352617e-06,3.70366941047e-05,5.5555041157e-05,9.25917352617e-06,2.77775205785e-05,0.000129628429366,0.000138887602893,0.000129628429366,0.000722215535041,0.0014166535495,0.00203701817576,0.000787029749725,0.0,1.85183470523e-05,0.00188887139934,0.00485180692771,0.0,0.0,0.00919435931149,0.00167591040824,0.0077128915473,0.00127776594661,4.62958676309e-05,0.00019444264405,0.00459255006898,0.00067591966741,0.00825918278534,0.0,4.62958676309e-05,0.00853695799113,0.0,0.00274997453727,1.85183470523e-05,0.0,0.00879621484986,0.0,1.85183470523e-05,0.00103702743493,0.000666660493884,0.00299071304895,0.00738882047388,0.00437032990435,0.00585179766854,0.0,0.00274071536375,0.000129628429366,0.000324071073416,0.00112035999667,9.25917352617e-06,1.85183470523e-05,7.40733882094e-05,0.00241664429033,9.25917352617e-06,0.000138887602893,0.0,2.77775205785e-05,0.0,9.25917352617e-06,0.00174998379645,0.00210183239044,9.25917352617e-06,0.00920361848501,4.62958676309e-05,0.0,0.0,0.0,0.00391663040157,0.00521291469523,0.00837955204118,0.000916658179091,0.00267590114906,0.0,0.00306478643716,0.00526846973639,3.70366941047e-05,0.00399070378978,0.000138887602893,0.00216664660512,0.00485180692771,5.5555041157e-05,3.70366941047e-05,0.0035740409811,9.25917352617e-06,0.00577772428033,0.00647216229479,0.0083147378265,0.00271293784317,0.0076758548532,0.0045647725484,0.0051666188276,0.0015925778465,0.0,0.00424996064851,0.0,4.62958676309e-05,0.00860177220581,0.000342589420468,6.48142146832e-05,9.25917352617e-06,0.0,0.00169442875529,0.000537032064518,0.0,0.0090925084027,0.00759252229146,2.77775205785e-05,4.62958676309e-05,0.00782400162961,0.000111110082314,0.00925917352617,0.00362959602226,0.00448143998667,0.00862954972639,0.000481477023361,5.5555041157e-05,0.00461106841603,5.5555041157e-05,0.00205553652281,0.000425921982204,0.00149072693771,0.0010277682614,0.000518513717466,0.000370366941047,1.85183470523e-05,0.0,0.00189813057287,1.85183470523e-05,1.85183470523e-05,0.000425921982204,0.0,3.70366941047e-05,0.00055555041157,4.62958676309e-05,0.00754622642383,0.0039629262692,0.00853695799113,0.00924991435264,7.40733882094e-05,6.48142146832e-05,0.00024073851168,1.85183470523e-05,9.25917352617e-06,0.0,0.00832399700003,5.5555041157e-05,0.00244442181091,9.25917352617e-06,0.00900917584096,5.5555041157e-05,0.00321293321358,0.00925917352617,0.000685178840937,0.00245368098444,0.0085276988176,0.000999990740826,0.0,0.0,0.0,0.00449995833372,0.00316663734595,0.000740733882094,0.00024073851168,1.85183470523e-05,9.25917352617e-06,0.00924991435264,0.000388885288099,9.25917352617e-06,0.00156480032592,2.77775205785e-05,0.0,0.00739807964741,0.00848140294997,0.0,0.000305552726364,0.0,0.0084906621235,0.00019444264405,0.00424996064851,0.000398144461625
Gen 108
string_,string_rot,integer_swap,exec_sho,integer_gte,boolean_shove,boolean_and,string_pop,exec_eq,string_yankd,string_parse_to_chars,integer_lt,string_stackdepth,exec_do*whi,char_r,char_p,boolean_sw,integer_sho,boolean_invert_second_then_a,print_integ,char_iswhitespace,string_removechar,exec_emp,string_first,string_conc,string_yank,string_concat,string_setchar,exec_yankd,string_length,string_replacefirstch,char_d,integer_eq,exec_do*tim,string_emptystri,string_reverse,exec_yankdup,string_repla,exec_,char_ya,integer_mu,string_replacech,boolean_yankd,char_isletter,integer_add,string_empty,char_isdigit,print_integer,exec_shove,integer_fromstri,string_conjchar,boolean_or,boolean_empty,exec_wh,string_fromchar,integer_yankd,exec_do*while,integer_rot,string_rest,boolean_flu,integer_stackdep,char_iswhitespa,char_allfromstring,boolean_,char_allfromstri,exec_stackdepth,exec_do*range,char_shove,char_stackdep,string_removech,exec_stackdep,boolean_sho,string_indexofch,string_stackdep,string_leng,print_ch,integer_mult,boolean_xor,boolean_yankdup,integer_min,string_emp,integer_fromch,exec_yank,char_stackdepth,char_sw,integer_fromboole,string_replace,integer_div,string_replacefirst,boolean_frominteger,string_butla,char_isdig,integer_flush,integer_,string_yankdup,char_flu,print_exec,integer_yank,boolean_frominteg,string_emptystring,char_yankd,boolean_ya,string_swap,print_ex,exec_d,integer_max,char_swap,string_contains,char_empty,exec_dup,exec_k,string_frominteg,exec_noop,exec_p,exec_r,exec_s,string_sho,integer_flu,exec_y,boolean_rot,boolean_a,integer_ya,exec_ya,boolean_invert_first_then_a,string_spl,string_occurrencesofch,integer_yankdup,string_replacechar,char_sho,string_fromboolean,print_stri,exec_string_itera,print_newli,string_ta,string_replacefirstchar,string_substring,boolean_stackdepth,string_shove,string_containschar,exec_do*ran,char_yankdup,char_yank,integer_sw,exec_do*times,string_fromch,integer_shove,exec_if,exec_whi,integer_g,char_frominteger,char_frominteg,boolean_dup,string_eq,boolean_not,char_eq,boolean_flush,boolean_pop,string_butlast,exec_swap,string_replacefir,boolean_swap,exec_sw,string_n,print_string,exec_flush,print_newline,integer_a,string_d,string_dup,string_frominteger,string_contai,integer_mod,exec_do*count,string_fir,string_r,integer_fromchar,string_p,integer_inc,boolean_invert_first_then_and,integer_fromstring,exec_rot,integer_m,boolean_d,char_rot,exec_do*cou,string_take,exec_string_iterate,string_split,integer_pop,boolean_n,string_re,boolean_p,boolean_r,exec_pop,string_sw,boolean_x,boolean_emp,string_la,char_emp,boolean_stackdep,string_parse_to_cha,print_char,integer_dup,boolean_invert_second_then_and,integer_sub,string_setch,exec_no,boolean_yank,char_islett,string_ya,string_flu,integer_stackdepth,integer_emp,integer_dec,print_boole,integer_gt,exec,string_indexofchar,in1,char_dup,char_flush,char_pop,integer_lte,string_conjch,exec_flu,string_containsch,boolean_eq,string_flush,print_boolean,integer_d,string_rever,char_,exec_empty,string_last,integer_l,exec_when,integer_i,string_substri,string_nth,string_occurrencesofchar,integer_r,integer_s,integer_p,exec_while,integer_fromboolean,integer_empty,string_fromboole
0.0,0.00917422775938,0.00144952798598,0.000385317565894,0.00862377409382,0.00643113365932,0.00138530839167,0.00875221328245,0.000917422775938,1.83484555188e-05,0.00916505353162,0.0047889468904,0.00504582526766,0.0,3.66969110375e-05,1.83484555188e-05,1.83484555188e-05,1.83484555188e-05,0.000321097971578,0.0,0.00244034458399,0.00512839331749,0.00014678764415,0.00165136099669,2.75226832781e-05,0.00265135182246,0.00213759506794,0.00828432766672,7.3393822075e-05,0.00917422775938,1.83484555188e-05,0.0,0.00522013559509,4.58711387969e-05,9.17422775938e-06,0.00883478133228,0.00634856560949,3.66969110375e-05,3.66969110375e-05,3.66969110375e-05,9.17422775938e-06,9.17422775938e-06,2.75226832781e-05,0.00436693241346,0.00238529921744,0.0053302263282,0.00888065247108,0.000201833010706,0.00866047100485,9.17422775938e-06,0.00233942807864,0.00877056173797,0.00517426445629,9.17422775938e-06,0.000917422775938,0.000155961871909,0.00339446427097,0.00113760424216,0.00660544398675,5.50453665563e-05,7.3393822075e-05,1.83484555188e-05,0.00403666021413,0.000155961871909,6.42195943156e-05,0.00174310327428,0.000788983587307,0.00164218676893,9.17422775938e-06,1.83484555188e-05,3.66969110375e-05,0.0,9.17422775938e-06,5.50453665563e-05,0.000137613416391,0.000155961871909,0.00104586196457,0.0015137475803,0.00226603425657,0.000834854726103,0.0,1.83484555188e-05,0.00175227750204,0.00489903762351,0.0,0.0,0.00909165970954,0.00169723213548,0.00778891936771,0.00144035375822,0.000119264960872,0.000174310327428,0.00418344785828,0.000660544398675,0.00816506270585,9.17422775938e-06,0.000100916505353,0.00862377409382,9.17422775938e-06,0.00255960954487,2.75226832781e-05,0.0,0.00865129677709,0.0,2.75226832781e-05,0.00115595269768,0.00074311244851,0.00312841166595,0.00719259456335,0.00413757671948,0.00607333877671,0.0,0.00292657865524,0.000137613416391,0.000275226832781,0.00106421042009,1.83484555188e-05,1.83484555188e-05,9.17422775938e-05,0.00236695076192,0.0,0.000100916505353,0.0,1.83484555188e-05,0.0,0.0,0.00173392904652,0.00219264043449,1.83484555188e-05,0.00916505353162,1.83484555188e-05,0.0,0.0,0.0,0.00370638801479,0.00541279437803,0.00832102457776,0.000999990825772,0.0026421775947,0.0,0.00336694158769,0.00488986339575,3.66969110375e-05,0.00373391069807,0.000174310327428,0.00231190539536,0.00485316648471,8.25680498344e-05,3.66969110375e-05,0.00346785809305,9.17422775938e-06,0.00540362015027,0.00636691406501,0.00833019880552,0.00280731369437,0.00761460904028,0.00459628810745,0.00506417372318,0.00148622489702,0.0,0.0041100540362,0.0,4.58711387969e-05,0.0085136833607,0.000357794882616,0.000137613416391,0.0,0.0,0.00177980018532,0.000403666021413,0.0,0.00906413702627,0.00779809359547,1.83484555188e-05,0.000100916505353,0.00779809359547,0.000137613416391,0.00917422775938,0.00379813029238,0.00450454582985,0.00868799368813,0.00044953716021,7.3393822075e-05,0.0042017963138,9.17422775938e-05,0.00223851157329,0.000486234071247,0.0014678764415,0.00135778570839,0.000522930982285,0.000357794882616,3.66969110375e-05,0.0,0.00167888367997,3.66969110375e-05,9.17422775938e-06,0.000431188704691,1.83484555188e-05,7.3393822075e-05,0.000522930982285,9.17422775938e-06,0.00754121521821,0.00366969110375,0.00844028953863,0.00916505353162,7.3393822075e-05,5.50453665563e-05,0.000339446427097,1.83484555188e-05,3.66969110375e-05,0.0,0.0082659792112,3.66969110375e-05,0.00290823019972,0.0,0.00879808442124,9.17422775938e-05,0.0036146457372,0.00917422775938,0.00105503619233,0.00250456417831,0.0085136833607,0.000752286676269,0.0,0.0,0.0,0.00448619737434,0.00313758589371,0.00073393822075,0.000284401060541,4.58711387969e-05,5.50453665563e-05,0.0091467050761,0.000697241309713,9.17422775938e-06,0.00162383831341,2.75226832781e-05,9.17422775938e-06,0.00711002651352,0.00833019880552,9.17422775938e-06,0.000504582526766,0.0,0.00834854726103,7.3393822075e-05,0.00430271281915,0.000403666021413
Gen 109
string_,string_rot,integer_swap,exec_sho,integer_gte,boolean_shove,boolean_and,string_pop,exec_eq,string_yankd,string_parse_to_chars,integer_lt,string_stackdepth,exec_do*whi,char_r,char_p,boolean_sw,integer_sho,boolean_invert_second_then_a,print_integ,char_iswhitespace,string_removechar,exec_emp,string_first,string_conc,string_yank,string_concat,string_setchar,exec_yankd,string_length,string_replacefirstch,char_d,integer_eq,exec_do*tim,string_emptystri,string_reverse,exec_yankdup,string_repla,exec_,char_ya,integer_mu,string_replacech,boolean_yankd,char_isletter,integer_add,string_empty,char_isdigit,print_integer,exec_shove,integer_fromstri,string_conjchar,boolean_or,boolean_empty,exec_wh,string_fromchar,integer_yankd,exec_do*while,integer_rot,string_rest,boolean_flu,integer_stackdep,char_iswhitespa,char_allfromstring,boolean_,char_allfromstri,exec_stackdepth,exec_do*range,char_shove,char_stackdep,string_removech,exec_stackdep,boolean_sho,string_indexofch,string_stackdep,string_leng,print_ch,integer_mult,boolean_xor,boolean_yankdup,integer_min,string_emp,integer_fromch,exec_yank,char_stackdepth,char_sw,integer_fromboole,string_replace,integer_div,string_replacefirst,boolean_frominteger,string_butla,char_isdig,integer_flush,integer_,string_yankdup,char_flu,print_exec,integer_yank,boolean_frominteg,string_emptystring,char_yankd,boolean_ya,string_swap,print_ex,exec_d,integer_max,char_swap,string_contains,char_empty,exec_dup,exec_k,string_frominteg,exec_noop,exec_p,exec_r,exec_s,string_sho,integer_flu,exec_y,boolean_rot,boolean_a,integer_ya,exec_ya,boolean_invert_first_then_a,string_spl,string_occurrencesofch,integer_yankdup,string_replacechar,char_sho,string_fromboolean,print_stri,exec_string_itera,print_newli,string_ta,string_replacefirstchar,string_substring,boolean_stackdepth,string_shove,string_containschar,exec_do*ran,char_yankdup,char_yank,integer_sw,exec_do*times,string_fromch,integer_shove,exec_if,exec_whi,integer_g,char_frominteger,char_frominteg,boolean_dup,string_eq,boolean_not,char_eq,boolean_flush,boolean_pop,string_butlast,exec_swap,string_replacefir,boolean_swap,exec_sw,string_n,print_string,exec_flush,print_newline,integer_a,string_d,string_dup,string_frominteger,string_contai,integer_mod,exec_do*count,string_fir,string_r,integer_fromchar,string_p,integer_inc,boolean_invert_first_then_and,integer_fromstring,exec_rot,integer_m,boolean_d,char_rot,exec_do*cou,string_take,exec_string_iterate,string_split,integer_pop,boolean_n,string_re,boolean_p,boolean_r,exec_pop,string_sw,boolean_x,boolean_emp,string_la,char_emp,boolean_stackdep,string_parse_to_cha,print_char,integer_dup,boolean_invert_second_then_and,integer_sub,string_setch,exec_no,boolean_yank,char_islett,string_ya,string_flu,integer_stackdepth,integer_emp,integer_dec,print_boole,integer_gt,exec,string_indexofchar,in1,char_dup,char_flush,char_pop,integer_lte,string_conjch,exec_flu,string_containsch,boolean_eq,string_flush,print_boolean,integer_d,string_rever,char_,exec_empty,string_last,integer_l,exec_when,integer_i,string_substri,string_nth,string_occurrencesofchar,integer_r,integer_s,integer_p,exec_while,integer_fromboolean,integer_empty,string_fromboole
1.81816528941e-05,0.00909082644703,0.00124544322324,0.000354542231434,0.00846355942219,0.00609994454596,0.0010636266943,0.00853628603376,0.000899991818256,9.09082644703e-06,0.00909082644703,0.00487268297561,0.00532722429796,0.0,9.09082644703e-06,3.63633057881e-05,1.81816528941e-05,0.0,0.000272724793411,0.0,0.00248179562004,0.00511813528968,0.000127271570258,0.00135453314061,1.81816528941e-05,0.00268179380187,0.00190907355388,0.00807265388496,0.000145453223153,0.00909082644703,9.09082644703e-06,0.0,0.00489995545495,5.45449586822e-05,9.09082644703e-06,0.00878173834783,0.00622721611622,4.54541322352e-05,1.81816528941e-05,4.54541322352e-05,0.0,0.0,2.72724793411e-05,0.00390905537222,0.00228179743821,0.00539086008309,0.00884537413296,0.000127271570258,0.00828174289325,9.09082644703e-06,0.00190907355388,0.0087181025627,0.00488177380206,1.81816528941e-05,0.00091817347115,1.81816528941e-05,0.00309997181844,0.00120907991746,0.00669084826502,5.45449586822e-05,7.27266115763e-05,9.09082644703e-06,0.00406359942182,0.000163634876047,6.36357851292e-05,0.00162725793402,0.000772720247998,0.00169089371915,0.0,2.72724793411e-05,5.45449586822e-05,1.81816528941e-05,2.72724793411e-05,1.81816528941e-05,0.000209089008282,0.000272724793411,0.000881810165362,0.00143635057863,0.00202725429769,0.000727266115763,0.0,9.09082644703e-06,0.00129089735548,0.0044272324797,0.0,0.0,0.00903628148835,0.00135453314061,0.0075181134717,0.00148180471087,8.18174380233e-05,0.000118180743811,0.00380905628131,0.000699993636421,0.00786356487668,9.09082644703e-06,0.000109089917364,0.00857264933955,9.09082644703e-06,0.00211816256216,6.36357851292e-05,0.0,0.00852719520732,0.0,2.72724793411e-05,0.000899991818256,0.000745447768657,0.0035363314879,0.00667266661212,0.00405450859538,0.00596358214925,0.0,0.00258179471096,0.000127271570258,0.000290906446305,0.000890900991809,1.81816528941e-05,1.81816528941e-05,8.18174380233e-05,0.00229088826465,9.09082644703e-06,8.18174380233e-05,0.0,3.63633057881e-05,0.0,0.0,0.0015272588431,0.00197270933901,9.09082644703e-06,0.00909082644703,0.0,0.0,0.0,0.0,0.00360905809947,0.00551813165335,0.00819083462878,0.000963627603385,0.00273633876056,9.09082644703e-06,0.00287270115726,0.00466359396733,4.54541322352e-05,0.00344542322343,0.000254543140517,0.00227270661176,0.0044454141326,6.36357851292e-05,0.0,0.00328178834738,0.0,0.00536358760375,0.00598176380215,0.00819992545522,0.00294542776884,0.00769083917419,0.00502722702521,0.00503631785166,0.00159089462823,0.0,0.00389996454578,0.0,2.72724793411e-05,0.00844537776929,0.000418178016563,0.000118180743811,1.81816528941e-05,1.81816528941e-05,0.00170907537204,0.000436359669458,9.09082644703e-06,0.00896355487677,0.00773629330642,9.09082644703e-06,5.45449586822e-05,0.00769993000064,0.000172725702494,0.00909082644703,0.00360905809947,0.00424541595076,0.00829992454614,0.000418178016563,9.09082644703e-05,0.00399087281025,9.99990909174e-05,0.00219088917373,0.000572722066163,0.00143635057863,0.00144544140508,0.000627267024845,0.000409087190116,2.72724793411e-05,0.0,0.00135453314061,6.36357851292e-05,1.81816528941e-05,0.000427268843011,9.09082644703e-06,3.63633057881e-05,0.00049090462814,2.72724793411e-05,0.00731811528986,0.00324542504159,0.00838174198416,0.00909082644703,3.63633057881e-05,3.63633057881e-05,0.000309088099199,1.81816528941e-05,2.72724793411e-05,0.0,0.00820901628167,2.72724793411e-05,0.00267270297543,0.0,0.00872719338915,9.09082644703e-06,0.00390905537222,0.00909082644703,0.00119998909101,0.00211816256216,0.00833628785193,0.000899991818256,0.0,0.0,0.0,0.00417268933919,0.00333633330606,0.000709084462869,0.000272724793411,5.45449586822e-05,2.72724793411e-05,0.0090453723148,0.000599994545504,0.0,0.00140907809929,0.0,1.81816528941e-05,0.00703629967,0.0084090144635,9.09082644703e-06,0.000445450495905,9.09082644703e-06,0.00809992636431,9.99990909174e-05,0.00397269115735,0.000309088099199
Gen 110
string_,string_rot,integer_swap,exec_sho,integer_gte,boolean_shove,boolean_and,string_pop,exec_eq,string_yankd,string_parse_to_chars,integer_lt,string_stackdepth,exec_do*whi,char_r,char_p,boolean_sw,integer_sho,boolean_invert_second_then_a,print_integ,char_iswhitespace,string_removechar,exec_emp,string_first,string_conc,string_yank,string_concat,string_setchar,exec_yankd,string_length,string_replacefirstch,char_d,integer_eq,exec_do*tim,string_emptystri,string_reverse,exec_yankdup,string_repla,exec_,char_ya,integer_mu,string_replacech,boolean_yankd,char_isletter,integer_add,string_empty,char_isdigit,print_integer,exec_shove,integer_fromstri,string_conjchar,boolean_or,boolean_empty,exec_wh,string_fromchar,integer_yankd,exec_do*while,integer_rot,string_rest,boolean_flu,integer_stackdep,char_iswhitespa,char_allfromstring,boolean_,char_allfromstri,exec_stackdepth,exec_do*range,char_shove,char_stackdep,string_removech,exec_stackdep,boolean_sho,string_indexofch,string_stackdep,string_leng,print_ch,integer_mult,boolean_xor,boolean_yankdup,integer_min,string_emp,integer_fromch,exec_yank,char_stackdepth,char_sw,integer_fromboole,string_replace,integer_div,string_replacefirst,boolean_frominteger,string_butla,char_isdig,integer_flush,integer_,string_yankdup,char_flu,print_exec,integer_yank,boolean_frominteg,string_emptystring,char_yankd,boolean_ya,string_swap,print_ex,exec_d,integer_max,char_swap,string_contains,char_empty,exec_dup,exec_k,string_frominteg,exec_noop,exec_p,exec_r,exec_s,string_sho,integer_flu,exec_y,boolean_rot,boolean_a,integer_ya,exec_ya,boolean_invert_first_then_a,string_spl,string_occurrencesofch,integer_yankdup,string_replacechar,char_sho,string_fromboolean,print_stri,exec_string_itera,print_newli,string_ta,string_replacefirstchar,string_substring,boolean_stackdepth,string_shove,string_containschar,exec_do*ran,char_yankdup,char_yank,integer_sw,exec_do*times,string_fromch,integer_shove,exec_if,exec_whi,integer_g,char_frominteger,char_frominteg,boolean_dup,string_eq,boolean_not,char_eq,boolean_flush,boolean_pop,string_butlast,exec_swap,string_replacefir,boolean_swap,exec_sw,string_n,print_string,exec_flush,print_newline,integer_a,string_d,string_dup,string_frominteger,string_contai,integer_mod,exec_do*count,string_fir,string_r,integer_fromchar,string_p,integer_inc,boolean_invert_first_then_and,integer_fromstring,exec_rot,integer_m,boolean_d,char_rot,exec_do*cou,string_take,exec_string_iterate,string_split,integer_pop,boolean_n,string_re,boolean_p,boolean_r,exec_pop,string_sw,boolean_x,boolean_emp,string_la,char_emp,boolean_stackdep,string_parse_to_cha,print_char,integer_dup,boolean_invert_second_then_and,integer_sub,string_setch,exec_no,boolean_yank,char_islett,string_ya,string_flu,integer_stackdepth,integer_emp,integer_dec,print_boole,integer_gt,exec,string_indexofchar,in1,char_dup,char_flush,char_pop,integer_lte,string_conjch,exec_flu,string_containsch,boolean_eq,string_flush,print_boolean,integer_d,string_rever,char_,exec_empty,string_last,integer_l,exec_when,integer_i,string_substri,string_nth,string_occurrencesofchar,integer_r,integer_s,integer_p,exec_while,integer_fromboolean,integer_empty,string_fromboole
0.0,0.0089909099918,0.00130629453789,0.000342339258205,0.00836028504248,0.00583778524518,0.000990982063225,0.00854947252727,0.000855848145512,1.8017855695e-05,0.0090089278475,0.00443239250097,0.00497292817182,9.0089278475e-06,9.0089278475e-06,8.10803506275e-05,1.8017855695e-05,0.0,0.0003603571139,9.0089278475e-06,0.00254051765299,0.00524319600724,6.30624949325e-05,0.00130629453789,3.603571139e-05,0.00263961585932,0.0019729551986,0.00812605291844,9.0089278475e-05,0.0090089278475,9.0089278475e-06,0.0,0.00506301745029,2.70267835425e-05,9.0089278475e-06,0.00876568679561,0.00636931198818,4.50446392375e-05,3.603571139e-05,9.0089278475e-06,0.0,1.8017855695e-05,1.8017855695e-05,0.0039459103972,0.00207205340492,0.00500896388321,0.00877469572346,0.000153151773407,0.00835127611463,2.70267835425e-05,0.00186484806443,0.00870262430068,0.00509004423384,1.8017855695e-05,0.00110809812524,4.50446392375e-05,0.00345041936559,0.00114413383663,0.0066575976793,3.603571139e-05,9.0089278475e-05,1.8017855695e-05,0.00426122287187,0.000189187484797,0.00010810713417,0.00136034810497,0.000891883856902,0.00190989270367,0.0,9.0089278475e-06,0.0,1.8017855695e-05,2.70267835425e-05,4.50446392375e-05,0.000153151773407,0.000342339258205,0.000774767794885,0.00143241952775,0.00209908018847,0.00061260709363,0.0,9.0089278475e-06,0.000909901712597,0.00456752641868,0.0,0.0,0.00898190106395,0.00123422311511,0.00759452617544,0.00137836596067,0.00010810713417,0.000126124989865,0.00391888361366,0.00050449995946,0.00816208862983,0.0,4.50446392375e-05,0.00845037432095,9.0089278475e-06,0.00185583913658,2.70267835425e-05,0.0,0.00862154395005,0.0,2.70267835425e-05,0.0010810713417,0.000702696372105,0.00361258006685,0.00678372266917,0.00423419608832,0.00605399951352,0.0,0.00314411581878,9.0089278475e-05,0.000297294618967,0.000774767794885,0.0,5.4053567085e-05,6.30624949325e-05,0.00206304447708,0.0,9.0089278475e-05,0.0,8.10803506275e-05,0.0,0.0,0.0019729551986,0.00212610697201,1.8017855695e-05,0.00899991891965,3.603571139e-05,2.70267835425e-05,0.0,0.0,0.00345041936559,0.00560355312114,0.00805398149566,0.00122521418726,0.00299096404537,9.0089278475e-06,0.00290988369474,0.00452248177944,3.603571139e-05,0.00339636579851,0.000207205340492,0.00247745515806,0.00434230322249,5.4053567085e-05,1.8017855695e-05,0.00303600868461,1.8017855695e-05,0.00527022279079,0.00615309771984,0.00807199935136,0.00251349086945,0.0073783119071,0.00481076747056,0.00501797281106,0.00152250880623,0.0,0.00417113359339,9.0089278475e-06,4.50446392375e-05,0.00836929397032,0.000423419608832,7.207142278e-05,0.0,0.0,0.00170268736318,0.000369366041747,9.0089278475e-06,0.00889181178548,0.00771164223746,1.8017855695e-05,4.50446392375e-05,0.00770263330961,0.000243241051882,0.0090089278475,0.00345942829344,0.00427023179971,0.00803596363997,0.000441437464527,0.000117116062017,0.00350447293268,9.0089278475e-05,0.0023513301682,0.00054053567085,0.00143241952775,0.00165764272394,0.000558553526545,0.00039639282529,2.70267835425e-05,0.0,0.00128827668219,4.50446392375e-05,2.70267835425e-05,0.000486482103765,0.0,3.603571139e-05,0.000531526743002,2.70267835425e-05,0.00741434761849,0.00332429437573,0.008270195764,0.00899991891965,3.603571139e-05,1.8017855695e-05,0.000171169629102,0.0,2.70267835425e-05,0.0,0.00822515112476,2.70267835425e-05,0.0028648390555,0.0,0.00868460644499,0.0,0.00353149971622,0.0090089278475,0.0016125980847,0.00203601769353,0.00817109755768,0.00100899991892,0.0,0.0,9.0089278475e-06,0.00447743714021,0.00367564256178,0.000693687444257,0.000351348186052,3.603571139e-05,9.0089278475e-06,0.00894586535256,0.00054053567085,9.0089278475e-06,0.00123422311511,9.0089278475e-06,0.0,0.0068287673084,0.00833325825893,9.0089278475e-06,0.000441437464527,0.0,0.00795488328934,0.000171169629102,0.00427023179971,0.000279276763272
Gen 111
string_,string_rot,integer_swap,exec_sho,integer_gte,boolean_shove,boolean_and,string_pop,exec_eq,string_yankd,string_parse_to_chars,integer_lt,string_stackdepth,exec_do*whi,char_r,char_p,boolean_sw,integer_sho,boolean_invert_second_then_a,print_integ,char_iswhitespace,string_removechar,exec_emp,string_first,string_conc,string_yank,string_concat,string_setchar,exec_yankd,string_length,string_replacefirstch,char_d,integer_eq,exec_do*tim,string_emptystri,string_reverse,exec_yankdup,string_repla,exec_,char_ya,integer_mu,string_replacech,boolean_yankd,char_isletter,integer_add,string_empty,char_isdigit,print_integer,exec_shove,integer_fromstri,string_conjchar,boolean_or,boolean_empty,exec_wh,string_fromchar,integer_yankd,exec_do*while,integer_rot,string_rest,boolean_flu,integer_stackdep,char_iswhitespa,char_allfromstring,boolean_,char_allfromstri,exec_stackdepth,exec_do*range,char_shove,char_stackdep,string_removech,exec_stackdep,boolean_sho,string_indexofch,string_stackdep,string_leng,print_ch,integer_mult,boolean_xor,boolean_yankdup,integer_min,string_emp,integer_fromch,exec_yank,char_stackdepth,char_sw,integer_fromboole,string_replace,integer_div,string_replacefirst,boolean_frominteger,string_butla,char_isdig,integer_flush,integer_,string_yankdup,char_flu,print_exec,integer_yank,boolean_frominteg,string_emptystring,char_yankd,boolean_ya,string_swap,print_ex,exec_d,integer_max,char_swap,string_contains,char_empty,exec_dup,exec_k,string_frominteg,exec_noop,exec_p,exec_r,exec_s,string_sho,integer_flu,exec_y,boolean_rot,boolean_a,integer_ya,exec_ya,boolean_invert_first_then_a,string_spl,string_occurrencesofch,integer_yankdup,string_replacechar,char_sho,string_fromboolean,print_stri,exec_string_itera,print_newli,string_ta,string_replacefirstchar,string_substring,boolean_stackdepth,string_shove,string_containschar,exec_do*ran,char_yankdup,char_yank,integer_sw,exec_do*times,string_fromch,integer_shove,exec_if,exec_whi,integer_g,char_frominteger,char_frominteg,boolean_dup,string_eq,boolean_not,char_eq,boolean_flush,boolean_pop,string_butlast,exec_swap,string_replacefir,boolean_swap,exec_sw,string_n,print_string,exec_flush,print_newline,integer_a,string_d,string_dup,string_frominteger,string_contai,integer_mod,exec_do*count,string_fir,string_r,integer_fromchar,string_p,integer_inc,boolean_invert_first_then_and,integer_fromstring,exec_rot,integer_m,boolean_d,char_rot,exec_do*cou,string_take,exec_string_iterate,string_split,integer_pop,boolean_n,string_re,boolean_p,boolean_r,exec_pop,string_sw,boolean_x,boolean_emp,string_la,char_emp,boolean_stackdep,string_parse_to_cha,print_char,integer_dup,boolean_invert_second_then_and,integer_sub,string_setch,exec_no,boolean_yank,char_islett,string_ya,string_flu,integer_stackdepth,integer_emp,integer_dec,print_boole,integer_gt,exec,string_indexofchar,in1,char_dup,char_flush,char_pop,integer_lte,string_conjch,exec_flu,string_containsch,boolean_eq,string_flush,print_boolean,integer_d,string_rever,char_,exec_empty,string_last,integer_l,exec_when,integer_i,string_substri,string_nth,string_occurrencesofchar,integer_r,integer_s,integer_p,exec_while,integer_fromboolean,integer_empty,string_fromboole
8.9284917099e-06,0.0089284917099,0.00119641788913,0.000258926259587,0.00814278443942,0.00589280452853,0.000964277104669,0.00859813751663,0.000678565369952,8.9284917099e-06,0.0089284917099,0.00453567378863,0.00455353077205,0.0,1.78569834198e-05,9.82134088088e-05,2.67854751297e-05,0.0,0.000249997767877,1.78569834198e-05,0.002616048071,0.00489281345702,4.46424585495e-05,0.00120534638084,2.67854751297e-05,0.00266069052955,0.00211605253525,0.00806242801404,0.000160712850778,0.0089284917099,0.0,0.0,0.00489281345702,3.57139668396e-05,5.35709502594e-05,0.00879456433425,0.00590173302024,8.03564253891e-05,0.0,0.0,0.0,2.67854751297e-05,3.57139668396e-05,0.00429460451246,0.00183034080053,0.00516066820832,0.00873206489228,6.24994419693e-05,0.00831242578191,5.35709502594e-05,0.00190176873421,0.00841063919072,0.00537495200936,0.0,0.00106249051348,3.57139668396e-05,0.00390175087722,0.00109820448032,0.00649101347309,8.03564253891e-05,5.35709502594e-05,8.9284917099e-06,0.00408924920313,0.000214283801037,3.57139668396e-05,0.00121427487255,0.000946420121249,0.00157141454094,0.0,3.57139668396e-05,8.9284917099e-06,8.9284917099e-06,0.0,8.9284917099e-05,0.000196426817618,0.000232140784457,0.000687493861662,0.00130355978964,0.00165177096633,0.000633922911403,8.9284917099e-06,5.35709502594e-05,0.000776778778761,0.00474995758966,0.0,0.0,0.00886599226793,0.0010803474969,0.00761600342854,0.00149105811555,6.24994419693e-05,0.000116070392229,0.00428567602075,0.000607137436273,0.00805349952233,0.0,7.14279336792e-05,0.00862492299176,0.0,0.00184819778395,2.67854751297e-05,0.0,0.00867849394202,0.0,0.0,0.00082142123731,0.000803564253891,0.00410710618655,0.006678511799,0.00386603691038,0.00587494754511,0.0,0.0029731877394,9.82134088088e-05,0.000258926259587,0.000669636878242,2.67854751297e-05,8.9284917099e-06,7.14279336792e-05,0.00197319666789,8.9284917099e-06,9.82134088088e-05,0.0,8.03564253891e-05,8.9284917099e-06,8.9284917099e-06,0.00183926929224,0.0027946179052,2.67854751297e-05,0.00891063472648,3.57139668396e-05,4.46424585495e-05,0.0,0.0,0.00382139445184,0.00528566709226,0.00792850063839,0.00119641788913,0.00292854528085,0.0,0.00263390505442,0.00456245926376,8.9284917099e-06,0.00383925143526,0.000267854751297,0.00231247935286,0.00434817546272,8.03564253891e-05,8.9284917099e-06,0.00299104472281,2.67854751297e-05,0.00549102240159,0.00601780341247,0.00824099784823,0.00233926482799,0.00709815090937,0.00524102463371,0.0048749564736,0.00169641342488,8.9284917099e-06,0.00400889277774,3.57139668396e-05,5.35709502594e-05,0.00827671181507,0.000446424585495,7.14279336792e-05,0.0,8.9284917099e-06,0.00166069945804,0.000303568718136,0.0,0.00876777885912,0.00767850287051,2.67854751297e-05,5.35709502594e-05,0.00767850287051,0.000142855867358,0.0089284917099,0.0039731788109,0.00420531959536,0.00791957214668,0.000616065927983,0.000116070392229,0.0036963955679,6.24994419693e-05,0.00216069499379,0.000758921795341,0.00140177319845,0.00108927598861,0.000437496093785,0.000374996651816,8.9284917099e-06,0.0,0.00130355978964,2.67854751297e-05,1.78569834198e-05,0.000616065927983,8.9284917099e-06,2.67854751297e-05,0.000410710618655,1.78569834198e-05,0.00719636431818,0.00298211623111,0.00820528388139,0.00891956321819,7.14279336792e-05,5.35709502594e-05,0.000169641342488,2.67854751297e-05,8.9284917099e-06,0.0,0.00822314086481,8.9284917099e-06,0.00286604583888,8.9284917099e-06,0.00851778109124,8.9284917099e-06,0.00374996651816,0.0089284917099,0.00148212962384,0.00232140784457,0.00814278443942,0.00112498995545,0.0,0.0,8.9284917099e-06,0.00445531736324,0.00355353970054,0.000446424585495,0.000205355309328,2.67854751297e-05,8.9284917099e-06,0.00887492075964,0.000553566486014,0.0,0.00115177543058,8.9284917099e-06,0.0,0.00711600789279,0.00811599896429,0.0,0.000410710618655,8.9284917099e-06,0.00785707270471,0.000223212292747,0.00408032071142,0.000366068160106
Gen 112
string_,string_rot,integer_swap,exec_sho,integer_gte,boolean_shove,boolean_and,string_pop,exec_eq,string_yankd,string_parse_to_chars,integer_lt,string_stackdepth,exec_do*whi,char_r,char_p,boolean_sw,integer_sho,boolean_invert_second_then_a,print_integ,char_iswhitespace,string_removechar,exec_emp,string_first,string_conc,string_yank,string_concat,string_setchar,exec_yankd,string_length,string_replacefirstch,char_d,integer_eq,exec_do*tim,string_emptystri,string_reverse,exec_yankdup,string_repla,exec_,char_ya,integer_mu,string_replacech,boolean_yankd,char_isletter,integer_add,string_empty,char_isdigit,print_integer,exec_shove,integer_fromstri,string_conjchar,boolean_or,boolean_empty,exec_wh,string_fromchar,integer_yankd,exec_do*while,integer_rot,string_rest,boolean_flu,integer_stackdep,char_iswhitespa,char_allfromstring,boolean_,char_allfromstri,exec_stackdepth,exec_do*range,char_shove,char_stackdep,string_removech,exec_stackdep,boolean_sho,string_indexofch,string_stackdep,string_leng,print_ch,integer_mult,boolean_xor,boolean_yankdup,integer_min,string_emp,integer_fromch,exec_yank,char_stackdepth,char_sw,integer_fromboole,string_replace,integer_div,string_replacefirst,boolean_frominteger,string_butla,char_isdig,integer_flush,integer_,string_yankdup,char_flu,print_exec,integer_yank,boolean_frominteg,string_emptystring,char_yankd,boolean_ya,string_swap,print_ex,exec_d,integer_max,char_swap,string_contains,char_empty,exec_dup,exec_k,string_frominteg,exec_noop,exec_p,exec_r,exec_s,string_sho,integer_flu,exec_y,boolean_rot,boolean_a,integer_ya,exec_ya,boolean_invert_first_then_a,string_spl,string_occurrencesofch,integer_yankdup,string_replacechar,char_sho,string_fromboolean,print_stri,exec_string_itera,print_newli,string_ta,string_replacefirstchar,string_substring,boolean_stackdepth,string_shove,string_containschar,exec_do*ran,char_yankdup,char_yank,integer_sw,exec_do*times,string_fromch,integer_shove,exec_if,exec_whi,integer_g,char_frominteger,char_frominteg,boolean_dup,string_eq,boolean_not,char_eq,boolean_flush,boolean_pop,string_butlast,exec_swap,string_replacefir,boolean_swap,exec_sw,string_n,print_string,exec_flush,print_newline,integer_a,string_d,string_dup,string_frominteger,string_contai,integer_mod,exec_do*count,string_fir,string_r,integer_fromchar,string_p,integer_inc,boolean_invert_first_then_and,integer_fromstring,exec_rot,integer_m,boolean_d,char_rot,exec_do*cou,string_take,exec_string_iterate,string_split,integer_pop,boolean_n,string_re,boolean_p,boolean_r,exec_pop,string_sw,boolean_x,boolean_emp,string_la,char_emp,boolean_stackdep,string_parse_to_cha,print_char,integer_dup,boolean_invert_second_then_and,integer_sub,string_setch,exec_no,boolean_yank,char_islett,string_ya,string_flu,integer_stackdepth,integer_emp,integer_dec,print_boole,integer_gt,exec,string_indexofchar,in1,char_dup,char_flush,char_pop,integer_lte,string_conjch,exec_flu,string_containsch,boolean_eq,string_flush,print_boolean,integer_d,string_rever,char_,exec_empty,string_last,integer_l,exec_when,integer_i,string_substri,string_nth,string_occurrencesofchar,integer_r,integer_s,integer_p,exec_while,integer_fromboolean,integer_empty,string_fromboole
1.76989584163e-05,0.00884062972894,0.0013008734436,0.00033628020991,0.00812382191308,0.00569021513084,0.000920345837647,0.00833620941408,0.000725657295068,1.76989584163e-05,0.00884947920815,0.00429199741595,0.00458403022982,8.84947920815e-06,8.84947920815e-06,0.000115043229706,0.0,0.0,0.00014159166733,8.84947920815e-06,0.00292032813869,0.0049999557526,5.30968752489e-05,0.00117698073468,2.65484376244e-05,0.00274333855453,0.0020619286555,0.00796453128733,0.00014159166733,0.00884947920815,8.84947920815e-06,0.0,0.00497340731498,0.000115043229706,2.65484376244e-05,0.00863709170715,0.00609729117441,5.30968752489e-05,2.65484376244e-05,0.0,8.84947920815e-06,8.84947920815e-06,2.65484376244e-05,0.0045663312714,0.0018495411545,0.00483181564765,0.00873443597844,7.07958336652e-05,0.00830081149724,8.84947920815e-05,0.00191148750896,0.00842470420616,0.00530083804568,0.0,0.00115928177627,1.76989584163e-05,0.00405306147733,0.00111503438023,0.00647781878036,0.000115043229706,8.84947920815e-05,1.76989584163e-05,0.00418580366545,0.000212387500996,5.30968752489e-05,0.0013008734436,0.000964593233688,0.00133627136043,0.0,6.1946354457e-05,1.76989584163e-05,1.76989584163e-05,3.53979168326e-05,6.1946354457e-05,0.000106193750498,0.000265484376244,0.000663710940611,0.0015221104238,0.00156635781984,0.000646011982195,0.0,3.53979168326e-05,0.000690259378236,0.00426544897833,0.0,0.0,0.00876098441607,0.000999991150521,0.00752205732693,0.00171679896638,7.07958336652e-05,0.000132742188122,0.00414155626941,0.000699108857444,0.00806187555862,0.0,4.42473960407e-05,0.00856629587349,0.0,0.00169910000796,1.76989584163e-05,0.0,0.00853089795666,0.0,8.84947920815e-06,0.000734506774276,0.00081415208715,0.00425659949912,0.00650436721799,0.00417695418625,0.00594685002788,0.0,0.00306191980602,8.84947920815e-05,0.000203538021787,0.000504420314864,0.0,1.76989584163e-05,0.000123892708914,0.00201768125946,8.84947920815e-06,0.000176989584163,0.0,6.1946354457e-05,0.0,0.0,0.00156635781984,0.00263714480403,2.65484376244e-05,0.00884947920815,1.76989584163e-05,0.000106193750498,0.0,0.0,0.00346899584959,0.00518579481598,0.00772559534871,0.00103538906735,0.00308846824364,0.0,0.00246900469907,0.00430084689516,0.0,0.00365483491297,0.000221236980204,0.00225661719808,0.00391146981,8.84947920815e-05,2.65484376244e-05,0.00299997345156,1.76989584163e-05,0.00524774117043,0.00596454898629,0.00821231670516,0.00230086459412,0.00737161618039,0.00506190210706,0.00481411668923,0.0017344979248,0.0,0.00465482606349,3.53979168326e-05,4.42473960407e-05,0.00806187555862,0.000539818231697,6.1946354457e-05,1.76989584163e-05,0.0,0.00147786302776,0.000318581251493,0.0,0.0085751453527,0.00766364899426,2.65484376244e-05,7.07958336652e-05,0.00748665941009,0.000132742188122,0.00884947920815,0.00369908230901,0.00400881408129,0.00751320784772,0.000530968752489,6.1946354457e-05,0.00383182449713,4.42473960407e-05,0.0022831656357,0.000787603649525,0.00155750834063,0.00128317448518,0.000451323439616,0.00038052760595,8.84947920815e-06,0.0,0.00134512083964,1.76989584163e-05,8.84947920815e-06,0.000628313023779,0.0,0.0,0.000442473960407,4.42473960407e-05,0.00680524951107,0.00278758595057,0.00797338076654,0.00882293077052,4.42473960407e-05,2.65484376244e-05,0.000283183334661,5.30968752489e-05,0.0,8.84947920815e-06,0.00810612295466,2.65484376244e-05,0.00313271563968,0.0,0.00851319899824,8.84947920815e-06,0.0034778453288,0.00884947920815,0.00161945469509,0.00246900469907,0.00799992920417,0.000902646879231,8.84947920815e-06,8.84947920815e-06,0.0,0.00446013752091,0.0035840390793,0.000292032813869,0.000256634897036,5.30968752489e-05,2.65484376244e-05,0.00872558649923,0.000699108857444,0.0,0.000902646879231,8.84947920815e-06,8.84947920815e-06,0.00700878753285,0.00798223024575,0.0,0.000415925522783,1.76989584163e-05,0.00784063857842,0.000283183334661,0.00397341616446,0.000159290625747
Gen 113
string_,string_rot,integer_swap,exec_sho,integer_gte,boolean_shove,boolean_and,string_pop,exec_eq,string_yankd,string_parse_to_chars,integer_lt,string_stackdepth,exec_do*whi,char_r,char_p,boolean_sw,integer_sho,boolean_invert_second_then_a,print_integ,char_iswhitespace,string_removechar,exec_emp,string_first,string_conc,string_yank,string_concat,string_setchar,exec_yankd,string_length,string_replacefirstch,char_d,integer_eq,exec_do*tim,string_emptystri,string_reverse,exec_yankdup,string_repla,exec_,char_ya,integer_mu,string_replacech,boolean_yankd,char_isletter,integer_add,string_empty,char_isdigit,print_integer,exec_shove,integer_fromstri,string_conjchar,boolean_or,boolean_empty,exec_wh,string_fromchar,integer_yankd,exec_do*while,integer_rot,string_rest,boolean_flu,integer_stackdep,char_iswhitespa,char_allfromstring,boolean_,char_allfromstri,exec_stackdepth,exec_do*range,char_shove,char_stackdep,string_removech,exec_stackdep,boolean_sho,string_indexofch,string_stackdep,string_leng,print_ch,integer_mult,boolean_xor,boolean_yankdup,integer_min,string_emp,integer_fromch,exec_yank,char_stackdepth,char_sw,integer_fromboole,string_replace,integer_div,string_replacefirst,boolean_frominteger,string_butla,char_isdig,integer_flush,integer_,string_yankdup,char_flu,print_exec,integer_yank,boolean_frominteg,string_emptystring,char_yankd,boolean_ya,string_swap,print_ex,exec_d,integer_max,char_swap,string_contains,char_empty,exec_dup,exec_k,string_frominteg,exec_noop,exec_p,exec_r,exec_s,string_sho,integer_flu,exec_y,boolean_rot,boolean_a,integer_ya,exec_ya,boolean_invert_first_then_a,string_spl,string_occurrencesofch,integer_yankdup,string_replacechar,char_sho,string_fromboolean,print_stri,exec_string_itera,print_newli,string_ta,string_replacefirstchar,string_substring,boolean_stackdepth,string_shove,string_containschar,exec_do*ran,char_yankdup,char_yank,integer_sw,exec_do*times,string_fromch,integer_shove,exec_if,exec_whi,integer_g,char_frominteger,char_frominteg,boolean_dup,string_eq,boolean_not,char_eq,boolean_flush,boolean_pop,string_butlast,exec_swap,string_replacefir,boolean_swap,exec_sw,string_n,print_string,exec_flush,print_newline,integer_a,string_d,string_dup,string_frominteger,string_contai,integer_mod,exec_do*count,string_fir,string_r,integer_fromchar,string_p,integer_inc,boolean_invert_first_then_and,integer_fromstring,exec_rot,integer_m,boolean_d,char_rot,exec_do*cou,string_take,exec_string_iterate,string_split,integer_pop,boolean_n,string_re,boolean_p,boolean_r,exec_pop,string_sw,boolean_x,boolean_emp,string_la,char_emp,boolean_stackdep,string_parse_to_cha,print_char,integer_dup,boolean_invert_second_then_and,integer_sub,string_setch,exec_no,boolean_yank,char_islett,string_ya,string_flu,integer_stackdepth,integer_emp,integer_dec,print_boole,integer_gt,exec,string_indexofchar,in1,char_dup,char_flush,char_pop,integer_lte,string_conjch,exec_flu,string_containsch,boolean_eq,string_flush,print_boolean,integer_d,string_rever,char_,exec_empty,string_last,integer_l,exec_when,integer_i,string_substri,string_nth,string_occurrencesofchar,integer_r,integer_s,integer_p,exec_while,integer_fromboolean,integer_empty,string_fromboole
0.0,0.00876308102561,0.00132454978465,0.000280699292111,0.00801747353093,0.00568416066526,0.00098244752239,0.00830694467592,0.000763151200428,8.77185287848e-06,0.00876308102561,0.00458767905545,0.00475434426014,0.0,8.77185287848e-06,7.89466759064e-05,8.77185287848e-06,0.0,0.000201752616205,8.77185287848e-06,0.00266664327506,0.00531574284436,2.63155586355e-05,0.00119297199147,2.63155586355e-05,0.00296488627293,0.0022017350725,0.00773677423882,7.89466759064e-05,0.00877185287848,0.0,0.0,0.00471925684862,3.50874115139e-05,1.7543705757e-05,0.00864027508531,0.00574556363541,2.63155586355e-05,2.63155586355e-05,8.77185287848e-06,8.77185287848e-06,3.50874115139e-05,0.0,0.00449996052666,0.00211401654371,0.00504381540513,0.00859641582091,0.000201752616205,0.00815782317699,0.000105262234542,0.00250874992325,0.00844729432198,0.00551749546057,0.0,0.00121051569723,5.26311172709e-05,0.00414031455864,0.00113156902132,0.00656134595311,0.000122805940299,7.01748230279e-05,4.38592643924e-05,0.0042806642047,0.00028947114499,6.14029701494e-05,0.00114911272708,0.000710520083157,0.00148244313646,8.77185287848e-06,3.50874115139e-05,6.14029701494e-05,8.77185287848e-06,2.63155586355e-05,0.000131577793177,9.64903816633e-05,0.000201752616205,0.0006929763774,0.00174559872282,0.00164910834115,0.000780694906185,0.0,5.26311172709e-05,0.000833326023456,0.00359645968018,0.0,0.0,0.00874553731985,0.00105262234542,0.00776308979746,0.00172805501706,7.01748230279e-05,5.26311172709e-05,0.00448241682091,0.000736835641793,0.00805256094245,8.77185287848e-06,8.77185287848e-05,0.00857010026228,1.7543705757e-05,0.00207015727932,5.26311172709e-05,0.0,0.00839466320471,0.0,1.7543705757e-05,0.000991219375269,0.000824554170577,0.00407013973562,0.00673678301068,0.00422803308743,0.00550872360769,0.0,0.00296488627293,0.00011403408742,0.000210524469084,0.000482451908317,8.77185287848e-06,8.77185287848e-06,7.01748230279e-05,0.00221050692538,0.0,0.000201752616205,0.0,2.63155586355e-05,0.0,0.0,0.00160524907676,0.00295611442005,2.63155586355e-05,0.00872799361409,2.63155586355e-05,0.000131577793177,0.0,0.0,0.00370172191472,0.00465785387847,0.0076227401514,0.00112279716845,0.00311400777186,0.0,0.00242980324734,0.00448241682091,2.63155586355e-05,0.00408768344137,0.000122805940299,0.00210524469084,0.00392101823668,8.77185287848e-05,3.50874115139e-05,0.00292102700854,1.7543705757e-05,0.00535960210875,0.0060350347804,0.00813150761835,0.00224559433689,0.00745607494671,0.00492978131771,0.00519293690406,0.00142104016631,0.0,0.00499118428786,0.0,1.7543705757e-05,0.00814027947123,0.000517539319831,5.26311172709e-05,1.7543705757e-05,0.0,0.00173682686994,0.000570170437101,0.0,0.00858764396804,0.00755256532837,1.7543705757e-05,0.000105262234542,0.00756133718125,0.000122805940299,0.00877185287848,0.00382452785502,0.00410522714713,0.00769291497443,0.000535083025587,6.14029701494e-05,0.00420171752879,7.89466759064e-05,0.00208770098508,0.000640345260129,0.0017105113113,0.000964903816633,0.000315786703625,0.00028947114499,5.26311172709e-05,0.0,0.00170173945843,8.77185287848e-06,8.77185287848e-06,0.000570170437101,8.77185287848e-06,6.14029701494e-05,0.000429820791046,0.0,0.0067280111578,0.00318418259489,0.00802624538381,0.00876308102561,7.89466759064e-05,3.50874115139e-05,0.000333330409382,5.26311172709e-05,0.0,8.77185287848e-06,0.00812273576548,3.50874115139e-05,0.00299997368444,8.77185287848e-06,0.00849992543925,1.7543705757e-05,0.00392979008956,0.00877185287848,0.00149121498934,0.00257892474627,0.00814905132411,0.00086841343497,8.77185287848e-06,8.77185287848e-06,8.77185287848e-06,0.00437715458636,0.00372803747336,0.000482451908317,0.000429820791046,6.14029701494e-05,0.0,0.0086841343497,0.000789466759064,0.0,0.000824554170577,1.7543705757e-05,0.0,0.00714028824309,0.00787712388488,0.0,0.000394733379532,5.26311172709e-05,0.0076227401514,0.000315786703625,0.00401750861835,0.000263155586355
Gen 114
string_,string_rot,integer_swap,exec_sho,integer_gte,boolean_shove,boolean_and,string_pop,exec_eq,string_yankd,string_parse_to_chars,integer_lt,string_stackdepth,exec_do*whi,char_r,char_p,boolean_sw,integer_sho,boolean_invert_second_then_a,print_integ,char_iswhitespace,string_removechar,exec_emp,string_first,string_conc,string_yank,string_concat,string_setchar,exec_yankd,string_length,string_replacefirstch,char_d,integer_eq,exec_do*tim,string_emptystri,string_reverse,exec_yankdup,string_repla,exec_,char_ya,integer_mu,string_replacech,boolean_yankd,char_isletter,integer_add,string_empty,char_isdigit,print_integer,exec_shove,integer_fromstri,string_conjchar,boolean_or,boolean_empty,exec_wh,string_fromchar,integer_yankd,exec_do*while,integer_rot,string_rest,boolean_flu,integer_stackdep,char_iswhitespa,char_allfromstring,boolean_,char_allfromstri,exec_stackdepth,exec_do*range,char_shove,char_stackdep,string_removech,exec_stackdep,boolean_sho,string_indexofch,string_stackdep,string_leng,print_ch,integer_mult,boolean_xor,boolean_yankdup,integer_min,string_emp,integer_fromch,exec_yank,char_stackdepth,char_sw,integer_fromboole,string_replace,integer_div,string_replacefirst,boolean_frominteger,string_butla,char_isdig,integer_flush,integer_,string_yankdup,char_flu,print_exec,integer_yank,boolean_frominteg,string_emptystring,char_yankd,boolean_ya,string_swap,print_ex,exec_d,integer_max,char_swap,string_contains,char_empty,exec_dup,exec_k,string_frominteg,exec_noop,exec_p,exec_r,exec_s,string_sho,integer_flu,exec_y,boolean_rot,boolean_a,integer_ya,exec_ya,boolean_invert_first_then_a,string_spl,string_occurrencesofch,integer_yankdup,string_replacechar,char_sho,string_fromboolean,print_stri,exec_string_itera,print_newli,string_ta,string_replacefirstchar,string_substring,boolean_stackdepth,string_shove,string_containschar,exec_do*ran,char_yankdup,char_yank,integer_sw,exec_do*times,string_fromch,integer_shove,exec_if,exec_whi,integer_g,char_frominteger,char_frominteg,boolean_dup,string_eq,boolean_not,char_eq,boolean_flush,boolean_pop,string_butlast,exec_swap,string_replacefir,boolean_swap,exec_sw,string_n,print_string,exec_flush,print_newline,integer_a,string_d,string_dup,string_frominteger,string_contai,integer_mod,exec_do*count,string_fir,string_r,integer_fromchar,string_p,integer_inc,boolean_invert_first_then_and,integer_fromstring,exec_rot,integer_m,boolean_d,char_rot,exec_do*cou,string_take,exec_string_iterate,string_split,integer_pop,boolean_n,string_re,boolean_p,boolean_r,exec_pop,string_sw,boolean_x,boolean_emp,string_la,char_emp,boolean_stackdep,string_parse_to_cha,print_char,integer_dup,boolean_invert_second_then_and,integer_sub,string_setch,exec_no,boolean_yank,char_islett,string_ya,string_flu,integer_stackdepth,integer_emp,integer_dec,print_boole,integer_gt,exec,string_indexofchar,in1,char_dup,char_flush,char_pop,integer_lte,string_conjch,exec_flu,string_containsch,boolean_eq,string_flush,print_boolean,integer_d,string_rever,char_,exec_empty,string_last,integer_l,exec_when,integer_i,string_substri,string_nth,string_occurrencesofchar,integer_r,integer_s,integer_p,exec_while,integer_fromboolean,integer_empty,string_fromboole
0.0,0.00867818540708,0.00114781610595,0.000252171720246,0.00798253928227,0.00567821149381,0.000939122268502,0.00839992695716,0.000930426691942,8.6955765602e-06,0.0086955765602,0.00468691576595,0.00506082555804,8.6955765602e-06,8.6955765602e-06,6.08690359214e-05,2.60867296806e-05,0.0,0.000260867296806,0.0,0.00230432778845,0.00546951765637,3.47823062408e-05,0.00115651168251,2.60867296806e-05,0.00235650124782,0.00218258971661,0.00786080121042,0.000234780567126,0.0086955765602,8.6955765602e-06,0.0,0.00438257058634,8.6955765602e-06,0.0,0.00864340310084,0.00568690707037,6.08690359214e-05,5.21734593612e-05,2.60867296806e-05,0.0,8.6955765602e-06,8.6955765602e-06,0.00440865731602,0.00220867644629,0.00540864862045,0.00853036060556,0.000147824801523,0.00799993043539,0.000113042495283,0.00236519682438,0.00841731811028,0.00541734419701,0.0,0.00125216302467,1.73911531204e-05,0.00444343962226,0.00156520378084,0.00683472317632,9.56513421622e-05,6.95646124816e-05,1.73911531204e-05,0.00453909096443,0.000269562873366,9.56513421622e-05,0.00131303206059,0.000713037277937,0.00155650820428,0.0,3.47823062408e-05,0.000104346918722,2.60867296806e-05,5.21734593612e-05,9.56513421622e-05,6.95646124816e-05,0.000234780567126,0.000547821323293,0.00211302510413,0.00141737897931,0.000930426691942,0.0,5.21734593612e-05,0.000747819584178,0.00356518638968,0.0,0.0,0.00868688098364,0.00123477187155,0.00774775871514,0.0016173772402,9.56513421622e-05,5.21734593612e-05,0.00482604499091,0.000913035538821,0.00805210389475,1.73911531204e-05,6.08690359214e-05,0.008521665029,8.6955765602e-06,0.00213911183381,2.60867296806e-05,0.0,0.00832166676812,0.0,3.47823062408e-05,0.000991295727863,0.000947817845062,0.00440865731602,0.00670428952792,0.00366083773185,0.00548690880949,0.0,0.00259128181494,0.000156520378084,0.000182607107764,0.00042608325145,0.0,8.6955765602e-06,9.56513421622e-05,0.00192172241981,8.6955765602e-06,0.000156520378084,0.0,1.73911531204e-05,0.0,8.6955765602e-06,0.00159998608708,0.00333910139912,0.0,0.00867818540708,8.6955765602e-06,0.000104346918722,0.0,0.0,0.00361735984904,0.00449561308163,0.00779123659794,0.00111303379971,0.00326084121008,8.6955765602e-06,0.00226084990565,0.00431300597386,4.3477882801e-05,0.00476517595499,0.000173911531204,0.00208693837445,0.00397387848801,8.6955765602e-05,2.60867296806e-05,0.00317388544447,1.73911531204e-05,0.00526951939548,0.00602603455622,0.00828688446187,0.00209563395101,0.00759123833706,0.00510430344084,0.00530430170172,0.00129564090747,8.6955765602e-06,0.00539995304389,2.60867296806e-05,4.3477882801e-05,0.00811297293067,0.000713037277937,4.3477882801e-05,3.47823062408e-05,1.73911531204e-05,0.00173911531204,0.000460865557691,0.0,0.00846949156964,0.0074955869949,1.73911531204e-05,6.08690359214e-05,0.00742602238241,0.000130433648403,0.0086955765602,0.00360866427248,0.00419996347858,0.00759123833706,0.00042608325145,5.21734593612e-05,0.00459126442379,6.95646124816e-05,0.00220867644629,0.000686950548256,0.00162607281676,0.00103477361066,0.000347823062408,0.000226084990565,1.73911531204e-05,0.0,0.00147824801523,3.47823062408e-05,8.6955765602e-06,0.000582603629534,0.0,6.95646124816e-05,0.000373909792089,0.0,0.00653907357327,0.00324345005696,0.00813036408379,0.0086955765602,6.95646124816e-05,4.3477882801e-05,0.00042608325145,3.47823062408e-05,0.0,0.0,0.00819123311971,8.6955765602e-06,0.00308692967887,0.0,0.00836514465092,8.6955765602e-06,0.00411300771298,0.0086955765602,0.00133911879027,0.00281736680551,0.00809558177755,0.00106955591691,1.73911531204e-05,0.0,0.0,0.00451300423475,0.00383474926305,0.000399996521769,0.000313040756167,1.73911531204e-05,8.6955765602e-06,0.008521665029,0.00083477534978,0.0,0.000904339962261,8.6955765602e-06,0.0,0.00706080816689,0.00782601890418,0.0,0.000365214215529,6.95646124816e-05,0.00745210911209,0.000286954026487,0.00411300771298,0.000217389414005
Gen 115
string_,string_rot,integer_swap,exec_sho,integer_gte,boolean_shove,boolean_and,string_pop,exec_eq,string_yankd,string_parse_to_chars,integer_lt,string_stackdepth,exec_do*whi,char_r,char_p,boolean_sw,integer_sho,boolean_invert_second_then_a,print_integ,char_iswhitespace,string_removechar,exec_emp,string_first,string_conc,string_yank,string_concat,string_setchar,exec_yankd,string_length,string_replacefirstch,char_d,integer_eq,exec_do*tim,string_emptystri,string_reverse,exec_yankdup,string_repla,exec_,char_ya,integer_mu,string_replacech,boolean_yankd,char_isletter,integer_add,string_empty,char_isdigit,print_integer,exec_shove,integer_fromstri,string_conjchar,boolean_or,boolean_empty,exec_wh,string_fromchar,integer_yankd,exec_do*while,integer_rot,string_rest,boolean_flu,integer_stackdep,char_iswhitespa,char_allfromstring,boolean_,char_allfromstri,exec_stackdepth,exec_do*range,char_shove,char_stackdep,string_removech,exec_stackdep,boolean_sho,string_indexofch,string_stackdep,string_leng,print_ch,integer_mult,boolean_xor,boolean_yankdup,integer_min,string_emp,integer_fromch,exec_yank,char_stackdepth,char_sw,integer_fromboole,string_replace,integer_div,string_replacefirst,boolean_frominteger,string_butla,char_isdig,integer_flush,integer_,string_yankdup,char_flu,print_exec,integer_yank,boolean_frominteg,string_emptystring,char_yankd,boolean_ya,string_swap,print_ex,exec_d,integer_max,char_swap,string_contains,char_empty,exec_dup,exec_k,string_frominteg,exec_noop,exec_p,exec_r,exec_s,string_sho,integer_flu,exec_y,boolean_rot,boolean_a,integer_ya,exec_ya,boolean_invert_first_then_a,string_spl,string_occurrencesofch,integer_yankdup,string_replacechar,char_sho,string_fromboolean,print_stri,exec_string_itera,print_newli,string_ta,string_replacefirstchar,string_substring,boolean_stackdepth,string_shove,string_containschar,exec_do*ran,char_yankdup,char_yank,integer_sw,exec_do*times,string_fromch,integer_shove,exec_if,exec_whi,integer_g,char_frominteger,char_frominteg,boolean_dup,string_eq,boolean_not,char_eq,boolean_flush,boolean_pop,string_butlast,exec_swap,string_replacefir,boolean_swap,exec_sw,string_n,print_string,exec_flush,print_newline,integer_a,string_d,string_dup,string_frominteger,string_contai,integer_mod,exec_do*count,string_fir,string_r,integer_fromchar,string_p,integer_inc,boolean_invert_first_then_and,integer_fromstring,exec_rot,integer_m,boolean_d,char_rot,exec_do*cou,string_take,exec_string_iterate,string_split,integer_pop,boolean_n,string_re,boolean_p,boolean_r,exec_pop,string_sw,boolean_x,boolean_emp,string_la,char_emp,boolean_stackdep,string_parse_to_cha,print_char,integer_dup,boolean_invert_second_then_and,integer_sub,string_setch,exec_no,boolean_yank,char_islett,string_ya,string_flu,integer_stackdepth,integer_emp,integer_dec,print_boole,integer_gt,exec,string_indexofchar,in1,char_dup,char_flush,char_pop,integer_lte,string_conjch,exec_flu,string_containsch,boolean_eq,string_flush,print_boolean,integer_d,string_rever,char_,exec_empty,string_last,integer_l,exec_when,integer_i,string_substri,string_nth,string_occurrencesofchar,integer_r,integer_s,integer_p,exec_while,integer_fromboolean,integer_empty,string_fromboole
2.58618460186e-05,0.00860337410884,0.00109481814812,0.000275859690865,0.00782751872829,0.00625856673649,0.000999991379385,0.00813786088051,0.000827579072594,8.62061533952e-06,0.00862061533952,0.00495685382023,0.00434479013112,0.0,0.0,2.58618460186e-05,2.58618460186e-05,0.0,0.000241377229507,0.0,0.00217239506556,0.0047758208981,8.62061533952e-06,0.00125860983957,6.03443073767e-05,0.00243963414108,0.00207756829683,0.0075257971914,0.000155171076111,0.00862061533952,0.0,0.0,0.00424134274705,8.62061533952e-06,0.0,0.00858613287816,0.00537926397186,0.0,2.58618460186e-05,4.31030766976e-05,0.0,8.62061533952e-06,1.7241230679e-05,0.00446547874587,0.00207756829683,0.00562926181671,0.00831889380264,0.000146550460772,0.00786200118964,9.48267687348e-05,0.00207756829683,0.00824992887992,0.00484478582081,0.0,0.00130171291627,3.44824613581e-05,0.00424134274705,0.00135343660831,0.00659477073474,0.00018103292213,0.000120688614753,0.0,0.00413789536297,0.00017241230679,7.75855380557e-05,0.00119826553219,0.000913785225989,0.0015258489151,0.0,2.58618460186e-05,0.000120688614753,0.0,8.62061533952e-06,8.62061533952e-05,0.000103447384074,0.000224135998828,0.000491375074353,0.00199136214343,0.00126723045491,0.00089654399531,0.0,4.31030766976e-05,0.000793096611236,0.003249971983,0.0,1.7241230679e-05,0.00856889164749,0.00138791906966,0.0075689002681,0.00150860768442,6.03443073767e-05,0.000129309230093,0.00492237135887,0.000784475995897,0.00793096611236,0.0,5.17236920371e-05,0.008353376264,0.0,0.00204308583547,6.03443073767e-05,0.0,0.00814648149585,0.0,1.7241230679e-05,0.00117240368618,0.000991370764045,0.00498271566624,0.006499943966,0.00393962121016,0.00549133197128,0.0,0.0018103292213,0.000120688614753,0.000275859690865,0.000465513228334,8.62061533952e-06,1.7241230679e-05,0.00018103292213,0.00219825691158,8.62061533952e-06,9.48267687348e-05,0.0,2.58618460186e-05,8.62061533952e-06,0.0,0.00104309445608,0.00293100921544,0.0,0.00858613287816,2.58618460186e-05,9.48267687348e-05,0.0,0.0,0.00361203782726,0.00435341074646,0.00767234765218,0.00106033568676,0.00355169351988,0.0,0.00218963629624,0.00417237782433,6.89649227162e-05,0.0044051344385,0.000112067999414,0.00204308583547,0.00430168705442,0.000129309230093,4.31030766976e-05,0.00282756183136,2.58618460186e-05,0.00537926397186,0.00623270489048,0.00827579072594,0.00191377660537,0.00713786950112,0.00530167843381,0.00495685382023,0.00118964491685,1.7241230679e-05,0.00450858182257,0.0,4.31030766976e-05,0.00795682795838,0.000637925535125,7.75855380557e-05,0.0,8.62061533952e-06,0.00160343445315,0.000387927690279,0.0,0.0082671701106,0.00767234765218,0.0,5.17236920371e-05,0.00725855811588,0.000137929845432,0.00862061533952,0.00369824398066,0.00393962121016,0.00716373134714,0.000482754459013,7.75855380557e-05,0.00405168920958,5.17236920371e-05,0.00182757045198,0.000560339997069,0.00166377876053,0.000646546150464,0.000224135998828,0.000275859690865,4.31030766976e-05,0.0,0.00153446953044,4.31030766976e-05,3.44824613581e-05,0.000508616305032,0.0,8.62061533952e-05,0.000293100921544,8.62061533952e-06,0.00603443073767,0.00303445659951,0.00797406918906,0.00861199472418,2.58618460186e-05,4.31030766976e-05,0.000448271997655,1.7241230679e-05,0.0,0.0,0.00796544857372,5.17236920371e-05,0.0028792855234,0.0,0.00836199687934,8.62061533952e-06,0.00388789751812,0.00862061533952,0.000965508918027,0.0028792855234,0.00787062180498,0.000991370764045,1.7241230679e-05,8.62061533952e-06,0.0,0.00448271997655,0.00411203351695,0.000422410151637,0.000396548305618,2.58618460186e-05,0.0,0.00836199687934,0.000775855380557,2.58618460186e-05,0.000913785225989,1.7241230679e-05,1.7241230679e-05,0.00699131904035,0.00779303626693,8.62061533952e-06,0.000439651382316,0.000103447384074,0.00739648796131,0.000215515383488,0.00416375720899,0.000310342152223
Gen 116
string_,string_rot,integer_swap,exec_sho,integer_gte,boolean_shove,boolean_and,string_pop,exec_eq,string_yankd,string_parse_to_chars,integer_lt,string_stackdepth,exec_do*whi,char_r,char_p,boolean_sw,integer_sho,boolean_invert_second_then_a,print_integ,char_iswhitespace,string_removechar,exec_emp,string_first,string_conc,string_yank,string_concat,string_setchar,exec_yankd,string_length,string_replacefirstch,char_d,integer_eq,exec_do*tim,string_emptystri,string_reverse,exec_yankdup,string_repla,exec_,char_ya,integer_mu,string_replacech,boolean_yankd,char_isletter,integer_add,string_empty,char_isdigit,print_integer,exec_shove,integer_fromstri,string_conjchar,boolean_or,boolean_empty,exec_wh,string_fromchar,integer_yankd,exec_do*while,integer_rot,string_rest,boolean_flu,integer_stackdep,char_iswhitespa,char_allfromstring,boolean_,char_allfromstri,exec_stackdepth,exec_do*range,char_shove,char_stackdep,string_removech,exec_stackdep,boolean_sho,string_indexofch,string_stackdep,string_leng,print_ch,integer_mult,boolean_xor,boolean_yankdup,integer_min,string_emp,integer_fromch,exec_yank,char_stackdepth,char_sw,integer_fromboole,string_replace,integer_div,string_replacefirst,boolean_frominteger,string_butla,char_isdig,integer_flush,integer_,string_yankdup,char_flu,print_exec,integer_yank,boolean_frominteg,string_emptystring,char_yankd,boolean_ya,string_swap,print_ex,exec_d,integer_max,char_swap,string_contains,char_empty,exec_dup,exec_k,string_frominteg,exec_noop,exec_p,exec_r,exec_s,string_sho,integer_flu,exec_y,boolean_rot,boolean_a,integer_ya,exec_ya,boolean_invert_first_then_a,string_spl,string_occurrencesofch,integer_yankdup,string_replacechar,char_sho,string_fromboolean,print_stri,exec_string_itera,print_newli,string_ta,string_replacefirstchar,string_substring,boolean_stackdepth,string_shove,string_containschar,exec_do*ran,char_yankdup,char_yank,integer_sw,exec_do*times,string_fromch,integer_shove,exec_if,exec_whi,integer_g,char_frominteger,char_frominteg,boolean_dup,string_eq,boolean_not,char_eq,boolean_flush,boolean_pop,string_butlast,exec_swap,string_replacefir,boolean_swap,exec_sw,string_n,print_string,exec_flush,print_newline,integer_a,string_d,string_dup,string_frominteger,string_contai,integer_mod,exec_do*count,string_fir,string_r,integer_fromchar,string_p,integer_inc,boolean_invert_first_then_and,integer_fromstring,exec_rot,integer_m,boolean_d,char_rot,exec_do*cou,string_take,exec_string_iterate,string_split,integer_pop,boolean_n,string_re,boolean_p,boolean_r,exec_pop,string_sw,boolean_x,boolean_emp,string_la,char_emp,boolean_stackdep,string_parse_to_cha,print_char,integer_dup,boolean_invert_second_then_and,integer_sub,string_setch,exec_no,boolean_yank,char_islett,string_ya,string_flu,integer_stackdepth,integer_emp,integer_dec,print_boole,integer_gt,exec,string_indexofchar,in1,char_dup,char_flush,char_pop,integer_lte,string_conjch,exec_flu,string_containsch,boolean_eq,string_flush,print_boolean,integer_d,string_rever,char_,exec_empty,string_last,integer_l,exec_when,integer_i,string_substri,string_nth,string_occurrencesofchar,integer_r,integer_s,integer_p,exec_while,integer_fromboolean,integer_empty,string_fromboole
0.0,0.00852129468979,0.00101708532406,0.000333330484355,0.00793155614055,0.0064272954932,0.00112819548551,0.00801702549551,0.00117947709849,8.54693549628e-06,0.00854693549628,0.00487175323288,0.00411962290921,8.54693549628e-06,1.70938709926e-05,2.56408064888e-05,8.54693549628e-06,0.0,0.000222220322903,0.0,0.00270083161682,0.0048119246844,7.69224194665e-05,0.00120511790498,2.56408064888e-05,0.00234186032598,0.00211109306758,0.00745292775275,8.54693549628e-05,0.00854693549628,8.54693549628e-06,0.0,0.00465807984547,8.54693549628e-06,0.0,0.00847856001231,0.00582046307297,5.98285484739e-05,8.54693549628e-06,0.000128204032444,8.54693549628e-06,8.54693549628e-06,0.0,0.00476919000692,0.00224784403552,0.00538456936266,0.0082734335604,0.000170938709926,0.00792300920505,8.54693549628e-05,0.00198288903514,0.00828198049589,0.00449568807104,0.0,0.00164101161529,3.41877419851e-05,0.00452987581303,0.00106836693703,0.00658968726763,0.000205126451911,0.000102563225955,8.54693549628e-06,0.00376065161836,9.40162904591e-05,0.000145297903437,0.00140169742139,0.000880334356117,0.0016153708088,0.0,5.12816129777e-05,6.83754839702e-05,8.54693549628e-06,0.0,5.12816129777e-05,9.40162904591e-05,0.000145297903437,0.000538456936266,0.0020769053256,0.00103417919505,0.00128204032444,8.54693549628e-06,0.0,0.00107691387253,0.00348714968248,0.0,8.54693549628e-06,0.0084871069478,0.00155554226032,0.00756403791421,0.00152135451834,0.000128204032444,9.40162904591e-05,0.00499995726532,0.000683754839702,0.00795719694703,0.0,8.54693549628e-05,0.00834180904437,0.0,0.00217946855155,8.54693549628e-05,0.0,0.00810249485047,0.0,3.41877419851e-05,0.000982897582072,0.001136742421,0.00517944291074,0.00647857710618,0.0041367167802,0.00572644678251,8.54693549628e-06,0.00174357484124,0.000119657096948,0.000247861129392,0.000555550807258,2.56408064888e-05,1.70938709926e-05,9.40162904591e-05,0.00247861129392,8.54693549628e-06,4.27346774814e-05,0.0,2.56408064888e-05,8.54693549628e-06,1.70938709926e-05,0.00117093016299,0.00316236613362,1.70938709926e-05,0.00851274775429,5.98285484739e-05,8.54693549628e-05,0.0,0.0,0.00357261903744,0.00470936145845,0.00724780130084,0.00121366484047,0.003444415005,0.0,0.00223929710002,0.00403415355424,3.41877419851e-05,0.00464098597448,9.40162904591e-05,0.00202562371262,0.00421363919966,0.000111110161452,5.12816129777e-05,0.00301706823019,0.0,0.0050597858138,0.00622216904129,0.00823924581841,0.00231621951949,0.00724780130084,0.00549567952411,0.00497431645883,0.00130768113093,3.41877419851e-05,0.00451278194203,0.0,3.41877419851e-05,0.00797429081803,0.000717942581687,6.83754839702e-05,8.54693549628e-06,0.0,0.00181195032521,0.000598285484739,0.0,0.00833326210887,0.00768369501115,0.0,3.41877419851e-05,0.00713669113939,0.000256408064888,0.00854693549628,0.0036837291989,0.00381193323134,0.00710250339741,0.000401705968325,7.69224194665e-05,0.00430765549012,6.83754839702e-05,0.00192306048666,0.000726489517184,0.00194870129315,0.000658114033213,0.000162391774429,0.000170938709926,1.70938709926e-05,8.54693549628e-06,0.00164101161529,1.70938709926e-05,4.27346774814e-05,0.000418799839318,0.0,0.000102563225955,0.000358971290844,8.54693549628e-06,0.00621362210579,0.00300852129469,0.00794010307604,0.00854693549628,5.12816129777e-05,4.27346774814e-05,0.000410252903821,6.83754839702e-05,8.54693549628e-06,0.0,0.00805976017299,4.27346774814e-05,0.00339313339202,0.0,0.00835890291536,4.27346774814e-05,0.00388030871531,0.00854693549628,0.000854693549628,0.00295723968171,0.00789736839856,0.00104272613055,8.54693549628e-06,0.0,0.0,0.00450423500654,0.00418799839318,0.000341877419851,0.000282048871377,2.56408064888e-05,2.56408064888e-05,0.00838454372185,0.000769224194665,5.98285484739e-05,0.00122221177597,2.56408064888e-05,1.70938709926e-05,0.00699994017145,0.00768369501115,4.27346774814e-05,0.000555550807258,9.40162904591e-05,0.00750420936573,0.000128204032444,0.00444440645806,0.000452987581303
Gen 117
string_,string_rot,integer_swap,exec_sho,integer_gte,boolean_shove,boolean_and,string_pop,exec_eq,string_yankd,string_parse_to_chars,integer_lt,string_stackdepth,exec_do*whi,char_r,char_p,boolean_sw,integer_sho,boolean_invert_second_then_a,print_integ,char_iswhitespace,string_removechar,exec_emp,string_first,string_conc,string_yank,string_concat,string_setchar,exec_yankd,string_length,string_replacefirstch,char_d,integer_eq,exec_do*tim,string_emptystri,string_reverse,exec_yankdup,string_repla,exec_,char_ya,integer_mu,string_replacech,boolean_yankd,char_isletter,integer_add,string_empty,char_isdigit,print_integer,exec_shove,integer_fromstri,string_conjchar,boolean_or,boolean_empty,exec_wh,string_fromchar,integer_yankd,exec_do*while,integer_rot,string_rest,boolean_flu,integer_stackdep,char_iswhitespa,char_allfromstring,boolean_,char_allfromstri,exec_stackdepth,exec_do*range,char_shove,char_stackdep,string_removech,exec_stackdep,boolean_sho,string_indexofch,string_stackdep,string_leng,print_ch,integer_mult,boolean_xor,boolean_yankdup,integer_min,string_emp,integer_fromch,exec_yank,char_stackdepth,char_sw,integer_fromboole,string_replace,integer_div,string_replacefirst,boolean_frominteger,string_butla,char_isdig,integer_flush,integer_,string_yankdup,char_flu,print_exec,integer_yank,boolean_frominteg,string_emptystring,char_yankd,boolean_ya,string_swap,print_ex,exec_d,integer_max,char_swap,string_contains,char_empty,exec_dup,exec_k,string_frominteg,exec_noop,exec_p,exec_r,exec_s,string_sho,integer_flu,exec_y,boolean_rot,boolean_a,integer_ya,exec_ya,boolean_invert_first_then_a,string_spl,string_occurrencesofch,integer_yankdup,string_replacechar,char_sho,string_fromboolean,print_stri,exec_string_itera,print_newli,string_ta,string_replacefirstchar,string_substring,boolean_stackdepth,string_shove,string_containschar,exec_do*ran,char_yankdup,char_yank,integer_sw,exec_do*times,string_fromch,integer_shove,exec_if,exec_whi,integer_g,char_frominteger,char_frominteg,boolean_dup,string_eq,boolean_not,char_eq,boolean_flush,boolean_pop,string_butlast,exec_swap,string_replacefir,boolean_swap,exec_sw,string_n,print_string,exec_flush,print_newline,integer_a,string_d,string_dup,string_frominteger,string_contai,integer_mod,exec_do*count,string_fir,string_r,integer_fromchar,string_p,integer_inc,boolean_invert_first_then_and,integer_fromstring,exec_rot,integer_m,boolean_d,char_rot,exec_do*cou,string_take,exec_string_iterate,string_split,integer_pop,boolean_n,string_re,boolean_p,boolean_r,exec_pop,string_sw,boolean_x,boolean_emp,string_la,char_emp,boolean_stackdep,string_parse_to_cha,print_char,integer_dup,boolean_invert_second_then_and,integer_sub,string_setch,exec_no,boolean_yank,char_islett,string_ya,string_flu,integer_stackdepth,integer_emp,integer_dec,print_boole,integer_gt,exec,string_indexofchar,in1,char_dup,char_flush,char_pop,integer_lte,string_conjch,exec_flu,string_containsch,boolean_eq,string_flush,print_boolean,integer_d,string_rever,char_,exec_empty,string_last,integer_l,exec_when,integer_i,string_substri,string_nth,string_occurrencesofchar,integer_r,integer_s,integer_p,exec_while,integer_fromboolean,integer_empty,string_fromboole
0.0,0.00844060643554,0.000728807382988,0.000237286124694,0.00788976364607,0.00599147464852,0.00116100711011,0.00816942229303,0.00118643062347,8.47450445335e-06,0.00847450445335,0.00523724375217,0.00411013465988,8.47450445335e-06,2.54235133601e-05,8.47450445335e-06,3.38980178134e-05,0.0,0.000322031169227,0.0,0.00266946890281,0.00477114600724,3.38980178134e-05,0.00118643062347,1.69490089067e-05,0.00196608503318,0.0018898144931,0.00725417581207,8.47450445335e-05,0.00847450445335,0.0,0.0,0.0045592833959,0.0,1.69490089067e-05,0.00841518292218,0.00596605113516,2.54235133601e-05,8.47450445335e-06,8.47450445335e-05,8.47450445335e-06,2.54235133601e-05,0.0,0.00449148736028,0.00246608079593,0.00533893780561,0.00823721832866,0.000169490089067,0.00782196761044,0.000144066575707,0.00172879890848,0.0082287438242,0.00416945619105,0.0,0.00153388530606,0.000118643062347,0.00440674231574,0.00109321107448,0.00644062338455,0.000338980178134,8.47450445335e-05,1.69490089067e-05,0.00369488394166,0.000110168557894,0.000118643062347,0.00133897170363,0.000906771976509,0.00162710485504,0.0,0.0,7.62705400802e-05,2.54235133601e-05,2.54235133601e-05,2.54235133601e-05,0.000110168557894,0.000161015584614,0.000483046753841,0.00233896322913,0.00105083855222,0.00109321107448,8.47450445335e-06,1.69490089067e-05,0.00111863458784,0.00376267997729,0.0,0.0,0.00844060643554,0.00149151278379,0.00740671689223,0.00171184989958,4.23725222668e-05,8.47450445335e-05,0.00512707519428,0.000542368285015,0.00799993220396,0.0,9.32195489869e-05,0.00825416733756,8.47450445335e-06,0.0018898144931,9.32195489869e-05,0.0,0.0081016262574,0.0,2.54235133601e-05,0.00105083855222,0.00111863458784,0.00504233014974,0.00634740383556,0.00367793493275,0.00580503555055,0.0,0.00169490089067,0.0001271175668,0.000169490089067,0.000635587834001,8.47450445335e-06,2.54235133601e-05,5.08470267201e-05,0.00238981025585,0.0,5.93215311735e-05,0.0,4.23725222668e-05,0.0,8.47450445335e-06,0.00116100711011,0.00338132727689,1.69490089067e-05,0.0084660299489,2.54235133601e-05,0.000110168557894,0.0,8.47450445335e-06,0.0037796289862,0.0050508046542,0.0073219718477,0.00124575215464,0.0034152252947,8.47450445335e-06,0.00243218277811,0.00399149159753,1.69490089067e-05,0.0045592833959,6.77960356268e-05,0.00200845755544,0.00431352276676,7.62705400802e-05,8.47450445335e-06,0.00320336268337,3.38980178134e-05,0.00510165168092,0.00570334149711,0.00816942229303,0.00205083007771,0.00714400725418,0.00557622393031,0.00477114600724,0.00137286972144,4.23725222668e-05,0.00434742078457,8.47450445335e-06,8.47450445335e-06,0.00790671265498,0.000805077923068,4.23725222668e-05,8.47450445335e-06,8.47450445335e-06,0.00194913602427,0.000737281887442,8.47450445335e-06,0.0082287438242,0.00730502283879,1.69490089067e-05,1.69490089067e-05,0.00701688968738,0.000288133151414,0.00847450445335,0.00375420547283,0.00401691511089,0.00718637977644,0.000372878195947,6.77960356268e-05,0.0040508131287,5.93215311735e-05,0.00243218277811,0.000720332878535,0.0017626969263,0.000779654409708,0.000144066575707,0.000262709638054,2.54235133601e-05,1.69490089067e-05,0.00142371674816,8.47450445335e-06,4.23725222668e-05,0.000542368285015,0.0,0.000169490089067,0.000415250718214,3.38980178134e-05,0.00600842365743,0.00289828052305,0.00791518715943,0.00847450445335,5.08470267201e-05,2.54235133601e-05,0.000542368285015,4.23725222668e-05,0.0,0.0,0.00803383022178,8.47450445335e-06,0.00338132727689,0.0,0.00827959085092,3.38980178134e-05,0.00412708366878,0.00847450445335,0.000932195489869,0.00305082160321,0.00796603418615,0.00106778756112,2.54235133601e-05,0.0,0.0,0.00444064033356,0.00410166015542,0.000415250718214,0.000254235133601,3.38980178134e-05,8.47450445335e-06,0.00825416733756,0.00107626206558,5.93215311735e-05,0.00127965017246,0.0,8.47450445335e-06,0.00677960356268,0.00760163049466,8.47450445335e-06,0.000567791798375,9.32195489869e-05,0.00763552851247,0.000144066575707,0.0043050482623,0.000406776213761
Gen 118
string_,string_rot,integer_swap,exec_sho,integer_gte,boolean_shove,boolean_and,string_pop,exec_eq,string_yankd,string_parse_to_chars,integer_lt,string_stackdepth,exec_do*whi,char_r,char_p,boolean_sw,integer_sho,boolean_invert_second_then_a,print_integ,char_iswhitespace,string_removechar,exec_emp,string_first,string_conc,string_yank,string_concat,string_setchar,exec_yankd,string_length,string_replacefirstch,char_d,integer_eq,exec_do*tim,string_emptystri,string_reverse,exec_yankdup,string_repla,exec_,char_ya,integer_mu,string_replacech,boolean_yankd,char_isletter,integer_add,string_empty,char_isdigit,print_integer,exec_shove,integer_fromstri,string_conjchar,boolean_or,boolean_empty,exec_wh,string_fromchar,integer_yankd,exec_do*while,integer_rot,string_rest,boolean_flu,integer_stackdep,char_iswhitespa,char_allfromstring,boolean_,char_allfromstri,exec_stackdepth,exec_do*range,char_shove,char_stackdep,string_removech,exec_stackdep,boolean_sho,string_indexofch,string_stackdep,string_leng,print_ch,integer_mult,boolean_xor,boolean_yankdup,integer_min,string_emp,integer_fromch,exec_yank,char_stackdepth,char_sw,integer_fromboole,string_replace,integer_div,string_replacefirst,boolean_frominteger,string_butla,char_isdig,integer_flush,integer_,string_yankdup,char_flu,print_exec,integer_yank,boolean_frominteg,string_emptystring,char_yankd,boolean_ya,string_swap,print_ex,exec_d,integer_max,char_swap,string_contains,char_empty,exec_dup,exec_k,string_frominteg,exec_noop,exec_p,exec_r,exec_s,string_sho,integer_flu,exec_y,boolean_rot,boolean_a,integer_ya,exec_ya,boolean_invert_first_then_a,string_spl,string_occurrencesofch,integer_yankdup,string_replacechar,char_sho,string_fromboolean,print_stri,exec_string_itera,print_newli,string_ta,string_replacefirstchar,string_substring,boolean_stackdepth,string_shove,string_containschar,exec_do*ran,char_yankdup,char_yank,integer_sw,exec_do*times,string_fromch,integer_shove,exec_if,exec_whi,integer_g,char_frominteger,char_frominteg,boolean_dup,string_eq,boolean_not,char_eq,boolean_flush,boolean_pop,string_butlast,exec_swap,string_replacefir,boolean_swap,exec_sw,string_n,print_string,exec_flush,print_newline,integer_a,string_d,string_dup,string_frominteger,string_contai,integer_mod,exec_do*count,string_fir,string_r,integer_fromchar,string_p,integer_inc,boolean_invert_first_then_and,integer_fromstring,exec_rot,integer_m,boolean_d,char_rot,exec_do*cou,string_take,exec_string_iterate,string_split,integer_pop,boolean_n,string_re,boolean_p,boolean_r,exec_pop,string_sw,boolean_x,boolean_emp,string_la,char_emp,boolean_stackdep,string_parse_to_cha,print_char,integer_dup,boolean_invert_second_then_and,integer_sub,string_setch,exec_no,boolean_yank,char_islett,string_ya,string_flu,integer_stackdepth,integer_emp,integer_dec,print_boole,integer_gt,exec,string_indexofchar,in1,char_dup,char_flush,char_pop,integer_lte,string_conjch,exec_flu,string_containsch,boolean_eq,string_flush,print_boolean,integer_d,string_rever,char_,exec_empty,string_last,integer_l,exec_when,integer_i,string_substri,string_nth,string_occurrencesofchar,integer_r,integer_s,integer_p,exec_while,integer_fromboolean,integer_empty,string_fromboole
0.0,0.00840329072865,0.000588230351005,0.000336131629146,0.00789909328493,0.00622683842993,0.00110923437618,0.00807556239023,0.00141175284241,8.40329072865e-06,0.00840329072865,0.00541171922925,0.00404198284048,1.68065814573e-05,2.52098721859e-05,3.36131629146e-05,3.36131629146e-05,8.40329072865e-06,0.000252098721859,0.0,0.00260502012588,0.00468063293586,1.68065814573e-05,0.0011428475391,8.40329072865e-06,0.00213443584508,0.00172267459937,0.00728565306174,4.20164536432e-05,0.00840329072865,0.0,0.0,0.00436130788817,0.0,4.20164536432e-05,0.00834446769355,0.00573944756767,5.04197443719e-05,8.40329072865e-06,3.36131629146e-05,8.40329072865e-06,8.40329072865e-06,8.40329072865e-06,0.00397475651465,0.002756279359,0.00561339820674,0.00804194922732,0.000201678977488,0.007773043924,5.88230351005e-05,0.00162183511063,0.00808396568096,0.00406719271267,0.0,0.00126889690003,0.000117646070201,0.00481508558752,0.00115965412055,0.00617641868556,0.000546213897362,6.72263258292e-05,0.0,0.00370585121133,9.24361980151e-05,0.000117646070201,0.00105041134108,0.000907555398694,0.00132771993513,0.0,5.04197443719e-05,0.000151259233116,3.36131629146e-05,8.40329072865e-06,5.88230351005e-05,7.56296165578e-05,8.40329072865e-05,0.000445374408618,0.00223527533382,0.00106721792254,0.0010252014689,8.40329072865e-06,1.68065814573e-05,0.00104200805035,0.00364702817623,0.0,0.0,0.00833606440282,0.00123528373711,0.00732766951538,0.00160502852917,0.000117646070201,4.20164536432e-05,0.00502516785573,0.000638650095377,0.00805875580877,0.0,0.000109242779472,0.00819320846043,0.0,0.0014957857497,8.40329072865e-05,0.0,0.00799993277367,0.0,1.68065814573e-05,0.00126889690003,0.00087394223578,0.00497474811136,0.0065125503147,0.0034033327451,0.00584028705641,0.0,0.00170586801792,0.00012604936093,0.000151259233116,0.000546213897362,2.52098721859e-05,0.0,9.24361980151e-05,0.00233611482256,8.40329072865e-06,8.40329072865e-05,8.40329072865e-06,9.24361980151e-05,0.0,8.40329072865e-06,0.00110923437618,0.0035209788153,1.68065814573e-05,0.00840329072865,1.68065814573e-05,8.40329072865e-05,0.0,1.68065814573e-05,0.00378988411862,0.00471424609877,0.00732766951538,0.00110083108545,0.00389072360736,0.0,0.00268064974244,0.00386551373518,3.36131629146e-05,0.00461340661003,1.68065814573e-05,0.00207561280998,0.00461340661003,0.0,1.68065814573e-05,0.00312602415106,8.40329072865e-06,0.00487390862262,0.00558818833455,0.00796631961076,0.00182351408812,0.00663859967563,0.00572264098621,0.00483189216897,0.00104200805035,5.04197443719e-05,0.00463861648221,8.40329072865e-06,1.68065814573e-05,0.00795791632003,0.000714279711935,6.72263258292e-05,1.68065814573e-05,8.40329072865e-06,0.00158822194771,0.000638650095377,1.68065814573e-05,0.00820161175116,0.00705036092134,8.40329072865e-06,5.04197443719e-05,0.00699994117696,0.000277308594045,0.00840329072865,0.00362181830405,0.00399996638684,0.00706716750279,0.000344534919875,3.36131629146e-05,0.00387391702591,5.88230351005e-05,0.00226048520601,0.000537810606634,0.00214283913581,0.000722683002664,0.000100839488744,0.000319325047689,8.40329072865e-06,0.0,0.0010252014689,8.40329072865e-06,1.68065814573e-05,0.000512600734448,0.0,0.000151259233116,0.000378148082789,3.36131629146e-05,0.00568062453257,0.00252939050932,0.00786548012202,0.00840329072865,5.04197443719e-05,8.40329072865e-06,0.000411761245704,6.72263258292e-05,8.40329072865e-06,0.0,0.00782346366837,8.40329072865e-06,0.00301678137159,0.0,0.00816799858825,8.40329072865e-06,0.00431929143453,0.00840329072865,0.000865538945051,0.00262182670734,0.00794110973857,0.000915958689423,3.36131629146e-05,0.0,0.0,0.00449576053983,0.00374786766498,0.000453777699347,0.000268905303317,5.88230351005e-05,8.40329072865e-06,0.00810917555315,0.00132771993513,7.56296165578e-05,0.000983185015252,2.52098721859e-05,1.68065814573e-05,0.00661338980345,0.00739489584121,0.0,0.000554617188091,5.04197443719e-05,0.0074789287485,8.40329072865e-05,0.00378988411862,0.000394954664247
Gen 119
string_,string_rot,integer_swap,exec_sho,integer_gte,boolean_shove,boolean_and,string_pop,exec_eq,string_yankd,string_parse_to_chars,integer_lt,string_stackdepth,exec_do*whi,char_r,char_p,boolean_sw,integer_sho,boolean_invert_second_then_a,print_integ,char_iswhitespace,string_removechar,exec_emp,string_first,string_conc,string_yank,string_concat,string_setchar,exec_yankd,string_length,string_replacefirstch,char_d,integer_eq,exec_do*tim,string_emptystri,string_reverse,exec_yankdup,string_repla,exec_,char_ya,integer_mu,string_replacech,boolean_yankd,char_isletter,integer_add,string_empty,char_isdigit,print_integer,exec_shove,integer_fromstri,string_conjchar,boolean_or,boolean_empty,exec_wh,string_fromchar,integer_yankd,exec_do*while,integer_rot,string_rest,boolean_flu,integer_stackdep,char_iswhitespa,char_allfromstring,boolean_,char_allfromstri,exec_stackdepth,exec_do*range,char_shove,char_stackdep,string_removech,exec_stackdep,boolean_sho,string_indexofch,string_stackdep,string_leng,print_ch,integer_mult,boolean_xor,boolean_yankdup,integer_min,string_emp,integer_fromch,exec_yank,char_stackdepth,char_sw,integer_fromboole,string_replace,integer_div,string_replacefirst,boolean_frominteger,string_butla,char_isdig,integer_flush,integer_,string_yankdup,char_flu,print_exec,integer_yank,boolean_frominteg,string_emptystring,char_yankd,boolean_ya,string_swap,print_ex,exec_d,integer_max,char_swap,string_contains,char_empty,exec_dup,exec_k,string_frominteg,exec_noop,exec_p,exec_r,exec_s,string_sho,integer_flu,exec_y,boolean_rot,boolean_a,integer_ya,exec_ya,boolean_invert_first_then_a,string_spl,string_occurrencesofch,integer_yankdup,string_replacechar,char_sho,string_fromboolean,print_stri,exec_string_itera,print_newli,string_ta,string_replacefirstchar,string_substring,boolean_stackdepth,string_shove,string_containschar,exec_do*ran,char_yankdup,char_yank,integer_sw,exec_do*times,string_fromch,integer_shove,exec_if,exec_whi,integer_g,char_frominteger,char_frominteg,boolean_dup,string_eq,boolean_not,char_eq,boolean_flush,boolean_pop,string_butlast,exec_swap,string_replacefir,boolean_swap,exec_sw,string_n,print_string,exec_flush,print_newline,integer_a,string_d,string_dup,string_frominteger,string_contai,integer_mod,exec_do*count,string_fir,string_r,integer_fromchar,string_p,integer_inc,boolean_invert_first_then_and,integer_fromstring,exec_rot,integer_m,boolean_d,char_rot,exec_do*cou,string_take,exec_string_iterate,string_split,integer_pop,boolean_n,string_re,boolean_p,boolean_r,exec_pop,string_sw,boolean_x,boolean_emp,string_la,char_emp,boolean_stackdep,string_parse_to_cha,print_char,integer_dup,boolean_invert_second_then_and,integer_sub,string_setch,exec_no,boolean_yank,char_islett,string_ya,string_flu,integer_stackdepth,integer_emp,integer_dec,print_boole,integer_gt,exec,string_indexofchar,in1,char_dup,char_flush,char_pop,integer_lte,string_conjch,exec_flu,string_containsch,boolean_eq,string_flush,print_boolean,integer_d,string_rever,char_,exec_empty,string_last,integer_l,exec_when,integer_i,string_substri,string_nth,string_occurrencesofchar,integer_r,integer_s,integer_p,exec_while,integer_fromboolean,integer_empty,string_fromboole
0.0,0.0083082640978,0.000491662569479,0.000374996875026,0.00774160215332,0.00634994708377,0.00108332430563,0.00793326722277,0.00116665694453,8.33326388947e-06,0.00833326388947,0.00519162340314,0.00396663361139,0.0,8.33326388947e-06,5.83328472263e-05,3.33330555579e-05,0.0,0.000283330972242,0.0,0.00280830993075,0.0041166323614,2.49997916684e-05,0.00100832493063,8.33326388947e-06,0.00208331597237,0.001658319514,0.00718327347272,3.33330555579e-05,0.00833326388947,8.33326388947e-06,0.0,0.0043499637503,0.0,8.33326388947e-06,0.00825826451446,0.00589161756985,6.66661111157e-05,2.49997916684e-05,8.33326388947e-06,0.0,3.33330555579e-05,8.33326388947e-06,0.00398330013917,0.00284164298631,0.00530828909759,0.00804159965334,0.000133332222231,0.00755827034775,9.16659027841e-05,0.00166665277789,0.00798326680611,0.00400829993083,8.33326388947e-06,0.00105832451396,6.66661111157e-05,0.0049832918059,0.00128332263898,0.00598328347264,0.000424996458363,9.99991666736e-05,8.33326388947e-06,0.00357497020858,8.33326388947e-05,0.000208331597237,0.00103332472229,0.00062499479171,0.00121665652786,0.0,3.33330555579e-05,0.000191665069458,4.99995833368e-05,4.99995833368e-05,7.49993750052e-05,4.99995833368e-05,7.49993750052e-05,0.000458329513921,0.00203331638903,0.00116665694453,0.00107499104174,8.33326388947e-06,5.83328472263e-05,0.0011083240973,0.00302497479188,0.0,0.0,0.00820826493113,0.00112499062508,0.00737493854218,0.00144165465288,0.000133332222231,8.33326388947e-05,0.00497495854201,0.000483329305589,0.00787493437555,0.0,9.16659027841e-05,0.00805826618112,8.33326388947e-06,0.00124165631953,4.16663194473e-05,0.0,0.00794160048666,0.0,3.33330555579e-05,0.00149165423621,0.00104165798618,0.00510829076424,0.00616661527821,0.00352497062524,0.00595828368097,0.0,0.00169998583345,0.0,0.0001583320139,0.000549995416705,4.99995833368e-05,8.33326388947e-06,0.000108332430563,0.00249164590295,1.66665277789e-05,0.000141665486121,8.33326388947e-06,5.83328472263e-05,1.66665277789e-05,0.0,0.00114165715286,0.00329163923634,8.33326388947e-06,0.00832493062558,8.33326388947e-06,9.99991666736e-05,8.33326388947e-06,8.33326388947e-06,0.00339163840301,0.00463329472254,0.00697494187548,0.000891659236173,0.00396663361139,0.0,0.00272497729186,0.00329163923634,3.33330555579e-05,0.0044332963892,4.16663194473e-05,0.00218331513904,0.00469162756977,8.33326388947e-06,4.99995833368e-05,0.00279997666686,1.66665277789e-05,0.00475829368089,0.00554995375039,0.00781660152832,0.00156665361122,0.00661661152824,0.00547495437538,0.00508329097258,0.00121665652786,0.000116665694453,0.00446662944475,0.0,2.49997916684e-05,0.00771660236165,0.00078332680561,9.16659027841e-05,8.33326388947e-06,3.33330555579e-05,0.00136665527787,0.000524995625036,0.0,0.00809159923667,0.00681660986158,8.33326388947e-06,4.16663194473e-05,0.00670827743102,0.000216664861126,0.00833326388947,0.00386663444471,0.00394996708361,0.00694160881993,0.000358330347247,4.16663194473e-05,0.00398330013917,6.66661111157e-05,0.00254164548629,0.000533328888926,0.00192498395847,0.000608328263931,0.000124998958342,0.000224998125016,1.66665277789e-05,0.0,0.000699994166715,4.16663194473e-05,0.0,0.000433329722252,0.0,0.000133332222231,0.000391663402805,1.66665277789e-05,0.00527495604203,0.00261664486129,0.00764160298664,0.00833326388947,5.83328472263e-05,8.33326388947e-06,0.000199998333347,1.66665277789e-05,0.0,0.0,0.00768326930609,6.66661111157e-05,0.00285830951409,0.0,0.00795826701444,0.0,0.00442496312531,0.00833326388947,0.000874992708394,0.00234164715294,0.00769160256998,0.000983325138957,7.49993750052e-05,0.0,0.0,0.00429163090308,0.00389163423638,0.000433329722252,0.000324997291689,4.16663194473e-05,8.33326388947e-06,0.008066599445,0.00148332097233,4.99995833368e-05,0.000916659027841,4.16663194473e-05,0.0,0.00649994583378,0.00738327180607,8.33326388947e-06,0.000458329513921,4.99995833368e-05,0.00729160590328,9.16659027841e-05,0.00382496812527,0.0003166640278
Gen 120
string_,string_rot,integer_swap,exec_sho,integer_gte,boolean_shove,boolean_and,string_pop,exec_eq,string_yankd,string_parse_to_chars,integer_lt,string_stackdepth,exec_do*whi,char_r,char_p,boolean_sw,integer_sho,boolean_invert_second_then_a,print_integ,char_iswhitespace,string_removechar,exec_emp,string_first,string_conc,string_yank,string_concat,string_setchar,exec_yankd,string_length,string_replacefirstch,char_d,integer_eq,exec_do*tim,string_emptystri,string_reverse,exec_yankdup,string_repla,exec_,char_ya,integer_mu,string_replacech,boolean_yankd,char_isletter,integer_add,string_empty,char_isdigit,print_integer,exec_shove,integer_fromstri,string_conjchar,boolean_or,boolean_empty,exec_wh,string_fromchar,integer_yankd,exec_do*while,integer_rot,string_rest,boolean_flu,integer_stackdep,char_iswhitespa,char_allfromstring,boolean_,char_allfromstri,exec_stackdepth,exec_do*range,char_shove,char_stackdep,string_removech,exec_stackdep,boolean_sho,string_indexofch,string_stackdep,string_leng,print_ch,integer_mult,boolean_xor,boolean_yankdup,integer_min,string_emp,integer_fromch,exec_yank,char_stackdepth,char_sw,integer_fromboole,string_replace,integer_div,string_replacefirst,boolean_frominteger,string_butla,char_isdig,integer_flush,integer_,string_yankdup,char_flu,print_exec,integer_yank,boolean_frominteg,string_emptystring,char_yankd,boolean_ya,string_swap,print_ex,exec_d,integer_max,char_swap,string_contains,char_empty,exec_dup,exec_k,string_frominteg,exec_noop,exec_p,exec_r,exec_s,string_sho,integer_flu,exec_y,boolean_rot,boolean_a,integer_ya,exec_ya,boolean_invert_first_then_a,string_spl,string_occurrencesofch,integer_yankdup,string_replacechar,char_sho,string_fromboolean,print_stri,exec_string_itera,print_newli,string_ta,string_replacefirstchar,string_substring,boolean_stackdepth,string_shove,string_containschar,exec_do*ran,char_yankdup,char_yank,integer_sw,exec_do*times,string_fromch,integer_shove,exec_if,exec_whi,integer_g,char_frominteger,char_frominteg,boolean_dup,string_eq,boolean_not,char_eq,boolean_flush,boolean_pop,string_butlast,exec_swap,string_replacefir,boolean_swap,exec_sw,string_n,print_string,exec_flush,print_newline,integer_a,string_d,string_dup,string_frominteger,string_contai,integer_mod,exec_do*count,string_fir,string_r,integer_fromchar,string_p,integer_inc,boolean_invert_first_then_and,integer_fromstring,exec_rot,integer_m,boolean_d,char_rot,exec_do*cou,string_take,exec_string_iterate,string_split,integer_pop,boolean_n,string_re,boolean_p,boolean_r,exec_pop,string_sw,boolean_x,boolean_emp,string_la,char_emp,boolean_stackdep,string_parse_to_cha,print_char,integer_dup,boolean_invert_second_then_and,integer_sub,string_setch,exec_no,boolean_yank,char_islett,string_ya,string_flu,integer_stackdepth,integer_emp,integer_dec,print_boole,integer_gt,exec,string_indexofchar,in1,char_dup,char_flush,char_pop,integer_lte,string_conjch,exec_flu,string_containsch,boolean_eq,string_flush,print_boolean,integer_d,string_rever,char_,exec_empty,string_last,integer_l,exec_when,integer_i,string_substri,string_nth,string_occurrencesofchar,integer_r,integer_s,integer_p,exec_while,integer_fromboolean,integer_empty,string_fromboole
8.26439450914e-06,0.00825613011463,0.000561978826621,0.000413219725457,0.00770241568252,0.00652060726771,0.00103304931364,0.00783464599466,0.0010826356807,0.0,0.00826439450914,0.0052478905133,0.00405781770399,1.65287890183e-05,0.0,2.47931835274e-05,8.26439450914e-06,8.26439450914e-06,0.000264460624292,0.0,0.00270245700449,0.00446277303493,2.47931835274e-05,0.00114875083677,5.7850761564e-05,0.00177684481946,0.00147932661714,0.00681812547004,4.95863670548e-05,0.00826439450914,0.0,0.0,0.00418178362162,1.65287890183e-05,0.0,0.00819827935306,0.00576854736738,4.13219725457e-05,5.7850761564e-05,8.26439450914e-06,0.0,8.26439450914e-06,8.26439450914e-06,0.00368591995107,0.00268592821547,0.00538012082545,0.00781811720564,0.000123965917637,0.00754539218684,5.7850761564e-05,0.00131403872695,0.00792555433426,0.00390079420831,0.0,0.00112395765324,1.65287890183e-05,0.00518177535723,0.00110742886422,0.00591730646854,0.000446277303493,7.43795505822e-05,0.0,0.00362806918951,0.000115701523128,0.000165287890183,0.000900819001496,0.000561978826621,0.00113222204775,0.0,8.26439450914e-06,0.000140494706655,8.26439450914e-06,1.65287890183e-05,6.61151560731e-05,7.43795505822e-05,7.43795505822e-05,0.00047933488153,0.00206609862728,0.00115701523128,0.000834703845423,0.0,9.91727341096e-05,0.00100825613011,0.0030743547574,0.0,0.0,0.00813216419699,0.000876025817968,0.00721481640648,0.00133056751597,0.000140494706655,9.91727341096e-05,0.00509913141214,0.000462806092512,0.00785943917819,8.26439450914e-06,9.09083396005e-05,0.00797514070132,0.0,0.00114048644226,4.13219725457e-05,0.0,0.0078677035727,0.0,1.65287890183e-05,0.00159502814026,0.0011735440203,0.00499995867803,0.00619003148734,0.00338013735424,0.00626441103793,0.0,0.00138015388303,0.0,0.00019008107371,0.00057850761564,5.7850761564e-05,1.65287890183e-05,3.30575780365e-05,0.00234708804059,0.0,0.000157023495674,0.0,9.09083396005e-05,0.0,0.0,0.000818175056404,0.00360327600598,8.26439450914e-06,0.00826439450914,2.47931835274e-05,3.30575780365e-05,0.0,8.26439450914e-06,0.00299171081231,0.00436360030082,0.00715696564491,0.000603300799167,0.00386773663028,0.0,0.00233055925158,0.00300823960133,1.65287890183e-05,0.00450409500748,1.65287890183e-05,0.00183469558103,0.00475202684275,8.26439450914e-06,1.65287890183e-05,0.00291733126173,2.47931835274e-05,0.00448756621846,0.00555367311014,0.00765282931546,0.00122313038735,0.00638011256105,0.00549582234858,0.00509913141214,0.00115701523128,6.61151560731e-05,0.00453715258552,8.26439450914e-06,2.47931835274e-05,0.0076858868935,0.00066941595524,0.000115701523128,8.26439450914e-06,4.95863670548e-05,0.00121486599284,0.000561978826621,0.0,0.00784291038917,0.00664457318535,0.0,8.26439450914e-05,0.00655366484575,0.000165287890183,0.00826439450914,0.00376029950166,0.00381815026322,0.00663630879084,0.000239667440765,8.26439450914e-06,0.00376856389617,7.43795505822e-05,0.00232229485707,0.000471070487021,0.00165287890183,0.000528921248585,9.91727341096e-05,0.00028925380782,3.30575780365e-05,8.26439450914e-06,0.000685944744258,6.61151560731e-05,8.26439450914e-06,0.000504128065057,0.0,4.95863670548e-05,0.000421484119966,4.95863670548e-05,0.0052478905133,0.00231403046256,0.00753712779233,0.00826439450914,4.95863670548e-05,0.0,0.000338840174875,4.95863670548e-05,0.0,0.0,0.00761150734291,4.95863670548e-05,0.00280989413311,0.0,0.00804125585739,8.26439450914e-06,0.00448756621846,0.00826439450914,0.000727266716804,0.00263634184841,0.00758671415939,0.00107437128619,5.7850761564e-05,0.0,0.0,0.00392558739184,0.00414046164908,0.000595036404658,0.000231403046256,4.95863670548e-05,8.26439450914e-06,0.0080495202519,0.00155370616772,0.000115701523128,0.000966934157569,3.30575780365e-05,8.26439450914e-06,0.00638837695556,0.00695862017669,0.0,0.00066941595524,4.13219725457e-05,0.00721481640648,0.000123965917637,0.00335534417071,0.000404955330948
Gen 121
string_,string_rot,integer_swap,exec_sho,integer_gte,boolean_shove,boolean_and,string_pop,exec_eq,string_yankd,string_parse_to_chars,integer_lt,string_stackdepth,exec_do*whi,char_r,char_p,boolean_sw,integer_sho,boolean_invert_second_then_a,print_integ,char_iswhitespace,string_removechar,exec_emp,string_first,string_conc,string_yank,string_concat,string_setchar,exec_yankd,string_length,string_replacefirstch,char_d,integer_eq,exec_do*tim,string_emptystri,string_reverse,exec_yankdup,string_repla,exec_,char_ya,integer_mu,string_replacech,boolean_yankd,char_isletter,integer_add,string_empty,char_isdigit,print_integer,exec_shove,integer_fromstri,string_conjchar,boolean_or,boolean_empty,exec_wh,string_fromchar,integer_yankd,exec_do*while,integer_rot,string_rest,boolean_flu,integer_stackdep,char_iswhitespa,char_allfromstring,boolean_,char_allfromstri,exec_stackdepth,exec_do*range,char_shove,char_stackdep,string_removech,exec_stackdep,boolean_sho,string_indexofch,string_stackdep,string_leng,print_ch,integer_mult,boolean_xor,boolean_yankdup,integer_min,string_emp,integer_fromch,exec_yank,char_stackdepth,char_sw,integer_fromboole,string_replace,integer_div,string_replacefirst,boolean_frominteger,string_butla,char_isdig,integer_flush,integer_,string_yankdup,char_flu,print_exec,integer_yank,boolean_frominteg,string_emptystring,char_yankd,boolean_ya,string_swap,print_ex,exec_d,integer_max,char_swap,string_contains,char_empty,exec_dup,exec_k,string_frominteg,exec_noop,exec_p,exec_r,exec_s,string_sho,integer_flu,exec_y,boolean_rot,boolean_a,integer_ya,exec_ya,boolean_invert_first_then_a,string_spl,string_occurrencesofch,integer_yankdup,string_replacechar,char_sho,string_fromboolean,print_stri,exec_string_itera,print_newli,string_ta,string_replacefirstchar,string_substring,boolean_stackdepth,string_shove,string_containschar,exec_do*ran,char_yankdup,char_yank,integer_sw,exec_do*times,string_fromch,integer_shove,exec_if,exec_whi,integer_g,char_frominteger,char_frominteg,boolean_dup,string_eq,boolean_not,char_eq,boolean_flush,boolean_pop,string_butlast,exec_swap,string_replacefir,boolean_swap,exec_sw,string_n,print_string,exec_flush,print_newline,integer_a,string_d,string_dup,string_frominteger,string_contai,integer_mod,exec_do*count,string_fir,string_r,integer_fromchar,string_p,integer_inc,boolean_invert_first_then_and,integer_fromstring,exec_rot,integer_m,boolean_d,char_rot,exec_do*cou,string_take,exec_string_iterate,string_split,integer_pop,boolean_n,string_re,boolean_p,boolean_r,exec_pop,string_sw,boolean_x,boolean_emp,string_la,char_emp,boolean_stackdep,string_parse_to_cha,print_char,integer_dup,boolean_invert_second_then_and,integer_sub,string_setch,exec_no,boolean_yank,char_islett,string_ya,string_flu,integer_stackdepth,integer_emp,integer_dec,print_boole,integer_gt,exec,string_indexofchar,in1,char_dup,char_flush,char_pop,integer_lte,string_conjch,exec_flu,string_containsch,boolean_eq,string_flush,print_boolean,integer_d,string_rever,char_,exec_empty,string_last,integer_l,exec_when,integer_i,string_substri,string_nth,string_occurrencesofchar,integer_r,integer_s,integer_p,exec_while,integer_fromboolean,integer_empty,string_fromboole
0.0,0.00818026081753,0.000614749059434,0.000344259473283,0.00761469168286,0.00635240694748,0.000737698871321,0.00772944484062,0.00115572823174,0.0,0.00818845747166,0.00530323521938,0.00379505086024,1.63933082516e-05,0.0,3.27866165031e-05,8.19665412579e-06,8.19665412579e-06,0.00021311300727,0.0,0.00296718879353,0.00428685010779,2.45899623774e-05,0.00109835165286,8.19665412579e-06,0.0018770337948,0.00172949402054,0.00688518946566,3.27866165031e-05,0.00819665412579,8.19665412579e-06,8.19665412579e-06,0.00381964082262,2.45899623774e-05,2.45899623774e-05,0.00813927754691,0.00557372480553,6.55732330063e-05,4.09832706289e-05,1.63933082516e-05,8.19665412579e-06,1.63933082516e-05,1.63933082516e-05,0.00383603413087,0.00307374529717,0.00532782518176,0.00777862476537,0.000131146466013,0.00759010172048,5.73765788805e-05,0.00131966131425,0.00768846156999,0.00391800067213,0.0,0.0010819583446,2.45899623774e-05,0.00527044860288,0.00114753157761,0.00569667461742,0.000499995901673,0.000122949811887,8.19665412579e-06,0.00347538134933,8.19665412579e-05,0.000180326390767,0.00102458176572,0.000647535675937,0.0010491717281,0.0,4.91799247547e-05,0.000147539774264,8.19665412579e-06,8.19665412579e-06,7.37698871321e-05,9.83598495094e-05,4.09832706289e-05,0.000508192555799,0.00204916353145,0.00110654830698,0.00068032229244,8.19665412579e-06,0.000131146466013,0.000967205186843,0.00277046909452,0.0,0.0,0.00817206416341,0.000975401840969,0.00722125228482,0.00125408808125,0.000106556503635,0.000147539774264,0.00530323521938,0.000434422668667,0.00779501807362,8.19665412579e-06,8.19665412579e-05,0.00793436119376,8.19665412579e-06,0.00131146466013,9.01631953836e-05,8.19665412579e-06,0.00782780469013,8.19665412579e-06,8.19665412579e-06,0.0015573642839,0.00115572823174,0.00540979172302,0.00628683371448,0.00303276202654,0.00574585454218,0.0,0.00109835165286,0.0,0.00021311300727,0.000581962442931,1.63933082516e-05,1.63933082516e-05,5.73765788805e-05,0.00288522225228,3.27866165031e-05,0.000172129736642,0.0,9.01631953836e-05,0.0,0.0,0.000663928984189,0.003909804018,0.0,0.00816386750928,1.63933082516e-05,7.37698871321e-05,0.0,8.19665412579e-06,0.00285243563577,0.00407373710052,0.00706551585643,0.000770485487824,0.00424586683716,0.0,0.00236883304235,0.00290981221465,1.63933082516e-05,0.00458192965631,8.19665412579e-06,0.00163933082516,0.00478684600946,4.09832706289e-05,8.19665412579e-06,0.00301636871829,4.09832706289e-05,0.00452455307743,0.00554913484316,0.00768026491586,0.00121310481062,0.00616388390259,0.00532782518176,0.00527864525701,0.000999991803346,9.83598495094e-05,0.00443438988205,2.45899623774e-05,3.27866165031e-05,0.00769665822411,0.000590159097057,0.000114753157761,8.19665412579e-06,3.27866165031e-05,0.00131966131425,0.000581962442931,0.0,0.00779501807362,0.0068032229244,2.45899623774e-05,5.73765788805e-05,0.00664748649601,0.000196719699019,0.00819665412579,0.00395078728863,0.00396718059688,0.00652453668413,0.000336062819157,8.19665412579e-06,0.00381964082262,6.55732330063e-05,0.00190162375718,0.000557372480553,0.00132785796838,0.000426226014541,8.19665412579e-05,0.000237702969648,8.19665412579e-06,0.0,0.000844255374956,5.73765788805e-05,2.45899623774e-05,0.000549175826428,0.0,9.83598495094e-05,0.000303276202654,2.45899623774e-05,0.00531143187351,0.00231145646347,0.00745075860034,0.00818026081753,4.91799247547e-05,0.0,0.000409832706289,2.45899623774e-05,0.0,0.0,0.00749993852509,3.27866165031e-05,0.00248358620011,0.0,0.00795895115614,0.0,0.00431963672429,0.00819665412579,0.000573765788805,0.00252456947074,0.00745895525447,0.0010491717281,5.73765788805e-05,0.0,0.0,0.00384423078499,0.00388521405562,0.000319669510906,0.000295079548528,2.45899623774e-05,8.19665412579e-06,0.00804911435152,0.00140982450964,8.19665412579e-05,0.000942615224465,1.63933082516e-05,0.0,0.00655732330063,0.00684420619503,0.0,0.000598355751182,3.27866165031e-05,0.00706551585643,9.83598495094e-05,0.00312292522192,0.000360652781535
Gen 122
string_,string_rot,integer_swap,exec_sho,integer_gte,boolean_shove,boolean_and,string_pop,exec_eq,string_yankd,string_parse_to_chars,integer_lt,string_stackdepth,exec_do*whi,char_r,char_p,boolean_sw,integer_sho,boolean_invert_second_then_a,print_integ,char_iswhitespace,string_removechar,exec_emp,string_first,string_conc,string_yank,string_concat,string_setchar,exec_yankd,string_length,string_replacefirstch,char_d,integer_eq,exec_do*tim,string_emptystri,string_reverse,exec_yankdup,string_repla,exec_,char_ya,integer_mu,string_replacech,boolean_yankd,char_isletter,integer_add,string_empty,char_isdigit,print_integer,exec_shove,integer_fromstri,string_conjchar,boolean_or,boolean_empty,exec_wh,string_fromchar,integer_yankd,exec_do*while,integer_rot,string_rest,boolean_flu,integer_stackdep,char_iswhitespa,char_allfromstring,boolean_,char_allfromstri,exec_stackdepth,exec_do*range,char_shove,char_stackdep,string_removech,exec_stackdep,boolean_sho,string_indexofch,string_stackdep,string_leng,print_ch,integer_mult,boolean_xor,boolean_yankdup,integer_min,string_emp,integer_fromch,exec_yank,char_stackdepth,char_sw,integer_fromboole,string_replace,integer_div,string_replacefirst,boolean_frominteger,string_butla,char_isdig,integer_flush,integer_,string_yankdup,char_flu,print_exec,integer_yank,boolean_frominteg,string_emptystring,char_yankd,boolean_ya,string_swap,print_ex,exec_d,integer_max,char_swap,string_contains,char_empty,exec_dup,exec_k,string_frominteg,exec_noop,exec_p,exec_r,exec_s,string_sho,integer_flu,exec_y,boolean_rot,boolean_a,integer_ya,exec_ya,boolean_invert_first_then_a,string_spl,string_occurrencesofch,integer_yankdup,string_replacechar,char_sho,string_fromboolean,print_stri,exec_string_itera,print_newli,string_ta,string_replacefirstchar,string_substring,boolean_stackdepth,string_shove,string_containschar,exec_do*ran,char_yankdup,char_yank,integer_sw,exec_do*times,string_fromch,integer_shove,exec_if,exec_whi,integer_g,char_frominteger,char_frominteg,boolean_dup,string_eq,boolean_not,char_eq,boolean_flush,boolean_pop,string_butlast,exec_swap,string_replacefir,boolean_swap,exec_sw,string_n,print_string,exec_flush,print_newline,integer_a,string_d,string_dup,string_frominteger,string_contai,integer_mod,exec_do*count,string_fir,string_r,integer_fromchar,string_p,integer_inc,boolean_invert_first_then_and,integer_fromstring,exec_rot,integer_m,boolean_d,char_rot,exec_do*cou,string_take,exec_string_iterate,string_split,integer_pop,boolean_n,string_re,boolean_p,boolean_r,exec_pop,string_sw,boolean_x,boolean_emp,string_la,char_emp,boolean_stackdep,string_parse_to_cha,print_char,integer_dup,boolean_invert_second_then_and,integer_sub,string_setch,exec_no,boolean_yank,char_islett,string_ya,string_flu,integer_stackdepth,integer_emp,integer_dec,print_boole,integer_gt,exec,string_indexofchar,in1,char_dup,char_flush,char_pop,integer_lte,string_conjch,exec_flu,string_containsch,boolean_eq,string_flush,print_boolean,integer_d,string_rever,char_,exec_empty,string_last,integer_l,exec_when,integer_i,string_substri,string_nth,string_occurrencesofchar,integer_r,integer_s,integer_p,exec_while,integer_fromboolean,integer_empty,string_fromboole
0.0,0.00811375517272,0.000707311322672,0.000317070592922,0.0075283940781,0.00627637173682,0.000495930927391,0.00769099438216,0.00108942203722,1.62600304063e-05,0.00813001520313,0.00495930927391,0.00382923716067,0.0,1.62600304063e-05,1.62600304063e-05,8.13001520313e-06,0.0,0.000178860334469,0.0,0.00251217469777,0.0039024072975,6.5040121625e-05,0.00109755205242,8.13001520313e-06,0.00165039308624,0.00204063381599,0.00682921277063,4.06500760156e-05,0.00813001520313,0.0,0.0,0.00375606702385,2.43900456094e-05,1.62600304063e-05,0.00807310509671,0.00532515995805,3.25200608125e-05,4.06500760156e-05,8.13001520313e-06,0.0,4.87800912188e-05,1.62600304063e-05,0.00373980699344,0.00314631588361,0.00514629962358,0.00771538442777,4.06500760156e-05,0.00757717416932,4.87800912188e-05,0.00117072218925,0.00758530418452,0.00404061755595,0.0,0.00101625190039,0.0,0.00505686945635,0.0013089324477,0.00560158047496,0.000447150836172,8.13001520313e-05,0.0,0.00334143624849,7.31701368282e-05,0.000195120364875,0.000975601824375,0.000642271201047,0.00117072218925,0.0,4.06500760156e-05,0.000195120364875,2.43900456094e-05,8.13001520313e-06,5.69101064219e-05,0.000113820212844,3.25200608125e-05,0.000577231079422,0.00225201421127,0.00107316200681,0.000642271201047,0.0,0.000154470288859,0.000902431687547,0.00241461451533,0.0,0.0,0.0080568450663,0.00100812188519,0.00739018381964,0.00110568206763,0.000146340273656,0.000138210258453,0.00514629962358,0.000512190957797,0.00765034430614,8.13001520313e-06,6.5040121625e-05,0.00786172470143,0.0,0.00123576231088,2.43900456094e-05,0.0,0.00776416451899,8.13001520313e-06,8.13001520313e-06,0.001560962919,0.00146340273656,0.00522759977561,0.00604873131113,0.0033739563093,0.00599995121991,0.0,0.00117072218925,2.43900456094e-05,0.000203250380078,0.000536581003406,3.25200608125e-05,5.69101064219e-05,4.87800912188e-05,0.00291054544272,0.0,0.00013008024325,8.13001520313e-06,4.06500760156e-05,0.0,0.0,0.000585361094625,0.00381297713027,8.13001520313e-06,0.00812188518793,1.62600304063e-05,4.06500760156e-05,0.0,4.06500760156e-05,0.00266664498663,0.00408126763197,0.00720319346997,0.000699181307469,0.00419508784481,0.0,0.00187803351192,0.00291867545792,6.5040121625e-05,0.00485361907627,0.0,0.00206502386159,0.0046747587418,3.25200608125e-05,2.43900456094e-05,0.0028698953667,8.13001520313e-06,0.00395931740392,0.00573166071821,0.00751213404769,0.00108129202202,0.00608125137194,0.00526824985163,0.00496743928911,0.000739831383485,8.94301672344e-05,0.00462597865058,0.0,3.25200608125e-05,0.00769099438216,0.000626011170641,9.75601824375e-05,8.13001520313e-06,4.87800912188e-05,0.00139836261494,0.000569101064219,0.0,0.00760156421493,0.00680482272502,8.13001520313e-06,7.31701368282e-05,0.00652840220811,0.000121950228047,0.00812188518793,0.00384549719108,0.00420321786002,0.00644710205608,0.000341460638531,5.69101064219e-05,0.0038861472671,0.000113820212844,0.00195933366395,0.000382110714547,0.00113820212844,0.000536581003406,5.69101064219e-05,0.000317070592922,1.62600304063e-05,0.0,0.000747961398688,8.13001520313e-05,1.62600304063e-05,0.000479670896985,0.0,4.06500760156e-05,0.000382110714547,5.69101064219e-05,0.00530889992764,0.00216258404403,0.00738205380444,0.00813001520313,7.31701368282e-05,8.13001520313e-06,0.000268290501703,4.87800912188e-05,0.0,0.0,0.00734140372842,4.06500760156e-05,0.00270729506264,8.13001520313e-06,0.00786985471663,0.0,0.00429264802725,0.00813001520313,0.000601621125032,0.00273981512345,0.00738205380444,0.00114633214364,4.06500760156e-05,8.13001520313e-06,8.13001520313e-06,0.0033739563093,0.00397557743433,0.000284550532109,0.000333330623328,6.5040121625e-05,8.13001520313e-06,0.00802432500549,0.001560962919,9.75601824375e-05,0.00105690197641,8.13001520313e-06,8.13001520313e-06,0.00619507158478,0.00697555304428,8.13001520313e-06,0.000536581003406,4.87800912188e-05,0.00685360281624,0.000154470288859,0.00359346671978,0.000268290501703
Gen 123
string_,string_rot,integer_swap,exec_sho,integer_gte,boolean_shove,boolean_and,string_pop,exec_eq,string_yankd,string_parse_to_chars,integer_lt,string_stackdepth,exec_do*whi,char_r,char_p,boolean_sw,integer_sho,boolean_invert_second_then_a,print_integ,char_iswhitespace,string_removechar,exec_emp,string_first,string_conc,string_yank,string_concat,string_setchar,exec_yankd,string_length,string_replacefirstch,char_d,integer_eq,exec_do*tim,string_emptystri,string_reverse,exec_yankdup,string_repla,exec_,char_ya,integer_mu,string_replacech,boolean_yankd,char_isletter,integer_add,string_empty,char_isdigit,print_integer,exec_shove,integer_fromstri,string_conjchar,boolean_or,boolean_empty,exec_wh,string_fromchar,integer_yankd,exec_do*while,integer_rot,string_rest,boolean_flu,integer_stackdep,char_iswhitespa,char_allfromstring,boolean_,char_allfromstri,exec_stackdepth,exec_do*range,char_shove,char_stackdep,string_removech,exec_stackdep,boolean_sho,string_indexofch,string_stackdep,string_leng,print_ch,integer_mult,boolean_xor,boolean_yankdup,integer_min,string_emp,integer_fromch,exec_yank,char_stackdepth,char_sw,integer_fromboole,string_replace,integer_div,string_replacefirst,boolean_frominteger,string_butla,char_isdig,integer_flush,integer_,string_yankdup,char_flu,print_exec,integer_yank,boolean_frominteg,string_emptystring,char_yankd,boolean_ya,string_swap,print_ex,exec_d,integer_max,char_swap,string_contains,char_empty,exec_dup,exec_k,string_frominteg,exec_noop,exec_p,exec_r,exec_s,string_sho,integer_flu,exec_y,boolean_rot,boolean_a,integer_ya,exec_ya,boolean_invert_first_then_a,string_spl,string_occurrencesofch,integer_yankdup,string_replacechar,char_sho,string_fromboolean,print_stri,exec_string_itera,print_newli,string_ta,string_replacefirstchar,string_substring,boolean_stackdepth,string_shove,string_containschar,exec_do*ran,char_yankdup,char_yank,integer_sw,exec_do*times,string_fromch,integer_shove,exec_if,exec_whi,integer_g,char_frominteger,char_frominteg,boolean_dup,string_eq,boolean_not,char_eq,boolean_flush,boolean_pop,string_butlast,exec_swap,string_replacefir,boolean_swap,exec_sw,string_n,print_string,exec_flush,print_newline,integer_a,string_d,string_dup,string_frominteger,string_contai,integer_mod,exec_do*count,string_fir,string_r,integer_fromchar,string_p,integer_inc,boolean_invert_first_then_and,integer_fromstring,exec_rot,integer_m,boolean_d,char_rot,exec_do*cou,string_take,exec_string_iterate,string_split,integer_pop,boolean_n,string_re,boolean_p,boolean_r,exec_pop,string_sw,boolean_x,boolean_emp,string_la,char_emp,boolean_stackdep,string_parse_to_cha,print_char,integer_dup,boolean_invert_second_then_and,integer_sub,string_setch,exec_no,boolean_yank,char_islett,string_ya,string_flu,integer_stackdepth,integer_emp,integer_dec,print_boole,integer_gt,exec,string_indexofchar,in1,char_dup,char_flush,char_pop,integer_lte,string_conjch,exec_flu,string_containsch,boolean_eq,string_flush,print_boolean,integer_d,string_rever,char_,exec_empty,string_last,integer_l,exec_when,integer_i,string_substri,string_nth,string_occurrencesofchar,integer_r,integer_s,integer_p,exec_while,integer_fromboolean,integer_empty,string_fromboole
8.06445109314e-06,0.00806445109314,0.000758058402755,0.000338706945912,0.00731445714147,0.00628220740155,0.000580640478706,0.00770155079395,0.00107257199539,8.06445109314e-06,0.00806445109314,0.00518544205289,0.00404835444875,1.61289021863e-05,8.87089620245e-05,4.03222554657e-05,8.06445109314e-06,0.0,0.000290320239353,0.0,0.00297578245337,0.0039919032911,3.22578043725e-05,0.000959669680083,8.06445109314e-06,0.00173385698502,0.00202417722438,0.00683865452698,6.45156087451e-05,0.00806445109314,0.0,0.0,0.00403222554657,3.22578043725e-05,0.0,0.00799993548439,0.00537092442803,4.03222554657e-05,1.61289021863e-05,0.0,0.0,1.61289021863e-05,0.0,0.00388706542689,0.00290320239353,0.00485479955807,0.00770961524504,7.25800598382e-05,0.0072821993371,4.03222554657e-05,0.00110482979976,0.00757251957646,0.00391932323126,0.0,0.000983863033363,0.0,0.00507253973758,0.00158063241425,0.00566930911847,0.000403222554657,5.6451157652e-05,8.06445109314e-06,0.00358868073645,5.6451157652e-05,0.000104837864211,0.000991927484456,0.00069354279401,0.00095160522899,8.06445109314e-06,3.22578043725e-05,0.000145160119676,8.06445109314e-06,1.61289021863e-05,8.87089620245e-05,0.000120966766397,0.000145160119676,0.000612898283078,0.00218546624624,0.00102418528883,0.000717736147289,0.0,0.000193546826235,0.000733865049475,0.00241127087685,0.0,0.0,0.00796767768002,0.000975798582269,0.00711284586415,0.00111289425085,0.00015322457077,0.000120966766397,0.00502415303102,0.000483867065588,0.00755639067427,0.0,8.06445109314e-05,0.00783058201144,0.0,0.00118547431069,2.41933532794e-05,8.06445109314e-06,0.00762090628301,0.0,3.22578043725e-05,0.00149998790332,0.00162095466972,0.00512092644414,0.00609672502641,0.00308062031758,0.0061047894775,0.0,0.00095160522899,1.61289021863e-05,0.000145160119676,0.000661284989637,8.06445109314e-06,8.87089620245e-05,8.06445109314e-05,0.00300804025774,8.06445109314e-06,0.000112902315304,8.06445109314e-06,3.22578043725e-05,0.0,8.06445109314e-06,0.000588704929799,0.00382254981815,8.06445109314e-06,0.00806445109314,8.06445109314e-06,4.03222554657e-05,0.0,1.61289021863e-05,0.00276610672495,0.00390319432908,0.00713703921743,0.000879025169152,0.0041128700575,0.0,0.00208869283312,0.00287900904025,9.67734131176e-05,0.00474996169386,0.0,0.00208062838203,0.00477415504714,4.83867065588e-05,4.03222554657e-05,0.00278223562713,8.06445109314e-06,0.00408061225313,0.00545156893896,0.00762090628301,0.00120966766397,0.00599995161329,0.00549189119443,0.00502415303102,0.000717736147289,0.000104837864211,0.00447577035669,8.06445109314e-06,4.03222554657e-05,0.00750800396771,0.000653220538544,4.83867065588e-05,2.41933532794e-05,2.41933532794e-05,0.00126611882162,0.000475802614495,8.06445109314e-06,0.00758058402755,0.00677413891823,0.0,5.6451157652e-05,0.00649994758107,8.87089620245e-05,0.00806445109314,0.00402416109548,0.00388706542689,0.00632252965702,0.000266126886073,5.6451157652e-05,0.00384674317143,9.67734131176e-05,0.00172579253393,0.000427415907936,0.00135482778365,0.000483867065588,4.83867065588e-05,0.000274191337167,0.0,0.0,0.000629027185265,8.06445109314e-05,0.0,0.000588704929799,0.0,8.87089620245e-05,0.000370964750284,2.41933532794e-05,0.00525802211272,0.0022338529528,0.00733865049475,0.00806445109314,4.03222554657e-05,0.0,0.000427415907936,1.61289021863e-05,8.06445109314e-06,0.0,0.0072821993371,1.61289021863e-05,0.00255643099652,0.0,0.00788703316909,0.0,0.00454835041653,0.00806445109314,0.00056451157652,0.00248385093669,0.00715316811961,0.00158063241425,3.22578043725e-05,8.06445109314e-06,0.0,0.0035241651277,0.0038790009758,0.000185482375142,0.000491931516681,8.06445109314e-06,0.0,0.00801606438658,0.00135482778365,2.41933532794e-05,0.000927411875711,2.41933532794e-05,2.41933532794e-05,0.00623382069499,0.00703220135321,8.06445109314e-06,0.000620962734171,8.06445109314e-06,0.00688704123354,0.000120966766397,0.00351610067661,0.000249997983887
Gen 124
string_,string_rot,integer_swap,exec_sho,integer_gte,boolean_shove,boolean_and,string_pop,exec_eq,string_yankd,string_parse_to_chars,integer_lt,string_stackdepth,exec_do*whi,char_r,char_p,boolean_sw,integer_sho,boolean_invert_second_then_a,print_integ,char_iswhitespace,string_removechar,exec_emp,string_first,string_conc,string_yank,string_concat,string_setchar,exec_yankd,string_length,string_replacefirstch,char_d,integer_eq,exec_do*tim,string_emptystri,string_reverse,exec_yankdup,string_repla,exec_,char_ya,integer_mu,string_replacech,boolean_yankd,char_isletter,integer_add,string_empty,char_isdigit,print_integer,exec_shove,integer_fromstri,string_conjchar,boolean_or,boolean_empty,exec_wh,string_fromchar,integer_yankd,exec_do*while,integer_rot,string_rest,boolean_flu,integer_stackdep,char_iswhitespa,char_allfromstring,boolean_,char_allfromstri,exec_stackdepth,exec_do*range,char_shove,char_stackdep,string_removech,exec_stackdep,boolean_sho,string_indexofch,string_stackdep,string_leng,print_ch,integer_mult,boolean_xor,boolean_yankdup,integer_min,string_emp,integer_fromch,exec_yank,char_stackdepth,char_sw,integer_fromboole,string_replace,integer_div,string_replacefirst,boolean_frominteger,string_butla,char_isdig,integer_flush,integer_,string_yankdup,char_flu,print_exec,integer_yank,boolean_frominteg,string_emptystring,char_yankd,boolean_ya,string_swap,print_ex,exec_d,integer_max,char_swap,string_contains,char_empty,exec_dup,exec_k,string_frominteg,exec_noop,exec_p,exec_r,exec_s,string_sho,integer_flu,exec_y,boolean_rot,boolean_a,integer_ya,exec_ya,boolean_invert_first_then_a,string_spl,string_occurrencesofch,integer_yankdup,string_replacechar,char_sho,string_fromboolean,print_stri,exec_string_itera,print_newli,string_ta,string_replacefirstchar,string_substring,boolean_stackdepth,string_shove,string_containschar,exec_do*ran,char_yankdup,char_yank,integer_sw,exec_do*times,string_fromch,integer_shove,exec_if,exec_whi,integer_g,char_frominteger,char_frominteg,boolean_dup,string_eq,boolean_not,char_eq,boolean_flush,boolean_pop,string_butlast,exec_swap,string_replacefir,boolean_swap,exec_sw,string_n,print_string,exec_flush,print_newline,integer_a,string_d,string_dup,string_frominteger,string_contai,integer_mod,exec_do*count,string_fir,string_r,integer_fromchar,string_p,integer_inc,boolean_invert_first_then_and,integer_fromstring,exec_rot,integer_m,boolean_d,char_rot,exec_do*cou,string_take,exec_string_iterate,string_split,integer_pop,boolean_n,string_re,boolean_p,boolean_r,exec_pop,string_sw,boolean_x,boolean_emp,string_la,char_emp,boolean_stackdep,string_parse_to_cha,print_char,integer_dup,boolean_invert_second_then_and,integer_sub,string_setch,exec_no,boolean_yank,char_islett,string_ya,string_flu,integer_stackdepth,integer_emp,integer_dec,print_boole,integer_gt,exec,string_indexofchar,in1,char_dup,char_flush,char_pop,integer_lte,string_conjch,exec_flu,string_containsch,boolean_eq,string_flush,print_boolean,integer_d,string_rever,char_,exec_empty,string_last,integer_l,exec_when,integer_i,string_substri,string_nth,string_occurrencesofchar,integer_r,integer_s,integer_p,exec_while,integer_fromboolean,integer_empty,string_fromboole
0.0,0.00799193606451,0.000815993472052,0.000407996736026,0.00731994144047,0.00642394860841,0.000495996032032,0.00746394028848,0.00115199078407,7.99993600051e-06,0.00799193606451,0.00549595603235,0.00377596979224,7.99993600051e-06,1.5999872001e-05,2.39998080015e-05,3.1999744002e-05,1.5999872001e-05,0.000167998656011,0.0,0.0031919744642,0.00392796857625,7.99993600051e-06,0.000727994176047,0.0,0.0015679874561,0.00189598483212,0.00656794745642,0.000103999168007,0.00799993600051,0.0,7.99993600051e-06,0.00372797017624,2.39998080015e-05,2.39998080015e-05,0.00791993664051,0.00561595507236,5.59995520036e-05,3.1999744002e-05,7.99993600051e-06,0.0,2.39998080015e-05,2.39998080015e-05,0.00351997184023,0.00295197638419,0.00448796409629,0.00759193926449,0.000111999104007,0.00737594099247,9.59992320061e-05,0.00125598995208,0.00756793945648,0.00414396684827,0.0,0.000887992896057,0.0,0.00543995648035,0.0015679874561,0.00563995488036,0.000383996928025,0.000111999104007,7.99993600051e-06,0.00380796953624,7.99993600051e-05,8.79992960056e-05,0.00107199142407,0.000719994240046,0.000727994176047,0.0,0.000111999104007,0.000287997696018,7.99993600051e-06,7.99993600051e-06,8.79992960056e-05,0.000127998976008,0.000103999168007,0.000599995200038,0.00257597939216,0.000999992000064,0.000847993216054,0.0,0.000135998912009,0.000687994496044,0.00221598227214,0.0,0.0,0.00791193670451,0.000983992128063,0.00675994592043,0.00103999168007,6.39994880041e-05,0.000135998912009,0.00483196134431,0.000439996480028,0.00754393964848,0.0,7.19994240046e-05,0.0078479372165,0.0,0.00105599155207,3.99996800026e-05,0.0,0.0077759377925,0.0,7.99993600051e-06,0.0014879880961,0.00173598611211,0.00519995840033,0.0062799497604,0.0030879752962,0.00595195238438,1.5999872001e-05,0.000951992384061,2.39998080015e-05,0.000183998528012,0.000575995392037,0.0,1.5999872001e-05,9.59992320061e-05,0.00326397388821,0.0,0.00015199878401,0.0,1.5999872001e-05,7.99993600051e-06,7.99993600051e-06,0.00047199622403,0.00381596947224,0.0,0.00798393612851,3.1999744002e-05,4.79996160031e-05,0.0,7.99993600051e-06,0.00284797721618,0.00367997056024,0.00688794489644,0.000855993152055,0.00416796665627,0.0,0.00211198310414,0.00259197926417,1.5999872001e-05,0.00489596083231,0.0,0.00195998432013,0.00419196646427,1.5999872001e-05,2.39998080015e-05,0.0030639754882,1.5999872001e-05,0.00403996768026,0.00531995744034,0.00742394060848,0.00108799129607,0.00591195270438,0.00511195910433,0.00510395916833,0.000663994688042,0.000143998848009,0.0046959624323,0.0,2.39998080015e-05,0.00744794041648,0.000607995136039,7.99993600051e-05,2.39998080015e-05,7.99993600051e-06,0.00112799097607,0.000479996160031,0.0,0.00749594003248,0.00676794585643,7.99993600051e-06,6.39994880041e-05,0.00653594771242,0.000207998336013,0.00798393612851,0.00379196966424,0.00391196870425,0.0062319501444,0.000215998272014,5.59995520036e-05,0.00420796633627,4.79996160031e-05,0.00199198406413,0.000375996992024,0.00117599059208,0.000607995136039,4.79996160031e-05,0.000343997248022,0.0,0.0,0.000711994304046,6.39994880041e-05,1.5999872001e-05,0.000383996928025,0.0,0.000103999168007,0.000399996800026,2.39998080015e-05,0.00511195910433,0.00204798361613,0.00719194246446,0.00799193606451,4.79996160031e-05,2.39998080015e-05,0.000655994752042,3.99996800026e-05,1.5999872001e-05,0.0,0.00721594227246,3.99996800026e-05,0.00238398092815,0.0,0.0077839377285,0.0,0.00420796633627,0.00799993600051,0.000479996160031,0.00262397900817,0.00705594355245,0.00135998912009,2.39998080015e-05,0.0,0.0,0.00333597331221,0.00355997152023,0.000207998336013,0.000479996160031,6.39994880041e-05,0.0,0.00789593683251,0.00103999168007,0.0,0.000639994880041,2.39998080015e-05,1.5999872001e-05,0.00613595091239,0.00686394508844,7.99993600051e-06,0.000487996096031,1.5999872001e-05,0.00673594611243,7.99993600051e-05,0.00287997696018,0.000247998016016
Gen 125
string_,string_rot,integer_swap,exec_sho,integer_gte,boolean_shove,boolean_and,string_pop,exec_eq,string_yankd,string_parse_to_chars,integer_lt,string_stackdepth,exec_do*whi,char_r,char_p,boolean_sw,integer_sho,boolean_invert_second_then_a,print_integ,char_iswhitespace,string_removechar,exec_emp,string_first,string_conc,string_yank,string_concat,string_setchar,exec_yankd,string_length,string_replacefirstch,char_d,integer_eq,exec_do*tim,string_emptystri,string_reverse,exec_yankdup,string_repla,exec_,char_ya,integer_mu,string_replacech,boolean_yankd,char_isletter,integer_add,string_empty,char_isdigit,print_integer,exec_shove,integer_fromstri,string_conjchar,boolean_or,boolean_empty,exec_wh,string_fromchar,integer_yankd,exec_do*while,integer_rot,string_rest,boolean_flu,integer_stackdep,char_iswhitespa,char_allfromstring,boolean_,char_allfromstri,exec_stackdepth,exec_do*range,char_shove,char_stackdep,string_removech,exec_stackdep,boolean_sho,string_indexofch,string_stackdep,string_leng,print_ch,integer_mult,boolean_xor,boolean_yankdup,integer_min,string_emp,integer_fromch,exec_yank,char_stackdepth,char_sw,integer_fromboole,string_replace,integer_div,string_replacefirst,boolean_frominteger,string_butla,char_isdig,integer_flush,integer_,string_yankdup,char_flu,print_exec,integer_yank,boolean_frominteg,string_emptystring,char_yankd,boolean_ya,string_swap,print_ex,exec_d,integer_max,char_swap,string_contains,char_empty,exec_dup,exec_k,string_frominteg,exec_noop,exec_p,exec_r,exec_s,string_sho,integer_flu,exec_y,boolean_rot,boolean_a,integer_ya,exec_ya,boolean_invert_first_then_a,string_spl,string_occurrencesofch,integer_yankdup,string_replacechar,char_sho,string_fromboolean,print_stri,exec_string_itera,print_newli,string_ta,string_replacefirstchar,string_substring,boolean_stackdepth,string_shove,string_containschar,exec_do*ran,char_yankdup,char_yank,integer_sw,exec_do*times,string_fromch,integer_shove,exec_if,exec_whi,integer_g,char_frominteger,char_frominteg,boolean_dup,string_eq,boolean_not,char_eq,boolean_flush,boolean_pop,string_butlast,exec_swap,string_replacefir,boolean_swap,exec_sw,string_n,print_string,exec_flush,print_newline,integer_a,string_d,string_dup,string_frominteger,string_contai,integer_mod,exec_do*count,string_fir,string_r,integer_fromchar,string_p,integer_inc,boolean_invert_first_then_and,integer_fromstring,exec_rot,integer_m,boolean_d,char_rot,exec_do*cou,string_take,exec_string_iterate,string_split,integer_pop,boolean_n,string_re,boolean_p,boolean_r,exec_pop,string_sw,boolean_x,boolean_emp,string_la,char_emp,boolean_stackdep,string_parse_to_cha,print_char,integer_dup,boolean_invert_second_then_and,integer_sub,string_setch,exec_no,boolean_yank,char_islett,string_ya,string_flu,integer_stackdepth,integer_emp,integer_dec,print_boole,integer_gt,exec,string_indexofchar,in1,char_dup,char_flush,char_pop,integer_lte,string_conjch,exec_flu,string_containsch,boolean_eq,string_flush,print_boolean,integer_d,string_rever,char_,exec_empty,string_last,integer_l,exec_when,integer_i,string_substri,string_nth,string_occurrencesofchar,integer_r,integer_s,integer_p,exec_while,integer_fromboolean,integer_empty,string_fromboole
2.38093348465e-05,0.00792057205895,0.000992055618606,0.000388885802494,0.00714280045396,0.0065316941929,0.000611106261061,0.00730152935294,0.00128570408171,7.93644494885e-06,0.00793644494885,0.00520630788645,0.00356346378203,0.0,0.0,3.96822247442e-05,0.0,7.93644494885e-06,0.000261902683312,0.0,0.00314283219974,0.00365870112142,1.58728898977e-05,0.000746025825192,0.0,0.00114284807263,0.00228569614527,0.00637296529393,0.000150792454028,0.00793644494885,0.0,0.0,0.00356346378203,4.76186696931e-05,1.58728898977e-05,0.00787295338926,0.00557932079904,6.34915595908e-05,8.73008944373e-05,7.93644494885e-06,0.0,7.93644494885e-06,7.93644494885e-06,0.00357140022698,0.00276981928715,0.00436504472187,0.00748406758677,0.000166665343926,0.00731740224284,9.52373393862e-05,0.00104761073325,0.00754755914636,0.00416663359815,0.0,0.000960309838811,1.58728898977e-05,0.00535710034047,0.0017222085539,0.00551582923945,0.000468250251982,0.000103173784335,0.0,0.00366663756637,5.55551146419e-05,0.000166665343926,0.00108729295799,0.000499996031778,0.000714280045396,0.0,3.96822247442e-05,0.00020634756867,3.96822247442e-05,0.0,5.55551146419e-05,0.000119046674233,6.34915595908e-05,0.000738089380243,0.0024047428195,0.00076189871509,0.000769835160038,0.0,0.00013491956413,0.000547614701471,0.00225395036547,0.0,0.0,0.00787295338926,0.000999992063555,0.00630153728939,0.00096824628376,7.93644494885e-05,0.000119046674233,0.00454758295569,0.000444440917136,0.00747613114182,7.93644494885e-06,4.76186696931e-05,0.00777771604987,0.0,0.000952373393862,5.55551146419e-05,0.0,0.00769041515544,7.93644494885e-06,7.93644494885e-06,0.0016904627741,0.00180157300339,0.00519043499655,0.0062380457298,0.00307934064015,0.00561106657884,7.93644494885e-06,0.000857136054476,8.73008944373e-05,0.000174601788875,0.000698407155499,1.58728898977e-05,2.38093348465e-05,5.55551146419e-05,0.00319838731439,0.0,0.000150792454028,0.0,3.96822247442e-05,7.93644494885e-06,7.93644494885e-06,0.000404758692391,0.00361901889668,0.0,0.00793644494885,2.38093348465e-05,1.58728898977e-05,0.0,1.58728898977e-05,0.00251585304879,0.00388092157999,0.00679359687622,0.000730152935294,0.00401584114412,0.0,0.00186506456298,0.00261109038817,4.76186696931e-05,0.0051824985516,7.93644494885e-06,0.0020634756867,0.00403171403402,7.93644494885e-06,2.38093348465e-05,0.00299203974572,0.0,0.00403171403402,0.00539678256522,0.00713486400902,0.00114284807263,0.00545233767986,0.00466662962992,0.00479361274911,0.000658724930755,0.00013491956413,0.00461901096023,0.0,2.38093348465e-05,0.00736502091253,0.000626979150959,9.52373393862e-05,3.96822247442e-05,0.0,0.00121427607717,0.000746025825192,0.0,0.00731740224284,0.00664280442219,2.38093348465e-05,8.73008944373e-05,0.0065793128626,0.000261902683312,0.0079285085039,0.00355552733708,0.00399203180927,0.00601582527123,0.000198411123721,7.93644494885e-06,0.00429361671733,0.00013491956413,0.00196030190237,0.000325394242903,0.000928564059015,0.000738089380243,3.96822247442e-05,0.000253966238363,0.0,0.0,0.000634915595908,8.73008944373e-05,0.0,0.000325394242903,0.0,0.00013491956413,0.000293648463107,2.38093348465e-05,0.00547614701471,0.00213490369124,0.0069205799954,0.00792057205895,6.34915595908e-05,7.93644494885e-06,0.000849199609527,1.58728898977e-05,7.93644494885e-06,0.0,0.00723803779335,2.38093348465e-05,0.00244442504425,0.0,0.00764279648574,7.93644494885e-06,0.00392854024968,0.00793644494885,0.000531741811573,0.00220633169578,0.00692851644035,0.00153967032008,0.0,0.0,7.93644494885e-06,0.00302378552551,0.00318251442449,7.14280045396e-05,0.000404758692391,3.96822247442e-05,1.58728898977e-05,0.00784914405441,0.00089681827922,0.0,0.000746025825192,7.93644494885e-06,7.93644494885e-06,0.00596027015659,0.00666661375703,0.0,0.000499996031778,0.0,0.00661105864239,0.000158728898977,0.00319045086944,0.000301584908056
Gen 126
string_,string_rot,integer_swap,exec_sho,integer_gte,boolean_shove,boolean_and,string_pop,exec_eq,string_yankd,string_parse_to_chars,integer_lt,string_stackdepth,exec_do*whi,char_r,char_p,boolean_sw,integer_sho,boolean_invert_second_then_a,print_integ,char_iswhitespace,string_removechar,exec_emp,string_first,string_conc,string_yank,string_concat,string_setchar,exec_yankd,string_length,string_replacefirstch,char_d,integer_eq,exec_do*tim,string_emptystri,string_reverse,exec_yankdup,string_repla,exec_,char_ya,integer_mu,string_replacech,boolean_yankd,char_isletter,integer_add,string_empty,char_isdigit,print_integer,exec_shove,integer_fromstri,string_conjchar,boolean_or,boolean_empty,exec_wh,string_fromchar,integer_yankd,exec_do*while,integer_rot,string_rest,boolean_flu,integer_stackdep,char_iswhitespa,char_allfromstring,boolean_,char_allfromstri,exec_stackdepth,exec_do*range,char_shove,char_stackdep,string_removech,exec_stackdep,boolean_sho,string_indexofch,string_stackdep,string_leng,print_ch,integer_mult,boolean_xor,boolean_yankdup,integer_min,string_emp,integer_fromch,exec_yank,char_stackdepth,char_sw,integer_fromboole,string_replace,integer_div,string_replacefirst,boolean_frominteger,string_butla,char_isdig,integer_flush,integer_,string_yankdup,char_flu,print_exec,integer_yank,boolean_frominteg,string_emptystring,char_yankd,boolean_ya,string_swap,print_ex,exec_d,integer_max,char_swap,string_contains,char_empty,exec_dup,exec_k,string_frominteg,exec_noop,exec_p,exec_r,exec_s,string_sho,integer_flu,exec_y,boolean_rot,boolean_a,integer_ya,exec_ya,boolean_invert_first_then_a,string_spl,string_occurrencesofch,integer_yankdup,string_replacechar,char_sho,string_fromboolean,print_stri,exec_string_itera,print_newli,string_ta,string_replacefirstchar,string_substring,boolean_stackdepth,string_shove,string_containschar,exec_do*ran,char_yankdup,char_yank,integer_sw,exec_do*times,string_fromch,integer_shove,exec_if,exec_whi,integer_g,char_frominteger,char_frominteg,boolean_dup,string_eq,boolean_not,char_eq,boolean_flush,boolean_pop,string_butlast,exec_swap,string_replacefir,boolean_swap,exec_sw,string_n,print_string,exec_flush,print_newline,integer_a,string_d,string_dup,string_frominteger,string_contai,integer_mod,exec_do*count,string_fir,string_r,integer_fromchar,string_p,integer_inc,boolean_invert_first_then_and,integer_fromstring,exec_rot,integer_m,boolean_d,char_rot,exec_do*cou,string_take,exec_string_iterate,string_split,integer_pop,boolean_n,string_re,boolean_p,boolean_r,exec_pop,string_sw,boolean_x,boolean_emp,string_la,char_emp,boolean_stackdep,string_parse_to_cha,print_char,integer_dup,boolean_invert_second_then_and,integer_sub,string_setch,exec_no,boolean_yank,char_islett,string_ya,string_flu,integer_stackdepth,integer_emp,integer_dec,print_boole,integer_gt,exec,string_indexofchar,in1,char_dup,char_flush,char_pop,integer_lte,string_conjch,exec_flu,string_containsch,boolean_eq,string_flush,print_boolean,integer_d,string_rever,char_,exec_empty,string_last,integer_l,exec_when,integer_i,string_substri,string_nth,string_occurrencesofchar,integer_r,integer_s,integer_p,exec_while,integer_fromboolean,integer_empty,string_fromboole
0.0,0.00786607979465,0.00114172329352,0.000409445594917,0.00711805418855,0.00661412114865,0.00078739537484,0.00725978535602,0.00128345446099,1.57479074968e-05,0.0078739537484,0.00486610341651,0.00374012803049,1.57479074968e-05,3.14958149936e-05,1.57479074968e-05,7.8739537484e-06,7.8739537484e-06,0.000307084196187,0.0,0.00286611916442,0.00376374989173,7.08655837356e-05,0.000811017236085,0.0,0.00125983259974,0.00227557263329,0.00630703695246,0.0002440925662,0.0078739537484,7.8739537484e-06,0.0,0.00344091778805,2.36218612452e-05,7.8739537484e-06,0.00779521421091,0.00553538948512,5.51176762388e-05,8.66134912324e-05,0.0,0.0,1.57479074968e-05,7.8739537484e-06,0.00373225407674,0.00297635451689,0.00443303596035,0.00745663419973,0.000125983259974,0.00719679372603,9.44874449807e-05,0.00109447957103,0.00748813001472,0.00411020385666,0.0,0.00083463909733,0.0,0.00537003645641,0.00156691679593,0.0056298769301,0.000464563271155,0.000118109306226,1.57479074968e-05,0.00362989267801,6.29916299872e-05,0.000181100936213,0.000858260958575,0.000740151652349,0.000629916299872,0.0,5.51176762388e-05,0.000259840473697,1.57479074968e-05,1.57479074968e-05,3.9369768742e-05,0.00014960512122,6.29916299872e-05,0.000952748403556,0.00237793403202,0.000968496311053,0.00088188281982,0.0,0.000125983259974,0.000700781883607,0.00197636239085,0.0,0.0,0.00776371839592,0.000937000496059,0.00629128904497,0.00103936189479,7.8739537484e-05,0.00019684884371,0.00474799411028,0.000425193502413,0.00725978535602,0.0,8.66134912324e-05,0.0076298611822,1.57479074968e-05,0.000803143282336,3.9369768742e-05,0.0,0.00762198722845,0.0,7.8739537484e-06,0.00177163959339,0.00212596751207,0.00544090204014,0.00607869229376,0.00285824521067,0.00570861646759,7.8739537484e-06,0.000732277698601,9.44874449807e-05,0.000220470704955,0.00068503397611,7.8739537484e-06,1.57479074968e-05,0.000110235352478,0.00340942197306,2.36218612452e-05,0.000173226982465,0.0,2.36218612452e-05,7.8739537484e-06,2.36218612452e-05,0.000417319548665,0.00376374989173,3.14958149936e-05,0.0078739537484,0.0,4.72437224904e-05,0.0,7.8739537484e-06,0.00236218612452,0.00362989267801,0.00670073463988,0.000779521421091,0.00394485082795,1.57479074968e-05,0.0017401437784,0.00254328706073,3.14958149936e-05,0.00535428854891,0.0,0.00173226982465,0.00405508618042,7.8739537484e-06,0.0,0.0029291107944,7.8739537484e-06,0.00394485082795,0.00537791041015,0.00694482720608,0.0012047149235,0.00568499460634,0.00481098574027,0.0049290950465,0.000661412114865,0.000118109306226,0.00469287643404,7.8739537484e-06,2.36218612452e-05,0.00724403744852,0.000598420484878,8.66134912324e-05,3.14958149936e-05,0.0,0.0012362107385,0.000811017236085,0.0,0.00733065093976,0.00672435650113,7.8739537484e-06,6.29916299872e-05,0.00635428067496,0.000283462334942,0.00786607979465,0.003661388493,0.00370075826175,0.00596845694128,0.000125983259974,7.8739537484e-06,0.00459051503531,9.44874449807e-05,0.00200785820584,0.000165353028716,0.000921252588562,0.00129132841474,6.29916299872e-05,0.0002440925662,0.0,7.8739537484e-06,0.000669286068614,9.44874449807e-05,7.8739537484e-06,0.0002440925662,0.0,0.000102361398729,0.000220470704955,7.08655837356e-05,0.00511019598271,0.00192911866836,0.00687396162235,0.0078739537484,2.36218612452e-05,3.14958149936e-05,0.000866134912324,7.8739537484e-06,0.0,0.0,0.00715742395729,3.14958149936e-05,0.00260627869072,0.0,0.00755899559846,1.57479074968e-05,0.00396847268919,0.0078739537484,0.000362201872426,0.00239368193951,0.00670860859363,0.00157479074968,7.8739537484e-06,0.0,0.0,0.00297635451689,0.00306296800813,4.72437224904e-05,0.000322832103684,2.36218612452e-05,7.8739537484e-06,0.00778734025716,0.00103936189479,1.57479074968e-05,0.000755899559846,2.36218612452e-05,7.8739537484e-06,0.00603144857127,0.00626766718372,0.0,0.00044094140991,0.0,0.00648813788868,0.00014960512122,0.00305509405438,0.000212596751207
Gen 127
string_,string_rot,integer_swap,exec_sho,integer_gte,boolean_shove,boolean_and,string_pop,exec_eq,string_yankd,string_parse_to_chars,integer_lt,string_stackdepth,exec_do*whi,char_r,char_p,boolean_sw,integer_sho,boolean_invert_second_then_a,print_integ,char_iswhitespace,string_removechar,exec_emp,string_first,string_conc,string_yank,string_concat,string_setchar,exec_yankd,string_length,string_replacefirstch,char_d,integer_eq,exec_do*tim,string_emptystri,string_reverse,exec_yankdup,string_repla,exec_,char_ya,integer_mu,string_replacech,boolean_yankd,char_isletter,integer_add,string_empty,char_isdigit,print_integer,exec_shove,integer_fromstri,string_conjchar,boolean_or,boolean_empty,exec_wh,string_fromchar,integer_yankd,exec_do*while,integer_rot,string_rest,boolean_flu,integer_stackdep,char_iswhitespa,char_allfromstring,boolean_,char_allfromstri,exec_stackdepth,exec_do*range,char_shove,char_stackdep,string_removech,exec_stackdep,boolean_sho,string_indexofch,string_stackdep,string_leng,print_ch,integer_mult,boolean_xor,boolean_yankdup,integer_min,string_emp,integer_fromch,exec_yank,char_stackdepth,char_sw,integer_fromboole,string_replace,integer_div,string_replacefirst,boolean_frominteger,string_butla,char_isdig,integer_flush,integer_,string_yankdup,char_flu,print_exec,integer_yank,boolean_frominteg,string_emptystring,char_yankd,boolean_ya,string_swap,print_ex,exec_d,integer_max,char_swap,string_contains,char_empty,exec_dup,exec_k,string_frominteg,exec_noop,exec_p,exec_r,exec_s,string_sho,integer_flu,exec_y,boolean_rot,boolean_a,integer_ya,exec_ya,boolean_invert_first_then_a,string_spl,string_occurrencesofch,integer_yankdup,string_replacechar,char_sho,string_fromboolean,print_stri,exec_string_itera,print_newli,string_ta,string_replacefirstchar,string_substring,boolean_stackdepth,string_shove,string_containschar,exec_do*ran,char_yankdup,char_yank,integer_sw,exec_do*times,string_fromch,integer_shove,exec_if,exec_whi,integer_g,char_frominteger,char_frominteg,boolean_dup,string_eq,boolean_not,char_eq,boolean_flush,boolean_pop,string_butlast,exec_swap,string_replacefir,boolean_swap,exec_sw,string_n,print_string,exec_flush,print_newline,integer_a,string_d,string_dup,string_frominteger,string_contai,integer_mod,exec_do*count,string_fir,string_r,integer_fromchar,string_p,integer_inc,boolean_invert_first_then_and,integer_fromstring,exec_rot,integer_m,boolean_d,char_rot,exec_do*cou,string_take,exec_string_iterate,string_split,integer_pop,boolean_n,string_re,boolean_p,boolean_r,exec_pop,string_sw,boolean_x,boolean_emp,string_la,char_emp,boolean_stackdep,string_parse_to_cha,print_char,integer_dup,boolean_invert_second_then_and,integer_sub,string_setch,exec_no,boolean_yank,char_islett,string_ya,string_flu,integer_stackdepth,integer_emp,integer_dec,print_boole,integer_gt,exec,string_indexofchar,in1,char_dup,char_flush,char_pop,integer_lte,string_conjch,exec_flu,string_containsch,boolean_eq,string_flush,print_boolean,integer_d,string_rever,char_,exec_empty,string_last,integer_l,exec_when,integer_i,string_substri,string_nth,string_occurrencesofchar,integer_r,integer_s,integer_p,exec_while,integer_fromboolean,integer_empty,string_fromboole
7.81243896532e-06,0.00781243896532,0.00124999023445,0.000453121459989,0.00715619409223,0.00660932336466,0.000757806579636,0.00728119311568,0.00135936437997,1.56248779306e-05,0.00781243896532,0.00499214849884,0.00352340997336,1.56248779306e-05,7.81243896532e-06,4.68746337919e-05,7.81243896532e-06,0.0,0.000328122436543,0.0,0.00278122827165,0.00382028265404,7.03119506879e-05,0.000804681213428,0.0,0.00132030218514,0.00200779681409,0.00631245068398,0.000382809509301,0.00781243896532,0.0,0.0,0.00347653533957,3.12497558613e-05,0.0,0.00771087725877,0.00549214459262,4.68746337919e-05,7.81243896532e-05,0.0,0.0,3.90621948266e-05,3.90621948266e-05,0.00392965679956,0.00289841485613,0.00456246435575,0.00740619213912,0.000124999023445,0.00717181897016,8.59368286185e-05,0.0013281146241,0.00742962945602,0.00399215631128,7.81243896532e-06,0.000726556823775,7.81243896532e-06,0.00598432824744,0.00141405145272,0.00547651971469,0.000554683166538,0.00011718658448,2.3437316896e-05,0.00349997265646,6.24995117226e-05,8.59368286185e-05,0.000953117553769,0.000703119506879,0.000421871704127,7.81243896532e-06,4.68746337919e-05,0.000289060241717,3.90621948266e-05,7.81243896532e-06,4.68746337919e-05,0.000156248779306,3.90621948266e-05,0.00115624096687,0.00260935461442,0.000874993164116,0.000703119506879,7.81243896532e-06,6.24995117226e-05,0.000437496582058,0.00186717291271,0.0,0.0,0.00767181506394,0.000937492675838,0.00621088897743,0.00118749072273,0.000124999023445,0.000203123413098,0.00460152655057,0.000374997070335,0.0071405692143,0.0,0.000109374145514,0.00764837774705,0.0,0.000773431457567,1.56248779306e-05,0.0,0.00748431652878,0.0,7.81243896532e-06,0.00166404949961,0.0019609221803,0.00556245654331,0.0061718267826,0.00256247998063,0.00579682971227,0.0,0.000765619018601,6.24995117226e-05,0.00013281146241,0.000515620971711,0.0,2.3437316896e-05,7.81243896532e-05,0.00313278802509,0.0,0.000124999023445,0.0,2.3437316896e-05,1.56248779306e-05,7.81243896532e-06,0.000656244873087,0.0038515324099,7.81243896532e-06,0.00778118920946,0.0,5.46870727572e-05,0.0,1.56248779306e-05,0.00235154412856,0.00360153436301,0.00682807165569,0.000695307067914,0.00452340216092,0.0,0.00172654901134,0.00241404364028,3.12497558613e-05,0.00503902313263,7.81243896532e-06,0.00142967633065,0.00414059265162,7.81243896532e-06,2.3437316896e-05,0.0031093507082,1.56248779306e-05,0.00408590557886,0.00523433410676,0.0069374458012,0.000929680236873,0.00545308239779,0.00494527386505,0.0046405887454,0.000656244873087,6.24995117226e-05,0.00441402801541,7.81243896532e-06,3.90621948266e-05,0.0071640065312,0.00073436926274,2.3437316896e-05,5.46870727572e-05,7.81243896532e-06,0.00100780462653,0.000554683166538,0.0,0.00708588214155,0.0066015109257,0.0,5.46870727572e-05,0.00649994921915,0.000156248779306,0.00781243896532,0.00379684533715,0.0036718463137,0.00571870532261,0.000156248779306,0.0,0.00479683752471,0.000148436340341,0.00214842071546,0.000148436340341,0.0009687424317,0.00124217779549,7.03119506879e-05,0.000226560729994,2.3437316896e-05,0.0,0.000585932922399,7.03119506879e-05,0.0,0.000140623901376,0.0,7.81243896532e-05,0.000359372192405,5.46870727572e-05,0.0052265216678,0.00169529925547,0.00683588409466,0.00781243896532,2.3437316896e-05,7.81243896532e-06,0.000835930969289,2.3437316896e-05,0.0,0.0,0.00708588214155,1.56248779306e-05,0.00244529339615,7.81243896532e-06,0.00747650408981,1.56248779306e-05,0.00408590557886,0.00781243896532,0.000476558776885,0.00260154217545,0.00664838555949,0.00163279974375,7.81243896532e-06,0.0,7.81243896532e-06,0.00322653729268,0.00315622534199,8.59368286185e-05,0.000343747314474,3.90621948266e-05,1.56248779306e-05,0.00775775189256,0.0011718658448,1.56248779306e-05,0.00061718267826,1.56248779306e-05,7.81243896532e-06,0.00597651580847,0.00641401239053,0.0,0.000531245849642,7.81243896532e-06,0.00658588604777,0.000148436340341,0.00248435559097,0.000179686096202
Gen 128
string_,string_rot,integer_swap,exec_sho,integer_gte,boolean_shove,boolean_and,string_pop,exec_eq,string_yankd,string_parse_to_chars,integer_lt,string_stackdepth,exec_do*whi,char_r,char_p,boolean_sw,integer_sho,boolean_invert_second_then_a,print_integ,char_iswhitespace,string_removechar,exec_emp,string_first,string_conc,string_yank,string_concat,string_setchar,exec_yankd,string_length,string_replacefirstch,char_d,integer_eq,exec_do*tim,string_emptystri,string_reverse,exec_yankdup,string_repla,exec_,char_ya,integer_mu,string_replacech,boolean_yankd,char_isletter,integer_add,string_empty,char_isdigit,print_integer,exec_shove,integer_fromstri,string_conjchar,boolean_or,boolean_empty,exec_wh,string_fromchar,integer_yankd,exec_do*while,integer_rot,string_rest,boolean_flu,integer_stackdep,char_iswhitespa,char_allfromstring,boolean_,char_allfromstri,exec_stackdepth,exec_do*range,char_shove,char_stackdep,string_removech,exec_stackdep,boolean_sho,string_indexofch,string_stackdep,string_leng,print_ch,integer_mult,boolean_xor,boolean_yankdup,integer_min,string_emp,integer_fromch,exec_yank,char_stackdepth,char_sw,integer_fromboole,string_replace,integer_div,string_replacefirst,boolean_frominteger,string_butla,char_isdig,integer_flush,integer_,string_yankdup,char_flu,print_exec,integer_yank,boolean_frominteg,string_emptystring,char_yankd,boolean_ya,string_swap,print_ex,exec_d,integer_max,char_swap,string_contains,char_empty,exec_dup,exec_k,string_frominteg,exec_noop,exec_p,exec_r,exec_s,string_sho,integer_flu,exec_y,boolean_rot,boolean_a,integer_ya,exec_ya,boolean_invert_first_then_a,string_spl,string_occurrencesofch,integer_yankdup,string_replacechar,char_sho,string_fromboolean,print_stri,exec_string_itera,print_newli,string_ta,string_replacefirstchar,string_substring,boolean_stackdepth,string_shove,string_containschar,exec_do*ran,char_yankdup,char_yank,integer_sw,exec_do*times,string_fromch,integer_shove,exec_if,exec_whi,integer_g,char_frominteger,char_frominteg,boolean_dup,string_eq,boolean_not,char_eq,boolean_flush,boolean_pop,string_butlast,exec_swap,string_replacefir,boolean_swap,exec_sw,string_n,print_string,exec_flush,print_newline,integer_a,string_d,string_dup,string_frominteger,string_contai,integer_mod,exec_do*count,string_fir,string_r,integer_fromchar,string_p,integer_inc,boolean_invert_first_then_and,integer_fromstring,exec_rot,integer_m,boolean_d,char_rot,exec_do*cou,string_take,exec_string_iterate,string_split,integer_pop,boolean_n,string_re,boolean_p,boolean_r,exec_pop,string_sw,boolean_x,boolean_emp,string_la,char_emp,boolean_stackdep,string_parse_to_cha,print_char,integer_dup,boolean_invert_second_then_and,integer_sub,string_setch,exec_no,boolean_yank,char_islett,string_ya,string_flu,integer_stackdepth,integer_emp,integer_dec,print_boole,integer_gt,exec,string_indexofchar,in1,char_dup,char_flush,char_pop,integer_lte,string_conjch,exec_flu,string_containsch,boolean_eq,string_flush,print_boolean,integer_d,string_rever,char_,exec_empty,string_last,integer_l,exec_when,integer_i,string_substri,string_nth,string_occurrencesofchar,integer_r,integer_s,integer_p,exec_while,integer_fromboolean,integer_empty,string_fromboole
0.0,0.00775187789242,0.00120154107333,0.000364338260944,0.00713172766103,0.00655808869699,0.000751932155565,0.00714723141681,0.00161239060162,7.75187789242e-06,0.00775187789242,0.00513949504267,0.00330229998217,7.75187789242e-06,7.75187789242e-06,2.32556336773e-05,2.32556336773e-05,0.0,0.000263563848342,0.0,0.00265114223921,0.00382167580096,1.55037557848e-05,0.000860458446059,7.75187789242e-06,0.00158913496795,0.00196897698467,0.00629452484864,0.000457360795653,0.00773637413663,7.75187789242e-06,0.0,0.00351935256316,1.55037557848e-05,1.55037557848e-05,0.00770536662506,0.00546507391416,6.97669010318e-05,0.000155037557848,3.10075115697e-05,0.0,2.32556336773e-05,3.10075115697e-05,0.0034805931737,0.00293020984333,0.00467438236913,0.00742629902094,0.000170541313633,0.00723250207363,8.52706568166e-05,0.00130231548593,0.00733327648623,0.00401547274827,0.0,0.000713172766103,3.10075115697e-05,0.00610072790133,0.00158138309005,0.0057286377625,0.000503872063007,0.000131781924171,7.75187789242e-06,0.00386818706832,3.10075115697e-05,5.42631452469e-05,0.000922473469198,0.00103875163758,0.000558135208254,7.75187789242e-06,5.42631452469e-05,0.00028681948202,2.32556336773e-05,3.10075115697e-05,6.20150231394e-05,0.000170541313633,4.65112673545e-05,0.00117053356176,0.00267439787288,0.00106975914915,0.00076743591135,0.0,6.20150231394e-05,0.000542631452469,0.00189921008364,0.0,0.0,0.00758908845668,0.00106975914915,0.00588367532035,0.001224796707,6.20150231394e-05,0.000139533802064,0.00452709668917,0.000403097650406,0.00696118634739,0.0,0.000108526290494,0.00761234409036,0.0,0.000689917132425,1.55037557848e-05,7.75187789242e-06,0.00729451709677,0.0,2.32556336773e-05,0.00177518003736,0.00205424764149,0.00561235959411,0.00617824668026,0.00257362346028,0.00537205137945,0.0,0.000844954690274,7.75187789242e-05,0.000116278168386,0.000317826993589,0.0,5.42631452469e-05,0.000100774412601,0.00344958566213,0.0,0.000162789435741,0.0,3.87593894621e-05,4.65112673545e-05,0.0,0.000472864551438,0.00386818706832,0.0,0.00774412601453,0.0,0.000131781924171,7.75187789242e-06,2.32556336773e-05,0.00224029271091,0.00342633002845,0.00684490817901,0.000604646475609,0.00463562297967,7.75187789242e-06,0.00166665374687,0.00220153332145,4.65112673545e-05,0.00487593119433,0.0,0.00137983426485,0.0038836908241,4.65112673545e-05,0.0,0.00310850303486,1.55037557848e-05,0.00385268331253,0.00477515678173,0.00693017883582,0.000906969713413,0.00539530701312,0.0048061642933,0.00496895372904,0.000542631452469,9.3022534709e-05,0.00454260044496,7.75187789242e-06,4.65112673545e-05,0.00714723141681,0.000697669010318,5.42631452469e-05,6.97669010318e-05,0.0,0.000744180277672,0.000821699056596,1.55037557848e-05,0.00710847202735,0.00658909620856,7.75187789242e-06,5.42631452469e-05,0.00669762249905,0.000217052580988,0.00775187789242,0.00365888636522,0.00357361570841,0.00575189339618,0.000170541313633,1.55037557848e-05,0.00465112673545,8.52706568166e-05,0.00201548825203,0.000248060092557,0.001224796707,0.00126355609646,1.55037557848e-05,0.000232556336773,0.0,7.75187789242e-06,0.000682165254533,3.87593894621e-05,0.0,0.000201548825203,0.0,8.52706568166e-05,0.00028681948202,3.10075115697e-05,0.00509298377532,0.00186045069418,0.00684490817901,0.00774412601453,1.55037557848e-05,4.65112673545e-05,0.000790691545027,1.55037557848e-05,7.75187789242e-06,0.0,0.00689917132425,0.0,0.00227905210037,0.0,0.00750381779986,7.75187789242e-06,0.00411624716087,0.00775187789242,0.000333330749374,0.00237207463508,0.00668987062116,0.00147285679956,7.75187789242e-06,1.55037557848e-05,0.0,0.00330229998217,0.00291470608755,0.000124030046279,0.00022480445888,3.87593894621e-05,7.75187789242e-06,0.00765110347982,0.00113952605019,0.0,0.000573638964039,1.55037557848e-05,7.75187789242e-06,0.00610072790133,0.00591468283192,0.0,0.00048061642933,2.32556336773e-05,0.00648832179596,0.000108526290494,0.00237207463508,0.000240308214665
Gen 129
string_,string_rot,integer_swap,exec_sho,integer_gte,boolean_shove,boolean_and,string_pop,exec_eq,string_yankd,string_parse_to_chars,integer_lt,string_stackdepth,exec_do*whi,char_r,char_p,boolean_sw,integer_sho,boolean_invert_second_then_a,print_integ,char_iswhitespace,string_removechar,exec_emp,string_first,string_conc,string_yank,string_concat,string_setchar,exec_yankd,string_length,string_replacefirstch,char_d,integer_eq,exec_do*tim,string_emptystri,string_reverse,exec_yankdup,string_repla,exec_,char_ya,integer_mu,string_replacech,boolean_yankd,char_isletter,integer_add,string_empty,char_isdigit,print_integer,exec_shove,integer_fromstri,string_conjchar,boolean_or,boolean_empty,exec_wh,string_fromchar,integer_yankd,exec_do*while,integer_rot,string_rest,boolean_flu,integer_stackdep,char_iswhitespa,char_allfromstring,boolean_,char_allfromstri,exec_stackdepth,exec_do*range,char_shove,char_stackdep,string_removech,exec_stackdep,boolean_sho,string_indexofch,string_stackdep,string_leng,print_ch,integer_mult,boolean_xor,boolean_yankdup,integer_min,string_emp,integer_fromch,exec_yank,char_stackdepth,char_sw,integer_fromboole,string_replace,integer_div,string_replacefirst,boolean_frominteger,string_butla,char_isdig,integer_flush,integer_,string_yankdup,char_flu,print_exec,integer_yank,boolean_frominteg,string_emptystring,char_yankd,boolean_ya,string_swap,print_ex,exec_d,integer_max,char_swap,string_contains,char_empty,exec_dup,exec_k,string_frominteg,exec_noop,exec_p,exec_r,exec_s,string_sho,integer_flu,exec_y,boolean_rot,boolean_a,integer_ya,exec_ya,boolean_invert_first_then_a,string_spl,string_occurrencesofch,integer_yankdup,string_replacechar,char_sho,string_fromboolean,print_stri,exec_string_itera,print_newli,string_ta,string_replacefirstchar,string_substring,boolean_stackdepth,string_shove,string_containschar,exec_do*ran,char_yankdup,char_yank,integer_sw,exec_do*times,string_fromch,integer_shove,exec_if,exec_whi,integer_g,char_frominteger,char_frominteg,boolean_dup,string_eq,boolean_not,char_eq,boolean_flush,boolean_pop,string_butlast,exec_swap,string_replacefir,boolean_swap,exec_sw,string_n,print_string,exec_flush,print_newline,integer_a,string_d,string_dup,string_frominteger,string_contai,integer_mod,exec_do*count,string_fir,string_r,integer_fromchar,string_p,integer_inc,boolean_invert_first_then_and,integer_fromstring,exec_rot,integer_m,boolean_d,char_rot,exec_do*cou,string_take,exec_string_iterate,string_split,integer_pop,boolean_n,string_re,boolean_p,boolean_r,exec_pop,string_sw,boolean_x,boolean_emp,string_la,char_emp,boolean_stackdep,string_parse_to_cha,print_char,integer_dup,boolean_invert_second_then_and,integer_sub,string_setch,exec_no,boolean_yank,char_islett,string_ya,string_flu,integer_stackdepth,integer_emp,integer_dec,print_boole,integer_gt,exec,string_indexofchar,in1,char_dup,char_flush,char_pop,integer_lte,string_conjch,exec_flu,string_containsch,boolean_eq,string_flush,print_boolean,integer_d,string_rever,char_,exec_empty,string_last,integer_l,exec_when,integer_i,string_substri,string_nth,string_occurrencesofchar,integer_r,integer_s,integer_p,exec_while,integer_fromboolean,integer_empty,string_fromboole
7.69224852117e-06,0.00768455627264,0.00117691402374,0.000361535680495,0.00707686863947,0.00643071976369,0.000684610118384,0.0071230221306,0.00186152414212,7.69224852117e-06,0.00769224852117,0.00508457627249,0.00344612733748,7.69224852117e-06,0.0,1.53844970423e-05,1.53844970423e-05,7.69224852117e-06,0.000369227929016,7.69224852117e-06,0.00266151798832,0.00376920177537,0.0,0.000746148106553,3.07689940847e-05,0.00169998692318,0.00181537065099,0.00579995538496,0.000415381420143,0.00769224852117,0.0,0.0,0.00359228005938,4.6153491127e-05,1.53844970423e-05,0.007630710533,0.00549226544411,3.84612426058e-05,0.00019999846155,0.0,7.69224852117e-06,3.84612426058e-05,0.0,0.00387689325467,0.00286151644987,0.00463842585826,0.00735378958623,0.000253844201198,0.00710763763356,4.6153491127e-05,0.00139229698233,0.00731532834363,0.00378458627241,0.0,0.000692302366905,7.69224852117e-06,0.00600764609503,0.00125383650895,0.00553072668672,0.00059230313613,9.2306982254e-05,2.30767455635e-05,0.00353074207121,6.92302366905e-05,0.000115383727817,0.00103845355036,0.00128460550303,0.000323074437889,7.69224852117e-06,3.07689940847e-05,0.000269228698241,3.07689940847e-05,2.30767455635e-05,1.53844970423e-05,0.00013076822486,9.2306982254e-05,0.00127691325451,0.00257690325459,0.000938454319582,0.000746148106553,0.0,9.99992307751e-05,0.000676917869863,0.00211536834332,0.0,0.0,0.00757686479335,0.00108460704148,0.00562303366897,0.00121537526634,8.46147337328e-05,0.000230767455635,0.0045076576334,0.000246151952677,0.00682302443827,0.0,7.69224852117e-05,0.00751532680518,0.0,0.000876916331413,3.07689940847e-05,0.0,0.00740763532588,0.0,7.69224852117e-06,0.00186921639064,0.00182306289952,0.00563841816601,0.00589995461573,0.00249998076938,0.00523842124291,7.69224852117e-06,0.000815378343244,6.15379881693e-05,0.000115383727817,0.000346151183452,0.0,3.07689940847e-05,7.69224852117e-05,0.00336151260375,0.0,0.000146152721902,0.0,3.07689940847e-05,4.6153491127e-05,1.53844970423e-05,0.000584610887609,0.00384612426058,7.69224852117e-06,0.00767686402412,2.30767455635e-05,0.000123075976339,0.0,2.30767455635e-05,0.00233075130191,0.00359997230791,0.00649225775186,0.000469227159791,0.00433073591742,0.0,0.00143845047346,0.00252305751494,7.69224852117e-06,0.00504611502988,1.53844970423e-05,0.00133845124268,0.00369227929016,3.07689940847e-05,1.53844970423e-05,0.00309228390551,0.0,0.00416150644995,0.00469996384643,0.00676917869863,0.000938454319582,0.00532303597665,0.00463842585826,0.004723040592,0.000561534142045,7.69224852117e-05,0.00453073437897,0.0,3.07689940847e-05,0.00707686863947,0.000676917869863,6.15379881693e-05,3.84612426058e-05,7.69224852117e-06,0.000846147337328,0.000684610118384,0.0,0.00718456011877,0.00643071976369,7.69224852117e-06,3.84612426058e-05,0.0066153337282,0.000207690710071,0.00769224852117,0.00378458627241,0.00371535603572,0.00563841816601,0.000176921715987,0.0,0.00449996538488,0.000153844970423,0.00205383035515,0.000315382189368,0.0010538380474,0.00133845124268,4.6153491127e-05,0.000184613964508,7.69224852117e-06,0.0,0.000776917100638,3.07689940847e-05,1.53844970423e-05,0.000146152721902,7.69224852117e-06,7.69224852117e-05,0.000192306213029,3.07689940847e-05,0.00524611349143,0.00176152491135,0.00673071745602,0.00768455627264,4.6153491127e-05,4.6153491127e-05,0.000753840355074,0.0,7.69224852117e-06,0.0,0.00693071591757,0.0,0.00256921100607,0.0,0.0072691748525,2.30767455635e-05,0.00416919869847,0.00769224852117,0.000384612426058,0.00218459858001,0.00682302443827,0.00159229544388,0.0,8.46147337328e-05,0.0,0.00339997384636,0.00263844124276,0.000107691479296,0.000284613195283,3.07689940847e-05,7.69224852117e-06,0.00759224929039,0.0011615295267,2.30767455635e-05,0.000553841893524,2.30767455635e-05,7.69224852117e-06,0.00611533757433,0.00589995461573,0.0,0.000438458165706,0.0,0.00669994846193,4.6153491127e-05,0.00258459550311,0.000307689940847
Gen 130
string_,string_rot,integer_swap,exec_sho,integer_gte,boolean_shove,boolean_and,string_pop,exec_eq,string_yankd,string_parse_to_chars,integer_lt,string_stackdepth,exec_do*whi,char_r,char_p,boolean_sw,integer_sho,boolean_invert_second_then_a,print_integ,char_iswhitespace,string_removechar,exec_emp,string_first,string_conc,string_yank,string_concat,string_setchar,exec_yankd,string_length,string_replacefirstch,char_d,integer_eq,exec_do*tim,string_emptystri,string_reverse,exec_yankdup,string_repla,exec_,char_ya,integer_mu,string_replacech,boolean_yankd,char_isletter,integer_add,string_empty,char_isdigit,print_integer,exec_shove,integer_fromstri,string_conjchar,boolean_or,boolean_empty,exec_wh,string_fromchar,integer_yankd,exec_do*while,integer_rot,string_rest,boolean_flu,integer_stackdep,char_iswhitespa,char_allfromstring,boolean_,char_allfromstri,exec_stackdepth,exec_do*range,char_shove,char_stackdep,string_removech,exec_stackdep,boolean_sho,string_indexofch,string_stackdep,string_leng,print_ch,integer_mult,boolean_xor,boolean_yankdup,integer_min,string_emp,integer_fromch,exec_yank,char_stackdepth,char_sw,integer_fromboole,string_replace,integer_div,string_replacefirst,boolean_frominteger,string_butla,char_isdig,integer_flush,integer_,string_yankdup,char_flu,print_exec,integer_yank,boolean_frominteg,string_emptystring,char_yankd,boolean_ya,string_swap,print_ex,exec_d,integer_max,char_swap,string_contains,char_empty,exec_dup,exec_k,string_frominteg,exec_noop,exec_p,exec_r,exec_s,string_sho,integer_flu,exec_y,boolean_rot,boolean_a,integer_ya,exec_ya,boolean_invert_first_then_a,string_spl,string_occurrencesofch,integer_yankdup,string_replacechar,char_sho,string_fromboolean,print_stri,exec_string_itera,print_newli,string_ta,string_replacefirstchar,string_substring,boolean_stackdepth,string_shove,string_containschar,exec_do*ran,char_yankdup,char_yank,integer_sw,exec_do*times,string_fromch,integer_shove,exec_if,exec_whi,integer_g,char_frominteger,char_frominteg,boolean_dup,string_eq,boolean_not,char_eq,boolean_flush,boolean_pop,string_butlast,exec_swap,string_replacefir,boolean_swap,exec_sw,string_n,print_string,exec_flush,print_newline,integer_a,string_d,string_dup,string_frominteger,string_contai,integer_mod,exec_do*count,string_fir,string_r,integer_fromchar,string_p,integer_inc,boolean_invert_first_then_and,integer_fromstring,exec_rot,integer_m,boolean_d,char_rot,exec_do*cou,string_take,exec_string_iterate,string_split,integer_pop,boolean_n,string_re,boolean_p,boolean_r,exec_pop,string_sw,boolean_x,boolean_emp,string_la,char_emp,boolean_stackdep,string_parse_to_cha,print_char,integer_dup,boolean_invert_second_then_and,integer_sub,string_setch,exec_no,boolean_yank,char_islett,string_ya,string_flu,integer_stackdepth,integer_emp,integer_dec,print_boole,integer_gt,exec,string_indexofchar,in1,char_dup,char_flush,char_pop,integer_lte,string_conjch,exec_flu,string_containsch,boolean_eq,string_flush,print_boolean,integer_d,string_rever,char_,exec_empty,string_last,integer_l,exec_when,integer_i,string_substri,string_nth,string_occurrencesofchar,integer_r,integer_s,integer_p,exec_while,integer_fromboolean,integer_empty,string_fromboole
0.0,0.00762589598553,0.00133586766513,0.000320608239632,0.00687781009305,0.00629002832039,0.000503812947993,0.00703048068335,0.00164120884573,7.63352951504e-06,0.00763352951504,0.00500759536187,0.00302287768796,1.52670590301e-05,0.0,6.87017656354e-05,7.63352951504e-06,7.63352951504e-06,0.000290074121572,0.0,0.00284730650911,0.00387783299364,5.34347066053e-05,0.000717551774414,5.34347066053e-05,0.00155724002107,0.00181678002458,0.00587018419707,0.000496179418478,0.00762589598553,0.0,0.0,0.00348852298837,7.63352951504e-06,1.52670590301e-05,0.00748849245426,0.00525186830635,7.63352951504e-06,0.000106869413211,2.29005885451e-05,7.63352951504e-06,5.34347066053e-05,1.52670590301e-05,0.00396943534782,0.00287784062717,0.00435111182357,0.00721368539171,0.000236639414966,0.00699994656529,3.81676475752e-05,0.00146563766689,0.0072594865688,0.00359539240158,0.0,0.000511446477508,7.63352951504e-06,0.00611445714155,0.00114502942726,0.00552667536889,0.000580148243143,5.34347066053e-05,1.52670590301e-05,0.00324425004389,6.10682361203e-05,0.000167937649331,0.000992358836955,0.000946557659865,0.000419844123327,0.0,4.58011770903e-05,0.000198471767391,7.63352951504e-06,2.29005885451e-05,1.52670590301e-05,0.000106869413211,9.16023541805e-05,0.00145037060786,0.00273280356638,0.000763352951504,0.000488545888963,0.0,0.000160304119816,0.000610682361203,0.00209922061664,0.0,0.0,0.00749612598377,0.00106869413211,0.00555720948695,0.00102289295502,8.39688246655e-05,0.000236639414966,0.00461065182709,0.000236639414966,0.0069007106816,0.0,9.92358836955e-05,0.00744269127717,0.0,0.000656483538294,3.81676475752e-05,0.0,0.00741215715911,0.0,1.52670590301e-05,0.00193128296731,0.00167174296379,0.00571751360677,0.00584728360852,0.00245036297433,0.00501522889138,0.0,0.000763352951504,8.39688246655e-05,5.34347066053e-05,0.000305341180602,7.63352951504e-06,3.05341180602e-05,6.87017656354e-05,0.00318318180777,7.63352951504e-06,0.000152670590301,0.0,3.05341180602e-05,3.81676475752e-05,1.52670590301e-05,0.000465645300418,0.00378623063946,7.63352951504e-06,0.00760299539698,7.63352951504e-06,0.000160304119816,0.0,0.0,0.00214502179373,0.00343508828177,0.00641979832215,0.000419844123327,0.00454958359096,0.0,0.00134350119465,0.00239692826772,7.63352951504e-06,0.00485492477157,7.63352951504e-06,0.00125953236998,0.00377096358043,4.58011770903e-05,1.52670590301e-05,0.00329005122098,0.0,0.00425187593988,0.00467172006321,0.00674040656178,0.000977091777925,0.00533583713101,0.00462591888612,0.00467935359272,0.000557247654598,2.29005885451e-05,0.00448088182533,0.0,3.05341180602e-05,0.00683964244548,0.000694651185869,5.34347066053e-05,3.05341180602e-05,7.63352951504e-06,0.00093892413035,0.000580148243143,0.0,0.00727475362783,0.00638163067458,1.52670590301e-05,6.87017656354e-05,0.00662590361906,0.000183204708361,0.00762589598553,0.0037556965214,0.00357249181304,0.00542743948519,0.000122136472241,7.63352951504e-06,0.00443508064824,0.000129770001756,0.00189311531973,0.000167937649331,0.000854955305685,0.00129006648804,3.81676475752e-05,0.000282440592057,0.0,0.0,0.000656483538294,0.0,1.52670590301e-05,0.000145037060786,0.0,5.34347066053e-05,0.000122136472241,1.52670590301e-05,0.00519080007023,0.00151907237349,0.00679384126839,0.00762589598553,3.81676475752e-05,3.05341180602e-05,0.00093892413035,2.29005885451e-05,7.63352951504e-06,0.0,0.00684727597499,1.52670590301e-05,0.00229769238403,0.0,0.00718315127365,7.63352951504e-06,0.00374806299189,0.00763352951504,0.000496179418478,0.00230532591354,0.00651140067633,0.00161830825719,0.0,0.000122136472241,0.0,0.00347325592934,0.00248089709239,0.000106869413211,0.000297707651087,1.52670590301e-05,7.63352951504e-06,0.00758009480844,0.000946557659865,1.52670590301e-05,0.000328241769147,3.05341180602e-05,0.0,0.00593125243319,0.00590071831513,0.0,0.000557247654598,7.63352951504e-06,0.00660300303051,4.58011770903e-05,0.00286257356814,0.000351142357692
Gen 131
string_,string_rot,integer_swap,exec_sho,integer_gte,boolean_shove,boolean_and,string_pop,exec_eq,string_yankd,string_parse_to_chars,integer_lt,string_stackdepth,exec_do*whi,char_r,char_p,boolean_sw,integer_sho,boolean_invert_second_then_a,print_integ,char_iswhitespace,string_removechar,exec_emp,string_first,string_conc,string_yank,string_concat,string_setchar,exec_yankd,string_length,string_replacefirstch,char_d,integer_eq,exec_do*tim,string_emptystri,string_reverse,exec_yankdup,string_repla,exec_,char_ya,integer_mu,string_replacech,boolean_yankd,char_isletter,integer_add,string_empty,char_isdigit,print_integer,exec_shove,integer_fromstri,string_conjchar,boolean_or,boolean_empty,exec_wh,string_fromchar,integer_yankd,exec_do*while,integer_rot,string_rest,boolean_flu,integer_stackdep,char_iswhitespa,char_allfromstring,boolean_,char_allfromstri,exec_stackdepth,exec_do*range,char_shove,char_stackdep,string_removech,exec_stackdep,boolean_sho,string_indexofch,string_stackdep,string_leng,print_ch,integer_mult,boolean_xor,boolean_yankdup,integer_min,string_emp,integer_fromch,exec_yank,char_stackdepth,char_sw,integer_fromboole,string_replace,integer_div,string_replacefirst,boolean_frominteger,string_butla,char_isdig,integer_flush,integer_,string_yankdup,char_flu,print_exec,integer_yank,boolean_frominteg,string_emptystring,char_yankd,boolean_ya,string_swap,print_ex,exec_d,integer_max,char_swap,string_contains,char_empty,exec_dup,exec_k,string_frominteg,exec_noop,exec_p,exec_r,exec_s,string_sho,integer_flu,exec_y,boolean_rot,boolean_a,integer_ya,exec_ya,boolean_invert_first_then_a,string_spl,string_occurrencesofch,integer_yankdup,string_replacechar,char_sho,string_fromboolean,print_stri,exec_string_itera,print_newli,string_ta,string_replacefirstchar,string_substring,boolean_stackdepth,string_shove,string_containschar,exec_do*ran,char_yankdup,char_yank,integer_sw,exec_do*times,string_fromch,integer_shove,exec_if,exec_whi,integer_g,char_frominteger,char_frominteg,boolean_dup,string_eq,boolean_not,char_eq,boolean_flush,boolean_pop,string_butlast,exec_swap,string_replacefir,boolean_swap,exec_sw,string_n,print_string,exec_flush,print_newline,integer_a,string_d,string_dup,string_frominteger,string_contai,integer_mod,exec_do*count,string_fir,string_r,integer_fromchar,string_p,integer_inc,boolean_invert_first_then_and,integer_fromstring,exec_rot,integer_m,boolean_d,char_rot,exec_do*cou,string_take,exec_string_iterate,string_split,integer_pop,boolean_n,string_re,boolean_p,boolean_r,exec_pop,string_sw,boolean_x,boolean_emp,string_la,char_emp,boolean_stackdep,string_parse_to_cha,print_char,integer_dup,boolean_invert_second_then_and,integer_sub,string_setch,exec_no,boolean_yank,char_islett,string_ya,string_flu,integer_stackdepth,integer_emp,integer_dec,print_boole,integer_gt,exec,string_indexofchar,in1,char_dup,char_flush,char_pop,integer_lte,string_conjch,exec_flu,string_containsch,boolean_eq,string_flush,print_boolean,integer_d,string_rever,char_,exec_empty,string_last,integer_l,exec_when,integer_i,string_substri,string_nth,string_occurrencesofchar,integer_r,integer_s,integer_p,exec_while,integer_fromboolean,integer_empty,string_fromboole
0.0,0.00756054878372,0.00125756623056,0.000318179407732,0.006666616162,0.0063332853539,0.000492420511966,0.00693176566844,0.00153786713737,2.27271005523e-05,0.00757570018409,0.00496208362058,0.00293179597124,7.57570018409e-06,0.0,6.06056014727e-05,0.0,0.0,0.000325755107916,0.0,0.00271967636609,0.00371966879039,1.51514003682e-05,0.000628783115279,7.57570018409e-06,0.00162877553958,0.00177271384308,0.00597722744525,0.000515147612518,0.00757570018409,7.57570018409e-06,0.0,0.00348482208468,2.27271005523e-05,1.51514003682e-05,0.00745448898114,0.00534844432997,1.51514003682e-05,8.3332702025e-05,2.27271005523e-05,0.0,2.27271005523e-05,1.51514003682e-05,0.00390148559481,0.00271967636609,0.00432572480512,0.0071438852736,0.000136362603314,0.00701509837047,5.30299012886e-05,0.0013787774335,0.00719691517489,0.00367421458928,0.0,0.00037120930902,7.57570018409e-06,0.00609843864819,0.00115150642798,0.00530299012886,0.0006666616162,0.000121211202945,3.03028007364e-05,0.00328785387989,6.06056014727e-05,0.00016666540405,0.00109847652669,0.00113635502761,0.000386360709389,0.0,2.27271005523e-05,0.000212119605155,1.51514003682e-05,0.0,7.57570018409e-06,0.00012878690313,5.30299012886e-05,0.00146211013553,0.0028560389694,0.000924235422459,0.000416663510125,0.0,0.000113635502761,0.000787872819145,0.0018560465451,0.0,0.0,0.00724994507617,0.00103787092522,0.00543177703199,0.00106059802577,8.3332702025e-05,0.000143938303498,0.00462117711229,0.000454542011045,0.00669691896274,0.0,8.3332702025e-05,0.00736358057894,0.0,0.000553026113439,7.57570018409e-05,7.57570018409e-06,0.00739388337967,0.0,0.0,0.00226513435504,0.0018560465451,0.0058105620412,0.0058560162423,0.0023787698578,0.00497723502095,0.0,0.000780297118961,6.81813016568e-05,0.000136362603314,0.000280300906811,0.0,2.27271005523e-05,5.30299012886e-05,0.00318179407732,0.0,0.000106059802577,0.0,2.27271005523e-05,3.03028007364e-05,7.57570018409e-06,0.000621207415095,0.0037120930902,0.0,0.00757570018409,0.0,0.000174241104234,0.0,1.51514003682e-05,0.00205301474989,0.00340906508284,0.00634843675427,0.000492420511966,0.00468935841395,0.0,0.00134089893258,0.00238634555799,7.57570018409e-06,0.00515905182536,0.0,0.00134089893258,0.00393178839554,1.51514003682e-05,3.03028007364e-05,0.00320452117787,2.27271005523e-05,0.00403027249794,0.00446208740843,0.00655298065924,0.00102271952485,0.005143900425,0.00476511541579,0.00468178271377,0.000416663510125,3.03028007364e-05,0.00463632851266,0.0,7.57570018409e-06,0.00675752456421,0.000742418618041,5.30299012886e-05,1.51514003682e-05,7.57570018409e-06,0.000954538223195,0.00049999621215,0.0,0.0071438852736,0.00623480125151,7.57570018409e-06,6.06056014727e-05,0.00640904235574,0.000174241104234,0.00756054878372,0.00377269869168,0.00340148938266,0.00522723312702,0.00016666540405,1.51514003682e-05,0.00469693411414,0.00012878690313,0.00181816804418,0.000136362603314,0.000810599919698,0.00125756623056,2.27271005523e-05,0.000196968204786,0.0,0.0,0.000727267217673,0.0,3.03028007364e-05,0.000151514003682,0.0,6.81813016568e-05,0.000121211202945,2.27271005523e-05,0.00497723502095,0.00157574563829,0.00670449466292,0.00753024598298,1.51514003682e-05,3.03028007364e-05,0.0011893849289,3.78785009204e-05,0.0,7.57570018409e-06,0.00669691896274,0.0,0.00207574185044,0.0,0.00720449087507,2.27271005523e-05,0.0038560313937,0.00757570018409,0.000628783115279,0.00203786334952,0.00618177135022,0.00134847463277,0.0,8.3332702025e-05,0.0,0.00345451928394,0.00240149695836,7.57570018409e-05,0.000348482208468,4.54542011045e-05,0.0,0.00745448898114,0.00116665782835,0.0,0.000318179407732,1.51514003682e-05,0.0,0.00591662184377,0.00583328914175,0.0,0.000575753213991,2.27271005523e-05,0.00657570775979,8.3332702025e-05,0.00280300906811,0.000212119605155
Gen 132
string_,string_rot,integer_swap,exec_sho,integer_gte,boolean_shove,boolean_and,string_pop,exec_eq,string_yankd,string_parse_to_chars,integer_lt,string_stackdepth,exec_do*whi,char_r,char_p,boolean_sw,integer_sho,boolean_invert_second_then_a,print_integ,char_iswhitespace,string_removechar,exec_emp,string_first,string_conc,string_yank,string_concat,string_setchar,exec_yankd,string_length,string_replacefirstch,char_d,integer_eq,exec_do*tim,string_emptystri,string_reverse,exec_yankdup,string_repla,exec_,char_ya,integer_mu,string_replacech,boolean_yankd,char_isletter,integer_add,string_empty,char_isdigit,print_integer,exec_shove,integer_fromstri,string_conjchar,boolean_or,boolean_empty,exec_wh,string_fromchar,integer_yankd,exec_do*while,integer_rot,string_rest,boolean_flu,integer_stackdep,char_iswhitespa,char_allfromstring,boolean_,char_allfromstri,exec_stackdepth,exec_do*range,char_shove,char_stackdep,string_removech,exec_stackdep,boolean_sho,string_indexofch,string_stackdep,string_leng,print_ch,integer_mult,boolean_xor,boolean_yankdup,integer_min,string_emp,integer_fromch,exec_yank,char_stackdepth,char_sw,integer_fromboole,string_replace,integer_div,string_replacefirst,boolean_frominteger,string_butla,char_isdig,integer_flush,integer_,string_yankdup,char_flu,print_exec,integer_yank,boolean_frominteg,string_emptystring,char_yankd,boolean_ya,string_swap,print_ex,exec_d,integer_max,char_swap,string_contains,char_empty,exec_dup,exec_k,string_frominteg,exec_noop,exec_p,exec_r,exec_s,string_sho,integer_flu,exec_y,boolean_rot,boolean_a,integer_ya,exec_ya,boolean_invert_first_then_a,string_spl,string_occurrencesofch,integer_yankdup,string_replacechar,char_sho,string_fromboolean,print_stri,exec_string_itera,print_newli,string_ta,string_replacefirstchar,string_substring,boolean_stackdepth,string_shove,string_containschar,exec_do*ran,char_yankdup,char_yank,integer_sw,exec_do*times,string_fromch,integer_shove,exec_if,exec_whi,integer_g,char_frominteger,char_frominteg,boolean_dup,string_eq,boolean_not,char_eq,boolean_flush,boolean_pop,string_butlast,exec_swap,string_replacefir,boolean_swap,exec_sw,string_n,print_string,exec_flush,print_newline,integer_a,string_d,string_dup,string_frominteger,string_contai,integer_mod,exec_do*count,string_fir,string_r,integer_fromchar,string_p,integer_inc,boolean_invert_first_then_and,integer_fromstring,exec_rot,integer_m,boolean_d,char_rot,exec_do*cou,string_take,exec_string_iterate,string_split,integer_pop,boolean_n,string_re,boolean_p,boolean_r,exec_pop,string_sw,boolean_x,boolean_emp,string_la,char_emp,boolean_stackdep,string_parse_to_cha,print_char,integer_dup,boolean_invert_second_then_and,integer_sub,string_setch,exec_no,boolean_yank,char_islett,string_ya,string_flu,integer_stackdepth,integer_emp,integer_dec,print_boole,integer_gt,exec,string_indexofchar,in1,char_dup,char_flush,char_pop,integer_lte,string_conjch,exec_flu,string_containsch,boolean_eq,string_flush,print_boolean,integer_d,string_rever,char_,exec_empty,string_last,integer_l,exec_when,integer_i,string_substri,string_nth,string_occurrencesofchar,integer_r,integer_s,integer_p,exec_while,integer_fromboolean,integer_empty,string_fromboole
0.0,0.00749618423922,0.00140600446613,0.000360899542109,0.00642100435335,0.00615784843723,0.000593980496387,0.00690972248329,0.00161652919903,1.50374809212e-05,0.0075187404606,0.00487214381847,0.00294734626055,7.5187404606e-06,7.5187404606e-06,6.01499236848e-05,0.0,0.0,0.000428568206254,0.0,0.00273682152766,0.00384207637537,2.25562213818e-05,0.000872173893429,7.5187404606e-06,0.00168419786317,0.0020601348862,0.00587213629973,0.000518793091781,0.0075187404606,0.0,0.0,0.00324057713852,2.25562213818e-05,1.50374809212e-05,0.00739844061323,0.00522552462012,3.7593702303e-05,5.26311832242e-05,7.5187404606e-06,7.5187404606e-06,3.7593702303e-05,7.5187404606e-06,0.00369170156615,0.00284208389411,0.0044661318336,0.00715032217803,0.000285712137503,0.00684205381914,9.77436259878e-05,0.00116540477139,0.00712024721619,0.00348869557372,0.0,0.000210524732897,0.0,0.00617288591815,0.00114284855001,0.00515033721551,0.000541349313163,0.00012029984737,7.5187404606e-06,0.00327817084082,0.000112781106909,0.000135337328291,0.00112029232863,0.00112029232863,0.000601499236848,0.0,3.7593702303e-05,0.000180449771054,3.7593702303e-05,1.50374809212e-05,1.50374809212e-05,0.000105262366448,6.01499236848e-05,0.00139848572567,0.00249622183292,0.00100751122172,0.000270674656582,0.0,5.26311832242e-05,0.00099999248126,0.00183457267239,0.0,0.0,0.00718791588033,0.00105262366448,0.00535334320795,0.00108269862633,0.000150374809212,0.000112781106909,0.00451876301682,0.000315787099345,0.0065638604221,1.50374809212e-05,6.01499236848e-05,0.00730069698724,7.5187404606e-06,0.000526311832242,3.00749618424e-05,0.0,0.00730069698724,1.50374809212e-05,7.5187404606e-06,0.00242855316877,0.00191727881745,0.00550371801716,0.00577439267374,0.00222554717634,0.00475936271156,0.0,0.000714280343757,2.25562213818e-05,0.000135337328291,0.000278193397042,7.5187404606e-06,6.76686641454e-05,3.00749618424e-05,0.00317290847437,1.50374809212e-05,0.000157893549673,1.50374809212e-05,3.00749618424e-05,1.50374809212e-05,0.0,0.000812023969745,0.00369170156615,0.0,0.0074811467583,2.25562213818e-05,0.000240599694739,0.0,1.50374809212e-05,0.0019849474816,0.00339095194773,0.00606010481124,0.000541349313163,0.00464658160465,0.0,0.00149622935166,0.0022330659168,1.50374809212e-05,0.00506763107044,7.5187404606e-06,0.00140600446613,0.00402252614642,0.0,0.0,0.00323305839806,1.50374809212e-05,0.00393982000135,0.00416538221517,0.00633077946782,0.00099999248126,0.00521800587966,0.00469169404741,0.00472928774972,0.000428568206254,3.7593702303e-05,0.00461650664281,0.0,2.25562213818e-05,0.00666160404809,0.000578943015466,6.76686641454e-05,0.0,7.5187404606e-06,0.000962398778957,0.000526311832242,0.0,0.00705257855204,0.00642852309381,0.0,7.5187404606e-05,0.00619544213953,0.000203005992436,0.00751122172014,0.00362403290201,0.00316538973391,0.00537589942933,0.000180449771054,1.50374809212e-05,0.00484206885663,0.000157893549673,0.00162404793949,0.0002481184352,0.000984955000338,0.00121803595462,1.50374809212e-05,0.000165412290133,7.5187404606e-06,0.0,0.000902248855272,3.00749618424e-05,7.5187404606e-06,9.77436259878e-05,0.0,6.76686641454e-05,0.000157893549673,3.00749618424e-05,0.00530071202472,0.00165412290133,0.00666912278855,0.00750370297968,2.25562213818e-05,4.51124427636e-05,0.00099999248126,7.5187404606e-06,0.0,0.0,0.00669167900993,1.50374809212e-05,0.00192479755791,0.0,0.0070600972925,1.50374809212e-05,0.0039698949632,0.00751122172014,0.000669167900993,0.00230073458094,0.00614281095631,0.00132329832107,0.0,5.26311832242e-05,0.0,0.00329320832174,0.0025187780543,0.000157893549673,0.000172931030594,5.26311832242e-05,0.0,0.00743603431553,0.00104510492402,0.0,0.000233080954279,3.00749618424e-05,7.5187404606e-06,0.00612025473493,0.00567664904775,7.5187404606e-06,0.000518793091781,0.0,0.00649619175796,0.000187968511515,0.00247366561154,0.000270674656582
Gen 133
string_,string_rot,integer_swap,exec_sho,integer_gte,boolean_shove,boolean_and,string_pop,exec_eq,string_yankd,string_parse_to_chars,integer_lt,string_stackdepth,exec_do*whi,char_r,char_p,boolean_sw,integer_sho,boolean_invert_second_then_a,print_integ,char_iswhitespace,string_removechar,exec_emp,string_first,string_conc,string_yank,string_concat,string_setchar,exec_yankd,string_length,string_replacefirstch,char_d,integer_eq,exec_do*tim,string_emptystri,string_reverse,exec_yankdup,string_repla,exec_,char_ya,integer_mu,string_replacech,boolean_yankd,char_isletter,integer_add,string_empty,char_isdigit,print_integer,exec_shove,integer_fromstri,string_conjchar,boolean_or,boolean_empty,exec_wh,string_fromchar,integer_yankd,exec_do*while,integer_rot,string_rest,boolean_flu,integer_stackdep,char_iswhitespa,char_allfromstring,boolean_,char_allfromstri,exec_stackdepth,exec_do*range,char_shove,char_stackdep,string_removech,exec_stackdep,boolean_sho,string_indexofch,string_stackdep,string_leng,print_ch,integer_mult,boolean_xor,boolean_yankdup,integer_min,string_emp,integer_fromch,exec_yank,char_stackdepth,char_sw,integer_fromboole,string_replace,integer_div,string_replacefirst,boolean_frominteger,string_butla,char_isdig,integer_flush,integer_,string_yankdup,char_flu,print_exec,integer_yank,boolean_frominteg,string_emptystring,char_yankd,boolean_ya,string_swap,print_ex,exec_d,integer_max,char_swap,string_contains,char_empty,exec_dup,exec_k,string_frominteg,exec_noop,exec_p,exec_r,exec_s,string_sho,integer_flu,exec_y,boolean_rot,boolean_a,integer_ya,exec_ya,boolean_invert_first_then_a,string_spl,string_occurrencesofch,integer_yankdup,string_replacechar,char_sho,string_fromboolean,print_stri,exec_string_itera,print_newli,string_ta,string_replacefirstchar,string_substring,boolean_stackdepth,string_shove,string_containschar,exec_do*ran,char_yankdup,char_yank,integer_sw,exec_do*times,string_fromch,integer_shove,exec_if,exec_whi,integer_g,char_frominteger,char_frominteg,boolean_dup,string_eq,boolean_not,char_eq,boolean_flush,boolean_pop,string_butlast,exec_swap,string_replacefir,boolean_swap,exec_sw,string_n,print_string,exec_flush,print_newline,integer_a,string_d,string_dup,string_frominteger,string_contai,integer_mod,exec_do*count,string_fir,string_r,integer_fromchar,string_p,integer_inc,boolean_invert_first_then_and,integer_fromstring,exec_rot,integer_m,boolean_d,char_rot,exec_do*cou,string_take,exec_string_iterate,string_split,integer_pop,boolean_n,string_re,boolean_p,boolean_r,exec_pop,string_sw,boolean_x,boolean_emp,string_la,char_emp,boolean_stackdep,string_parse_to_cha,print_char,integer_dup,boolean_invert_second_then_and,integer_sub,string_setch,exec_no,boolean_yank,char_islett,string_ya,string_flu,integer_stackdepth,integer_emp,integer_dec,print_boole,integer_gt,exec,string_indexofchar,in1,char_dup,char_flush,char_pop,integer_lte,string_conjch,exec_flu,string_containsch,boolean_eq,string_flush,print_boolean,integer_d,string_rever,char_,exec_empty,string_last,integer_l,exec_when,integer_i,string_substri,string_nth,string_occurrencesofchar,integer_r,integer_s,integer_p,exec_while,integer_fromboolean,integer_empty,string_fromboole
7.46263087589e-06,0.00744770561414,0.00114178252401,0.000298505235036,0.00646263833852,0.0062835351975,0.000641786255326,0.00666412937217,0.00174625562496,0.0,0.00744770561414,0.00471638271356,0.00267162185357,0.0,7.46263087589e-06,5.97010470071e-05,2.98505235036e-05,0.0,0.000388056805546,7.46263087589e-06,0.00249998134342,0.00399997014948,1.49252617518e-05,0.000611935731823,7.46263087589e-06,0.00176864351759,0.00198505981299,0.00570891262006,0.000447757852553,0.00746263087589,0.0,0.0,0.00326863232364,2.98505235036e-05,7.46263087589e-06,0.00732084088925,0.00514175267349,3.73131543794e-05,5.97010470071e-05,7.46263087589e-06,0.0,4.47757852553e-05,2.23878926277e-05,0.00385071753196,0.00306714128999,0.00444772800203,0.0069029335602,0.000373131543794,0.00662681621779,2.98505235036e-05,0.00123133409452,0.00689547092932,0.00357460018955,1.49252617518e-05,0.000343281020291,1.49252617518e-05,0.00604473100947,0.00121640883277,0.00514921530436,0.00067163677883,6.7163677883e-05,1.49252617518e-05,0.00297758971948,0.000104476832262,0.000111939463138,0.00108954410788,0.00106715621525,0.000850739919851,7.46263087589e-06,4.47757852553e-05,0.000156715248394,7.46263087589e-06,2.23878926277e-05,7.46263087589e-06,5.97010470071e-05,0.000104476832262,0.00127610987978,0.00249251871255,0.000791038872844,0.000276117342408,0.0,5.22384161312e-05,0.00096267938299,0.00165670405445,0.0,7.46263087589e-06,0.00720890142611,0.0010522309535,0.00540294475414,0.00121640883277,0.000216416295401,0.000104476832262,0.0046417564048,0.000216416295401,0.00642532518414,0.0,5.97010470071e-05,0.00709696196297,0.0,0.000597010470071,6.7163677883e-05,0.0,0.00714173774823,0.0,0.0,0.00216416295401,0.00190297087335,0.00544025790852,0.00588801576108,0.00218655084664,0.00465668166655,1.49252617518e-05,0.000731337825837,1.49252617518e-05,0.000156715248394,0.000261192080656,0.0,3.73131543794e-05,7.46263087589e-05,0.00317908075313,2.23878926277e-05,0.00012686472489,2.23878926277e-05,2.23878926277e-05,0.0,0.0,0.001082081477,0.00394773173335,0.0,0.00744024298326,1.49252617518e-05,0.000231341557153,0.0,7.46263087589e-06,0.00191043350423,0.00335072126327,0.00605219364035,0.000783576241968,0.00434325116977,0.0,0.00154476459131,0.00223132663189,1.49252617518e-05,0.00498503742509,1.49252617518e-05,0.00135073618854,0.00393280647159,7.46263087589e-06,7.46263087589e-06,0.00347758598816,7.46263087589e-06,0.0037760912232,0.00384325490108,0.00654472727815,0.000791038872844,0.00509697688823,0.00437310169327,0.00465668166655,0.000373131543794,5.22384161312e-05,0.00471638271356,7.46263087589e-06,0.0,0.00662681621779,0.000522384161312,0.000104476832262,2.23878926277e-05,1.49252617518e-05,0.00092536622861,0.000776113611092,0.0,0.00698502249983,0.00629099782837,7.46263087589e-06,7.46263087589e-05,0.00618652099611,0.000223878926277,0.00744024298326,0.00349251124992,0.00336564652503,0.00527608002925,0.00016417787927,0.0,0.00461936851218,0.000134327355766,0.00164924142357,0.000208953664525,0.00104476832262,0.00104476832262,3.73131543794e-05,0.000156715248394,0.0,0.0,0.000910440966858,7.46263087589e-06,2.23878926277e-05,5.22384161312e-05,0.0,8.95515705107e-05,0.000201491033649,5.22384161312e-05,0.00513429004261,0.00155968985306,0.00651487675465,0.00745516824501,5.97010470071e-05,2.98505235036e-05,0.000895515705107,2.23878926277e-05,0.0,7.46263087589e-06,0.0067163677883,1.49252617518e-05,0.0020746113835,0.0,0.00706711143947,1.49252617518e-05,0.00382086700846,0.00746263087589,0.000589547839195,0.0020746113835,0.00617905836524,0.00140297460467,7.46263087589e-06,0.000111939463138,0.0,0.00320893127663,0.00242535503466,0.000171640510145,0.000186565771897,4.47757852553e-05,0.0,0.00731337825837,0.00107461884613,1.49252617518e-05,0.000305967865911,4.47757852553e-05,1.49252617518e-05,0.00611189468735,0.00535816896889,0.0,0.000477608376057,0.0,0.00644025044589,0.000186565771897,0.00259699554481,0.000305967865911
Gen 134
string_,string_rot,integer_swap,exec_sho,integer_gte,boolean_shove,boolean_and,string_pop,exec_eq,string_yankd,string_parse_to_chars,integer_lt,string_stackdepth,exec_do*whi,char_r,char_p,boolean_sw,integer_sho,boolean_invert_second_then_a,print_integ,char_iswhitespace,string_removechar,exec_emp,string_first,string_conc,string_yank,string_concat,string_setchar,exec_yankd,string_length,string_replacefirstch,char_d,integer_eq,exec_do*tim,string_emptystri,string_reverse,exec_yankdup,string_repla,exec_,char_ya,integer_mu,string_replacech,boolean_yankd,char_isletter,integer_add,string_empty,char_isdigit,print_integer,exec_shove,integer_fromstri,string_conjchar,boolean_or,boolean_empty,exec_wh,string_fromchar,integer_yankd,exec_do*while,integer_rot,string_rest,boolean_flu,integer_stackdep,char_iswhitespa,char_allfromstring,boolean_,char_allfromstri,exec_stackdepth,exec_do*range,char_shove,char_stackdep,string_removech,exec_stackdep,boolean_sho,string_indexofch,string_stackdep,string_leng,print_ch,integer_mult,boolean_xor,boolean_yankdup,integer_min,string_emp,integer_fromch,exec_yank,char_stackdepth,char_sw,integer_fromboole,string_replace,integer_div,string_replacefirst,boolean_frominteger,string_butla,char_isdig,integer_flush,integer_,string_yankdup,char_flu,print_exec,integer_yank,boolean_frominteg,string_emptystring,char_yankd,boolean_ya,string_swap,print_ex,exec_d,integer_max,char_swap,string_contains,char_empty,exec_dup,exec_k,string_frominteg,exec_noop,exec_p,exec_r,exec_s,string_sho,integer_flu,exec_y,boolean_rot,boolean_a,integer_ya,exec_ya,boolean_invert_first_then_a,string_spl,string_occurrencesofch,integer_yankdup,string_replacechar,char_sho,string_fromboolean,print_stri,exec_string_itera,print_newli,string_ta,string_replacefirstchar,string_substring,boolean_stackdepth,string_shove,string_containschar,exec_do*ran,char_yankdup,char_yank,integer_sw,exec_do*times,string_fromch,integer_shove,exec_if,exec_whi,integer_g,char_frominteger,char_frominteg,boolean_dup,string_eq,boolean_not,char_eq,boolean_flush,boolean_pop,string_butlast,exec_swap,string_replacefir,boolean_swap,exec_sw,string_n,print_string,exec_flush,print_newline,integer_a,string_d,string_dup,string_frominteger,string_contai,integer_mod,exec_do*count,string_fir,string_r,integer_fromchar,string_p,integer_inc,boolean_invert_first_then_and,integer_fromstring,exec_rot,integer_m,boolean_d,char_rot,exec_do*cou,string_take,exec_string_iterate,string_split,integer_pop,boolean_n,string_re,boolean_p,boolean_r,exec_pop,string_sw,boolean_x,boolean_emp,string_la,char_emp,boolean_stackdep,string_parse_to_cha,print_char,integer_dup,boolean_invert_second_then_and,integer_sub,string_setch,exec_no,boolean_yank,char_islett,string_ya,string_flu,integer_stackdepth,integer_emp,integer_dec,print_boole,integer_gt,exec,string_indexofchar,in1,char_dup,char_flush,char_pop,integer_lte,string_conjch,exec_flu,string_containsch,boolean_eq,string_flush,print_boolean,integer_d,string_rever,char_,exec_empty,string_last,integer_l,exec_when,integer_i,string_substri,string_nth,string_occurrencesofchar,integer_r,integer_s,integer_p,exec_while,integer_fromboolean,integer_empty,string_fromboole
7.40735253813e-06,0.00738513048051,0.000948141124881,0.000222220576144,0.00640735994548,0.00624439818964,0.000562958792898,0.00663698787416,0.00177776460915,0.0,0.00740735253813,0.00502218502085,0.00280738661195,7.40735253813e-06,7.40735253813e-06,8.88882304576e-05,2.22220576144e-05,0.0,0.000370367626906,0.0,0.00240738957489,0.00368145421145,2.22220576144e-05,0.000651847023355,7.40735253813e-06,0.00181480137184,0.00217776164621,0.00562958792898,0.000562958792898,0.00740735253813,0.0,0.0,0.00334812334723,7.40735253813e-06,2.22220576144e-05,0.0072666128399,0.00484440855994,2.96294101525e-05,4.44441152288e-05,2.22220576144e-05,7.40735253813e-06,1.48147050763e-05,7.40735253813e-06,0.00377034244191,0.00266664691373,0.00471107621425,0.00696291138584,0.00035555292183,0.00654809964371,3.70367626906e-05,0.000962955829957,0.00682957904016,0.0035555292183,0.0,0.000281479396449,1.48147050763e-05,0.00610365849142,0.00167406167362,0.00494070414293,0.000562958792898,2.22220576144e-05,0.0,0.00307405130332,7.40735253813e-05,6.66661728432e-05,0.00114813964341,0.00101480729772,0.000666661728432,7.40735253813e-06,3.70367626906e-05,0.000207405871068,3.70367626906e-05,0.0,1.48147050763e-05,0.000125924993148,3.70367626906e-05,0.0012814719891,0.00236294545966,0.000718513196199,0.00035555292183,0.0,7.40735253813e-05,0.00107406611803,0.00168146902616,0.0,0.0,0.00715550255183,0.00133332345686,0.00478514973963,0.00145924845001,0.000148147050763,0.000222220576144,0.00437774535003,0.000259257338835,0.00606662172873,2.22220576144e-05,4.44441152288e-05,0.00713328049422,0.0,0.000540736735283,0.00011851764061,7.40735253813e-06,0.00708883637899,7.40735253813e-06,7.40735253813e-06,0.00220739105636,0.00182961607692,0.0053036644173,0.00575551292213,0.00186665283961,0.00475552032948,7.40735253813e-06,0.000570366145436,2.22220576144e-05,0.000214813223606,0.000133332345686,0.0,1.48147050763e-05,5.9258820305e-05,0.0029925704254,7.40735253813e-06,0.000140739698224,0.0,2.22220576144e-05,0.0,7.40735253813e-06,0.00111110288072,0.00370367626906,0.0,0.00739994518559,1.48147050763e-05,0.000148147050763,0.0,7.40735253813e-06,0.00213331753098,0.00321479100155,0.00599995555588,0.000637032318279,0.00431107917719,0.0,0.00154072932793,0.00242220427997,7.40735253813e-06,0.00485181591247,0.0,0.00104443670788,0.00411108065866,7.40735253813e-06,1.48147050763e-05,0.0033407159947,2.22220576144e-05,0.00407404389597,0.00397034096044,0.00654069229117,0.000681476433508,0.00491848208532,0.00453329975334,0.0045851512211,0.000377774979445,1.48147050763e-05,0.0042740424145,2.22220576144e-05,7.40735253813e-06,0.00662958052163,0.000444441152288,2.96294101525e-05,7.40735253813e-06,7.40735253813e-06,0.000785179369042,0.000607402908127,0.0,0.00688143050792,0.00628143495233,1.48147050763e-05,4.44441152288e-05,0.00620736142695,0.000311108806601,0.00739994518559,0.00398515566551,0.00309627336094,0.00486663061755,0.000162961755839,2.22220576144e-05,0.00444441152288,0.00011851764061,0.00189628224976,0.000214813223606,0.00114813964341,0.0012814719891,2.22220576144e-05,0.000133332345686,7.40735253813e-06,0.0,0.000748142606351,2.22220576144e-05,2.22220576144e-05,0.000111110288072,0.0,0.000111110288072,0.000177776460915,2.96294101525e-05,0.00499996296324,0.00137036021955,0.00660735846401,0.00738513048051,2.22220576144e-05,0.0,0.000874067599499,2.22220576144e-05,7.40735253813e-06,0.0,0.00669624669447,2.96294101525e-05,0.00182220872438,7.40735253813e-06,0.00703698491122,7.40735253813e-06,0.00381478655714,0.00740735253813,0.000585180850512,0.00195554107007,0.00599995555588,0.00117776905356,0.0,0.000162961755839,0.0,0.00303701454063,0.00254812927312,8.88882304576e-05,0.000148147050763,4.44441152288e-05,1.48147050763e-05,0.00725920548737,0.00105184406041,0.0,0.000303701454063,3.70367626906e-05,0.0,0.00578514233228,0.00531107176984,0.0,0.000488885267517,7.40735253813e-06,0.00644439670817,0.000222220576144,0.00298516307287,0.000192591165991
Gen 135
string_,string_rot,integer_swap,exec_sho,integer_gte,boolean_shove,boolean_and,string_pop,exec_eq,string_yankd,string_parse_to_chars,integer_lt,string_stackdepth,exec_do*whi,char_r,char_p,boolean_sw,integer_sho,boolean_invert_second_then_a,print_integ,char_iswhitespace,string_removechar,exec_emp,string_first,string_conc,string_yank,string_concat,string_setchar,exec_yankd,string_length,string_replacefirstch,char_d,integer_eq,exec_do*tim,string_emptystri,string_reverse,exec_yankdup,string_repla,exec_,char_ya,integer_mu,string_replacech,boolean_yankd,char_isletter,integer_add,string_empty,char_isdigit,print_integer,exec_shove,integer_fromstri,string_conjchar,boolean_or,boolean_empty,exec_wh,string_fromchar,integer_yankd,exec_do*while,integer_rot,string_rest,boolean_flu,integer_stackdep,char_iswhitespa,char_allfromstring,boolean_,char_allfromstri,exec_stackdepth,exec_do*range,char_shove,char_stackdep,string_removech,exec_stackdep,boolean_sho,string_indexofch,string_stackdep,string_leng,print_ch,integer_mult,boolean_xor,boolean_yankdup,integer_min,string_emp,integer_fromch,exec_yank,char_stackdepth,char_sw,integer_fromboole,string_replace,integer_div,string_replacefirst,boolean_frominteger,string_butla,char_isdig,integer_flush,integer_,string_yankdup,char_flu,print_exec,integer_yank,boolean_frominteg,string_emptystring,char_yankd,boolean_ya,string_swap,print_ex,exec_d,integer_max,char_swap,string_contains,char_empty,exec_dup,exec_k,string_frominteg,exec_noop,exec_p,exec_r,exec_s,string_sho,integer_flu,exec_y,boolean_rot,boolean_a,integer_ya,exec_ya,boolean_invert_first_then_a,string_spl,string_occurrencesofch,integer_yankdup,string_replacechar,char_sho,string_fromboolean,print_stri,exec_string_itera,print_newli,string_ta,string_replacefirstchar,string_substring,boolean_stackdepth,string_shove,string_containschar,exec_do*ran,char_yankdup,char_yank,integer_sw,exec_do*times,string_fromch,integer_shove,exec_if,exec_whi,integer_g,char_frominteger,char_frominteg,boolean_dup,string_eq,boolean_not,char_eq,boolean_flush,boolean_pop,string_butlast,exec_swap,string_replacefir,boolean_swap,exec_sw,string_n,print_string,exec_flush,print_newline,integer_a,string_d,string_dup,string_frominteger,string_contai,integer_mod,exec_do*count,string_fir,string_r,integer_fromchar,string_p,integer_inc,boolean_invert_first_then_and,integer_fromstring,exec_rot,integer_m,boolean_d,char_rot,exec_do*cou,string_take,exec_string_iterate,string_split,integer_pop,boolean_n,string_re,boolean_p,boolean_r,exec_pop,string_sw,boolean_x,boolean_emp,string_la,char_emp,boolean_stackdep,string_parse_to_cha,print_char,integer_dup,boolean_invert_second_then_and,integer_sub,string_setch,exec_no,boolean_yank,char_islett,string_ya,string_flu,integer_stackdepth,integer_emp,integer_dec,print_boole,integer_gt,exec,string_indexofchar,in1,char_dup,char_flush,char_pop,integer_lte,string_conjch,exec_flu,string_containsch,boolean_eq,string_flush,print_boolean,integer_d,string_rever,char_,exec_empty,string_last,integer_l,exec_when,integer_i,string_substri,string_nth,string_occurrencesofchar,integer_r,integer_s,integer_p,exec_while,integer_fromboolean,integer_empty,string_fromboole
7.35288711112e-06,0.0073381813369,0.000955875324446,0.000316174145778,0.00630877714134,0.00627201270579,0.00058823096889,0.00656612819023,0.00197057374578,0.0,0.00734553422401,0.00496319880001,0.00255880471467,4.41173226667e-05,1.47057742222e-05,5.14702097779e-05,3.67644355556e-05,0.0,0.000338232807112,0.0,0.00252939316623,0.00377203108801,3.67644355556e-05,0.000669112727112,7.35288711112e-06,0.00151469474489,0.00242645274667,0.00588966257601,0.000698524275557,0.00735288711112,0.0,0.0,0.00334556363556,1.47057742222e-05,0.0,0.00721318225601,0.00508084499379,2.94115484445e-05,5.8823096889e-05,7.35288711112e-06,1.47057742222e-05,7.35288711112e-06,7.35288711112e-06,0.00374997242667,0.00262498069867,0.00469849486401,0.00680142057779,0.000257351048889,0.00636760023823,5.8823096889e-05,0.000941169550224,0.00680142057779,0.00344850405512,7.35288711112e-06,0.000191175064889,0.0,0.00611760207646,0.00148528319645,0.00499261034845,0.000602936743112,5.14702097779e-05,0.0,0.00295586061867,7.35288711112e-05,8.08817582224e-05,0.001124991728,0.000985286872891,0.000838229130668,7.35288711112e-06,3.67644355556e-05,0.000169116403556,0.0,0.0,7.35288711112e-06,5.8823096889e-05,4.41173226667e-05,0.00130881390578,0.00219851324623,0.000647054065779,0.000345585694223,0.0,2.20586613334e-05,0.00110293306667,0.00149263608356,0.0,0.0,0.00714700627201,0.00126469658311,0.00465437754134,0.00150734185778,0.000176469290667,0.000176469290667,0.00457349578312,0.000220586613334,0.00622789538312,0.0,3.67644355556e-05,0.00715435915912,0.0,0.000485290549334,8.82346453335e-05,0.0,0.00706612451379,0.0,1.47057742222e-05,0.00212498437511,0.00166175248711,0.00518378541334,0.0058161337049,0.00161763516445,0.00498525746134,0.0,0.000632348291557,2.20586613334e-05,0.000176469290667,0.000139704855111,0.0,9.55875324446e-05,5.8823096889e-05,0.00297791928001,1.47057742222e-05,0.000161763516445,7.35288711112e-06,7.35288711112e-06,0.0,1.47057742222e-05,0.00133822545422,0.00399997058845,0.0,0.00735288711112,1.47057742222e-05,0.000176469290667,0.0,1.47057742222e-05,0.00219851324623,0.00358085602312,0.00597789722134,0.000691171388446,0.00412496966934,7.35288711112e-06,0.001522047632,0.00225733634312,7.35288711112e-06,0.00468378908979,7.35288711112e-06,0.000992639760002,0.00413967544356,2.20586613334e-05,2.94115484445e-05,0.00330144631289,5.14702097779e-05,0.00412496966934,0.00378673686223,0.00655142241601,0.000676465614223,0.00494114013868,0.00474996507379,0.0047573179609,0.000404408791112,7.35288711112e-06,0.00398526481423,0.0,3.67644355556e-05,0.00660289262579,0.000470584775112,1.47057742222e-05,5.8823096889e-05,0.0,0.000742641598224,0.000610289630223,0.0,0.00691906677157,0.0061470136249,0.0,6.61759840001e-05,0.00608819052801,0.000279409710223,0.00733082844979,0.00404408791112,0.00285292019912,0.00491172859023,0.000139704855111,0.0,0.00415438121779,0.000110293306667,0.00179410445511,0.000183822177778,0.00124999080889,0.00130146101867,3.67644355556e-05,0.000117646193778,0.0,0.0,0.000801464695113,0.0,2.94115484445e-05,6.61759840001e-05,0.0,3.67644355556e-05,0.000249998161778,2.20586613334e-05,0.00514702097779,0.00140440143822,0.00645583488357,0.0073381813369,1.47057742222e-05,7.35288711112e-06,0.00111763884089,1.47057742222e-05,2.94115484445e-05,7.35288711112e-06,0.00666171572268,1.47057742222e-05,0.00183086889067,0.0,0.00685289078757,7.35288711112e-06,0.00374997242667,0.00735288711112,0.000867640679113,0.00186028043911,0.00588966257601,0.001389695664,0.0,0.000110293306667,7.35288711112e-06,0.00306615392534,0.00233086521423,7.35288711112e-05,0.000132351968,6.61759840001e-05,0.0,0.00716906493335,0.000941169550224,2.20586613334e-05,0.000345585694223,4.41173226667e-05,7.35288711112e-06,0.00583819236623,0.00538966625245,0.0,0.000374997242667,0.0,0.00630142425423,0.000441173226667,0.00295586061867,0.000235292387556
Gen 136
string_,string_rot,integer_swap,exec_sho,integer_gte,boolean_shove,boolean_and,string_pop,exec_eq,string_yankd,string_parse_to_chars,integer_lt,string_stackdepth,exec_do*whi,char_r,char_p,boolean_sw,integer_sho,boolean_invert_second_then_a,print_integ,char_iswhitespace,string_removechar,exec_emp,string_first,string_conc,string_yank,string_concat,string_setchar,exec_yankd,string_length,string_replacefirstch,char_d,integer_eq,exec_do*tim,string_emptystri,string_reverse,exec_yankdup,string_repla,exec_,char_ya,integer_mu,string_replacech,boolean_yankd,char_isletter,integer_add,string_empty,char_isdigit,print_integer,exec_shove,integer_fromstri,string_conjchar,boolean_or,boolean_empty,exec_wh,string_fromchar,integer_yankd,exec_do*while,integer_rot,string_rest,boolean_flu,integer_stackdep,char_iswhitespa,char_allfromstring,boolean_,char_allfromstri,exec_stackdepth,exec_do*range,char_shove,char_stackdep,string_removech,exec_stackdep,boolean_sho,string_indexofch,string_stackdep,string_leng,print_ch,integer_mult,boolean_xor,boolean_yankdup,integer_min,string_emp,integer_fromch,exec_yank,char_stackdepth,char_sw,integer_fromboole,string_replace,integer_div,string_replacefirst,boolean_frominteger,string_butla,char_isdig,integer_flush,integer_,string_yankdup,char_flu,print_exec,integer_yank,boolean_frominteg,string_emptystring,char_yankd,boolean_ya,string_swap,print_ex,exec_d,integer_max,char_swap,string_contains,char_empty,exec_dup,exec_k,string_frominteg,exec_noop,exec_p,exec_r,exec_s,string_sho,integer_flu,exec_y,boolean_rot,boolean_a,integer_ya,exec_ya,boolean_invert_first_then_a,string_spl,string_occurrencesofch,integer_yankdup,string_replacechar,char_sho,string_fromboolean,print_stri,exec_string_itera,print_newli,string_ta,string_replacefirstchar,string_substring,boolean_stackdepth,string_shove,string_containschar,exec_do*ran,char_yankdup,char_yank,integer_sw,exec_do*times,string_fromch,integer_shove,exec_if,exec_whi,integer_g,char_frominteger,char_frominteg,boolean_dup,string_eq,boolean_not,char_eq,boolean_flush,boolean_pop,string_butlast,exec_swap,string_replacefir,boolean_swap,exec_sw,string_n,print_string,exec_flush,print_newline,integer_a,string_d,string_dup,string_frominteger,string_contai,integer_mod,exec_do*count,string_fir,string_r,integer_fromchar,string_p,integer_inc,boolean_invert_first_then_and,integer_fromstring,exec_rot,integer_m,boolean_d,char_rot,exec_do*cou,string_take,exec_string_iterate,string_split,integer_pop,boolean_n,string_re,boolean_p,boolean_r,exec_pop,string_sw,boolean_x,boolean_emp,string_la,char_emp,boolean_stackdep,string_parse_to_cha,print_char,integer_dup,boolean_invert_second_then_and,integer_sub,string_setch,exec_no,boolean_yank,char_islett,string_ya,string_flu,integer_stackdepth,integer_emp,integer_dec,print_boole,integer_gt,exec,string_indexofchar,in1,char_dup,char_flush,char_pop,integer_lte,string_conjch,exec_flu,string_containsch,boolean_eq,string_flush,print_boolean,integer_d,string_rever,char_,exec_empty,string_last,integer_l,exec_when,integer_i,string_substri,string_nth,string_occurrencesofchar,integer_r,integer_s,integer_p,exec_while,integer_fromboolean,integer_empty,string_fromboole
0.0,0.00728461836045,0.000890504448873,0.000262771804585,0.00641601156196,0.00622623192531,0.000708024029022,0.00643790921234,0.0018394026321,7.29921679404e-06,0.00728461836045,0.00510215253903,0.00264961569624,5.83937343523e-05,3.64960839702e-05,8.02913847344e-05,2.91968671762e-05,2.18976503821e-05,0.00030656710535,0.0,0.00286129298326,0.00340873424282,2.91968671762e-05,0.000802913847344,1.45984335881e-05,0.0017153159466,0.00199998540157,0.00582477500164,0.000598535777111,0.00729921679404,7.29921679404e-06,0.0,0.00350362406114,2.18976503821e-05,0.0,0.00712403559098,0.00505835723827,2.91968671762e-05,5.83937343523e-05,7.29921679404e-06,0.0,1.45984335881e-05,2.18976503821e-05,0.00362771074664,0.00239414310844,0.00498536507033,0.00674447631769,0.000321165538938,0.0063722162612,5.10945175583e-05,0.000970795833607,0.00681016926884,0.00339413580923,3.64960839702e-05,0.000197078853439,2.91968671762e-05,0.00564959379859,0.00155473317713,0.00483208151765,0.000576638126729,2.18976503821e-05,7.29921679404e-06,0.00289778906723,5.83937343523e-05,6.56929511463e-05,0.00126276450537,0.00113867781987,0.000802913847344,7.29921679404e-06,2.18976503821e-05,0.000153283552675,2.18976503821e-05,2.91968671762e-05,2.18976503821e-05,0.000153283552675,3.64960839702e-05,0.00145984335881,0.00213867052065,0.000810213064138,0.000445252224436,0.0,1.45984335881e-05,0.00110948095269,0.00154743396034,0.0,0.0,0.00702184655586,0.00152553630995,0.00478828621689,0.00132115823972,0.000131385902293,0.000167881986263,0.00427004182451,0.00034306318932,0.00617513740776,0.0,3.64960839702e-05,0.0070948387238,0.0,0.000350362406114,0.000102189035117,7.29921679404e-06,0.00696345282151,0.0,0.0,0.00192699323363,0.00189049714966,0.00506565645506,0.00540871964438,0.0015912292611,0.00497806585353,0.0,0.000547441259553,0.0,0.000167881986263,0.000284669454967,0.0,8.02913847344e-05,2.18976503821e-05,0.00307297027029,0.0,0.000167881986263,7.29921679404e-06,0.0,7.29921679404e-06,7.29921679404e-06,0.00170071751301,0.00369340369778,7.29921679404e-06,0.00729921679404,7.29921679404e-06,0.000131385902293,0.0,7.29921679404e-06,0.00250363136036,0.00392697863519,0.00584667265202,0.000700724812228,0.00410945905504,7.29921679404e-05,0.00154743396034,0.00256202509471,7.29921679404e-06,0.00462770344742,0.0,0.00104378800155,0.00396347471916,3.64960839702e-05,7.29921679404e-06,0.00316056087182,3.64960839702e-05,0.00398537236954,0.00393427785199,0.00656199589784,0.00083211071452,0.00456930971307,0.00457660892986,0.00454741206269,0.000313866322144,0.0,0.00396347471916,0.0,2.91968671762e-05,0.00635031861081,0.000635031861081,3.64960839702e-05,3.64960839702e-05,0.0,0.000810213064138,0.000963496616813,0.0,0.0068539645696,0.0058758695192,0.0,6.56929511463e-05,0.00613134210699,0.000131385902293,0.00724812227648,0.00405106532069,0.00272990708097,0.0046496010978,0.000131385902293,7.29921679404e-06,0.00393427785199,0.000102189035117,0.00167881986263,0.000138685119087,0.00156203239392,0.000927000532843,7.29921679404e-06,0.000145984335881,1.45984335881e-05,0.0,0.000817512280932,3.64960839702e-05,1.45984335881e-05,0.000124086685499,0.0,4.37953007642e-05,0.000350362406114,3.64960839702e-05,0.00534302669324,0.00145254414201,0.00617513740776,0.00728461836045,4.37953007642e-05,0.0,0.0011021817359,2.18976503821e-05,0.0,0.0,0.00659119276502,1.45984335881e-05,0.00192699323363,0.0,0.00687586221998,7.29921679404e-06,0.00377369508252,0.00729921679404,0.000664228728257,0.00167881986263,0.00555470398026,0.0014744417924,0.0,0.000109488251911,0.0,0.00324085225655,0.0023284501573,2.18976503821e-05,0.000145984335881,3.64960839702e-05,0.0,0.00715323245816,0.000861307581696,1.45984335881e-05,0.000357661622908,7.29921679404e-05,0.0,0.005386821994,0.00553280632988,7.29921679404e-06,0.000394157706878,0.0,0.00635031861081,0.00037955927329,0.0034233326764,0.000270071021379
Gen 137
string_,string_rot,integer_swap,exec_sho,integer_gte,boolean_shove,boolean_and,string_pop,exec_eq,string_yankd,string_parse_to_chars,integer_lt,string_stackdepth,exec_do*whi,char_r,char_p,boolean_sw,integer_sho,boolean_invert_second_then_a,print_integ,char_iswhitespace,string_removechar,exec_emp,string_first,string_conc,string_yank,string_concat,string_setchar,exec_yankd,string_length,string_replacefirstch,char_d,integer_eq,exec_do*tim,string_emptystri,string_reverse,exec_yankdup,string_repla,exec_,char_ya,integer_mu,string_replacech,boolean_yankd,char_isletter,integer_add,string_empty,char_isdigit,print_integer,exec_shove,integer_fromstri,string_conjchar,boolean_or,boolean_empty,exec_wh,string_fromchar,integer_yankd,exec_do*while,integer_rot,string_rest,boolean_flu,integer_stackdep,char_iswhitespa,char_allfromstring,boolean_,char_allfromstri,exec_stackdepth,exec_do*range,char_shove,char_stackdep,string_removech,exec_stackdep,boolean_sho,string_indexofch,string_stackdep,string_leng,print_ch,integer_mult,boolean_xor,boolean_yankdup,integer_min,string_emp,integer_fromch,exec_yank,char_stackdepth,char_sw,integer_fromboole,string_replace,integer_div,string_replacefirst,boolean_frominteger,string_butla,char_isdig,integer_flush,integer_,string_yankdup,char_flu,print_exec,integer_yank,boolean_frominteg,string_emptystring,char_yankd,boolean_ya,string_swap,print_ex,exec_d,integer_max,char_swap,string_contains,char_empty,exec_dup,exec_k,string_frominteg,exec_noop,exec_p,exec_r,exec_s,string_sho,integer_flu,exec_y,boolean_rot,boolean_a,integer_ya,exec_ya,boolean_invert_first_then_a,string_spl,string_occurrencesofch,integer_yankdup,string_replacechar,char_sho,string_fromboolean,print_stri,exec_string_itera,print_newli,string_ta,string_replacefirstchar,string_substring,boolean_stackdepth,string_shove,string_containschar,exec_do*ran,char_yankdup,char_yank,integer_sw,exec_do*times,string_fromch,integer_shove,exec_if,exec_whi,integer_g,char_frominteger,char_frominteg,boolean_dup,string_eq,boolean_not,char_eq,boolean_flush,boolean_pop,string_butlast,exec_swap,string_replacefir,boolean_swap,exec_sw,string_n,print_string,exec_flush,print_newline,integer_a,string_d,string_dup,string_frominteger,string_contai,integer_mod,exec_do*count,string_fir,string_r,integer_fromchar,string_p,integer_inc,boolean_invert_first_then_and,integer_fromstring,exec_rot,integer_m,boolean_d,char_rot,exec_do*cou,string_take,exec_string_iterate,string_split,integer_pop,boolean_n,string_re,boolean_p,boolean_r,exec_pop,string_sw,boolean_x,boolean_emp,string_la,char_emp,boolean_stackdep,string_parse_to_cha,print_char,integer_dup,boolean_invert_second_then_and,integer_sub,string_setch,exec_no,boolean_yank,char_islett,string_ya,string_flu,integer_stackdepth,integer_emp,integer_dec,print_boole,integer_gt,exec,string_indexofchar,in1,char_dup,char_flush,char_pop,integer_lte,string_conjch,exec_flu,string_containsch,boolean_eq,string_flush,print_boolean,integer_d,string_rever,char_,exec_empty,string_last,integer_l,exec_when,integer_i,string_substri,string_nth,string_occurrencesofchar,integer_r,integer_s,integer_p,exec_while,integer_fromboolean,integer_empty,string_fromboole
0.0,0.00723183165339,0.000862312591938,0.000246375026268,0.00633328743995,0.006166621981,0.00068840080869,0.00644922862878,0.00231157745234,7.246324302e-06,0.007246324302,0.00495648582257,0.00231157745234,2.1738972906e-05,2.8985297208e-05,2.8985297208e-05,3.623162151e-05,0.0,0.000355069890798,0.0,0.00271737161325,0.00349997463786,3.623162151e-05,0.000644922862878,7.246324302e-06,0.00176810312969,0.00207244875037,0.00557966971254,0.000644922862878,0.0072390779777,0.0,0.0,0.00336229447613,1.4492648604e-05,0.0,0.00709415149166,0.00504344171419,6.5216918718e-05,6.5216918718e-05,2.1738972906e-05,1.4492648604e-05,3.623162151e-05,7.246324302e-06,0.00345649669205,0.00265940101883,0.00466663285049,0.00660864776342,0.000282606647778,0.00628256316983,5.0724270114e-05,0.000934775834958,0.00678255954667,0.00342026507054,5.7970594416e-05,0.000210143404758,7.246324302e-06,0.00577532046869,0.00155795972493,0.00462315490467,0.000695647132992,4.3477945812e-05,7.246324302e-06,0.00286229809929,4.3477945812e-05,6.5216918718e-05,0.0010724559967,0.00126086042855,0.000934775834958,7.246324302e-06,2.8985297208e-05,0.000210143404758,3.623162151e-05,2.1738972906e-05,0.0,7.9709567322e-05,4.3477945812e-05,0.00118115086123,0.00186955166992,0.000992746429374,0.000427533133818,0.0,7.246324302e-06,0.00103622437519,0.00151448177912,1.4492648604e-05,0.0,0.00699270295143,0.00127535307715,0.00449996739154,0.00129709205006,0.000159419134644,0.00018115810755,0.00453619901305,0.000239128701966,0.00623183889972,0.0,5.0724270114e-05,0.00710139781596,7.246324302e-06,0.00039854783661,7.9709567322e-05,0.0,0.00702893457294,0.0,2.1738972906e-05,0.00238404069536,0.00220288258781,0.00499996376838,0.00564488663126,0.0014492648604,0.00459416960747,7.246324302e-06,0.00054347432265,0.0,0.000152172810342,0.000427533133818,7.246324302e-06,8.6955891624e-05,1.4492648604e-05,0.00321736799009,0.0,0.000152172810342,0.0,1.4492648604e-05,2.1738972906e-05,2.1738972906e-05,0.00158694502214,0.00389127615017,0.0,0.00719560003188,0.0,0.00021738972906,0.0,0.0,0.00270287896465,0.00419562177086,0.00591300063043,0.00068840080869,0.00386229085296,7.9709567322e-05,0.00139854059029,0.00274635691046,0.0,0.00461590858037,0.0,0.000999992753676,0.00368837906972,3.623162151e-05,1.4492648604e-05,0.00339852609764,7.246324302e-06,0.00404344896051,0.0039854783661,0.00660864776342,0.000789849348918,0.00457967695886,0.00441301149992,0.00439127252701,0.000311591944986,0.0,0.00390576879878,0.0,5.0724270114e-05,0.00627531684553,0.000340577242194,5.0724270114e-05,2.1738972906e-05,7.246324302e-06,0.000855066267636,0.000934775834958,0.0,0.0068985007355,0.00595647857624,0.0,5.7970594416e-05,0.00607241976507,0.00018115810755,0.00719560003188,0.00385504452866,0.00305070253114,0.00483329830943,0.000101448540228,7.246324302e-06,0.00360866950239,8.6955891624e-05,0.00159419134644,0.000115941188832,0.00152172810342,0.000862312591938,4.3477945812e-05,0.000101448540228,0.0,0.0,0.000876805240542,7.246324302e-06,1.4492648604e-05,6.5216918718e-05,0.0,5.0724270114e-05,0.0003623162151,3.623162151e-05,0.0054347432265,0.00149274280621,0.0061738683053,0.00721733900479,7.246324302e-05,7.246324302e-06,0.00153622075202,2.1738972906e-05,7.246324302e-06,0.0,0.00656516981761,7.246324302e-06,0.00183332004841,0.0,0.00666661835784,1.4492648604e-05,0.00315215107137,0.007246324302,0.000789849348918,0.00163766929225,0.00564488663126,0.00139129426598,0.0,0.000101448540228,0.0,0.00296374663952,0.00212317302049,0.000101448540228,0.00018115810755,7.246324302e-05,0.0,0.00699994927573,0.00057970594416,7.246324302e-06,0.000427533133818,2.8985297208e-05,7.246324302e-06,0.00550720646952,0.0054274969022,0.0,0.000304345620684,0.0,0.00623908522402,0.00047101107963,0.00349272831356,0.00028985297208
Gen 138
string_,string_rot,integer_swap,exec_sho,integer_gte,boolean_shove,boolean_and,string_pop,exec_eq,string_yankd,string_parse_to_chars,integer_lt,string_stackdepth,exec_do*whi,char_r,char_p,boolean_sw,integer_sho,boolean_invert_second_then_a,print_integ,char_iswhitespace,string_removechar,exec_emp,string_first,string_conc,string_yank,string_concat,string_setchar,exec_yankd,string_length,string_replacefirstch,char_d,integer_eq,exec_do*tim,string_emptystri,string_reverse,exec_yankdup,string_repla,exec_,char_ya,integer_mu,string_replacech,boolean_yankd,char_isletter,integer_add,string_empty,char_isdigit,print_integer,exec_shove,integer_fromstri,string_conjchar,boolean_or,boolean_empty,exec_wh,string_fromchar,integer_yankd,exec_do*while,integer_rot,string_rest,boolean_flu,integer_stackdep,char_iswhitespa,char_allfromstring,boolean_,char_allfromstri,exec_stackdepth,exec_do*range,char_shove,char_stackdep,string_removech,exec_stackdep,boolean_sho,string_indexofch,string_stackdep,string_leng,print_ch,integer_mult,boolean_xor,boolean_yankdup,integer_min,string_emp,integer_fromch,exec_yank,char_stackdepth,char_sw,integer_fromboole,string_replace,integer_div,string_replacefirst,boolean_frominteger,string_butla,char_isdig,integer_flush,integer_,string_yankdup,char_flu,print_exec,integer_yank,boolean_frominteg,string_emptystring,char_yankd,boolean_ya,string_swap,print_ex,exec_d,integer_max,char_swap,string_contains,char_empty,exec_dup,exec_k,string_frominteg,exec_noop,exec_p,exec_r,exec_s,string_sho,integer_flu,exec_y,boolean_rot,boolean_a,integer_ya,exec_ya,boolean_invert_first_then_a,string_spl,string_occurrencesofch,integer_yankdup,string_replacechar,char_sho,string_fromboolean,print_stri,exec_string_itera,print_newli,string_ta,string_replacefirstchar,string_substring,boolean_stackdepth,string_shove,string_containschar,exec_do*ran,char_yankdup,char_yank,integer_sw,exec_do*times,string_fromch,integer_shove,exec_if,exec_whi,integer_g,char_frominteger,char_frominteg,boolean_dup,string_eq,boolean_not,char_eq,boolean_flush,boolean_pop,string_butlast,exec_swap,string_replacefir,boolean_swap,exec_sw,string_n,print_string,exec_flush,print_newline,integer_a,string_d,string_dup,string_frominteger,string_contai,integer_mod,exec_do*count,string_fir,string_r,integer_fromchar,string_p,integer_inc,boolean_invert_first_then_and,integer_fromstring,exec_rot,integer_m,boolean_d,char_rot,exec_do*cou,string_take,exec_string_iterate,string_split,integer_pop,boolean_n,string_re,boolean_p,boolean_r,exec_pop,string_sw,boolean_x,boolean_emp,string_la,char_emp,boolean_stackdep,string_parse_to_cha,print_char,integer_dup,boolean_invert_second_then_and,integer_sub,string_setch,exec_no,boolean_yank,char_islett,string_ya,string_flu,integer_stackdepth,integer_emp,integer_dec,print_boole,integer_gt,exec,string_indexofchar,in1,char_dup,char_flush,char_pop,integer_lte,string_conjch,exec_flu,string_containsch,boolean_eq,string_flush,print_boolean,integer_d,string_rever,char_,exec_empty,string_last,integer_l,exec_when,integer_i,string_substri,string_nth,string_occurrencesofchar,integer_r,integer_s,integer_p,exec_while,integer_fromboolean,integer_empty,string_fromboole
0.0,0.00717980446184,0.000906468298789,0.000179854821188,0.00637405486291,0.0058416845922,0.000776972827534,0.00632369551298,0.00220861720419,7.19419284753e-06,0.00719419284753,0.00489924532917,0.002028762383,1.43883856951e-05,1.43883856951e-05,4.31651570852e-05,1.43883856951e-05,0.0,0.000330932870987,0.0,0.0029208422961,0.00332371709556,1.43883856951e-05,0.000784167020381,2.87767713901e-05,0.00186329594751,0.00211509269717,0.00558988784253,0.00052517607787,0.00719419284753,7.19419284753e-06,0.0,0.00340285321688,0.0,0.0,0.00697117286926,0.0051006827289,1.43883856951e-05,7.91361213229e-05,7.19419284753e-06,7.19419284753e-06,5.75535427803e-05,0.0,0.00368342673794,0.00230214171121,0.00476255566507,0.00656110387695,0.000244602556816,0.00605751037762,5.03593499327e-05,0.000856108948856,0.00661146322688,0.0031942216243,7.91361213229e-05,0.000417263185157,1.43883856951e-05,0.00553233429975,0.00170502370487,0.00446759375832,0.000712225091906,2.15825785426e-05,7.19419284753e-06,0.00266185135359,9.35245070179e-05,7.19419284753e-05,0.001179847627,0.0013165372911,0.0010143811915,7.19419284753e-06,3.59709642377e-05,0.000165466435493,1.43883856951e-05,3.59709642377e-05,7.19419284753e-06,0.000165466435493,5.03593499327e-05,0.00117265343415,0.00169063531917,0.00107912892713,0.0004388457637,0.0,0.0,0.00111509989137,0.00151797469083,0.0,0.0,0.00697117286926,0.00132373148395,0.00448198214401,0.0013165372911,0.000158272242646,0.000172660628341,0.00433809828706,0.000302156099596,0.00597118006345,0.0,8.63303141704e-05,0.0069927554478,0.0,0.000395680606614,3.59709642377e-05,7.19419284753e-06,0.00679131804807,0.0,2.15825785426e-05,0.00221581139704,0.00208631592578,0.00462586600096,0.00558988784253,0.00150358630513,0.00464025438666,3.59709642377e-05,0.00058272962065,0.0,0.000122301278408,0.000482010920785,0.0,4.31651570852e-05,5.75535427803e-05,0.00329494032417,7.19419284753e-06,0.000136689664103,0.0,3.59709642377e-05,7.19419284753e-06,1.43883856951e-05,0.00177696563334,0.00357551384522,7.19419284753e-06,0.0071582218833,2.15825785426e-05,0.000201437399731,0.0,7.19419284753e-06,0.00259710361796,0.00404313638031,0.00559708203538,0.000856108948856,0.00374817447356,7.91361213229e-05,0.00149639211229,0.00272659908922,0.0,0.00433090409422,1.43883856951e-05,0.0011654592413,0.00373378608787,1.43883856951e-05,1.43883856951e-05,0.00303594938166,7.19419284753e-06,0.00375536866641,0.00372659189502,0.00646757936993,0.000676254127668,0.00443881698693,0.00444601117978,0.00425896216574,0.000215825785426,7.19419284753e-06,0.00361148480946,0.0,3.59709642377e-05,0.00646757936993,0.000410068992309,5.75535427803e-05,7.19419284753e-06,7.19419284753e-06,0.000884885720247,0.000920856684484,0.0,0.00673376450529,0.0056762181567,7.19419284753e-06,0.000129495471256,0.00594959748491,0.000151078049798,0.00710066834052,0.00386328155913,0.0029208422961,0.00456831245818,0.000100718699865,0.0,0.00347479514536,7.91361213229e-05,0.00171221789771,0.000165466435493,0.001604305005,0.000913662491637,6.47477356278e-05,5.75535427803e-05,0.0,0.0,0.000834526370314,1.43883856951e-05,7.19419284753e-06,5.03593499327e-05,0.0,7.19419284753e-05,0.000294961906749,0.000100718699865,0.00536686786426,0.00137409083388,0.00597118006345,0.0071438334976,8.63303141704e-05,0.0,0.0016186933907,7.19419284753e-06,2.15825785426e-05,0.0,0.00652513291271,1.43883856951e-05,0.00180574240473,7.19419284753e-06,0.0065682980698,7.19419284753e-06,0.00322299839569,0.00719419284753,0.000697836706211,0.00161149919785,0.00564024719247,0.00133092567679,0.0,0.000122301278408,0.0,0.00310789131013,0.00192804368314,6.47477356278e-05,7.19419284753e-05,5.75535427803e-05,0.0,0.00687045416939,0.0004388457637,1.43883856951e-05,0.000388486413767,7.19419284753e-05,7.19419284753e-06,0.00517981885022,0.0054028388285,0.0,0.000287767713901,1.43883856951e-05,0.00623017100596,0.00049639930648,0.00366903835224,0.000316544485291
Gen 139
string_,string_rot,integer_swap,exec_sho,integer_gte,boolean_shove,boolean_and,string_pop,exec_eq,string_yankd,string_parse_to_chars,integer_lt,string_stackdepth,exec_do*whi,char_r,char_p,boolean_sw,integer_sho,boolean_invert_second_then_a,print_integ,char_iswhitespace,string_removechar,exec_emp,string_first,string_conc,string_yank,string_concat,string_setchar,exec_yankd,string_length,string_replacefirstch,char_d,integer_eq,exec_do*tim,string_emptystri,string_reverse,exec_yankdup,string_repla,exec_,char_ya,integer_mu,string_replacech,boolean_yankd,char_isletter,integer_add,string_empty,char_isdigit,print_integer,exec_shove,integer_fromstri,string_conjchar,boolean_or,boolean_empty,exec_wh,string_fromchar,integer_yankd,exec_do*while,integer_rot,string_rest,boolean_flu,integer_stackdep,char_iswhitespa,char_allfromstring,boolean_,char_allfromstri,exec_stackdepth,exec_do*range,char_shove,char_stackdep,string_removech,exec_stackdep,boolean_sho,string_indexofch,string_stackdep,string_leng,print_ch,integer_mult,boolean_xor,boolean_yankdup,integer_min,string_emp,integer_fromch,exec_yank,char_stackdepth,char_sw,integer_fromboole,string_replace,integer_div,string_replacefirst,boolean_frominteger,string_butla,char_isdig,integer_flush,integer_,string_yankdup,char_flu,print_exec,integer_yank,boolean_frominteg,string_emptystring,char_yankd,boolean_ya,string_swap,print_ex,exec_d,integer_max,char_swap,string_contains,char_empty,exec_dup,exec_k,string_frominteg,exec_noop,exec_p,exec_r,exec_s,string_sho,integer_flu,exec_y,boolean_rot,boolean_a,integer_ya,exec_ya,boolean_invert_first_then_a,string_spl,string_occurrencesofch,integer_yankdup,string_replacechar,char_sho,string_fromboolean,print_stri,exec_string_itera,print_newli,string_ta,string_replacefirstchar,string_substring,boolean_stackdepth,string_shove,string_containschar,exec_do*ran,char_yankdup,char_yank,integer_sw,exec_do*times,string_fromch,integer_shove,exec_if,exec_whi,integer_g,char_frominteger,char_frominteg,boolean_dup,string_eq,boolean_not,char_eq,boolean_flush,boolean_pop,string_butlast,exec_swap,string_replacefir,boolean_swap,exec_sw,string_n,print_string,exec_flush,print_newline,integer_a,string_d,string_dup,string_frominteger,string_contai,integer_mod,exec_do*count,string_fir,string_r,integer_fromchar,string_p,integer_inc,boolean_invert_first_then_and,integer_fromstring,exec_rot,integer_m,boolean_d,char_rot,exec_do*cou,string_take,exec_string_iterate,string_split,integer_pop,boolean_n,string_re,boolean_p,boolean_r,exec_pop,string_sw,boolean_x,boolean_emp,string_la,char_emp,boolean_stackdep,string_parse_to_cha,print_char,integer_dup,boolean_invert_second_then_and,integer_sub,string_setch,exec_no,boolean_yank,char_islett,string_ya,string_flu,integer_stackdepth,integer_emp,integer_dec,print_boole,integer_gt,exec,string_indexofchar,in1,char_dup,char_flush,char_pop,integer_lte,string_conjch,exec_flu,string_containsch,boolean_eq,string_flush,print_boolean,integer_d,string_rever,char_,exec_empty,string_last,integer_l,exec_when,integer_i,string_substri,string_nth,string_occurrencesofchar,integer_r,integer_s,integer_p,exec_while,integer_fromboolean,integer_empty,string_fromboole
0.0,0.00712137770444,0.000842851122492,0.000257141020421,0.00622852693909,0.00589281505132,0.000707137806159,0.00632852622481,0.00214284183684,7.14280612281e-06,0.00712852051057,0.00484996535739,0.00205712816337,0.0,2.85712244913e-05,2.14284183684e-05,7.14280612281e-06,0.0,0.000349997500018,0.0,0.0030999778573,0.00373568760223,7.14280612281e-06,0.000907136377597,3.57140306141e-05,0.00194998607153,0.00202141413276,0.00540710423497,0.000628566938808,0.00714280612281,0.0,0.0,0.003664259541,1.42856122456e-05,0.0,0.00695709316362,0.00524281969415,2.85712244913e-05,7.14280612281e-06,1.42856122456e-05,1.42856122456e-05,1.42856122456e-05,0.0,0.00394997178592,0.00229998357155,0.00446425382676,0.00649995357176,0.000299997857158,0.0061356704595,4.99996428597e-05,0.000935707602089,0.00639995428604,0.00339283290834,4.28568367369e-05,0.000399997142878,7.14280612281e-06,0.00554996035743,0.00174998750009,0.00477139449004,0.000592852908194,4.99996428597e-05,7.14280612281e-06,0.00308569224506,5.71424489825e-05,0.000114284897965,0.00124284826537,0.00114284897965,0.00132141913272,7.14280612281e-06,3.57140306141e-05,0.000142856122456,1.42856122456e-05,4.28568367369e-05,7.14280612281e-06,0.000171427346948,6.42852551053e-05,0.00127141948986,0.00179284433683,0.00137141877558,0.000442853979614,0.0,2.14284183684e-05,0.000828565510246,0.00144284683681,7.14280612281e-06,0.0,0.00683566545953,0.0013785615817,0.0043213977043,0.0013142763266,0.00017857015307,0.000142856122456,0.00442139699002,0.000328569081649,0.00595710030643,0.0,4.28568367369e-05,0.00694280755137,7.14280612281e-06,0.000442853979614,3.57140306141e-05,0.0,0.00673566617381,0.0,7.14280612281e-06,0.00224284112256,0.00196427168377,0.00459996714309,0.0055428175513,0.00160713137763,0.00479996571453,1.42856122456e-05,0.000649995357176,7.14280612281e-06,7.14280612281e-05,0.000607138520439,0.0,6.42852551053e-05,4.28568367369e-05,0.00327854801037,7.14280612281e-06,7.14280612281e-05,0.0,2.14284183684e-05,0.0,1.42856122456e-05,0.00216427025521,0.00378568724509,2.85712244913e-05,0.00712852051057,7.14280612281e-06,0.000235712602053,7.14280612281e-06,7.14280612281e-06,0.00233569760216,0.00377854443897,0.00560710280641,0.000821422704124,0.00329283362262,5.71424489825e-05,0.00162141698988,0.00257141020421,7.14280612281e-06,0.00402854265327,0.0,0.000857136734738,0.00376425882672,1.42856122456e-05,1.42856122456e-05,0.00307140663281,7.14280612281e-06,0.00338569010221,0.00315712030628,0.00634995464318,0.000757137449018,0.00459996714309,0.00459282433697,0.00462139556146,0.000271426632667,0.0,0.00308569224506,0.0,4.99996428597e-05,0.00627852658195,0.000249998214298,8.57136734738e-05,2.85712244913e-05,7.14280612281e-06,0.00107856372454,0.000692852193913,7.14280612281e-06,0.00669280933708,0.00552138913293,0.0,4.99996428597e-05,0.00587138663295,0.000271426632667,0.00704994964322,0.00410711352062,0.00275712316341,0.00429996928593,7.85708673509e-05,0.0,0.0033499760716,7.85708673509e-05,0.00159284576539,0.00017857015307,0.00129999071435,0.000842851122492,2.85712244913e-05,9.28564795966e-05,1.42856122456e-05,0.0,0.000942850408211,4.28568367369e-05,1.42856122456e-05,0.000114284897965,0.0,4.28568367369e-05,0.000299997857158,4.99996428597e-05,0.0053213905615,0.00152856051028,0.00615709887787,0.00712137770444,8.57136734738e-05,2.14284183684e-05,0.00152856051028,1.42856122456e-05,1.42856122456e-05,7.14280612281e-06,0.00644281112278,1.42856122456e-05,0.00180712994907,0.0,0.00648566795951,7.14280612281e-06,0.00323569117363,0.00714280612281,0.00100713566332,0.00179284433683,0.005292819337,0.00170713066335,0.0,0.000128570510211,0.0,0.00322854836751,0.00162141698988,3.57140306141e-05,6.42852551053e-05,5.71424489825e-05,7.14280612281e-06,0.00674280897994,0.000549996071457,1.42856122456e-05,0.000328569081649,4.99996428597e-05,1.42856122456e-05,0.0053213905615,0.00560710280641,0.0,0.000242855408176,0.0,0.00614995607174,0.000349997500018,0.00338569010221,0.000328569081649
Gen 140
string_,string_rot,integer_swap,exec_sho,integer_gte,boolean_shove,boolean_and,string_pop,exec_eq,string_yankd,string_parse_to_chars,integer_lt,string_stackdepth,exec_do*whi,char_r,char_p,boolean_sw,integer_sho,boolean_invert_second_then_a,print_integ,char_iswhitespace,string_removechar,exec_emp,string_first,string_conc,string_yank,string_concat,string_setchar,exec_yankd,string_length,string_replacefirstch,char_d,integer_eq,exec_do*tim,string_emptystri,string_reverse,exec_yankdup,string_repla,exec_,char_ya,integer_mu,string_replacech,boolean_yankd,char_isletter,integer_add,string_empty,char_isdigit,print_integer,exec_shove,integer_fromstri,string_conjchar,boolean_or,boolean_empty,exec_wh,string_fromchar,integer_yankd,exec_do*while,integer_rot,string_rest,boolean_flu,integer_stackdep,char_iswhitespa,char_allfromstring,boolean_,char_allfromstri,exec_stackdepth,exec_do*range,char_shove,char_stackdep,string_removech,exec_stackdep,boolean_sho,string_indexofch,string_stackdep,string_leng,print_ch,integer_mult,boolean_xor,boolean_yankdup,integer_min,string_emp,integer_fromch,exec_yank,char_stackdepth,char_sw,integer_fromboole,string_replace,integer_div,string_replacefirst,boolean_frominteger,string_butla,char_isdig,integer_flush,integer_,string_yankdup,char_flu,print_exec,integer_yank,boolean_frominteg,string_emptystring,char_yankd,boolean_ya,string_swap,print_ex,exec_d,integer_max,char_swap,string_contains,char_empty,exec_dup,exec_k,string_frominteg,exec_noop,exec_p,exec_r,exec_s,string_sho,integer_flu,exec_y,boolean_rot,boolean_a,integer_ya,exec_ya,boolean_invert_first_then_a,string_spl,string_occurrencesofch,integer_yankdup,string_replacechar,char_sho,string_fromboolean,print_stri,exec_string_itera,print_newli,string_ta,string_replacefirstchar,string_substring,boolean_stackdepth,string_shove,string_containschar,exec_do*ran,char_yankdup,char_yank,integer_sw,exec_do*times,string_fromch,integer_shove,exec_if,exec_whi,integer_g,char_frominteger,char_frominteg,boolean_dup,string_eq,boolean_not,char_eq,boolean_flush,boolean_pop,string_butlast,exec_swap,string_replacefir,boolean_swap,exec_sw,string_n,print_string,exec_flush,print_newline,integer_a,string_d,string_dup,string_frominteger,string_contai,integer_mod,exec_do*count,string_fir,string_r,integer_fromchar,string_p,integer_inc,boolean_invert_first_then_and,integer_fromstring,exec_rot,integer_m,boolean_d,char_rot,exec_do*cou,string_take,exec_string_iterate,string_split,integer_pop,boolean_n,string_re,boolean_p,boolean_r,exec_pop,string_sw,boolean_x,boolean_emp,string_la,char_emp,boolean_stackdep,string_parse_to_cha,print_char,integer_dup,boolean_invert_second_then_and,integer_sub,string_setch,exec_no,boolean_yank,char_islett,string_ya,string_flu,integer_stackdepth,integer_emp,integer_dec,print_boole,integer_gt,exec,string_indexofchar,in1,char_dup,char_flush,char_pop,integer_lte,string_conjch,exec_flu,string_containsch,boolean_eq,string_flush,print_boolean,integer_d,string_rever,char_,exec_empty,string_last,integer_l,exec_when,integer_i,string_substri,string_nth,string_occurrencesofchar,integer_r,integer_s,integer_p,exec_while,integer_fromboolean,integer_empty,string_fromboole
0.0,0.00707087183779,0.000872334238764,0.000248225189892,0.00627655123013,0.00558861284672,0.000695030531698,0.00632619626811,0.00214182878136,1.41842965653e-05,0.00707796398607,0.00502124098411,0.00196452507429,7.09214828264e-06,0.0,1.41842965653e-05,7.09214828264e-06,0.0,0.000361699562414,7.09214828264e-06,0.00312054524436,0.00363117992071,2.12764448479e-05,0.00119857305977,8.51057793916e-05,0.00226239530216,0.00173757632925,0.00524818972915,0.000425528896958,0.00709214828264,7.09214828264e-06,0.0,0.00394323444515,7.09214828264e-06,1.41842965653e-05,0.00689356813072,0.00543967773278,4.25528896958e-05,4.96450379785e-05,1.41842965653e-05,7.09214828264e-06,7.09214828264e-06,2.12764448479e-05,0.00415599889362,0.00229785604357,0.00438294763867,0.00647513138205,0.000312054524436,0.0060850632265,3.54607414132e-05,0.00125531024603,0.00618435330246,0.00319855887547,7.8013631109e-05,0.000617016900589,2.12764448479e-05,0.00525528187743,0.00201417011227,0.0050637938738,0.00053900326948,4.25528896958e-05,1.41842965653e-05,0.00301416302012,8.51057793916e-05,8.51057793916e-05,0.00132623172885,0.00110637513209,0.0017162998844,7.09214828264e-06,2.83685931305e-05,0.000156027262218,2.83685931305e-05,2.12764448479e-05,1.41842965653e-05,0.000234040893327,2.12764448479e-05,0.00146098254622,0.00197161722257,0.00142552180481,0.000560279714328,0.0,1.41842965653e-05,0.000787228459373,0.00126240239431,0.0,0.0,0.00689356813072,0.00154608832561,0.00435457904554,0.00111346728037,0.000170211558783,0.000248225189892,0.00424110467302,0.000312054524436,0.00599286529883,7.09214828264e-06,8.51057793916e-05,0.00690066027901,0.0,0.000567371862611,6.38293345437e-05,0.0,0.00659569790285,0.0,1.41842965653e-05,0.0021631052262,0.00198580151914,0.00464535712513,0.00543967773278,0.00175176062581,0.00463826497684,0.0,0.000829781349068,7.09214828264e-06,0.00010638222424,0.000638293345437,7.09214828264e-06,2.12764448479e-05,1.41842965653e-05,0.00336167828597,7.09214828264e-06,6.38293345437e-05,0.0,0.0,7.09214828264e-06,7.09214828264e-06,0.0020850915951,0.00346806051021,5.67371862611e-05,0.00705668754122,2.12764448479e-05,0.000198580151914,7.09214828264e-06,7.09214828264e-06,0.00214182878136,0.00386522081404,0.005595704995,0.000638293345437,0.00342550762051,5.67371862611e-05,0.0015106275842,0.00239005397125,1.41842965653e-05,0.00339713902738,0.0,0.000730491273112,0.00365245636556,1.41842965653e-05,2.83685931305e-05,0.00286522790619,7.09214828264e-06,0.00316309813406,0.00311345309608,0.00625527478529,0.000773044162807,0.00448223771463,0.00465954142169,0.00472337075624,0.000248225189892,7.09214828264e-06,0.00299288657527,0.0,6.38293345437e-05,0.00632619626811,0.000319146672719,3.54607414132e-05,7.09214828264e-06,0.0,0.000978716463004,0.000787228459373,7.09214828264e-06,0.00680137020305,0.00526237402572,2.12764448479e-05,6.38293345437e-05,0.00592903596428,0.000177303707066,0.00704959539294,0.00414181459706,0.00246097545407,0.00450351415947,9.92900759569e-05,7.09214828264e-06,0.0032694803583,0.00010638222424,0.00173757632925,0.000212764448479,0.00124112594946,0.000907794980177,1.41842965653e-05,2.83685931305e-05,1.41842965653e-05,0.0,0.00109928298381,2.83685931305e-05,0.0,9.21979276743e-05,0.0,3.54607414132e-05,0.000361699562414,4.25528896958e-05,0.00516308394976,0.00173048418096,0.00602832604024,0.00705668754122,7.09214828264e-05,7.09214828264e-06,0.00139715321168,2.83685931305e-05,1.41842965653e-05,0.0,0.00637584130609,2.12764448479e-05,0.00173757632925,0.0,0.00624109048872,1.41842965653e-05,0.00308508450295,0.00709214828264,0.000787228459373,0.00173757632925,0.00534747980511,0.00180849781207,0.0,0.000219856596762,7.09214828264e-06,0.00304962376153,0.00136169247027,0.00010638222424,9.21979276743e-05,4.96450379785e-05,0.0,0.00646803923376,0.000425528896958,1.41842965653e-05,0.000290778079588,4.96450379785e-05,0.0,0.00503542528067,0.00584393018489,7.09214828264e-06,0.000297870227871,7.09214828264e-06,0.00626236693357,0.000283685931305,0.00293614938901,0.000262409486458
Gen 141
string_,string_rot,integer_swap,exec_sho,integer_gte,boolean_shove,boolean_and,string_pop,exec_eq,string_yankd,string_parse_to_chars,integer_lt,string_stackdepth,exec_do*whi,char_r,char_p,boolean_sw,integer_sho,boolean_invert_second_then_a,print_integ,char_iswhitespace,string_removechar,exec_emp,string_first,string_conc,string_yank,string_concat,string_setchar,exec_yankd,string_length,string_replacefirstch,char_d,integer_eq,exec_do*tim,string_emptystri,string_reverse,exec_yankdup,string_repla,exec_,char_ya,integer_mu,string_replacech,boolean_yankd,char_isletter,integer_add,string_empty,char_isdigit,print_integer,exec_shove,integer_fromstri,string_conjchar,boolean_or,boolean_empty,exec_wh,string_fromchar,integer_yankd,exec_do*while,integer_rot,string_rest,boolean_flu,integer_stackdep,char_iswhitespa,char_allfromstring,boolean_,char_allfromstri,exec_stackdepth,exec_do*range,char_shove,char_stackdep,string_removech,exec_stackdep,boolean_sho,string_indexofch,string_stackdep,string_leng,print_ch,integer_mult,boolean_xor,boolean_yankdup,integer_min,string_emp,integer_fromch,exec_yank,char_stackdepth,char_sw,integer_fromboole,string_replace,integer_div,string_replacefirst,boolean_frominteger,string_butla,char_isdig,integer_flush,integer_,string_yankdup,char_flu,print_exec,integer_yank,boolean_frominteg,string_emptystring,char_yankd,boolean_ya,string_swap,print_ex,exec_d,integer_max,char_swap,string_contains,char_empty,exec_dup,exec_k,string_frominteg,exec_noop,exec_p,exec_r,exec_s,string_sho,integer_flu,exec_y,boolean_rot,boolean_a,integer_ya,exec_ya,boolean_invert_first_then_a,string_spl,string_occurrencesofch,integer_yankdup,string_replacechar,char_sho,string_fromboolean,print_stri,exec_string_itera,print_newli,string_ta,string_replacefirstchar,string_substring,boolean_stackdepth,string_shove,string_containschar,exec_do*ran,char_yankdup,char_yank,integer_sw,exec_do*times,string_fromch,integer_shove,exec_if,exec_whi,integer_g,char_frominteger,char_frominteg,boolean_dup,string_eq,boolean_not,char_eq,boolean_flush,boolean_pop,string_butlast,exec_swap,string_replacefir,boolean_swap,exec_sw,string_n,print_string,exec_flush,print_newline,integer_a,string_d,string_dup,string_frominteger,string_contai,integer_mod,exec_do*count,string_fir,string_r,integer_fromchar,string_p,integer_inc,boolean_invert_first_then_and,integer_fromstring,exec_rot,integer_m,boolean_d,char_rot,exec_do*cou,string_take,exec_string_iterate,string_split,integer_pop,boolean_n,string_re,boolean_p,boolean_r,exec_pop,string_sw,boolean_x,boolean_emp,string_la,char_emp,boolean_stackdep,string_parse_to_cha,print_char,integer_dup,boolean_invert_second_then_and,integer_sub,string_setch,exec_no,boolean_yank,char_islett,string_ya,string_flu,integer_stackdepth,integer_emp,integer_dec,print_boole,integer_gt,exec,string_indexofchar,in1,char_dup,char_flush,char_pop,integer_lte,string_conjch,exec_flu,string_containsch,boolean_eq,string_flush,print_boolean,integer_d,string_rever,char_,exec_empty,string_last,integer_l,exec_when,integer_i,string_substri,string_nth,string_occurrencesofchar,integer_r,integer_s,integer_p,exec_while,integer_fromboolean,integer_empty,string_fromboole
1.40844078563e-05,0.00699995070457,0.000866191083161,0.000147886282491,0.00626756149605,0.00549291906395,0.000654924965317,0.00626051929212,0.00213378779023,1.40844078563e-05,0.00703516172421,0.00500700699291,0.00200702811952,2.11266117844e-05,1.40844078563e-05,2.81688157126e-05,2.11266117844e-05,7.04220392814e-06,0.000401405623904,0.0,0.00270420630841,0.00364081943085,2.81688157126e-05,0.00133801874635,7.04220392814e-05,0.00233096950021,0.00183097302132,0.00508447123612,0.000387321216048,0.00704220392814,0.0,0.0,0.00402109844297,1.40844078563e-05,1.40844078563e-05,0.00690135984958,0.00558446771502,4.9295427497e-05,5.63376314251e-05,1.40844078563e-05,0.0,1.40844078563e-05,0.0,0.00426757558045,0.00211266117844,0.00423940676474,0.00646474320603,0.000274645953198,0.00629573031176,2.81688157126e-05,0.0014506940092,0.00609854860177,0.00340842670122,3.52110196407e-05,0.000661967169245,1.40844078563e-05,0.00531686396575,0.00185914183703,0.00493658495363,0.000450701051401,8.45064471377e-05,2.11266117844e-05,0.00322532939909,0.000154928486419,4.9295427497e-05,0.00138027196992,0.0011267526285,0.00190843726453,7.04220392814e-06,1.40844078563e-05,9.8590854994e-05,1.40844078563e-05,2.81688157126e-05,1.40844078563e-05,0.000323941380695,6.33798353533e-05,0.00169717114668,0.00188026844881,0.00163379131133,0.000478869867114,0.0,7.04220392814e-06,0.000802811247808,0.00111266822065,0.0,0.0,0.00679572679066,0.00159153808776,0.00419011133724,0.000999992957796,0.00019013950606,0.000154928486419,0.00432391321188,0.000338025788551,0.00602108435856,1.40844078563e-05,6.33798353533e-05,0.00689431764565,0.0,0.000584502926036,0.000105633058922,0.0,0.00657037626496,0.0,1.40844078563e-05,0.00215491440201,0.00201407032345,0.00476757205935,0.00552813008359,0.00178871979775,0.00478869867114,0.0,0.000760558024239,0.0,0.000119717466778,0.000535207498539,0.0,1.40844078563e-05,7.04220392814e-05,0.0032534982148,7.04220392814e-06,4.22532235688e-05,0.0,4.9295427497e-05,0.0,1.40844078563e-05,0.0020281547313,0.00353518637193,1.40844078563e-05,0.00701403511243,2.11266117844e-05,0.000126759670707,0.0,1.40844078563e-05,0.00191547946845,0.00346476433265,0.00534503278146,0.000661967169245,0.00327462482659,4.9295427497e-05,0.00126055450314,0.00220420982951,4.22532235688e-05,0.00345067992479,1.40844078563e-05,0.00071830480067,0.00394363419976,2.81688157126e-05,1.40844078563e-05,0.00290843022232,3.52110196407e-05,0.00302110548517,0.00288026140661,0.00627460369997,0.000767600228167,0.00445067288259,0.00459855916508,0.00478165646721,0.000288730361054,7.04220392814e-06,0.00271829071626,0.0,2.81688157126e-05,0.00618305504891,0.000288730361054,4.9295427497e-05,2.11266117844e-05,0.0,0.000838022267449,0.000619713945676,0.0,0.00668305152781,0.00522531531468,3.52110196407e-05,3.52110196407e-05,0.00588024028,0.000161970690347,0.00699290850064,0.00442250406687,0.00227463186879,0.00435208202759,7.74642432096e-05,7.04220392814e-06,0.00323237160302,0.000105633058922,0.00166196012704,0.00030281476891,0.00104928838529,0.00118309025993,1.40844078563e-05,7.74642432096e-05,1.40844078563e-05,0.0,0.000971824142084,2.11266117844e-05,7.04220392814e-06,0.000105633058922,0.0,4.9295427497e-05,0.000232392729629,2.81688157126e-05,0.00500700699291,0.00186618404096,0.00603516876642,0.00701403511243,9.8590854994e-05,2.11266117844e-05,0.00119717466778,7.04220392814e-06,2.11266117844e-05,7.04220392814e-06,0.00630277251569,2.81688157126e-05,0.00161970690347,0.0,0.00639432116675,1.40844078563e-05,0.00326054041873,0.00704220392814,0.000936613122443,0.00139435637777,0.00511264005183,0.00196477489595,0.0,0.000133801874635,1.40844078563e-05,0.00312673854409,0.00133097654242,0.000218308321772,0.000169012894275,7.74642432096e-05,1.40844078563e-05,0.00653516524532,0.000443658847473,3.52110196407e-05,0.000140844078563,9.15486510658e-05,7.04220392814e-06,0.00522531531468,0.00588024028,7.04220392814e-06,0.000330983584623,0.0,0.0061055908057,0.000309856972838,0.00278167055162,0.000183097302132
Gen 142
string_,string_rot,integer_swap,exec_sho,integer_gte,boolean_shove,boolean_and,string_pop,exec_eq,string_yankd,string_parse_to_chars,integer_lt,string_stackdepth,exec_do*whi,char_r,char_p,boolean_sw,integer_sho,boolean_invert_second_then_a,print_integ,char_iswhitespace,string_removechar,exec_emp,string_first,string_conc,string_yank,string_concat,string_setchar,exec_yankd,string_length,string_replacefirstch,char_d,integer_eq,exec_do*tim,string_emptystri,string_reverse,exec_yankdup,string_repla,exec_,char_ya,integer_mu,string_replacech,boolean_yankd,char_isletter,integer_add,string_empty,char_isdigit,print_integer,exec_shove,integer_fromstri,string_conjchar,boolean_or,boolean_empty,exec_wh,string_fromchar,integer_yankd,exec_do*while,integer_rot,string_rest,boolean_flu,integer_stackdep,char_iswhitespa,char_allfromstring,boolean_,char_allfromstri,exec_stackdepth,exec_do*range,char_shove,char_stackdep,string_removech,exec_stackdep,boolean_sho,string_indexofch,string_stackdep,string_leng,print_ch,integer_mult,boolean_xor,boolean_yankdup,integer_min,string_emp,integer_fromch,exec_yank,char_stackdepth,char_sw,integer_fromboole,string_replace,integer_div,string_replacefirst,boolean_frominteger,string_butla,char_isdig,integer_flush,integer_,string_yankdup,char_flu,print_exec,integer_yank,boolean_frominteg,string_emptystring,char_yankd,boolean_ya,string_swap,print_ex,exec_d,integer_max,char_swap,string_contains,char_empty,exec_dup,exec_k,string_frominteg,exec_noop,exec_p,exec_r,exec_s,string_sho,integer_flu,exec_y,boolean_rot,boolean_a,integer_ya,exec_ya,boolean_invert_first_then_a,string_spl,string_occurrencesofch,integer_yankdup,string_replacechar,char_sho,string_fromboolean,print_stri,exec_string_itera,print_newli,string_ta,string_replacefirstchar,string_substring,boolean_stackdepth,string_shove,string_containschar,exec_do*ran,char_yankdup,char_yank,integer_sw,exec_do*times,string_fromch,integer_shove,exec_if,exec_whi,integer_g,char_frominteger,char_frominteg,boolean_dup,string_eq,boolean_not,char_eq,boolean_flush,boolean_pop,string_butlast,exec_swap,string_replacefir,boolean_swap,exec_sw,string_n,print_string,exec_flush,print_newline,integer_a,string_d,string_dup,string_frominteger,string_contai,integer_mod,exec_do*count,string_fir,string_r,integer_fromchar,string_p,integer_inc,boolean_invert_first_then_and,integer_fromstring,exec_rot,integer_m,boolean_d,char_rot,exec_do*cou,string_take,exec_string_iterate,string_split,integer_pop,boolean_n,string_re,boolean_p,boolean_r,exec_pop,string_sw,boolean_x,boolean_emp,string_la,char_emp,boolean_stackdep,string_parse_to_cha,print_char,integer_dup,boolean_invert_second_then_and,integer_sub,string_setch,exec_no,boolean_yank,char_islett,string_ya,string_flu,integer_stackdepth,integer_emp,integer_dec,print_boole,integer_gt,exec,string_indexofchar,in1,char_dup,char_flush,char_pop,integer_lte,string_conjch,exec_flu,string_containsch,boolean_eq,string_flush,print_boolean,integer_d,string_rever,char_,exec_empty,string_last,integer_l,exec_when,integer_i,string_substri,string_nth,string_occurrencesofchar,integer_r,integer_s,integer_p,exec_while,integer_fromboolean,integer_empty,string_fromboole
1.39859161824e-05,0.00694400738456,0.000825169054762,0.000195802826554,0.00614681016217,0.00541254956259,0.000510485940658,0.0061188383298,0.00204194376263,2.79718323648e-05,0.00697897217502,0.00501395095139,0.00202096488836,2.09788742736e-05,1.39859161824e-05,3.4964790456e-05,0.0,0.0,0.000300697197922,0.0,0.00265033111657,0.0036573170817,1.39859161824e-05,0.0013496409116,4.19577485472e-05,0.00253145082902,0.00187411276844,0.00495101432857,0.000328669030287,0.0069929580912,0.0,0.0,0.00391605653107,1.39859161824e-05,7.69225390032e-05,0.0068321200551,0.00545450731114,4.89507066384e-05,1.39859161824e-05,0.0,6.9929580912e-06,2.09788742736e-05,6.9929580912e-06,0.00399297907008,0.00218879588255,0.004293676268,0.00634261298872,0.000286711281739,0.00599995804225,1.39859161824e-05,0.00138460570206,0.00594401437752,0.0036573170817,0.0,0.000559436647296,2.09788742736e-05,0.00527269040077,0.00202096488836,0.00511884532276,0.000440556359746,0.000167830994189,6.9929580912e-06,0.00323773959623,9.09084551856e-05,6.29366228208e-05,0.00139859161824,0.00109789442032,0.00179719022944,0.0,2.09788742736e-05,0.000153845078006,1.39859161824e-05,1.39859161824e-05,6.9929580912e-06,0.000447549317837,0.00011888028755,0.00154544373816,0.00184614093608,0.00150348598961,0.000475521150202,0.0,6.9929580912e-06,0.000881112719491,0.000923070468039,6.9929580912e-06,0.0,0.00671323976755,0.00159439444479,0.0042097607709,0.00123076062405,0.000153845078006,0.000132866203733,0.00423773260327,0.000384612695016,0.00560835238914,0.0,6.29366228208e-05,0.0067551975161,0.0,0.000538457773023,2.09788742736e-05,0.0,0.00654540877337,0.0,2.09788742736e-05,0.002146838134,0.00210488038545,0.00449647205264,0.00534961293977,0.00150348598961,0.00488807770575,0.0,0.000678316934847,3.4964790456e-05,0.000188809868462,0.000419577485472,6.9929580912e-06,1.39859161824e-05,4.89507066384e-05,0.00307690156013,0.0,6.29366228208e-05,0.0,6.9929580912e-06,0.0,6.9929580912e-06,0.00194404234935,0.00346850721324,1.39859161824e-05,0.00697897217502,1.39859161824e-05,0.000160838036098,0.0,0.0,0.00188110572653,0.00348249312942,0.00546849322732,0.000594401437752,0.00313284522486,6.29366228208e-05,0.00121677470787,0.00209089446927,6.9929580912e-06,0.00353144383606,0.0,0.000748246515759,0.00404892273481,1.39859161824e-05,1.39859161824e-05,0.00284613394312,6.9929580912e-06,0.00287410577548,0.00272026069748,0.00626569044972,0.00075523947385,0.00439157768127,0.00443353542982,0.00507688757421,0.00040559156929,0.0,0.00257340857756,0.0,2.09788742736e-05,0.00606289466507,0.000321676072195,3.4964790456e-05,6.9929580912e-06,6.9929580912e-06,0.000951042300403,0.000713281725303,6.9929580912e-06,0.00660135243809,0.00511884532276,2.09788742736e-05,3.4964790456e-05,0.00573422563479,0.000209788742736,0.0069160355522,0.00434262697464,0.00213285221782,0.00418178893854,4.89507066384e-05,0.0,0.00334962692569,6.9929580912e-05,0.00195802826554,0.000188809868462,0.00113285921077,0.00120278879169,4.89507066384e-05,6.29366228208e-05,1.39859161824e-05,0.0,0.000902091593765,2.09788742736e-05,2.09788742736e-05,9.09084551856e-05,0.0,4.89507066384e-05,0.000300697197922,2.79718323648e-05,0.00475521150202,0.00195802826554,0.00607688058125,0.00693701442647,0.000104894371368,6.9929580912e-06,0.00112586625268,2.09788742736e-05,4.19577485472e-05,6.9929580912e-06,0.00624471157544,2.09788742736e-05,0.00147551415724,6.9929580912e-06,0.00634960594681,1.39859161824e-05,0.00337759875805,0.0069929580912,0.000811183138579,0.00134264795351,0.00499996503521,0.00185313389417,0.0,0.000209788742736,0.0,0.00306291564395,0.00161537331907,0.000202795784645,0.000132866203733,6.29366228208e-05,6.9929580912e-06,0.00648247215054,0.000384612695016,2.09788742736e-05,0.000160838036098,4.89507066384e-05,6.9929580912e-06,0.00502793686757,0.00567128901196,6.9929580912e-06,0.000265732407466,0.0,0.00616778903644,0.000237760575101,0.00276921140412,0.00029370423983
Gen 143
string_,string_rot,integer_swap,exec_sho,integer_gte,boolean_shove,boolean_and,string_pop,exec_eq,string_yankd,string_parse_to_chars,integer_lt,string_stackdepth,exec_do*whi,char_r,char_p,boolean_sw,integer_sho,boolean_invert_second_then_a,print_integ,char_iswhitespace,string_removechar,exec_emp,string_first,string_conc,string_yank,string_concat,string_setchar,exec_yankd,string_length,string_replacefirstch,char_d,integer_eq,exec_do*tim,string_emptystri,string_reverse,exec_yankdup,string_repla,exec_,char_ya,integer_mu,string_replacech,boolean_yankd,char_isletter,integer_add,string_empty,char_isdigit,print_integer,exec_shove,integer_fromstri,string_conjchar,boolean_or,boolean_empty,exec_wh,string_fromchar,integer_yankd,exec_do*while,integer_rot,string_rest,boolean_flu,integer_stackdep,char_iswhitespa,char_allfromstring,boolean_,char_allfromstri,exec_stackdepth,exec_do*range,char_shove,char_stackdep,string_removech,exec_stackdep,boolean_sho,string_indexofch,string_stackdep,string_leng,print_ch,integer_mult,boolean_xor,boolean_yankdup,integer_min,string_emp,integer_fromch,exec_yank,char_stackdepth,char_sw,integer_fromboole,string_replace,integer_div,string_replacefirst,boolean_frominteger,string_butla,char_isdig,integer_flush,integer_,string_yankdup,char_flu,print_exec,integer_yank,boolean_frominteg,string_emptystring,char_yankd,boolean_ya,string_swap,print_ex,exec_d,integer_max,char_swap,string_contains,char_empty,exec_dup,exec_k,string_frominteg,exec_noop,exec_p,exec_r,exec_s,string_sho,integer_flu,exec_y,boolean_rot,boolean_a,integer_ya,exec_ya,boolean_invert_first_then_a,string_spl,string_occurrencesofch,integer_yankdup,string_replacechar,char_sho,string_fromboolean,print_stri,exec_string_itera,print_newli,string_ta,string_replacefirstchar,string_substring,boolean_stackdepth,string_shove,string_containschar,exec_do*ran,char_yankdup,char_yank,integer_sw,exec_do*times,string_fromch,integer_shove,exec_if,exec_whi,integer_g,char_frominteger,char_frominteg,boolean_dup,string_eq,boolean_not,char_eq,boolean_flush,boolean_pop,string_butlast,exec_swap,string_replacefir,boolean_swap,exec_sw,string_n,print_string,exec_flush,print_newline,integer_a,string_d,string_dup,string_frominteger,string_contai,integer_mod,exec_do*count,string_fir,string_r,integer_fromchar,string_p,integer_inc,boolean_invert_first_then_and,integer_fromstring,exec_rot,integer_m,boolean_d,char_rot,exec_do*cou,string_take,exec_string_iterate,string_split,integer_pop,boolean_n,string_re,boolean_p,boolean_r,exec_pop,string_sw,boolean_x,boolean_emp,string_la,char_emp,boolean_stackdep,string_parse_to_cha,print_char,integer_dup,boolean_invert_second_then_and,integer_sub,string_setch,exec_no,boolean_yank,char_islett,string_ya,string_flu,integer_stackdepth,integer_emp,integer_dec,print_boole,integer_gt,exec,string_indexofchar,in1,char_dup,char_flush,char_pop,integer_lte,string_conjch,exec_flu,string_containsch,boolean_eq,string_flush,print_boolean,integer_d,string_rever,char_,exec_empty,string_last,integer_l,exec_when,integer_i,string_substri,string_nth,string_occurrencesofchar,integer_r,integer_s,integer_p,exec_while,integer_fromboolean,integer_empty,string_fromboole
6.94439621947e-06,0.00692356303081,0.000708328414386,0.000229165075243,0.00620829022021,0.00562496093777,0.000534718508899,0.00604162471094,0.00174998784731,6.94439621947e-06,0.00693745182325,0.00504857605156,0.00170832146999,1.38887924389e-05,6.94439621947e-06,2.08331886584e-05,2.08331886584e-05,0.0,0.000277775848779,6.94439621947e-06,0.00248609384657,0.00398608342998,4.86107735363e-05,0.00168054388511,4.86107735363e-05,0.00255553780877,0.00179165422462,0.00490968812717,0.000368052999632,0.00694439621947,0.0,6.94439621947e-06,0.00413191575059,6.94439621947e-06,3.47219810974e-05,0.00682634148374,0.00551385059826,3.47219810974e-05,3.47219810974e-05,2.08331886584e-05,0.0,3.47219810974e-05,6.94439621947e-06,0.00427774807119,0.00229165075243,0.00411802695815,0.00636106693704,0.000215276282804,0.00608329108826,6.94439621947e-06,0.00154165596072,0.00617356823911,0.00366664120388,0.0,0.000722217206825,6.94439621947e-06,0.00534718508899,0.00213192963938,0.00522218595704,0.000305553433657,0.000326386622315,2.08331886584e-05,0.00356247526059,7.63883584142e-05,4.86107735363e-05,0.00126388011194,0.00104860382914,0.00192359775279,6.94439621947e-06,3.47219810974e-05,0.000194443094145,9.72215470726e-05,2.08331886584e-05,0.0,0.000291664641218,8.33327546336e-05,0.00195831973389,0.00179859862084,0.00156248914938,0.000451385754266,0.0,0.0,0.000770827980361,0.00111804779133,6.94439621947e-06,0.0,0.00662495399338,0.00189582016792,0.00438191401449,0.00106249262158,0.000118054735731,0.000194443094145,0.00447913556156,0.000326386622315,0.0057777376546,0.0,4.16663773168e-05,0.00672911993667,2.08331886584e-05,0.000590273678655,6.94439621947e-05,6.94439621947e-06,0.00641662210679,0.0,1.38887924389e-05,0.00218748480913,0.00197220852633,0.00491663252339,0.0052430191457,0.00134721286658,0.00477080020278,0.0,0.000840271942556,1.38887924389e-05,0.000118054735731,0.000361108603412,0.0,6.94439621947e-06,9.02771508531e-05,0.00274303650669,6.94439621947e-06,6.94439621947e-05,0.0,4.16663773168e-05,0.0,2.77775848779e-05,0.00234720592218,0.00362497482656,0.0,0.00692356303081,4.16663773168e-05,0.00013194352817,0.0,0.0,0.0018194318095,0.00322914424205,0.00554857257936,0.00065277324463,0.0033888653551,7.63883584142e-05,0.00109027020646,0.00208331886584,1.38887924389e-05,0.00361108603412,0.0,0.000881938319873,0.00397219463754,2.77775848779e-05,2.08331886584e-05,0.00263192616718,6.94439621947e-06,0.00279164728023,0.00271525892181,0.00636106693704,0.000805549961459,0.00463191227839,0.00474996701412,0.00506940924021,0.000326386622315,0.0,0.00274998090291,0.0,2.77775848779e-05,0.00604162471094,0.000236109471462,2.77775848779e-05,1.38887924389e-05,6.94439621947e-06,0.000861105131214,0.000673606433289,6.94439621947e-06,0.00650689925764,0.00490968812717,1.38887924389e-05,6.94439621947e-05,0.00585412601301,0.000208331886584,0.00690967423837,0.00462496788217,0.00190970896035,0.00418747092034,4.16663773168e-05,6.94439621947e-06,0.00315275588364,8.33327546336e-05,0.0016041555267,0.000222220679023,0.000833327546336,0.00136804605524,1.38887924389e-05,5.55551697558e-05,2.08331886584e-05,0.0,0.000701384018167,2.08331886584e-05,0.0,0.000145832320609,0.0,5.55551697558e-05,0.000347219810974,1.38887924389e-05,0.00510413122131,0.0018888757717,0.00607634669204,0.00690967423837,4.86107735363e-05,6.94439621947e-06,0.00123610252707,6.94439621947e-06,2.77775848779e-05,0.0,0.00633328935216,6.94439621947e-06,0.00162498871536,0.0,0.00642356650301,2.08331886584e-05,0.00302775675169,0.00694439621947,0.000868049527434,0.00134026847036,0.0047083006368,0.00222220679023,0.0,0.000201387490365,1.38887924389e-05,0.00340969854376,0.00162498871536,0.000277775848779,0.000194443094145,0.000104165943292,6.94439621947e-06,0.00657634321984,0.000423608169388,4.16663773168e-05,0.000166665509267,3.47219810974e-05,0.0,0.00534718508899,0.00572912688106,5.55551697558e-05,0.000284720244998,0.0,0.00590968118277,0.000159721113048,0.00296525718571,0.000208331886584
Gen 144
string_,string_rot,integer_swap,exec_sho,integer_gte,boolean_shove,boolean_and,string_pop,exec_eq,string_yankd,string_parse_to_chars,integer_lt,string_stackdepth,exec_do*whi,char_r,char_p,boolean_sw,integer_sho,boolean_invert_second_then_a,print_integ,char_iswhitespace,string_removechar,exec_emp,string_first,string_conc,string_yank,string_concat,string_setchar,exec_yankd,string_length,string_replacefirstch,char_d,integer_eq,exec_do*tim,string_emptystri,string_reverse,exec_yankdup,string_repla,exec_,char_ya,integer_mu,string_replacech,boolean_yankd,char_isletter,integer_add,string_empty,char_isdigit,print_integer,exec_shove,integer_fromstri,string_conjchar,boolean_or,boolean_empty,exec_wh,string_fromchar,integer_yankd,exec_do*while,integer_rot,string_rest,boolean_flu,integer_stackdep,char_iswhitespa,char_allfromstring,boolean_,char_allfromstri,exec_stackdepth,exec_do*range,char_shove,char_stackdep,string_removech,exec_stackdep,boolean_sho,string_indexofch,string_stackdep,string_leng,print_ch,integer_mult,boolean_xor,boolean_yankdup,integer_min,string_emp,integer_fromch,exec_yank,char_stackdepth,char_sw,integer_fromboole,string_replace,integer_div,string_replacefirst,boolean_frominteger,string_butla,char_isdig,integer_flush,integer_,string_yankdup,char_flu,print_exec,integer_yank,boolean_frominteg,string_emptystring,char_yankd,boolean_ya,string_swap,print_ex,exec_d,integer_max,char_swap,string_contains,char_empty,exec_dup,exec_k,string_frominteg,exec_noop,exec_p,exec_r,exec_s,string_sho,integer_flu,exec_y,boolean_rot,boolean_a,integer_ya,exec_ya,boolean_invert_first_then_a,string_spl,string_occurrencesofch,integer_yankdup,string_replacechar,char_sho,string_fromboolean,print_stri,exec_string_itera,print_newli,string_ta,string_replacefirstchar,string_substring,boolean_stackdepth,string_shove,string_containschar,exec_do*ran,char_yankdup,char_yank,integer_sw,exec_do*times,string_fromch,integer_shove,exec_if,exec_whi,integer_g,char_frominteger,char_frominteg,boolean_dup,string_eq,boolean_not,char_eq,boolean_flush,boolean_pop,string_butlast,exec_swap,string_replacefir,boolean_swap,exec_sw,string_n,print_string,exec_flush,print_newline,integer_a,string_d,string_dup,string_frominteger,string_contai,integer_mod,exec_do*count,string_fir,string_r,integer_fromchar,string_p,integer_inc,boolean_invert_first_then_and,integer_fromstring,exec_rot,integer_m,boolean_d,char_rot,exec_do*cou,string_take,exec_string_iterate,string_split,integer_pop,boolean_n,string_re,boolean_p,boolean_r,exec_pop,string_sw,boolean_x,boolean_emp,string_la,char_emp,boolean_stackdep,string_parse_to_cha,print_char,integer_dup,boolean_invert_second_then_and,integer_sub,string_setch,exec_no,boolean_yank,char_islett,string_ya,string_flu,integer_stackdepth,integer_emp,integer_dec,print_boole,integer_gt,exec,string_indexofchar,in1,char_dup,char_flush,char_pop,integer_lte,string_conjch,exec_flu,string_containsch,boolean_eq,string_flush,print_boolean,integer_d,string_rever,char_,exec_empty,string_last,integer_l,exec_when,integer_i,string_substri,string_nth,string_occurrencesofchar,integer_r,integer_s,integer_p,exec_while,integer_fromboolean,integer_empty,string_fromboole
0.0,0.00688960765788,0.000848270011931,0.000365514720588,0.00617237122503,0.00584823552941,0.000351721712264,0.00609650967924,0.00185515961959,6.89650416204e-06,0.00688960765788,0.00496548299667,0.00197929669451,2.75860166482e-05,0.0,3.44825208102e-05,2.06895124861e-05,0.0,0.000275860166482,0.0,0.00233791491093,0.00405514444728,6.20685374584e-05,0.0015448169323,1.37930083241e-05,0.00255170653995,0.00199308970283,0.00500686202164,0.000282756670644,0.00689650416204,6.89650416204e-06,0.0,0.00408962696809,2.06895124861e-05,6.89650416204e-06,0.00683443562458,0.00547582430466,1.37930083241e-05,1.37930083241e-05,0.0,6.89650416204e-06,2.06895124861e-05,2.06895124861e-05,0.00417238501803,0.0022344673485,0.00422755705133,0.00625512927497,0.000179309108213,0.00604133764595,0.0,0.00166205750305,0.00616547472086,0.00374480175999,0.0,0.000689650416204,1.37930083241e-05,0.00563444390039,0.0020344687278,0.00528961869228,0.000234481141509,0.000331032199778,1.37930083241e-05,0.00353101013096,5.51720332963e-05,6.20685374584e-05,0.00136550782408,0.0010896476576,0.00175171205716,1.37930083241e-05,2.06895124861e-05,0.000227584637347,0.000124137074917,2.75860166482e-05,0.0,0.000379307728912,0.000117240570755,0.00195171067786,0.00172412604051,0.00142757636154,0.000317239191454,6.89650416204e-06,2.06895124861e-05,0.000668960903718,0.00118619871587,0.0,0.0,0.0066137474914,0.00178619457797,0.00442065916787,0.00111033717009,0.000110344066593,0.000103447562431,0.00451031372197,0.000344825208102,0.00585513203357,0.0,6.20685374584e-05,0.00664823001221,0.0,0.000572409845449,6.20685374584e-05,0.0,0.0063585768374,0.0,1.37930083241e-05,0.00241377645671,0.00190343514872,0.00498617250916,0.00537927324639,0.00138619733657,0.00466203681354,0.0,0.000758615457824,1.37930083241e-05,8.27580499445e-05,0.000365514720588,1.37930083241e-05,2.75860166482e-05,3.44825208102e-05,0.00255170653995,2.06895124861e-05,6.89650416204e-05,6.89650416204e-06,3.44825208102e-05,0.0,1.37930083241e-05,0.00213101978607,0.0037792842808,6.89650416204e-06,0.00689650416204,0.0,0.000158619595727,0.0,1.37930083241e-05,0.00192412466121,0.00324135695616,0.00531030820477,0.000565513341287,0.00356549265177,4.13790249722e-05,0.00135171481576,0.00227584637347,6.89650416204e-06,0.00371721574334,1.37930083241e-05,0.000689650416204,0.00448962420949,3.44825208102e-05,6.89650416204e-06,0.00284825621892,1.37930083241e-05,0.00288963524389,0.00282067020227,0.00635168033324,0.000834477003607,0.00455858925111,0.00484824242591,0.00491720746753,0.000455169274695,0.0,0.00295170378135,0.0,2.75860166482e-05,0.00587582154606,0.000344825208102,6.20685374584e-05,4.13790249722e-05,0.0,0.000931028061875,0.000627581878746,6.89650416204e-06,0.0065034034248,0.00491720746753,0.0,3.44825208102e-05,0.0058689250419,0.000206895124861,0.00683443562458,0.00464134730105,0.00193791766953,0.00413100599306,8.96545541065e-05,1.37930083241e-05,0.0034344590727,7.58615457824e-05,0.00144136936987,0.000282756670644,0.0007448224495,0.00138619733657,4.82755291343e-05,6.20685374584e-05,1.37930083241e-05,0.0,0.00064137488707,2.06895124861e-05,0.0,0.000131033579079,0.0,5.51720332963e-05,0.000248274149833,1.37930083241e-05,0.00507582706326,0.0016896435197,0.00602064813346,0.00688271115372,3.44825208102e-05,1.37930083241e-05,0.00122757774084,6.89650416204e-06,2.75860166482e-05,6.89650416204e-06,0.00627581878746,2.75860166482e-05,0.00164826449473,0.0,0.00633099082075,2.75860166482e-05,0.00324825346032,0.00689650416204,0.000862063020255,0.00118619871587,0.00439996965538,0.00204826173613,0.0,0.000117240570755,1.37930083241e-05,0.00326894297281,0.00182067709878,0.000275860166482,0.000131033579079,0.000137930083241,0.0,0.00657926497059,0.000427583258046,6.20685374584e-05,0.000193102116537,3.44825208102e-05,6.89650416204e-06,0.0052137571465,0.0057585809753,3.44825208102e-05,0.000289653174806,0.0,0.00584823552941,0.000310342687292,0.00287584223557,0.000255170653995
Gen 145
string_,string_rot,integer_swap,exec_sho,integer_gte,boolean_shove,boolean_and,string_pop,exec_eq,string_yankd,string_parse_to_chars,integer_lt,string_stackdepth,exec_do*whi,char_r,char_p,boolean_sw,integer_sho,boolean_invert_second_then_a,print_integ,char_iswhitespace,string_removechar,exec_emp,string_first,string_conc,string_yank,string_concat,string_setchar,exec_yankd,string_length,string_replacefirstch,char_d,integer_eq,exec_do*tim,string_emptystri,string_reverse,exec_yankdup,string_repla,exec_,char_ya,integer_mu,string_replacech,boolean_yankd,char_isletter,integer_add,string_empty,char_isdigit,print_integer,exec_shove,integer_fromstri,string_conjchar,boolean_or,boolean_empty,exec_wh,string_fromchar,integer_yankd,exec_do*while,integer_rot,string_rest,boolean_flu,integer_stackdep,char_iswhitespa,char_allfromstring,boolean_,char_allfromstri,exec_stackdepth,exec_do*range,char_shove,char_stackdep,string_removech,exec_stackdep,boolean_sho,string_indexofch,string_stackdep,string_leng,print_ch,integer_mult,boolean_xor,boolean_yankdup,integer_min,string_emp,integer_fromch,exec_yank,char_stackdepth,char_sw,integer_fromboole,string_replace,integer_div,string_replacefirst,boolean_frominteger,string_butla,char_isdig,integer_flush,integer_,string_yankdup,char_flu,print_exec,integer_yank,boolean_frominteg,string_emptystring,char_yankd,boolean_ya,string_swap,print_ex,exec_d,integer_max,char_swap,string_contains,char_empty,exec_dup,exec_k,string_frominteg,exec_noop,exec_p,exec_r,exec_s,string_sho,integer_flu,exec_y,boolean_rot,boolean_a,integer_ya,exec_ya,boolean_invert_first_then_a,string_spl,string_occurrencesofch,integer_yankdup,string_replacechar,char_sho,string_fromboolean,print_stri,exec_string_itera,print_newli,string_ta,string_replacefirstchar,string_substring,boolean_stackdepth,string_shove,string_containschar,exec_do*ran,char_yankdup,char_yank,integer_sw,exec_do*times,string_fromch,integer_shove,exec_if,exec_whi,integer_g,char_frominteger,char_frominteg,boolean_dup,string_eq,boolean_not,char_eq,boolean_flush,boolean_pop,string_butlast,exec_swap,string_replacefir,boolean_swap,exec_sw,string_n,print_string,exec_flush,print_newline,integer_a,string_d,string_dup,string_frominteger,string_contai,integer_mod,exec_do*count,string_fir,string_r,integer_fromchar,string_p,integer_inc,boolean_invert_first_then_and,integer_fromstring,exec_rot,integer_m,boolean_d,char_rot,exec_do*cou,string_take,exec_string_iterate,string_split,integer_pop,boolean_n,string_re,boolean_p,boolean_r,exec_pop,string_sw,boolean_x,boolean_emp,string_la,char_emp,boolean_stackdep,string_parse_to_cha,print_char,integer_dup,boolean_invert_second_then_and,integer_sub,string_setch,exec_no,boolean_yank,char_islett,string_ya,string_flu,integer_stackdepth,integer_emp,integer_dec,print_boole,integer_gt,exec,string_indexofchar,in1,char_dup,char_flush,char_pop,integer_lte,string_conjch,exec_flu,string_containsch,boolean_eq,string_flush,print_boolean,integer_d,string_rever,char_,exec_empty,string_last,integer_l,exec_when,integer_i,string_substri,string_nth,string_occurrencesofchar,integer_r,integer_s,integer_p,exec_while,integer_fromboolean,integer_empty,string_fromboole
0.0,0.0068492681557,0.000856158519462,0.000363011212252,0.00610954719488,0.00569859110554,0.000376709748563,0.00598626036808,0.00184245313388,0.0,0.0068492681557,0.00493832234026,0.00195889069253,2.05478044671e-05,6.8492681557e-06,2.73970726228e-05,2.05478044671e-05,6.8492681557e-06,0.000294518530695,0.0,0.00230820336847,0.00390408284875,5.47941452456e-05,0.0016849199663,1.36985363114e-05,0.00249313360867,0.00203423264224,0.00495887014473,0.000301367798851,0.0068492681557,0.0,0.0,0.00389723358059,1.36985363114e-05,6.8492681557e-06,0.00678077547414,0.00554790720612,4.10956089342e-05,2.73970726228e-05,3.42463407785e-05,0.0,2.73970726228e-05,6.8492681557e-06,0.00434928527887,0.00204793117855,0.00444517503305,0.00622598475353,0.000294518530695,0.00605475304964,1.36985363114e-05,0.00145889411716,0.00594516475915,0.00375339894932,6.8492681557e-06,0.000856158519462,2.73970726228e-05,0.00558900281505,0.00188354874282,0.00520544379833,0.000123286826803,0.000226025849138,1.36985363114e-05,0.00356161944096,6.8492681557e-05,4.10956089342e-05,0.00138355216745,0.000917801932863,0.00175341264786,2.05478044671e-05,2.73970726228e-05,0.000246573653605,0.000150683899425,1.36985363114e-05,6.8492681557e-06,0.000321915603318,8.21912178684e-05,0.001979438497,0.00157533167581,0.0012054711954,0.000410956089342,2.73970726228e-05,1.36985363114e-05,0.000698625351881,0.00108903363676,0.0,0.0,0.00670543352443,0.00173971411155,0.00443147649674,0.00100684241889,0.000157533167581,8.90404860241e-05,0.00442462722858,0.000301367798851,0.00558215354689,0.0,1.36985363114e-05,0.00663009157472,6.8492681557e-06,0.000561639988767,4.10956089342e-05,0.0,0.00610269792673,0.0,6.8492681557e-06,0.00219861507798,0.00169176923446,0.00483558331792,0.00541777111116,0.00138355216745,0.00488352819501,0.0,0.000821912178684,6.8492681557e-06,0.000116437558647,0.000184930240204,1.36985363114e-05,1.36985363114e-05,3.42463407785e-05,0.00256162629023,3.42463407785e-05,3.42463407785e-05,0.0,6.8492681557e-06,0.0,1.36985363114e-05,0.00207532825118,0.00367805699961,6.8492681557e-06,0.00684241888754,0.0,0.000164382435737,6.8492681557e-06,1.36985363114e-05,0.00176026191601,0.00332189505551,0.00527393647989,0.000657529742947,0.0037260018767,2.05478044671e-05,0.00139725070376,0.00223286141876,1.36985363114e-05,0.00331504578736,1.36985363114e-05,0.000650680474791,0.00444517503305,1.36985363114e-05,2.05478044671e-05,0.00255477702208,1.36985363114e-05,0.00284929555277,0.00247258580421,0.00632187450771,0.000753419497127,0.00460270820063,0.00495887014473,0.00498626721735,0.000356161944096,6.8492681557e-06,0.00278765213937,0.0,1.36985363114e-05,0.00598626036808,0.000369860480408,4.79448770899e-05,5.47941452456e-05,0.0,0.000999993150732,0.00068492681557,0.0,0.00650680474791,0.00490407599948,6.8492681557e-06,4.10956089342e-05,0.00586297354128,0.000226025849138,0.00683556961939,0.00465065307772,0.00165067362552,0.00382874089903,7.53419497127e-05,6.8492681557e-06,0.00347257895494,5.47941452456e-05,0.00158903021212,0.000349312675941,0.000801364374217,0.00136300436298,0.0,5.47941452456e-05,6.8492681557e-06,0.0,0.000890404860241,4.79448770899e-05,6.8492681557e-06,0.000157533167581,0.0,5.47941452456e-05,0.000280819994384,2.05478044671e-05,0.00506845843522,0.00178080972048,0.00596571256361,0.00683556961939,4.79448770899e-05,6.8492681557e-06,0.00130821021774,1.36985363114e-05,2.73970726228e-05,6.8492681557e-06,0.00614379353566,1.36985363114e-05,0.00187669947466,0.0,0.00626023109431,3.42463407785e-05,0.00357531797727,0.0068492681557,0.000910952664708,0.00118492339094,0.00417120430682,0.00212327312827,6.8492681557e-06,0.000130136094958,6.8492681557e-06,0.00328079944658,0.00180135752495,0.000226025849138,0.00019177950836,0.000198628776515,2.05478044671e-05,0.00653420182054,0.000280819994384,8.90404860241e-05,0.000184930240204,4.10956089342e-05,6.8492681557e-06,0.00514380038493,0.00580817939603,6.8492681557e-05,0.000232875117294,6.8492681557e-06,0.00579448085972,0.000479448770899,0.00267121458072,0.000232875117294
Gen 146
string_,string_rot,integer_swap,exec_sho,integer_gte,boolean_shove,boolean_and,string_pop,exec_eq,string_yankd,string_parse_to_chars,integer_lt,string_stackdepth,exec_do*whi,char_r,char_p,boolean_sw,integer_sho,boolean_invert_second_then_a,print_integ,char_iswhitespace,string_removechar,exec_emp,string_first,string_conc,string_yank,string_concat,string_setchar,exec_yankd,string_length,string_replacefirstch,char_d,integer_eq,exec_do*tim,string_emptystri,string_reverse,exec_yankdup,string_repla,exec_,char_ya,integer_mu,string_replacech,boolean_yankd,char_isletter,integer_add,string_empty,char_isdigit,print_integer,exec_shove,integer_fromstri,string_conjchar,boolean_or,boolean_empty,exec_wh,string_fromchar,integer_yankd,exec_do*while,integer_rot,string_rest,boolean_flu,integer_stackdep,char_iswhitespa,char_allfromstring,boolean_,char_allfromstri,exec_stackdepth,exec_do*range,char_shove,char_stackdep,string_removech,exec_stackdep,boolean_sho,string_indexofch,string_stackdep,string_leng,print_ch,integer_mult,boolean_xor,boolean_yankdup,integer_min,string_emp,integer_fromch,exec_yank,char_stackdepth,char_sw,integer_fromboole,string_replace,integer_div,string_replacefirst,boolean_frominteger,string_butla,char_isdig,integer_flush,integer_,string_yankdup,char_flu,print_exec,integer_yank,boolean_frominteg,string_emptystring,char_yankd,boolean_ya,string_swap,print_ex,exec_d,integer_max,char_swap,string_contains,char_empty,exec_dup,exec_k,string_frominteg,exec_noop,exec_p,exec_r,exec_s,string_sho,integer_flu,exec_y,boolean_rot,boolean_a,integer_ya,exec_ya,boolean_invert_first_then_a,string_spl,string_occurrencesofch,integer_yankdup,string_replacechar,char_sho,string_fromboolean,print_stri,exec_string_itera,print_newli,string_ta,string_replacefirstchar,string_substring,boolean_stackdepth,string_shove,string_containschar,exec_do*ran,char_yankdup,char_yank,integer_sw,exec_do*times,string_fromch,integer_shove,exec_if,exec_whi,integer_g,char_frominteger,char_frominteg,boolean_dup,string_eq,boolean_not,char_eq,boolean_flush,boolean_pop,string_butlast,exec_swap,string_replacefir,boolean_swap,exec_sw,string_n,print_string,exec_flush,print_newline,integer_a,string_d,string_dup,string_frominteger,string_contai,integer_mod,exec_do*count,string_fir,string_r,integer_fromchar,string_p,integer_inc,boolean_invert_first_then_and,integer_fromstring,exec_rot,integer_m,boolean_d,char_rot,exec_do*cou,string_take,exec_string_iterate,string_split,integer_pop,boolean_n,string_re,boolean_p,boolean_r,exec_pop,string_sw,boolean_x,boolean_emp,string_la,char_emp,boolean_stackdep,string_parse_to_cha,print_char,integer_dup,boolean_invert_second_then_and,integer_sub,string_setch,exec_no,boolean_yank,char_islett,string_ya,string_flu,integer_stackdepth,integer_emp,integer_dec,print_boole,integer_gt,exec,string_indexofchar,in1,char_dup,char_flush,char_pop,integer_lte,string_conjch,exec_flu,string_containsch,boolean_eq,string_flush,print_boolean,integer_d,string_rever,char_,exec_empty,string_last,integer_l,exec_when,integer_i,string_substri,string_nth,string_occurrencesofchar,integer_r,integer_s,integer_p,exec_while,integer_fromboolean,integer_empty,string_fromboole
6.80267481174e-06,0.00679587213692,0.00078230760335,0.000367344439834,0.00616322337943,0.00581628696403,0.000387752464269,0.00604077523282,0.00197957837022,0.0,0.00679587213692,0.00520404623098,0.00177549812586,6.80267481174e-06,1.36053496235e-05,6.80267481174e-06,6.80267481174e-06,0.0,0.000292515016905,0.0,0.00244896293222,0.00402038081374,2.72106992469e-05,0.00167345800369,2.04080244352e-05,0.00265304317658,0.00205440779314,0.00482989911633,0.000176869545105,0.00680267481174,6.80267481174e-06,6.80267481174e-06,0.00406799953742,6.80267481174e-06,1.36053496235e-05,0.00674145073843,0.00546254787382,2.72106992469e-05,0.0,2.72106992469e-05,6.80267481174e-06,6.12240733056e-05,2.04080244352e-05,0.00435371187951,0.00202039441909,0.0045782001483,0.00641492234747,0.00019727756954,0.00604077523282,2.04080244352e-05,0.00119727076687,0.0060883939565,0.0035918123006,0.0,0.000965979823267,2.72106992469e-05,0.00565982544336,0.00170066870293,0.00520404623098,0.0001156454718,0.00015646152067,0.0,0.00345575880436,8.84347725526e-05,0.000136053496235,0.00138094298678,0.000789110278161,0.00192515697172,1.36053496235e-05,1.36053496235e-05,0.000129250821423,0.000238093618411,6.80267481174e-06,6.80267481174e-06,0.000367344439834,0.0001156454718,0.00197957837022,0.00164624730444,0.00126529751498,0.000333331065775,0.0,6.80267481174e-06,0.000680267481174,0.00124488949055,0.0,0.0,0.00668702933994,0.00180951149992,0.00442854130244,0.00107482262025,0.000149658845858,0.000102040122176,0.00466663492085,0.000346936415399,0.00570744416705,0.0,4.76187236822e-05,0.00659179189257,0.0,0.000517003285692,7.48294229291e-05,0.0,0.00597955115952,0.0,1.36053496235e-05,0.00208161849239,0.00143536438528,0.00497955796219,0.00552377194713,0.00126529751498,0.00480268841709,1.36053496235e-05,0.000748294229291,6.80267481174e-06,8.84347725526e-05,0.000251698968034,0.0,4.76187236822e-05,3.40133740587e-05,0.00190474894729,6.12240733056e-05,2.72106992469e-05,0.0,6.80267481174e-06,0.0,0.0,0.00210202651683,0.00363943102428,1.36053496235e-05,0.00680267481174,6.80267481174e-06,0.000163264195482,6.80267481174e-06,0.0,0.00196597302059,0.0033060999585,0.00529928367834,0.000721083530044,0.00397276209005,6.80267481174e-06,0.00119046809205,0.00226529071231,1.36053496235e-05,0.00329249460888,6.80267481174e-06,0.000693872830797,0.00433330385508,2.04080244352e-05,6.12240733056e-05,0.00245576560704,2.72106992469e-05,0.00289113679499,0.00262583247733,0.0063741062986,0.000734688879667,0.00457139747349,0.00489792586445,0.00516323018211,0.000428568513139,0.0,0.00274147794913,0.0,2.04080244352e-05,0.00589111638696,0.000319725716152,3.40133740587e-05,2.72106992469e-05,0.0,0.00086393970109,0.000870742375902,6.80267481174e-06,0.00638771164822,0.00485030714077,3.40133740587e-05,3.40133740587e-05,0.00598635383433,0.000251698968034,0.0067822667873,0.00470745096972,0.00159182590595,0.00400677546411,5.44213984939e-05,2.72106992469e-05,0.00356460160135,6.12240733056e-05,0.00154420718226,0.000299317691716,0.000877545050714,0.001156454718,6.80267481174e-06,7.48294229291e-05,0.0,0.0,0.000748294229291,3.40133740587e-05,6.80267481174e-06,9.52374473643e-05,0.0,6.12240733056e-05,0.000292515016905,4.08160488704e-05,0.00508159808437,0.00159182590595,0.00594553778546,0.00678906946211,3.40133740587e-05,0.0,0.00134012693791,2.04080244352e-05,0.0,6.80267481174e-06,0.0060883939565,1.36053496235e-05,0.00190474894729,0.0,0.00640131699784,2.72106992469e-05,0.00338773205624,0.00680267481174,0.000993190522513,0.00106801994544,0.00417003965959,0.00225168536268,2.04080244352e-05,0.0001156454718,0.0,0.0034761668288,0.00204080244352,0.000136053496235,0.00019727756954,0.000170066870293,1.36053496235e-05,0.0065509758437,0.000292515016905,8.84347725526e-05,9.52374473643e-05,2.72106992469e-05,6.80267481174e-06,0.00508159808437,0.00574826021592,7.48294229291e-05,0.00019727756954,1.36053496235e-05,0.00589111638696,0.000482989911633,0.00254420037959,0.000292515016905
Gen 147
string_,string_rot,integer_swap,exec_sho,integer_gte,boolean_shove,boolean_and,string_pop,exec_eq,string_yankd,string_parse_to_chars,integer_lt,string_stackdepth,exec_do*whi,char_r,char_p,boolean_sw,integer_sho,boolean_invert_second_then_a,print_integ,char_iswhitespace,string_removechar,exec_emp,string_first,string_conc,string_yank,string_concat,string_setchar,exec_yankd,string_length,string_replacefirstch,char_d,integer_eq,exec_do*tim,string_emptystri,string_reverse,exec_yankdup,string_repla,exec_,char_ya,integer_mu,string_replacech,boolean_yankd,char_isletter,integer_add,string_empty,char_isdigit,print_integer,exec_shove,integer_fromstri,string_conjchar,boolean_or,boolean_empty,exec_wh,string_fromchar,integer_yankd,exec_do*while,integer_rot,string_rest,boolean_flu,integer_stackdep,char_iswhitespa,char_allfromstring,boolean_,char_allfromstri,exec_stackdepth,exec_do*range,char_shove,char_stackdep,string_removech,exec_stackdep,boolean_sho,string_indexofch,string_stackdep,string_leng,print_ch,integer_mult,boolean_xor,boolean_yankdup,integer_min,string_emp,integer_fromch,exec_yank,char_stackdepth,char_sw,integer_fromboole,string_replace,integer_div,string_replacefirst,boolean_frominteger,string_butla,char_isdig,integer_flush,integer_,string_yankdup,char_flu,print_exec,integer_yank,boolean_frominteg,string_emptystring,char_yankd,boolean_ya,string_swap,print_ex,exec_d,integer_max,char_swap,string_contains,char_empty,exec_dup,exec_k,string_frominteg,exec_noop,exec_p,exec_r,exec_s,string_sho,integer_flu,exec_y,boolean_rot,boolean_a,integer_ya,exec_ya,boolean_invert_first_then_a,string_spl,string_occurrencesofch,integer_yankdup,string_replacechar,char_sho,string_fromboolean,print_stri,exec_string_itera,print_newli,string_ta,string_replacefirstchar,string_substring,boolean_stackdepth,string_shove,string_containschar,exec_do*ran,char_yankdup,char_yank,integer_sw,exec_do*times,string_fromch,integer_shove,exec_if,exec_whi,integer_g,char_frominteger,char_frominteg,boolean_dup,string_eq,boolean_not,char_eq,boolean_flush,boolean_pop,string_butlast,exec_swap,string_replacefir,boolean_swap,exec_sw,string_n,print_string,exec_flush,print_newline,integer_a,string_d,string_dup,string_frominteger,string_contai,integer_mod,exec_do*count,string_fir,string_r,integer_fromchar,string_p,integer_inc,boolean_invert_first_then_and,integer_fromstring,exec_rot,integer_m,boolean_d,char_rot,exec_do*cou,string_take,exec_string_iterate,string_split,integer_pop,boolean_n,string_re,boolean_p,boolean_r,exec_pop,string_sw,boolean_x,boolean_emp,string_la,char_emp,boolean_stackdep,string_parse_to_cha,print_char,integer_dup,boolean_invert_second_then_and,integer_sub,string_setch,exec_no,boolean_yank,char_islett,string_ya,string_flu,integer_stackdepth,integer_emp,integer_dec,print_boole,integer_gt,exec,string_indexofchar,in1,char_dup,char_flush,char_pop,integer_lte,string_conjch,exec_flu,string_containsch,boolean_eq,string_flush,print_boolean,integer_d,string_rever,char_,exec_empty,string_last,integer_l,exec_when,integer_i,string_substri,string_nth,string_occurrencesofchar,integer_r,integer_s,integer_p,exec_while,integer_fromboolean,integer_empty,string_fromboole
1.35134222066e-05,0.0067499543922,0.00073648151026,0.000209458044202,0.00602698630415,0.00577698799332,0.000466213066128,0.00579725812663,0.00210133715313,6.7567111033e-06,0.0067567111033,0.00497969608313,0.00146620630942,6.7567111033e-06,1.35134222066e-05,6.7567111033e-06,6.7567111033e-06,0.0,0.000310808710752,0.0,0.00217566097526,0.00385132532888,3.37835555165e-05,0.00166890764252,1.35134222066e-05,0.00258106364146,0.00199998648658,0.00462834710576,0.000162161066479,0.0067567111033,0.0,1.35134222066e-05,0.00386483875109,6.7567111033e-06,1.35134222066e-05,0.00669590070337,0.00529726150499,6.7567111033e-05,2.02701333099e-05,2.02701333099e-05,6.7567111033e-06,6.7567111033e-06,6.7567111033e-06,0.00421618772846,0.00195944621996,0.0046959142168,0.0063377950149,0.000175674488686,0.00595941919311,1.35134222066e-05,0.0010202633766,0.00617563394842,0.00343240924048,0.0,0.000871615732326,0.0,0.00564185377126,0.00165539422031,0.00504050648306,0.000195944621996,7.43238221363e-05,0.0,0.00339862568496,5.40536888264e-05,6.7567111033e-05,0.00131080195404,0.000641887554814,0.00159458382038,2.02701333099e-05,2.02701333099e-05,0.000209458044202,0.000317565421855,1.35134222066e-05,1.35134222066e-05,0.000270268444132,8.78372443429e-05,0.0020540401754,0.00160809724259,0.00139188248728,0.000432429510611,0.0,1.35134222066e-05,0.000749994932467,0.00083783217681,6.7567111033e-06,0.0,0.0065540097702,0.00178377173127,0.00428375483949,0.00117566773197,0.000155404355376,6.7567111033e-05,0.00458105012804,0.000371619110682,0.00544590914926,0.0,6.7567111033e-05,0.00639860541483,1.35134222066e-05,0.000452699643921,0.00010135066655,6.7567111033e-06,0.00588509537098,0.0,3.37835555165e-05,0.00227701164181,0.00168242106472,0.00482429172776,0.00545266586037,0.00125674826521,0.00465537395018,2.02701333099e-05,0.00075675164357,2.02701333099e-05,4.72969777231e-05,0.000189187910892,6.7567111033e-06,2.02701333099e-05,4.72969777231e-05,0.00185133884231,8.10805332396e-05,2.70268444132e-05,0.0,2.70268444132e-05,0.0,1.35134222066e-05,0.00215539084195,0.00345943608489,6.7567111033e-06,0.0067567111033,1.35134222066e-05,9.45939554462e-05,0.0,0.0,0.00187160897562,0.00318916764076,0.00547293599368,0.000668914399227,0.00389862230661,6.7567111033e-06,0.00133107208735,0.00228376835292,6.7567111033e-06,0.00360132701806,0.0,0.000527023466058,0.00433105181722,4.05402666198e-05,4.72969777231e-05,0.00253376666374,6.7567111033e-06,0.00299322301876,0.00279727839677,0.0063377950149,0.00073648151026,0.00439861892825,0.00518915412734,0.004905372261,0.000304051999649,0.0,0.00283781866339,0.0,4.72969777231e-05,0.00568239403788,0.000418916088405,5.40536888264e-05,0.000114864088756,0.0,0.000668914399227,0.0010135066655,0.0,0.00626347119276,0.0049121289721,2.02701333099e-05,8.10805332396e-05,0.00594590577091,0.000222971466409,0.00668238728117,0.00461483368356,0.00175674488686,0.00404726995088,0.000121620799859,6.7567111033e-06,0.00362835386247,2.02701333099e-05,0.00151350328714,0.000398645955095,0.000709454665847,0.00114188417646,1.35134222066e-05,4.05402666198e-05,0.0,0.0,0.000662157688124,2.70268444132e-05,0.0,8.78372443429e-05,0.0,0.000108107377653,0.000229728177512,8.78372443429e-05,0.00489185883879,0.00166890764252,0.00584455510436,0.00672968425889,2.70268444132e-05,0.0,0.0016418807981,2.02701333099e-05,0.0,0.0,0.00586482523767,2.70268444132e-05,0.00187160897562,0.0,0.00636482185931,4.72969777231e-05,0.0034864629293,0.0067567111033,0.000966209687772,0.000810805332396,0.00424321457287,0.00212160728644,6.7567111033e-06,7.43238221363e-05,6.7567111033e-06,0.00345943608489,0.00202025661989,0.000135134222066,0.000189187910892,0.000135134222066,1.35134222066e-05,0.0065540097702,0.000270268444132,6.7567111033e-05,0.000222971466409,4.05402666198e-05,0.0,0.00492564239431,0.00568915074898,4.72969777231e-05,0.000270268444132,0.0,0.00562158363795,0.000452699643921,0.00288511564111,0.000418916088405
Gen 148
string_,string_rot,integer_swap,exec_sho,integer_gte,boolean_shove,boolean_and,string_pop,exec_eq,string_yankd,string_parse_to_chars,integer_lt,string_stackdepth,exec_do*whi,char_r,char_p,boolean_sw,integer_sho,boolean_invert_second_then_a,print_integ,char_iswhitespace,string_removechar,exec_emp,string_first,string_conc,string_yank,string_concat,string_setchar,exec_yankd,string_length,string_replacefirstch,char_d,integer_eq,exec_do*tim,string_emptystri,string_reverse,exec_yankdup,string_repla,exec_,char_ya,integer_mu,string_replacech,boolean_yankd,char_isletter,integer_add,string_empty,char_isdigit,print_integer,exec_shove,integer_fromstri,string_conjchar,boolean_or,boolean_empty,exec_wh,string_fromchar,integer_yankd,exec_do*while,integer_rot,string_rest,boolean_flu,integer_stackdep,char_iswhitespa,char_allfromstring,boolean_,char_allfromstri,exec_stackdepth,exec_do*range,char_shove,char_stackdep,string_removech,exec_stackdep,boolean_sho,string_indexofch,string_stackdep,string_leng,print_ch,integer_mult,boolean_xor,boolean_yankdup,integer_min,string_emp,integer_fromch,exec_yank,char_stackdepth,char_sw,integer_fromboole,string_replace,integer_div,string_replacefirst,boolean_frominteger,string_butla,char_isdig,integer_flush,integer_,string_yankdup,char_flu,print_exec,integer_yank,boolean_frominteg,string_emptystring,char_yankd,boolean_ya,string_swap,print_ex,exec_d,integer_max,char_swap,string_contains,char_empty,exec_dup,exec_k,string_frominteg,exec_noop,exec_p,exec_r,exec_s,string_sho,integer_flu,exec_y,boolean_rot,boolean_a,integer_ya,exec_ya,boolean_invert_first_then_a,string_spl,string_occurrencesofch,integer_yankdup,string_replacechar,char_sho,string_fromboolean,print_stri,exec_string_itera,print_newli,string_ta,string_replacefirstchar,string_substring,boolean_stackdepth,string_shove,string_containschar,exec_do*ran,char_yankdup,char_yank,integer_sw,exec_do*times,string_fromch,integer_shove,exec_if,exec_whi,integer_g,char_frominteger,char_frominteg,boolean_dup,string_eq,boolean_not,char_eq,boolean_flush,boolean_pop,string_butlast,exec_swap,string_replacefir,boolean_swap,exec_sw,string_n,print_string,exec_flush,print_newline,integer_a,string_d,string_dup,string_frominteger,string_contai,integer_mod,exec_do*count,string_fir,string_r,integer_fromchar,string_p,integer_inc,boolean_invert_first_then_and,integer_fromstring,exec_rot,integer_m,boolean_d,char_rot,exec_do*cou,string_take,exec_string_iterate,string_split,integer_pop,boolean_n,string_re,boolean_p,boolean_r,exec_pop,string_sw,boolean_x,boolean_emp,string_la,char_emp,boolean_stackdep,string_parse_to_cha,print_char,integer_dup,boolean_invert_second_then_and,integer_sub,string_setch,exec_no,boolean_yank,char_islett,string_ya,string_flu,integer_stackdepth,integer_emp,integer_dec,print_boole,integer_gt,exec,string_indexofchar,in1,char_dup,char_flush,char_pop,integer_lte,string_conjch,exec_flu,string_containsch,boolean_eq,string_flush,print_boolean,integer_d,string_rever,char_,exec_empty,string_last,integer_l,exec_when,integer_i,string_substri,string_nth,string_occurrencesofchar,integer_r,integer_s,integer_p,exec_while,integer_fromboolean,integer_empty,string_fromboole
0.0,0.00671136435326,0.000825497815451,0.00026845457413,0.00599324836746,0.00572479379333,0.000449661411668,0.00574492788639,0.00173824336749,6.71136435326e-06,0.00669794162455,0.00497312098577,0.00120804558359,6.71136435326e-06,0.0,2.6845457413e-05,6.71136435326e-06,0.0,0.000241609116717,0.0,0.00235568888799,0.00397312769713,6.71136435326e-06,0.00181877973973,6.71136435326e-06,0.0026845457413,0.00208052294951,0.00471137777599,0.000194629566245,0.00671136435326,1.34227287065e-05,0.0,0.00402681861196,0.0,6.71136435326e-06,0.00667109616714,0.00569794833592,5.36909148261e-05,2.6845457413e-05,4.69795504728e-05,1.34227287065e-05,2.6845457413e-05,0.0,0.00459057321763,0.00192616156939,0.00429527318609,0.00635566204254,0.000187918201891,0.00606707337535,0.0,0.00112079784699,0.00599324836746,0.00368453902994,0.0,0.000825497815451,2.6845457413e-05,0.00566439151415,0.00187918201891,0.00512077100154,0.000221475023658,0.000120804558359,1.34227287065e-05,0.00365098220817,6.04022791793e-05,3.35568217663e-05,0.00136911832806,0.000496640962141,0.00184562519715,6.71136435326e-06,4.02681861196e-05,0.000241609116717,0.000228186388011,2.01340930598e-05,6.71136435326e-06,0.000221475023658,0.000107381829652,0.00235568888799,0.00149663425078,0.00177180018926,0.000583888698734,0.0,0.0,0.000704693257092,0.000966436466869,6.71136435326e-06,0.0,0.00650331205831,0.00178522291797,0.00424158227126,0.00122146831229,0.000214763659304,8.72477365924e-05,0.00467782095422,0.000496640962141,0.00538922557567,6.71136435326e-06,6.04022791793e-05,0.00634895067818,6.71136435326e-06,0.000516775055201,0.000100670465299,0.0,0.0058590210804,0.0,6.71136435326e-06,0.00218119341481,0.00177851155361,0.00473151186905,0.00539593694002,0.00132885014195,0.0047382232334,2.6845457413e-05,0.00101341601734,6.71136435326e-06,6.71136435326e-06,0.00026845457413,6.71136435326e-06,5.36909148261e-05,7.38250078859e-05,0.00185904792585,6.04022791793e-05,0.000107381829652,0.0,1.34227287065e-05,6.71136435326e-06,6.71136435326e-06,0.002469782082,0.00335568217663,4.02681861196e-05,0.00670465298891,6.71136435326e-06,4.69795504728e-05,0.0,0.0,0.00152347970819,0.0028858866719,0.00538251421131,0.000671136435326,0.00336910490534,0.0,0.00146307742901,0.00233555479493,1.34227287065e-05,0.0034026617271,0.0,0.000362413675076,0.0041207777129,6.71136435326e-05,4.69795504728e-05,0.00230870933752,0.0,0.00285904121449,0.00259729800471,0.00633552794948,0.00086576600157,0.00442950047315,0.00498654371447,0.00512077100154,0.000436238682962,0.0,0.00244293662459,0.0,2.01340930598e-05,0.00546976194791,0.000416104589902,6.71136435326e-05,3.35568217663e-05,0.0,0.000624156884853,0.00110737511829,0.0,0.00621472339112,0.00449661411668,1.34227287065e-05,3.35568217663e-05,0.00577848470816,0.000261743209777,0.00662411661667,0.00496640962141,0.00163086153784,0.00383890041006,8.05363722391e-05,1.34227287065e-05,0.00353688901417,6.71136435326e-06,0.00144294333595,0.000402681861196,0.000751672807565,0.0014362319716,1.34227287065e-05,4.02681861196e-05,0.0,0.0,0.000563754605674,4.02681861196e-05,6.71136435326e-06,4.69795504728e-05,0.0,9.39591009456e-05,0.000255031845424,1.34227287065e-05,0.00504694599365,0.00208052294951,0.00581875289428,0.0066912302602,4.69795504728e-05,2.01340930598e-05,0.00169126381702,2.6845457413e-05,0.0,0.0,0.00579190743686,2.01340930598e-05,0.00203354339904,0.0,0.00640264159301,3.35568217663e-05,0.00327514580439,0.00671136435326,0.00100670465299,0.000986570559929,0.00377849813089,0.00220132750787,6.71136435326e-06,6.71136435326e-05,0.0,0.00375165267347,0.00179193428232,0.000174495473185,0.000187918201891,0.000187918201891,0.0,0.00651002342266,0.000181206837538,7.38250078859e-05,0.000161072744478,2.6845457413e-05,0.0,0.00497983235012,0.00579861880122,1.34227287065e-05,0.00028858866719,0.0,0.00567781424286,0.00057717733438,0.00282548439272,0.000422815954255
Gen 149
string_,string_rot,integer_swap,exec_sho,integer_gte,boolean_shove,boolean_and,string_pop,exec_eq,string_yankd,string_parse_to_chars,integer_lt,string_stackdepth,exec_do*whi,char_r,char_p,boolean_sw,integer_sho,boolean_invert_second_then_a,print_integ,char_iswhitespace,string_removechar,exec_emp,string_first,string_conc,string_yank,string_concat,string_setchar,exec_yankd,string_length,string_replacefirstch,char_d,integer_eq,exec_do*tim,string_emptystri,string_reverse,exec_yankdup,string_repla,exec_,char_ya,integer_mu,string_replacech,boolean_yankd,char_isletter,integer_add,string_empty,char_isdigit,print_integer,exec_shove,integer_fromstri,string_conjchar,boolean_or,boolean_empty,exec_wh,string_fromchar,integer_yankd,exec_do*while,integer_rot,string_rest,boolean_flu,integer_stackdep,char_iswhitespa,char_allfromstring,boolean_,char_allfromstri,exec_stackdepth,exec_do*range,char_shove,char_stackdep,string_removech,exec_stackdep,boolean_sho,string_indexofch,string_stackdep,string_leng,print_ch,integer_mult,boolean_xor,boolean_yankdup,integer_min,string_emp,integer_fromch,exec_yank,char_stackdepth,char_sw,integer_fromboole,string_replace,integer_div,string_replacefirst,boolean_frominteger,string_butla,char_isdig,integer_flush,integer_,string_yankdup,char_flu,print_exec,integer_yank,boolean_frominteg,string_emptystring,char_yankd,boolean_ya,string_swap,print_ex,exec_d,integer_max,char_swap,string_contains,char_empty,exec_dup,exec_k,string_frominteg,exec_noop,exec_p,exec_r,exec_s,string_sho,integer_flu,exec_y,boolean_rot,boolean_a,integer_ya,exec_ya,boolean_invert_first_then_a,string_spl,string_occurrencesofch,integer_yankdup,string_replacechar,char_sho,string_fromboolean,print_stri,exec_string_itera,print_newli,string_ta,string_replacefirstchar,string_substring,boolean_stackdepth,string_shove,string_containschar,exec_do*ran,char_yankdup,char_yank,integer_sw,exec_do*times,string_fromch,integer_shove,exec_if,exec_whi,integer_g,char_frominteger,char_frominteg,boolean_dup,string_eq,boolean_not,char_eq,boolean_flush,boolean_pop,string_butlast,exec_swap,string_replacefir,boolean_swap,exec_sw,string_n,print_string,exec_flush,print_newline,integer_a,string_d,string_dup,string_frominteger,string_contai,integer_mod,exec_do*count,string_fir,string_r,integer_fromchar,string_p,integer_inc,boolean_invert_first_then_and,integer_fromstring,exec_rot,integer_m,boolean_d,char_rot,exec_do*cou,string_take,exec_string_iterate,string_split,integer_pop,boolean_n,string_re,boolean_p,boolean_r,exec_pop,string_sw,boolean_x,boolean_emp,string_la,char_emp,boolean_stackdep,string_parse_to_cha,print_char,integer_dup,boolean_invert_second_then_and,integer_sub,string_setch,exec_no,boolean_yank,char_islett,string_ya,string_flu,integer_stackdepth,integer_emp,integer_dec,print_boole,integer_gt,exec,string_indexofchar,in1,char_dup,char_flush,char_pop,integer_lte,string_conjch,exec_flu,string_containsch,boolean_eq,string_flush,print_boolean,integer_d,string_rever,char_,exec_empty,string_last,integer_l,exec_when,integer_i,string_substri,string_nth,string_occurrencesofchar,integer_r,integer_s,integer_p,exec_while,integer_fromboolean,integer_empty,string_fromboole
0.0,0.0066599556003,0.0007399950667,0.000146665688895,0.00597329351138,0.00575329497803,0.000406663955574,0.00581329457804,0.00175998826674,0.0,0.00664662235585,0.00503996640022,0.00101332657782,6.66662222252e-06,1.99998666676e-05,1.3333244445e-05,6.66662222252e-06,6.66662222252e-06,0.000259998266678,6.66662222252e-06,0.00224665168899,0.00371997520017,1.99998666676e-05,0.00175998826674,1.3333244445e-05,0.00251331657789,0.00229331804455,0.00463996906687,0.000113332577783,0.00666662222252,0.0,6.66662222252e-06,0.00391997386684,6.66662222252e-06,6.66662222252e-06,0.00660662262252,0.00561996253358,5.33329777801e-05,1.99998666676e-05,1.99998666676e-05,7.99994666702e-05,3.99997333351e-05,1.99998666676e-05,0.00426663822241,0.00206665288898,0.00429997133352,0.00621995853361,0.000186665422231,0.00607329284471,6.66662222252e-06,0.000933327111153,0.00601329324471,0.00347331017793,0.0,0.000773328177812,0.0,0.00567329551136,0.00173332177785,0.00498663342244,0.000273331511123,0.000119999200005,6.66662222252e-06,0.00366664222239,0.000113332577783,5.33329777801e-05,0.00145999026673,0.000406663955574,0.00208665275565,6.66662222252e-06,3.33331111126e-05,0.000179998800008,0.000239998400011,0.0,6.66662222252e-06,0.000366664222239,0.000139999066673,0.00211331924454,0.00135332431117,0.00183998773342,0.000539996400024,0.0,0.0,0.000813327911147,0.00103332644449,0.0,0.0,0.00642662382251,0.00169998866674,0.00378664142239,0.00136665755562,0.000259998266678,0.00013333244445,0.00445997026686,0.000333331111126,0.00530663128912,0.0,4.66663555576e-05,0.00635995760028,3.33331111126e-05,0.000699995333364,2.66664888901e-05,6.66662222252e-06,0.00590662728915,0.0,2.66664888901e-05,0.0023399844001,0.00167332217785,0.00489330071133,0.00539329737802,0.00135332431117,0.00461330257798,4.66663555576e-05,0.000879994133372,6.66662222252e-06,1.99998666676e-05,0.000339997733348,1.99998666676e-05,3.99997333351e-05,3.33331111126e-05,0.00167332217785,7.33328444477e-05,5.33329777801e-05,0.0,5.33329777801e-05,0.0,6.66662222252e-06,0.00267998213345,0.00327997813348,3.99997333351e-05,0.00665328897807,3.99997333351e-05,0.0,0.0,6.66662222252e-06,0.00167332217785,0.00303331311125,0.00532663115579,0.000646662355584,0.00363330911127,0.0,0.00148665675562,0.00271998186679,1.99998666676e-05,0.00341331057793,0.0,0.000326664488903,0.00422663848908,5.99996000027e-05,5.99996000027e-05,0.00217998546676,1.3333244445e-05,0.00299331337791,0.0027533149779,0.00612662582249,0.000733328444477,0.00434663768908,0.00489330071133,0.00505996626689,0.000379997466684,0.0,0.00261998253345,0.0,2.66664888901e-05,0.00548663008913,0.000366664222239,3.33331111126e-05,1.3333244445e-05,0.0,0.000619995866694,0.000959993600043,1.3333244445e-05,0.00619995866694,0.00453330311131,0.0,5.99996000027e-05,0.00570662862248,0.000186665422231,0.00656662288918,0.00466663555576,0.00161332257785,0.00379997466684,9.33327111153e-05,2.66664888901e-05,0.00363330911127,3.33331111126e-05,0.00140665728895,0.000319997866681,0.000866660888927,0.00146665688895,1.3333244445e-05,4.66663555576e-05,6.66662222252e-06,0.0,0.000559996266692,3.33331111126e-05,6.66662222252e-06,7.99994666702e-05,0.0,5.99996000027e-05,0.000179998800008,3.33331111126e-05,0.00500663328911,0.00218665208899,0.00573996173359,0.00664662235585,8.66660888927e-05,1.3333244445e-05,0.00163332244452,4.66663555576e-05,6.66662222252e-06,6.66662222252e-06,0.00580662795581,1.3333244445e-05,0.0020133199112,0.0,0.00629329137806,1.3333244445e-05,0.00315997893347,0.00666662222252,0.000966660222265,0.000919993866708,0.00371997520017,0.00217998546676,1.99998666676e-05,4.66663555576e-05,0.0,0.00365330897794,0.00203331977787,0.000126665822228,0.000239998400011,0.000166665555563,0.0,0.00639995733362,0.000286664755568,1.99998666676e-05,0.000213331911121,2.66664888901e-05,0.0,0.0047666348891,0.00563996240025,6.66662222252e-06,0.000273331511123,6.66662222252e-06,0.00574662835581,0.000639995733362,0.00310664595569,0.000473330177799
Gen 150
string_,string_rot,integer_swap,exec_sho,integer_gte,boolean_shove,boolean_and,string_pop,exec_eq,string_yankd,string_parse_to_chars,integer_lt,string_stackdepth,exec_do*whi,char_r,char_p,boolean_sw,integer_sho,boolean_invert_second_then_a,print_integ,char_iswhitespace,string_removechar,exec_emp,string_first,string_conc,string_yank,string_concat,string_setchar,exec_yankd,string_length,string_replacefirstch,char_d,integer_eq,exec_do*tim,string_emptystri,string_reverse,exec_yankdup,string_repla,exec_,char_ya,integer_mu,string_replacech,boolean_yankd,char_isletter,integer_add,string_empty,char_isdigit,print_integer,exec_shove,integer_fromstri,string_conjchar,boolean_or,boolean_empty,exec_wh,string_fromchar,integer_yankd,exec_do*while,integer_rot,string_rest,boolean_flu,integer_stackdep,char_iswhitespa,char_allfromstring,boolean_,char_allfromstri,exec_stackdepth,exec_do*range,char_shove,char_stackdep,string_removech,exec_stackdep,boolean_sho,string_indexofch,string_stackdep,string_leng,print_ch,integer_mult,boolean_xor,boolean_yankdup,integer_min,string_emp,integer_fromch,exec_yank,char_stackdepth,char_sw,integer_fromboole,string_replace,integer_div,string_replacefirst,boolean_frominteger,string_butla,char_isdig,integer_flush,integer_,string_yankdup,char_flu,print_exec,integer_yank,boolean_frominteg,string_emptystring,char_yankd,boolean_ya,string_swap,print_ex,exec_d,integer_max,char_swap,string_contains,char_empty,exec_dup,exec_k,string_frominteg,exec_noop,exec_p,exec_r,exec_s,string_sho,integer_flu,exec_y,boolean_rot,boolean_a,integer_ya,exec_ya,boolean_invert_first_then_a,string_spl,string_occurrencesofch,integer_yankdup,string_replacechar,char_sho,string_fromboolean,print_stri,exec_string_itera,print_newli,string_ta,string_replacefirstchar,string_substring,boolean_stackdepth,string_shove,string_containschar,exec_do*ran,char_yankdup,char_yank,integer_sw,exec_do*times,string_fromch,integer_shove,exec_if,exec_whi,integer_g,char_frominteger,char_frominteg,boolean_dup,string_eq,boolean_not,char_eq,boolean_flush,boolean_pop,string_butlast,exec_swap,string_replacefir,boolean_swap,exec_sw,string_n,print_string,exec_flush,print_newline,integer_a,string_d,string_dup,string_frominteger,string_contai,integer_mod,exec_do*count,string_fir,string_r,integer_fromchar,string_p,integer_inc,boolean_invert_first_then_and,integer_fromstring,exec_rot,integer_m,boolean_d,char_rot,exec_do*cou,string_take,exec_string_iterate,string_split,integer_pop,boolean_n,string_re,boolean_p,boolean_r,exec_pop,string_sw,boolean_x,boolean_emp,string_la,char_emp,boolean_stackdep,string_parse_to_cha,print_char,integer_dup,boolean_invert_second_then_and,integer_sub,string_setch,exec_no,boolean_yank,char_islett,string_ya,string_flu,integer_stackdepth,integer_emp,integer_dec,print_boole,integer_gt,exec,string_indexofchar,in1,char_dup,char_flush,char_pop,integer_lte,string_conjch,exec_flu,string_containsch,boolean_eq,string_flush,print_boolean,integer_d,string_rever,char_,exec_empty,string_last,integer_l,exec_when,integer_i,string_substri,string_nth,string_occurrencesofchar,integer_r,integer_s,integer_p,exec_while,integer_fromboolean,integer_empty,string_fromboole
6.62247269886e-06,0.00661585022616,0.000781451778465,0.00017218429017,0.00588737822928,0.00562910179403,0.000377480943835,0.00588075575658,0.00190727213727,0.0,0.00661585022616,0.00500658936034,0.000774829305766,0.0,0.0,1.98674180966e-05,0.0,6.62247269886e-06,0.000278143853352,0.0,0.00221852835412,0.00388739147423,6.62247269886e-06,0.00188740471917,2.64898907954e-05,0.00254965198906,0.00250991715287,0.00437745445394,0.000132449453977,0.00662247269886,0.0,0.0,0.00396023867392,0.0,3.31123634943e-05,0.00654300302647,0.00572181641181,1.98674180966e-05,0.0,1.32449453977e-05,7.28471996874e-05,6.62247269886e-05,6.62247269886e-06,0.00445030165363,0.00191389460997,0.00439732187204,0.00622512433692,0.000211919126363,0.00599996026516,6.62247269886e-06,0.000834431560056,0.00601982768326,0.00358275773008,0.0,0.000708604578778,1.32449453977e-05,0.00570857146641,0.00202647664585,0.0051986410686,0.000198674180966,9.2714617784e-05,1.32449453977e-05,0.00371520718406,0.000125826981278,6.62247269886e-05,0.00127813723088,0.000364235998437,0.00216554857253,6.62247269886e-06,1.98674180966e-05,0.000251653962557,0.000192051708267,1.98674180966e-05,6.62247269886e-06,0.000337746107642,7.28471996874e-05,0.00216554857253,0.00142383163025,0.00196687439156,0.000602645015596,0.0,0.0,0.000999993377527,0.00105959563182,0.0,1.32449453977e-05,0.006377441209,0.00176820021059,0.00389401394693,0.00127813723088,0.000284766326051,9.2714617784e-05,0.0046423533619,0.000264898907954,0.00535095794068,0.0,5.96022542897e-05,0.00629797153661,1.98674180966e-05,0.000615889960994,1.32449453977e-05,0.0,0.00586088833849,0.0,1.98674180966e-05,0.00242382500778,0.00165561817471,0.00473506797968,0.00529135568639,0.00129800464898,0.00451652638062,4.6357308892e-05,0.000735094469573,6.62247269886e-06,2.64898907954e-05,0.000198674180966,0.0,3.97348361931e-05,5.96022542897e-05,0.0017615777379,0.000152316872074,6.62247269886e-05,0.0,7.28471996874e-05,0.0,0.0,0.00266223402494,0.00341719591261,1.98674180966e-05,0.00662247269886,5.96022542897e-05,0.0,0.0,0.0,0.00178144515599,0.0029138879875,0.00560261190323,0.000615889960994,0.00381454427454,0.0,0.00136422937596,0.00272183627923,1.98674180966e-05,0.00334434871292,0.0,0.000377480943835,0.00421189263647,6.62247269886e-05,3.97348361931e-05,0.00206621148204,0.0,0.00296686776909,0.00274170369733,0.00627810411852,0.000801319196562,0.00445692412633,0.00498009946954,0.00497347699684,0.000258276435255,0.0,0.00239071264429,0.0,3.97348361931e-05,0.00560923437593,0.000377480943835,8.60921450851e-05,6.62247269886e-06,0.0,0.000569532652102,0.00107946304991,6.62247269886e-06,0.00609267488295,0.00454301627142,6.62247269886e-06,2.64898907954e-05,0.00573506135721,0.000178806762869,0.00657611538996,0.00458937358031,0.001715220429,0.00383441169264,3.97348361931e-05,6.62247269886e-06,0.00364898245707,3.31123634943e-05,0.00150992377534,0.000304633744147,0.000748339414971,0.00154303613883,1.32449453977e-05,2.64898907954e-05,0.0,0.0,0.000503307925113,6.62247269886e-05,1.32449453977e-05,0.000105959563182,6.62247269886e-06,4.6357308892e-05,0.000238409017159,5.96022542897e-05,0.00513903881431,0.00215230362713,0.00582777597499,0.00658936033536,0.000105959563182,6.62247269886e-06,0.00156290355693,6.62247269886e-05,6.62247269886e-06,1.32449453977e-05,0.00570194899372,1.32449453977e-05,0.00218541599062,0.0,0.00621187939153,1.32449453977e-05,0.00319203184085,0.00662247269886,0.000894033814346,0.00102648326832,0.00377480943835,0.00215892609983,0.0,7.94696723863e-05,0.0,0.00365560492977,0.00206621148204,0.000139071926676,0.000238409017159,0.000238409017159,0.0,0.006377441209,0.000311256216846,3.97348361931e-05,0.00023178654446,5.96022542897e-05,0.0,0.00470195561619,0.00553638717624,0.0,0.00017218429017,1.98674180966e-05,0.00563572426673,0.000562910179403,0.00323176667704,0.000456950616221
Gen 151
string_,string_rot,integer_swap,exec_sho,integer_gte,boolean_shove,boolean_and,string_pop,exec_eq,string_yankd,string_parse_to_chars,integer_lt,string_stackdepth,exec_do*whi,char_r,char_p,boolean_sw,integer_sho,boolean_invert_second_then_a,print_integ,char_iswhitespace,string_removechar,exec_emp,string_first,string_conc,string_yank,string_concat,string_setchar,exec_yankd,string_length,string_replacefirstch,char_d,integer_eq,exec_do*tim,string_emptystri,string_reverse,exec_yankdup,string_repla,exec_,char_ya,integer_mu,string_replacech,boolean_yankd,char_isletter,integer_add,string_empty,char_isdigit,print_integer,exec_shove,integer_fromstri,string_conjchar,boolean_or,boolean_empty,exec_wh,string_fromchar,integer_yankd,exec_do*while,integer_rot,string_rest,boolean_flu,integer_stackdep,char_iswhitespa,char_allfromstring,boolean_,char_allfromstri,exec_stackdepth,exec_do*range,char_shove,char_stackdep,string_removech,exec_stackdep,boolean_sho,string_indexofch,string_stackdep,string_leng,print_ch,integer_mult,boolean_xor,boolean_yankdup,integer_min,string_emp,integer_fromch,exec_yank,char_stackdepth,char_sw,integer_fromboole,string_replace,integer_div,string_replacefirst,boolean_frominteger,string_butla,char_isdig,integer_flush,integer_,string_yankdup,char_flu,print_exec,integer_yank,boolean_frominteg,string_emptystring,char_yankd,boolean_ya,string_swap,print_ex,exec_d,integer_max,char_swap,string_contains,char_empty,exec_dup,exec_k,string_frominteg,exec_noop,exec_p,exec_r,exec_s,string_sho,integer_flu,exec_y,boolean_rot,boolean_a,integer_ya,exec_ya,boolean_invert_first_then_a,string_spl,string_occurrencesofch,integer_yankdup,string_replacechar,char_sho,string_fromboolean,print_stri,exec_string_itera,print_newli,string_ta,string_replacefirstchar,string_substring,boolean_stackdepth,string_shove,string_containschar,exec_do*ran,char_yankdup,char_yank,integer_sw,exec_do*times,string_fromch,integer_shove,exec_if,exec_whi,integer_g,char_frominteger,char_frominteg,boolean_dup,string_eq,boolean_not,char_eq,boolean_flush,boolean_pop,string_butlast,exec_swap,string_replacefir,boolean_swap,exec_sw,string_n,print_string,exec_flush,print_newline,integer_a,string_d,string_dup,string_frominteger,string_contai,integer_mod,exec_do*count,string_fir,string_r,integer_fromchar,string_p,integer_inc,boolean_invert_first_then_and,integer_fromstring,exec_rot,integer_m,boolean_d,char_rot,exec_do*cou,string_take,exec_string_iterate,string_split,integer_pop,boolean_n,string_re,boolean_p,boolean_r,exec_pop,string_sw,boolean_x,boolean_emp,string_la,char_emp,boolean_stackdep,string_parse_to_cha,print_char,integer_dup,boolean_invert_second_then_and,integer_sub,string_setch,exec_no,boolean_yank,char_islett,string_ya,string_flu,integer_stackdepth,integer_emp,integer_dec,print_boole,integer_gt,exec,string_indexofchar,in1,char_dup,char_flush,char_pop,integer_lte,string_conjch,exec_flu,string_containsch,boolean_eq,string_flush,print_boolean,integer_d,string_rever,char_,exec_empty,string_last,integer_l,exec_when,integer_i,string_substri,string_nth,string_occurrencesofchar,integer_r,integer_s,integer_p,exec_while,integer_fromboolean,integer_empty,string_fromboole
0.0,0.00657232518207,0.000815784106684,0.000138156985809,0.0057039098427,0.00553943724054,0.0004276287656,0.00578943559582,0.00184867204821,1.31578081723e-05,0.00654600956573,0.00476970546246,0.000901309859804,6.57890408616e-06,6.57890408616e-06,1.97367122585e-05,1.97367122585e-05,1.31578081723e-05,0.000210524930757,6.57890408616e-06,0.00172367287057,0.00363155505556,1.31578081723e-05,0.00167104163788,1.97367122585e-05,0.00258550930586,0.00259866711403,0.00430260327235,9.21046572062e-05,0.00657232518207,0.0,0.0,0.00367760738416,6.57890408616e-06,6.57890408616e-06,0.00640127367583,0.00549996381603,5.92101367754e-05,3.94734245169e-05,1.97367122585e-05,3.28945204308e-05,2.63156163446e-05,2.63156163446e-05,0.00459207505214,0.00182235643187,0.00450654929902,0.00605259175926,0.00017105150624,0.00580917230808,0.0,0.000914467667976,0.00582890902034,0.00347366135749,0.0,0.000881573147545,1.31578081723e-05,0.00557233176098,0.00216445944435,0.0048486523115,0.000157893698068,0.000105262465379,0.0,0.00339471450846,0.000184209314412,9.21046572062e-05,0.00128946520089,0.000322366300222,0.00221709067704,6.57890408616e-06,3.94734245169e-05,0.00025657725936,0.00025657725936,6.57890408616e-06,0.0,0.0004276287656,7.23679449477e-05,0.00222366958112,0.00165130492563,0.00188814547273,0.000499996710548,0.0,1.97367122585e-05,0.000980256708837,0.0010920980783,1.31578081723e-05,0.0,0.00623022216959,0.0017105150624,0.00373681752094,0.00169735725423,0.000276313971619,0.000124999177637,0.00439470792955,0.000315787396136,0.00506575614634,6.57890408616e-06,5.26312326893e-05,0.00618416984099,1.97367122585e-05,0.000835520818942,6.57890408616e-06,0.0,0.00595390819797,0.0,2.63156163446e-05,0.00246051012822,0.00182893533595,0.00460523286031,0.00511180847494,0.00134867533766,0.00419076190288,4.60523286031e-05,0.000697363833133,6.57890408616e-06,1.31578081723e-05,0.000263156163446,0.0,2.63156163446e-05,3.94734245169e-05,0.00203288136262,1.97367122585e-05,5.92101367754e-05,0.0,7.23679449477e-05,0.0,1.97367122585e-05,0.00242103670371,0.00312497944092,4.60523286031e-05,0.00656574627799,7.89468490339e-05,0.0,0.0,0.0,0.00195393451359,0.00278287642844,0.00540128025474,0.00059868027184,0.00355918711061,0.0,0.0013289386254,0.00276971862027,1.31578081723e-05,0.00340787231663,6.57890408616e-06,0.000388155341083,0.00382234327406,3.28945204308e-05,1.97367122585e-05,0.00221051177295,1.97367122585e-05,0.00309208492049,0.00282234985296,0.00619074874507,0.000789468490339,0.00426312984783,0.00481575779107,0.00474338984612,0.00017105150624,0.0,0.00248682574457,6.57890408616e-06,2.63156163446e-05,0.00538154354248,0.000368418628825,4.60523286031e-05,1.31578081723e-05,0.0,0.000697363833133,0.000973677804751,0.0,0.00603285504701,0.00455918053171,1.31578081723e-05,2.63156163446e-05,0.00560522628141,0.000177630410326,0.00645390490852,0.00453944381945,0.00159867369294,0.00374997532911,9.86835612924e-05,1.97367122585e-05,0.00344734574115,2.63156163446e-05,0.00146051670713,0.000144735889895,0.000796047394425,0.00149999013164,2.63156163446e-05,3.94734245169e-05,6.57890408616e-06,0.0,0.000473681094203,6.57890408616e-05,6.57890408616e-06,6.57890408616e-05,6.57890408616e-06,7.89468490339e-05,0.000144735889895,1.97367122585e-05,0.00490128354419,0.00210524930757,0.00568417313044,0.00655258846981,7.89468490339e-05,1.31578081723e-05,0.00163814711745,4.60523286031e-05,0.0,0.0,0.00542101696699,6.57890408616e-06,0.00209867040348,0.0,0.00601311833475,2.63156163446e-05,0.00297366464694,0.00657890408616,0.000842099723028,0.00100657232518,0.00396050025987,0.00195393451359,0.0,7.89468490339e-05,0.0,0.00336839889211,0.00217103834843,9.21046572062e-05,0.000164472602154,0.000223682738929,0.0,0.00632890573088,0.000414470957428,6.57890408616e-06,0.000124999177637,3.94734245169e-05,0.0,0.00463154847665,0.00531575450162,6.57890408616e-06,0.000203946026671,6.57890408616e-06,0.00547364819968,0.000624995888185,0.00344734574115,0.000493417806462
Gen 152
string_,string_rot,integer_swap,exec_sho,integer_gte,boolean_shove,boolean_and,string_pop,exec_eq,string_yankd,string_parse_to_chars,integer_lt,string_stackdepth,exec_do*whi,char_r,char_p,boolean_sw,integer_sho,boolean_invert_second_then_a,print_integ,char_iswhitespace,string_removechar,exec_emp,string_first,string_conc,string_yank,string_concat,string_setchar,exec_yankd,string_length,string_replacefirstch,char_d,integer_eq,exec_do*tim,string_emptystri,string_reverse,exec_yankdup,string_repla,exec_,char_ya,integer_mu,string_replacech,boolean_yankd,char_isletter,integer_add,string_empty,char_isdigit,print_integer,exec_shove,integer_fromstri,string_conjchar,boolean_or,boolean_empty,exec_wh,string_fromchar,integer_yankd,exec_do*while,integer_rot,string_rest,boolean_flu,integer_stackdep,char_iswhitespa,char_allfromstring,boolean_,char_allfromstri,exec_stackdepth,exec_do*range,char_shove,char_stackdep,string_removech,exec_stackdep,boolean_sho,string_indexofch,string_stackdep,string_leng,print_ch,integer_mult,boolean_xor,boolean_yankdup,integer_min,string_emp,integer_fromch,exec_yank,char_stackdepth,char_sw,integer_fromboole,string_replace,integer_div,string_replacefirst,boolean_frominteger,string_butla,char_isdig,integer_flush,integer_,string_yankdup,char_flu,print_exec,integer_yank,boolean_frominteg,string_emptystring,char_yankd,boolean_ya,string_swap,print_ex,exec_d,integer_max,char_swap,string_contains,char_empty,exec_dup,exec_k,string_frominteg,exec_noop,exec_p,exec_r,exec_s,string_sho,integer_flu,exec_y,boolean_rot,boolean_a,integer_ya,exec_ya,boolean_invert_first_then_a,string_spl,string_occurrencesofch,integer_yankdup,string_replacechar,char_sho,string_fromboolean,print_stri,exec_string_itera,print_newli,string_ta,string_replacefirstchar,string_substring,boolean_stackdepth,string_shove,string_containschar,exec_do*ran,char_yankdup,char_yank,integer_sw,exec_do*times,string_fromch,integer_shove,exec_if,exec_whi,integer_g,char_frominteger,char_frominteg,boolean_dup,string_eq,boolean_not,char_eq,boolean_flush,boolean_pop,string_butlast,exec_swap,string_replacefir,boolean_swap,exec_sw,string_n,print_string,exec_flush,print_newline,integer_a,string_d,string_dup,string_frominteger,string_contai,integer_mod,exec_do*count,string_fir,string_r,integer_fromchar,string_p,integer_inc,boolean_invert_first_then_and,integer_fromstring,exec_rot,integer_m,boolean_d,char_rot,exec_do*cou,string_take,exec_string_iterate,string_split,integer_pop,boolean_n,string_re,boolean_p,boolean_r,exec_pop,string_sw,boolean_x,boolean_emp,string_la,char_emp,boolean_stackdep,string_parse_to_cha,print_char,integer_dup,boolean_invert_second_then_and,integer_sub,string_setch,exec_no,boolean_yank,char_islett,string_ya,string_flu,integer_stackdepth,integer_emp,integer_dec,print_boole,integer_gt,exec,string_indexofchar,in1,char_dup,char_flush,char_pop,integer_lte,string_conjch,exec_flu,string_containsch,boolean_eq,string_flush,print_boolean,integer_d,string_rever,char_,exec_empty,string_last,integer_l,exec_when,integer_i,string_substri,string_nth,string_occurrencesofchar,integer_r,integer_s,integer_p,exec_while,integer_fromboolean,integer_empty,string_fromboole
0.0,0.0065162972791,0.000758164979314,0.000124182194888,0.00582349134973,0.00556205514997,0.000503264684545,0.00580388363475,0.00224835131797,1.30718099882e-05,0.0065228331841,0.00478428245567,0.000980385749113,6.53590499409e-06,6.53590499409e-06,3.26795249704e-05,3.26795249704e-05,1.30718099882e-05,0.000281043914746,0.0,0.00192809197326,0.00373853765662,2.61436199763e-05,0.00192155606826,1.30718099882e-05,0.00239867713283,0.00257514656767,0.00449670263593,0.000104574479905,0.00652936908909,0.0,6.53590499409e-06,0.00392807890145,6.53590499409e-06,1.96077149823e-05,0.00636597146424,0.00545748067006,1.30718099882e-05,6.53590499409e-05,2.61436199763e-05,1.96077149823e-05,5.22872399527e-05,0.0,0.00462088483082,0.0016601198685,0.00483003379063,0.00600649668956,0.000183005339834,0.00590192220966,6.53590499409e-06,0.00102613708407,0.00562741419991,0.00355553231678,0.0,0.000810452219267,1.30718099882e-05,0.00532022666519,0.00222220769799,0.0049738237005,0.000156861719858,0.00017646943484,6.53590499409e-06,0.00359474774675,0.000163397624852,9.15026699172e-05,0.00120260651891,0.000300651629728,0.00260129018765,1.30718099882e-05,1.96077149823e-05,0.000372546584663,0.000202613054817,6.53590499409e-06,6.53590499409e-06,0.000366010679669,0.000104574479905,0.00233985398788,0.00134639642878,0.00175162253841,0.000366010679669,0.0,6.53590499409e-06,0.00102613708407,0.001104567944,0.0,6.53590499409e-06,0.00621564564937,0.00183005339834,0.00380389670656,0.00166665577349,0.000326795249704,0.000104574479905,0.00454245397089,0.000444441539598,0.00494114417553,0.0,2.61436199763e-05,0.0061895020294,1.30718099882e-05,0.00129410918883,0.0,0.0,0.00599342487958,0.0,2.61436199763e-05,0.0021045614081,0.00158822491356,0.00475813883569,0.00520911628029,0.00127450147385,0.00427448186613,1.96077149823e-05,0.000803916314272,6.53590499409e-06,1.30718099882e-05,0.000189541244828,0.0,2.61436199763e-05,6.53590499409e-05,0.00191502016327,6.53590499409e-06,9.80385749113e-05,0.0,7.18949549349e-05,1.30718099882e-05,6.53590499409e-06,0.00239214122784,0.00310455487219,6.53590499409e-06,0.00650322546911,1.96077149823e-05,0.0,0.0,1.96077149823e-05,0.00203266645316,0.00302612401226,0.00547055248005,0.000535944209515,0.00365357089169,0.0,0.00164704805851,0.00227449493794,3.92154299645e-05,0.00323527297207,6.53590499409e-06,0.000542480114509,0.00407186881131,1.30718099882e-05,1.30718099882e-05,0.00228756674793,6.53590499409e-06,0.00296076496232,0.00274508009752,0.00603917621453,0.000771236789302,0.00432023320109,0.00467970797576,0.00493460827053,8.49667649231e-05,6.53590499409e-06,0.00238560532284,6.53590499409e-06,1.30718099882e-05,0.00538558571513,0.000398690204639,7.8430859929e-05,0.0,0.0,0.000647054594414,0.000999993464095,3.92154299645e-05,0.00601956849955,0.00474506702571,6.53590499409e-06,4.57513349586e-05,0.00565355781988,0.000130718099882,0.00646401003915,0.00471892340573,0.0016535839635,0.00373853765662,9.80385749113e-05,6.53590499409e-06,0.00330716792701,3.26795249704e-05,0.00139868366873,0.000124182194888,0.00092809850916,0.00144443500369,3.26795249704e-05,6.53590499409e-05,2.61436199763e-05,0.0,0.000398690204639,3.92154299645e-05,6.53590499409e-06,5.22872399527e-05,6.53590499409e-06,6.53590499409e-05,0.000163397624852,4.57513349586e-05,0.00492807236554,0.00249017980275,0.00580388363475,0.00647708184914,5.88231449468e-05,3.26795249704e-05,0.0015490094836,2.61436199763e-05,6.53590499409e-06,0.0,0.00558166286495,1.96077149823e-05,0.00225488722296,0.0,0.00611107116947,3.92154299645e-05,0.00321566525709,0.00653590499409,0.000647054594414,0.00089541898419,0.00405226109633,0.00208495369311,0.0,3.92154299645e-05,6.53590499409e-06,0.00355553231678,0.00206534597813,0.000111110384899,0.000104574479905,0.000228756674793,0.0,0.0061895020294,0.000424833824616,1.96077149823e-05,9.80385749113e-05,1.96077149823e-05,1.30718099882e-05,0.00479735426566,0.00532676257018,6.53590499409e-06,0.00028757981974,0.0,0.00550976791001,0.000503264684545,0.00341174240691,0.000405226109633
Gen 153
string_,string_rot,integer_swap,exec_sho,integer_gte,boolean_shove,boolean_and,string_pop,exec_eq,string_yankd,string_parse_to_chars,integer_lt,string_stackdepth,exec_do*whi,char_r,char_p,boolean_sw,integer_sho,boolean_invert_second_then_a,print_integ,char_iswhitespace,string_removechar,exec_emp,string_first,string_conc,string_yank,string_concat,string_setchar,exec_yankd,string_length,string_replacefirstch,char_d,integer_eq,exec_do*tim,string_emptystri,string_reverse,exec_yankdup,string_repla,exec_,char_ya,integer_mu,string_replacech,boolean_yankd,char_isletter,integer_add,string_empty,char_isdigit,print_integer,exec_shove,integer_fromstri,string_conjchar,boolean_or,boolean_empty,exec_wh,string_fromchar,integer_yankd,exec_do*while,integer_rot,string_rest,boolean_flu,integer_stackdep,char_iswhitespa,char_allfromstring,boolean_,char_allfromstri,exec_stackdepth,exec_do*range,char_shove,char_stackdep,string_removech,exec_stackdep,boolean_sho,string_indexofch,string_stackdep,string_leng,print_ch,integer_mult,boolean_xor,boolean_yankdup,integer_min,string_emp,integer_fromch,exec_yank,char_stackdepth,char_sw,integer_fromboole,string_replace,integer_div,string_replacefirst,boolean_frominteger,string_butla,char_isdig,integer_flush,integer_,string_yankdup,char_flu,print_exec,integer_yank,boolean_frominteg,string_emptystring,char_yankd,boolean_ya,string_swap,print_ex,exec_d,integer_max,char_swap,string_contains,char_empty,exec_dup,exec_k,string_frominteg,exec_noop,exec_p,exec_r,exec_s,string_sho,integer_flu,exec_y,boolean_rot,boolean_a,integer_ya,exec_ya,boolean_invert_first_then_a,string_spl,string_occurrencesofch,integer_yankdup,string_replacechar,char_sho,string_fromboolean,print_stri,exec_string_itera,print_newli,string_ta,string_replacefirstchar,string_substring,boolean_stackdepth,string_shove,string_containschar,exec_do*ran,char_yankdup,char_yank,integer_sw,exec_do*times,string_fromch,integer_shove,exec_if,exec_whi,integer_g,char_frominteger,char_frominteg,boolean_dup,string_eq,boolean_not,char_eq,boolean_flush,boolean_pop,string_butlast,exec_swap,string_replacefir,boolean_swap,exec_sw,string_n,print_string,exec_flush,print_newline,integer_a,string_d,string_dup,string_frominteger,string_contai,integer_mod,exec_do*count,string_fir,string_r,integer_fromchar,string_p,integer_inc,boolean_invert_first_then_and,integer_fromstring,exec_rot,integer_m,boolean_d,char_rot,exec_do*cou,string_take,exec_string_iterate,string_split,integer_pop,boolean_n,string_re,boolean_p,boolean_r,exec_pop,string_sw,boolean_x,boolean_emp,string_la,char_emp,boolean_stackdep,string_parse_to_cha,print_char,integer_dup,boolean_invert_second_then_and,integer_sub,string_setch,exec_no,boolean_yank,char_islett,string_ya,string_flu,integer_stackdepth,integer_emp,integer_dec,print_boole,integer_gt,exec,string_indexofchar,in1,char_dup,char_flush,char_pop,integer_lte,string_conjch,exec_flu,string_containsch,boolean_eq,string_flush,print_boolean,integer_d,string_rever,char_,exec_empty,string_last,integer_l,exec_when,integer_i,string_substri,string_nth,string_occurrencesofchar,integer_r,integer_s,integer_p,exec_while,integer_fromboolean,integer_empty,string_fromboole
0.0,0.0064804773995,0.000558437932221,9.74019649223e-05,0.00583762443101,0.00541554924968,0.000435062109986,0.00570126168012,0.00211686937098,0.0,0.00647398393517,0.00470126817358,0.0010844085428,1.29869286563e-05,6.49346432815e-06,4.54542502971e-05,6.49346432815e-06,0.0,0.000253245108798,0.0,0.00190907851248,0.00378568970331,1.94803929845e-05,0.00181167654755,1.29869286563e-05,0.00270128116051,0.0024220621944,0.00429867338524,0.000142856215219,0.00649346432815,0.0,0.0,0.00376620931033,0.0,1.29869286563e-05,0.00633762118428,0.00538308192804,2.59738573126e-05,5.84411789534e-05,1.94803929845e-05,3.24673216408e-05,4.54542502971e-05,1.29869286563e-05,0.00477918974552,0.00181817001188,0.00476620281686,0.00596100025325,0.000181817001188,0.00570126168012,1.29869286563e-05,0.000967526184895,0.00573372900176,0.00340906877228,6.49346432815e-06,0.000629866039831,2.59738573126e-05,0.00529866689177,0.00234414062246,0.00485061785313,0.000116882357907,0.000266232037454,0.0,0.00353893805884,0.000155843143876,8.4415036266e-05,0.00114934318608,0.000396101324017,0.00238959487276,1.29869286563e-05,1.94803929845e-05,0.000324673216408,0.000305192823423,2.59738573126e-05,0.0,0.000415581717002,0.000188310465516,0.00242855565873,0.00146102947383,0.00173375497562,0.000402594788346,0.0,1.94803929845e-05,0.000896098077285,0.00114284972176,0.0,6.49346432815e-06,0.00616229764742,0.00188959811949,0.00390257206122,0.00155843143876,0.000149349679548,4.54542502971e-05,0.00454542502971,0.00024675164447,0.00492204596074,0.0,7.14281076097e-05,0.0060648956825,0.0,0.00102596736385,1.29869286563e-05,0.0,0.00588307868131,0.0,1.29869286563e-05,0.00225323212187,0.00178570269024,0.00462984006597,0.00494801981805,0.0013831079019,0.00406490866942,2.59738573126e-05,0.000909085005942,1.29869286563e-05,3.89607859689e-05,0.000279218966111,6.49346432815e-06,2.59738573126e-05,3.24673216408e-05,0.00223375172888,1.29869286563e-05,6.49346432815e-05,0.0,0.00010389542925,1.29869286563e-05,1.29869286563e-05,0.00238959487276,0.00293504587633,6.49346432815e-06,0.00648697086383,1.29869286563e-05,0.0,0.0,1.29869286563e-05,0.00199349354874,0.00285063084006,0.00538308192804,0.000519477146252,0.0033895883793,6.49346432815e-06,0.00144804254518,0.00252595762365,1.94803929845e-05,0.00318829098512,6.49346432815e-06,0.000714281076097,0.00375322238167,2.59738573126e-05,1.94803929845e-05,0.00228569944351,1.29869286563e-05,0.00287011123304,0.00249349030201,0.00614281725443,0.000779215719378,0.00432464724255,0.00472074856657,0.00494152635372,0.000129869286563,0.0,0.00216232362128,0.0,6.49346432815e-06,0.00537658846371,0.000376620931033,7.14281076097e-05,1.29869286563e-05,0.0,0.000746748397738,0.000909085005942,6.49346432815e-06,0.00596749371757,0.00450646424374,1.29869286563e-05,1.94803929845e-05,0.00565580742982,0.000272725501782,0.00638307543458,0.00464932045896,0.00172726151129,0.00383114395361,0.000116882357907,0.0,0.00307790209154,3.24673216408e-05,0.00125973207966,0.000123375822235,0.000818176505347,0.00139609483055,5.19477146252e-05,5.84411789534e-05,0.0,0.0,0.000474022895955,1.29869286563e-05,1.29869286563e-05,9.09085005942e-05,6.49346432815e-06,7.14281076097e-05,0.000201297394173,4.54542502971e-05,0.00492204596074,0.00227271251485,0.00575320939474,0.00642852968487,5.19477146252e-05,2.59738573126e-05,0.00155193797443,3.89607859689e-05,0.0,0.0,0.00548697735729,1.29869286563e-05,0.00249349030201,0.0,0.00609086953981,2.59738573126e-05,0.00300647398394,0.00649346432815,0.000584411789534,0.000863630755644,0.00403893481211,0.00210388244232,6.49346432815e-06,1.29869286563e-05,0.0,0.00364283348809,0.00233115369381,9.09085005942e-05,0.000123375822235,0.000207790858501,0.0,0.00616229764742,0.000616879111175,6.49346432815e-06,9.74019649223e-05,3.24673216408e-05,1.29869286563e-05,0.00487009824612,0.00522723878416,6.49346432815e-06,0.000220777787157,0.0,0.00533762767774,0.000558437932221,0.00338309491497,0.000435062109986
Gen 154
string_,string_rot,integer_swap,exec_sho,integer_gte,boolean_shove,boolean_and,string_pop,exec_eq,string_yankd,string_parse_to_chars,integer_lt,string_stackdepth,exec_do*whi,char_r,char_p,boolean_sw,integer_sho,boolean_invert_second_then_a,print_integ,char_iswhitespace,string_removechar,exec_emp,string_first,string_conc,string_yank,string_concat,string_setchar,exec_yankd,string_length,string_replacefirstch,char_d,integer_eq,exec_do*tim,string_emptystri,string_reverse,exec_yankdup,string_repla,exec_,char_ya,integer_mu,string_replacech,boolean_yankd,char_isletter,integer_add,string_empty,char_isdigit,print_integer,exec_shove,integer_fromstri,string_conjchar,boolean_or,boolean_empty,exec_wh,string_fromchar,integer_yankd,exec_do*while,integer_rot,string_rest,boolean_flu,integer_stackdep,char_iswhitespa,char_allfromstring,boolean_,char_allfromstri,exec_stackdepth,exec_do*range,char_shove,char_stackdep,string_removech,exec_stackdep,boolean_sho,string_indexofch,string_stackdep,string_leng,print_ch,integer_mult,boolean_xor,boolean_yankdup,integer_min,string_emp,integer_fromch,exec_yank,char_stackdepth,char_sw,integer_fromboole,string_replace,integer_div,string_replacefirst,boolean_frominteger,string_butla,char_isdig,integer_flush,integer_,string_yankdup,char_flu,print_exec,integer_yank,boolean_frominteg,string_emptystring,char_yankd,boolean_ya,string_swap,print_ex,exec_d,integer_max,char_swap,string_contains,char_empty,exec_dup,exec_k,string_frominteg,exec_noop,exec_p,exec_r,exec_s,string_sho,integer_flu,exec_y,boolean_rot,boolean_a,integer_ya,exec_ya,boolean_invert_first_then_a,string_spl,string_occurrencesofch,integer_yankdup,string_replacechar,char_sho,string_fromboolean,print_stri,exec_string_itera,print_newli,string_ta,string_replacefirstchar,string_substring,boolean_stackdepth,string_shove,string_containschar,exec_do*ran,char_yankdup,char_yank,integer_sw,exec_do*times,string_fromch,integer_shove,exec_if,exec_whi,integer_g,char_frominteger,char_frominteg,boolean_dup,string_eq,boolean_not,char_eq,boolean_flush,boolean_pop,string_butlast,exec_swap,string_replacefir,boolean_swap,exec_sw,string_n,print_string,exec_flush,print_newline,integer_a,string_d,string_dup,string_frominteger,string_contai,integer_mod,exec_do*count,string_fir,string_r,integer_fromchar,string_p,integer_inc,boolean_invert_first_then_and,integer_fromstring,exec_rot,integer_m,boolean_d,char_rot,exec_do*cou,string_take,exec_string_iterate,string_split,integer_pop,boolean_n,string_re,boolean_p,boolean_r,exec_pop,string_sw,boolean_x,boolean_emp,string_la,char_emp,boolean_stackdep,string_parse_to_cha,print_char,integer_dup,boolean_invert_second_then_and,integer_sub,string_setch,exec_no,boolean_yank,char_islett,string_ya,string_flu,integer_stackdepth,integer_emp,integer_dec,print_boole,integer_gt,exec,string_indexofchar,in1,char_dup,char_flush,char_pop,integer_lte,string_conjch,exec_flu,string_containsch,boolean_eq,string_flush,print_boolean,integer_d,string_rever,char_,exec_empty,string_last,integer_l,exec_when,integer_i,string_substri,string_nth,string_occurrencesofchar,integer_r,integer_s,integer_p,exec_while,integer_fromboolean,integer_empty,string_fromboole
0.0,0.00643866813762,0.000812897981303,0.000154837710724,0.00567093115528,0.00536125573383,0.000503222559854,0.0055999638712,0.00239998451623,1.29031425604e-05,0.00643866813762,0.00444513261205,0.00140644253908,0.0,6.45157128019e-06,3.87094276811e-05,6.45157128019e-06,1.93547138406e-05,0.000212901852246,0.0,0.00204514809582,0.00363223463074,2.58062851207e-05,0.00159353810621,6.45157128019e-06,0.00241933923007,0.00278062722176,0.00442577789821,7.74188553622e-05,0.00645157128019,0.0,6.45157128019e-06,0.00369675034355,0.0,3.87094276811e-05,0.00638705556738,0.00535480416255,4.51609989613e-05,3.87094276811e-05,3.87094276811e-05,0.0,1.29031425604e-05,3.87094276811e-05,0.00480642060374,0.00167095696157,0.00456126089509,0.00590318772137,0.000225804994806,0.0055999638712,3.22578564009e-05,0.00109031554635,0.0055354481584,0.00316126992729,0.0,0.000729027554661,1.93547138406e-05,0.00539351359023,0.00255482222695,0.00472900174838,1.93547138406e-05,0.000322578564009,0.0,0.00336126863698,0.000167740853285,5.16125702415e-05,0.001335475255,0.000387094276811,0.00278062722176,3.22578564009e-05,2.58062851207e-05,0.000245159708647,0.000309675421449,2.58062851207e-05,1.29031425604e-05,0.000270965993768,0.000116128283043,0.00227740466191,0.00141289411036,0.00160644124877,0.000367739562971,0.0,1.29031425604e-05,0.000935477835627,0.00131612054116,0.0,0.0,0.00609028328849,0.00172902110309,0.00379352391275,0.00164515067645,0.000141934568164,5.80641415217e-05,0.00452255146741,0.000290320707608,0.00498706459958,0.0,5.16125702415e-05,0.00591609086393,6.45157128019e-06,0.000974187263308,1.29031425604e-05,0.0,0.00590318772137,0.0,1.29031425604e-05,0.00219353423526,0.00176773053077,0.00455480932381,0.00484513003142,0.00163224753389,0.00398061947987,3.22578564009e-05,0.000974187263308,6.45157128019e-06,4.51609989613e-05,0.000270965993768,1.29031425604e-05,2.58062851207e-05,2.58062851207e-05,0.00250966122799,0.0,9.67735692028e-05,0.0,0.000212901852246,6.45157128019e-06,1.93547138406e-05,0.00219998580654,0.00285159450584,0.0,0.00641931342378,1.93547138406e-05,0.0,0.0,1.29031425604e-05,0.00204514809582,0.00298062593145,0.00529028844975,0.000496770988574,0.00347094534874,6.45157128019e-06,0.0013032173986,0.00238062980239,5.80641415217e-05,0.00330965606674,0.0,0.000729027554661,0.00374836291379,6.45157128019e-06,0.0,0.00240643608751,0.0,0.00278707879304,0.00232256566087,0.00595480029161,0.000735479125941,0.00415481190444,0.00438061689925,0.0049483551719,0.000109676711763,6.45157128019e-06,0.00202579338198,0.0,1.29031425604e-05,0.00537415887639,0.000374191134251,8.38704266424e-05,1.93547138406e-05,6.45157128019e-06,0.000651608699299,0.000896768407946,1.29031425604e-05,0.00578705943833,0.00446448732589,1.93547138406e-05,2.58062851207e-05,0.00538706201895,0.000238708137367,0.0063806039961,0.00478061431862,0.00180643995845,0.00372255662867,0.000103225140483,0.0,0.00288385236224,3.22578564009e-05,0.0013677331114,9.67735692028e-05,0.000845155837704,0.00129676582732,3.22578564009e-05,7.0967284082e-05,6.45157128019e-06,0.0,0.000509674131135,6.45157128019e-06,6.45157128019e-06,4.51609989613e-05,0.0,5.16125702415e-05,0.000245159708647,2.58062851207e-05,0.00495480674318,0.00229030780447,0.00563867329888,0.00639995870994,0.000103225140483,1.93547138406e-05,0.00150321610828,1.29031425604e-05,0.0,0.0,0.00530319159231,1.93547138406e-05,0.00266449893872,1.29031425604e-05,0.00590963929265,2.58062851207e-05,0.00290965864736,0.00645157128019,0.00070967284082,0.000896768407946,0.00429029490132,0.0022128889491,0.0,6.45157128019e-06,6.45157128019e-06,0.00363223463074,0.00230966251831,6.45157128019e-05,0.000135482996884,0.000225804994806,6.45157128019e-06,0.00610318643106,0.000496770988574,6.45157128019e-06,0.000135482996884,1.93547138406e-05,6.45157128019e-06,0.00476771117606,0.00513545073903,6.45157128019e-06,0.000225804994806,6.45157128019e-06,0.00510319288263,0.000516125702415,0.00363868620202,0.000516125702415
Gen 155
string_,string_rot,integer_swap,exec_sho,integer_gte,boolean_shove,boolean_and,string_pop,exec_eq,string_yankd,string_parse_to_chars,integer_lt,string_stackdepth,exec_do*whi,char_r,char_p,boolean_sw,integer_sho,boolean_invert_second_then_a,print_integ,char_iswhitespace,string_removechar,exec_emp,string_first,string_conc,string_yank,string_concat,string_setchar,exec_yankd,string_length,string_replacefirstch,char_d,integer_eq,exec_do*tim,string_emptystri,string_reverse,exec_yankdup,string_repla,exec_,char_ya,integer_mu,string_replacech,boolean_yankd,char_isletter,integer_add,string_empty,char_isdigit,print_integer,exec_shove,integer_fromstri,string_conjchar,boolean_or,boolean_empty,exec_wh,string_fromchar,integer_yankd,exec_do*while,integer_rot,string_rest,boolean_flu,integer_stackdep,char_iswhitespa,char_allfromstring,boolean_,char_allfromstri,exec_stackdepth,exec_do*range,char_shove,char_stackdep,string_removech,exec_stackdep,boolean_sho,string_indexofch,string_stackdep,string_leng,print_ch,integer_mult,boolean_xor,boolean_yankdup,integer_min,string_emp,integer_fromch,exec_yank,char_stackdepth,char_sw,integer_fromboole,string_replace,integer_div,string_replacefirst,boolean_frominteger,string_butla,char_isdig,integer_flush,integer_,string_yankdup,char_flu,print_exec,integer_yank,boolean_frominteg,string_emptystring,char_yankd,boolean_ya,string_swap,print_ex,exec_d,integer_max,char_swap,string_contains,char_empty,exec_dup,exec_k,string_frominteg,exec_noop,exec_p,exec_r,exec_s,string_sho,integer_flu,exec_y,boolean_rot,boolean_a,integer_ya,exec_ya,boolean_invert_first_then_a,string_spl,string_occurrencesofch,integer_yankdup,string_replacechar,char_sho,string_fromboolean,print_stri,exec_string_itera,print_newli,string_ta,string_replacefirstchar,string_substring,boolean_stackdepth,string_shove,string_containschar,exec_do*ran,char_yankdup,char_yank,integer_sw,exec_do*times,string_fromch,integer_shove,exec_if,exec_whi,integer_g,char_frominteger,char_frominteg,boolean_dup,string_eq,boolean_not,char_eq,boolean_flush,boolean_pop,string_butlast,exec_swap,string_replacefir,boolean_swap,exec_sw,string_n,print_string,exec_flush,print_newline,integer_a,string_d,string_dup,string_frominteger,string_contai,integer_mod,exec_do*count,string_fir,string_r,integer_fromchar,string_p,integer_inc,boolean_invert_first_then_and,integer_fromstring,exec_rot,integer_m,boolean_d,char_rot,exec_do*cou,string_take,exec_string_iterate,string_split,integer_pop,boolean_n,string_re,boolean_p,boolean_r,exec_pop,string_sw,boolean_x,boolean_emp,string_la,char_emp,boolean_stackdep,string_parse_to_cha,print_char,integer_dup,boolean_invert_second_then_and,integer_sub,string_setch,exec_no,boolean_yank,char_islett,string_ya,string_flu,integer_stackdepth,integer_emp,integer_dec,print_boole,integer_gt,exec,string_indexofchar,in1,char_dup,char_flush,char_pop,integer_lte,string_conjch,exec_flu,string_containsch,boolean_eq,string_flush,print_boolean,integer_d,string_rever,char_,exec_empty,string_last,integer_l,exec_when,integer_i,string_substri,string_nth,string_occurrencesofchar,integer_r,integer_s,integer_p,exec_while,integer_fromboolean,integer_empty,string_fromboole
0.0,0.00640380510381,0.000910250575317,0.00022435753617,0.00571791206467,0.00536535022211,0.000608970455318,0.00561534861956,0.0023781898834,0.0,0.00637816424254,0.00453202223063,0.00140383715489,6.41021531913e-06,1.28204306383e-05,5.12817225531e-05,6.41021531913e-06,0.0,0.000230767751489,0.0,0.00187819308851,0.00369228402382,1.92306459574e-05,0.00174998878212,1.92306459574e-05,0.00259613720425,0.00269870064935,0.00437817706297,7.05123685105e-05,0.00641021531913,0.0,6.41021531913e-06,0.00380766789956,1.28204306383e-05,1.92306459574e-05,0.0063332927353,0.00526278677701,6.41021531913e-05,5.76919378722e-05,5.76919378722e-05,1.28204306383e-05,1.28204306383e-05,6.41021531913e-06,0.00476920019743,0.00212819148595,0.00451279158467,0.00590380830892,0.000134614521702,0.00558329754296,3.84612919148e-05,0.000871789283402,0.00533329914552,0.00282690495574,0.0,0.000673072608509,2.56408612765e-05,0.00521791526977,0.00270511086467,0.0045897141685,2.56408612765e-05,0.000256408612765,0.0,0.00310895442978,0.000173075813617,5.76919378722e-05,0.00137819629361,0.000378202703829,0.00233331837616,5.76919378722e-05,1.92306459574e-05,0.000192306459574,0.000410253780424,3.84612919148e-05,0.0,0.000288459689361,0.000153845167659,0.00247434311319,0.00144870866212,0.00165383555234,0.00051922744085,0.0,1.28204306383e-05,0.00081409734553,0.00121794091064,0.0,0.0,0.00605124326126,0.00184614201191,0.00374356574637,0.00173075813617,7.69225838296e-05,7.69225838296e-05,0.00456407330722,0.00022435753617,0.00493586579573,0.0,1.92306459574e-05,0.00587175723233,0.0,0.000935891436593,0.0,6.41021531913e-06,0.00584611637105,0.0,0.0,0.00207049954808,0.00166024576766,0.00457048352254,0.00481407170467,0.00149358016936,0.00396151306722,1.92306459574e-05,0.00108332638893,6.41021531913e-06,5.76919378722e-05,0.000314100550637,0.0,6.41021531913e-06,2.56408612765e-05,0.00237177966808,0.0,6.41021531913e-05,0.0,0.00022435753617,0.0,6.41021531913e-06,0.00199357696425,0.00291664797021,0.0,0.00640380510381,1.92306459574e-05,0.0,0.0,0.0,0.00200639739489,0.0032499791668,0.00532047871488,0.000512817225531,0.00360895122467,6.41021531913e-06,0.00135896564766,0.00218588342382,6.41021531913e-06,0.00303203184595,0.0,0.00088460971404,0.00362818187063,1.92306459574e-05,1.92306459574e-05,0.00259613720425,0.0,0.00246152268255,0.00240383074467,0.00596150024679,0.000865379068083,0.00433971577105,0.00455125287658,0.00478843084339,6.41021531913e-05,0.0,0.00196152588765,0.0,6.41021531913e-06,0.00533970936084,0.000416663995744,3.20510765957e-05,0.0,6.41021531913e-06,0.000673072608509,0.00096153229787,6.41021531913e-06,0.0057307324953,0.0044550996468,0.0,4.48715072339e-05,0.00519868462382,0.000269229043404,0.00632688251998,0.00456407330722,0.00230767751489,0.00396792328254,0.000108973660425,1.28204306383e-05,0.00316664636765,5.12817225531e-05,0.00146152909276,0.000128204306383,0.000807687130211,0.00121794091064,1.92306459574e-05,9.6153229787e-05,6.41021531913e-06,0.0,0.000532047871488,3.84612919148e-05,1.28204306383e-05,6.41021531913e-05,0.0,0.000121794091064,0.000192306459574,3.84612919148e-05,0.00470509804424,0.00235254902212,0.00562175883488,0.0063332927353,0.000269229043404,1.28204306383e-05,0.00168588662893,1.92306459574e-05,6.41021531913e-06,0.0,0.00520509483914,1.28204306383e-05,0.00277562323318,0.0,0.00591021852424,3.84612919148e-05,0.00276921301787,0.00641021531913,0.000615380670637,0.000788456484253,0.00410894801956,0.00219870385446,0.0,0.0,0.0,0.00366023294722,0.00202562804085,8.33327991487e-05,7.69225838296e-05,0.00022435753617,0.0,0.00600637175403,0.000628201101275,0.0,0.000230767751489,1.92306459574e-05,6.41021531913e-06,0.0047563797668,0.00517945397786,1.92306459574e-05,0.000301280119999,0.0,0.00507689053275,0.000634611316594,0.00362818187063,0.000391023134467
Gen 156
string_,string_rot,integer_swap,exec_sho,integer_gte,boolean_shove,boolean_and,string_pop,exec_eq,string_yankd,string_parse_to_chars,integer_lt,string_stackdepth,exec_do*whi,char_r,char_p,boolean_sw,integer_sho,boolean_invert_second_then_a,print_integ,char_iswhitespace,string_removechar,exec_emp,string_first,string_conc,string_yank,string_concat,string_setchar,exec_yankd,string_length,string_replacefirstch,char_d,integer_eq,exec_do*tim,string_emptystri,string_reverse,exec_yankdup,string_repla,exec_,char_ya,integer_mu,string_replacech,boolean_yankd,char_isletter,integer_add,string_empty,char_isdigit,print_integer,exec_shove,integer_fromstri,string_conjchar,boolean_or,boolean_empty,exec_wh,string_fromchar,integer_yankd,exec_do*while,integer_rot,string_rest,boolean_flu,integer_stackdep,char_iswhitespa,char_allfromstring,boolean_,char_allfromstri,exec_stackdepth,exec_do*range,char_shove,char_stackdep,string_removech,exec_stackdep,boolean_sho,string_indexofch,string_stackdep,string_leng,print_ch,integer_mult,boolean_xor,boolean_yankdup,integer_min,string_emp,integer_fromch,exec_yank,char_stackdepth,char_sw,integer_fromboole,string_replace,integer_div,string_replacefirst,boolean_frominteger,string_butla,char_isdig,integer_flush,integer_,string_yankdup,char_flu,print_exec,integer_yank,boolean_frominteg,string_emptystring,char_yankd,boolean_ya,string_swap,print_ex,exec_d,integer_max,char_swap,string_contains,char_empty,exec_dup,exec_k,string_frominteg,exec_noop,exec_p,exec_r,exec_s,string_sho,integer_flu,exec_y,boolean_rot,boolean_a,integer_ya,exec_ya,boolean_invert_first_then_a,string_spl,string_occurrencesofch,integer_yankdup,string_replacechar,char_sho,string_fromboolean,print_stri,exec_string_itera,print_newli,string_ta,string_replacefirstchar,string_substring,boolean_stackdepth,string_shove,string_containschar,exec_do*ran,char_yankdup,char_yank,integer_sw,exec_do*times,string_fromch,integer_shove,exec_if,exec_whi,integer_g,char_frominteger,char_frominteg,boolean_dup,string_eq,boolean_not,char_eq,boolean_flush,boolean_pop,string_butlast,exec_swap,string_replacefir,boolean_swap,exec_sw,string_n,print_string,exec_flush,print_newline,integer_a,string_d,string_dup,string_frominteger,string_contai,integer_mod,exec_do*count,string_fir,string_r,integer_fromchar,string_p,integer_inc,boolean_invert_first_then_and,integer_fromstring,exec_rot,integer_m,boolean_d,char_rot,exec_do*cou,string_take,exec_string_iterate,string_split,integer_pop,boolean_n,string_re,boolean_p,boolean_r,exec_pop,string_sw,boolean_x,boolean_emp,string_la,char_emp,boolean_stackdep,string_parse_to_cha,print_char,integer_dup,boolean_invert_second_then_and,integer_sub,string_setch,exec_no,boolean_yank,char_islett,string_ya,string_flu,integer_stackdepth,integer_emp,integer_dec,print_boole,integer_gt,exec,string_indexofchar,in1,char_dup,char_flush,char_pop,integer_lte,string_conjch,exec_flu,string_containsch,boolean_eq,string_flush,print_boolean,integer_d,string_rever,char_,exec_empty,string_last,integer_l,exec_when,integer_i,string_substri,string_nth,string_occurrencesofchar,integer_r,integer_s,integer_p,exec_while,integer_fromboolean,integer_empty,string_fromboole
0.0,0.00635027802371,0.0010063630168,0.000178342813103,0.00552225782001,0.00557958229565,0.000464965191305,0.0054904108891,0.00241399736307,0.0,0.00634390863752,0.00429933567302,0.00133757109827,1.91081585468e-05,0.0,5.0955089458e-05,6.36938618225e-06,6.36938618225e-06,0.000216559130197,6.36938618225e-06,0.00174521181394,0.00358596442061,3.82163170935e-05,0.00177068935867,0.0,0.00298724211948,0.00249042999726,0.00414647040465,3.18469309113e-05,0.00636938618225,0.0,6.36938618225e-06,0.00380889293699,6.36938618225e-06,1.27387723645e-05,0.00628658416188,0.00505729262871,3.18469309113e-05,5.0955089458e-05,0.000108279565098,6.36938618225e-06,7.00632480048e-05,3.18469309113e-05,0.00476430086433,0.00227387086706,0.00449041725849,0.00586620467386,0.00014012649601,0.00554136597856,2.5477544729e-05,0.000751587569506,0.00547130273056,0.00288533194056,0.0,0.000636938618225,1.91081585468e-05,0.00496175183598,0.00253501570054,0.00461143559595,3.18469309113e-05,0.000222928516379,0.0,0.00315284616022,0.000171973426921,4.45857032758e-05,0.00152865268374,0.0003949019433,0.00212100559869,9.55407927338e-05,4.45857032758e-05,0.000101910178916,0.000261144833472,1.91081585468e-05,0.0,0.000299361150566,0.000127387723645,0.00253501570054,0.00164330163502,0.00187259953758,0.000579614142585,1.27387723645e-05,0.0,0.000878975293151,0.00131846293973,0.0,0.0,0.00602543932841,0.0019745097165,0.00350953178642,0.00175158120012,0.000165604040739,3.82163170935e-05,0.0044522009414,0.000229297902561,0.00484073349851,0.0,7.00632480048e-05,0.00584709651531,0.0,0.00101910178916,0.0,6.36938618225e-06,0.00579614142585,0.0,1.27387723645e-05,0.00216559130197,0.00190444646849,0.00461780498213,0.00469423761632,0.0014012649601,0.00392991127445,1.27387723645e-05,0.00103820994771,6.36938618225e-06,1.91081585468e-05,0.000261144833472,6.36938618225e-06,1.91081585468e-05,5.73244756403e-05,0.00217196068815,6.36938618225e-06,7.00632480048e-05,1.27387723645e-05,0.00019745097165,6.36938618225e-06,0.0,0.00161782409029,0.0028343768511,3.18469309113e-05,0.00634390863752,2.5477544729e-05,0.0,0.0,0.0,0.00210189744014,0.00298087273329,0.00534391500691,0.000401271329482,0.00363691951007,6.36938618225e-06,0.00158597715938,0.00238851981835,0.0,0.00325475633913,0.0,0.000821650817511,0.00368787459952,3.18469309113e-05,1.27387723645e-05,0.00280889930637,0.0,0.00229297902561,0.00261144833472,0.00592989853568,0.000866236520786,0.00422290303883,0.0047006070025,0.00469423761632,0.000146495882192,0.0,0.00192992401322,0.0,3.18469309113e-05,0.00528659053127,0.000375793784753,5.0955089458e-05,6.36938618225e-06,6.36938618225e-06,0.000681524321501,0.000859867134604,0.0,0.00569423124693,0.00450952541704,1.27387723645e-05,8.91714065516e-05,0.00528659053127,0.000267514219655,0.00624836784479,0.00456048050649,0.00250316876963,0.00398723575009,0.000121018337463,1.27387723645e-05,0.00331208081477,3.18469309113e-05,0.00177705874485,0.000101910178916,0.000681524321501,0.00124839969172,3.18469309113e-05,0.000114648951281,6.36938618225e-06,0.0,0.000382163170935,6.36938618225e-06,0.0,8.28020203693e-05,0.0,0.000114648951281,0.000165604040739,1.91081585468e-05,0.00465602129923,0.00218469946051,0.00558595168184,0.00633753925134,0.000248406061108,3.18469309113e-05,0.00171973426921,5.0955089458e-05,0.0,0.0,0.0050955089458,1.27387723645e-05,0.00284711562347,0.0,0.00582161897058,1.27387723645e-05,0.0027643136031,0.00636938618225,0.000757956955688,0.000745218183324,0.00394265004681,0.0021910688467,6.36938618225e-06,0.0,1.91081585468e-05,0.00364965828243,0.00208915866778,0.000133757109827,0.000133757109827,0.000216559130197,1.27387723645e-05,0.00596811485277,0.00070700186623,1.91081585468e-05,0.000242036674926,1.91081585468e-05,1.27387723645e-05,0.00461143559595,0.00495538244979,6.36938618225e-06,0.000375793784753,6.36938618225e-06,0.00494264367743,0.000560505984038,0.00361144196534,0.000363055012388
Gen 157
string_,string_rot,integer_swap,exec_sho,integer_gte,boolean_shove,boolean_and,string_pop,exec_eq,string_yankd,string_parse_to_chars,integer_lt,string_stackdepth,exec_do*whi,char_r,char_p,boolean_sw,integer_sho,boolean_invert_second_then_a,print_integ,char_iswhitespace,string_removechar,exec_emp,string_first,string_conc,string_yank,string_concat,string_setchar,exec_yankd,string_length,string_replacefirstch,char_d,integer_eq,exec_do*tim,string_emptystri,string_reverse,exec_yankdup,string_repla,exec_,char_ya,integer_mu,string_replacech,boolean_yankd,char_isletter,integer_add,string_empty,char_isdigit,print_integer,exec_shove,integer_fromstri,string_conjchar,boolean_or,boolean_empty,exec_wh,string_fromchar,integer_yankd,exec_do*while,integer_rot,string_rest,boolean_flu,integer_stackdep,char_iswhitespa,char_allfromstring,boolean_,char_allfromstri,exec_stackdepth,exec_do*range,char_shove,char_stackdep,string_removech,exec_stackdep,boolean_sho,string_indexofch,string_stackdep,string_leng,print_ch,integer_mult,boolean_xor,boolean_yankdup,integer_min,string_emp,integer_fromch,exec_yank,char_stackdepth,char_sw,integer_fromboole,string_replace,integer_div,string_replacefirst,boolean_frominteger,string_butla,char_isdig,integer_flush,integer_,string_yankdup,char_flu,print_exec,integer_yank,boolean_frominteg,string_emptystring,char_yankd,boolean_ya,string_swap,print_ex,exec_d,integer_max,char_swap,string_contains,char_empty,exec_dup,exec_k,string_frominteg,exec_noop,exec_p,exec_r,exec_s,string_sho,integer_flu,exec_y,boolean_rot,boolean_a,integer_ya,exec_ya,boolean_invert_first_then_a,string_spl,string_occurrencesofch,integer_yankdup,string_replacechar,char_sho,string_fromboolean,print_stri,exec_string_itera,print_newli,string_ta,string_replacefirstchar,string_substring,boolean_stackdepth,string_shove,string_containschar,exec_do*ran,char_yankdup,char_yank,integer_sw,exec_do*times,string_fromch,integer_shove,exec_if,exec_whi,integer_g,char_frominteger,char_frominteg,boolean_dup,string_eq,boolean_not,char_eq,boolean_flush,boolean_pop,string_butlast,exec_swap,string_replacefir,boolean_swap,exec_sw,string_n,print_string,exec_flush,print_newline,integer_a,string_d,string_dup,string_frominteger,string_contai,integer_mod,exec_do*count,string_fir,string_r,integer_fromchar,string_p,integer_inc,boolean_invert_first_then_and,integer_fromstring,exec_rot,integer_m,boolean_d,char_rot,exec_do*cou,string_take,exec_string_iterate,string_split,integer_pop,boolean_n,string_re,boolean_p,boolean_r,exec_pop,string_sw,boolean_x,boolean_emp,string_la,char_emp,boolean_stackdep,string_parse_to_cha,print_char,integer_dup,boolean_invert_second_then_and,integer_sub,string_setch,exec_no,boolean_yank,char_islett,string_ya,string_flu,integer_stackdepth,integer_emp,integer_dec,print_boole,integer_gt,exec,string_indexofchar,in1,char_dup,char_flush,char_pop,integer_lte,string_conjch,exec_flu,string_containsch,boolean_eq,string_flush,print_boolean,integer_d,string_rever,char_,exec_empty,string_last,integer_l,exec_when,integer_i,string_substri,string_nth,string_occurrencesofchar,integer_r,integer_s,integer_p,exec_while,integer_fromboolean,integer_empty,string_fromboole
0.0,0.00631008664502,0.00104429718799,0.000246833880798,0.00540502908209,0.00562654666743,0.00050632590933,0.00562654666743,0.00233542825678,6.32907386662e-06,0.00630375757115,0.00408858171784,0.00153796494959,6.32907386662e-06,1.26581477332e-05,5.69616647996e-05,6.32907386662e-06,6.32907386662e-06,0.000329111841064,0.0,0.00191138030772,0.00339238359251,3.16453693331e-05,0.00170252087012,1.89872215999e-05,0.00272783083651,0.00248099695572,0.00410756893944,3.16453693331e-05,0.00631641571889,0.0,6.32907386662e-06,0.00353795229144,6.32907386662e-06,4.43035170663e-05,0.00628477034955,0.00511389168423,4.43035170663e-05,3.16453693331e-05,8.86070341327e-05,1.26581477332e-05,8.22779602661e-05,1.89872215999e-05,0.00473414725223,0.00234175733065,0.00431642837704,0.00591768406529,0.000177214068265,0.00568983740609,5.69616647996e-05,0.000575945721863,0.00553161055943,0.00312023341624,0.0,0.00091771571066,2.53162954665e-05,0.00503794279783,0.00243036436478,0.00470883095677,3.79744431997e-05,0.000215188511465,0.0,0.00321516952424,0.000151897772799,4.43035170663e-05,0.00167087550079,0.000284808323998,0.00202530363732,5.69616647996e-05,3.16453693331e-05,3.16453693331e-05,0.000208859437598,6.32907386662e-06,2.53162954665e-05,0.000297466471731,0.000164555920532,0.00239871899545,0.00195568382479,0.00217720141012,0.000550629426396,6.32907386662e-06,1.89872215999e-05,0.00105695533573,0.00136707995519,6.32907386662e-06,0.0,0.00600629109942,0.00182910234745,0.00355693951304,0.00157593939279,0.000196201289865,5.69616647996e-05,0.0042278213429,0.000253162954665,0.0050632590933,0.0,3.79744431997e-05,0.00591768406529,1.26581477332e-05,0.00097467737546,1.89872215999e-05,0.0,0.00594932943462,0.0,1.26581477332e-05,0.00201264548959,0.00198100012025,0.00439237726344,0.00479110891703,0.00155695217119,0.00397465838824,1.26581477332e-05,0.00117087866532,6.32907386662e-06,4.43035170663e-05,0.000291137397865,1.89872215999e-05,3.16453693331e-05,3.16453693331e-05,0.00188606401225,6.32907386662e-06,5.0632590933e-05,0.0,0.000259492028531,0.0,0.0,0.00174682438719,0.00287972860931,3.79744431997e-05,0.00630375757115,6.32907386662e-06,0.0,0.0,1.26581477332e-05,0.00214555604078,0.00307592989918,0.00532275112183,0.000493667761596,0.00334175100158,0.0,0.00172783716559,0.00242403529092,1.26581477332e-05,0.00324681489358,0.0,0.000784805159461,0.00364554654717,8.86070341327e-05,1.89872215999e-05,0.00305061360371,6.32907386662e-06,0.00260757843305,0.00251264232505,0.00603793646876,0.000727843494661,0.00396832931437,0.00488604502503,0.00465819836583,0.000151897772799,6.32907386662e-06,0.00206960715439,0.0,1.89872215999e-05,0.00541768722983,0.000329111841064,3.16453693331e-05,1.89872215999e-05,0.0,0.000563287574129,0.000702527199195,0.0,0.00574046999703,0.00440503541117,6.32907386662e-06,2.53162954665e-05,0.00528477667863,0.000297466471731,0.00628477034955,0.00449997151917,0.00256327491598,0.00387972228024,0.000120252403466,1.89872215999e-05,0.00334175100158,5.69616647996e-05,0.00179745697812,9.49361079993e-05,0.000715185346928,0.00145568698932,2.53162954665e-05,8.86070341327e-05,0.0,0.0,0.000341769988798,0.0,0.0,7.59488863995e-05,0.0,7.59488863995e-05,0.000107594255733,1.26581477332e-05,0.0047025018829,0.00225315029652,0.00557591407649,0.00628477034955,0.000284808323998,1.89872215999e-05,0.00184176049519,3.16453693331e-05,6.32907386662e-06,0.0,0.0051771824229,3.79744431997e-05,0.00287339953545,0.0,0.00574679907089,1.89872215999e-05,0.00286707046158,0.00632274479275,0.00101898089253,0.000784805159461,0.00412655616104,0.00226580844425,6.32907386662e-06,0.0,0.0,0.00370250821197,0.00184808956905,0.000170884994399,0.000113923329599,0.000107594255733,0.0,0.00588603869596,0.000556958500263,0.0,0.000348099062664,2.53162954665e-05,0.0,0.00461389484877,0.00473414725223,1.89872215999e-05,0.000341769988798,0.0,0.00501895557623,0.000462022392263,0.00362655932557,0.000392402579731
Gen 158
string_,string_rot,integer_swap,exec_sho,integer_gte,boolean_shove,boolean_and,string_pop,exec_eq,string_yankd,string_parse_to_chars,integer_lt,string_stackdepth,exec_do*whi,char_r,char_p,boolean_sw,integer_sho,boolean_invert_second_then_a,print_integ,char_iswhitespace,string_removechar,exec_emp,string_first,string_conc,string_yank,string_concat,string_setchar,exec_yankd,string_length,string_replacefirstch,char_d,integer_eq,exec_do*tim,string_emptystri,string_reverse,exec_yankdup,string_repla,exec_,char_ya,integer_mu,string_replacech,boolean_yankd,char_isletter,integer_add,string_empty,char_isdigit,print_integer,exec_shove,integer_fromstri,string_conjchar,boolean_or,boolean_empty,exec_wh,string_fromchar,integer_yankd,exec_do*while,integer_rot,string_rest,boolean_flu,integer_stackdep,char_iswhitespa,char_allfromstring,boolean_,char_allfromstri,exec_stackdepth,exec_do*range,char_shove,char_stackdep,string_removech,exec_stackdep,boolean_sho,string_indexofch,string_stackdep,string_leng,print_ch,integer_mult,boolean_xor,boolean_yankdup,integer_min,string_emp,integer_fromch,exec_yank,char_stackdepth,char_sw,integer_fromboole,string_replace,integer_div,string_replacefirst,boolean_frominteger,string_butla,char_isdig,integer_flush,integer_,string_yankdup,char_flu,print_exec,integer_yank,boolean_frominteg,string_emptystring,char_yankd,boolean_ya,string_swap,print_ex,exec_d,integer_max,char_swap,string_contains,char_empty,exec_dup,exec_k,string_frominteg,exec_noop,exec_p,exec_r,exec_s,string_sho,integer_flu,exec_y,boolean_rot,boolean_a,integer_ya,exec_ya,boolean_invert_first_then_a,string_spl,string_occurrencesofch,integer_yankdup,string_replacechar,char_sho,string_fromboolean,print_stri,exec_string_itera,print_newli,string_ta,string_replacefirstchar,string_substring,boolean_stackdepth,string_shove,string_containschar,exec_do*ran,char_yankdup,char_yank,integer_sw,exec_do*times,string_fromch,integer_shove,exec_if,exec_whi,integer_g,char_frominteger,char_frominteg,boolean_dup,string_eq,boolean_not,char_eq,boolean_flush,boolean_pop,string_butlast,exec_swap,string_replacefir,boolean_swap,exec_sw,string_n,print_string,exec_flush,print_newline,integer_a,string_d,string_dup,string_frominteger,string_contai,integer_mod,exec_do*count,string_fir,string_r,integer_fromchar,string_p,integer_inc,boolean_invert_first_then_and,integer_fromstring,exec_rot,integer_m,boolean_d,char_rot,exec_do*cou,string_take,exec_string_iterate,string_split,integer_pop,boolean_n,string_re,boolean_p,boolean_r,exec_pop,string_sw,boolean_x,boolean_emp,string_la,char_emp,boolean_stackdep,string_parse_to_cha,print_char,integer_dup,boolean_invert_second_then_and,integer_sub,string_setch,exec_no,boolean_yank,char_islett,string_ya,string_flu,integer_stackdepth,integer_emp,integer_dec,print_boole,integer_gt,exec,string_indexofchar,in1,char_dup,char_flush,char_pop,integer_lte,string_conjch,exec_flu,string_containsch,boolean_eq,string_flush,print_boolean,integer_d,string_rever,char_,exec_empty,string_last,integer_l,exec_when,integer_i,string_substri,string_nth,string_occurrencesofchar,integer_r,integer_s,integer_p,exec_while,integer_fromboolean,integer_empty,string_fromboole
6.28926862095e-06,0.00628926862095,0.00118867176936,0.000232702938975,0.00534587832781,0.00571694517645,0.000578612713128,0.0055534241923,0.00236476500148,6.28926862095e-06,0.00627040081509,0.00393708215672,0.00166665618455,0.0,6.28926862095e-06,0.000113206835177,2.51570744838e-05,1.25785372419e-05,0.00046540587795,0.0,0.0019811196156,0.00337104798083,1.88678058629e-05,0.00161005276696,6.28926862095e-06,0.00266664989528,0.00229558304665,0.00403142118603,1.88678058629e-05,0.00628926862095,0.0,0.0,0.00348425481601,1.88678058629e-05,2.51570744838e-05,0.00625153300923,0.00508172904573,4.40248803467e-05,6.91819548305e-05,0.000100628297935,0.0,0.00013207464104,0.0,0.00457229828743,0.00236476500148,0.00454714121295,0.00590562323507,0.000188678058629,0.00554713492368,1.25785372419e-05,0.000509430758297,0.0054024817454,0.00277985673046,0.0,0.00127672153005,1.25785372419e-05,0.00499996855366,0.00235218646424,0.00466034804813,3.14463431048e-05,0.000314463431048,0.0,0.00296224552047,9.43390293143e-05,4.40248803467e-05,0.00162263130421,0.000283017087943,0.00179244155697,9.43390293143e-05,6.91819548305e-05,1.88678058629e-05,0.000144653178282,1.88678058629e-05,0.0,0.00019496732725,6.91819548305e-05,0.00245910403079,0.00187420204904,0.00212577279388,0.000773580040377,1.88678058629e-05,3.14463431048e-05,0.000930811755901,0.0013521927535,6.28926862095e-06,0.0,0.00600625153301,0.00166665618455,0.00366035433739,0.00167923472179,0.00019496732725,5.03141489676e-05,0.00412576021534,0.000226413670354,0.00506915050849,0.0,5.03141489676e-05,0.00592449104094,0.0,0.000981125904869,0.0,0.0,0.00589304469783,0.0,6.28926862095e-06,0.00207545864491,0.00188678058629,0.00431443827397,0.00458487682467,0.00154716008075,0.00394337142534,6.28926862095e-06,0.0013207464104,1.25785372419e-05,1.25785372419e-05,0.000358488311394,6.28926862095e-06,1.25785372419e-05,5.03141489676e-05,0.00181759863146,1.25785372419e-05,3.14463431048e-05,0.0,0.000188678058629,6.28926862095e-06,1.88678058629e-05,0.0018301771687,0.00311947723599,2.51570744838e-05,0.00627669008371,2.51570744838e-05,0.0,0.0,6.28926862095e-06,0.00211319425664,0.0030628738184,0.00525782856712,0.000440248803467,0.00364777580015,0.0,0.0018616235118,0.0024905503739,1.25785372419e-05,0.00347167627877,0.0,0.000811315652103,0.00374211482947,7.54712234514e-05,1.88678058629e-05,0.00329557675738,6.28926862095e-06,0.00262891428356,0.00254086452286,0.0059433588468,0.000654083936579,0.00405657826051,0.00510688612021,0.00461003389916,0.000150942446903,0.0,0.0018301771687,0.0,1.25785372419e-05,0.00542763881988,0.000389934654499,4.40248803467e-05,1.25785372419e-05,0.0,0.000496852221055,0.000855340532449,0.0,0.00575468078817,0.00430185973673,1.25785372419e-05,6.28926862095e-06,0.00519493588091,0.000251570744838,0.00623895447198,0.0046226124364,0.00255973232873,0.00362261872567,0.000113206835177,1.25785372419e-05,0.00345909774152,5.03141489676e-05,0.00175470594525,6.91819548305e-05,0.000672951742442,0.00136477129075,5.03141489676e-05,0.00013207464104,6.28926862095e-06,0.0,0.000503141489676,6.28926862095e-06,6.28926862095e-06,3.14463431048e-05,0.0,8.80497606933e-05,0.000144653178282,3.14463431048e-05,0.00484902610675,0.00226413670354,0.00566663102748,0.00627040081509,0.00032704196829,1.88678058629e-05,0.00169181325904,2.51570744838e-05,0.0,0.0,0.00527040710436,1.25785372419e-05,0.00298111332633,0.0,0.00568549883334,3.77356117257e-05,0.00298740259495,0.00628926862095,0.00104401859108,0.00072955516003,0.00415720655845,0.00195596254112,1.25785372419e-05,6.28926862095e-06,0.0,0.00346538701014,0.00216979767423,0.000169810252766,0.000144653178282,0.000106917566556,6.28926862095e-06,0.00587417689197,0.00086162980107,1.88678058629e-05,0.000308174162427,1.25785372419e-05,6.28926862095e-06,0.00440877730329,0.00472953000296,2.51570744838e-05,0.000301884893806,6.28926862095e-06,0.00494965440469,0.000415091728983,0.00378613970981,0.000509430758297
Gen 159
string_,string_rot,integer_swap,exec_sho,integer_gte,boolean_shove,boolean_and,string_pop,exec_eq,string_yankd,string_parse_to_chars,integer_lt,string_stackdepth,exec_do*whi,char_r,char_p,boolean_sw,integer_sho,boolean_invert_second_then_a,print_integ,char_iswhitespace,string_removechar,exec_emp,string_first,string_conc,string_yank,string_concat,string_setchar,exec_yankd,string_length,string_replacefirstch,char_d,integer_eq,exec_do*tim,string_emptystri,string_reverse,exec_yankdup,string_repla,exec_,char_ya,integer_mu,string_replacech,boolean_yankd,char_isletter,integer_add,string_empty,char_isdigit,print_integer,exec_shove,integer_fromstri,string_conjchar,boolean_or,boolean_empty,exec_wh,string_fromchar,integer_yankd,exec_do*while,integer_rot,string_rest,boolean_flu,integer_stackdep,char_iswhitespa,char_allfromstring,boolean_,char_allfromstri,exec_stackdepth,exec_do*range,char_shove,char_stackdep,string_removech,exec_stackdep,boolean_sho,string_indexofch,string_stackdep,string_leng,print_ch,integer_mult,boolean_xor,boolean_yankdup,integer_min,string_emp,integer_fromch,exec_yank,char_stackdepth,char_sw,integer_fromboole,string_replace,integer_div,string_replacefirst,boolean_frominteger,string_butla,char_isdig,integer_flush,integer_,string_yankdup,char_flu,print_exec,integer_yank,boolean_frominteg,string_emptystring,char_yankd,boolean_ya,string_swap,print_ex,exec_d,integer_max,char_swap,string_contains,char_empty,exec_dup,exec_k,string_frominteg,exec_noop,exec_p,exec_r,exec_s,string_sho,integer_flu,exec_y,boolean_rot,boolean_a,integer_ya,exec_ya,boolean_invert_first_then_a,string_spl,string_occurrencesofch,integer_yankdup,string_replacechar,char_sho,string_fromboolean,print_stri,exec_string_itera,print_newli,string_ta,string_replacefirstchar,string_substring,boolean_stackdepth,string_shove,string_containschar,exec_do*ran,char_yankdup,char_yank,integer_sw,exec_do*times,string_fromch,integer_shove,exec_if,exec_whi,integer_g,char_frominteger,char_frominteg,boolean_dup,string_eq,boolean_not,char_eq,boolean_flush,boolean_pop,string_butlast,exec_swap,string_replacefir,boolean_swap,exec_sw,string_n,print_string,exec_flush,print_newline,integer_a,string_d,string_dup,string_frominteger,string_contai,integer_mod,exec_do*count,string_fir,string_r,integer_fromchar,string_p,integer_inc,boolean_invert_first_then_and,integer_fromstring,exec_rot,integer_m,boolean_d,char_rot,exec_do*cou,string_take,exec_string_iterate,string_split,integer_pop,boolean_n,string_re,boolean_p,boolean_r,exec_pop,string_sw,boolean_x,boolean_emp,string_la,char_emp,boolean_stackdep,string_parse_to_cha,print_char,integer_dup,boolean_invert_second_then_and,integer_sub,string_setch,exec_no,boolean_yank,char_islett,string_ya,string_flu,integer_stackdepth,integer_emp,integer_dec,print_boole,integer_gt,exec,string_indexofchar,in1,char_dup,char_flush,char_pop,integer_lte,string_conjch,exec_flu,string_containsch,boolean_eq,string_flush,print_boolean,integer_d,string_rever,char_,exec_empty,string_last,integer_l,exec_when,integer_i,string_substri,string_nth,string_occurrencesofchar,integer_r,integer_s,integer_p,exec_while,integer_fromboolean,integer_empty,string_fromboole
0.0,0.00624371097681,0.00113749289067,0.000218748632821,0.0053812163674,0.00555621527365,0.000618746132837,0.00561871488303,0.00217498640633,6.24996093774e-06,0.00621246117212,0.00388747570328,0.00188123824226,0.0,0.0,6.87495703152e-05,1.24999218755e-05,6.24996093774e-06,0.000481246992206,0.0,0.00188123824226,0.00333747914076,2.4999843751e-05,0.00161248992194,6.24996093774e-06,0.00284998218761,0.00238748507822,0.00404372472672,4.9999687502e-05,0.00624996093774,0.0,0.0,0.00371247679702,6.24996093774e-06,4.37497265642e-05,0.00618746132837,0.0048687195705,4.37497265642e-05,1.24999218755e-05,0.000199998750008,6.24996093774e-06,5.62496484397e-05,6.24996093774e-06,0.00439372253923,0.00231248554697,0.00459372128924,0.00602496234399,0.000168748945319,0.00551246554709,1.24999218755e-05,0.000406247460953,0.00541246617209,0.00248748445322,0.0,0.00138124136724,3.74997656265e-05,0.0049999687502,0.0021687364454,0.00468122074237,4.9999687502e-05,0.000256248398448,6.24996093774e-06,0.00266873332042,4.37497265642e-05,2.4999843751e-05,0.00158749007819,0.000349997812514,0.00184998843757,0.000112499296879,8.12494921907e-05,0.0,0.000118749257817,3.74997656265e-05,1.24999218755e-05,0.000149999062506,5.62496484397e-05,0.00229998562509,0.00164998968756,0.00196873769539,0.000856244648471,3.74997656265e-05,1.24999218755e-05,0.00103124355473,0.00174373910163,0.0,0.0,0.0060437122268,0.00180623871101,0.00352497796889,0.00163748976569,0.000168748945319,4.9999687502e-05,0.00418122386735,0.000243748476572,0.00490621933613,0.0,2.4999843751e-05,0.00594371285179,6.24996093774e-06,0.000893744414097,1.24999218755e-05,0.0,0.00589996312523,0.0,0.0,0.00235623527353,0.00202498734383,0.00417497390641,0.00441872238299,0.00153124042975,0.0038249760939,6.24996093774e-06,0.00126874207036,6.24996093774e-06,1.24999218755e-05,0.000231248554697,0.0,2.4999843751e-05,5.62496484397e-05,0.00187498828132,6.24996093774e-06,3.74997656265e-05,0.0,0.000187498828132,0.0,6.24996093774e-06,0.001706239336,0.00308748070325,3.74997656265e-05,0.00623746101587,3.12498046887e-05,0.0,0.0,1.87498828132e-05,0.00254373410166,0.00246873457041,0.00524996718771,0.000487496953144,0.00399372503922,0.0,0.00183123855476,0.00255623402354,2.4999843751e-05,0.00366872707046,0.0,0.000799995000031,0.0037749764064,0.000106249335942,4.37497265642e-05,0.0034437284767,0.0,0.00282498234386,0.00275623277355,0.00588746320335,0.000724995468778,0.00429997312517,0.00503746851582,0.00452497171893,0.000206248710946,0.0,0.0018874882032,0.0,4.37497265642e-05,0.00536871644552,0.000374997656265,5.62496484397e-05,6.24996093774e-06,0.0,0.000356247773451,0.000931244179724,0.0,0.00576871394554,0.00438122261736,1.87498828132e-05,1.24999218755e-05,0.00522496734395,0.000281248242198,0.00616871144555,0.00429997312517,0.00254373410166,0.00388122574234,0.000118749257817,6.24996093774e-06,0.00348122824232,6.87495703152e-05,0.00183123855476,6.24996093774e-05,0.00058124636721,0.00139999125005,4.37497265642e-05,8.12494921907e-05,6.24996093774e-06,0.0,0.000562496484397,6.24996093774e-06,2.4999843751e-05,3.12498046887e-05,0.0,3.12498046887e-05,0.000187498828132,3.12498046887e-05,0.00456247148455,0.00200623746102,0.00576871394554,0.00623121105493,0.000281248242198,2.4999843751e-05,0.00158749007819,2.4999843751e-05,0.0,0.0,0.00528746695333,1.24999218755e-05,0.00296873144543,0.0,0.00561246492209,2.4999843751e-05,0.00297498140637,0.00624996093774,0.00101249367191,0.000662495859401,0.00423122355485,0.00181248867195,1.24999218755e-05,0.0,0.0,0.00318123011731,0.00265623339854,0.000118749257817,8.74994531284e-05,0.000112499296879,0.0,0.00596871269555,0.0011749926563,1.87498828132e-05,0.000187498828132,3.74997656265e-05,6.24996093774e-06,0.00436247273455,0.00484996968769,6.24996093774e-06,0.000206248710946,0.0,0.00499371878926,0.000531246679708,0.00375622652358,0.00063749601565
Gen 160
string_,string_rot,integer_swap,exec_sho,integer_gte,boolean_shove,boolean_and,string_pop,exec_eq,string_yankd,string_parse_to_chars,integer_lt,string_stackdepth,exec_do*whi,char_r,char_p,boolean_sw,integer_sho,boolean_invert_second_then_a,print_integ,char_iswhitespace,string_removechar,exec_emp,string_first,string_conc,string_yank,string_concat,string_setchar,exec_yankd,string_length,string_replacefirstch,char_d,integer_eq,exec_do*tim,string_emptystri,string_reverse,exec_yankdup,string_repla,exec_,char_ya,integer_mu,string_replacech,boolean_yankd,char_isletter,integer_add,string_empty,char_isdigit,print_integer,exec_shove,integer_fromstri,string_conjchar,boolean_or,boolean_empty,exec_wh,string_fromchar,integer_yankd,exec_do*while,integer_rot,string_rest,boolean_flu,integer_stackdep,char_iswhitespa,char_allfromstring,boolean_,char_allfromstri,exec_stackdepth,exec_do*range,char_shove,char_stackdep,string_removech,exec_stackdep,boolean_sho,string_indexofch,string_stackdep,string_leng,print_ch,integer_mult,boolean_xor,boolean_yankdup,integer_min,string_emp,integer_fromch,exec_yank,char_stackdepth,char_sw,integer_fromboole,string_replace,integer_div,string_replacefirst,boolean_frominteger,string_butla,char_isdig,integer_flush,integer_,string_yankdup,char_flu,print_exec,integer_yank,boolean_frominteg,string_emptystring,char_yankd,boolean_ya,string_swap,print_ex,exec_d,integer_max,char_swap,string_contains,char_empty,exec_dup,exec_k,string_frominteg,exec_noop,exec_p,exec_r,exec_s,string_sho,integer_flu,exec_y,boolean_rot,boolean_a,integer_ya,exec_ya,boolean_invert_first_then_a,string_spl,string_occurrencesofch,integer_yankdup,string_replacechar,char_sho,string_fromboolean,print_stri,exec_string_itera,print_newli,string_ta,string_replacefirstchar,string_substring,boolean_stackdepth,string_shove,string_containschar,exec_do*ran,char_yankdup,char_yank,integer_sw,exec_do*times,string_fromch,integer_shove,exec_if,exec_whi,integer_g,char_frominteger,char_frominteg,boolean_dup,string_eq,boolean_not,char_eq,boolean_flush,boolean_pop,string_butlast,exec_swap,string_replacefir,boolean_swap,exec_sw,string_n,print_string,exec_flush,print_newline,integer_a,string_d,string_dup,string_frominteger,string_contai,integer_mod,exec_do*count,string_fir,string_r,integer_fromchar,string_p,integer_inc,boolean_invert_first_then_and,integer_fromstring,exec_rot,integer_m,boolean_d,char_rot,exec_do*cou,string_take,exec_string_iterate,string_split,integer_pop,boolean_n,string_re,boolean_p,boolean_r,exec_pop,string_sw,boolean_x,boolean_emp,string_la,char_emp,boolean_stackdep,string_parse_to_cha,print_char,integer_dup,boolean_invert_second_then_and,integer_sub,string_setch,exec_no,boolean_yank,char_islett,string_ya,string_flu,integer_stackdepth,integer_emp,integer_dec,print_boole,integer_gt,exec,string_indexofchar,in1,char_dup,char_flush,char_pop,integer_lte,string_conjch,exec_flu,string_containsch,boolean_eq,string_flush,print_boolean,integer_d,string_rever,char_,exec_empty,string_last,integer_l,exec_when,integer_i,string_substri,string_nth,string_occurrencesofchar,integer_r,integer_s,integer_p,exec_while,integer_fromboolean,integer_empty,string_fromboole
0.0,0.00620493040416,0.00106831634586,0.000204967671008,0.00550307140949,0.00558381624959,0.00062111415457,0.00568319451432,0.00190060931299,0.0,0.00618008583798,0.0040496642878,0.00190682045453,1.24222830914e-05,6.2111415457e-06,9.31671231856e-05,1.86334246371e-05,0.0,0.000403724200471,0.0,0.00206831013472,0.00337886100086,1.86334246371e-05,0.00167079707579,0.0,0.00265215744002,0.00219253296563,0.0042670542419,4.34779908199e-05,0.0062111415457,0.0,1.86334246371e-05,0.00380742976752,0.0,4.34779908199e-05,0.00614903013025,0.00507450264284,4.96891323656e-05,3.10557077285e-05,0.000118011689368,6.2111415457e-06,6.83225570028e-05,6.2111415457e-06,0.00437885478972,0.00228570008882,0.004552766753,0.00598132930851,0.000180123104825,0.0054906491264,1.86334246371e-05,0.000534158172931,0.00540369314476,0.0024596120521,0.0,0.0013726622816,5.59002739113e-05,0.0049875466612,0.0024596120521,0.00473288985783,3.10557077285e-05,0.000248445661828,0.0,0.00253414575065,6.83225570028e-05,6.83225570028e-05,0.00164595250961,0.000366457351197,0.00163974136807,0.000142856255551,3.10557077285e-05,0.0,0.000142856255551,4.96891323656e-05,0.0,0.000111800547823,4.96891323656e-05,0.00219874410718,0.00180123104825,0.00176396419898,0.000807448400942,2.48445661828e-05,6.2111415457e-06,0.00108073862895,0.00173290849125,6.2111415457e-06,6.2111415457e-06,0.00606207414861,0.00196272072844,0.00331053844386,0.00181986447289,0.000161489680188,7.45336985485e-05,0.00408693113707,0.000229812237191,0.00500618008584,0.0,4.34779908199e-05,0.00595027360079,6.2111415457e-06,0.000720492419302,1.86334246371e-05,0.0,0.00595027360079,0.0,2.48445661828e-05,0.00222979981491,0.00170185278352,0.00414904255253,0.00445959962982,0.00141614027242,0.00407450885398,1.86334246371e-05,0.0012235948845,6.2111415457e-06,1.24222830914e-05,0.00030434593574,1.24222830914e-05,4.34779908199e-05,2.48445661828e-05,0.00181986447289,6.2111415457e-06,3.10557077285e-05,0.0,0.000192545387917,0.0,6.2111415457e-06,0.00156520766952,0.00301861479121,1.24222830914e-05,0.0062111415457,1.86334246371e-05,0.0,0.0,6.2111415457e-06,0.00234781150428,0.00242855634437,0.0050682915013,0.000565213880659,0.0039005968907,0.0,0.00152794082024,0.00244097862746,3.72668492742e-05,0.00372668492742,0.0,0.000931671231856,0.00365215122887,8.69559816399e-05,1.86334246371e-05,0.00331053844386,1.86334246371e-05,0.0026086794492,0.0025279346091,0.00582605076987,0.000782603834759,0.00410556456171,0.0050682915013,0.00455897789455,0.000248445661828,0.0,0.00186334246371,0.0,3.72668492742e-05,0.0052732591723,0.000459624474382,5.59002739113e-05,6.2111415457e-06,0.0,0.000242234520282,0.00114906118596,6.2111415457e-06,0.00577636163751,0.00416767597717,6.2111415457e-06,6.83225570028e-05,0.00522357003994,0.000422357625108,0.00614903013025,0.00445338848827,0.00253414575065,0.00372668492742,0.000149067397097,1.24222830914e-05,0.00344718355787,3.72668492742e-05,0.0018757647468,8.69559816399e-05,0.000534158172931,0.00156520766952,2.48445661828e-05,9.93782647313e-05,6.2111415457e-06,0.0,0.000490680182111,1.86334246371e-05,2.48445661828e-05,5.59002739113e-05,1.24222830914e-05,3.72668492742e-05,0.000248445661828,1.24222830914e-05,0.00467698958392,0.00207452127627,0.00573288364669,0.00620493040416,0.000211178812554,6.2111415457e-06,0.0015217296787,6.2111415457e-06,0.0,0.0,0.00513040291675,3.10557077285e-05,0.00290681424339,0.0,0.00558381624959,2.48445661828e-05,0.00257762374147,0.00620493040416,0.000913037807219,0.00062111415457,0.00416146483562,0.00199998757772,6.2111415457e-06,0.0,6.2111415457e-06,0.00324221588686,0.0027453245632,0.000105589406277,8.07448400942e-05,9.31671231856e-05,6.2111415457e-06,0.00588195104378,0.00129191744151,1.86334246371e-05,0.000161489680188,2.48445661828e-05,0.0,0.00430432109117,0.00493164638729,0.0,0.000204967671008,1.24222830914e-05,0.00507450264284,0.000583847305296,0.00389438574916,0.000627325296116
Gen 161
string_,string_rot,integer_swap,exec_sho,integer_gte,boolean_shove,boolean_and,string_pop,exec_eq,string_yankd,string_parse_to_chars,integer_lt,string_stackdepth,exec_do*whi,char_r,char_p,boolean_sw,integer_sho,boolean_invert_second_then_a,print_integ,char_iswhitespace,string_removechar,exec_emp,string_first,string_conc,string_yank,string_concat,string_setchar,exec_yankd,string_length,string_replacefirstch,char_d,integer_eq,exec_do*tim,string_emptystri,string_reverse,exec_yankdup,string_repla,exec_,char_ya,integer_mu,string_replacech,boolean_yankd,char_isletter,integer_add,string_empty,char_isdigit,print_integer,exec_shove,integer_fromstri,string_conjchar,boolean_or,boolean_empty,exec_wh,string_fromchar,integer_yankd,exec_do*while,integer_rot,string_rest,boolean_flu,integer_stackdep,char_iswhitespa,char_allfromstring,boolean_,char_allfromstri,exec_stackdepth,exec_do*range,char_shove,char_stackdep,string_removech,exec_stackdep,boolean_sho,string_indexofch,string_stackdep,string_leng,print_ch,integer_mult,boolean_xor,boolean_yankdup,integer_min,string_emp,integer_fromch,exec_yank,char_stackdepth,char_sw,integer_fromboole,string_replace,integer_div,string_replacefirst,boolean_frominteger,string_butla,char_isdig,integer_flush,integer_,string_yankdup,char_flu,print_exec,integer_yank,boolean_frominteg,string_emptystring,char_yankd,boolean_ya,string_swap,print_ex,exec_d,integer_max,char_swap,string_contains,char_empty,exec_dup,exec_k,string_frominteg,exec_noop,exec_p,exec_r,exec_s,string_sho,integer_flu,exec_y,boolean_rot,boolean_a,integer_ya,exec_ya,boolean_invert_first_then_a,string_spl,string_occurrencesofch,integer_yankdup,string_replacechar,char_sho,string_fromboolean,print_stri,exec_string_itera,print_newli,string_ta,string_replacefirstchar,string_substring,boolean_stackdepth,string_shove,string_containschar,exec_do*ran,char_yankdup,char_yank,integer_sw,exec_do*times,string_fromch,integer_shove,exec_if,exec_whi,integer_g,char_frominteger,char_frominteg,boolean_dup,string_eq,boolean_not,char_eq,boolean_flush,boolean_pop,string_butlast,exec_swap,string_replacefir,boolean_swap,exec_sw,string_n,print_string,exec_flush,print_newline,integer_a,string_d,string_dup,string_frominteger,string_contai,integer_mod,exec_do*count,string_fir,string_r,integer_fromchar,string_p,integer_inc,boolean_invert_first_then_and,integer_fromstring,exec_rot,integer_m,boolean_d,char_rot,exec_do*cou,string_take,exec_string_iterate,string_split,integer_pop,boolean_n,string_re,boolean_p,boolean_r,exec_pop,string_sw,boolean_x,boolean_emp,string_la,char_emp,boolean_stackdep,string_parse_to_cha,print_char,integer_dup,boolean_invert_second_then_and,integer_sub,string_setch,exec_no,boolean_yank,char_islett,string_ya,string_flu,integer_stackdepth,integer_emp,integer_dec,print_boole,integer_gt,exec,string_indexofchar,in1,char_dup,char_flush,char_pop,integer_lte,string_conjch,exec_flu,string_containsch,boolean_eq,string_flush,print_boolean,integer_d,string_rever,char_,exec_empty,string_last,integer_l,exec_when,integer_i,string_substri,string_nth,string_occurrencesofchar,integer_r,integer_s,integer_p,exec_while,integer_fromboolean,integer_empty,string_fromboole
0.0,0.00616662860106,0.00115431386226,0.000160492836464,0.00548762044679,0.00556169406362,0.000506169715002,0.00567897729026,0.00199381485299,0.0,0.00617280140246,0.00385800087654,0.00206171566842,6.17280140246e-06,6.17280140246e-06,1.85184042074e-05,0.0,0.0,0.000419750495367,6.17280140246e-06,0.00204319726421,0.00341355917556,6.17280140246e-06,0.00184566761934,1.23456028049e-05,0.00223455410769,0.00223455410769,0.00406170332282,4.93824112197e-05,0.00617280140246,6.17280140246e-06,4.32096098172e-05,0.00363578002605,1.23456028049e-05,6.17280140246e-06,0.00612959179264,0.00516663477386,9.25920210369e-05,6.17280140246e-06,0.000129628829452,1.23456028049e-05,0.000111110425244,1.23456028049e-05,0.00420985055648,0.00245060215678,0.00461108264764,0.006012308566,0.000228393651891,0.00567897729026,4.93824112197e-05,0.000635798544453,0.00530243640471,0.0027592422269,0.0,0.00145060832958,3.70368084148e-05,0.00503700594441,0.00227776371751,0.00453700903081,4.93824112197e-05,0.000172838439269,0.0,0.00256171258202,4.32096098172e-05,9.25920210369e-05,0.00163579237165,0.00037654088555,0.00151850914501,0.000135801630854,2.46912056098e-05,1.85184042074e-05,0.000185184042074,4.93824112197e-05,3.08640070123e-05,8.64192196344e-05,6.79008154271e-05,0.00227776371751,0.00162344676885,0.00204319726421,0.000765427373905,3.08640070123e-05,1.85184042074e-05,0.00115431386226,0.00166665637866,0.0,0.0,0.00608638218283,0.00197529644879,0.00332713995593,0.0020061604558,0.000123456028049,8.64192196344e-05,0.00424688736489,0.000259257658903,0.00518515317807,0.0,3.70368084148e-05,0.00582712452392,1.23456028049e-05,0.000956784217381,0.0,0.0,0.00580243331831,0.0,6.17280140246e-06,0.00242591095117,0.00151850914501,0.00435799779014,0.00443207140697,0.00152468194641,0.00403701211721,0.0,0.00139505311696,0.0,2.46912056098e-05,0.000395059289757,1.85184042074e-05,1.85184042074e-05,4.93824112197e-05,0.00174072999549,1.23456028049e-05,3.08640070123e-05,0.0,0.000209875247684,0.0,6.17280140246e-06,0.00161727396744,0.00322220233208,6.17280140246e-06,0.00616045579966,2.46912056098e-05,0.0,0.0,2.46912056098e-05,0.00248763896519,0.00249381176659,0.00505552434862,0.000388886488355,0.00373454484849,6.17280140246e-06,0.00153702754921,0.00223455410769,6.17280140246e-05,0.0037654088555,0.0,0.00106789464263,0.00381479126672,8.0246418232e-05,6.17280140246e-06,0.0035184967994,2.46912056098e-05,0.00267899580867,0.00228393651891,0.00580860611972,0.000895056203357,0.00414812254245,0.00496293232758,0.004524663428,0.000395059289757,0.0,0.00173455719409,0.0,2.46912056098e-05,0.00540120122715,0.000246912056098,8.0246418232e-05,2.46912056098e-05,0.0,0.000185184042074,0.00120369627348,6.17280140246e-06,0.00578391491411,0.00422836896069,6.17280140246e-06,4.32096098172e-05,0.00509256115703,0.000370368084148,0.00613576459405,0.00440738020136,0.00287652545355,0.00367898963587,0.000234566453293,6.17280140246e-06,0.00359874321763,3.70368084148e-05,0.00180863081092,0.000203702446281,0.000561724927624,0.00152468194641,1.85184042074e-05,0.000111110425244,6.17280140246e-06,0.0,0.000524688119209,3.08640070123e-05,6.17280140246e-06,6.79008154271e-05,0.0,3.70368084148e-05,0.000290121665916,2.46912056098e-05,0.00467898346307,0.00187035882495,0.00572218690008,0.00616045579966,0.000117283226647,1.23456028049e-05,0.00158640996043,1.23456028049e-05,0.0,0.0,0.00512959796544,3.70368084148e-05,0.00303084548861,0.0,0.00558638526923,3.08640070123e-05,0.00293825346757,0.00617280140246,0.00117900506787,0.00080246418232,0.0042592329677,0.00166048357726,0.0,0.0,0.0,0.00306170949562,0.00264813180166,5.55552126221e-05,0.000104937623842,4.93824112197e-05,0.0,0.00590119814075,0.00142591712397,4.32096098172e-05,0.000259257658903,4.32096098172e-05,6.17280140246e-06,0.00433947938593,0.00514811636965,0.0,0.000191356843476,3.08640070123e-05,0.0047715754841,0.00085184659354,0.00387651928075,0.000580243331831
Gen 162
string_,string_rot,integer_swap,exec_sho,integer_gte,boolean_shove,boolean_and,string_pop,exec_eq,string_yankd,string_parse_to_chars,integer_lt,string_stackdepth,exec_do*whi,char_r,char_p,boolean_sw,integer_sho,boolean_invert_second_then_a,print_integ,char_iswhitespace,string_removechar,exec_emp,string_first,string_conc,string_yank,string_concat,string_setchar,exec_yankd,string_length,string_replacefirstch,char_d,integer_eq,exec_do*tim,string_emptystri,string_reverse,exec_yankdup,string_repla,exec_,char_ya,integer_mu,string_replacech,boolean_yankd,char_isletter,integer_add,string_empty,char_isdigit,print_integer,exec_shove,integer_fromstri,string_conjchar,boolean_or,boolean_empty,exec_wh,string_fromchar,integer_yankd,exec_do*while,integer_rot,string_rest,boolean_flu,integer_stackdep,char_iswhitespa,char_allfromstring,boolean_,char_allfromstri,exec_stackdepth,exec_do*range,char_shove,char_stackdep,string_removech,exec_stackdep,boolean_sho,string_indexofch,string_stackdep,string_leng,print_ch,integer_mult,boolean_xor,boolean_yankdup,integer_min,string_emp,integer_fromch,exec_yank,char_stackdepth,char_sw,integer_fromboole,string_replace,integer_div,string_replacefirst,boolean_frominteger,string_butla,char_isdig,integer_flush,integer_,string_yankdup,char_flu,print_exec,integer_yank,boolean_frominteg,string_emptystring,char_yankd,boolean_ya,string_swap,print_ex,exec_d,integer_max,char_swap,string_contains,char_empty,exec_dup,exec_k,string_frominteg,exec_noop,exec_p,exec_r,exec_s,string_sho,integer_flu,exec_y,boolean_rot,boolean_a,integer_ya,exec_ya,boolean_invert_first_then_a,string_spl,string_occurrencesofch,integer_yankdup,string_replacechar,char_sho,string_fromboolean,print_stri,exec_string_itera,print_newli,string_ta,string_replacefirstchar,string_substring,boolean_stackdepth,string_shove,string_containschar,exec_do*ran,char_yankdup,char_yank,integer_sw,exec_do*times,string_fromch,integer_shove,exec_if,exec_whi,integer_g,char_frominteger,char_frominteg,boolean_dup,string_eq,boolean_not,char_eq,boolean_flush,boolean_pop,string_butlast,exec_swap,string_replacefir,boolean_swap,exec_sw,string_n,print_string,exec_flush,print_newline,integer_a,string_d,string_dup,string_frominteger,string_contai,integer_mod,exec_do*count,string_fir,string_r,integer_fromchar,string_p,integer_inc,boolean_invert_first_then_and,integer_fromstring,exec_rot,integer_m,boolean_d,char_rot,exec_do*cou,string_take,exec_string_iterate,string_split,integer_pop,boolean_n,string_re,boolean_p,boolean_r,exec_pop,string_sw,boolean_x,boolean_emp,string_la,char_emp,boolean_stackdep,string_parse_to_cha,print_char,integer_dup,boolean_invert_second_then_and,integer_sub,string_setch,exec_no,boolean_yank,char_islett,string_ya,string_flu,integer_stackdepth,integer_emp,integer_dec,print_boole,integer_gt,exec,string_indexofchar,in1,char_dup,char_flush,char_pop,integer_lte,string_conjch,exec_flu,string_containsch,boolean_eq,string_flush,print_boolean,integer_d,string_rever,char_,exec_empty,string_last,integer_l,exec_when,integer_i,string_substri,string_nth,string_occurrencesofchar,integer_r,integer_s,integer_p,exec_while,integer_fromboolean,integer_empty,string_fromboole
0.0,0.00613493168754,0.00127606579101,0.000539873988503,0.00550303372372,0.00552143851878,0.000607358237066,0.00569935153772,0.00229446445114,1.22698633751e-05,0.00612266182416,0.0038895466899,0.00244170281164,0.0,0.0,6.74842485629e-05,0.0,6.13493168754e-06,0.000300611652689,0.0,0.00194477334495,0.00304292611702,3.06746584377e-05,0.00191409868651,1.22698633751e-05,0.00165643155563,0.00223925006595,0.00406745970884,9.2023975313e-05,0.00613493168754,6.13493168754e-06,4.29445218127e-05,0.00391408641665,0.0,6.13493168754e-06,0.00611039196079,0.00539873988503,6.13493168754e-05,3.68095901252e-05,0.000159508223876,0.0,0.000165643155563,0.0,0.0043312617714,0.00208587677376,0.00439874601996,0.00598769332703,0.000177913018939,0.00571775633278,3.06746584377e-05,0.000650302758879,0.00540487481672,0.00261348089889,6.13493168754e-06,0.00180980484782,2.45397267501e-05,0.00499383439365,0.00201225759351,0.00455825424384,6.74842485629e-05,0.000239262335814,1.22698633751e-05,0.00266869528408,4.90794535003e-05,9.81589070006e-05,0.00149078840007,0.000343556174502,0.00188955895976,0.000116563702063,4.90794535003e-05,0.0,0.000165643155563,6.13493168754e-06,6.13493168754e-06,4.29445218127e-05,7.9754111938e-05,0.00227605965608,0.00163189182888,0.00238648842645,0.00109201784038,1.84047950626e-05,0.0,0.00128833565438,0.0015275979902,1.22698633751e-05,6.13493168754e-06,0.00607358237066,0.00217790074908,0.00311654529727,0.00180366991614,0.000128833565438,7.9754111938e-05,0.00424537272777,0.000226992472439,0.00498156453028,6.13493168754e-06,4.29445218127e-05,0.00586499469328,6.13493168754e-06,0.000852755504567,6.13493168754e-06,0.0,0.00564413715253,0.0,1.22698633751e-05,0.00180980484782,0.00182820964289,0.00446623026853,0.00452144465371,0.00120244661076,0.00417175354752,0.0,0.00119017674738,6.13493168754e-06,5.52143851878e-05,0.000319016447752,0.0,4.29445218127e-05,4.29445218127e-05,0.00157054251201,0.0,3.06746584377e-05,0.0,0.000177913018939,6.13493168754e-06,3.68095901252e-05,0.00207974184207,0.00347850626683,2.45397267501e-05,0.00612879675585,1.22698633751e-05,0.0,0.0,3.68095901252e-05,0.00256440144539,0.00284660830302,0.0050674535739,0.00044785001319,0.00357053024215,6.13493168754e-06,0.00160735210213,0.00192636854989,3.06746584377e-05,0.00340488708658,1.22698633751e-05,0.00100612879676,0.00365641928577,6.74842485629e-05,6.13493168754e-06,0.00341715694996,2.45397267501e-05,0.00217176581739,0.00207360691039,0.00585272482991,0.000754596597567,0.00377911791952,0.0050183741204,0.00449076999528,0.000337421242814,0.0,0.00163189182888,0.0,3.06746584377e-05,0.00536806522659,0.000282206857627,8.58890436255e-05,1.84047950626e-05,0.0,0.000177913018939,0.00103680345519,0.0,0.00580364537641,0.00428831724959,0.0,2.45397267501e-05,0.00495702480353,0.000294476721002,0.0061042570291,0.00463800835578,0.00306133091208,0.00342942681333,0.000159508223876,6.13493168754e-06,0.00346623640346,3.68095901252e-05,0.00161348703382,0.000171778087251,0.000312881516064,0.0014294390832,1.84047950626e-05,0.000110428770376,0.0,0.0,0.000515334261753,1.22698633751e-05,0.0,3.06746584377e-05,0.0,1.84047950626e-05,0.000208587677376,3.68095901252e-05,0.0048220563064,0.00185888430132,0.00566867687928,0.00612266182416,3.68095901252e-05,2.45397267501e-05,0.00214109115895,0.0,0.0,0.0,0.0049202152134,3.68095901252e-05,0.00325151379439,0.0,0.00565027208422,1.84047950626e-05,0.00293249734664,0.00613493168754,0.00113496236219,0.00123312126919,0.00430058711296,0.00188955895976,1.22698633751e-05,0.0,0.0,0.00323924393102,0.0019202336182,6.74842485629e-05,0.000116563702063,4.29445218127e-05,6.13493168754e-06,0.00591407414678,0.00144784387826,6.13493168754e-06,0.000214722609064,3.06746584377e-05,0.0,0.00438647615659,0.00528217618297,6.13493168754e-06,0.000214722609064,6.13493168754e-06,0.00485273096484,0.000803676051067,0.00396930080184,0.000650302758879
Gen 163
string_,string_rot,integer_swap,exec_sho,integer_gte,boolean_shove,boolean_and,string_pop,exec_eq,string_yankd,string_parse_to_chars,integer_lt,string_stackdepth,exec_do*whi,char_r,char_p,boolean_sw,integer_sho,boolean_invert_second_then_a,print_integ,char_iswhitespace,string_removechar,exec_emp,string_first,string_conc,string_yank,string_concat,string_setchar,exec_yankd,string_length,string_replacefirstch,char_d,integer_eq,exec_do*tim,string_emptystri,string_reverse,exec_yankdup,string_repla,exec_,char_ya,integer_mu,string_replacech,boolean_yankd,char_isletter,integer_add,string_empty,char_isdigit,print_integer,exec_shove,integer_fromstri,string_conjchar,boolean_or,boolean_empty,exec_wh,string_fromchar,integer_yankd,exec_do*while,integer_rot,string_rest,boolean_flu,integer_stackdep,char_iswhitespa,char_allfromstring,boolean_,char_allfromstri,exec_stackdepth,exec_do*range,char_shove,char_stackdep,string_removech,exec_stackdep,boolean_sho,string_indexofch,string_stackdep,string_leng,print_ch,integer_mult,boolean_xor,boolean_yankdup,integer_min,string_emp,integer_fromch,exec_yank,char_stackdepth,char_sw,integer_fromboole,string_replace,integer_div,string_replacefirst,boolean_frominteger,string_butla,char_isdig,integer_flush,integer_,string_yankdup,char_flu,print_exec,integer_yank,boolean_frominteg,string_emptystring,char_yankd,boolean_ya,string_swap,print_ex,exec_d,integer_max,char_swap,string_contains,char_empty,exec_dup,exec_k,string_frominteg,exec_noop,exec_p,exec_r,exec_s,string_sho,integer_flu,exec_y,boolean_rot,boolean_a,integer_ya,exec_ya,boolean_invert_first_then_a,string_spl,string_occurrencesofch,integer_yankdup,string_replacechar,char_sho,string_fromboolean,print_stri,exec_string_itera,print_newli,string_ta,string_replacefirstchar,string_substring,boolean_stackdepth,string_shove,string_containschar,exec_do*ran,char_yankdup,char_yank,integer_sw,exec_do*times,string_fromch,integer_shove,exec_if,exec_whi,integer_g,char_frominteger,char_frominteg,boolean_dup,string_eq,boolean_not,char_eq,boolean_flush,boolean_pop,string_butlast,exec_swap,string_replacefir,boolean_swap,exec_sw,string_n,print_string,exec_flush,print_newline,integer_a,string_d,string_dup,string_frominteger,string_contai,integer_mod,exec_do*count,string_fir,string_r,integer_fromchar,string_p,integer_inc,boolean_invert_first_then_and,integer_fromstring,exec_rot,integer_m,boolean_d,char_rot,exec_do*cou,string_take,exec_string_iterate,string_split,integer_pop,boolean_n,string_re,boolean_p,boolean_r,exec_pop,string_sw,boolean_x,boolean_emp,string_la,char_emp,boolean_stackdep,string_parse_to_cha,print_char,integer_dup,boolean_invert_second_then_and,integer_sub,string_setch,exec_no,boolean_yank,char_islett,string_ya,string_flu,integer_stackdepth,integer_emp,integer_dec,print_boole,integer_gt,exec,string_indexofchar,in1,char_dup,char_flush,char_pop,integer_lte,string_conjch,exec_flu,string_containsch,boolean_eq,string_flush,print_boolean,integer_d,string_rever,char_,exec_empty,string_last,integer_l,exec_when,integer_i,string_substri,string_nth,string_occurrencesofchar,integer_r,integer_s,integer_p,exec_while,integer_fromboolean,integer_empty,string_fromboole
0.0,0.00609752379559,0.00260974018451,0.00135365028262,0.00545118627325,0.00408534094304,0.000432924189487,0.00564020951092,0.00321949256407,0.0,0.00609142627179,0.00382314741983,0.00336583313516,6.09752379559e-06,0.0,7.3170285547e-05,0.0,0.0,0.000189023237663,0.0,0.0012438948543,0.00195120761459,1.82925713868e-05,0.00140852799678,1.82925713868e-05,0.00128657752087,0.00329266284962,0.00440241218041,9.14628569338e-05,0.00609752379559,0.0,2.43900951823e-05,0.00403046322888,0.0,6.09752379559e-06,0.0060731337004,0.00557923427296,4.26826665691e-05,1.21950475912e-05,0.000115852952116,1.21950475912e-05,0.000103657904525,6.09752379559e-06,0.00458533789428,0.00146950323474,0.00498167694099,0.00443899732319,0.000195120761459,0.00576215998683,3.65851427735e-05,0.000420729141895,0.00546947884464,0.00342071084932,0.0,0.00117072456875,3.04876189779e-05,0.00531704074975,0.00144511313955,0.00481704379851,3.04876189779e-05,0.000310973713575,0.0,0.00335363808757,7.92678093426e-05,6.70727617515e-05,0.0011097493308,0.000317071237371,0.00299388418363,0.000128047999707,6.09752379559e-06,1.21950475912e-05,0.000195120761459,3.04876189779e-05,1.21950475912e-05,7.3170285547e-05,7.3170285547e-05,0.00314632227852,0.00125608990189,0.00373778208669,0.000713410284084,0.0,1.21950475912e-05,0.00254876494656,0.00131096761605,0.0,0.0,0.00603654855763,0.00157925866306,0.00385363503881,0.00337193065896,0.000128047999707,7.92678093426e-05,0.00452436265633,0.00020731580905,0.00365241675356,0.0,7.92678093426e-05,0.00591459808172,1.82925713868e-05,0.000603654855763,1.82925713868e-05,0.0,0.00578045255822,0.0,3.04876189779e-05,0.00148779580612,0.00136584533021,0.00473167846538,0.0048414338937,0.00126828494948,0.00449387503735,0.0,0.000646337522332,0.0,5.48777141603e-05,0.000292681142188,0.0,2.43900951823e-05,4.87801903647e-05,0.00131096761605,0.0,1.82925713868e-05,0.0,9.14628569338e-05,6.09752379559e-06,1.82925713868e-05,0.00296339656466,0.00398168303852,1.82925713868e-05,0.00609142627179,1.21950475912e-05,6.09752379559e-06,0.0,1.21950475912e-05,0.00321339504027,0.00134755275882,0.00518899275004,0.000445119237078,0.00241461942305,0.0,0.00117072456875,0.00177437942452,1.82925713868e-05,0.00283534856495,6.09752379559e-06,0.000585362284376,0.00285364113633,0.0,3.04876189779e-05,0.0027682758032,0.0,0.00164023390101,0.00154877104408,0.00582313522479,0.00067682514131,0.00256705751794,0.00514631008348,0.00494509179822,0.000201218285254,6.09752379559e-06,0.00134755275882,6.09752379559e-06,0.0,0.00545118627325,0.000195120761459,4.26826665691e-05,1.82925713868e-05,0.0,0.000225608380437,0.000652435046128,0.0,0.00579264760581,0.0048414338937,6.09752379559e-06,1.82925713868e-05,0.00513411503588,0.000164633142481,0.00606093865281,0.00468899579881,0.00381095237224,0.00403046322888,0.000146340571094,6.09752379559e-06,0.00249388723239,3.65851427735e-05,0.0011097493308,0.000384143999122,0.000189023237663,0.001103651807,1.82925713868e-05,6.09752379559e-05,3.04876189779e-05,0.0,0.000317071237371,6.09752379559e-06,0.0,4.87801903647e-05,6.09752379559e-06,1.82925713868e-05,0.00020731580905,0.0,0.00507313979793,0.00303046932641,0.00571337979646,0.00609142627179,3.65851427735e-05,1.21950475912e-05,0.00135365028262,0.0,0.0,0.0,0.00503655465515,6.09752379559e-06,0.00389022018158,0.0,0.0056645996061,6.09752379559e-06,0.0022134011378,0.00609752379559,0.000932921140725,0.00257315504174,0.00471948341778,0.00281095846977,0.0,0.0,0.0,0.00382924494363,0.0035853439918,8.53653331382e-05,8.53653331382e-05,2.43900951823e-05,1.21950475912e-05,0.0059389881769,0.00104877409284,3.65851427735e-05,0.000219510856641,3.65851427735e-05,0.0,0.00461582551326,0.00532313827355,6.09752379559e-06,0.000231705904232,6.09752379559e-06,0.00477436113194,0.000615849903354,0.00495728684581,0.000506094475034
Gen 164
string_,string_rot,integer_swap,exec_sho,integer_gte,boolean_shove,boolean_and,string_pop,exec_eq,string_yankd,string_parse_to_chars,integer_lt,string_stackdepth,exec_do*whi,char_r,char_p,boolean_sw,integer_sho,boolean_invert_second_then_a,print_integ,char_iswhitespace,string_removechar,exec_emp,string_first,string_conc,string_yank,string_concat,string_setchar,exec_yankd,string_length,string_replacefirstch,char_d,integer_eq,exec_do*tim,string_emptystri,string_reverse,exec_yankdup,string_repla,exec_,char_ya,integer_mu,string_replacech,boolean_yankd,char_isletter,integer_add,string_empty,char_isdigit,print_integer,exec_shove,integer_fromstri,string_conjchar,boolean_or,boolean_empty,exec_wh,string_fromchar,integer_yankd,exec_do*while,integer_rot,string_rest,boolean_flu,integer_stackdep,char_iswhitespa,char_allfromstring,boolean_,char_allfromstri,exec_stackdepth,exec_do*range,char_shove,char_stackdep,string_removech,exec_stackdep,boolean_sho,string_indexofch,string_stackdep,string_leng,print_ch,integer_mult,boolean_xor,boolean_yankdup,integer_min,string_emp,integer_fromch,exec_yank,char_stackdepth,char_sw,integer_fromboole,string_replace,integer_div,string_replacefirst,boolean_frominteger,string_butla,char_isdig,integer_flush,integer_,string_yankdup,char_flu,print_exec,integer_yank,boolean_frominteg,string_emptystring,char_yankd,boolean_ya,string_swap,print_ex,exec_d,integer_max,char_swap,string_contains,char_empty,exec_dup,exec_k,string_frominteg,exec_noop,exec_p,exec_r,exec_s,string_sho,integer_flu,exec_y,boolean_rot,boolean_a,integer_ya,exec_ya,boolean_invert_first_then_a,string_spl,string_occurrencesofch,integer_yankdup,string_replacechar,char_sho,string_fromboolean,print_stri,exec_string_itera,print_newli,string_ta,string_replacefirstchar,string_substring,boolean_stackdepth,string_shove,string_containschar,exec_do*ran,char_yankdup,char_yank,integer_sw,exec_do*times,string_fromch,integer_shove,exec_if,exec_whi,integer_g,char_frominteger,char_frominteg,boolean_dup,string_eq,boolean_not,char_eq,boolean_flush,boolean_pop,string_butlast,exec_swap,string_replacefir,boolean_swap,exec_sw,string_n,print_string,exec_flush,print_newline,integer_a,string_d,string_dup,string_frominteger,string_contai,integer_mod,exec_do*count,string_fir,string_r,integer_fromchar,string_p,integer_inc,boolean_invert_first_then_and,integer_fromstring,exec_rot,integer_m,boolean_d,char_rot,exec_do*cou,string_take,exec_string_iterate,string_split,integer_pop,boolean_n,string_re,boolean_p,boolean_r,exec_pop,string_sw,boolean_x,boolean_emp,string_la,char_emp,boolean_stackdep,string_parse_to_cha,print_char,integer_dup,boolean_invert_second_then_and,integer_sub,string_setch,exec_no,boolean_yank,char_islett,string_ya,string_flu,integer_stackdepth,integer_emp,integer_dec,print_boole,integer_gt,exec,string_indexofchar,in1,char_dup,char_flush,char_pop,integer_lte,string_conjch,exec_flu,string_containsch,boolean_eq,string_flush,print_boolean,integer_d,string_rever,char_,exec_empty,string_last,integer_l,exec_when,integer_i,string_substri,string_nth,string_occurrencesofchar,integer_r,integer_s,integer_p,exec_while,integer_fromboolean,integer_empty,string_fromboole
0.0,0.00606056932988,0.00260604481185,0.000975751662111,0.0054363306889,0.00399997575772,0.000357573590463,0.00547875467421,0.00315149605154,0.0,0.00605450876055,0.00413330828298,0.00332725256211,0.0,6.06056932988e-06,3.63634159793e-05,6.06056932988e-06,0.0,0.000121211386598,0.0,0.00167877770438,0.00199392730953,4.84845546391e-05,0.00144241550051,2.42422773195e-05,0.00112120532603,0.00323634402216,0.00433330707087,6.06056932988e-05,0.00606056932988,1.21211386598e-05,5.45451239689e-05,0.00414542942164,0.0,0.0,0.00604844819122,0.0056181477688,3.03028466494e-05,2.42422773195e-05,0.000109090247938,1.21211386598e-05,7.27268319586e-05,6.06056932988e-06,0.00461209326004,0.00136968866855,0.00501209083581,0.0043393676402,0.000248483342525,0.00578784371004,3.63634159793e-05,0.000684844334277,0.00525451360901,0.00310907206623,1.21211386598e-05,0.00115756874201,1.81817079896e-05,0.00525451360901,0.00112726589536,0.00489087944922,3.63634159793e-05,0.000260604481185,0.0,0.00310907206623,9.09085399482e-05,7.27268319586e-05,0.00120605329665,0.000412118714432,0.00292725498633,9.09085399482e-05,0.0,4.84845546391e-05,0.000133332525257,3.63634159793e-05,1.21211386598e-05,0.000103029678608,5.45451239689e-05,0.00283028587706,0.00107272077139,0.00381815867783,0.00053333010103,0.0,0.0,0.00247271228659,0.00118181101933,6.06056932988e-06,6.06056932988e-06,0.00598784249792,0.00130302240592,0.00399997575772,0.00336361597808,0.000109090247938,2.42422773195e-05,0.00439997333349,0.000175756510567,0.0034484639487,0.0,5.45451239689e-05,0.0057999648487,0.0,0.000642420348968,6.06056932988e-06,0.0,0.00572723801674,0.0,1.81817079896e-05,0.00129696183659,0.00145453663917,0.00464239610669,0.00439997333349,0.00116968988067,0.00449694244277,0.0,0.000775752874225,0.0,9.09085399482e-05,0.000327270743814,6.06056932988e-06,3.03028466494e-05,4.84845546391e-05,0.00118787158866,0.0,1.21211386598e-05,0.0,0.000127271955928,6.06056932988e-05,0.0,0.00252119684123,0.00404239974303,4.24239853092e-05,0.00605450876055,1.21211386598e-05,0.0,0.0,1.21211386598e-05,0.00288483100102,0.00129090126727,0.00536360385695,0.000709086611596,0.00253331797989,0.0,0.00143029436185,0.00145453663917,0.0,0.00244240943994,0.0,0.000618178071648,0.00285452815437,1.81817079896e-05,1.21211386598e-05,0.00279392246108,2.42422773195e-05,0.00159392973376,0.00135150696056,0.00569087460076,0.000757571166235,0.00258786310386,0.00506663595978,0.00491512172653,0.000193938218556,0.0,0.00115150817268,0.0,1.81817079896e-05,0.00557572378349,0.000121211386598,5.45451239689e-05,3.03028466494e-05,0.0,0.000436360991752,0.000684844334277,0.0,0.00576360143272,0.00475754692396,6.06056932988e-06,1.21211386598e-05,0.00524845303968,0.000151514233247,0.00603632705256,0.0045030030121,0.00394543063375,0.00415148999097,0.000109090247938,1.21211386598e-05,0.00233937976133,3.63634159793e-05,0.00130908297525,0.000490906115721,0.000381815867783,0.00118787158866,2.42422773195e-05,9.69691092781e-05,1.21211386598e-05,0.0,0.000254543911855,0.0,6.06056932988e-06,0.000115150817268,0.0,2.42422773195e-05,0.000309089035824,4.84845546391e-05,0.00513936279174,0.00299998181829,0.00569087460076,0.00604844819122,3.03028466494e-05,3.03028466494e-05,0.00136362809922,6.06056932988e-06,6.06056932988e-06,0.0,0.00518784734638,0.0,0.00364240216726,6.06056932988e-06,0.00554542093684,3.03028466494e-05,0.00241210659329,0.00606056932988,0.000903024830153,0.00250301513324,0.00470906236932,0.0025151362719,1.21211386598e-05,0.0,0.0,0.00372118956855,0.00343634281004,9.69691092781e-05,0.000103029678608,1.81817079896e-05,6.06056932988e-06,0.00587269168066,0.00108484191005,1.81817079896e-05,0.000303028466494,2.42422773195e-05,6.06056932988e-06,0.00418785340695,0.00529087702499,1.21211386598e-05,0.000290907327834,0.0,0.00487875831056,0.000606056932988,0.00478784977061,0.00050302725438
Gen 165
string_,string_rot,integer_swap,exec_sho,integer_gte,boolean_shove,boolean_and,string_pop,exec_eq,string_yankd,string_parse_to_chars,integer_lt,string_stackdepth,exec_do*whi,char_r,char_p,boolean_sw,integer_sho,boolean_invert_second_then_a,print_integ,char_iswhitespace,string_removechar,exec_emp,string_first,string_conc,string_yank,string_concat,string_setchar,exec_yankd,string_length,string_replacefirstch,char_d,integer_eq,exec_do*tim,string_emptystri,string_reverse,exec_yankdup,string_repla,exec_,char_ya,integer_mu,string_replacech,boolean_yankd,char_isletter,integer_add,string_empty,char_isdigit,print_integer,exec_shove,integer_fromstri,string_conjchar,boolean_or,boolean_empty,exec_wh,string_fromchar,integer_yankd,exec_do*while,integer_rot,string_rest,boolean_flu,integer_stackdep,char_iswhitespa,char_allfromstring,boolean_,char_allfromstri,exec_stackdepth,exec_do*range,char_shove,char_stackdep,string_removech,exec_stackdep,boolean_sho,string_indexofch,string_stackdep,string_leng,print_ch,integer_mult,boolean_xor,boolean_yankdup,integer_min,string_emp,integer_fromch,exec_yank,char_stackdepth,char_sw,integer_fromboole,string_replace,integer_div,string_replacefirst,boolean_frominteger,string_butla,char_isdig,integer_flush,integer_,string_yankdup,char_flu,print_exec,integer_yank,boolean_frominteg,string_emptystring,char_yankd,boolean_ya,string_swap,print_ex,exec_d,integer_max,char_swap,string_contains,char_empty,exec_dup,exec_k,string_frominteg,exec_noop,exec_p,exec_r,exec_s,string_sho,integer_flu,exec_y,boolean_rot,boolean_a,integer_ya,exec_ya,boolean_invert_first_then_a,string_spl,string_occurrencesofch,integer_yankdup,string_replacechar,char_sho,string_fromboolean,print_stri,exec_string_itera,print_newli,string_ta,string_replacefirstchar,string_substring,boolean_stackdepth,string_shove,string_containschar,exec_do*ran,char_yankdup,char_yank,integer_sw,exec_do*times,string_fromch,integer_shove,exec_if,exec_whi,integer_g,char_frominteger,char_frominteg,boolean_dup,string_eq,boolean_not,char_eq,boolean_flush,boolean_pop,string_butlast,exec_swap,string_replacefir,boolean_swap,exec_sw,string_n,print_string,exec_flush,print_newline,integer_a,string_d,string_dup,string_frominteger,string_contai,integer_mod,exec_do*count,string_fir,string_r,integer_fromchar,string_p,integer_inc,boolean_invert_first_then_and,integer_fromstring,exec_rot,integer_m,boolean_d,char_rot,exec_do*cou,string_take,exec_string_iterate,string_split,integer_pop,boolean_n,string_re,boolean_p,boolean_r,exec_pop,string_sw,boolean_x,boolean_emp,string_la,char_emp,boolean_stackdep,string_parse_to_cha,print_char,integer_dup,boolean_invert_second_then_and,integer_sub,string_setch,exec_no,boolean_yank,char_islett,string_ya,string_flu,integer_stackdepth,integer_emp,integer_dec,print_boole,integer_gt,exec,string_indexofchar,in1,char_dup,char_flush,char_pop,integer_lte,string_conjch,exec_flu,string_containsch,boolean_eq,string_flush,print_boolean,integer_d,string_rever,char_,exec_empty,string_last,integer_l,exec_when,integer_i,string_substri,string_nth,string_occurrencesofchar,integer_r,integer_s,integer_p,exec_while,integer_fromboolean,integer_empty,string_fromboole
0.0,0.00599996385564,0.00266865862254,0.000686742850947,0.00548791874748,0.00376503756001,0.000301203004801,0.00533129318498,0.00328913681243,0.0,0.00601803603593,0.00412045710568,0.00280118794465,1.2048120192e-05,0.0,4.81924807682e-05,0.0,0.0,0.000138553382209,1.2048120192e-05,0.00152408720429,0.00183131426919,3.01203004801e-05,0.00131926916103,1.80721802881e-05,0.000945777435076,0.00341564207445,0.00428310672827,0.000102409021632,0.00602406009602,3.61443605761e-05,3.01203004801e-05,0.00401202402395,0.0,6.02406009602e-06,0.00602406009602,0.0056083999494,4.21684206722e-05,5.42165408642e-05,4.21684206722e-05,6.02406009602e-06,6.02406009602e-05,1.2048120192e-05,0.00453009319221,0.00160239998554,0.00490358491816,0.00416262552635,0.000289154884609,0.00566261649026,1.2048120192e-05,0.000548189468738,0.00535538942536,0.00262649020187,0.0,0.000915657134596,6.02406009602e-06,0.00521081198306,0.00134336540141,0.00471683905519,2.40962403841e-05,0.000210842103361,0.0,0.00251203306004,7.83127812483e-05,1.80721802881e-05,0.0012108360793,0.000349395485569,0.00291564508648,6.62646610563e-05,1.80721802881e-05,6.02406009602e-06,0.000174697742785,6.02406009602e-06,3.61443605761e-05,0.000102409021632,8.43368413443e-05,0.00237950373793,0.00124095637978,0.00395178342299,0.000512045108162,0.0,3.01203004801e-05,0.00263853832206,0.0013674616418,0.0,0.0,0.00592767513449,0.00134336540141,0.00392166312251,0.0034879307956,0.000102409021632,6.02406009602e-06,0.00441563605039,0.000204818043265,0.00351202703598,0.0,3.61443605761e-05,0.00583129017295,6.02406009602e-06,0.00062047818989,1.2048120192e-05,0.0,0.00569273679074,0.0,0.0,0.00119878795911,0.00124095637978,0.00475298341576,0.00404816838453,0.00109637893748,0.00428913078837,0.0,0.000722887211523,0.0,3.61443605761e-05,0.000325299245185,1.2048120192e-05,4.81924807682e-05,4.81924807682e-05,0.00119878795911,0.0,1.2048120192e-05,0.0,0.000132529322113,6.02406009602e-06,1.2048120192e-05,0.00183733832929,0.00342769019464,2.40962403841e-05,0.00602406009602,6.02406009602e-06,6.02406009602e-06,0.0,0.0,0.00268070674273,0.00115059547834,0.005144547322,0.00116866765863,0.00254817742062,0.0,0.00115661953844,0.00150601502401,6.02406009602e-06,0.00236745561774,0.0,0.000566261649026,0.00266263456244,1.2048120192e-05,1.80721802881e-05,0.00281323606484,1.2048120192e-05,0.00142770224276,0.00133131728122,0.00567466461045,0.000704815031235,0.00230119095668,0.00510237890133,0.00480719995663,0.000138553382209,0.0,0.0013614375817,0.0,6.02406009602e-06,0.00556623152873,0.000240962403841,4.21684206722e-05,0.0,0.0,0.000265058644225,0.000548189468738,1.80721802881e-05,0.00574695333161,0.00456623755279,0.0,3.61443605761e-05,0.00522286010325,0.000222890223553,0.00598791573545,0.00390961500232,0.00388551876194,0.00428913078837,0.000174697742785,0.0,0.00228311877639,2.40962403841e-05,0.00110240299757,0.000554213528834,0.000367467665857,0.00110240299757,6.62646610563e-05,0.000138553382209,3.61443605761e-05,0.0,0.000210842103361,6.02406009602e-06,0.0,0.000138553382209,6.02406009602e-06,1.80721802881e-05,0.000259034584129,1.80721802881e-05,0.00506623454076,0.00280118794465,0.0056023758893,0.00602406009602,3.01203004801e-05,6.02406009602e-06,0.00123493231968,6.02406009602e-06,0.0,0.0,0.00509635484124,6.02406009602e-06,0.00374094131963,0.0,0.00537948566575,6.02406009602e-06,0.00192167517063,0.00602406009602,0.000957825555268,0.00286745260571,0.00478912777634,0.00198793983169,6.02406009602e-06,0.0,6.02406009602e-06,0.00366865259848,0.003638532298,0.000102409021632,0.000108433081728,5.42165408642e-05,1.2048120192e-05,0.00574695333161,0.00104216239661,4.21684206722e-05,0.000331323305281,2.40962403841e-05,6.02406009602e-06,0.00371082101915,0.00534334130517,6.02406009602e-06,0.000343371425473,0.0,0.00487346461768,0.000548189468738,0.00508430672104,0.000403612026434
Gen 166
string_,string_rot,integer_swap,exec_sho,integer_gte,boolean_shove,boolean_and,string_pop,exec_eq,string_yankd,string_parse_to_chars,integer_lt,string_stackdepth,exec_do*whi,char_r,char_p,boolean_sw,integer_sho,boolean_invert_second_then_a,print_integ,char_iswhitespace,string_removechar,exec_emp,string_first,string_conc,string_yank,string_concat,string_setchar,exec_yankd,string_length,string_replacefirstch,char_d,integer_eq,exec_do*tim,string_emptystri,string_reverse,exec_yankdup,string_repla,exec_,char_ya,integer_mu,string_replacech,boolean_yankd,char_isletter,integer_add,string_empty,char_isdigit,print_integer,exec_shove,integer_fromstri,string_conjchar,boolean_or,boolean_empty,exec_wh,string_fromchar,integer_yankd,exec_do*while,integer_rot,string_rest,boolean_flu,integer_stackdep,char_iswhitespa,char_allfromstring,boolean_,char_allfromstri,exec_stackdepth,exec_do*range,char_shove,char_stackdep,string_removech,exec_stackdep,boolean_sho,string_indexofch,string_stackdep,string_leng,print_ch,integer_mult,boolean_xor,boolean_yankdup,integer_min,string_emp,integer_fromch,exec_yank,char_stackdepth,char_sw,integer_fromboole,string_replace,integer_div,string_replacefirst,boolean_frominteger,string_butla,char_isdig,integer_flush,integer_,string_yankdup,char_flu,print_exec,integer_yank,boolean_frominteg,string_emptystring,char_yankd,boolean_ya,string_swap,print_ex,exec_d,integer_max,char_swap,string_contains,char_empty,exec_dup,exec_k,string_frominteg,exec_noop,exec_p,exec_r,exec_s,string_sho,integer_flu,exec_y,boolean_rot,boolean_a,integer_ya,exec_ya,boolean_invert_first_then_a,string_spl,string_occurrencesofch,integer_yankdup,string_replacechar,char_sho,string_fromboolean,print_stri,exec_string_itera,print_newli,string_ta,string_replacefirstchar,string_substring,boolean_stackdepth,string_shove,string_containschar,exec_do*ran,char_yankdup,char_yank,integer_sw,exec_do*times,string_fromch,integer_shove,exec_if,exec_whi,integer_g,char_frominteger,char_frominteg,boolean_dup,string_eq,boolean_not,char_eq,boolean_flush,boolean_pop,string_butlast,exec_swap,string_replacefir,boolean_swap,exec_sw,string_n,print_string,exec_flush,print_newline,integer_a,string_d,string_dup,string_frominteger,string_contai,integer_mod,exec_do*count,string_fir,string_r,integer_fromchar,string_p,integer_inc,boolean_invert_first_then_and,integer_fromstring,exec_rot,integer_m,boolean_d,char_rot,exec_do*cou,string_take,exec_string_iterate,string_split,integer_pop,boolean_n,string_re,boolean_p,boolean_r,exec_pop,string_sw,boolean_x,boolean_emp,string_la,char_emp,boolean_stackdep,string_parse_to_cha,print_char,integer_dup,boolean_invert_second_then_and,integer_sub,string_setch,exec_no,boolean_yank,char_islett,string_ya,string_flu,integer_stackdepth,integer_emp,integer_dec,print_boole,integer_gt,exec,string_indexofchar,in1,char_dup,char_flush,char_pop,integer_lte,string_conjch,exec_flu,string_containsch,boolean_eq,string_flush,print_boolean,integer_d,string_rever,char_,exec_empty,string_last,integer_l,exec_when,integer_i,string_substri,string_nth,string_occurrencesofchar,integer_r,integer_s,integer_p,exec_while,integer_fromboolean,integer_empty,string_fromboole
5.98798809588e-06,0.00594607217921,0.002622738786,0.000628738750067,0.00547900910773,0.00323950155987,0.000257483488123,0.00525745354818,0.00325147753606,0.0,0.00597002413159,0.00417961569092,0.00268860665505,1.19759761918e-05,0.0,5.98798809588e-06,0.0,0.0,0.000173651654781,0.0,0.00136526128586,0.00150298501207,4.19159166712e-05,0.00132334536919,1.19759761918e-05,0.000898198214382,0.00353291297657,0.00441913521476,0.000143711714301,0.00598798809588,1.19759761918e-05,2.39519523835e-05,0.00426344752427,5.98798809588e-06,5.98798809588e-06,0.0059640361435,0.00553290100059,1.19759761918e-05,4.19159166712e-05,1.79639642876e-05,5.98798809588e-06,4.19159166712e-05,1.79639642876e-05,0.00441314722666,0.00149699702397,0.00497003011958,0.00413769977425,0.000239519523835,0.00569457667918,2.99399404794e-05,0.00050897898815,0.00526942952437,0.00280836641697,0.0,0.000700594607218,2.39519523835e-05,0.00518559769103,0.00135927329776,0.00484428236957,1.19759761918e-05,0.000161675678589,5.98798809588e-06,0.00274249854791,4.7903904767e-05,2.99399404794e-05,0.00155687690493,0.000311375380986,0.00302992197652,8.98198214382e-05,1.79639642876e-05,5.98798809588e-06,0.000149699702397,1.19759761918e-05,2.99399404794e-05,9.58078095341e-05,2.99399404794e-05,0.0020359159526,0.00165268471446,0.00414368776235,0.000419159166712,1.19759761918e-05,0.0,0.00289219825031,0.00129939341681,0.0,0.0,0.00589218028635,0.00134729732157,0.00411374782187,0.00379638445279,7.18558571506e-05,5.98798809588e-06,0.00416763971473,0.00020359159526,0.00337123729798,5.98798809588e-06,4.7903904767e-05,0.00579637247681,5.98798809588e-06,0.000520954964342,4.19159166712e-05,0.0,0.00559278088155,0.0,2.39519523835e-05,0.00106586188107,0.00105987389297,0.00477242651242,0.00358081688134,0.000994006023916,0.00446105113143,0.0,0.000640714726259,5.98798809588e-06,7.18558571506e-05,0.000293411416698,0.0,0.000161675678589,2.99399404794e-05,0.00108382584535,5.98798809588e-06,1.19759761918e-05,5.98798809588e-06,0.000167663666685,0.0,5.98798809588e-06,0.00177244447638,0.00331135741702,2.39519523835e-05,0.00598798809588,2.99399404794e-05,2.99399404794e-05,0.0,0.0,0.00282034239316,0.00113771773822,0.00510176585769,0.0013053814049,0.00258082286932,5.98798809588e-06,0.00112574176203,0.00143112915492,5.98798809588e-06,0.00271854659553,0.0,0.000502991000054,0.00251495500027,1.79639642876e-05,5.98798809588e-06,0.00283830635745,1.19759761918e-05,0.0014490931192,0.00132334536919,0.00551493703631,0.000778438452464,0.00194010814307,0.00496404213148,0.00490416225053,0.000143711714301,5.98798809588e-06,0.00140118921444,1.19759761918e-05,1.79639642876e-05,0.00558080490536,0.000137723726205,5.38918928629e-05,2.39519523835e-05,0.0,0.000353291297657,0.000550894904821,5.98798809588e-06,0.00570655265537,0.00469458266717,5.98798809588e-06,5.98798809588e-05,0.00521553763151,0.000209579583356,0.0059520601673,0.00362273279801,0.00358081688134,0.00419757965521,0.000149699702397,0.0,0.00251495500027,1.79639642876e-05,0.00131735738109,0.000616762773876,0.00037724325004,0.000874246261998,3.59279285753e-05,4.7903904767e-05,1.19759761918e-05,0.0,0.000173651654781,0.0,5.98798809588e-06,8.98198214382e-05,5.98798809588e-06,3.59279285753e-05,0.000221555559548,2.39519523835e-05,0.004934102191,0.00318560966701,0.0052335015958,0.00598798809588,2.39519523835e-05,5.98798809588e-06,0.00114370572631,0.0,5.98798809588e-06,5.98798809588e-06,0.00499997006006,1.79639642876e-05,0.00391614421471,0.0,0.00520954964342,1.19759761918e-05,0.00197603607164,0.00598798809588,0.000808378392944,0.0032035736313,0.00456284692906,0.00222154358357,5.98798809588e-06,0.0,0.0,0.00385626433375,0.00394009616709,0.000113771773822,9.58078095341e-05,2.39519523835e-05,0.0,0.00542511721487,0.000844306321519,3.59279285753e-05,0.000365267273849,5.38918928629e-05,0.0,0.0033353093694,0.00543709319106,1.19759761918e-05,0.000329339345273,0.0,0.00488619828624,0.000437123130999,0.0052275136077,0.000419159166712
Gen 167
string_,string_rot,integer_swap,exec_sho,integer_gte,boolean_shove,boolean_and,string_pop,exec_eq,string_yankd,string_parse_to_chars,integer_lt,string_stackdepth,exec_do*whi,char_r,char_p,boolean_sw,integer_sho,boolean_invert_second_then_a,print_integ,char_iswhitespace,string_removechar,exec_emp,string_first,string_conc,string_yank,string_concat,string_setchar,exec_yankd,string_length,string_replacefirstch,char_d,integer_eq,exec_do*tim,string_emptystri,string_reverse,exec_yankdup,string_repla,exec_,char_ya,integer_mu,string_replacech,boolean_yankd,char_isletter,integer_add,string_empty,char_isdigit,print_integer,exec_shove,integer_fromstri,string_conjchar,boolean_or,boolean_empty,exec_wh,string_fromchar,integer_yankd,exec_do*while,integer_rot,string_rest,boolean_flu,integer_stackdep,char_iswhitespa,char_allfromstring,boolean_,char_allfromstri,exec_stackdepth,exec_do*range,char_shove,char_stackdep,string_removech,exec_stackdep,boolean_sho,string_indexofch,string_stackdep,string_leng,print_ch,integer_mult,boolean_xor,boolean_yankdup,integer_min,string_emp,integer_fromch,exec_yank,char_stackdepth,char_sw,integer_fromboole,string_replace,integer_div,string_replacefirst,boolean_frominteger,string_butla,char_isdig,integer_flush,integer_,string_yankdup,char_flu,print_exec,integer_yank,boolean_frominteg,string_emptystring,char_yankd,boolean_ya,string_swap,print_ex,exec_d,integer_max,char_swap,string_contains,char_empty,exec_dup,exec_k,string_frominteg,exec_noop,exec_p,exec_r,exec_s,string_sho,integer_flu,exec_y,boolean_rot,boolean_a,integer_ya,exec_ya,boolean_invert_first_then_a,string_spl,string_occurrencesofch,integer_yankdup,string_replacechar,char_sho,string_fromboolean,print_stri,exec_string_itera,print_newli,string_ta,string_replacefirstchar,string_substring,boolean_stackdepth,string_shove,string_containschar,exec_do*ran,char_yankdup,char_yank,integer_sw,exec_do*times,string_fromch,integer_shove,exec_if,exec_whi,integer_g,char_frominteger,char_frominteg,boolean_dup,string_eq,boolean_not,char_eq,boolean_flush,boolean_pop,string_butlast,exec_swap,string_replacefir,boolean_swap,exec_sw,string_n,print_string,exec_flush,print_newline,integer_a,string_d,string_dup,string_frominteger,string_contai,integer_mod,exec_do*count,string_fir,string_r,integer_fromchar,string_p,integer_inc,boolean_invert_first_then_and,integer_fromstring,exec_rot,integer_m,boolean_d,char_rot,exec_do*cou,string_take,exec_string_iterate,string_split,integer_pop,boolean_n,string_re,boolean_p,boolean_r,exec_pop,string_sw,boolean_x,boolean_emp,string_la,char_emp,boolean_stackdep,string_parse_to_cha,print_char,integer_dup,boolean_invert_second_then_and,integer_sub,string_setch,exec_no,boolean_yank,char_islett,string_ya,string_flu,integer_stackdepth,integer_emp,integer_dec,print_boole,integer_gt,exec,string_indexofchar,in1,char_dup,char_flush,char_pop,integer_lte,string_conjch,exec_flu,string_containsch,boolean_eq,string_flush,print_boolean,integer_d,string_rever,char_,exec_empty,string_last,integer_l,exec_when,integer_i,string_substri,string_nth,string_occurrencesofchar,integer_r,integer_s,integer_p,exec_while,integer_fromboolean,integer_empty,string_fromboole
0.0,0.0059106791031,0.00227379598931,0.000785709608871,0.00545830084345,0.00351188385783,0.000267855548479,0.00514877887632,0.00338093225636,0.0,0.00594639317623,0.0039940238451,0.00269046017583,1.78570365653e-05,1.78570365653e-05,5.95234552175e-06,5.95234552175e-06,0.0,0.000136903947,5.95234552175e-06,0.001642847364,0.00127975428718,3.57140731305e-05,0.00141665823418,2.3809382087e-05,0.000803566645437,0.00331545645562,0.00443449741371,6.54758007393e-05,0.00595234552175,5.95234552175e-06,5.95234552175e-05,0.00400592853614,5.95234552175e-06,0.0,0.00592258379414,0.00551187195314,1.19046910435e-05,2.97617276088e-05,5.95234552175e-06,5.95234552175e-06,2.97617276088e-05,1.19046910435e-05,0.00400592853614,0.00162499032744,0.00447021148684,0.00405354730031,0.000249998511914,0.0056368712091,1.19046910435e-05,0.000488092332784,0.00540472973375,0.00297022041535,0.0,0.000833328373045,5.35711096958e-05,0.00493449443753,0.00145832465283,0.00469640061666,5.95234552175e-06,7.1428146261e-05,0.0,0.0027916500497,5.95234552175e-05,3.57140731305e-05,0.00162499032744,0.000249998511914,0.00313688608996,4.16664186523e-05,0.0,5.95234552175e-06,0.000190475056696,1.78570365653e-05,1.19046910435e-05,0.000113094564913,5.95234552175e-05,0.00211903500574,0.00201784513187,0.00385116755257,0.00037499776787,5.95234552175e-06,3.57140731305e-05,0.0029285539967,0.00129165897822,0.0,5.95234552175e-06,0.00589282206654,0.00153570514461,0.00379759644288,0.00370235891453,0.000124999255957,5.35711096958e-05,0.00404759495479,0.000184522711174,0.00373212064214,5.95234552175e-06,3.57140731305e-05,0.00576782281058,0.0,0.000559520479045,3.57140731305e-05,0.0,0.0055833000994,0.0,2.3809382087e-05,0.00116070737674,0.00122618317748,0.00452973494205,0.0038571198981,0.00104166046631,0.00425592704805,1.19046910435e-05,0.000571425170088,0.0,0.000107142219392,0.000428568877566,5.95234552175e-06,0.000136903947,3.57140731305e-05,0.00126189725061,0.0,5.95234552175e-06,0.0,0.000142856292522,0.0,2.97617276088e-05,0.00182737007518,0.00301188683401,6.54758007393e-05,0.00593448848519,6.54758007393e-05,5.95234552175e-06,0.0,0.0,0.0029821251064,0.000839280718567,0.00517854060392,0.00110713626705,0.00242855697288,5.95234552175e-06,0.00111308861257,0.00160713329087,0.0,0.00275593597657,0.0,0.000535711096958,0.00269046017583,4.16664186523e-05,4.16664186523e-05,0.00273807894001,1.19046910435e-05,0.00161903798192,0.00125594490509,0.00533330158749,0.000791661954393,0.00174403723787,0.00491068505545,0.00493449443753,0.000220236784305,0.0,0.00111904095809,0.0,1.78570365653e-05,0.00538092035166,0.000136903947,3.57140731305e-05,1.78570365653e-05,0.0,0.000589282206654,0.000529758751436,0.0,0.00557139540836,0.00452378259653,0.0,3.57140731305e-05,0.00501187492932,0.00020237974774,0.00592258379414,0.00354164558544,0.00316069547205,0.00382140582497,0.000154760983566,0.0,0.00278569770418,2.97617276088e-05,0.00145832465283,0.00101785108422,0.000517854060392,0.000809518990958,4.16664186523e-05,7.1428146261e-05,5.95234552175e-06,0.0,0.000214284438783,2.3809382087e-05,5.95234552175e-06,9.5237528348e-05,0.0,4.7618764174e-05,0.000124999255957,7.1428146261e-05,0.00482735221814,0.00299402979744,0.00521425467706,0.00592853613967,1.78570365653e-05,0.0,0.00141070588866,5.95234552175e-06,1.19046910435e-05,0.0,0.00494639912858,0.0,0.00382735817049,0.0,0.00520234998601,2.3809382087e-05,0.001642847364,0.00595234552175,0.00077975726335,0.00315474312653,0.00398807149957,0.00252974684674,0.0,0.0,0.0,0.00377973940631,0.00352378854888,8.92851828263e-05,0.000113094564913,2.97617276088e-05,0.0,0.00544044380688,0.000791661954393,2.3809382087e-05,0.000386902458914,5.95234552175e-05,1.19046910435e-05,0.00326188534592,0.00545830084345,5.95234552175e-06,0.000309521967131,0.0,0.00472020999875,0.000517854060392,0.00526782578675,0.000327379003696
Gen 168
string_,string_rot,integer_swap,exec_sho,integer_gte,boolean_shove,boolean_and,string_pop,exec_eq,string_yankd,string_parse_to_chars,integer_lt,string_stackdepth,exec_do*whi,char_r,char_p,boolean_sw,integer_sho,boolean_invert_second_then_a,print_integ,char_iswhitespace,string_removechar,exec_emp,string_first,string_conc,string_yank,string_concat,string_setchar,exec_yankd,string_length,string_replacefirstch,char_d,integer_eq,exec_do*tim,string_emptystri,string_reverse,exec_yankdup,string_repla,exec_,char_ya,integer_mu,string_replacech,boolean_yankd,char_isletter,integer_add,string_empty,char_isdigit,print_integer,exec_shove,integer_fromstri,string_conjchar,boolean_or,boolean_empty,exec_wh,string_fromchar,integer_yankd,exec_do*while,integer_rot,string_rest,boolean_flu,integer_stackdep,char_iswhitespa,char_allfromstring,boolean_,char_allfromstri,exec_stackdepth,exec_do*range,char_shove,char_stackdep,string_removech,exec_stackdep,boolean_sho,string_indexofch,string_stackdep,string_leng,print_ch,integer_mult,boolean_xor,boolean_yankdup,integer_min,string_emp,integer_fromch,exec_yank,char_stackdepth,char_sw,integer_fromboole,string_replace,integer_div,string_replacefirst,boolean_frominteger,string_butla,char_isdig,integer_flush,integer_,string_yankdup,char_flu,print_exec,integer_yank,boolean_frominteg,string_emptystring,char_yankd,boolean_ya,string_swap,print_ex,exec_d,integer_max,char_swap,string_contains,char_empty,exec_dup,exec_k,string_frominteg,exec_noop,exec_p,exec_r,exec_s,string_sho,integer_flu,exec_y,boolean_rot,boolean_a,integer_ya,exec_ya,boolean_invert_first_then_a,string_spl,string_occurrencesofch,integer_yankdup,string_replacechar,char_sho,string_fromboolean,print_stri,exec_string_itera,print_newli,string_ta,string_replacefirstchar,string_substring,boolean_stackdepth,string_shove,string_containschar,exec_do*ran,char_yankdup,char_yank,integer_sw,exec_do*times,string_fromch,integer_shove,exec_if,exec_whi,integer_g,char_frominteger,char_frominteg,boolean_dup,string_eq,boolean_not,char_eq,boolean_flush,boolean_pop,string_butlast,exec_swap,string_replacefir,boolean_swap,exec_sw,string_n,print_string,exec_flush,print_newline,integer_a,string_d,string_dup,string_frominteger,string_contai,integer_mod,exec_do*count,string_fir,string_r,integer_fromchar,string_p,integer_inc,boolean_invert_first_then_and,integer_fromstring,exec_rot,integer_m,boolean_d,char_rot,exec_do*cou,string_take,exec_string_iterate,string_split,integer_pop,boolean_n,string_re,boolean_p,boolean_r,exec_pop,string_sw,boolean_x,boolean_emp,string_la,char_emp,boolean_stackdep,string_parse_to_cha,print_char,integer_dup,boolean_invert_second_then_and,integer_sub,string_setch,exec_no,boolean_yank,char_islett,string_ya,string_flu,integer_stackdepth,integer_emp,integer_dec,print_boole,integer_gt,exec,string_indexofchar,in1,char_dup,char_flush,char_pop,integer_lte,string_conjch,exec_flu,string_containsch,boolean_eq,string_flush,print_boolean,integer_d,string_rever,char_,exec_empty,string_last,integer_l,exec_when,integer_i,string_substri,string_nth,string_occurrencesofchar,integer_r,integer_s,integer_p,exec_while,integer_fromboolean,integer_empty,string_fromboole
0.0,0.00584611925373,0.00207099366276,0.000698220720587,0.00542600339643,0.00373962284247,0.00015976236827,0.00520706978065,0.0031834131159,0.0,0.00590529050124,0.00352068922669,0.00233134715179,1.18342495015e-05,0.0,1.77513742522e-05,0.0,5.91712475074e-06,0.000183430867273,0.0,0.00153253531044,0.00147336406293,4.73369980059e-05,0.00141419281543,0.000100591120763,0.000994076958125,0.00343193235543,0.00441417506405,7.69226217596e-05,0.00591712475074,2.95856237537e-05,7.10054970089e-05,0.00376329134147,5.91712475074e-06,0.0,0.00587570487749,0.00539050064793,1.77513742522e-05,4.73369980059e-05,0.0,2.3668499003e-05,1.18342495015e-05,7.69226217596e-05,0.00394672220874,0.00176922030047,0.00439050656505,0.00426032982053,0.000213016491027,0.00563310276271,1.18342495015e-05,0.000544375477068,0.00523665540441,0.00291122537736,0.0,0.00087573446311,2.95856237537e-05,0.00489346216886,0.0016331264312,0.00469819705209,1.77513742522e-05,5.32541227567e-05,0.0,0.00282838563085,9.46739960119e-05,4.14198732552e-05,0.00154436955994,0.000408281607801,0.00309465624464,5.91712475074e-05,1.18342495015e-05,1.18342495015e-05,0.000207099366276,2.3668499003e-05,2.3668499003e-05,9.46739960119e-05,6.50883722582e-05,0.00189347992024,0.001970402542,0.00394080508399,0.00023668499003,1.18342495015e-05,2.95856237537e-05,0.00273371163484,0.00149703256194,0.0,5.91712475074e-06,0.00582836787948,0.00150886681144,0.00373962284247,0.00345560085443,0.000147928118769,3.55027485044e-05,0.00415382157502,0.000218933615777,0.00381654546423,1.77513742522e-05,7.10054970089e-05,0.00569227401021,0.0,0.000680469346335,8.28397465104e-05,5.91712475074e-06,0.00547925751919,0.0,5.91712475074e-06,0.00134318731842,0.00135502156792,0.00431358394329,0.00344376660493,0.00155028668469,0.00382837971373,5.91712475074e-06,0.000899402962113,5.91712475074e-06,8.28397465104e-05,0.000810646090852,0.0,0.000112425370264,5.91712475074e-05,0.00136093869267,0.0,1.77513742522e-05,0.0,4.73369980059e-05,5.91712475074e-06,1.77513742522e-05,0.00167454630446,0.0032189158644,9.46739960119e-05,0.00591120762599,3.55027485044e-05,0.0,0.0,5.91712475074e-06,0.00307098774563,0.000893485837362,0.0048283737966,0.000999994082875,0.00260353489033,0.0,0.00095857420962,0.00146152981343,5.91712475074e-06,0.00263312051408,0.0,0.000573961100822,0.00317749599115,1.18342495015e-05,2.3668499003e-05,0.00255619789232,5.91712475074e-06,0.00178105454997,0.00144377843918,0.00531357802617,0.000946739960119,0.00202365666475,0.00494671629162,0.00476328542435,0.000355027485044,5.91712475074e-06,0.00145561268868,0.0,5.91712475074e-06,0.0051893184064,5.91712475074e-05,5.91712475074e-05,2.95856237537e-05,0.0,0.00056212685132,0.000668635096834,1.18342495015e-05,0.00556801439045,0.00457393743232,0.0,1.77513742522e-05,0.00466269430358,0.000224850740528,0.00584020212898,0.00331950698517,0.00296447950012,0.00373962284247,0.000100591120763,0.0,0.00253844651807,2.95856237537e-05,0.00120709344915,0.00115975645115,0.000568043976071,0.000781060467098,9.46739960119e-05,7.69226217596e-05,2.3668499003e-05,0.0,0.000284021988036,1.77513742522e-05,0.0,7.10054970089e-05,5.91712475074e-06,1.77513742522e-05,0.000124259619766,3.55027485044e-05,0.00465677717883,0.00302956787238,0.00508281016089,0.00590529050124,5.32541227567e-05,0.0,0.00130176744516,5.91712475074e-06,0.0,5.91712475074e-06,0.00488754504411,0.0,0.00352068922669,0.0,0.00528399240241,1.77513742522e-05,0.00168046342921,0.00591712475074,0.000775143342347,0.00289347400311,0.00372778859297,0.00262720338933,1.18342495015e-05,0.0,0.0,0.0035798604742,0.00344968372968,7.69226217596e-05,0.000142010994018,4.14198732552e-05,0.0,0.00549700889344,0.00079881184135,4.73369980059e-05,0.000360944609795,8.28397465104e-05,0.0,0.00306507062088,0.00544375477068,0.0,0.000301773362288,5.91712475074e-06,0.00453843468382,0.000508872728564,0.00530766090141,0.000325441861291
Gen 169
string_,string_rot,integer_swap,exec_sho,integer_gte,boolean_shove,boolean_and,string_pop,exec_eq,string_yankd,string_parse_to_chars,integer_lt,string_stackdepth,exec_do*whi,char_r,char_p,boolean_sw,integer_sho,boolean_invert_second_then_a,print_integ,char_iswhitespace,string_removechar,exec_emp,string_first,string_conc,string_yank,string_concat,string_setchar,exec_yankd,string_length,string_replacefirstch,char_d,integer_eq,exec_do*tim,string_emptystri,string_reverse,exec_yankdup,string_repla,exec_,char_ya,integer_mu,string_replacech,boolean_yankd,char_isletter,integer_add,string_empty,char_isdigit,print_integer,exec_shove,integer_fromstri,string_conjchar,boolean_or,boolean_empty,exec_wh,string_fromchar,integer_yankd,exec_do*while,integer_rot,string_rest,boolean_flu,integer_stackdep,char_iswhitespa,char_allfromstring,boolean_,char_allfromstri,exec_stackdepth,exec_do*range,char_shove,char_stackdep,string_removech,exec_stackdep,boolean_sho,string_indexofch,string_stackdep,string_leng,print_ch,integer_mult,boolean_xor,boolean_yankdup,integer_min,string_emp,integer_fromch,exec_yank,char_stackdepth,char_sw,integer_fromboole,string_replace,integer_div,string_replacefirst,boolean_frominteger,string_butla,char_isdig,integer_flush,integer_,string_yankdup,char_flu,print_exec,integer_yank,boolean_frominteg,string_emptystring,char_yankd,boolean_ya,string_swap,print_ex,exec_d,integer_max,char_swap,string_contains,char_empty,exec_dup,exec_k,string_frominteg,exec_noop,exec_p,exec_r,exec_s,string_sho,integer_flu,exec_y,boolean_rot,boolean_a,integer_ya,exec_ya,boolean_invert_first_then_a,string_spl,string_occurrencesofch,integer_yankdup,string_replacechar,char_sho,string_fromboolean,print_stri,exec_string_itera,print_newli,string_ta,string_replacefirstchar,string_substring,boolean_stackdepth,string_shove,string_containschar,exec_do*ran,char_yankdup,char_yank,integer_sw,exec_do*times,string_fromch,integer_shove,exec_if,exec_whi,integer_g,char_frominteger,char_frominteg,boolean_dup,string_eq,boolean_not,char_eq,boolean_flush,boolean_pop,string_butlast,exec_swap,string_replacefir,boolean_swap,exec_sw,string_n,print_string,exec_flush,print_newline,integer_a,string_d,string_dup,string_frominteger,string_contai,integer_mod,exec_do*count,string_fir,string_r,integer_fromchar,string_p,integer_inc,boolean_invert_first_then_and,integer_fromstring,exec_rot,integer_m,boolean_d,char_rot,exec_do*cou,string_take,exec_string_iterate,string_split,integer_pop,boolean_n,string_re,boolean_p,boolean_r,exec_pop,string_sw,boolean_x,boolean_emp,string_la,char_emp,boolean_stackdep,string_parse_to_cha,print_char,integer_dup,boolean_invert_second_then_and,integer_sub,string_setch,exec_no,boolean_yank,char_islett,string_ya,string_flu,integer_stackdepth,integer_emp,integer_dec,print_boole,integer_gt,exec,string_indexofchar,in1,char_dup,char_flush,char_pop,integer_lte,string_conjch,exec_flu,string_containsch,boolean_eq,string_flush,print_boolean,integer_d,string_rever,char_,exec_empty,string_last,integer_l,exec_when,integer_i,string_substri,string_nth,string_occurrencesofchar,integer_r,integer_s,integer_p,exec_while,integer_fromboolean,integer_empty,string_fromboole
0.0,0.0057764366092,0.00221175169558,0.000605878788948,0.00542349750884,0.00365880200705,0.000247057370251,0.00514114622855,0.0030823348098,0.0,0.00583525979259,0.00365291968871,0.0024999852942,1.17646366786e-05,5.8823183393e-06,1.17646366786e-05,0.0,5.8823183393e-06,0.000164704913501,0.0,0.0015411674049,0.00141175640143,2.35292733572e-05,0.0015411674049,9.41170934289e-05,0.00119999294122,0.00334703913506,0.00421762224928,7.05878200716e-05,0.0058823183393,1.17646366786e-05,4.11762283751e-05,0.00381762460221,5.8823183393e-06,0.0,0.00585878906595,0.00535290968877,1.76469550179e-05,2.35292733572e-05,5.8823183393e-06,0.0,2.35292733572e-05,7.05878200716e-05,0.0040411526991,0.00154704972324,0.00435291557108,0.00421762224928,0.000282351280287,0.00564702560573,1.76469550179e-05,0.000564702560573,0.00527643955036,0.00269998411774,0.0,0.000982347162664,1.76469550179e-05,0.00477056017318,0.00160587290663,0.00461173757801,6.47055017323e-05,7.6470138411e-05,5.8823183393e-06,0.00270586643608,0.000129411003465,5.29408650537e-05,0.00164116681667,0.000494114740502,0.00313527567485,2.94115916965e-05,5.8823183393e-06,1.17646366786e-05,0.000158822595161,5.8823183393e-06,2.35292733572e-05,9.41170934289e-05,6.47055017323e-05,0.00177646013847,0.00195292968865,0.00361174346033,0.00042352692043,5.8823183393e-06,1.76469550179e-05,0.00264116093435,0.00163528449833,0.0,2.35292733572e-05,0.00582349515591,0.00149999117652,0.00350586173023,0.00335880377174,0.000176469550179,3.52939100358e-05,0.00424115152264,0.000217645778554,0.0039058593773,0.0,0.000123528685125,0.00566467256075,1.17646366786e-05,0.00059411415227,5.29408650537e-05,0.0,0.0054176151905,0.0,1.17646366786e-05,0.0011529343945,0.00139999176475,0.00404703501744,0.00327645131499,0.00153528508656,0.00382938923889,5.8823183393e-06,0.000776466020788,5.8823183393e-06,8.82347750896e-05,0.000794112975806,5.8823183393e-06,0.000105881730107,5.29408650537e-05,0.00133528626302,0.0,1.17646366786e-05,1.76469550179e-05,5.8823183393e-05,5.8823183393e-06,0.0,0.00175293086511,0.00317056958488,8.23524567503e-05,0.00587055370263,3.52939100358e-05,5.8823183393e-06,0.0,0.0,0.00298233539803,0.00084117152252,0.00469409003476,0.000947053252628,0.00251763224922,0.0,0.000858818477538,0.0013764624914,5.8823183393e-06,0.0024999852942,0.0,0.000535290968877,0.00306468785478,1.76469550179e-05,3.52939100358e-05,0.00256469079594,1.17646366786e-05,0.00177646013847,0.00158234363327,0.00503526449844,0.00102940570938,0.00199410591702,0.00493526508668,0.00474114858148,0.000382350692055,0.0,0.00154704972324,0.0,1.76469550179e-05,0.00495291204169,4.70585467144e-05,2.94115916965e-05,5.8823183393e-06,0.0,0.000747054429092,0.000529408650537,0.0,0.00544114446386,0.00458820830466,1.17646366786e-05,8.23524567503e-05,0.00473526626314,0.000211763460215,0.00587055370263,0.00321174581326,0.00296468844301,0.00380585996553,9.99994117682e-05,0.0,0.00254704384092,2.35292733572e-05,0.00124705148793,0.00119411062288,0.000529408650537,0.000852936159199,0.000105881730107,8.82347750896e-05,1.17646366786e-05,5.8823183393e-06,0.000282351280287,1.76469550179e-05,1.17646366786e-05,9.99994117682e-05,0.0,1.17646366786e-05,0.000117646366786,2.94115916965e-05,0.00443526802784,0.00303527626308,0.00511761695519,0.00585290674761,1.76469550179e-05,1.76469550179e-05,0.00147057958483,2.35292733572e-05,0.0,5.8823183393e-06,0.00484703031159,0.0,0.0035470379586,0.0,0.00514114622855,5.8823183393e-06,0.00156469667825,0.0058823183393,0.000776466020788,0.00256469079594,0.00371762519044,0.00244704442915,0.0,0.0,0.0,0.00339998000012,0.0033529214534,5.8823183393e-05,8.82347750896e-05,2.35292733572e-05,0.0,0.00545879141887,0.000923523979271,6.47055017323e-05,0.000370586055376,0.000117646366786,0.0,0.00298821771637,0.00538232128046,0.0,0.000323527508662,0.0,0.00455291439462,0.000523526332198,0.00520585173028,0.000317645190322
Gen 170
string_,string_rot,integer_swap,exec_sho,integer_gte,boolean_shove,boolean_and,string_pop,exec_eq,string_yankd,string_parse_to_chars,integer_lt,string_stackdepth,exec_do*whi,char_r,char_p,boolean_sw,integer_sho,boolean_invert_second_then_a,print_integ,char_iswhitespace,string_removechar,exec_emp,string_first,string_conc,string_yank,string_concat,string_setchar,exec_yankd,string_length,string_replacefirstch,char_d,integer_eq,exec_do*tim,string_emptystri,string_reverse,exec_yankdup,string_repla,exec_,char_ya,integer_mu,string_replacech,boolean_yankd,char_isletter,integer_add,string_empty,char_isdigit,print_integer,exec_shove,integer_fromstri,string_conjchar,boolean_or,boolean_empty,exec_wh,string_fromchar,integer_yankd,exec_do*while,integer_rot,string_rest,boolean_flu,integer_stackdep,char_iswhitespa,char_allfromstring,boolean_,char_allfromstri,exec_stackdepth,exec_do*range,char_shove,char_stackdep,string_removech,exec_stackdep,boolean_sho,string_indexofch,string_stackdep,string_leng,print_ch,integer_mult,boolean_xor,boolean_yankdup,integer_min,string_emp,integer_fromch,exec_yank,char_stackdepth,char_sw,integer_fromboole,string_replace,integer_div,string_replacefirst,boolean_frominteger,string_butla,char_isdig,integer_flush,integer_,string_yankdup,char_flu,print_exec,integer_yank,boolean_frominteg,string_emptystring,char_yankd,boolean_ya,string_swap,print_ex,exec_d,integer_max,char_swap,string_contains,char_empty,exec_dup,exec_k,string_frominteg,exec_noop,exec_p,exec_r,exec_s,string_sho,integer_flu,exec_y,boolean_rot,boolean_a,integer_ya,exec_ya,boolean_invert_first_then_a,string_spl,string_occurrencesofch,integer_yankdup,string_replacechar,char_sho,string_fromboolean,print_stri,exec_string_itera,print_newli,string_ta,string_replacefirstchar,string_substring,boolean_stackdepth,string_shove,string_containschar,exec_do*ran,char_yankdup,char_yank,integer_sw,exec_do*times,string_fromch,integer_shove,exec_if,exec_whi,integer_g,char_frominteger,char_frominteg,boolean_dup,string_eq,boolean_not,char_eq,boolean_flush,boolean_pop,string_butlast,exec_swap,string_replacefir,boolean_swap,exec_sw,string_n,print_string,exec_flush,print_newline,integer_a,string_d,string_dup,string_frominteger,string_contai,integer_mod,exec_do*count,string_fir,string_r,integer_fromchar,string_p,integer_inc,boolean_invert_first_then_and,integer_fromstring,exec_rot,integer_m,boolean_d,char_rot,exec_do*cou,string_take,exec_string_iterate,string_split,integer_pop,boolean_n,string_re,boolean_p,boolean_r,exec_pop,string_sw,boolean_x,boolean_emp,string_la,char_emp,boolean_stackdep,string_parse_to_cha,print_char,integer_dup,boolean_invert_second_then_and,integer_sub,string_setch,exec_no,boolean_yank,char_islett,string_ya,string_flu,integer_stackdepth,integer_emp,integer_dec,print_boole,integer_gt,exec,string_indexofchar,in1,char_dup,char_flush,char_pop,integer_lte,string_conjch,exec_flu,string_containsch,boolean_eq,string_flush,print_boolean,integer_d,string_rever,char_,exec_empty,string_last,integer_l,exec_when,integer_i,string_substri,string_nth,string_occurrencesofchar,integer_r,integer_s,integer_p,exec_while,integer_fromboolean,integer_empty,string_fromboole
5.84791901802e-06,0.00579528774686,0.00219881755077,0.000608183577874,0.00536838965854,0.00373682025251,0.000538008549658,0.00519880000702,0.00310524499857,0.0,0.00574265647569,0.00367834106233,0.00245612598757,5.84791901802e-06,0.0,1.75437570541e-05,1.75437570541e-05,5.84791901802e-06,0.000128654218396,5.84791901802e-06,0.0018187028146,0.00135086929316,1.75437570541e-05,0.00137426096923,3.50875141081e-05,0.00121636715575,0.00332746592125,0.00430991631628,7.60229472342e-05,0.00584791901802,2.92395950901e-05,2.33916760721e-05,0.00387717030895,1.75437570541e-05,5.84791901802e-06,0.00579528774686,0.00538593341559,5.84791901802e-06,5.84791901802e-05,1.1695838036e-05,1.75437570541e-05,5.84791901802e-05,8.77187852703e-05,0.0037660598476,0.0016549610821,0.00413447874574,0.00417541417886,0.000391810574207,0.0055496751481,2.33916760721e-05,0.000526312711622,0.00528067087327,0.00300583037526,5.84791901802e-06,0.00114619212753,3.50875141081e-05,0.00446196221075,0.00147952351156,0.00470172689049,1.75437570541e-05,8.18708662522e-05,0.0,0.00288302407588,0.000111110461342,1.75437570541e-05,0.00180115905755,0.000356723060099,0.00325144297402,0.0,1.75437570541e-05,1.1695838036e-05,0.000111110461342,2.33916760721e-05,1.1695838036e-05,0.000122806299378,9.94146233063e-05,0.00162572148701,0.00197074870907,0.00338594511143,0.000444441845369,0.0,1.1695838036e-05,0.00267834691025,0.00158478605388,0.0,0.0,0.00569002520453,0.00137426096923,0.00326898673107,0.0033742492734,4.67833521441e-05,4.67833521441e-05,0.00429822047824,0.000280700112865,0.00392980158011,0.0,8.18708662522e-05,0.00563739393337,1.1695838036e-05,0.000415202250279,9.35667042883e-05,0.0,0.00517540833095,0.0,0.0,0.00109356085637,0.00138595680727,0.00364910146724,0.00328653048813,0.00179531113853,0.0038303869568,0.0,0.000783621148414,0.0,9.35667042883e-05,0.00115204004655,5.84791901802e-06,8.77187852703e-05,5.84791901802e-05,0.00139765264531,5.84791901802e-06,7.60229472342e-05,2.33916760721e-05,0.000105262542324,0.0,1.1695838036e-05,0.0017192881913,0.00296489494213,0.000105262542324,0.00583622317998,0.0,1.1695838036e-05,0.0,5.84791901802e-06,0.00290641575195,0.000871339933685,0.00463155186227,0.000847948257613,0.00252630101578,0.0,0.0010701691803,0.0013625651312,5.84791901802e-06,0.00233916760721,0.0,0.000543856468676,0.00315787626973,2.92395950901e-05,4.09354331261e-05,0.00244443014953,1.1695838036e-05,0.00152045894468,0.00147952351156,0.00476020608067,0.0011344962895,0.00188887784282,0.00499412284139,0.00476605399968,0.000391810574207,0.0,0.00150876310665,0.0,1.1695838036e-05,0.00470172689049,5.26312711622e-05,5.26312711622e-05,1.1695838036e-05,5.84791901802e-06,0.0010701691803,0.000538008549658,1.1695838036e-05,0.00526897503523,0.00436254758744,5.84791901802e-06,2.92395950901e-05,0.00447365804878,0.000222220922685,0.00580113566587,0.00335085759732,0.00271343442436,0.00351459932983,0.000134502137414,0.0,0.00229823217408,4.67833521441e-05,0.00163156940603,0.00137426096923,0.000409354331261,0.000871339933685,7.60229472342e-05,7.60229472342e-05,5.84791901802e-06,5.84791901802e-06,0.000397658493225,1.1695838036e-05,1.75437570541e-05,7.01750282162e-05,0.0,2.33916760721e-05,8.77187852703e-05,1.1695838036e-05,0.00426313296413,0.00334500967831,0.00514032081684,0.00582452734195,4.09354331261e-05,0.0,0.00140350056432,1.75437570541e-05,0.0,0.0,0.00471927064754,5.84791901802e-06,0.00344442430161,0.0,0.00524558335916,1.75437570541e-05,0.0015906339729,0.005842071099,0.000783621148414,0.00241519055444,0.00329822632616,0.00255554061087,5.84791901802e-06,0.0,0.0,0.00329237840714,0.00312863667464,0.000128654218396,8.18708662522e-05,4.09354331261e-05,0.0,0.00538593341559,0.000725141958234,4.67833521441e-05,0.000298243869919,6.43271091982e-05,0.0,0.0028888719949,0.00541517301068,0.0,0.000257308436793,0.0,0.00451459348191,0.000631575253946,0.00515201665487,0.000233916760721
Gen 171
string_,string_rot,integer_swap,exec_sho,integer_gte,boolean_shove,boolean_and,string_pop,exec_eq,string_yankd,string_parse_to_chars,integer_lt,string_stackdepth,exec_do*whi,char_r,char_p,boolean_sw,integer_sho,boolean_invert_second_then_a,print_integ,char_iswhitespace,string_removechar,exec_emp,string_first,string_conc,string_yank,string_concat,string_setchar,exec_yankd,string_length,string_replacefirstch,char_d,integer_eq,exec_do*tim,string_emptystri,string_reverse,exec_yankdup,string_repla,exec_,char_ya,integer_mu,string_replacech,boolean_yankd,char_isletter,integer_add,string_empty,char_isdigit,print_integer,exec_shove,integer_fromstri,string_conjchar,boolean_or,boolean_empty,exec_wh,string_fromchar,integer_yankd,exec_do*while,integer_rot,string_rest,boolean_flu,integer_stackdep,char_iswhitespa,char_allfromstring,boolean_,char_allfromstri,exec_stackdepth,exec_do*range,char_shove,char_stackdep,string_removech,exec_stackdep,boolean_sho,string_indexofch,string_stackdep,string_leng,print_ch,integer_mult,boolean_xor,boolean_yankdup,integer_min,string_emp,integer_fromch,exec_yank,char_stackdepth,char_sw,integer_fromboole,string_replace,integer_div,string_replacefirst,boolean_frominteger,string_butla,char_isdig,integer_flush,integer_,string_yankdup,char_flu,print_exec,integer_yank,boolean_frominteg,string_emptystring,char_yankd,boolean_ya,string_swap,print_ex,exec_d,integer_max,char_swap,string_contains,char_empty,exec_dup,exec_k,string_frominteg,exec_noop,exec_p,exec_r,exec_s,string_sho,integer_flu,exec_y,boolean_rot,boolean_a,integer_ya,exec_ya,boolean_invert_first_then_a,string_spl,string_occurrencesofch,integer_yankdup,string_replacechar,char_sho,string_fromboolean,print_stri,exec_string_itera,print_newli,string_ta,string_replacefirstchar,string_substring,boolean_stackdepth,string_shove,string_containschar,exec_do*ran,char_yankdup,char_yank,integer_sw,exec_do*times,string_fromch,integer_shove,exec_if,exec_whi,integer_g,char_frominteger,char_frominteg,boolean_dup,string_eq,boolean_not,char_eq,boolean_flush,boolean_pop,string_butlast,exec_swap,string_replacefir,boolean_swap,exec_sw,string_n,print_string,exec_flush,print_newline,integer_a,string_d,string_dup,string_frominteger,string_contai,integer_mod,exec_do*count,string_fir,string_r,integer_fromchar,string_p,integer_inc,boolean_invert_first_then_and,integer_fromstring,exec_rot,integer_m,boolean_d,char_rot,exec_do*cou,string_take,exec_string_iterate,string_split,integer_pop,boolean_n,string_re,boolean_p,boolean_r,exec_pop,string_sw,boolean_x,boolean_emp,string_la,char_emp,boolean_stackdep,string_parse_to_cha,print_char,integer_dup,boolean_invert_second_then_and,integer_sub,string_setch,exec_no,boolean_yank,char_islett,string_ya,string_flu,integer_stackdepth,integer_emp,integer_dec,print_boole,integer_gt,exec,string_indexofchar,in1,char_dup,char_flush,char_pop,integer_lte,string_conjch,exec_flu,string_containsch,boolean_eq,string_flush,print_boolean,integer_d,string_rever,char_,exec_empty,string_last,integer_l,exec_when,integer_i,string_substri,string_nth,string_occurrencesofchar,integer_r,integer_s,integer_p,exec_while,integer_fromboolean,integer_empty,string_fromboole
0.0,0.00575578048965,0.00202324405091,0.000540694530846,0.00545345666595,0.00385462875216,0.000569764129278,0.00518020244068,0.00329067854257,5.81391968651e-06,0.00574996656996,0.00356974668752,0.00237789315178,1.1627839373e-05,0.0,5.81391968651e-06,1.1627839373e-05,1.74417590595e-05,0.000156975831536,5.81391968651e-06,0.00172673414689,0.00122092313417,2.90695984326e-05,0.00137208504602,2.90695984326e-05,0.00128487625072,0.00325579502445,0.00428485880896,8.72087952977e-05,0.00581391968651,0.0,1.1627839373e-05,0.00388369835059,0.0,5.81391968651e-06,0.00578485008808,0.00550578194313,3.48835181191e-05,6.39531165516e-05,0.0,0.0,5.23252771786e-05,0.000127906233103,0.00370346684031,0.00178487334376,0.00387207051122,0.00416276649554,0.000470927494608,0.00550578194313,0.0,0.000540694530846,0.00507555188633,0.00297672687949,0.0,0.00129069017041,2.90695984326e-05,0.0044825320783,0.00140696856414,0.00480229766106,4.65113574921e-05,8.13948756112e-05,0.0,0.00291277376294,5.23252771786e-05,6.39531165516e-05,0.00178487334376,0.000319765582758,0.00324998110476,0.0,1.1627839373e-05,1.74417590595e-05,0.00013372015279,5.23252771786e-05,5.81391968651e-06,0.000110464474044,0.000104650554357,0.00156975831536,0.0021569642037,0.00354649100877,0.000412788297742,0.0,1.1627839373e-05,0.00269765873454,0.0016802227894,5.81391968651e-06,5.81391968651e-06,0.00566857169435,0.00147092168069,0.00324416718507,0.00321509758664,5.23252771786e-05,4.65113574921e-05,0.00428485880896,0.000197673269341,0.0038778844309,5.81391968651e-06,8.72087952977e-05,0.00565694385498,0.0,0.000534880611159,6.97670362382e-05,0.0,0.00509880756507,0.0,0.0,0.00112790041918,0.00134882936727,0.00374416427811,0.00322091150633,0.00182557078157,0.00369183900094,0.0,0.000703484282068,0.0,8.72087952977e-05,0.00119185353574,5.81391968651e-06,0.000139534072476,5.23252771786e-05,0.0014244103232,0.0,7.55809559247e-05,1.74417590595e-05,6.39531165516e-05,0.0,2.90695984326e-05,0.00168603670909,0.00304067999605,6.39531165516e-05,0.00579647792745,2.32556787461e-05,1.1627839373e-05,0.0,5.81391968651e-06,0.00308137743385,0.00104069162389,0.00461625223109,0.000825576595485,0.0026278916983,0.0,0.00109301690106,0.0013778989657,1.1627839373e-05,0.00247672978645,0.0,0.000686042523009,0.00317440014884,2.90695984326e-05,4.65113574921e-05,0.00261626385893,1.74417590595e-05,0.00167440886972,0.00154068871693,0.00484299509887,0.00102906378451,0.00195347701467,0.00503485444852,0.00474415846419,0.000284882064639,0.0,0.00165115319097,0.0,1.74417590595e-05,0.00459881047203,9.88366346707e-05,2.90695984326e-05,1.74417590595e-05,0.0,0.00106394730263,0.000662786844263,5.81391968651e-06,0.00536043395097,0.00440695112238,5.81391968651e-06,4.65113574921e-05,0.00443020680112,0.000238370707147,0.00574415265028,0.00332556206069,0.0028023092889,0.0036627694025,8.13948756112e-05,0.0,0.00226161475805,2.90695984326e-05,0.00156975831536,0.00140696856414,0.000418602217429,0.00074999563956,4.06974378056e-05,8.72087952977e-05,2.32556787461e-05,3.48835181191e-05,0.000261626385893,1.74417590595e-05,5.81391968651e-06,0.000110464474044,5.81391968651e-06,2.32556787461e-05,0.00011627839373,4.06974378056e-05,0.00423253353178,0.00357556060721,0.00504648228789,0.00577903616839,4.06974378056e-05,5.81391968651e-06,0.00144185208226,0.0,1.74417590595e-05,5.81391968651e-06,0.00473253062482,5.81391968651e-06,0.00333137598037,0.0,0.00529066691473,2.90695984326e-05,0.00174417590595,0.00581391968651,0.00076743739862,0.00244184626834,0.00315114447009,0.00247672978645,5.81391968651e-06,0.0,5.81391968651e-06,0.00313951663072,0.00299416863855,0.000151161911849,0.000110464474044,1.1627839373e-05,0.0,0.0053895035494,0.000930227149842,0.000122092313417,0.00038371869931,4.65113574921e-05,0.0,0.00270347265423,0.00536624787065,5.81391968651e-06,0.000343021261504,5.81391968651e-06,0.004395323283,0.000581391968651,0.00492438997448,0.000343021261504
Gen 172
string_,string_rot,integer_swap,exec_sho,integer_gte,boolean_shove,boolean_and,string_pop,exec_eq,string_yankd,string_parse_to_chars,integer_lt,string_stackdepth,exec_do*whi,char_r,char_p,boolean_sw,integer_sho,boolean_invert_second_then_a,print_integ,char_iswhitespace,string_removechar,exec_emp,string_first,string_conc,string_yank,string_concat,string_setchar,exec_yankd,string_length,string_replacefirstch,char_d,integer_eq,exec_do*tim,string_emptystri,string_reverse,exec_yankdup,string_repla,exec_,char_ya,integer_mu,string_replacech,boolean_yankd,char_isletter,integer_add,string_empty,char_isdigit,print_integer,exec_shove,integer_fromstri,string_conjchar,boolean_or,boolean_empty,exec_wh,string_fromchar,integer_yankd,exec_do*while,integer_rot,string_rest,boolean_flu,integer_stackdep,char_iswhitespa,char_allfromstring,boolean_,char_allfromstri,exec_stackdepth,exec_do*range,char_shove,char_stackdep,string_removech,exec_stackdep,boolean_sho,string_indexofch,string_stackdep,string_leng,print_ch,integer_mult,boolean_xor,boolean_yankdup,integer_min,string_emp,integer_fromch,exec_yank,char_stackdepth,char_sw,integer_fromboole,string_replace,integer_div,string_replacefirst,boolean_frominteger,string_butla,char_isdig,integer_flush,integer_,string_yankdup,char_flu,print_exec,integer_yank,boolean_frominteg,string_emptystring,char_yankd,boolean_ya,string_swap,print_ex,exec_d,integer_max,char_swap,string_contains,char_empty,exec_dup,exec_k,string_frominteg,exec_noop,exec_p,exec_r,exec_s,string_sho,integer_flu,exec_y,boolean_rot,boolean_a,integer_ya,exec_ya,boolean_invert_first_then_a,string_spl,string_occurrencesofch,integer_yankdup,string_replacechar,char_sho,string_fromboolean,print_stri,exec_string_itera,print_newli,string_ta,string_replacefirstchar,string_substring,boolean_stackdepth,string_shove,string_containschar,exec_do*ran,char_yankdup,char_yank,integer_sw,exec_do*times,string_fromch,integer_shove,exec_if,exec_whi,integer_g,char_frominteger,char_frominteg,boolean_dup,string_eq,boolean_not,char_eq,boolean_flush,boolean_pop,string_butlast,exec_swap,string_replacefir,boolean_swap,exec_sw,string_n,print_string,exec_flush,print_newline,integer_a,string_d,string_dup,string_frominteger,string_contai,integer_mod,exec_do*count,string_fir,string_r,integer_fromchar,string_p,integer_inc,boolean_invert_first_then_and,integer_fromstring,exec_rot,integer_m,boolean_d,char_rot,exec_do*cou,string_take,exec_string_iterate,string_split,integer_pop,boolean_n,string_re,boolean_p,boolean_r,exec_pop,string_sw,boolean_x,boolean_emp,string_la,char_emp,boolean_stackdep,string_parse_to_cha,print_char,integer_dup,boolean_invert_second_then_and,integer_sub,string_setch,exec_no,boolean_yank,char_islett,string_ya,string_flu,integer_stackdepth,integer_emp,integer_dec,print_boole,integer_gt,exec,string_indexofchar,in1,char_dup,char_flush,char_pop,integer_lte,string_conjch,exec_flu,string_containsch,boolean_eq,string_flush,print_boolean,integer_d,string_rever,char_,exec_empty,string_last,integer_l,exec_when,integer_i,string_substri,string_nth,string_occurrencesofchar,integer_r,integer_s,integer_p,exec_while,integer_fromboolean,integer_empty,string_fromboole
5.78031340859e-06,0.00571094964769,0.00184970029075,0.000722539176074,0.00538725209681,0.00390749186421,0.000624273848128,0.00517338050069,0.00313871018087,0.0,0.00572829058792,0.0036994005815,0.00251443633274,0.0,0.0,0.0,0.0,1.15606268172e-05,0.000127166894989,5.78031340859e-06,0.00209247345391,0.00117918393535,5.20228206773e-05,0.00131213114375,6.35834474945e-05,0.00142195709851,0.00294217952497,0.0045086444587,0.000109825954763,0.00578031340859,1.15606268172e-05,1.73409402258e-05,0.00392483280443,0.0,1.73409402258e-05,0.00574563152814,0.00539881272363,1.15606268172e-05,8.67047011289e-05,1.15606268172e-05,1.15606268172e-05,2.8901567043e-05,9.82653279461e-05,0.00353755180606,0.00158958618736,0.00387859029717,0.0042369697285,0.000473985699505,0.00540459303703,2.31212536344e-05,0.000710978549257,0.00512135768001,0.00293061889816,0.0,0.00141617678511,4.04621938602e-05,0.00422540910168,0.00153178305328,0.00488436483026,4.04621938602e-05,8.09243877203e-05,5.78031340859e-06,0.00296530077861,5.78031340859e-05,3.46818804516e-05,0.0019479656187,0.000341038491107,0.00294795983838,1.15606268172e-05,1.15606268172e-05,1.73409402258e-05,9.82653279461e-05,2.8901567043e-05,1.15606268172e-05,6.93637609031e-05,8.09243877203e-05,0.00160114681418,0.00211559470755,0.00313292986746,0.000427743192236,0.0,1.15606268172e-05,0.00279189137635,0.00157224524714,5.78031340859e-06,1.15606268172e-05,0.00560112369293,0.00146241929237,0.00287281576407,0.00299420234565,2.8901567043e-05,4.04621938602e-05,0.00415026502737,0.000219651909527,0.00399419656534,0.0,8.09243877203e-05,0.00557800243929,5.78031340859e-06,0.000514447893365,5.78031340859e-05,0.0,0.00505777423252,0.0,5.78031340859e-06,0.000890168264923,0.00143351772533,0.00364737776082,0.00323697550881,0.00208091282709,0.00375720371559,1.15606268172e-05,0.000757221056526,0.0,0.000127166894989,0.00108669892082,0.0,8.09243877203e-05,6.93637609031e-05,0.00142773741192,0.0,5.20228206773e-05,1.15606268172e-05,5.20228206773e-05,0.0,4.62425072687e-05,0.00164738932145,0.00322541488199,4.62425072687e-05,0.00576297246837,2.31212536344e-05,1.73409402258e-05,0.0,0.0,0.00281501262998,0.00127166894989,0.00455488696597,0.000757221056526,0.00252021664615,5.78031340859e-06,0.00117918393535,0.00173409402258,1.15606268172e-05,0.00254911821319,0.0,0.000953751712418,0.00344506679152,2.8901567043e-05,1.15606268172e-05,0.00267628510818,1.15606268172e-05,0.00160114681418,0.00164738932145,0.00474563730845,0.00113872174149,0.00204623094664,0.00498263015821,0.00476875856209,0.000265894416795,0.0,0.00175721527621,0.0,1.73409402258e-05,0.00442193975757,0.000109825954763,2.31212536344e-05,5.78031340859e-06,0.0,0.00122542644262,0.000867047011289,1.15606268172e-05,0.0053814717834,0.00440459881735,1.15606268172e-05,2.31212536344e-05,0.00420806816146,0.000236992849752,0.00573407090132,0.00354911243288,0.00257801978023,0.00367627932787,9.24850145375e-05,0.0,0.00223120097572,1.73409402258e-05,0.00173409402258,0.00146241929237,0.000468205386096,0.0007398801163,4.62425072687e-05,0.000104045641355,2.8901567043e-05,1.15606268172e-05,0.00032947786429,4.62425072687e-05,1.73409402258e-05,8.67047011289e-05,0.0,4.04621938602e-05,0.000115606268172,1.15606268172e-05,0.00427165160895,0.00347396835856,0.00505199391911,0.00575141184155,4.04621938602e-05,0.0,0.00172831370917,1.15606268172e-05,1.73409402258e-05,5.78031340859e-06,0.00486124357663,5.78031340859e-06,0.00322541488199,0.0,0.00527164582864,3.46818804516e-05,0.00187282154438,0.00578031340859,0.000768781683343,0.0023525875573,0.0028265732568,0.00233524661707,0.0,0.0,0.0,0.0030924676736,0.00281501262998,5.20228206773e-05,8.67047011289e-05,5.78031340859e-06,0.0,0.00535835052977,0.000959532025826,0.000196530655892,0.000352599117924,5.20228206773e-05,0.0,0.00287859607748,0.00532944896272,5.78031340859e-06,0.000404621938602,0.0,0.00444506101121,0.000757221056526,0.00487280420344,0.000358379431333
Gen 173
string_,string_rot,integer_swap,exec_sho,integer_gte,boolean_shove,boolean_and,string_pop,exec_eq,string_yankd,string_parse_to_chars,integer_lt,string_stackdepth,exec_do*whi,char_r,char_p,boolean_sw,integer_sho,boolean_invert_second_then_a,print_integ,char_iswhitespace,string_removechar,exec_emp,string_first,string_conc,string_yank,string_concat,string_setchar,exec_yankd,string_length,string_replacefirstch,char_d,integer_eq,exec_do*tim,string_emptystri,string_reverse,exec_yankdup,string_repla,exec_,char_ya,integer_mu,string_replacech,boolean_yankd,char_isletter,integer_add,string_empty,char_isdigit,print_integer,exec_shove,integer_fromstri,string_conjchar,boolean_or,boolean_empty,exec_wh,string_fromchar,integer_yankd,exec_do*while,integer_rot,string_rest,boolean_flu,integer_stackdep,char_iswhitespa,char_allfromstring,boolean_,char_allfromstri,exec_stackdepth,exec_do*range,char_shove,char_stackdep,string_removech,exec_stackdep,boolean_sho,string_indexofch,string_stackdep,string_leng,print_ch,integer_mult,boolean_xor,boolean_yankdup,integer_min,string_emp,integer_fromch,exec_yank,char_stackdepth,char_sw,integer_fromboole,string_replace,integer_div,string_replacefirst,boolean_frominteger,string_butla,char_isdig,integer_flush,integer_,string_yankdup,char_flu,print_exec,integer_yank,boolean_frominteg,string_emptystring,char_yankd,boolean_ya,string_swap,print_ex,exec_d,integer_max,char_swap,string_contains,char_empty,exec_dup,exec_k,string_frominteg,exec_noop,exec_p,exec_r,exec_s,string_sho,integer_flu,exec_y,boolean_rot,boolean_a,integer_ya,exec_ya,boolean_invert_first_then_a,string_spl,string_occurrencesofch,integer_yankdup,string_replacechar,char_sho,string_fromboolean,print_stri,exec_string_itera,print_newli,string_ta,string_replacefirstchar,string_substring,boolean_stackdepth,string_shove,string_containschar,exec_do*ran,char_yankdup,char_yank,integer_sw,exec_do*times,string_fromch,integer_shove,exec_if,exec_whi,integer_g,char_frominteger,char_frominteg,boolean_dup,string_eq,boolean_not,char_eq,boolean_flush,boolean_pop,string_butlast,exec_swap,string_replacefir,boolean_swap,exec_sw,string_n,print_string,exec_flush,print_newline,integer_a,string_d,string_dup,string_frominteger,string_contai,integer_mod,exec_do*count,string_fir,string_r,integer_fromchar,string_p,integer_inc,boolean_invert_first_then_and,integer_fromstring,exec_rot,integer_m,boolean_d,char_rot,exec_do*cou,string_take,exec_string_iterate,string_split,integer_pop,boolean_n,string_re,boolean_p,boolean_r,exec_pop,string_sw,boolean_x,boolean_emp,string_la,char_emp,boolean_stackdep,string_parse_to_cha,print_char,integer_dup,boolean_invert_second_then_and,integer_sub,string_setch,exec_no,boolean_yank,char_islett,string_ya,string_flu,integer_stackdepth,integer_emp,integer_dec,print_boole,integer_gt,exec,string_indexofchar,in1,char_dup,char_flush,char_pop,integer_lte,string_conjch,exec_flu,string_containsch,boolean_eq,string_flush,print_boolean,integer_d,string_rever,char_,exec_empty,string_last,integer_l,exec_when,integer_i,string_substri,string_nth,string_occurrencesofchar,integer_r,integer_s,integer_p,exec_while,integer_fromboolean,integer_empty,string_fromboole
5.74709340751e-06,0.00572410503388,0.00185631117063,0.000551720967121,0.00536203814921,0.00399422991822,0.000511491313268,0.00518387825357,0.00292527054442,0.0,0.00570686375366,0.00363791012695,0.00269538680812,1.1494186815e-05,5.74709340751e-06,5.74709340751e-06,0.0,0.0,6.89651208901e-05,5.74709340751e-06,0.00239653795093,0.00100574134631,3.44825604451e-05,0.00150573847277,4.02296538526e-05,0.00163217452773,0.00266665134108,0.00447698576445,0.00013793024178,0.00574709340751,1.1494186815e-05,2.298837363e-05,0.00393101189074,0.0,1.1494186815e-05,0.00570686375366,0.0052011195338,1.72412802225e-05,0.000103447681335,0.0,0.0,3.44825604451e-05,0.000126436054965,0.00333331417636,0.00135631404417,0.00349997988517,0.00454020379193,0.000344825604451,0.00527008465469,1.72412802225e-05,0.000683904115494,0.00495399451727,0.00282182286309,0.0,0.00154596812662,4.59767472601e-05,0.00394250607755,0.00163217452773,0.00481031718209,6.32180274826e-05,5.74709340751e-05,0.0,0.00286779961035,5.17238406676e-05,5.74709340751e-05,0.00224711352234,0.000454020379193,0.00299423566531,0.0,0.0,1.1494186815e-05,8.04593077051e-05,6.32180274826e-05,1.1494186815e-05,9.19534945201e-05,9.19534945201e-05,0.00131608439032,0.00209194200033,0.00325285486865,0.000344825604451,0.0,2.298837363e-05,0.00312641881368,0.00163217452773,0.0,5.74709340751e-06,0.00552295676462,0.00121263670898,0.00243102051138,0.00338503801702,3.44825604451e-05,5.17238406676e-05,0.00374135780829,0.00013793024178,0.00412641306659,0.0,4.02296538526e-05,0.0054367503635,0.0,0.000442526192378,2.87354670375e-05,0.0,0.00506893638542,0.0,1.1494186815e-05,0.000965511692462,0.00126436054965,0.0037528519951,0.00284481123672,0.00219538968167,0.00364365722036,5.74709340751e-06,0.00100574134631,0.0,0.000126436054965,0.00122987798921,5.74709340751e-06,9.19534945201e-05,0.000132183148373,0.00156320940684,0.0,5.17238406676e-05,1.1494186815e-05,6.32180274826e-05,0.0,5.74709340751e-06,0.0016034390607,0.00269538680812,1.72412802225e-05,0.00572985212729,1.1494186815e-05,0.0,0.0,0.0,0.00273561646197,0.00124711926943,0.00452296251171,0.000465514566008,0.0025229740059,2.298837363e-05,0.000959764599054,0.00219538968167,0.0,0.00272986936857,0.0,0.000787351796829,0.00358618628629,1.1494186815e-05,6.89651208901e-05,0.00276435192901,1.1494186815e-05,0.00172987511566,0.00136780823099,0.0046666398469,0.00127010764306,0.00182757570359,0.00514364859972,0.00481606427549,0.000270113390153,0.0,0.00171838092885,0.0,1.72412802225e-05,0.00442526192378,4.02296538526e-05,1.72412802225e-05,2.298837363e-05,0.0,0.00147125591232,0.00104022390676,0.0,0.00532755558876,0.00418388400067,1.1494186815e-05,2.87354670375e-05,0.00430457296222,0.000333331417636,0.00568387538003,0.00371262234125,0.00212642456078,0.00371836943466,0.000120688961558,0.0,0.00257469784656,3.44825604451e-05,0.00185056407722,0.00188504663766,0.000471261659416,0.000816087263866,1.1494186815e-05,0.000109194774743,4.02296538526e-05,5.74709340751e-06,0.000264366296745,1.72412802225e-05,1.1494186815e-05,6.32180274826e-05,0.0,5.74709340751e-05,0.000224136642893,4.02296538526e-05,0.00438503226993,0.00325860196206,0.00496548870409,0.00568962247343,4.02296538526e-05,5.74709340751e-06,0.00209768909374,0.0,1.1494186815e-05,5.74709340751e-06,0.00463215728645,5.74709340751e-06,0.00331032580273,0.0,0.00524134918765,1.1494186815e-05,0.00193677047833,0.00574709340751,0.000695398302309,0.00260918040701,0.00235056120367,0.00263791587405,0.0,0.0,0.0,0.00316090137413,0.00276435192901,0.00016091861541,0.000103447681335,2.87354670375e-05,0.0,0.00533330268217,0.000999994252907,0.00025287210993,0.000201148269263,4.02296538526e-05,0.0,0.00304021241257,0.00529882012172,0.0,0.000379308164896,5.74709340751e-06,0.00452870960512,0.000540226780306,0.00483330555572,0.000413790725341
Gen 174
string_,string_rot,integer_swap,exec_sho,integer_gte,boolean_shove,boolean_and,string_pop,exec_eq,string_yankd,string_parse_to_chars,integer_lt,string_stackdepth,exec_do*whi,char_r,char_p,boolean_sw,integer_sho,boolean_invert_second_then_a,print_integ,char_iswhitespace,string_removechar,exec_emp,string_first,string_conc,string_yank,string_concat,string_setchar,exec_yankd,string_length,string_replacefirstch,char_d,integer_eq,exec_do*tim,string_emptystri,string_reverse,exec_yankdup,string_repla,exec_,char_ya,integer_mu,string_replacech,boolean_yankd,char_isletter,integer_add,string_empty,char_isdigit,print_integer,exec_shove,integer_fromstri,string_conjchar,boolean_or,boolean_empty,exec_wh,string_fromchar,integer_yankd,exec_do*while,integer_rot,string_rest,boolean_flu,integer_stackdep,char_iswhitespa,char_allfromstring,boolean_,char_allfromstri,exec_stackdepth,exec_do*range,char_shove,char_stackdep,string_removech,exec_stackdep,boolean_sho,string_indexofch,string_stackdep,string_leng,print_ch,integer_mult,boolean_xor,boolean_yankdup,integer_min,string_emp,integer_fromch,exec_yank,char_stackdepth,char_sw,integer_fromboole,string_replace,integer_div,string_replacefirst,boolean_frominteger,string_butla,char_isdig,integer_flush,integer_,string_yankdup,char_flu,print_exec,integer_yank,boolean_frominteg,string_emptystring,char_yankd,boolean_ya,string_swap,print_ex,exec_d,integer_max,char_swap,string_contains,char_empty,exec_dup,exec_k,string_frominteg,exec_noop,exec_p,exec_r,exec_s,string_sho,integer_flu,exec_y,boolean_rot,boolean_a,integer_ya,exec_ya,boolean_invert_first_then_a,string_spl,string_occurrencesofch,integer_yankdup,string_replacechar,char_sho,string_fromboolean,print_stri,exec_string_itera,print_newli,string_ta,string_replacefirstchar,string_substring,boolean_stackdepth,string_shove,string_containschar,exec_do*ran,char_yankdup,char_yank,integer_sw,exec_do*times,string_fromch,integer_shove,exec_if,exec_whi,integer_g,char_frominteger,char_frominteg,boolean_dup,string_eq,boolean_not,char_eq,boolean_flush,boolean_pop,string_butlast,exec_swap,string_replacefir,boolean_swap,exec_sw,string_n,print_string,exec_flush,print_newline,integer_a,string_d,string_dup,string_frominteger,string_contai,integer_mod,exec_do*count,string_fir,string_r,integer_fromchar,string_p,integer_inc,boolean_invert_first_then_and,integer_fromstring,exec_rot,integer_m,boolean_d,char_rot,exec_do*cou,string_take,exec_string_iterate,string_split,integer_pop,boolean_n,string_re,boolean_p,boolean_r,exec_pop,string_sw,boolean_x,boolean_emp,string_la,char_emp,boolean_stackdep,string_parse_to_cha,print_char,integer_dup,boolean_invert_second_then_and,integer_sub,string_setch,exec_no,boolean_yank,char_islett,string_ya,string_flu,integer_stackdepth,integer_emp,integer_dec,print_boole,integer_gt,exec,string_indexofchar,in1,char_dup,char_flush,char_pop,integer_lte,string_conjch,exec_flu,string_containsch,boolean_eq,string_flush,print_boolean,integer_d,string_rever,char_,exec_empty,string_last,integer_l,exec_when,integer_i,string_substri,string_nth,string_occurrencesofchar,integer_r,integer_s,integer_p,exec_while,integer_fromboolean,integer_empty,string_fromboole
0.0,0.00569139604917,0.00190856052251,0.000411426220422,0.00531425534711,0.00393712035931,0.000571425306141,0.00518854177976,0.0031542676899,5.71425306141e-06,0.00561711075937,0.00371997874298,0.00280569825315,5.71425306141e-06,5.71425306141e-06,0.0,1.14285061228e-05,5.71425306141e-06,8.57137959212e-05,0.0,0.00229712973069,0.00104570831024,2.85712653071e-05,0.00137142073474,2.28570122456e-05,0.00139427774698,0.00255427111845,0.00454283118382,6.28567836755e-05,0.00571425306141,2.28570122456e-05,2.85712653071e-05,0.00402283415523,1.71427591842e-05,5.71425306141e-06,0.00564568202467,0.00521139879201,3.42855183685e-05,5.71425306141e-05,0.0,5.71425306141e-06,1.71427591842e-05,5.14282775527e-05,0.00329140976337,0.00139999200005,0.0033314095348,0.00457711670219,0.000411426220422,0.00499997142873,0.0,0.000777138416352,0.0048571151022,0.00281141250621,5.71425306141e-06,0.00158284809801,4.57140244913e-05,0.00381140679196,0.00155999108577,0.00481140107771,3.42855183685e-05,9.14280489826e-05,5.71425306141e-06,0.00286284078377,4.57140244913e-05,7.42852897983e-05,0.00228570122456,0.000508568522466,0.002977125845,0.0,1.14285061228e-05,5.71425306141e-05,7.99995428598e-05,1.14285061228e-05,2.28570122456e-05,0.000131427820412,0.000131427820412,0.00149713430209,0.00209713087354,0.00338283781236,0.000319998171439,5.71425306141e-06,1.71427591842e-05,0.00316569619602,0.00163427637556,5.71425306141e-06,5.71425306141e-06,0.00550282569814,0.00136570648168,0.00242284329804,0.00349712287358,2.85712653071e-05,3.99997714299e-05,0.00366855046543,0.000137142073474,0.00414283346952,0.0,6.28567836755e-05,0.00547996868589,0.0,0.000434283232667,2.85712653071e-05,0.0,0.00503997120016,0.0,2.28570122456e-05,0.000788566922475,0.00129142119188,0.0039542631185,0.00281141250621,0.00225712995926,0.00375997851441,5.71425306141e-06,0.00097142302044,0.0,8.57137959212e-05,0.00121713590208,0.0,5.71425306141e-05,0.000137142073474,0.00181141822047,5.71425306141e-06,2.85712653071e-05,5.71425306141e-06,3.99997714299e-05,5.71425306141e-06,2.28570122456e-05,0.00175427568985,0.0028285552654,2.28570122456e-05,0.00570853880835,1.14285061228e-05,1.14285061228e-05,0.0,5.71425306141e-06,0.00269141319192,0.00129142119188,0.00450283141239,0.000428568979606,0.00253712835927,3.99997714299e-05,0.00102285129799,0.00226855846538,1.14285061228e-05,0.00281712675928,5.71425306141e-06,0.000834280946966,0.00349140862052,1.71427591842e-05,7.42852897983e-05,0.00277712698785,1.71427591842e-05,0.00155999108577,0.00126856417963,0.00481140107771,0.001302849698,0.00176570419598,0.00508568522466,0.00469711601648,0.000239998628579,0.0,0.00169141890618,0.0,5.71425306141e-06,0.00440568911035,9.14280489826e-05,2.28570122456e-05,1.14285061228e-05,0.0,0.00163427637556,0.00107999382861,1.71427591842e-05,0.00530282684099,0.00414854772258,0.0,9.7142302044e-05,0.00429711830218,0.000251427134702,0.00563425351855,0.00403426266136,0.00223427294701,0.00372569299604,0.000125713567351,0.0,0.00271998445723,1.14285061228e-05,0.0017771327021,0.00197713155925,0.00040571196736,0.000748567151045,2.85712653071e-05,9.14280489826e-05,3.99997714299e-05,5.71425306141e-06,0.000331426677562,1.71427591842e-05,1.71427591842e-05,6.85710367369e-05,5.71425306141e-06,5.14282775527e-05,0.000422854726544,1.14285061228e-05,0.00450854566545,0.00319426746133,0.00494282889812,0.00567996754304,5.71425306141e-05,5.71425306141e-06,0.00249141433478,1.14285061228e-05,2.85712653071e-05,5.71425306141e-06,0.00457140244913,2.85712653071e-05,0.00338855206542,0.0,0.00513139924915,1.71427591842e-05,0.00181713247353,0.00571425306141,0.000697138873492,0.00263427066131,0.00219427317558,0.00275998422866,0.0,0.0,0.0,0.00335998080011,0.00240570053885,0.000131427820412,0.000142856326535,3.42855183685e-05,0.0,0.0053599693716,0.000994280032686,0.000125713567351,0.000291426906132,3.42855183685e-05,5.71425306141e-06,0.0033028382695,0.00533711235936,0.0,0.000394283461237,1.71427591842e-05,0.00458283095525,0.000634282089817,0.00473140153485,0.000531425534711
Gen 175
string_,string_rot,integer_swap,exec_sho,integer_gte,boolean_shove,boolean_and,string_pop,exec_eq,string_yankd,string_parse_to_chars,integer_lt,string_stackdepth,exec_do*whi,char_r,char_p,boolean_sw,integer_sho,boolean_invert_second_then_a,print_integ,char_iswhitespace,string_removechar,exec_emp,string_first,string_conc,string_yank,string_concat,string_setchar,exec_yankd,string_length,string_replacefirstch,char_d,integer_eq,exec_do*tim,string_emptystri,string_reverse,exec_yankdup,string_repla,exec_,char_ya,integer_mu,string_replacech,boolean_yankd,char_isletter,integer_add,string_empty,char_isdigit,print_integer,exec_shove,integer_fromstri,string_conjchar,boolean_or,boolean_empty,exec_wh,string_fromchar,integer_yankd,exec_do*while,integer_rot,string_rest,boolean_flu,integer_stackdep,char_iswhitespa,char_allfromstring,boolean_,char_allfromstri,exec_stackdepth,exec_do*range,char_shove,char_stackdep,string_removech,exec_stackdep,boolean_sho,string_indexofch,string_stackdep,string_leng,print_ch,integer_mult,boolean_xor,boolean_yankdup,integer_min,string_emp,integer_fromch,exec_yank,char_stackdepth,char_sw,integer_fromboole,string_replace,integer_div,string_replacefirst,boolean_frominteger,string_butla,char_isdig,integer_flush,integer_,string_yankdup,char_flu,print_exec,integer_yank,boolean_frominteg,string_emptystring,char_yankd,boolean_ya,string_swap,print_ex,exec_d,integer_max,char_swap,string_contains,char_empty,exec_dup,exec_k,string_frominteg,exec_noop,exec_p,exec_r,exec_s,string_sho,integer_flu,exec_y,boolean_rot,boolean_a,integer_ya,exec_ya,boolean_invert_first_then_a,string_spl,string_occurrencesofch,integer_yankdup,string_replacechar,char_sho,string_fromboolean,print_stri,exec_string_itera,print_newli,string_ta,string_replacefirstchar,string_substring,boolean_stackdepth,string_shove,string_containschar,exec_do*ran,char_yankdup,char_yank,integer_sw,exec_do*times,string_fromch,integer_shove,exec_if,exec_whi,integer_g,char_frominteger,char_frominteg,boolean_dup,string_eq,boolean_not,char_eq,boolean_flush,boolean_pop,string_butlast,exec_swap,string_replacefir,boolean_swap,exec_sw,string_n,print_string,exec_flush,print_newline,integer_a,string_d,string_dup,string_frominteger,string_contai,integer_mod,exec_do*count,string_fir,string_r,integer_fromchar,string_p,integer_inc,boolean_invert_first_then_and,integer_fromstring,exec_rot,integer_m,boolean_d,char_rot,exec_do*cou,string_take,exec_string_iterate,string_split,integer_pop,boolean_n,string_re,boolean_p,boolean_r,exec_pop,string_sw,boolean_x,boolean_emp,string_la,char_emp,boolean_stackdep,string_parse_to_cha,print_char,integer_dup,boolean_invert_second_then_and,integer_sub,string_setch,exec_no,boolean_yank,char_islett,string_ya,string_flu,integer_stackdepth,integer_emp,integer_dec,print_boole,integer_gt,exec,string_indexofchar,in1,char_dup,char_flush,char_pop,integer_lte,string_conjch,exec_flu,string_containsch,boolean_eq,string_flush,print_boolean,integer_d,string_rever,char_,exec_empty,string_last,integer_l,exec_when,integer_i,string_substri,string_nth,string_occurrencesofchar,integer_r,integer_s,integer_p,exec_while,integer_fromboolean,integer_empty,string_fromboole
0.0,0.00564769518355,0.00188635291845,0.000397725012926,0.00515337981034,0.00371020619201,0.00064772359248,0.00517610695394,0.00319316367521,5.68178589894e-06,0.00563633161175,0.00380679655229,0.00317043653161,1.70453576968e-05,3.97725012926e-05,1.70453576968e-05,0.0,1.13635717979e-05,9.6590360282e-05,0.0,0.00224998721598,0.00096590360282,3.97725012926e-05,0.00135226504395,2.84089294947e-05,0.00132385611445,0.00247157686604,0.00437497514219,2.84089294947e-05,0.00568178589894,2.27271435958e-05,1.70453576968e-05,0.00398861370106,6.81814307873e-05,0.0,0.00556815018096,0.00516474338214,1.70453576968e-05,4.54542871916e-05,5.68178589894e-06,0.0,1.70453576968e-05,6.81814307873e-05,0.00307952795723,0.00121590218237,0.00308520974313,0.00457951943455,0.000329543582139,0.00518178873984,1.13635717979e-05,0.000761359310458,0.00473860943972,0.00282384759178,5.68178589894e-06,0.00177271720047,3.97725012926e-05,0.00360793404583,0.00131817432855,0.00493747194618,3.97725012926e-05,7.95450025852e-05,0.0,0.00289202902256,6.81814307873e-05,2.27271435958e-05,0.00243180436475,0.000517042516804,0.00312498224442,0.0,5.68178589894e-06,4.54542871916e-05,2.27271435958e-05,2.84089294947e-05,3.40907153937e-05,0.00010795393208,0.000142044647474,0.00147726433373,0.00234657757626,0.00333520832268,0.00037499786933,1.13635717979e-05,2.84089294947e-05,0.00318180010341,0.00194885256334,5.68178589894e-06,0.0,0.00551133232198,0.0016079454094,0.00236930471986,0.0032499815342,5.68178589894e-05,3.97725012926e-05,0.00355679797274,0.000181817148766,0.00447724728837,1.13635717979e-05,3.97725012926e-05,0.00549428696428,0.0,0.000420452156522,1.70453576968e-05,5.68178589894e-06,0.00506247123596,0.0,1.13635717979e-05,0.00064772359248,0.00144317361833,0.00411929477673,0.00282952937767,0.00240907722115,0.0037499786933,0.0,0.0010511303913,0.0,9.09085743831e-05,0.00102272146181,0.0,4.54542871916e-05,0.000142044647474,0.00176703541457,0.0,5.68178589894e-06,5.68178589894e-06,4.54542871916e-05,0.0,3.40907153937e-05,0.00194317077744,0.00287498366487,5.68178589894e-05,0.00567042232715,3.40907153937e-05,1.13635717979e-05,0.0,0.0,0.00264203044301,0.00132385611445,0.00471588229612,0.000340907153937,0.00206817006722,1.13635717979e-05,0.00101703967591,0.0026761211584,0.0,0.00274998437509,5.68178589894e-06,0.00101135789001,0.00342611689706,2.27271435958e-05,3.97725012926e-05,0.00297157402515,2.27271435958e-05,0.00142044647474,0.00116476610928,0.00478406372691,0.00113635717979,0.00153408219271,0.00489769944489,0.00474997301152,0.000255680365452,0.0,0.00195453434924,0.0,1.13635717979e-05,0.00463633729354,5.68178589894e-05,5.68178589894e-05,0.0,0.0,0.00175567184277,0.00116476610928,1.70453576968e-05,0.0053636058886,0.00406815870364,1.70453576968e-05,0.000193180720564,0.00427270299601,0.000244316793655,0.00564201339765,0.00426133942421,0.00197157970693,0.0037897511946,0.000119317503878,0.0,0.00276134794689,3.40907153937e-05,0.00189771649025,0.0021420332839,0.00032386179624,0.000727268595065,2.84089294947e-05,0.000113635717979,1.70453576968e-05,0.0,0.000312498224442,2.84089294947e-05,5.68178589894e-06,0.000147726433373,5.68178589894e-06,3.40907153937e-05,0.000443179300118,2.27271435958e-05,0.00449997443196,0.00334089010858,0.00503974409236,0.00562496803995,6.24996448884e-05,0.0,0.00284657473537,1.70453576968e-05,1.13635717979e-05,5.68178589894e-06,0.00477270015511,3.97725012926e-05,0.00360225225993,0.0,0.00501133516287,1.13635717979e-05,0.00182385327356,0.00568178589894,0.000886358600235,0.00265907580071,0.0021306697121,0.00279543866228,0.0,0.0,0.0,0.00364202476122,0.00204544292362,0.00021590786416,0.00010795393208,3.97725012926e-05,0.0,0.00518747052574,0.00115908432338,9.09085743831e-05,0.000124999289777,9.09085743831e-05,1.13635717979e-05,0.00343748046886,0.00531815160141,0.0,0.000545451446299,2.84089294947e-05,0.00467042800893,0.0005397696604,0.00465338265123,0.000403406798825
Gen 176
string_,string_rot,integer_swap,exec_sho,integer_gte,boolean_shove,boolean_and,string_pop,exec_eq,string_yankd,string_parse_to_chars,integer_lt,string_stackdepth,exec_do*whi,char_r,char_p,boolean_sw,integer_sho,boolean_invert_second_then_a,print_integ,char_iswhitespace,string_removechar,exec_emp,string_first,string_conc,string_yank,string_concat,string_setchar,exec_yankd,string_length,string_replacefirstch,char_d,integer_eq,exec_do*tim,string_emptystri,string_reverse,exec_yankdup,string_repla,exec_,char_ya,integer_mu,string_replacech,boolean_yankd,char_isletter,integer_add,string_empty,char_isdigit,print_integer,exec_shove,integer_fromstri,string_conjchar,boolean_or,boolean_empty,exec_wh,string_fromchar,integer_yankd,exec_do*while,integer_rot,string_rest,boolean_flu,integer_stackdep,char_iswhitespa,char_allfromstring,boolean_,char_allfromstri,exec_stackdepth,exec_do*range,char_shove,char_stackdep,string_removech,exec_stackdep,boolean_sho,string_indexofch,string_stackdep,string_leng,print_ch,integer_mult,boolean_xor,boolean_yankdup,integer_min,string_emp,integer_fromch,exec_yank,char_stackdepth,char_sw,integer_fromboole,string_replace,integer_div,string_replacefirst,boolean_frominteger,string_butla,char_isdig,integer_flush,integer_,string_yankdup,char_flu,print_exec,integer_yank,boolean_frominteg,string_emptystring,char_yankd,boolean_ya,string_swap,print_ex,exec_d,integer_max,char_swap,string_contains,char_empty,exec_dup,exec_k,string_frominteg,exec_noop,exec_p,exec_r,exec_s,string_sho,integer_flu,exec_y,boolean_rot,boolean_a,integer_ya,exec_ya,boolean_invert_first_then_a,string_spl,string_occurrencesofch,integer_yankdup,string_replacechar,char_sho,string_fromboolean,print_stri,exec_string_itera,print_newli,string_ta,string_replacefirstchar,string_substring,boolean_stackdepth,string_shove,string_containschar,exec_do*ran,char_yankdup,char_yank,integer_sw,exec_do*times,string_fromch,integer_shove,exec_if,exec_whi,integer_g,char_frominteger,char_frominteg,boolean_dup,string_eq,boolean_not,char_eq,boolean_flush,boolean_pop,string_butlast,exec_swap,string_replacefir,boolean_swap,exec_sw,string_n,print_string,exec_flush,print_newline,integer_a,string_d,string_dup,string_frominteger,string_contai,integer_mod,exec_do*count,string_fir,string_r,integer_fromchar,string_p,integer_inc,boolean_invert_first_then_and,integer_fromstring,exec_rot,integer_m,boolean_d,char_rot,exec_do*cou,string_take,exec_string_iterate,string_split,integer_pop,boolean_n,string_re,boolean_p,boolean_r,exec_pop,string_sw,boolean_x,boolean_emp,string_la,char_emp,boolean_stackdep,string_parse_to_cha,print_char,integer_dup,boolean_invert_second_then_and,integer_sub,string_setch,exec_no,boolean_yank,char_islett,string_ya,string_flu,integer_stackdepth,integer_emp,integer_dec,print_boole,integer_gt,exec,string_indexofchar,in1,char_dup,char_flush,char_pop,integer_lte,string_conjch,exec_flu,string_containsch,boolean_eq,string_flush,print_boolean,integer_d,string_rever,char_,exec_empty,string_last,integer_l,exec_when,integer_i,string_substri,string_nth,string_occurrencesofchar,integer_r,integer_s,integer_p,exec_while,integer_fromboolean,integer_empty,string_fromboole
5.649685595e-06,0.0056440359094,0.00201128807182,0.000423726419625,0.00513556420585,0.00368924469353,0.000514121389145,0.00511296546347,0.00288698933904,0.0,0.00562143716702,0.00390958243174,0.00324856921712,5.649685595e-06,5.0847170355e-05,1.6949056785e-05,0.0,0.0,0.00012429308309,0.0,0.00212428178372,0.0010169434071,6.2146541545e-05,0.00136722391399,1.6949056785e-05,0.0014689182547,0.00251411008977,0.00419206671149,1.129937119e-05,0.005649685595,5.649685595e-06,1.6949056785e-05,0.00393783085971,3.389811357e-05,0.0,0.0055310421975,0.00509601640669,1.6949056785e-05,3.9547799165e-05,1.129937119e-05,1.129937119e-05,2.259874238e-05,0.00015819119666,0.00322597047474,0.00103389246388,0.00332201512986,0.00453104784719,0.000435025790815,0.00510166609228,5.649685595e-06,0.000762707555325,0.00461014344552,0.00254800820334,0.0,0.0016892559929,5.0847170355e-05,0.00334461387224,0.00140677171315,0.00494347489562,2.259874238e-05,2.8248427975e-05,5.649685595e-06,0.00253670883215,4.519748476e-05,1.6949056785e-05,0.00240111637787,0.000615815729855,0.00299998305094,0.0,1.129937119e-05,7.909559833e-05,1.129937119e-05,1.6949056785e-05,1.129937119e-05,9.03949695199e-05,0.000163840882255,0.00145761888351,0.00196609058706,0.00357625098163,0.000322032078915,1.6949056785e-05,1.129937119e-05,0.00307342896368,0.00218642832526,5.649685595e-06,5.649685595e-06,0.00555364093988,0.00185874656075,0.00272314845679,0.00275139688476,1.129937119e-05,5.649685595e-05,0.00348585601211,0.000197738995825,0.00423161451065,5.649685595e-06,3.389811357e-05,0.00554234156869,1.129937119e-05,0.00038417862046,5.649685595e-06,0.0,0.00498867238038,0.0,1.6949056785e-05,0.00058756730188,0.0015819119666,0.0040677736284,0.00266100191524,0.00257060694572,0.0038417862046,1.129937119e-05,0.00124858051649,1.129937119e-05,0.000163840882255,0.00080225535449,0.0,7.909559833e-05,6.779622714e-05,0.00173445347766,0.0,2.259874238e-05,5.649685595e-06,8.47452839249e-05,1.6949056785e-05,1.6949056785e-05,0.00206213524217,0.0027118490856,0.000107344026305,0.00563838622381,1.6949056785e-05,1.129937119e-05,5.649685595e-06,0.0,0.00251975977537,0.00158756165219,0.00447455099124,0.000333331450105,0.00228812266597,5.649685595e-06,0.00106779057745,0.00244066417704,0.0,0.00267795097203,0.0,0.00107344026305,0.00359320003842,5.649685595e-06,4.519748476e-05,0.00298303399416,2.8248427975e-05,0.0014689182547,0.00113558680459,0.00454234721838,0.00109603900543,0.00175140253445,0.0048587296117,0.00479093338456,0.000480223275575,0.0,0.00220902706764,0.0,0.0,0.00464969124468,2.8248427975e-05,2.259874238e-05,1.129937119e-05,0.0,0.00151976542505,0.00150846605386,2.8248427975e-05,0.00529940508811,0.00407907299959,5.649685595e-06,0.000242936480585,0.00427681199541,0.00016949056785,0.00557058999667,0.00435590759374,0.00212428178372,0.00391523211733,5.649685595e-05,0.0,0.00256495726013,3.389811357e-05,0.00175140253445,0.00190959373111,0.00023728679499,0.000892650324009,5.0847170355e-05,0.000107344026305,3.9547799165e-05,5.649685595e-06,0.000186439624635,3.9547799165e-05,2.259874238e-05,0.000107344026305,1.129937119e-05,1.129937119e-05,0.00046327421879,2.8248427975e-05,0.00433895853696,0.00326551827391,0.00494347489562,0.00561013779583,5.0847170355e-05,1.129937119e-05,0.00271749877119,0.0,5.649685595e-06,0.0,0.00494912458122,3.9547799165e-05,0.003389811357,0.0,0.00503386986514,1.129937119e-05,0.00222032643883,0.0056440359094,0.00115253586138,0.00253105914656,0.00231072140835,0.00242371512025,5.649685595e-06,0.0,5.649685595e-06,0.00375139123508,0.00212428178372,0.000265535222965,7.909559833e-05,1.129937119e-05,0.0,0.00493782521003,0.00119208366054,5.649685595e-05,0.000175140253445,6.2146541545e-05,5.649685595e-06,0.00330506607307,0.00532200383049,0.0,0.000491522646765,3.9547799165e-05,0.00483613086932,0.000593216987475,0.00456494596076,0.000446325162005
Gen 177
string_,string_rot,integer_swap,exec_sho,integer_gte,boolean_shove,boolean_and,string_pop,exec_eq,string_yankd,string_parse_to_chars,integer_lt,string_stackdepth,exec_do*whi,char_r,char_p,boolean_sw,integer_sho,boolean_invert_second_then_a,print_integ,char_iswhitespace,string_removechar,exec_emp,string_first,string_conc,string_yank,string_concat,string_setchar,exec_yankd,string_length,string_replacefirstch,char_d,integer_eq,exec_do*tim,string_emptystri,string_reverse,exec_yankdup,string_repla,exec_,char_ya,integer_mu,string_replacech,boolean_yankd,char_isletter,integer_add,string_empty,char_isdigit,print_integer,exec_shove,integer_fromstri,string_conjchar,boolean_or,boolean_empty,exec_wh,string_fromchar,integer_yankd,exec_do*while,integer_rot,string_rest,boolean_flu,integer_stackdep,char_iswhitespa,char_allfromstring,boolean_,char_allfromstri,exec_stackdepth,exec_do*range,char_shove,char_stackdep,string_removech,exec_stackdep,boolean_sho,string_indexofch,string_stackdep,string_leng,print_ch,integer_mult,boolean_xor,boolean_yankdup,integer_min,string_emp,integer_fromch,exec_yank,char_stackdepth,char_sw,integer_fromboole,string_replace,integer_div,string_replacefirst,boolean_frominteger,string_butla,char_isdig,integer_flush,integer_,string_yankdup,char_flu,print_exec,integer_yank,boolean_frominteg,string_emptystring,char_yankd,boolean_ya,string_swap,print_ex,exec_d,integer_max,char_swap,string_contains,char_empty,exec_dup,exec_k,string_frominteg,exec_noop,exec_p,exec_r,exec_s,string_sho,integer_flu,exec_y,boolean_rot,boolean_a,integer_ya,exec_ya,boolean_invert_first_then_a,string_spl,string_occurrencesofch,integer_yankdup,string_replacechar,char_sho,string_fromboolean,print_stri,exec_string_itera,print_newli,string_ta,string_replacefirstchar,string_substring,boolean_stackdepth,string_shove,string_containschar,exec_do*ran,char_yankdup,char_yank,integer_sw,exec_do*times,string_fromch,integer_shove,exec_if,exec_whi,integer_g,char_frominteger,char_frominteg,boolean_dup,string_eq,boolean_not,char_eq,boolean_flush,boolean_pop,string_butlast,exec_swap,string_replacefir,boolean_swap,exec_sw,string_n,print_string,exec_flush,print_newline,integer_a,string_d,string_dup,string_frominteger,string_contai,integer_mod,exec_do*count,string_fir,string_r,integer_fromchar,string_p,integer_inc,boolean_invert_first_then_and,integer_fromstring,exec_rot,integer_m,boolean_d,char_rot,exec_do*cou,string_take,exec_string_iterate,string_split,integer_pop,boolean_n,string_re,boolean_p,boolean_r,exec_pop,string_sw,boolean_x,boolean_emp,string_la,char_emp,boolean_stackdep,string_parse_to_cha,print_char,integer_dup,boolean_invert_second_then_and,integer_sub,string_setch,exec_no,boolean_yank,char_islett,string_ya,string_flu,integer_stackdepth,integer_emp,integer_dec,print_boole,integer_gt,exec,string_indexofchar,in1,char_dup,char_flush,char_pop,integer_lte,string_conjch,exec_flu,string_containsch,boolean_eq,string_flush,print_boolean,integer_d,string_rever,char_,exec_empty,string_last,integer_l,exec_when,integer_i,string_substri,string_nth,string_occurrencesofchar,integer_r,integer_s,integer_p,exec_while,integer_fromboolean,integer_empty,string_fromboole
0.0,0.00558985623676,0.00191571957461,0.000353930595896,0.0051460385054,0.00364604693232,0.000404492109595,0.0050617693159,0.00306178055179,0.0,0.0055842382908,0.00397188779838,0.00326402660659,1.12358919332e-05,4.49435677328e-05,5.6179459666e-06,1.12358919332e-05,1.12358919332e-05,0.000168538378998,5.6179459666e-06,0.00201684260201,0.000926961084488,4.49435677328e-05,0.00116853276105,5.6179459666e-06,0.00130336346425,0.00212920152134,0.00437637990798,3.93256217662e-05,0.0056179459666,0.0,3.93256217662e-05,0.00418536974511,0.000123594811265,5.6179459666e-06,0.00552805883113,0.0050112078022,2.8089729833e-05,2.24717838664e-05,5.6179459666e-06,5.6179459666e-06,1.12358919332e-05,7.30332975657e-05,0.00319661125499,0.00080898421919,0.00333144195819,0.00446064909748,0.000252807568497,0.0050112078022,5.6179459666e-06,0.000640445840192,0.00465727720631,0.00220223481891,5.6179459666e-06,0.00180897860124,4.49435677328e-05,0.00302245493003,0.00128089168038,0.0049269386127,5.6179459666e-06,3.93256217662e-05,0.0,0.00221908865681,6.17974056326e-05,3.37076757996e-05,0.00241009881967,0.00052808692086,0.00332582401222,0.0,5.6179459666e-06,5.05615136994e-05,5.6179459666e-06,0.0,1.68538378998e-05,8.42691894989e-05,0.000101123027399,0.00144943005938,0.00189324779074,0.00331458812029,0.000426963893461,0.0,1.68538378998e-05,0.00330897017432,0.00204493233184,0.0,0.0,0.0054662614255,0.00189886573671,0.00267976022607,0.00283706271313,3.37076757996e-05,3.93256217662e-05,0.00361795720249,0.000174156324964,0.00398312369032,0.0,2.8089729833e-05,0.0055168229392,0.0,0.000393256217662,5.6179459666e-06,0.0,0.00478087201757,0.0,5.6179459666e-06,0.000584266380526,0.00140448649165,0.00406177493385,0.0024718962253,0.0024550423874,0.00402806725805,0.0,0.00129212757232,0.0,0.000101123027399,0.000730332975657,5.6179459666e-06,7.30332975657e-05,8.98871354655e-05,0.00170785557385,5.6179459666e-06,6.74153515991e-05,1.12358919332e-05,5.6179459666e-05,1.12358919332e-05,1.68538378998e-05,0.00206178616974,0.00238200908984,8.42691894989e-05,0.0056179459666,2.24717838664e-05,5.6179459666e-05,0.0,1.12358919332e-05,0.00278650119943,0.00170223762788,0.00456739007084,0.00051123308296,0.00230897579227,0.0,0.000882017516756,0.00253369363093,0.0,0.00278088325346,5.6179459666e-06,0.000983140544154,0.00362919309442,5.6179459666e-06,7.30332975657e-05,0.00271908584783,0.0,0.00136516086988,0.000814602165156,0.00437637990798,0.000983140544154,0.00148875568115,0.00482581558531,0.00457300801681,0.000460671569261,0.0,0.00223594249471,0.0,5.6179459666e-06,0.00437637990798,6.17974056326e-05,4.49435677328e-05,2.8089729833e-05,0.0,0.00166852995208,0.00157864281661,1.68538378998e-05,0.0053482845602,0.00403368520402,1.68538378998e-05,0.000308987028163,0.00440446963781,8.42691894989e-05,0.00550558704726,0.00430896455638,0.00191010162864,0.00397188779838,6.74153515991e-05,5.6179459666e-06,0.00275279352363,3.37076757996e-05,0.00179774270931,0.00213481946731,0.000410110055561,0.00079213038129,1.68538378998e-05,0.000179774270931,1.68538378998e-05,0.0,0.000219099892697,5.6179459666e-05,2.24717838664e-05,0.000174156324964,0.0,2.24717838664e-05,0.000393256217662,2.24717838664e-05,0.00441008758378,0.00320784714693,0.00496626423447,0.0055336767771,7.30332975657e-05,5.6179459666e-06,0.003028072876,5.6179459666e-06,0.0,0.0,0.005044915478,8.42691894989e-05,0.00344380087752,0.0,0.00499997191027,2.8089729833e-05,0.00186515806091,0.00561232802063,0.00105055589575,0.00255054746883,0.00208425795361,0.00259549103657,5.6179459666e-06,0.0,5.6179459666e-06,0.00389323655485,0.00191010162864,0.000179774270931,7.86512435323e-05,1.68538378998e-05,1.68538378998e-05,0.00480334380144,0.00130898141022,6.17974056326e-05,0.000151684541098,4.49435677328e-05,0.0,0.00323031893079,0.0053482845602,5.6179459666e-06,0.000516851028927,6.17974056326e-05,0.0050280616401,0.000426963893461,0.00460671569261,0.000393256217662
Gen 178
string_,string_rot,integer_swap,exec_sho,integer_gte,boolean_shove,boolean_and,string_pop,exec_eq,string_yankd,string_parse_to_chars,integer_lt,string_stackdepth,exec_do*whi,char_r,char_p,boolean_sw,integer_sho,boolean_invert_second_then_a,print_integ,char_iswhitespace,string_removechar,exec_emp,string_first,string_conc,string_yank,string_concat,string_setchar,exec_yankd,string_length,string_replacefirstch,char_d,integer_eq,exec_do*tim,string_emptystri,string_reverse,exec_yankdup,string_repla,exec_,char_ya,integer_mu,string_replacech,boolean_yankd,char_isletter,integer_add,string_empty,char_isdigit,print_integer,exec_shove,integer_fromstri,string_conjchar,boolean_or,boolean_empty,exec_wh,string_fromchar,integer_yankd,exec_do*while,integer_rot,string_rest,boolean_flu,integer_stackdep,char_iswhitespa,char_allfromstring,boolean_,char_allfromstri,exec_stackdepth,exec_do*range,char_shove,char_stackdep,string_removech,exec_stackdep,boolean_sho,string_indexofch,string_stackdep,string_leng,print_ch,integer_mult,boolean_xor,boolean_yankdup,integer_min,string_emp,integer_fromch,exec_yank,char_stackdepth,char_sw,integer_fromboole,string_replace,integer_div,string_replacefirst,boolean_frominteger,string_butla,char_isdig,integer_flush,integer_,string_yankdup,char_flu,print_exec,integer_yank,boolean_frominteg,string_emptystring,char_yankd,boolean_ya,string_swap,print_ex,exec_d,integer_max,char_swap,string_contains,char_empty,exec_dup,exec_k,string_frominteg,exec_noop,exec_p,exec_r,exec_s,string_sho,integer_flu,exec_y,boolean_rot,boolean_a,integer_ya,exec_ya,boolean_invert_first_then_a,string_spl,string_occurrencesofch,integer_yankdup,string_replacechar,char_sho,string_fromboolean,print_stri,exec_string_itera,print_newli,string_ta,string_replacefirstchar,string_substring,boolean_stackdepth,string_shove,string_containschar,exec_do*ran,char_yankdup,char_yank,integer_sw,exec_do*times,string_fromch,integer_shove,exec_if,exec_whi,integer_g,char_frominteger,char_frominteg,boolean_dup,string_eq,boolean_not,char_eq,boolean_flush,boolean_pop,string_butlast,exec_swap,string_replacefir,boolean_swap,exec_sw,string_n,print_string,exec_flush,print_newline,integer_a,string_d,string_dup,string_frominteger,string_contai,integer_mod,exec_do*count,string_fir,string_r,integer_fromchar,string_p,integer_inc,boolean_invert_first_then_and,integer_fromstring,exec_rot,integer_m,boolean_d,char_rot,exec_do*cou,string_take,exec_string_iterate,string_split,integer_pop,boolean_n,string_re,boolean_p,boolean_r,exec_pop,string_sw,boolean_x,boolean_emp,string_la,char_emp,boolean_stackdep,string_parse_to_cha,print_char,integer_dup,boolean_invert_second_then_and,integer_sub,string_setch,exec_no,boolean_yank,char_islett,string_ya,string_flu,integer_stackdepth,integer_emp,integer_dec,print_boole,integer_gt,exec,string_indexofchar,in1,char_dup,char_flush,char_pop,integer_lte,string_conjch,exec_flu,string_containsch,boolean_eq,string_flush,print_boolean,integer_d,string_rever,char_,exec_empty,string_last,integer_l,exec_when,integer_i,string_substri,string_nth,string_occurrencesofchar,integer_r,integer_s,integer_p,exec_while,integer_fromboolean,integer_empty,string_fromboole
0.0,0.00558097440796,0.00213406629013,0.00026256836554,0.00502790487204,0.00341338875202,0.00031284741426,0.00512846296948,0.00331283065458,0.0,0.00556980128603,0.00351953341043,0.00350836028849,5.58656096893e-06,6.14521706583e-05,1.67596829068e-05,5.58656096893e-06,0.0,0.000128490902285,0.0,0.00184915168072,0.000798878218557,5.58656096893e-05,0.000972061608594,5.58656096893e-06,0.00119552404735,0.0022290378266,0.00431841162899,6.14521706583e-05,0.00558656096893,1.67596829068e-05,2.79328048447e-05,0.00369271680046,6.14521706583e-05,0.0,0.00553628192021,0.00495527957944,2.23462438757e-05,6.70387316272e-05,1.11731219379e-05,1.67596829068e-05,1.67596829068e-05,4.46924877515e-05,0.00332959033748,0.00105027346216,0.0036145049469,0.00469829777487,0.000251395243602,0.00487706772588,1.11731219379e-05,0.000402232389763,0.00470388433584,0.0022122781437,0.0,0.0017262473394,6.14521706583e-05,0.00324020536198,0.00119552404735,0.00504466455495,2.79328048447e-05,6.70387316272e-05,0.0,0.00210613348529,8.3798414534e-05,5.58656096893e-05,0.00218434533885,0.000564242657862,0.00353629309333,0.0,0.0,4.46924877515e-05,0.0,0.0,1.67596829068e-05,7.26252925961e-05,0.000139664024223,0.00123462997413,0.00221786470467,0.00355863933721,0.000592175462707,1.11731219379e-05,5.58656096893e-06,0.00344690811783,0.00199998882688,0.0,0.0,0.00546365662762,0.0018882576075,0.00300556980129,0.00250277931408,1.11731219379e-05,6.70387316272e-05,0.00384914050759,0.000173183390037,0.00374858241015,5.58656096893e-06,5.02790487204e-05,0.00554186848118,0.0,0.000340780219105,1.11731219379e-05,0.0,0.00490500053072,0.0,1.11731219379e-05,0.0005754157798,0.00160892955905,0.00388265987341,0.00275976111865,0.00231842280211,0.00372623616628,0.0,0.00132401494964,0.0,3.91059267825e-05,0.000726252925961,0.0,3.91059267825e-05,0.000117317780348,0.00207261411947,0.0,2.79328048447e-05,5.58656096893e-06,3.91059267825e-05,5.58656096893e-06,1.11731219379e-05,0.00191619041234,0.00245808682633,0.000134077463254,0.00558097440796,1.67596829068e-05,4.46924877515e-05,0.0,5.58656096893e-06,0.00286590577706,0.00173183390037,0.00459773967743,0.000307260853291,0.00245250026536,5.58656096893e-06,0.00088826319406,0.00248043307021,0.0,0.00286031921609,5.58656096893e-06,0.00106703314507,0.00371506304434,0.0,6.70387316272e-05,0.00277652080156,1.11731219379e-05,0.00158099675421,0.000770945413713,0.00432399818995,0.000966475047625,0.0013854671203,0.00481002899425,0.00450276814096,0.000636867950458,0.0,0.0022290378266,0.0,2.23462438757e-05,0.00430165194608,2.23462438757e-05,3.35193658136e-05,2.79328048447e-05,0.0,0.00159775643711,0.00180445919297,5.58656096893e-06,0.00530723292049,0.00393293892213,0.0,0.000329607097167,0.00431841162899,0.00010614465841,0.00551952223731,0.00447483533612,0.00223462438757,0.00391617923922,7.26252925961e-05,0.0,0.00286590577706,2.79328048447e-05,0.00170390109552,0.00207820068044,0.000256981804571,0.000737426047899,1.67596829068e-05,0.000167596829068,3.91059267825e-05,0.0,0.000206702755851,4.46924877515e-05,5.58656096893e-06,0.000150837146161,0.0,2.23462438757e-05,0.000307260853291,2.79328048447e-05,0.00435751755577,0.00306702197194,0.00504466455495,0.00554745504215,0.000145250585192,1.11731219379e-05,0.00292177138675,5.58656096893e-06,5.58656096893e-06,0.0,0.00481561555522,3.91059267825e-05,0.00307819509388,0.0,0.00492176021363,2.23462438757e-05,0.00207261411947,0.00558656096893,0.00127932246189,0.00258657772862,0.00198322914397,0.0025530583628,0.0,0.0,5.58656096893e-06,0.00388265987341,0.00176535326618,0.000290501170385,0.000290501170385,1.67596829068e-05,1.67596829068e-05,0.0046927112139,0.00127373590092,0.000100558097441,6.70387316272e-05,1.67596829068e-05,0.0,0.00339104250814,0.00524578074983,5.58656096893e-06,0.000508377048173,2.79328048447e-05,0.0048379617991,0.000430165194608,0.0045307009458,0.000391059267825
Gen 179
string_,string_rot,integer_swap,exec_sho,integer_gte,boolean_shove,boolean_and,string_pop,exec_eq,string_yankd,string_parse_to_chars,integer_lt,string_stackdepth,exec_do*whi,char_r,char_p,boolean_sw,integer_sho,boolean_invert_second_then_a,print_integ,char_iswhitespace,string_removechar,exec_emp,string_first,string_conc,string_yank,string_concat,string_setchar,exec_yankd,string_length,string_replacefirstch,char_d,integer_eq,exec_do*tim,string_emptystri,string_reverse,exec_yankdup,string_repla,exec_,char_ya,integer_mu,string_replacech,boolean_yankd,char_isletter,integer_add,string_empty,char_isdigit,print_integer,exec_shove,integer_fromstri,string_conjchar,boolean_or,boolean_empty,exec_wh,string_fromchar,integer_yankd,exec_do*while,integer_rot,string_rest,boolean_flu,integer_stackdep,char_iswhitespa,char_allfromstring,boolean_,char_allfromstri,exec_stackdepth,exec_do*range,char_shove,char_stackdep,string_removech,exec_stackdep,boolean_sho,string_indexofch,string_stackdep,string_leng,print_ch,integer_mult,boolean_xor,boolean_yankdup,integer_min,string_emp,integer_fromch,exec_yank,char_stackdepth,char_sw,integer_fromboole,string_replace,integer_div,string_replacefirst,boolean_frominteger,string_butla,char_isdig,integer_flush,integer_,string_yankdup,char_flu,print_exec,integer_yank,boolean_frominteg,string_emptystring,char_yankd,boolean_ya,string_swap,print_ex,exec_d,integer_max,char_swap,string_contains,char_empty,exec_dup,exec_k,string_frominteg,exec_noop,exec_p,exec_r,exec_s,string_sho,integer_flu,exec_y,boolean_rot,boolean_a,integer_ya,exec_ya,boolean_invert_first_then_a,string_spl,string_occurrencesofch,integer_yankdup,string_replacechar,char_sho,string_fromboolean,print_stri,exec_string_itera,print_newli,string_ta,string_replacefirstchar,string_substring,boolean_stackdepth,string_shove,string_containschar,exec_do*ran,char_yankdup,char_yank,integer_sw,exec_do*times,string_fromch,integer_shove,exec_if,exec_whi,integer_g,char_frominteger,char_frominteg,boolean_dup,string_eq,boolean_not,char_eq,boolean_flush,boolean_pop,string_butlast,exec_swap,string_replacefir,boolean_swap,exec_sw,string_n,print_string,exec_flush,print_newline,integer_a,string_d,string_dup,string_frominteger,string_contai,integer_mod,exec_do*count,string_fir,string_r,integer_fromchar,string_p,integer_inc,boolean_invert_first_then_and,integer_fromstring,exec_rot,integer_m,boolean_d,char_rot,exec_do*cou,string_take,exec_string_iterate,string_split,integer_pop,boolean_n,string_re,boolean_p,boolean_r,exec_pop,string_sw,boolean_x,boolean_emp,string_la,char_emp,boolean_stackdep,string_parse_to_cha,print_char,integer_dup,boolean_invert_second_then_and,integer_sub,string_setch,exec_no,boolean_yank,char_islett,string_ya,string_flu,integer_stackdepth,integer_emp,integer_dec,print_boole,integer_gt,exec,string_indexofchar,in1,char_dup,char_flush,char_pop,integer_lte,string_conjch,exec_flu,string_containsch,boolean_eq,string_flush,print_boolean,integer_d,string_rever,char_,exec_empty,string_last,integer_l,exec_when,integer_i,string_substri,string_nth,string_occurrencesofchar,integer_r,integer_s,integer_p,exec_while,integer_fromboolean,integer_empty,string_fromboole
0.0,0.00554441364215,0.00250554163588,0.000305553858034,0.00499997222238,0.00323331537047,0.00028888728396,0.00500552774707,0.00333887033961,1.11110493831e-05,0.00553885811745,0.00331109271615,0.00310553830256,1.11110493831e-05,6.11107716068e-05,0.0,5.55552469153e-06,0.0,0.000122221543214,0.0,0.001638879784,0.000627774290143,7.22218209899e-05,0.00107221626547,5.55552469153e-06,0.00115554913584,0.00208332175932,0.00428886506186,2.22220987661e-05,0.00555552469153,1.11110493831e-05,5.55552469153e-06,0.00371664601863,5.55552469153e-06,0.0,0.00550552496931,0.00509441614213,5.55552469153e-06,6.66662962984e-05,1.66665740746e-05,5.55552469153e-06,2.22220987661e-05,2.77776234576e-05,0.00344998083344,0.00120554885806,0.00338887006183,0.00443886422853,0.000277776234576,0.00481108438286,0.0,0.000283331759268,0.00466664074088,0.00217221015439,0.0,0.00184443419759,3.33331481492e-05,0.00304442753096,0.00112221598769,0.00489997277793,1.11110493831e-05,6.66662962984e-05,0.0,0.00220554330254,6.11107716068e-05,9.4443919756e-05,0.00213332148155,0.000499997222238,0.0034777584569,5.55552469153e-06,0.0,1.66665740746e-05,0.0,0.0,1.11110493831e-05,6.66662962984e-05,0.000249998611119,0.00134443697535,0.00228887617291,0.00363886867295,0.000766662407431,0.0,4.99997222238e-05,0.00338887006183,0.00195554469142,0.0,0.0,0.00539997000017,0.00193332259265,0.00292776151244,0.00233332037044,4.44441975322e-05,4.99997222238e-05,0.00365553524703,0.000155554691363,0.00364442419764,5.55552469153e-06,1.11110493831e-05,0.00550552496931,0.0,0.000294442808651,5.55552469153e-06,0.0,0.00490552830262,0.0,2.77776234576e-05,0.000627774290143,0.0018388786729,0.00371109049394,0.00286109521614,0.0022277654013,0.00363886867295,5.55552469153e-06,0.0013111038272,0.0,2.77776234576e-05,0.00068888506175,5.55552469153e-06,6.11107716068e-05,0.00018333231482,0.00218332120377,1.66665740746e-05,4.44441975322e-05,5.55552469153e-06,2.22220987661e-05,0.0,1.66665740746e-05,0.00176110132721,0.00236665351859,7.22218209899e-05,0.00554996916684,1.11110493831e-05,2.77776234576e-05,5.55552469153e-06,5.55552469153e-06,0.00291109493836,0.00152776929017,0.00441664212977,0.000361109104949,0.00241109771612,5.55552469153e-06,0.000794440030889,0.002161099105,5.55552469153e-06,0.00292776151244,1.11110493831e-05,0.00103332759262,0.00342775873467,0.0,4.44441975322e-05,0.00247776401242,1.11110493831e-05,0.00139999222227,0.000677774012367,0.00421108771618,0.000777773456814,0.00128888172843,0.00469997388903,0.00452219709891,0.000777773456814,0.0,0.002161099105,0.0,2.22220987661e-05,0.00421108771618,4.99997222238e-05,4.99997222238e-05,5.55552469153e-06,0.0,0.00157776901239,0.00162221320993,0.0,0.00521108216065,0.00387775623469,5.55552469153e-06,0.000377775679024,0.00415553246926,8.88883950645e-05,0.00543885867301,0.00421664324087,0.00237776456797,0.00375553469147,6.66662962984e-05,0.0,0.00289442836429,1.11110493831e-05,0.00167776845684,0.0018333231482,0.000316664907417,0.000733329259282,6.11107716068e-05,0.00021666546297,3.33331481492e-05,0.0,0.000194443364204,5.55552469153e-05,1.66665740746e-05,0.000127777067905,0.0,1.11110493831e-05,0.000299998333343,2.22220987661e-05,0.00432219821001,0.00298331675935,0.00494441697546,0.00548885839523,0.000116666018522,1.11110493831e-05,0.002755540247,0.0,5.55552469153e-06,0.0,0.00466664074088,4.44441975322e-05,0.00298331675935,0.0,0.00482219543225,4.44441975322e-05,0.00191665601858,0.00555552469153,0.00123332648152,0.00269998500008,0.00204443308648,0.00253887478403,5.55552469153e-06,0.0,0.0,0.00388331175938,0.00171665712968,0.000333331481492,0.000416664351865,1.11110493831e-05,5.55552469153e-06,0.00467219626558,0.00100554996917,9.4443919756e-05,3.88886728407e-05,3.88886728407e-05,0.0,0.00297220570997,0.00522219321004,0.0,0.000433330925939,2.22220987661e-05,0.00470552941373,0.000377775679024,0.0046555296915,0.000366664629641
Gen 180
string_,string_rot,integer_swap,exec_sho,integer_gte,boolean_shove,boolean_and,string_pop,exec_eq,string_yankd,string_parse_to_chars,integer_lt,string_stackdepth,exec_do*whi,char_r,char_p,boolean_sw,integer_sho,boolean_invert_second_then_a,print_integ,char_iswhitespace,string_removechar,exec_emp,string_first,string_conc,string_yank,string_concat,string_setchar,exec_yankd,string_length,string_replacefirstch,char_d,integer_eq,exec_do*tim,string_emptystri,string_reverse,exec_yankdup,string_repla,exec_,char_ya,integer_mu,string_replacech,boolean_yankd,char_isletter,integer_add,string_empty,char_isdigit,print_integer,exec_shove,integer_fromstri,string_conjchar,boolean_or,boolean_empty,exec_wh,string_fromchar,integer_yankd,exec_do*while,integer_rot,string_rest,boolean_flu,integer_stackdep,char_iswhitespa,char_allfromstring,boolean_,char_allfromstri,exec_stackdepth,exec_do*range,char_shove,char_stackdep,string_removech,exec_stackdep,boolean_sho,string_indexofch,string_stackdep,string_leng,print_ch,integer_mult,boolean_xor,boolean_yankdup,integer_min,string_emp,integer_fromch,exec_yank,char_stackdepth,char_sw,integer_fromboole,string_replace,integer_div,string_replacefirst,boolean_frominteger,string_butla,char_isdig,integer_flush,integer_,string_yankdup,char_flu,print_exec,integer_yank,boolean_frominteg,string_emptystring,char_yankd,boolean_ya,string_swap,print_ex,exec_d,integer_max,char_swap,string_contains,char_empty,exec_dup,exec_k,string_frominteg,exec_noop,exec_p,exec_r,exec_s,string_sho,integer_flu,exec_y,boolean_rot,boolean_a,integer_ya,exec_ya,boolean_invert_first_then_a,string_spl,string_occurrencesofch,integer_yankdup,string_replacechar,char_sho,string_fromboolean,print_stri,exec_string_itera,print_newli,string_ta,string_replacefirstchar,string_substring,boolean_stackdepth,string_shove,string_containschar,exec_do*ran,char_yankdup,char_yank,integer_sw,exec_do*times,string_fromch,integer_shove,exec_if,exec_whi,integer_g,char_frominteger,char_frominteg,boolean_dup,string_eq,boolean_not,char_eq,boolean_flush,boolean_pop,string_butlast,exec_swap,string_replacefir,boolean_swap,exec_sw,string_n,print_string,exec_flush,print_newline,integer_a,string_d,string_dup,string_frominteger,string_contai,integer_mod,exec_do*count,string_fir,string_r,integer_fromchar,string_p,integer_inc,boolean_invert_first_then_and,integer_fromstring,exec_rot,integer_m,boolean_d,char_rot,exec_do*cou,string_take,exec_string_iterate,string_split,integer_pop,boolean_n,string_re,boolean_p,boolean_r,exec_pop,string_sw,boolean_x,boolean_emp,string_la,char_emp,boolean_stackdep,string_parse_to_cha,print_char,integer_dup,boolean_invert_second_then_and,integer_sub,string_setch,exec_no,boolean_yank,char_islett,string_ya,string_flu,integer_stackdepth,integer_emp,integer_dec,print_boole,integer_gt,exec,string_indexofchar,in1,char_dup,char_flush,char_pop,integer_lte,string_conjch,exec_flu,string_containsch,boolean_eq,string_flush,print_boolean,integer_d,string_rever,char_,exec_empty,string_last,integer_l,exec_when,integer_i,string_substri,string_nth,string_occurrencesofchar,integer_r,integer_s,integer_p,exec_while,integer_fromboolean,integer_empty,string_fromboole
5.52483135452e-06,0.00551930652317,0.00228728018077,0.000265191905017,0.00490605024282,0.00331489881271,0.000309390555853,0.00487290125469,0.00328174982459,1.1049662709e-05,0.00545300854691,0.00334252296949,0.00320440218562,5.52483135452e-06,4.41986508362e-05,0.0,0.0,5.52483135452e-06,0.000116021458445,0.0,0.00182319434699,0.00057458246087,4.97234821907e-05,0.001215462898,1.65744940636e-05,0.00116021458445,0.00206628692659,0.00423754564892,1.1049662709e-05,0.00552483135452,1.1049662709e-05,0.0,0.00376793498378,1.1049662709e-05,5.52483135452e-06,0.00545853337827,0.00485080192927,1.1049662709e-05,8.28724703178e-05,2.20993254181e-05,0.0,2.20993254181e-05,4.97234821907e-05,0.00328174982459,0.00117678907851,0.00364638869399,0.00443643957768,0.000270716736372,0.00477345429031,0.0,0.000193369097408,0.00446406373445,0.0019557902995,0.0,0.00204971243253,2.20993254181e-05,0.00319335252291,0.00112706559632,0.00484527709792,1.1049662709e-05,4.41986508362e-05,0.0,0.0019557902995,0.000104971795736,6.07731448998e-05,0.00219335804775,0.000497234821907,0.00344749476522,0.0,5.52483135452e-06,1.1049662709e-05,0.0,5.52483135452e-06,2.20993254181e-05,7.18228076088e-05,0.000176794603345,0.00135358368186,0.00223755669858,0.00339224645168,0.000591156954934,0.0,1.65744940636e-05,0.0033535726322,0.00199998895034,5.52483135452e-06,0.0,0.00538118573931,0.00179004535887,0.0026850680383,0.00246959961547,4.97234821907e-05,1.65744940636e-05,0.00371821150159,0.000149170446572,0.00383975779139,5.52483135452e-06,4.41986508362e-05,0.00550825686046,0.0,0.000220993254181,0.0,0.0,0.00477345429031,0.0,2.20993254181e-05,0.000370163700753,0.00161325075552,0.00355799139231,0.00276794050862,0.00229832984348,0.00368506251347,0.0,0.00143093132082,0.0,5.52483135452e-06,0.000602206617643,5.52483135452e-06,6.62979762543e-05,0.000138120783863,0.00236462781974,5.52483135452e-06,3.86738194817e-05,5.52483135452e-06,3.31489881271e-05,0.0,2.20993254181e-05,0.0017126977199,0.00233147883161,9.39221330269e-05,0.00551930652317,1.65744940636e-05,4.97234821907e-05,0.0,1.1049662709e-05,0.00277346533997,0.00168507356313,0.00449168789123,0.000392263026171,0.00245302512141,0.0,0.000530383810034,0.00237567748244,1.1049662709e-05,0.00284528814758,5.52483135452e-06,0.00118783874122,0.00368506251347,5.52483135452e-06,5.52483135452e-05,0.00253589759173,1.1049662709e-05,0.00125966154883,0.000651930099834,0.00437566643278,0.000690603919315,0.00120441323529,0.00469610665134,0.00438119126414,0.000591156954934,0.0,0.00223203186723,0.0,5.52483135452e-06,0.0043369926133,1.65744940636e-05,6.07731448998e-05,5.52483135452e-06,0.0,0.00158010176739,0.0017126977199,5.52483135452e-06,0.00507732001481,0.00371821150159,0.0,0.000436461677007,0.003911580599,0.000116021458445,0.00539223540201,0.00433146778195,0.00223755669858,0.00357456588638,9.94469643814e-05,0.0,0.00266849354423,3.31489881271e-05,0.0018950171546,0.00182871917835,0.000270716736372,0.000596681786288,6.07731448998e-05,0.000127071121154,2.76241567726e-05,0.0,0.000226518085535,6.62979762543e-05,5.52483135452e-06,0.000104971795736,0.0,1.65744940636e-05,0.000397787857526,2.76241567726e-05,0.00433146778195,0.00288396196706,0.00483975226656,0.00545853337827,9.39221330269e-05,5.52483135452e-06,0.00278451500268,5.52483135452e-06,1.65744940636e-05,0.0,0.00465743283186,1.1049662709e-05,0.00301655791957,0.0,0.00477897912166,3.86738194817e-05,0.00204418760117,0.00552483135452,0.001215462898,0.00299445859415,0.00195026546815,0.00248064927818,0.0,0.0,5.52483135452e-06,0.00374583565837,0.0018342440097,0.000364638869399,0.000309390555853,3.31489881271e-05,0.0,0.0046408583378,0.0011546897531,0.000127071121154,0.00011049662709,6.07731448998e-05,5.52483135452e-06,0.00307180623311,0.00519886630461,0.0,0.000475135496489,3.31489881271e-05,0.00461323418103,0.000309390555853,0.00461323418103,0.000392263026171
Gen 181
string_,string_rot,integer_swap,exec_sho,integer_gte,boolean_shove,boolean_and,string_pop,exec_eq,string_yankd,string_parse_to_chars,integer_lt,string_stackdepth,exec_do*whi,char_r,char_p,boolean_sw,integer_sho,boolean_invert_second_then_a,print_integ,char_iswhitespace,string_removechar,exec_emp,string_first,string_conc,string_yank,string_concat,string_setchar,exec_yankd,string_length,string_replacefirstch,char_d,integer_eq,exec_do*tim,string_emptystri,string_reverse,exec_yankdup,string_repla,exec_,char_ya,integer_mu,string_replacech,boolean_yankd,char_isletter,integer_add,string_empty,char_isdigit,print_integer,exec_shove,integer_fromstri,string_conjchar,boolean_or,boolean_empty,exec_wh,string_fromchar,integer_yankd,exec_do*while,integer_rot,string_rest,boolean_flu,integer_stackdep,char_iswhitespa,char_allfromstring,boolean_,char_allfromstri,exec_stackdepth,exec_do*range,char_shove,char_stackdep,string_removech,exec_stackdep,boolean_sho,string_indexofch,string_stackdep,string_leng,print_ch,integer_mult,boolean_xor,boolean_yankdup,integer_min,string_emp,integer_fromch,exec_yank,char_stackdepth,char_sw,integer_fromboole,string_replace,integer_div,string_replacefirst,boolean_frominteger,string_butla,char_isdig,integer_flush,integer_,string_yankdup,char_flu,print_exec,integer_yank,boolean_frominteg,string_emptystring,char_yankd,boolean_ya,string_swap,print_ex,exec_d,integer_max,char_swap,string_contains,char_empty,exec_dup,exec_k,string_frominteg,exec_noop,exec_p,exec_r,exec_s,string_sho,integer_flu,exec_y,boolean_rot,boolean_a,integer_ya,exec_ya,boolean_invert_first_then_a,string_spl,string_occurrencesofch,integer_yankdup,string_replacechar,char_sho,string_fromboolean,print_stri,exec_string_itera,print_newli,string_ta,string_replacefirstchar,string_substring,boolean_stackdepth,string_shove,string_containschar,exec_do*ran,char_yankdup,char_yank,integer_sw,exec_do*times,string_fromch,integer_shove,exec_if,exec_whi,integer_g,char_frominteger,char_frominteg,boolean_dup,string_eq,boolean_not,char_eq,boolean_flush,boolean_pop,string_butlast,exec_swap,string_replacefir,boolean_swap,exec_sw,string_n,print_string,exec_flush,print_newline,integer_a,string_d,string_dup,string_frominteger,string_contai,integer_mod,exec_do*count,string_fir,string_r,integer_fromchar,string_p,integer_inc,boolean_invert_first_then_and,integer_fromstring,exec_rot,integer_m,boolean_d,char_rot,exec_do*cou,string_take,exec_string_iterate,string_split,integer_pop,boolean_n,string_re,boolean_p,boolean_r,exec_pop,string_sw,boolean_x,boolean_emp,string_la,char_emp,boolean_stackdep,string_parse_to_cha,print_char,integer_dup,boolean_invert_second_then_and,integer_sub,string_setch,exec_no,boolean_yank,char_islett,string_ya,string_flu,integer_stackdepth,integer_emp,integer_dec,print_boole,integer_gt,exec,string_indexofchar,in1,char_dup,char_flush,char_pop,integer_lte,string_conjch,exec_flu,string_containsch,boolean_eq,string_flush,print_boolean,integer_d,string_rever,char_,exec_empty,string_last,integer_l,exec_when,integer_i,string_substri,string_nth,string_occurrencesofchar,integer_r,integer_s,integer_p,exec_while,integer_fromboolean,integer_empty,string_fromboole
0.0,0.00549447530508,0.00249998626381,0.000170328734458,0.00489008302152,0.00348349734342,0.00036812984544,0.00490656644744,0.00323624595469,0.0,0.0054120581755,0.00332415755957,0.00321976252878,0.0,3.84613271356e-05,0.0,0.0,1.09889506102e-05,0.000120878456712,0.0,0.00174724314702,0.000499997252762,5.49447530508e-05,0.00141208015341,1.64834259152e-05,0.000901093950033,0.0018406492272,0.00430766863918,3.84613271356e-05,0.00549447530508,4.39558024406e-05,0.0,0.00390107746661,0.0,0.0,0.00545051950264,0.00484612721908,4.39558024406e-05,7.1428178966e-05,1.64834259152e-05,5.49447530508e-06,5.49447530508e-05,4.94502777457e-05,0.0031318509239,0.00118131219059,0.00369778188032,0.00454942555261,0.000285712715864,0.00464283163279,5.49447530508e-06,0.000192306635678,0.0043241520651,0.00204394481349,0.0,0.00214284536898,3.84613271356e-05,0.00298350009066,0.00124175141895,0.00479118246603,2.19779012203e-05,4.94502777457e-05,0.0,0.00200548348635,0.000131867407322,3.29668518305e-05,0.00251646968973,0.000428569073796,0.00349448629403,5.49447530508e-06,0.0,5.49447530508e-06,1.09889506102e-05,0.0,5.49447530508e-06,0.000131867407322,0.000214284536898,0.00167581496805,0.00217581222081,0.00328020175713,0.000582414382339,5.49447530508e-06,1.09889506102e-05,0.00356041999769,0.00209339509124,5.49447530508e-06,0.0,0.00531315762001,0.00198350558513,0.00251097521442,0.00263734814644,2.19779012203e-05,2.74723765254e-05,0.00354393657178,0.000142856357932,0.0036758039791,0.0,2.19779012203e-05,0.00546150845325,0.0,0.000159339783847,1.64834259152e-05,0.0,0.00454942555261,0.0,1.64834259152e-05,0.000252745864034,0.00117581771529,0.00365932055318,0.00254943654156,0.00243954703546,0.00348899181873,1.64834259152e-05,0.0017252652458,0.0,0.0,0.000725270740271,0.0,0.000137361882627,0.000148350833237,0.0020549337641,0.0,3.84613271356e-05,1.64834259152e-05,4.39558024406e-05,0.0,1.64834259152e-05,0.00168680391866,0.00235163543057,4.94502777457e-05,0.00549447530508,0.0,2.19779012203e-05,0.0,5.49447530508e-06,0.00291207191169,0.00180218790007,0.00449448079956,0.000302196141779,0.00252196416503,0.0,0.000571425431728,0.00224174592447,1.64834259152e-05,0.00302196141779,5.49447530508e-06,0.00135164092505,0.00361536475074,1.09889506102e-05,9.89005554915e-05,0.00269229289949,1.09889506102e-05,0.000923071851254,0.000467030400932,0.00435162444162,0.000648348086,0.00130768512261,0.00460986478096,0.00450546975017,0.000653842561305,5.49447530508e-06,0.00215383431959,5.49447530508e-06,1.64834259152e-05,0.00438459129345,7.1428178966e-05,8.79116048813e-05,0.0,0.0,0.00169229839396,0.00206042823941,0.0,0.00503843385476,0.00341206916446,0.0,0.00036812984544,0.00390107746661,0.000109889506102,0.00536810237306,0.00440107471937,0.00207691166532,0.00336261888671,6.04392283559e-05,0.0,0.00260438129461,6.04392283559e-05,0.00201097796166,0.00184614370251,0.000236262438118,0.000697798363745,6.04392283559e-05,0.000109889506102,2.74723765254e-05,0.0,0.000203295586288,4.94502777457e-05,1.09889506102e-05,6.04392283559e-05,5.49447530508e-06,1.64834259152e-05,0.000340657468915,0.0,0.00436261339223,0.0030274558931,0.00490656644744,0.00543953055203,7.1428178966e-05,5.49447530508e-06,0.00299448904127,5.49447530508e-06,1.09889506102e-05,0.0,0.00469228191054,1.09889506102e-05,0.00276921555376,0.0,0.00480766589195,5.49447530508e-06,0.00235712990588,0.00549447530508,0.00113186191285,0.00293954428822,0.00212086746776,0.00243405256015,1.09889506102e-05,0.0,0.0,0.00374173768276,0.00203295586288,0.000280218240559,0.000329668518305,5.49447530508e-05,5.49447530508e-06,0.00444503052181,0.000923071851254,8.79116048813e-05,7.1428178966e-05,3.29668518305e-05,0.0,0.00280218240559,0.00514832336086,0.0,0.00034615194422,3.84613271356e-05,0.00469777638584,0.000324174043,0.00436810786754,0.000532964104593
Gen 182
string_,string_rot,integer_swap,exec_sho,integer_gte,boolean_shove,boolean_and,string_pop,exec_eq,string_yankd,string_parse_to_chars,integer_lt,string_stackdepth,exec_do*whi,char_r,char_p,boolean_sw,integer_sho,boolean_invert_second_then_a,print_integ,char_iswhitespace,string_removechar,exec_emp,string_first,string_conc,string_yank,string_concat,string_setchar,exec_yankd,string_length,string_replacefirstch,char_d,integer_eq,exec_do*tim,string_emptystri,string_reverse,exec_yankdup,string_repla,exec_,char_ya,integer_mu,string_replacech,boolean_yankd,char_isletter,integer_add,string_empty,char_isdigit,print_integer,exec_shove,integer_fromstri,string_conjchar,boolean_or,boolean_empty,exec_wh,string_fromchar,integer_yankd,exec_do*while,integer_rot,string_rest,boolean_flu,integer_stackdep,char_iswhitespa,char_allfromstring,boolean_,char_allfromstri,exec_stackdepth,exec_do*range,char_shove,char_stackdep,string_removech,exec_stackdep,boolean_sho,string_indexofch,string_stackdep,string_leng,print_ch,integer_mult,boolean_xor,boolean_yankdup,integer_min,string_emp,integer_fromch,exec_yank,char_stackdepth,char_sw,integer_fromboole,string_replace,integer_div,string_replacefirst,boolean_frominteger,string_butla,char_isdig,integer_flush,integer_,string_yankdup,char_flu,print_exec,integer_yank,boolean_frominteg,string_emptystring,char_yankd,boolean_ya,string_swap,print_ex,exec_d,integer_max,char_swap,string_contains,char_empty,exec_dup,exec_k,string_frominteg,exec_noop,exec_p,exec_r,exec_s,string_sho,integer_flu,exec_y,boolean_rot,boolean_a,integer_ya,exec_ya,boolean_invert_first_then_a,string_spl,string_occurrencesofch,integer_yankdup,string_replacechar,char_sho,string_fromboolean,print_stri,exec_string_itera,print_newli,string_ta,string_replacefirstchar,string_substring,boolean_stackdepth,string_shove,string_containschar,exec_do*ran,char_yankdup,char_yank,integer_sw,exec_do*times,string_fromch,integer_shove,exec_if,exec_whi,integer_g,char_frominteger,char_frominteg,boolean_dup,string_eq,boolean_not,char_eq,boolean_flush,boolean_pop,string_butlast,exec_swap,string_replacefir,boolean_swap,exec_sw,string_n,print_string,exec_flush,print_newline,integer_a,string_d,string_dup,string_frominteger,string_contai,integer_mod,exec_do*count,string_fir,string_r,integer_fromchar,string_p,integer_inc,boolean_invert_first_then_and,integer_fromstring,exec_rot,integer_m,boolean_d,char_rot,exec_do*cou,string_take,exec_string_iterate,string_split,integer_pop,boolean_n,string_re,boolean_p,boolean_r,exec_pop,string_sw,boolean_x,boolean_emp,string_la,char_emp,boolean_stackdep,string_parse_to_cha,print_char,integer_dup,boolean_invert_second_then_and,integer_sub,string_setch,exec_no,boolean_yank,char_islett,string_ya,string_flu,integer_stackdepth,integer_emp,integer_dec,print_boole,integer_gt,exec,string_indexofchar,in1,char_dup,char_flush,char_pop,integer_lte,string_conjch,exec_flu,string_containsch,boolean_eq,string_flush,print_boolean,integer_d,string_rever,char_,exec_empty,string_last,integer_l,exec_when,integer_i,string_substri,string_nth,string_occurrencesofchar,integer_r,integer_s,integer_p,exec_while,integer_fromboolean,integer_empty,string_fromboole
0.0,0.00545898656291,0.00242621625018,0.000245900295627,0.00485789695138,0.00346446194283,0.000442620532128,0.00493986371659,0.0034535330408,0.0,0.00539341315075,0.00324588390227,0.00312566597997,5.46445101393e-06,5.46445101393e-05,1.09289020279e-05,1.09289020279e-05,1.09289020279e-05,0.00018032688346,5.46445101393e-06,0.00159561969607,0.000508193944295,2.73222550696e-05,0.00155736853897,2.18578040557e-05,0.000928956672368,0.00195627346299,0.00454642324359,2.18578040557e-05,0.00546445101393,5.46445101393e-06,0.0,0.00392894027901,5.46445101393e-06,5.46445101393e-06,0.00539341315075,0.0050218304818,2.73222550696e-05,4.91800591254e-05,5.46445101393e-06,5.46445101393e-06,2.18578040557e-05,6.01089611532e-05,0.00323495500025,0.00131146824334,0.00355735761007,0.00448631428244,0.000234971393599,0.00453002989055,0.0,0.000191255785488,0.00430598739898,0.00213113589543,0.0,0.00228414052382,4.91800591254e-05,0.00299998360665,0.00136611275348,0.0048633614024,2.73222550696e-05,8.19667652089e-05,0.0,0.00209834918935,7.6502314195e-05,3.82511570975e-05,0.00249178966235,0.000442620532128,0.00371036223846,0.0,0.0,5.46445101393e-06,3.27867060836e-05,5.46445101393e-06,2.73222550696e-05,6.55734121671e-05,0.000224042491571,0.00179233993257,0.0023934295441,0.00324588390227,0.000672127474713,0.0,2.73222550696e-05,0.00327320615734,0.00221310266064,0.0,0.0,0.0052950530325,0.00210927809138,0.00245900295627,0.00264479429074,6.55734121671e-05,2.73222550696e-05,0.00366664663035,0.00012568237332,0.00346992639384,5.46445101393e-06,6.01089611532e-05,0.0054152709548,5.46445101393e-06,9.83601182507e-05,2.18578040557e-05,0.0,0.00444259867432,0.0,2.73222550696e-05,0.000213113589543,0.00119125032104,0.00367211108136,0.00255736307452,0.00232785613193,0.00345899749182,5.46445101393e-06,0.00187430669778,0.0,0.0,0.00073770088688,0.0,0.000273222550696,0.000191255785488,0.00184698444271,1.09289020279e-05,6.01089611532e-05,3.27867060836e-05,3.27867060836e-05,0.0,0.0,0.00175955322649,0.00230599832788,4.37156081114e-05,0.00546445101393,0.0,2.18578040557e-05,5.46445101393e-06,5.46445101393e-06,0.00320763274518,0.00182512663865,0.00454095879257,0.000344260413878,0.00248086076032,0.0,0.000535516199365,0.0021202069934,1.63933530418e-05,0.003136594882,0.0,0.00118578587002,0.00357921541412,0.0,7.10378631811e-05,0.00257375642756,1.09289020279e-05,0.00063934076863,0.000382511570975,0.00425680733985,0.000557374003421,0.00131146824334,0.00454095879257,0.0045518876946,0.000688520827755,1.09289020279e-05,0.00212567144442,5.46445101393e-06,1.09289020279e-05,0.00430598739898,2.18578040557e-05,4.37156081114e-05,0.0,0.0,0.00167212201026,0.00193441565893,5.46445101393e-06,0.00505461718788,0.00322949054923,0.0,0.000284151452724,0.00394533363206,8.74312162229e-05,0.00531144638554,0.00424041398681,0.00207649138529,0.00334424402052,0.000103824569265,0.0,0.00267211654581,5.46445101393e-05,0.00204370467921,0.00187430669778,0.000284151452724,0.000814203201075,8.74312162229e-05,0.000103824569265,5.46445101393e-06,0.0,0.000224042491571,6.55734121671e-05,1.63933530418e-05,2.73222550696e-05,5.46445101393e-06,2.18578040557e-05,0.000387976021989,1.63933530418e-05,0.00434970300709,0.00320216829416,0.00486882585341,0.00544259320987,3.27867060836e-05,0.0,0.00297812580259,0.0,2.73222550696e-05,0.0,0.00464478336184,0.0,0.0028633723313,0.0,0.00491254146152,5.46445101393e-06,0.00221310266064,0.00546445101393,0.0010983546538,0.00275408331102,0.00226228271977,0.00249178966235,5.46445101393e-06,5.46445101393e-06,0.0,0.00377047119961,0.00191255785488,0.000284151452724,0.000284151452724,3.27867060836e-05,5.46445101393e-06,0.0041966983787,0.000797809848034,7.10378631811e-05,6.01089611532e-05,5.46445101393e-05,0.0,0.00287430123333,0.00512565505107,0.0,0.000437156081114,2.73222550696e-05,0.00466117671488,0.000300544805766,0.00433330965405,0.000398904924017
Gen 183
string_,string_rot,integer_swap,exec_sho,integer_gte,boolean_shove,boolean_and,string_pop,exec_eq,string_yankd,string_parse_to_chars,integer_lt,string_stackdepth,exec_do*whi,char_r,char_p,boolean_sw,integer_sho,boolean_invert_second_then_a,print_integ,char_iswhitespace,string_removechar,exec_emp,string_first,string_conc,string_yank,string_concat,string_setchar,exec_yankd,string_length,string_replacefirstch,char_d,integer_eq,exec_do*tim,string_emptystri,string_reverse,exec_yankdup,string_repla,exec_,char_ya,integer_mu,string_replacech,boolean_yankd,char_isletter,integer_add,string_empty,char_isdigit,print_integer,exec_shove,integer_fromstri,string_conjchar,boolean_or,boolean_empty,exec_wh,string_fromchar,integer_yankd,exec_do*while,integer_rot,string_rest,boolean_flu,integer_stackdep,char_iswhitespa,char_allfromstring,boolean_,char_allfromstri,exec_stackdepth,exec_do*range,char_shove,char_stackdep,string_removech,exec_stackdep,boolean_sho,string_indexofch,string_stackdep,string_leng,print_ch,integer_mult,boolean_xor,boolean_yankdup,integer_min,string_emp,integer_fromch,exec_yank,char_stackdepth,char_sw,integer_fromboole,string_replace,integer_div,string_replacefirst,boolean_frominteger,string_butla,char_isdig,integer_flush,integer_,string_yankdup,char_flu,print_exec,integer_yank,boolean_frominteg,string_emptystring,char_yankd,boolean_ya,string_swap,print_ex,exec_d,integer_max,char_swap,string_contains,char_empty,exec_dup,exec_k,string_frominteg,exec_noop,exec_p,exec_r,exec_s,string_sho,integer_flu,exec_y,boolean_rot,boolean_a,integer_ya,exec_ya,boolean_invert_first_then_a,string_spl,string_occurrencesofch,integer_yankdup,string_replacechar,char_sho,string_fromboolean,print_stri,exec_string_itera,print_newli,string_ta,string_replacefirstchar,string_substring,boolean_stackdepth,string_shove,string_containschar,exec_do*ran,char_yankdup,char_yank,integer_sw,exec_do*times,string_fromch,integer_shove,exec_if,exec_whi,integer_g,char_frominteger,char_frominteg,boolean_dup,string_eq,boolean_not,char_eq,boolean_flush,boolean_pop,string_butlast,exec_swap,string_replacefir,boolean_swap,exec_sw,string_n,print_string,exec_flush,print_newline,integer_a,string_d,string_dup,string_frominteger,string_contai,integer_mod,exec_do*count,string_fir,string_r,integer_fromchar,string_p,integer_inc,boolean_invert_first_then_and,integer_fromstring,exec_rot,integer_m,boolean_d,char_rot,exec_do*cou,string_take,exec_string_iterate,string_split,integer_pop,boolean_n,string_re,boolean_p,boolean_r,exec_pop,string_sw,boolean_x,boolean_emp,string_la,char_emp,boolean_stackdep,string_parse_to_cha,print_char,integer_dup,boolean_invert_second_then_and,integer_sub,string_setch,exec_no,boolean_yank,char_islett,string_ya,string_flu,integer_stackdepth,integer_emp,integer_dec,print_boole,integer_gt,exec,string_indexofchar,in1,char_dup,char_flush,char_pop,integer_lte,string_conjch,exec_flu,string_containsch,boolean_eq,string_flush,print_boolean,integer_d,string_rever,char_,exec_empty,string_last,integer_l,exec_when,integer_i,string_substri,string_nth,string_occurrencesofchar,integer_r,integer_s,integer_p,exec_while,integer_fromboolean,integer_empty,string_fromboole
0.0,0.00543475307199,0.00252172542541,0.000233694382096,0.00464127912348,0.00324454758398,0.000413041233472,0.00486410399943,0.00345106820072,5.43475307199e-06,0.0053369275167,0.00301628795496,0.00308150499182,1.6304259216e-05,3.8043271504e-05,0.0,5.43475307199e-06,1.0869506144e-05,0.000124999320656,0.0,0.00167933869925,0.000440214998832,2.1739012288e-05,0.00124999320656,3.2608518432e-05,0.000951081787599,0.00190759832827,0.00459780109891,1.6304259216e-05,0.00543475307199,1.0869506144e-05,0.0,0.00371737110124,0.0,0.0,0.00536953603513,0.00501627708545,5.43475307199e-05,4.89127776479e-05,2.1739012288e-05,1.0869506144e-05,1.6304259216e-05,4.3478024576e-05,0.00317389579404,0.00127173221885,0.00365758881745,0.00456519258048,0.000152173086016,0.00441845424753,0.0,0.000309780925104,0.00442932375368,0.00211955369808,0.0,0.00253802968462,4.89127776479e-05,0.0029293319058,0.0013967315395,0.00487497350558,5.43475307199e-06,8.15212960799e-05,5.43475307199e-06,0.00201629338971,0.000130434073728,1.6304259216e-05,0.00265759425221,0.000483693023407,0.0037445448666,0.0,5.43475307199e-06,5.43475307199e-06,5.43475307199e-06,2.717376536e-05,2.717376536e-05,8.15212960799e-05,0.000173912098304,0.00164129542774,0.00239672610475,0.00319563480633,0.000663039874783,0.0,5.43475307199e-05,0.00358150227444,0.00242933462318,0.0,0.0,0.00528257998598,0.002038032402,0.00253259493155,0.00245107363547,6.52170368639e-05,5.97822837919e-05,0.00339672067,0.000173912098304,0.00313585252254,5.43475307199e-06,3.2608518432e-05,0.0053749707882,0.0,0.000124999320656,2.1739012288e-05,0.0,0.0045217145559,0.0,1.6304259216e-05,0.000228259629024,0.00110868962669,0.00369019733588,0.00252172542541,0.00267389851142,0.00340215542307,0.0,0.00198911962435,0.0,0.0,0.000635866109423,0.0,0.000347824196608,0.000173912098304,0.00204890190814,0.0,5.43475307199e-05,5.43475307199e-05,1.6304259216e-05,0.0,1.0869506144e-05,0.00157607839088,0.00195107635285,1.6304259216e-05,0.00542388356585,1.6304259216e-05,3.8043271504e-05,0.0,5.43475307199e-06,0.00322280857169,0.0018043380199,0.00461410535812,0.000391302221184,0.00279346307901,0.0,0.000581518578703,0.0020760756735,1.0869506144e-05,0.00321737381862,0.0,0.00113586339205,0.00323911283091,1.0869506144e-05,8.69560491519e-05,0.00276085456057,5.43475307199e-06,0.000646735615567,0.000445649751904,0.00404345628556,0.000657605121711,0.00110325487361,0.00475540893799,0.00465214862963,0.000836951973087,0.0,0.00224455301873,0.0,1.0869506144e-05,0.00430432443302,3.2608518432e-05,4.3478024576e-05,0.0,0.0,0.00157607839088,0.00212498845115,1.0869506144e-05,0.00504345085081,0.00333150363313,0.0,0.000168477345232,0.00419562937158,0.000103260308368,0.00532605801055,0.00429888967995,0.00186412030369,0.00354345900294,7.60865430079e-05,0.0,0.0029891141896,6.52170368639e-05,0.0021739012288,0.00179890326683,0.000168477345232,0.000880429997663,0.00010869506144,0.000146738332944,2.1739012288e-05,0.0,0.000168477345232,5.43475307199e-05,1.0869506144e-05,4.3478024576e-05,0.0,1.6304259216e-05,0.00038043271504,4.89127776479e-05,0.00436954146988,0.0032010695594,0.00485866924636,0.00541844881278,4.3478024576e-05,0.0,0.00321737381862,0.0,5.43475307199e-06,0.0,0.00470106140727,5.43475307199e-06,0.00295650567116,0.0,0.00476627844414,1.0869506144e-05,0.00216846647573,0.00543475307199,0.0010869506144,0.00281520209129,0.00188585931598,0.00234237857403,0.0,0.0,0.0,0.00378258813811,0.00156520888473,0.000239129135168,0.000206520616736,1.0869506144e-05,0.0,0.00404345628556,0.000880429997663,9.23908022239e-05,0.000103260308368,0.000119564567584,5.43475307199e-06,0.00288585388123,0.00516301541839,5.43475307199e-06,0.00038043271504,1.0869506144e-05,0.00460323585198,0.000342389443536,0.00420106412465,0.00043478024576
Gen 184
string_,string_rot,integer_swap,exec_sho,integer_gte,boolean_shove,boolean_and,string_pop,exec_eq,string_yankd,string_parse_to_chars,integer_lt,string_stackdepth,exec_do*whi,char_r,char_p,boolean_sw,integer_sho,boolean_invert_second_then_a,print_integ,char_iswhitespace,string_removechar,exec_emp,string_first,string_conc,string_yank,string_concat,string_setchar,exec_yankd,string_length,string_replacefirstch,char_d,integer_eq,exec_do*tim,string_emptystri,string_reverse,exec_yankdup,string_repla,exec_,char_ya,integer_mu,string_replacech,boolean_yankd,char_isletter,integer_add,string_empty,char_isdigit,print_integer,exec_shove,integer_fromstri,string_conjchar,boolean_or,boolean_empty,exec_wh,string_fromchar,integer_yankd,exec_do*while,integer_rot,string_rest,boolean_flu,integer_stackdep,char_iswhitespa,char_allfromstring,boolean_,char_allfromstri,exec_stackdepth,exec_do*range,char_shove,char_stackdep,string_removech,exec_stackdep,boolean_sho,string_indexofch,string_stackdep,string_leng,print_ch,integer_mult,boolean_xor,boolean_yankdup,integer_min,string_emp,integer_fromch,exec_yank,char_stackdepth,char_sw,integer_fromboole,string_replace,integer_div,string_replacefirst,boolean_frominteger,string_butla,char_isdig,integer_flush,integer_,string_yankdup,char_flu,print_exec,integer_yank,boolean_frominteg,string_emptystring,char_yankd,boolean_ya,string_swap,print_ex,exec_d,integer_max,char_swap,string_contains,char_empty,exec_dup,exec_k,string_frominteg,exec_noop,exec_p,exec_r,exec_s,string_sho,integer_flu,exec_y,boolean_rot,boolean_a,integer_ya,exec_ya,boolean_invert_first_then_a,string_spl,string_occurrencesofch,integer_yankdup,string_replacechar,char_sho,string_fromboolean,print_stri,exec_string_itera,print_newli,string_ta,string_replacefirstchar,string_substring,boolean_stackdepth,string_shove,string_containschar,exec_do*ran,char_yankdup,char_yank,integer_sw,exec_do*times,string_fromch,integer_shove,exec_if,exec_whi,integer_g,char_frominteger,char_frominteg,boolean_dup,string_eq,boolean_not,char_eq,boolean_flush,boolean_pop,string_butlast,exec_swap,string_replacefir,boolean_swap,exec_sw,string_n,print_string,exec_flush,print_newline,integer_a,string_d,string_dup,string_frominteger,string_contai,integer_mod,exec_do*count,string_fir,string_r,integer_fromchar,string_p,integer_inc,boolean_invert_first_then_and,integer_fromstring,exec_rot,integer_m,boolean_d,char_rot,exec_do*cou,string_take,exec_string_iterate,string_split,integer_pop,boolean_n,string_re,boolean_p,boolean_r,exec_pop,string_sw,boolean_x,boolean_emp,string_la,char_emp,boolean_stackdep,string_parse_to_cha,print_char,integer_dup,boolean_invert_second_then_and,integer_sub,string_setch,exec_no,boolean_yank,char_islett,string_ya,string_flu,integer_stackdepth,integer_emp,integer_dec,print_boole,integer_gt,exec,string_indexofchar,in1,char_dup,char_flush,char_pop,integer_lte,string_conjch,exec_flu,string_containsch,boolean_eq,string_flush,print_boolean,integer_d,string_rever,char_,exec_empty,string_last,integer_l,exec_when,integer_i,string_substri,string_nth,string_occurrencesofchar,integer_r,integer_s,integer_p,exec_while,integer_fromboolean,integer_empty,string_fromboole
0.0,0.00540537618716,0.00247025691753,0.000129729028492,0.00468105577808,0.00309728055524,0.000394592461662,0.00474592029232,0.00348106226453,1.08107523743e-05,0.00532970092054,0.00290809238869,0.00299457840768,5.40537618716e-06,4.32430094972e-05,5.40537618716e-06,0.0,1.08107523743e-05,0.00011351289993,5.40537618716e-06,0.00162701823233,0.000583780628213,2.16215047486e-05,0.00127026340398,1.62161285615e-05,0.00100539997081,0.00177296338939,0.00452429986865,5.40537618716e-06,0.00540537618716,0.0,0.0,0.00383241171669,5.40537618716e-06,5.40537618716e-06,0.00535132242528,0.00510808049686,6.48645142459e-05,3.78376333101e-05,1.08107523743e-05,1.62161285615e-05,3.78376333101e-05,4.32430094972e-05,0.00321619883136,0.00124323652305,0.00360538591683,0.0045459213734,0.000281079561732,0.00425403105929,0.0,0.000481078480657,0.00435673320685,0.00210809671299,0.0,0.00272430959833,3.24322571229e-05,0.00287566013157,0.00130810103729,0.00475132566851,1.08107523743e-05,9.72967713688e-05,0.0,0.00200539456543,0.000124323652305,2.70268809358e-05,0.00248647304609,0.000410808590224,0.00350808914546,0.0,0.0,1.62161285615e-05,0.0,0.0,1.62161285615e-05,0.000129729028492,0.000194593542738,0.00169728812277,0.00234052788904,0.00329727947417,0.000735131161453,0.0,1.08107523743e-05,0.00350808914546,0.00250809455084,5.40537618716e-06,0.0,0.00523240414917,0.00205944832731,0.00263782357933,0.00255674293652,9.72967713688e-05,7.0269890433e-05,0.00325403646467,0.000118918276117,0.00314052356474,0.0,2.16215047486e-05,0.00537294393003,0.0,0.000162161285615,5.40537618716e-06,5.40537618716e-06,0.00455132674959,0.0,2.70268809358e-05,0.000156755909428,0.0011351289993,0.0035351160264,0.00232431176048,0.0026918773412,0.00324863108848,0.0,0.00209728596062,5.40537618716e-06,0.0,0.000718915032892,0.0,0.000324322571229,0.000167566661802,0.00179458489414,5.40537618716e-06,0.000118918276117,3.78376333101e-05,3.24322571229e-05,0.0,3.24322571229e-05,0.00141620856103,0.00188107091313,2.70268809358e-05,0.00539997081097,1.08107523743e-05,7.0269890433e-05,0.0,5.40537618716e-06,0.00331349560273,0.00175674726083,0.00468646115426,0.000345944075978,0.00287025475538,0.0,0.000632429013897,0.00207566445587,5.40537618716e-06,0.00327565796942,0.0,0.00106485910887,0.0034107923741,2.16215047486e-05,6.48645142459e-05,0.00259998594602,5.40537618716e-06,0.000654050518646,0.000410808590224,0.00396754612137,0.000562159123464,0.000962156961314,0.00476213642088,0.00449727298771,0.000837833309009,0.0,0.0022324203653,1.08107523743e-05,2.16215047486e-05,0.00425943643548,4.32430094972e-05,5.40537618716e-05,5.40537618716e-06,5.40537618716e-06,0.0017243150037,0.00210809671299,1.08107523743e-05,0.00504321598262,0.00304322679337,0.0,0.000167566661802,0.00397835687375,0.000140539780866,0.0052594310301,0.00411889665461,0.00174593650845,0.00337836011697,5.94591380587e-05,0.0,0.00288647088394,3.24322571229e-05,0.00221079886055,0.00177836876557,0.00018918816655,0.000870265566132,0.000108107523743,0.000145945157053,1.62161285615e-05,0.0,0.000221620423673,3.24322571229e-05,5.40537618716e-06,5.94591380587e-05,0.0,1.08107523743e-05,0.000378376333101,1.08107523743e-05,0.00441078696872,0.00301619991243,0.00466483964952,0.00535672780147,1.62161285615e-05,5.40537618716e-06,0.00317295582186,1.08107523743e-05,1.62161285615e-05,0.0,0.00465402889714,5.40537618716e-06,0.00299998378387,0.0,0.00483240631132,1.08107523743e-05,0.00229187950335,0.00540537618716,0.00109188598981,0.00290809238869,0.00186485478457,0.00230809563192,0.0,0.0,5.40537618716e-06,0.00368646655964,0.00156755909428,0.000243241928422,0.000286484937919,5.40537618716e-05,0.0,0.00402159988324,0.000756752666202,0.00011351289993,0.000140539780866,0.00011351289993,5.40537618716e-06,0.00287025475538,0.00502699985405,0.0,0.000324322571229,3.78376333101e-05,0.00461078588764,0.000324322571229,0.00410808590224,0.000378376333101
Gen 185
string_,string_rot,integer_swap,exec_sho,integer_gte,boolean_shove,boolean_and,string_pop,exec_eq,string_yankd,string_parse_to_chars,integer_lt,string_stackdepth,exec_do*whi,char_r,char_p,boolean_sw,integer_sho,boolean_invert_second_then_a,print_integ,char_iswhitespace,string_removechar,exec_emp,string_first,string_conc,string_yank,string_concat,string_setchar,exec_yankd,string_length,string_replacefirstch,char_d,integer_eq,exec_do*tim,string_emptystri,string_reverse,exec_yankdup,string_repla,exec_,char_ya,integer_mu,string_replacech,boolean_yankd,char_isletter,integer_add,string_empty,char_isdigit,print_integer,exec_shove,integer_fromstri,string_conjchar,boolean_or,boolean_empty,exec_wh,string_fromchar,integer_yankd,exec_do*while,integer_rot,string_rest,boolean_flu,integer_stackdep,char_iswhitespa,char_allfromstring,boolean_,char_allfromstri,exec_stackdepth,exec_do*range,char_shove,char_stackdep,string_removech,exec_stackdep,boolean_sho,string_indexofch,string_stackdep,string_leng,print_ch,integer_mult,boolean_xor,boolean_yankdup,integer_min,string_emp,integer_fromch,exec_yank,char_stackdepth,char_sw,integer_fromboole,string_replace,integer_div,string_replacefirst,boolean_frominteger,string_butla,char_isdig,integer_flush,integer_,string_yankdup,char_flu,print_exec,integer_yank,boolean_frominteg,string_emptystring,char_yankd,boolean_ya,string_swap,print_ex,exec_d,integer_max,char_swap,string_contains,char_empty,exec_dup,exec_k,string_frominteg,exec_noop,exec_p,exec_r,exec_s,string_sho,integer_flu,exec_y,boolean_rot,boolean_a,integer_ya,exec_ya,boolean_invert_first_then_a,string_spl,string_occurrencesofch,integer_yankdup,string_replacechar,char_sho,string_fromboolean,print_stri,exec_string_itera,print_newli,string_ta,string_replacefirstchar,string_substring,boolean_stackdepth,string_shove,string_containschar,exec_do*ran,char_yankdup,char_yank,integer_sw,exec_do*times,string_fromch,integer_shove,exec_if,exec_whi,integer_g,char_frominteger,char_frominteg,boolean_dup,string_eq,boolean_not,char_eq,boolean_flush,boolean_pop,string_butlast,exec_swap,string_replacefir,boolean_swap,exec_sw,string_n,print_string,exec_flush,print_newline,integer_a,string_d,string_dup,string_frominteger,string_contai,integer_mod,exec_do*count,string_fir,string_r,integer_fromchar,string_p,integer_inc,boolean_invert_first_then_and,integer_fromstring,exec_rot,integer_m,boolean_d,char_rot,exec_do*cou,string_take,exec_string_iterate,string_split,integer_pop,boolean_n,string_re,boolean_p,boolean_r,exec_pop,string_sw,boolean_x,boolean_emp,string_la,char_emp,boolean_stackdep,string_parse_to_cha,print_char,integer_dup,boolean_invert_second_then_and,integer_sub,string_setch,exec_no,boolean_yank,char_islett,string_ya,string_flu,integer_stackdepth,integer_emp,integer_dec,print_boole,integer_gt,exec,string_indexofchar,in1,char_dup,char_flush,char_pop,integer_lte,string_conjch,exec_flu,string_containsch,boolean_eq,string_flush,print_boolean,integer_d,string_rever,char_,exec_empty,string_last,integer_l,exec_when,integer_i,string_substri,string_nth,string_occurrencesofchar,integer_r,integer_s,integer_p,exec_while,integer_fromboolean,integer_empty,string_fromboole
0.0,0.0053763151811,0.00249461024403,0.000102149988441,0.00476341525046,0.0032150364783,0.000451610475212,0.00493008102107,0.00367202326869,0.0,0.00525803624712,0.00292471545852,0.00336019698819,1.07526303622e-05,1.07526303622e-05,1.07526303622e-05,0.0,2.15052607244e-05,0.000166665770614,5.3763151811e-06,0.00167203402132,0.000494620996661,1.61289455433e-05,0.00133870248009,5.3763151811e-06,0.000752684125354,0.00168278665168,0.00444083633959,1.61289455433e-05,0.0053763151811,1.61289455433e-05,0.0,0.00372041010532,1.07526303622e-05,0.0,0.0053494336052,0.00500534943361,3.76342062677e-05,8.06447277165e-05,5.3763151811e-06,5.3763151811e-06,3.22578910866e-05,1.61289455433e-05,0.0032419180542,0.00123117617647,0.00372041010532,0.0045806205343,0.00034408417159,0.00425804162343,1.07526303622e-05,0.000408599953764,0.00425804162343,0.00197848398665,5.3763151811e-06,0.00266665232983,2.68815759055e-05,0.00305912333805,0.00143547615335,0.00481180208709,0.0,8.06447277165e-05,0.0,0.00200536556255,0.000161289455433,1.07526303622e-05,0.00259138391729,0.00034408417159,0.00360213117134,5.3763151811e-06,0.0,5.3763151811e-06,0.0,1.07526303622e-05,1.07526303622e-05,0.000112902618803,0.000204299976882,0.00179031295531,0.00240321288595,0.00329568120602,0.000607523615464,5.3763151811e-06,5.3763151811e-06,0.00343546540072,0.00231719184305,5.3763151811e-06,0.0,0.00518276783458,0.00215052607244,0.002731168112,0.00239246025559,7.52684125354e-05,4.83868366299e-05,0.00341933645518,0.000118278933984,0.00305374702287,0.0,3.22578910866e-05,0.0053494336052,0.0,0.000311826280504,0.0,0.0,0.00453761001285,0.0,0.0,0.000172042085795,0.00130644458901,0.00362901274724,0.00261288917802,0.00289245756743,0.00319353121757,0.0,0.00198923661701,0.0,5.3763151811e-06,0.000709673603905,0.0,0.000290321019779,0.000112902618803,0.00191934451965,5.3763151811e-06,9.67736732598e-05,4.83868366299e-05,4.83868366299e-05,5.3763151811e-06,3.22578910866e-05,0.00128493932828,0.00198386030183,5.3763151811e-05,0.0053763151811,1.61289455433e-05,3.76342062677e-05,0.0,1.07526303622e-05,0.00340320750964,0.00203224713846,0.00462900737093,0.000333331541228,0.00283331810044,0.0,0.000623652561008,0.00194084978038,1.61289455433e-05,0.00305912333805,5.3763151811e-06,0.00111289724249,0.00337094961855,5.3763151811e-06,6.98920973543e-05,0.00287095230671,0.0,0.000811823592346,0.000575265724378,0.00388707587594,0.000618276245827,0.000940855156693,0.00480104945672,0.00456986790394,0.000806447277165,5.3763151811e-06,0.00259676023247,5.3763151811e-06,2.68815759055e-05,0.00438707318778,2.15052607244e-05,3.22578910866e-05,5.3763151811e-06,0.0,0.00183869979194,0.00229568658233,5.3763151811e-06,0.00503223100951,0.00297310229515,0.0,0.000129031564346,0.00399460217956,0.000161289455433,0.0052634125623,0.00432793372079,0.00151074456589,0.00341933645518,6.98920973543e-05,0.0,0.00285482336116,2.15052607244e-05,0.00219891290907,0.00158063666324,0.000134407879528,0.000865586744157,0.000123655249165,0.000161289455433,1.61289455433e-05,0.0,0.000134407879528,1.07526303622e-05,1.07526303622e-05,3.76342062677e-05,5.3763151811e-06,5.3763151811e-06,0.000387094693039,1.07526303622e-05,0.00435481529669,0.00297310229515,0.00496771522734,0.00536556255074,3.76342062677e-05,0.0,0.00319890753276,0.0,2.15052607244e-05,5.3763151811e-06,0.00456449158875,5.3763151811e-06,0.00288708125225,0.0,0.00487631786926,1.61289455433e-05,0.00243547077704,0.0053763151811,0.00107526303622,0.00300536018624,0.00183332347676,0.00220966553943,0.0,0.0,0.0,0.0036128838017,0.00134407879528,0.000225805237606,0.000403223638583,5.3763151811e-06,0.0,0.00384406535449,0.000908597265606,0.000123655249165,0.000129031564346,0.000161289455433,1.07526303622e-05,0.00315589701131,0.00511287573723,0.0,0.000231181552787,1.07526303622e-05,0.0046075021102,0.000381718377858,0.00404836533137,0.000413976268945
Gen 186
string_,string_rot,integer_swap,exec_sho,integer_gte,boolean_shove,boolean_and,string_pop,exec_eq,string_yankd,string_parse_to_chars,integer_lt,string_stackdepth,exec_do*whi,char_r,char_p,boolean_sw,integer_sho,boolean_invert_second_then_a,print_integ,char_iswhitespace,string_removechar,exec_emp,string_first,string_conc,string_yank,string_concat,string_setchar,exec_yankd,string_length,string_replacefirstch,char_d,integer_eq,exec_do*tim,string_emptystri,string_reverse,exec_yankdup,string_repla,exec_,char_ya,integer_mu,string_replacech,boolean_yankd,char_isletter,integer_add,string_empty,char_isdigit,print_integer,exec_shove,integer_fromstri,string_conjchar,boolean_or,boolean_empty,exec_wh,string_fromchar,integer_yankd,exec_do*while,integer_rot,string_rest,boolean_flu,integer_stackdep,char_iswhitespa,char_allfromstring,boolean_,char_allfromstri,exec_stackdepth,exec_do*range,char_shove,char_stackdep,string_removech,exec_stackdep,boolean_sho,string_indexofch,string_stackdep,string_leng,print_ch,integer_mult,boolean_xor,boolean_yankdup,integer_min,string_emp,integer_fromch,exec_yank,char_stackdepth,char_sw,integer_fromboole,string_replace,integer_div,string_replacefirst,boolean_frominteger,string_butla,char_isdig,integer_flush,integer_,string_yankdup,char_flu,print_exec,integer_yank,boolean_frominteg,string_emptystring,char_yankd,boolean_ya,string_swap,print_ex,exec_d,integer_max,char_swap,string_contains,char_empty,exec_dup,exec_k,string_frominteg,exec_noop,exec_p,exec_r,exec_s,string_sho,integer_flu,exec_y,boolean_rot,boolean_a,integer_ya,exec_ya,boolean_invert_first_then_a,string_spl,string_occurrencesofch,integer_yankdup,string_replacechar,char_sho,string_fromboolean,print_stri,exec_string_itera,print_newli,string_ta,string_replacefirstchar,string_substring,boolean_stackdepth,string_shove,string_containschar,exec_do*ran,char_yankdup,char_yank,integer_sw,exec_do*times,string_fromch,integer_shove,exec_if,exec_whi,integer_g,char_frominteger,char_frominteg,boolean_dup,string_eq,boolean_not,char_eq,boolean_flush,boolean_pop,string_butlast,exec_swap,string_replacefir,boolean_swap,exec_sw,string_n,print_string,exec_flush,print_newline,integer_a,string_d,string_dup,string_frominteger,string_contai,integer_mod,exec_do*count,string_fir,string_r,integer_fromchar,string_p,integer_inc,boolean_invert_first_then_and,integer_fromstring,exec_rot,integer_m,boolean_d,char_rot,exec_do*cou,string_take,exec_string_iterate,string_split,integer_pop,boolean_n,string_re,boolean_p,boolean_r,exec_pop,string_sw,boolean_x,boolean_emp,string_la,char_emp,boolean_stackdep,string_parse_to_cha,print_char,integer_dup,boolean_invert_second_then_and,integer_sub,string_setch,exec_no,boolean_yank,char_islett,string_ya,string_flu,integer_stackdepth,integer_emp,integer_dec,print_boole,integer_gt,exec,string_indexofchar,in1,char_dup,char_flush,char_pop,integer_lte,string_conjch,exec_flu,string_containsch,boolean_eq,string_flush,print_boolean,integer_d,string_rever,char_,exec_empty,string_last,integer_l,exec_when,integer_i,string_substri,string_nth,string_occurrencesofchar,integer_r,integer_s,integer_p,exec_while,integer_fromboolean,integer_empty,string_fromboole
0.0,0.00533686985631,0.0026898251881,8.55610397805e-05,0.00466842423303,0.00318714873182,0.000336896594136,0.00470585718793,0.00342778915621,1.06951299726e-05,0.00527269907648,0.00287698996262,0.00333153298645,1.06951299726e-05,5.34756498628e-06,5.34756498628e-06,5.34756498628e-06,0.0,0.000267378249314,0.0,0.00186630018021,0.000524061368656,1.06951299726e-05,0.00126202533676,0.0,0.000764701793039,0.0015187084561,0.00444917406859,3.20853899177e-05,0.00534756498628,3.7432954904e-05,0.0,0.00390372243999,5.34756498628e-06,0.0,0.00531013203138,0.0049892781322,4.27805198903e-05,6.95183448217e-05,1.60426949589e-05,0.0,3.7432954904e-05,5.34756498628e-06,0.00343848428618,0.00115507403704,0.0037432954904,0.00449195458848,0.000251335554355,0.00415505799434,0.0,0.000406414938958,0.00424061903412,0.00197859904492,0.0,0.00267913005813,3.20853899177e-05,0.00298394126235,0.00142245228635,0.00462564371314,0.0,8.02134747943e-05,0.0,0.00199998930487,9.09086047668e-05,1.60426949589e-05,0.00259891658333,0.000352939289095,0.00354008802092,0.0,0.0,5.34756498628e-06,0.0,1.60426949589e-05,5.34756498628e-05,0.000122993994685,0.000251335554355,0.00177004401046,0.00216576381944,0.0033154902915,0.00079143961797,0.0,2.13902599451e-05,0.00347591724108,0.00233688589901,0.0,0.0,0.00509088186694,0.00217111138443,0.00265773979818,0.00221923946931,4.81280848766e-05,4.27805198903e-05,0.00351869776097,0.000171122079561,0.0029625510024,0.0,2.67378249314e-05,0.00530478446639,0.0,0.000336896594136,0.0,0.0,0.00450264971845,0.0,1.60426949589e-05,0.000128341559671,0.00142245228635,0.00383955166015,0.00256683119342,0.00281816674777,0.00307484986711,5.34756498628e-06,0.00220854433934,0.0,1.06951299726e-05,0.000786092052984,1.60426949589e-05,0.000165774514575,3.20853899177e-05,0.00187699531019,0.0,0.00014438425463,1.06951299726e-05,0.000117646429698,0.0,5.88232148491e-05,0.0014812755012,0.0017914342704,8.02134747943e-05,0.0053422174213,2.67378249314e-05,1.06951299726e-05,0.0,5.34756498628e-06,0.00337431350634,0.00212298329955,0.00470585718793,0.000352939289095,0.00276469109791,5.34756498628e-06,0.000524061368656,0.00177539157545,5.34756498628e-06,0.00308554499709,0.0,0.00101603734739,0.00337966107133,2.13902599451e-05,5.34756498628e-05,0.00271121544805,0.0,0.00097860439249,0.000524061368656,0.00378607601029,0.000663098058299,0.000983951957476,0.00465772910305,0.00454008267335,0.000909086047668,0.0,0.00291442291752,0.0,4.27805198903e-05,0.00438500328875,4.81280848766e-05,7.4865909808e-05,0.0,0.0,0.00195186121999,0.00244918476372,0.0,0.00499462569719,0.00286094726766,5.34756498628e-06,0.000165774514575,0.00395185052486,0.000128341559671,0.00525665638152,0.00436361302881,0.00159357436591,0.00357217341084,3.20853899177e-05,0.0,0.00304811204218,3.7432954904e-05,0.00216041625446,0.00182886722531,0.000112298864712,0.000764701793039,0.000181817209534,0.000133689124657,3.20853899177e-05,0.0,0.000149731819616,1.06951299726e-05,5.34756498628e-06,4.27805198903e-05,0.0,2.13902599451e-05,0.000358286854081,2.13902599451e-05,0.00457216806327,0.00303741691221,0.0048341987476,0.00533686985631,5.88232148491e-05,0.0,0.0033154902915,1.06951299726e-05,2.13902599451e-05,0.0,0.00457216806327,5.34756498628e-06,0.00289838022257,0.0,0.00489836952744,3.20853899177e-05,0.00241175180881,0.00534756498628,0.0010909032572,0.0030801974321,0.00184490992027,0.00224597729424,0.0,0.0,0.0,0.00376468575034,0.00129411072668,0.000256683119342,0.000267378249314,3.7432954904e-05,0.0,0.00376468575034,0.00103208004235,9.09086047668e-05,0.000106951299726,0.000117646429698,5.34756498628e-06,0.00296789856739,0.00505879647702,0.0,0.000304811204218,0.0,0.00457216806327,0.000320853899177,0.00411227747445,0.000368981984054
Gen 187
string_,string_rot,integer_swap,exec_sho,integer_gte,boolean_shove,boolean_and,string_pop,exec_eq,string_yankd,string_parse_to_chars,integer_lt,string_stackdepth,exec_do*whi,char_r,char_p,boolean_sw,integer_sho,boolean_invert_second_then_a,print_integ,char_iswhitespace,string_removechar,exec_emp,string_first,string_conc,string_yank,string_concat,string_setchar,exec_yankd,string_length,string_replacefirstch,char_d,integer_eq,exec_do*tim,string_emptystri,string_reverse,exec_yankdup,string_repla,exec_,char_ya,integer_mu,string_replacech,boolean_yankd,char_isletter,integer_add,string_empty,char_isdigit,print_integer,exec_shove,integer_fromstri,string_conjchar,boolean_or,boolean_empty,exec_wh,string_fromchar,integer_yankd,exec_do*while,integer_rot,string_rest,boolean_flu,integer_stackdep,char_iswhitespa,char_allfromstring,boolean_,char_allfromstri,exec_stackdepth,exec_do*range,char_shove,char_stackdep,string_removech,exec_stackdep,boolean_sho,string_indexofch,string_stackdep,string_leng,print_ch,integer_mult,boolean_xor,boolean_yankdup,integer_min,string_emp,integer_fromch,exec_yank,char_stackdepth,char_sw,integer_fromboole,string_replace,integer_div,string_replacefirst,boolean_frominteger,string_butla,char_isdig,integer_flush,integer_,string_yankdup,char_flu,print_exec,integer_yank,boolean_frominteg,string_emptystring,char_yankd,boolean_ya,string_swap,print_ex,exec_d,integer_max,char_swap,string_contains,char_empty,exec_dup,exec_k,string_frominteg,exec_noop,exec_p,exec_r,exec_s,string_sho,integer_flu,exec_y,boolean_rot,boolean_a,integer_ya,exec_ya,boolean_invert_first_then_a,string_spl,string_occurrencesofch,integer_yankdup,string_replacechar,char_sho,string_fromboolean,print_stri,exec_string_itera,print_newli,string_ta,string_replacefirstchar,string_substring,boolean_stackdepth,string_shove,string_containschar,exec_do*ran,char_yankdup,char_yank,integer_sw,exec_do*times,string_fromch,integer_shove,exec_if,exec_whi,integer_g,char_frominteger,char_frominteg,boolean_dup,string_eq,boolean_not,char_eq,boolean_flush,boolean_pop,string_butlast,exec_swap,string_replacefir,boolean_swap,exec_sw,string_n,print_string,exec_flush,print_newline,integer_a,string_d,string_dup,string_frominteger,string_contai,integer_mod,exec_do*count,string_fir,string_r,integer_fromchar,string_p,integer_inc,boolean_invert_first_then_and,integer_fromstring,exec_rot,integer_m,boolean_d,char_rot,exec_do*cou,string_take,exec_string_iterate,string_split,integer_pop,boolean_n,string_re,boolean_p,boolean_r,exec_pop,string_sw,boolean_x,boolean_emp,string_la,char_emp,boolean_stackdep,string_parse_to_cha,print_char,integer_dup,boolean_invert_second_then_and,integer_sub,string_setch,exec_no,boolean_yank,char_islett,string_ya,string_flu,integer_stackdepth,integer_emp,integer_dec,print_boole,integer_gt,exec,string_indexofchar,in1,char_dup,char_flush,char_pop,integer_lte,string_conjch,exec_flu,string_containsch,boolean_eq,string_flush,print_boolean,integer_d,string_rever,char_,exec_empty,string_last,integer_l,exec_when,integer_i,string_substri,string_nth,string_occurrencesofchar,integer_r,integer_s,integer_p,exec_while,integer_fromboolean,integer_empty,string_fromboole
0.0,0.00531380152233,0.00301594140457,9.04250509306e-05,0.0046542305626,0.00297870756007,0.000356381083079,0.00473401737225,0.00349998138308,0.0,0.00523401471269,0.00263828383892,0.0034042372115,1.0638241286e-05,2.12764825719e-05,0.0,5.31912064298e-06,0.0,0.000276594273435,0.0,0.00162233179611,0.000617017994585,1.0638241286e-05,0.00120744038596,0.0,0.000755315131302,0.00167020388189,0.00443614661624,2.65956032149e-05,0.00531912064298,3.19147238579e-05,5.31912064298e-06,0.00398934048223,1.0638241286e-05,0.0,0.00527656767783,0.00487231450897,2.65956032149e-05,6.38294477157e-05,5.31912064298e-06,1.0638241286e-05,2.12764825719e-05,1.0638241286e-05,0.00343083281472,0.00131914191946,0.00371806532944,0.00449997606396,0.000292551635364,0.00394146839644,0.0,0.000441487013367,0.00432976420338,0.00187764958697,0.0,0.00271275152792,2.65956032149e-05,0.00292551635364,0.00158509795161,0.0046542305626,1.0638241286e-05,5.31912064298e-05,0.0,0.00187233046633,3.19147238579e-05,2.65956032149e-05,0.00250530582284,0.000430848772081,0.00351061962436,5.31912064298e-06,0.0,5.31912064298e-06,5.31912064298e-06,2.12764825719e-05,9.04250509306e-05,0.000148935378003,0.000244679549577,0.00187233046633,0.00221807330812,0.00347870490051,0.000765953372588,5.31912064298e-06,4.25529651438e-05,0.00361168291658,0.00231913660034,0.0,0.0,0.00513295142047,0.00232977484162,0.00285104866463,0.00197339375854,5.31912064298e-05,5.31912064298e-06,0.00357444907208,0.000122339774788,0.002994664922,5.31912064298e-06,6.91485683587e-05,0.00520209998883,0.0,0.000452125254653,0.0,5.31912064298e-06,0.00451061430524,0.0,5.31912064298e-06,0.000122339774788,0.00149467290068,0.00373934181201,0.00243615725448,0.00282445306142,0.00291487811235,5.31912064298e-06,0.00218615858426,0.0,1.0638241286e-05,0.00074999601066,0.0,0.000202126584433,3.72338445008e-05,0.00194147903469,0.0,0.000111701533502,4.78720857868e-05,0.000111701533502,5.31912064298e-06,4.25529651438e-05,0.00145211993553,0.00179786277733,7.44676890017e-05,0.00531380152233,2.12764825719e-05,5.31912064298e-06,0.0,5.31912064298e-06,0.00345742841793,0.00214892473976,0.00470210264839,0.000335104600507,0.00295743107749,0.0,0.000404253168866,0.00163828915804,5.31912064298e-06,0.00326594007479,0.0,0.00104254764602,0.00343615193536,1.0638241286e-05,7.97868096446e-05,0.00278721921692,1.59573619289e-05,0.00098403731895,0.00044680613401,0.00398402136159,0.000718081286802,0.000994675560236,0.0046914644071,0.00451061430524,0.000755315131302,0.0,0.00279785745821,0.0,3.19147238579e-05,0.00445210397817,5.31912064298e-05,4.78720857868e-05,5.31912064298e-06,0.0,0.00221275418748,0.00274998537242,1.0638241286e-05,0.00490422923282,0.00284572954399,5.31912064298e-06,0.000186169222504,0.00372870357073,0.000127658895431,0.00521273823012,0.0045052951846,0.00159573619289,0.00345742841793,5.85103270727e-05,0.0,0.00326594007479,3.72338445008e-05,0.00244147637513,0.00163297003739,0.000101063292217,0.000994675560236,0.000101063292217,0.000175530981218,1.0638241286e-05,0.0,0.000111701533502,2.65956032149e-05,1.59573619289e-05,8.51059302876e-05,0.0,5.85103270727e-05,0.000367019324365,1.59573619289e-05,0.00457444375296,0.00289360162978,0.00485635714704,0.00530316328105,2.65956032149e-05,0.0,0.00319679150643,1.0638241286e-05,1.59573619289e-05,5.31912064298e-06,0.00449997606396,0.0,0.00297870756007,0.0,0.00488827187089,3.19147238579e-05,0.00250530582284,0.00531912064298,0.00107446236988,0.00331381216057,0.00160637443418,0.00226062627326,0.0,0.0,0.0,0.00379785213908,0.0012127595066,0.000244679549577,0.000239360428934,4.78720857868e-05,0.0,0.00362764027851,0.00103722852538,5.31912064298e-05,0.000117020654145,0.000101063292217,1.59573619289e-05,0.00292019723299,0.00509039845533,0.0,0.000313828117936,5.31912064298e-06,0.00463295408003,0.000324466359221,0.00403721256802,0.000388295806937
Gen 188
string_,string_rot,integer_swap,exec_sho,integer_gte,boolean_shove,boolean_and,string_pop,exec_eq,string_yankd,string_parse_to_chars,integer_lt,string_stackdepth,exec_do*whi,char_r,char_p,boolean_sw,integer_sho,boolean_invert_second_then_a,print_integ,char_iswhitespace,string_removechar,exec_emp,string_first,string_conc,string_yank,string_concat,string_setchar,exec_yankd,string_length,string_replacefirstch,char_d,integer_eq,exec_do*tim,string_emptystri,string_reverse,exec_yankdup,string_repla,exec_,char_ya,integer_mu,string_replacech,boolean_yankd,char_isletter,integer_add,string_empty,char_isdigit,print_integer,exec_shove,integer_fromstri,string_conjchar,boolean_or,boolean_empty,exec_wh,string_fromchar,integer_yankd,exec_do*while,integer_rot,string_rest,boolean_flu,integer_stackdep,char_iswhitespa,char_allfromstring,boolean_,char_allfromstri,exec_stackdepth,exec_do*range,char_shove,char_stackdep,string_removech,exec_stackdep,boolean_sho,string_indexofch,string_stackdep,string_leng,print_ch,integer_mult,boolean_xor,boolean_yankdup,integer_min,string_emp,integer_fromch,exec_yank,char_stackdepth,char_sw,integer_fromboole,string_replace,integer_div,string_replacefirst,boolean_frominteger,string_butla,char_isdig,integer_flush,integer_,string_yankdup,char_flu,print_exec,integer_yank,boolean_frominteg,string_emptystring,char_yankd,boolean_ya,string_swap,print_ex,exec_d,integer_max,char_swap,string_contains,char_empty,exec_dup,exec_k,string_frominteg,exec_noop,exec_p,exec_r,exec_s,string_sho,integer_flu,exec_y,boolean_rot,boolean_a,integer_ya,exec_ya,boolean_invert_first_then_a,string_spl,string_occurrencesofch,integer_yankdup,string_replacechar,char_sho,string_fromboolean,print_stri,exec_string_itera,print_newli,string_ta,string_replacefirstchar,string_substring,boolean_stackdepth,string_shove,string_containschar,exec_do*ran,char_yankdup,char_yank,integer_sw,exec_do*times,string_fromch,integer_shove,exec_if,exec_whi,integer_g,char_frominteger,char_frominteg,boolean_dup,string_eq,boolean_not,char_eq,boolean_flush,boolean_pop,string_butlast,exec_swap,string_replacefir,boolean_swap,exec_sw,string_n,print_string,exec_flush,print_newline,integer_a,string_d,string_dup,string_frominteger,string_contai,integer_mod,exec_do*count,string_fir,string_r,integer_fromchar,string_p,integer_inc,boolean_invert_first_then_and,integer_fromstring,exec_rot,integer_m,boolean_d,char_rot,exec_do*cou,string_take,exec_string_iterate,string_split,integer_pop,boolean_n,string_re,boolean_p,boolean_r,exec_pop,string_sw,boolean_x,boolean_emp,string_la,char_emp,boolean_stackdep,string_parse_to_cha,print_char,integer_dup,boolean_invert_second_then_and,integer_sub,string_setch,exec_no,boolean_yank,char_islett,string_ya,string_flu,integer_stackdepth,integer_emp,integer_dec,print_boole,integer_gt,exec,string_indexofchar,in1,char_dup,char_flush,char_pop,integer_lte,string_conjch,exec_flu,string_containsch,boolean_eq,string_flush,print_boolean,integer_d,string_rever,char_,exec_empty,string_last,integer_l,exec_when,integer_i,string_substri,string_nth,string_occurrencesofchar,integer_r,integer_s,integer_p,exec_while,integer_fromboolean,integer_empty,string_fromboole
0.0,0.00525923143264,0.00297882021788,0.000126983455114,0.00462431415707,0.00297352924059,0.000333331569674,0.00464018708896,0.00347088110645,0.0,0.00519573970508,0.0029523653314,0.00338622546971,0.0,2.11639091857e-05,0.0,5.29097729642e-06,5.29097729642e-06,0.000312167660489,0.0,0.00159787514352,0.000571425548013,5.29097729642e-06,0.00129099846033,2.64548864821e-05,0.000693118025831,0.00186242400834,0.00440738408791,4.76187956677e-05,0.00529097729642,6.3491727557e-05,1.05819545928e-05,0.00388886831287,2.11639091857e-05,0.0,0.00522219459156,0.00473542468029,2.64548864821e-05,0.000105819545928,1.58729318892e-05,0.0,1.05819545928e-05,1.05819545928e-05,0.00333331569674,0.00140210898355,0.00365077433453,0.00438092920143,0.000291003751303,0.00404759763176,1.05819545928e-05,0.000375659388046,0.00416399913228,0.00195237062238,0.0,0.00273014428495,2.11639091857e-05,0.00300527510436,0.00153438341596,0.0045714043841,5.29097729642e-06,5.29097729642e-05,0.0,0.00188887889482,7.40736821498e-05,4.76187956677e-05,0.00238093978339,0.000402114274528,0.00368252019831,0.0,0.0,1.58729318892e-05,2.11639091857e-05,1.05819545928e-05,2.64548864821e-05,0.000137565409707,0.000222221046449,0.00188358791752,0.00233332098772,0.00323278712811,0.000798937571759,5.29097729642e-06,2.11639091857e-05,0.00342855328808,0.00223279241909,0.0,5.29097729642e-06,0.00513753895482,0.00213755482775,0.0026507796255,0.00201586234993,3.17458637785e-05,2.64548864821e-05,0.00360315553886,0.0001481473643,0.00307405780922,0.0,3.17458637785e-05,0.00521161263697,0.0,0.000338622546971,0.0,0.0,0.00454494949762,0.0,1.58729318892e-05,0.000285712774006,0.00141269093814,0.00360844651616,0.00226453828287,0.00285712774006,0.0032433690827,5.29097729642e-06,0.00202644430453,0.0,1.05819545928e-05,0.000740736821498,0.0,0.000111110523225,3.70368410749e-05,0.00198411648616,0.0,0.000100528568632,3.70368410749e-05,0.000111110523225,5.29097729642e-06,3.70368410749e-05,0.00149205559759,0.00172485859863,8.46556367427e-05,0.00528568631912,3.70368410749e-05,1.58729318892e-05,0.0,1.58729318892e-05,0.00338093449241,0.00189946084941,0.00467193295274,0.000417987206417,0.00274072623954,0.0,0.000544970661531,0.00195766159967,1.05819545928e-05,0.00336506156052,0.0,0.00101586764091,0.00323278712811,2.11639091857e-05,4.23278183713e-05,0.0026613615801,1.58729318892e-05,0.00101057666362,0.000449733070195,0.00385183147179,0.000629626298274,0.000878302231205,0.00468251490733,0.0042856916101,0.00070899095772,0.0,0.00260845180713,0.0,1.58729318892e-05,0.00439151115603,5.82007502606e-05,4.23278183713e-05,1.05819545928e-05,0.0,0.00200528039534,0.00252908714769,0.0,0.00486240813541,0.0029576563087,5.29097729642e-06,0.000216930069153,0.00394177808583,0.000185184205375,0.00519044872778,0.00434918333765,0.00169840371215,0.00331744276485,6.87827048534e-05,0.0,0.00320104126433,2.11639091857e-05,0.00233861196502,0.00161374807541,0.000142856387003,0.00109523230036,0.000158729318892,0.000116401500521,4.23278183713e-05,5.29097729642e-06,0.000185184205375,1.58729318892e-05,1.05819545928e-05,6.87827048534e-05,5.29097729642e-06,4.23278183713e-05,0.000301585705896,1.58729318892e-05,0.00443912995169,0.00312696758218,0.00470367881651,0.00524864947805,5.82007502606e-05,0.0,0.00307934878651,5.29097729642e-06,2.64548864821e-05,0.0,0.00435447431495,0.0,0.00311638562759,0.0,0.00482008031704,1.05819545928e-05,0.00237564880609,0.00529097729642,0.00121163380088,0.00321162321892,0.00149205559759,0.00233332098772,5.29097729642e-06,0.0,5.29097729642e-06,0.0038412495172,0.00121163380088,0.000275130819414,0.000269839842117,3.70368410749e-05,0.0,0.00363490140264,0.000968248845244,4.23278183713e-05,0.000142856387003,0.000126983455114,2.64548864821e-05,0.00289416458114,0.00510050211375,0.0,0.000253966910228,2.64548864821e-05,0.00464018708896,0.000386241342638,0.00387299538098,0.000333331569674
Gen 189
string_,string_rot,integer_swap,exec_sho,integer_gte,boolean_shove,boolean_and,string_pop,exec_eq,string_yankd,string_parse_to_chars,integer_lt,string_stackdepth,exec_do*whi,char_r,char_p,boolean_sw,integer_sho,boolean_invert_second_then_a,print_integ,char_iswhitespace,string_removechar,exec_emp,string_first,string_conc,string_yank,string_concat,string_setchar,exec_yankd,string_length,string_replacefirstch,char_d,integer_eq,exec_do*tim,string_emptystri,string_reverse,exec_yankdup,string_repla,exec_,char_ya,integer_mu,string_replacech,boolean_yankd,char_isletter,integer_add,string_empty,char_isdigit,print_integer,exec_shove,integer_fromstri,string_conjchar,boolean_or,boolean_empty,exec_wh,string_fromchar,integer_yankd,exec_do*while,integer_rot,string_rest,boolean_flu,integer_stackdep,char_iswhitespa,char_allfromstring,boolean_,char_allfromstri,exec_stackdepth,exec_do*range,char_shove,char_stackdep,string_removech,exec_stackdep,boolean_sho,string_indexofch,string_stackdep,string_leng,print_ch,integer_mult,boolean_xor,boolean_yankdup,integer_min,string_emp,integer_fromch,exec_yank,char_stackdepth,char_sw,integer_fromboole,string_replace,integer_div,string_replacefirst,boolean_frominteger,string_butla,char_isdig,integer_flush,integer_,string_yankdup,char_flu,print_exec,integer_yank,boolean_frominteg,string_emptystring,char_yankd,boolean_ya,string_swap,print_ex,exec_d,integer_max,char_swap,string_contains,char_empty,exec_dup,exec_k,string_frominteg,exec_noop,exec_p,exec_r,exec_s,string_sho,integer_flu,exec_y,boolean_rot,boolean_a,integer_ya,exec_ya,boolean_invert_first_then_a,string_spl,string_occurrencesofch,integer_yankdup,string_replacechar,char_sho,string_fromboolean,print_stri,exec_string_itera,print_newli,string_ta,string_replacefirstchar,string_substring,boolean_stackdepth,string_shove,string_containschar,exec_do*ran,char_yankdup,char_yank,integer_sw,exec_do*times,string_fromch,integer_shove,exec_if,exec_whi,integer_g,char_frominteger,char_frominteg,boolean_dup,string_eq,boolean_not,char_eq,boolean_flush,boolean_pop,string_butlast,exec_swap,string_replacefir,boolean_swap,exec_sw,string_n,print_string,exec_flush,print_newline,integer_a,string_d,string_dup,string_frominteger,string_contai,integer_mod,exec_do*count,string_fir,string_r,integer_fromchar,string_p,integer_inc,boolean_invert_first_then_and,integer_fromstring,exec_rot,integer_m,boolean_d,char_rot,exec_do*cou,string_take,exec_string_iterate,string_split,integer_pop,boolean_n,string_re,boolean_p,boolean_r,exec_pop,string_sw,boolean_x,boolean_emp,string_la,char_emp,boolean_stackdep,string_parse_to_cha,print_char,integer_dup,boolean_invert_second_then_and,integer_sub,string_setch,exec_no,boolean_yank,char_islett,string_ya,string_flu,integer_stackdepth,integer_emp,integer_dec,print_boole,integer_gt,exec,string_indexofchar,in1,char_dup,char_flush,char_pop,integer_lte,string_conjch,exec_flu,string_containsch,boolean_eq,string_flush,print_boolean,integer_d,string_rever,char_,exec_empty,string_last,integer_l,exec_when,integer_i,string_substri,string_nth,string_occurrencesofchar,integer_r,integer_s,integer_p,exec_while,integer_fromboolean,integer_empty,string_fromboole
0.0,0.00524734080347,0.00293156351809,9.9999473687e-05,0.00456839700844,0.00287893221615,0.000489471108047,0.00462102831038,0.00349998157904,0.0,0.00512628880901,0.00304735238236,0.00347892905827,1.05262603881e-05,5.26313019405e-06,0.0,1.05262603881e-05,2.10525207762e-05,0.000305261551255,5.26313019405e-06,0.00162104409977,0.000599996842122,1.05262603881e-05,0.00119473055405,2.10525207762e-05,0.000815785180078,0.00188946373966,0.00436839806106,2.63156509703e-05,0.00525786706386,7.89469529108e-05,1.05262603881e-05,0.00374208556797,0.0,0.0,0.00518944637133,0.00459471265941,2.63156509703e-05,7.89469529108e-05,1.57893905822e-05,1.05262603881e-05,5.26313019405e-06,5.26313019405e-06,0.00307893116352,0.00148946584492,0.00371050678681,0.00428418797796,0.000242103988926,0.00411050468155,1.57893905822e-05,0.00041578728533,0.00413155720233,0.00209472581723,0.0,0.0025631444045,0.0,0.00295261603886,0.00151578149589,0.00465787022174,1.05262603881e-05,4.73681717465e-05,0.0,0.00211051520781,9.47363434929e-05,1.57893905822e-05,0.00242630301946,0.000263156509703,0.00364208609428,5.26313019405e-06,0.0,2.10525207762e-05,3.15787811643e-05,0.0,2.63156509703e-05,0.000126315124657,0.000199998947374,0.00195262130199,0.00252103936295,0.00319998315798,0.000926310914153,0.0,3.15787811643e-05,0.00343156088652,0.00225788285325,0.0,1.05262603881e-05,0.00516313072036,0.00232104041558,0.00281577465382,0.00186841121889,8.42100831048e-05,2.63156509703e-05,0.00358419166215,0.000131578254851,0.00293156351809,0.0,3.68419113584e-05,0.00516839385056,5.26313019405e-06,0.000347366592807,1.05262603881e-05,0.0,0.00443681875359,0.0,2.10525207762e-05,0.000305261551255,0.00146841332414,0.00352629723001,0.00222104094189,0.00276840648207,0.00324735132973,5.26313019405e-06,0.0020315682549,5.26313019405e-06,2.10525207762e-05,0.000936837174541,0.0,5.26313019405e-05,8.94732132989e-05,0.00191577939063,0.0,4.21050415524e-05,2.10525207762e-05,0.000184209556792,5.26313019405e-06,1.05262603881e-05,0.00145262393356,0.0017684117452,0.000136841385045,0.00524207767328,2.10525207762e-05,1.05262603881e-05,0.0,1.05262603881e-05,0.00341577149594,0.00202630512471,0.00466839648212,0.000499997368435,0.00277893274246,5.26313019405e-06,0.000794732659302,0.00195262130199,1.05262603881e-05,0.00317893063721,0.0,0.00101052099726,0.00317366750701,2.10525207762e-05,3.68419113584e-05,0.00278419587265,1.05262603881e-05,0.00104209977842,0.000315787811643,0.00386840069263,0.00061052310251,0.00102104725765,0.0046894490029,0.00428418797796,0.000694733185615,0.0,0.00266840700838,1.05262603881e-05,1.05262603881e-05,0.00439471371203,4.21050415524e-05,4.21050415524e-05,5.26313019405e-06,5.26313019405e-06,0.00209998894743,0.00259998631586,5.26313019405e-06,0.00488944795027,0.00316840437682,5.26313019405e-06,0.000189472686986,0.00392629512476,0.000189472686986,0.00511576254862,0.00427892484776,0.00151051836569,0.00334208767322,7.36838227167e-05,5.26313019405e-06,0.00308945742391,6.84206925227e-05,0.00233682980616,0.00165262288093,0.000121051994463,0.000957889695317,9.9999473687e-05,0.000105262603881,2.10525207762e-05,0.0,0.000236840858732,3.15787811643e-05,1.57893905822e-05,5.26313019405e-05,0.0,3.15787811643e-05,0.000331577202225,1.57893905822e-05,0.00445787127436,0.00319472002779,0.00476839595581,0.0052210251525,7.36838227167e-05,0.0,0.00324208819954,2.63156509703e-05,1.57893905822e-05,0.0,0.00448945005553,0.0,0.00305261551255,0.0,0.00489997421066,2.10525207762e-05,0.00261577570644,0.00526313019405,0.00115788864269,0.00314208872585,0.00176314861501,0.00259472318567,0.0,0.0,5.26313019405e-06,0.003715769917,0.00103683664823,0.000263156509703,0.000236840858732,2.10525207762e-05,0.0,0.00353156036021,0.00115788864269,7.36838227167e-05,0.000268419639897,0.000126315124657,5.26313019405e-06,0.00286314282556,0.00511049941842,5.26313019405e-06,0.000294735290867,2.63156509703e-05,0.00466313335193,0.000421050415524,0.00369998052642,0.000268419639897
Gen 190
string_,string_rot,integer_swap,exec_sho,integer_gte,boolean_shove,boolean_and,string_pop,exec_eq,string_yankd,string_parse_to_chars,integer_lt,string_stackdepth,exec_do*whi,char_r,char_p,boolean_sw,integer_sho,boolean_invert_second_then_a,print_integ,char_iswhitespace,string_removechar,exec_emp,string_first,string_conc,string_yank,string_concat,string_setchar,exec_yankd,string_length,string_replacefirstch,char_d,integer_eq,exec_do*tim,string_emptystri,string_reverse,exec_yankdup,string_repla,exec_,char_ya,integer_mu,string_replacech,boolean_yankd,char_isletter,integer_add,string_empty,char_isdigit,print_integer,exec_shove,integer_fromstri,string_conjchar,boolean_or,boolean_empty,exec_wh,string_fromchar,integer_yankd,exec_do*while,integer_rot,string_rest,boolean_flu,integer_stackdep,char_iswhitespa,char_allfromstring,boolean_,char_allfromstri,exec_stackdepth,exec_do*range,char_shove,char_stackdep,string_removech,exec_stackdep,boolean_sho,string_indexofch,string_stackdep,string_leng,print_ch,integer_mult,boolean_xor,boolean_yankdup,integer_min,string_emp,integer_fromch,exec_yank,char_stackdepth,char_sw,integer_fromboole,string_replace,integer_div,string_replacefirst,boolean_frominteger,string_butla,char_isdig,integer_flush,integer_,string_yankdup,char_flu,print_exec,integer_yank,boolean_frominteg,string_emptystring,char_yankd,boolean_ya,string_swap,print_ex,exec_d,integer_max,char_swap,string_contains,char_empty,exec_dup,exec_k,string_frominteg,exec_noop,exec_p,exec_r,exec_s,string_sho,integer_flu,exec_y,boolean_rot,boolean_a,integer_ya,exec_ya,boolean_invert_first_then_a,string_spl,string_occurrencesofch,integer_yankdup,string_replacechar,char_sho,string_fromboolean,print_stri,exec_string_itera,print_newli,string_ta,string_replacefirstchar,string_substring,boolean_stackdepth,string_shove,string_containschar,exec_do*ran,char_yankdup,char_yank,integer_sw,exec_do*times,string_fromch,integer_shove,exec_if,exec_whi,integer_g,char_frominteger,char_frominteg,boolean_dup,string_eq,boolean_not,char_eq,boolean_flush,boolean_pop,string_butlast,exec_swap,string_replacefir,boolean_swap,exec_sw,string_n,print_string,exec_flush,print_newline,integer_a,string_d,string_dup,string_frominteger,string_contai,integer_mod,exec_do*count,string_fir,string_r,integer_fromchar,string_p,integer_inc,boolean_invert_first_then_and,integer_fromstring,exec_rot,integer_m,boolean_d,char_rot,exec_do*cou,string_take,exec_string_iterate,string_split,integer_pop,boolean_n,string_re,boolean_p,boolean_r,exec_pop,string_sw,boolean_x,boolean_emp,string_la,char_emp,boolean_stackdep,string_parse_to_cha,print_char,integer_dup,boolean_invert_second_then_and,integer_sub,string_setch,exec_no,boolean_yank,char_islett,string_ya,string_flu,integer_stackdepth,integer_emp,integer_dec,print_boole,integer_gt,exec,string_indexofchar,in1,char_dup,char_flush,char_pop,integer_lte,string_conjch,exec_flu,string_containsch,boolean_eq,string_flush,print_boolean,integer_d,string_rever,char_,exec_empty,string_last,integer_l,exec_when,integer_i,string_substri,string_nth,string_occurrencesofchar,integer_r,integer_s,integer_p,exec_while,integer_fromboolean,integer_empty,string_fromboole
5.23557468286e-06,0.00520416123476,0.00298427756923,0.000115182643023,0.00460207014623,0.00266490751357,0.000434552698677,0.00467013261711,0.00374343589824,5.23557468286e-06,0.00517798336134,0.00291097952367,0.00355495520966,5.23557468286e-06,1.57067240486e-05,5.23557468286e-06,5.23557468286e-06,3.664902278e-05,0.000335076779703,0.0,0.00152878780739,0.00051308631892,2.09422987314e-05,0.0012513023492,1.57067240486e-05,0.000701567007503,0.00193716263266,0.00431934911336,3.14134480971e-05,0.00523557468286,5.23557468286e-05,0.0,0.0034816571641,1.57067240486e-05,5.23557468286e-06,0.00520416123476,0.00475390181203,4.18845974628e-05,8.37691949257e-05,2.61778734143e-05,1.57067240486e-05,1.04711493657e-05,5.23557468286e-06,0.00329317647552,0.00179056654154,0.00372772917419,0.00440311830828,0.000324605630337,0.00391620986278,0.0,0.00047643729614,0.00403662808048,0.00211517217187,0.0,0.0023507730326,4.18845974628e-05,0.00306804676415,0.00155496568081,0.00475913738672,5.23557468286e-06,3.664902278e-05,0.0,0.00205234527568,5.75913215114e-05,1.57067240486e-05,0.00249736912372,0.000345547929068,0.00372772917419,0.0,0.0,1.04711493657e-05,0.0,5.23557468286e-06,2.61778734143e-05,0.000157067240486,0.000246072010094,0.00190574918456,0.0023193595845,0.00327223417678,0.000895283270768,0.0,3.14134480971e-05,0.00342930141727,0.00225653268831,5.23557468286e-06,0.0,0.00513609876388,0.0025026046984,0.00292145067303,0.00168585504788,5.23557468286e-05,1.57067240486e-05,0.003664902278,0.000125653792389,0.00295286412113,1.04711493657e-05,4.71201721457e-05,0.0051622766373,5.23557468286e-06,0.000314134480971,0.0,0.0,0.00431411353867,0.0,1.04711493657e-05,0.000319370055654,0.00145548976183,0.00346071486537,0.00226700383768,0.0027486767085,0.00310993136162,0.0,0.00217276349338,0.0,0.0,0.000947639017597,1.04711493657e-05,7.329804556e-05,7.329804556e-05,0.00187433573646,0.0,5.23557468286e-05,2.09422987314e-05,8.90047696085e-05,0.0,1.57067240486e-05,0.00151308108335,0.00168585504788,0.000151831665803,0.00523557468286,5.23557468286e-06,5.23557468286e-06,0.0,1.57067240486e-05,0.00321464285527,0.0021361144706,0.00473819508798,0.00040313925058,0.00293715739708,0.0,0.000790571777111,0.00191622033392,1.04711493657e-05,0.00321987842996,0.0,0.000963345741645,0.00338218124512,5.23557468286e-06,6.28268961943e-05,0.00246072010094,1.04711493657e-05,0.00107852838467,0.000371725802483,0.00386908969063,0.000774865053063,0.00100523033911,0.00467536819179,0.00423034434375,0.000785336202428,0.0,0.00279056130596,0.0,1.04711493657e-05,0.00428793566526,1.57067240486e-05,5.23557468286e-05,5.23557468286e-06,0.0,0.00218847021743,0.00283244590342,1.04711493657e-05,0.00487432002974,0.00298951314391,5.23557468286e-06,0.000193716263266,0.00385338296658,0.000240836435411,0.00515704106261,0.00422510876906,0.00169632619725,0.00315181595908,0.000157067240486,0.0,0.00318846498186,6.28268961943e-05,0.00197904723012,0.00143978303779,0.000340312354386,0.00107329280999,0.000115182643023,0.000115182643023,1.04711493657e-05,0.0,0.000246072010094,2.09422987314e-05,2.61778734143e-05,1.57067240486e-05,1.04711493657e-05,3.664902278e-05,0.000235600860728,2.09422987314e-05,0.00446594520448,0.00339788796917,0.00483767100696,0.00521463238412,6.28268961943e-05,0.0,0.0031151669363,2.61778734143e-05,1.57067240486e-05,0.0,0.00442406060701,5.23557468286e-06,0.00297380641986,0.0,0.00483243543228,1.57067240486e-05,0.00263349406548,0.00523557468286,0.00117276872896,0.00300521986796,0.00168585504788,0.00249736912372,5.23557468286e-06,0.0,1.57067240486e-05,0.00380102721975,0.00121465332642,0.000157067240486,0.000178009539217,1.57067240486e-05,0.0,0.00335600337171,0.0012827157973,7.329804556e-05,0.000261778734143,9.42403442914e-05,0.0,0.00304710446542,0.00510992089047,0.0,0.000314134480971,0.0,0.00460730572091,0.000324605630337,0.00337694567044,0.000272249883508
Gen 191
string_,string_rot,integer_swap,exec_sho,integer_gte,boolean_shove,boolean_and,string_pop,exec_eq,string_yankd,string_parse_to_chars,integer_lt,string_stackdepth,exec_do*whi,char_r,char_p,boolean_sw,integer_sho,boolean_invert_second_then_a,print_integ,char_iswhitespace,string_removechar,exec_emp,string_first,string_conc,string_yank,string_concat,string_setchar,exec_yankd,string_length,string_replacefirstch,char_d,integer_eq,exec_do*tim,string_emptystri,string_reverse,exec_yankdup,string_repla,exec_,char_ya,integer_mu,string_replacech,boolean_yankd,char_isletter,integer_add,string_empty,char_isdigit,print_integer,exec_shove,integer_fromstri,string_conjchar,boolean_or,boolean_empty,exec_wh,string_fromchar,integer_yankd,exec_do*while,integer_rot,string_rest,boolean_flu,integer_stackdep,char_iswhitespa,char_allfromstring,boolean_,char_allfromstri,exec_stackdepth,exec_do*range,char_shove,char_stackdep,string_removech,exec_stackdep,boolean_sho,string_indexofch,string_stackdep,string_leng,print_ch,integer_mult,boolean_xor,boolean_yankdup,integer_min,string_emp,integer_fromch,exec_yank,char_stackdepth,char_sw,integer_fromboole,string_replace,integer_div,string_replacefirst,boolean_frominteger,string_butla,char_isdig,integer_flush,integer_,string_yankdup,char_flu,print_exec,integer_yank,boolean_frominteg,string_emptystring,char_yankd,boolean_ya,string_swap,print_ex,exec_d,integer_max,char_swap,string_contains,char_empty,exec_dup,exec_k,string_frominteg,exec_noop,exec_p,exec_r,exec_s,string_sho,integer_flu,exec_y,boolean_rot,boolean_a,integer_ya,exec_ya,boolean_invert_first_then_a,string_spl,string_occurrencesofch,integer_yankdup,string_replacechar,char_sho,string_fromboolean,print_stri,exec_string_itera,print_newli,string_ta,string_replacefirstchar,string_substring,boolean_stackdepth,string_shove,string_containschar,exec_do*ran,char_yankdup,char_yank,integer_sw,exec_do*times,string_fromch,integer_shove,exec_if,exec_whi,integer_g,char_frominteger,char_frominteg,boolean_dup,string_eq,boolean_not,char_eq,boolean_flush,boolean_pop,string_butlast,exec_swap,string_replacefir,boolean_swap,exec_sw,string_n,print_string,exec_flush,print_newline,integer_a,string_d,string_dup,string_frominteger,string_contai,integer_mod,exec_do*count,string_fir,string_r,integer_fromchar,string_p,integer_inc,boolean_invert_first_then_and,integer_fromstring,exec_rot,integer_m,boolean_d,char_rot,exec_do*cou,string_take,exec_string_iterate,string_split,integer_pop,boolean_n,string_re,boolean_p,boolean_r,exec_pop,string_sw,boolean_x,boolean_emp,string_la,char_emp,boolean_stackdep,string_parse_to_cha,print_char,integer_dup,boolean_invert_second_then_and,integer_sub,string_setch,exec_no,boolean_yank,char_islett,string_ya,string_flu,integer_stackdepth,integer_emp,integer_dec,print_boole,integer_gt,exec,string_indexofchar,in1,char_dup,char_flush,char_pop,integer_lte,string_conjch,exec_flu,string_containsch,boolean_eq,string_flush,print_boolean,integer_d,string_rever,char_,exec_empty,string_last,integer_l,exec_when,integer_i,string_substri,string_nth,string_occurrencesofchar,integer_r,integer_s,integer_p,exec_while,integer_fromboolean,integer_empty,string_fromboole
0.0,0.00516663975708,0.0031666501737,0.000140624267582,0.00445831011297,0.00222915505648,0.000473955864813,0.00467185066744,0.00376560538747,5.20830620674e-06,0.00513018161364,0.0025520700413,0.0035572731392,5.20830620674e-06,0.0,0.0,1.04166124135e-05,0.0,0.00027083192275,5.20830620674e-06,0.00144790912547,0.000515622314467,2.60415310337e-05,0.001083327691,1.56249186202e-05,0.000583330295155,0.00196353143994,0.00415622835298,4.16664496539e-05,0.00520309790053,3.64581434472e-05,0.0,0.00328644121645,1.04166124135e-05,5.20830620674e-06,0.00516663975708,0.00468747558606,1.04166124135e-05,7.29162868943e-05,2.0833224827e-05,5.20830620674e-06,1.56249186202e-05,0.0,0.00342706548403,0.00164582476133,0.00366664756954,0.00443747688814,0.000343748209645,0.00407289545367,1.04166124135e-05,0.00051041400826,0.00407289545367,0.00215103046338,0.0,0.00235415440545,3.12498372404e-05,0.00308331727439,0.00136978453237,0.00469789219848,1.56249186202e-05,3.64581434472e-05,5.20830620674e-06,0.00209373909511,5.20830620674e-05,1.56249186202e-05,0.00240102916131,0.000526038926881,0.0036301894261,5.20830620674e-06,0.0,3.12498372404e-05,0.0,2.0833224827e-05,3.12498372404e-05,0.000156249186202,0.000249998697923,0.00182811547857,0.00232811287441,0.00339581564679,0.000729162868943,1.04166124135e-05,2.0833224827e-05,0.00335414919714,0.00224998828131,0.0,5.20830620674e-06,0.00504164040812,0.0023958208551,0.0029374847006,0.00164582476133,6.24996744809e-05,3.12498372404e-05,0.00373956385644,0.000218748860683,0.0027812355144,1.04166124135e-05,4.16664496539e-05,0.00514059822605,0.0,0.000354164822058,1.04166124135e-05,0.0,0.0043281024578,0.0,2.60415310337e-05,0.000322914984818,0.00179165733512,0.00334894089093,0.0023958208551,0.00273436075854,0.00296352623163,0.0,0.00223436336269,5.20830620674e-06,5.20830620674e-06,0.00098957817928,5.20830620674e-06,8.33328993078e-05,8.85412055146e-05,0.00201561450201,0.0,2.0833224827e-05,2.60415310337e-05,0.000156249186202,5.20830620674e-06,2.60415310337e-05,0.00165624137374,0.00190103176546,8.33328993078e-05,0.00519788959433,5.20830620674e-06,0.0,0.0,5.20830620674e-06,0.00326560799163,0.00214582215718,0.00477080848537,0.000578121988948,0.00318748339852,5.20830620674e-06,0.000656246582049,0.0017760324165,1.04166124135e-05,0.00290623486336,0.0,0.00070312133791,0.00297915115025,5.20830620674e-05,6.77079806876e-05,0.00258331987854,5.20830620674e-06,0.0011562439779,0.00023958208551,0.0038645632054,0.000932286811006,0.00106770277238,0.00453643470607,0.00428643600815,0.000729162868943,0.0,0.00267706939026,5.20830620674e-06,2.60415310337e-05,0.00412497851574,4.16664496539e-05,4.68747558606e-05,1.04166124135e-05,0.0,0.00204686433925,0.00288019333233,1.56249186202e-05,0.00481768324123,0.0030156092937,5.20830620674e-06,0.00020833224827,0.00372914724402,0.000166665798616,0.00516143145088,0.00428643600815,0.00161457492409,0.00317706678611,0.000124999348962,0.0,0.00306248404956,0.000124999348962,0.00203644772683,0.00146353404409,0.00044791433378,0.00113541075307,0.000145832573789,0.000130207655168,4.68747558606e-05,5.20830620674e-06,0.000260415310337,2.0833224827e-05,1.56249186202e-05,4.16664496539e-05,5.20830620674e-06,3.64581434472e-05,0.000156249186202,2.60415310337e-05,0.00453122639986,0.00330727444128,0.00481247493503,0.00520309790053,8.33328993078e-05,0.0,0.00314060864266,2.0833224827e-05,1.56249186202e-05,5.20830620674e-06,0.00444789350055,0.0,0.00310935880542,0.0,0.00491664105916,5.20830620674e-06,0.00275519398336,0.00520830620674,0.00107291107859,0.00327081629783,0.00181249055995,0.00256769495992,5.20830620674e-06,0.0,5.20830620674e-06,0.00385935489919,0.00109374430342,0.000151040879995,0.000218748860683,2.0833224827e-05,0.0,0.00346352362748,0.00128124332686,0.000130207655168,0.00027083192275,6.77079806876e-05,5.20830620674e-06,0.00319790001094,0.00508851516398,5.20830620674e-06,0.000213540554476,0.0,0.00455205962469,0.000499997395847,0.00342185717783,0.000302081759991
Gen 192
string_,string_rot,integer_swap,exec_sho,integer_gte,boolean_shove,boolean_and,string_pop,exec_eq,string_yankd,string_parse_to_chars,integer_lt,string_stackdepth,exec_do*whi,char_r,char_p,boolean_sw,integer_sho,boolean_invert_second_then_a,print_integ,char_iswhitespace,string_removechar,exec_emp,string_first,string_conc,string_yank,string_concat,string_setchar,exec_yankd,string_length,string_replacefirstch,char_d,integer_eq,exec_do*tim,string_emptystri,string_reverse,exec_yankdup,string_repla,exec_,char_ya,integer_mu,string_replacech,boolean_yankd,char_isletter,integer_add,string_empty,char_isdigit,print_integer,exec_shove,integer_fromstri,string_conjchar,boolean_or,boolean_empty,exec_wh,string_fromchar,integer_yankd,exec_do*while,integer_rot,string_rest,boolean_flu,integer_stackdep,char_iswhitespa,char_allfromstring,boolean_,char_allfromstri,exec_stackdepth,exec_do*range,char_shove,char_stackdep,string_removech,exec_stackdep,boolean_sho,string_indexofch,string_stackdep,string_leng,print_ch,integer_mult,boolean_xor,boolean_yankdup,integer_min,string_emp,integer_fromch,exec_yank,char_stackdepth,char_sw,integer_fromboole,string_replace,integer_div,string_replacefirst,boolean_frominteger,string_butla,char_isdig,integer_flush,integer_,string_yankdup,char_flu,print_exec,integer_yank,boolean_frominteg,string_emptystring,char_yankd,boolean_ya,string_swap,print_ex,exec_d,integer_max,char_swap,string_contains,char_empty,exec_dup,exec_k,string_frominteg,exec_noop,exec_p,exec_r,exec_s,string_sho,integer_flu,exec_y,boolean_rot,boolean_a,integer_ya,exec_ya,boolean_invert_first_then_a,string_spl,string_occurrencesofch,integer_yankdup,string_replacechar,char_sho,string_fromboolean,print_stri,exec_string_itera,print_newli,string_ta,string_replacefirstchar,string_substring,boolean_stackdepth,string_shove,string_containschar,exec_do*ran,char_yankdup,char_yank,integer_sw,exec_do*times,string_fromch,integer_shove,exec_if,exec_whi,integer_g,char_frominteger,char_frominteg,boolean_dup,string_eq,boolean_not,char_eq,boolean_flush,boolean_pop,string_butlast,exec_swap,string_replacefir,boolean_swap,exec_sw,string_n,print_string,exec_flush,print_newline,integer_a,string_d,string_dup,string_frominteger,string_contai,integer_mod,exec_do*count,string_fir,string_r,integer_fromchar,string_p,integer_inc,boolean_invert_first_then_and,integer_fromstring,exec_rot,integer_m,boolean_d,char_rot,exec_do*cou,string_take,exec_string_iterate,string_split,integer_pop,boolean_n,string_re,boolean_p,boolean_r,exec_pop,string_sw,boolean_x,boolean_emp,string_la,char_emp,boolean_stackdep,string_parse_to_cha,print_char,integer_dup,boolean_invert_second_then_and,integer_sub,string_setch,exec_no,boolean_yank,char_islett,string_ya,string_flu,integer_stackdepth,integer_emp,integer_dec,print_boole,integer_gt,exec,string_indexofchar,in1,char_dup,char_flush,char_pop,integer_lte,string_conjch,exec_flu,string_containsch,boolean_eq,string_flush,print_boolean,integer_d,string_rever,char_,exec_empty,string_last,integer_l,exec_when,integer_i,string_substri,string_nth,string_occurrencesofchar,integer_r,integer_s,integer_p,exec_while,integer_fromboolean,integer_empty,string_fromboole
0.0,0.00518132030404,0.00318133066668,0.000145076968513,0.00450256734421,0.00233677545712,0.000471500147668,0.00459583110968,0.00375127590012,0.0,0.00506214993705,0.00236786337895,0.00375645722043,1.03626406081e-05,1.55439609121e-05,1.03626406081e-05,5.18132030404e-06,5.18132030404e-06,0.000207252812162,1.55439609121e-05,0.00126942347449,0.000440412225843,1.03626406081e-05,0.000953362935943,0.0,0.000616577116181,0.00203625887949,0.0039740726732,4.14505624323e-05,0.00518132030404,5.18132030404e-06,0.0,0.00312951746364,5.18132030404e-06,0.0,0.00515023238222,0.00454401790664,1.55439609121e-05,4.66318827364e-05,0.0,1.03626406081e-05,1.55439609121e-05,5.18132030404e-06,0.00349220988492,0.00185491266885,0.00341449008036,0.00440930357874,0.000233159413682,0.00416578152445,1.03626406081e-05,0.000455956186756,0.00403624851685,0.00202071491858,0.0,0.00222796773074,0.0,0.00303625369817,0.00125906083388,0.0044922047036,5.18132030404e-06,8.29011248646e-05,5.18132030404e-06,0.00202589623888,5.69945233444e-05,4.66318827364e-05,0.00224351169165,0.000777198045606,0.00373573193921,0.0,0.0,5.18132030404e-06,0.0,1.55439609121e-05,4.66318827364e-05,0.000129533007601,0.000357511100979,0.00175128626277,0.00224869301195,0.00353366044736,0.000637302397397,5.18132030404e-06,1.55439609121e-05,0.0034611219631,0.0021865171683,0.0,0.0,0.0050051554137,0.00241967658199,0.00303625369817,0.00158548401304,8.80824451687e-05,2.07252812162e-05,0.0035854736504,0.000202071491858,0.00296371521391,5.18132030404e-06,2.07252812162e-05,0.00507251257766,0.0,0.000274609976114,1.03626406081e-05,0.0,0.00424868264931,0.0,1.55439609121e-05,0.000222796773074,0.0020569841607,0.00351293516614,0.00253884694898,0.0024352205429,0.00275128108145,5.18132030404e-06,0.00211916000435,1.03626406081e-05,1.55439609121e-05,0.000979269537464,0.0,0.000113989046689,8.29011248646e-05,0.00208807208253,0.0,4.66318827364e-05,2.07252812162e-05,8.29011248646e-05,0.0,2.59066015202e-05,0.00175128626277,0.00201035227797,0.000113989046689,0.00517613898374,1.03626406081e-05,1.55439609121e-05,0.0,0.0,0.0033315889555,0.00229532489469,0.00482899052337,0.000549219952228,0.00338340215854,0.0,0.000528494671012,0.00164247853638,5.18132030404e-06,0.00257511619111,0.0,0.000849736529863,0.00303107237786,7.77198045606e-05,5.69945233444e-05,0.00233159413682,0.0,0.00101035745929,0.000227978093378,0.00379790778286,0.00099999481868,0.00119688499023,0.00450774866451,0.00431603981327,0.000751291444086,5.18132030404e-06,0.00241967658199,0.0,1.55439609121e-05,0.00433676509448,3.10879218242e-05,2.07252812162e-05,0.0,0.0,0.00208807208253,0.00297407785452,0.0,0.00482380920306,0.00325386915094,5.18132030404e-06,0.000227978093378,0.00349739120523,0.000124351687297,0.00514505106191,0.00416578152445,0.00163211589577,0.00291190201087,0.000113989046689,0.0,0.00290672069057,0.000155439609121,0.00185491266885,0.00129014875571,0.00048704410858,0.000937818975031,0.000108807726385,0.000119170366993,2.59066015202e-05,0.0,0.000119170366993,5.18132030404e-06,1.03626406081e-05,9.32637654727e-05,5.18132030404e-06,4.14505624323e-05,0.000150258288817,1.55439609121e-05,0.00455438054725,0.00292744597178,0.00478753996093,0.00515541370252,2.59066015202e-05,0.0,0.00326423179155,3.10879218242e-05,1.03626406081e-05,0.0,0.00430049585235,5.18132030404e-06,0.00311915482303,0.0,0.00486007844519,0.0,0.00255439090989,0.00518132030404,0.000948181615639,0.00322278122911,0.00201553359827,0.00261656675354,0.0,0.0,5.18132030404e-06,0.00381345174377,0.0010310827405,2.59066015202e-05,0.000310879218242,2.59066015202e-05,5.18132030404e-06,0.00337822083823,0.00136786856027,6.21758436485e-05,0.000378236382195,8.80824451687e-05,5.18132030404e-06,0.00322796254942,0.00506733125735,5.18132030404e-06,0.000238340733986,5.18132030404e-06,0.0043574903757,0.000523313350708,0.00313988010425,0.000310879218242
Gen 193
string_,string_rot,integer_swap,exec_sho,integer_gte,boolean_shove,boolean_and,string_pop,exec_eq,string_yankd,string_parse_to_chars,integer_lt,string_stackdepth,exec_do*whi,char_r,char_p,boolean_sw,integer_sho,boolean_invert_second_then_a,print_integ,char_iswhitespace,string_removechar,exec_emp,string_first,string_conc,string_yank,string_concat,string_setchar,exec_yankd,string_length,string_replacefirstch,char_d,integer_eq,exec_do*tim,string_emptystri,string_reverse,exec_yankdup,string_repla,exec_,char_ya,integer_mu,string_replacech,boolean_yankd,char_isletter,integer_add,string_empty,char_isdigit,print_integer,exec_shove,integer_fromstri,string_conjchar,boolean_or,boolean_empty,exec_wh,string_fromchar,integer_yankd,exec_do*while,integer_rot,string_rest,boolean_flu,integer_stackdep,char_iswhitespa,char_allfromstring,boolean_,char_allfromstri,exec_stackdepth,exec_do*range,char_shove,char_stackdep,string_removech,exec_stackdep,boolean_sho,string_indexofch,string_stackdep,string_leng,print_ch,integer_mult,boolean_xor,boolean_yankdup,integer_min,string_emp,integer_fromch,exec_yank,char_stackdepth,char_sw,integer_fromboole,string_replace,integer_div,string_replacefirst,boolean_frominteger,string_butla,char_isdig,integer_flush,integer_,string_yankdup,char_flu,print_exec,integer_yank,boolean_frominteg,string_emptystring,char_yankd,boolean_ya,string_swap,print_ex,exec_d,integer_max,char_swap,string_contains,char_empty,exec_dup,exec_k,string_frominteg,exec_noop,exec_p,exec_r,exec_s,string_sho,integer_flu,exec_y,boolean_rot,boolean_a,integer_ya,exec_ya,boolean_invert_first_then_a,string_spl,string_occurrencesofch,integer_yankdup,string_replacechar,char_sho,string_fromboolean,print_stri,exec_string_itera,print_newli,string_ta,string_replacefirstchar,string_substring,boolean_stackdepth,string_shove,string_containschar,exec_do*ran,char_yankdup,char_yank,integer_sw,exec_do*times,string_fromch,integer_shove,exec_if,exec_whi,integer_g,char_frominteger,char_frominteg,boolean_dup,string_eq,boolean_not,char_eq,boolean_flush,boolean_pop,string_butlast,exec_swap,string_replacefir,boolean_swap,exec_sw,string_n,print_string,exec_flush,print_newline,integer_a,string_d,string_dup,string_frominteger,string_contai,integer_mod,exec_do*count,string_fir,string_r,integer_fromchar,string_p,integer_inc,boolean_invert_first_then_and,integer_fromstring,exec_rot,integer_m,boolean_d,char_rot,exec_do*cou,string_take,exec_string_iterate,string_split,integer_pop,boolean_n,string_re,boolean_p,boolean_r,exec_pop,string_sw,boolean_x,boolean_emp,string_la,char_emp,boolean_stackdep,string_parse_to_cha,print_char,integer_dup,boolean_invert_second_then_and,integer_sub,string_setch,exec_no,boolean_yank,char_islett,string_ya,string_flu,integer_stackdepth,integer_emp,integer_dec,print_boole,integer_gt,exec,string_indexofchar,in1,char_dup,char_flush,char_pop,integer_lte,string_conjch,exec_flu,string_containsch,boolean_eq,string_flush,print_boolean,integer_d,string_rever,char_,exec_empty,string_last,integer_l,exec_when,integer_i,string_substri,string_nth,string_occurrencesofchar,integer_r,integer_s,integer_p,exec_while,integer_fromboolean,integer_empty,string_fromboole
0.0,0.00514945799248,0.00336596203112,0.000185566053783,0.00437626610172,0.002231947258,0.00056700738656,0.00477832588492,0.00384018639079,0.0,0.00503605651517,0.00217009190674,0.00378864026474,5.15461260509e-06,5.15461260509e-06,1.54638378153e-05,0.0,0.0,0.000139174540337,5.15461260509e-06,0.00106185019665,0.000340204431936,5.15461260509e-06,0.000747418827738,2.57730630254e-05,0.000685563476477,0.00217524651935,0.00401544321936,3.60822882356e-05,0.00515461260509,1.03092252102e-05,0.0,0.00312884985129,5.15461260509e-06,0.0,0.00509275725383,0.00450513141685,3.09276756305e-05,4.63915134458e-05,1.03092252102e-05,5.15461260509e-06,1.03092252102e-05,1.54638378153e-05,0.0037474033639,0.00196390740254,0.00351544579667,0.0045618321555,0.000226802954624,0.00403090705718,1.03092252102e-05,0.000412369008407,0.0038453410034,0.00207730887985,0.0,0.0021237003933,3.09276756305e-05,0.00285050077061,0.00129896237648,0.004659769795,5.15461260509e-06,4.12369008407e-05,0.0,0.00225772032103,9.79376394967e-05,2.06184504204e-05,0.00254637862691,0.00088143875547,0.00370101185045,5.15461260509e-06,5.15461260509e-06,1.03092252102e-05,0.0,1.03092252102e-05,1.54638378153e-05,0.000123710702522,0.000407214395802,0.00148968304287,0.00247936866305,0.00378864026474,0.000762882665553,0.0,4.12369008407e-05,0.0036443111118,0.00230411183448,1.03092252102e-05,5.15461260509e-06,0.00502574728996,0.00233503951011,0.00325771516642,0.00164432142102,1.54638378153e-05,2.57730630254e-05,0.0036494657244,0.00028350369328,0.00275771774372,0.0,2.06184504204e-05,0.00503605651517,5.15461260509e-06,0.000288658305885,2.06184504204e-05,0.0,0.0043504930387,0.0,2.06184504204e-05,0.000268039855465,0.00234534873532,0.00349998195886,0.00267524394204,0.00264947087902,0.00235050334792,0.0,0.00222163803279,5.15461260509e-06,0.0,0.000984531007572,0.0,7.21645764713e-05,4.63915134458e-05,0.00215462806893,1.54638378153e-05,1.54638378153e-05,0.0,9.27830268916e-05,0.0,4.12369008407e-05,0.00189689743867,0.00199998969077,0.000103092252102,0.00514945799248,2.06184504204e-05,1.54638378153e-05,0.0,0.0,0.00338658048154,0.00256184246473,0.00477317127231,0.000608244287401,0.00338658048154,0.0,0.00055669816135,0.00145875536724,5.15461260509e-06,0.00282472770759,0.0,0.000788655728579,0.00326286977902,6.18553512611e-05,6.18553512611e-05,0.00255153323952,2.06184504204e-05,0.000994840232782,0.000216493729414,0.00371647568827,0.00105154097144,0.00116494244875,0.00452574986727,0.00437111148912,0.000932984881521,5.15461260509e-06,0.00265462549162,0.0,3.09276756305e-05,0.00436595687651,5.6700738656e-05,2.57730630254e-05,5.15461260509e-06,0.0,0.00213916423111,0.00316493213953,1.03092252102e-05,0.00478863511013,0.00314946830171,5.15461260509e-06,0.000185566053783,0.00355152808491,7.73191890763e-05,0.00508760264122,0.0042577100118,0.00177318673615,0.0029381291849,9.27830268916e-05,0.0,0.00304637604961,0.000144329152943,0.00183504208741,0.001422673079,0.000561852773955,0.00087112953026,0.000149483765548,0.000103092252102,2.06184504204e-05,5.15461260509e-06,0.000113401477312,3.09276756305e-05,1.03092252102e-05,9.27830268916e-05,5.15461260509e-06,3.09276756305e-05,9.27830268916e-05,2.57730630254e-05,0.00448451296643,0.0030360668244,0.00484018123618,0.00512883954206,3.60822882356e-05,0.0,0.00305153066221,4.12369008407e-05,0.0,5.15461260509e-06,0.00423709156138,0.0,0.00314946830171,0.0,0.00485049046139,1.03092252102e-05,0.00278864541935,0.00515461260509,0.00102061329581,0.00319070520255,0.00188143360086,0.00267008932944,0.0,0.0,0.0,0.00390204174205,0.0012113339622,5.15461260509e-05,0.000345359044541,4.12369008407e-05,5.15461260509e-06,0.00326286977902,0.00123710702522,8.76284142865e-05,0.000680408863872,4.63915134458e-05,5.15461260509e-06,0.00328864284205,0.0050618295782,1.54638378153e-05,0.000170102215968,5.15461260509e-06,0.00417008159752,0.00055669816135,0.00294328379751,0.000386595945382
Gen 194
string_,string_rot,integer_swap,exec_sho,integer_gte,boolean_shove,boolean_and,string_pop,exec_eq,string_yankd,string_parse_to_chars,integer_lt,string_stackdepth,exec_do*whi,char_r,char_p,boolean_sw,integer_sho,boolean_invert_second_then_a,print_integ,char_iswhitespace,string_removechar,exec_emp,string_first,string_conc,string_yank,string_concat,string_setchar,exec_yankd,string_length,string_replacefirstch,char_d,integer_eq,exec_do*tim,string_emptystri,string_reverse,exec_yankdup,string_repla,exec_,char_ya,integer_mu,string_replacech,boolean_yankd,char_isletter,integer_add,string_empty,char_isdigit,print_integer,exec_shove,integer_fromstri,string_conjchar,boolean_or,boolean_empty,exec_wh,string_fromchar,integer_yankd,exec_do*while,integer_rot,string_rest,boolean_flu,integer_stackdep,char_iswhitespa,char_allfromstring,boolean_,char_allfromstri,exec_stackdepth,exec_do*range,char_shove,char_stackdep,string_removech,exec_stackdep,boolean_sho,string_indexofch,string_stackdep,string_leng,print_ch,integer_mult,boolean_xor,boolean_yankdup,integer_min,string_emp,integer_fromch,exec_yank,char_stackdepth,char_sw,integer_fromboole,string_replace,integer_div,string_replacefirst,boolean_frominteger,string_butla,char_isdig,integer_flush,integer_,string_yankdup,char_flu,print_exec,integer_yank,boolean_frominteg,string_emptystring,char_yankd,boolean_ya,string_swap,print_ex,exec_d,integer_max,char_swap,string_contains,char_empty,exec_dup,exec_k,string_frominteg,exec_noop,exec_p,exec_r,exec_s,string_sho,integer_flu,exec_y,boolean_rot,boolean_a,integer_ya,exec_ya,boolean_invert_first_then_a,string_spl,string_occurrencesofch,integer_yankdup,string_replacechar,char_sho,string_fromboolean,print_stri,exec_string_itera,print_newli,string_ta,string_replacefirstchar,string_substring,boolean_stackdepth,string_shove,string_containschar,exec_do*ran,char_yankdup,char_yank,integer_sw,exec_do*times,string_fromch,integer_shove,exec_if,exec_whi,integer_g,char_frominteger,char_frominteg,boolean_dup,string_eq,boolean_not,char_eq,boolean_flush,boolean_pop,string_butlast,exec_swap,string_replacefir,boolean_swap,exec_sw,string_n,print_string,exec_flush,print_newline,integer_a,string_d,string_dup,string_frominteger,string_contai,integer_mod,exec_do*count,string_fir,string_r,integer_fromchar,string_p,integer_inc,boolean_invert_first_then_and,integer_fromstring,exec_rot,integer_m,boolean_d,char_rot,exec_do*cou,string_take,exec_string_iterate,string_split,integer_pop,boolean_n,string_re,boolean_p,boolean_r,exec_pop,string_sw,boolean_x,boolean_emp,string_la,char_emp,boolean_stackdep,string_parse_to_cha,print_char,integer_dup,boolean_invert_second_then_and,integer_sub,string_setch,exec_no,boolean_yank,char_islett,string_ya,string_flu,integer_stackdepth,integer_emp,integer_dec,print_boole,integer_gt,exec,string_indexofchar,in1,char_dup,char_flush,char_pop,integer_lte,string_conjch,exec_flu,string_containsch,boolean_eq,string_flush,print_boolean,integer_d,string_rever,char_,exec_empty,string_last,integer_l,exec_when,integer_i,string_substri,string_nth,string_occurrencesofchar,integer_r,integer_s,integer_p,exec_while,integer_fromboolean,integer_empty,string_fromboole
0.0,0.00512817882985,0.00330254716642,0.000148717186066,0.00447690011846,0.0023025522946,0.000389741591069,0.00469741180814,0.00378972415526,1.02563576597e-05,0.00501023071677,0.00203075881662,0.0037281860093,0.0,2.05127153194e-05,0.0,0.0,0.0,0.000138460828406,5.12817882985e-06,0.00123076291916,0.00035897251809,1.02563576597e-05,0.000748714109158,1.02563576597e-05,0.000728201393839,0.00227178322162,0.00395895405665,5.12817882985e-05,0.00512817882985,2.05127153194e-05,5.12817882985e-06,0.00313331726504,5.12817882985e-06,5.12817882985e-06,0.00502048707443,0.00455382280091,5.12817882985e-05,5.12817882985e-05,1.02563576597e-05,1.02563576597e-05,1.02563576597e-05,1.53845364896e-05,0.00384100594356,0.00186665709407,0.00348203342547,0.00448715647612,0.000276921656812,0.0040717739909,5.12817882985e-06,0.000307690729791,0.00408715852739,0.00214357875088,0.0,0.00228203957928,1.53845364896e-05,0.00286665196589,0.00132819831693,0.0047076681658,1.02563576597e-05,4.61536094687e-05,5.12817882985e-06,0.00220511689684,3.5897251809e-05,3.5897251809e-05,0.00243075676535,0.000902559474054,0.00357434064441,0.0,0.0,1.53845364896e-05,5.12817882985e-06,0.0,2.56408941493e-05,0.000123076291916,0.000441023379367,0.00166152994087,0.00242050040769,0.00356408428675,0.000733329572669,1.02563576597e-05,1.02563576597e-05,0.00384613412239,0.00225127050631,0.0,0.0,0.00497946164379,0.00243588494418,0.00323588084164,0.00141024917821,1.02563576597e-05,3.5897251809e-05,0.00365639150568,0.000292306193302,0.00277947292578,5.12817882985e-06,4.61536094687e-05,0.00498971800145,1.53845364896e-05,0.00036410069692,0.0,0.0,0.0042769011441,0.0,2.05127153194e-05,0.000246152583833,0.00244614130184,0.00354357157143,0.0025589612361,0.00273331931631,0.00248716673248,0.0,0.00215383510854,0.0,1.02563576597e-05,0.000999994871821,5.12817882985e-06,2.56408941493e-05,5.64099671284e-05,0.00208716878375,0.0,2.56408941493e-05,1.02563576597e-05,4.10254306388e-05,0.0,2.05127153194e-05,0.00193845159768,0.00202050245896,0.000107691755427,0.00512817882985,1.53845364896e-05,1.02563576597e-05,0.0,0.0,0.00358459700207,0.00245126948067,0.00473843723878,0.000569227850114,0.00346664888898,0.0,0.000574356028943,0.00148204368183,0.0,0.00295895918482,0.0,0.000799995897457,0.00295383100599,4.61536094687e-05,6.15381459582e-05,0.00249742309014,2.05127153194e-05,0.0011333275214,0.000148717186066,0.00377433961877,0.00101025122948,0.00125127563448,0.00462561730453,0.0044153619725,0.000912815831714,0.0,0.00278460110461,0.0,1.02563576597e-05,0.00436920836303,3.5897251809e-05,5.12817882985e-05,1.53845364896e-05,0.0,0.00214870692971,0.00310254819206,2.05127153194e-05,0.0048102317424,0.00327177809345,0.0,0.000174358080215,0.00363075061154,0.000133332649576,0.00509228157804,0.00412818395803,0.00169229901385,0.00288203650238,0.000174358080215,5.12817882985e-06,0.0031435736227,0.000112819934257,0.00227691140045,0.00150255639715,0.000451279737027,0.000892303116394,0.000194870795534,0.000102563576597,2.56408941493e-05,0.0,0.000158973543725,1.02563576597e-05,5.12817882985e-06,9.74353977672e-05,5.12817882985e-06,4.10254306388e-05,0.000138460828406,2.56408941493e-05,0.00453331008559,0.00316921451685,0.00486664170953,0.00511279429336,3.07690729791e-05,1.02563576597e-05,0.00323588084164,1.02563576597e-05,1.02563576597e-05,0.0,0.0042769011441,0.0,0.0032461371993,0.0,0.00475382177527,8.20508612776e-05,0.00274357567397,0.00512817882985,0.00109230209076,0.00351280249845,0.00183075984226,0.00286665196589,0.0,0.0,0.0,0.00403587673909,0.000989738514161,4.61536094687e-05,0.00033333162394,7.69226824478e-05,0.0,0.00333844441823,0.00138973646289,8.20508612776e-05,0.000548715134794,5.12817882985e-05,5.12817882985e-06,0.00334870077589,0.00502048707443,0.0,0.000199998974364,5.12817882985e-06,0.00439997743601,0.000666663247881,0.00299485643663,0.0003435879816
Gen 195
string_,string_rot,integer_swap,exec_sho,integer_gte,boolean_shove,boolean_and,string_pop,exec_eq,string_yankd,string_parse_to_chars,integer_lt,string_stackdepth,exec_do*whi,char_r,char_p,boolean_sw,integer_sho,boolean_invert_second_then_a,print_integ,char_iswhitespace,string_removechar,exec_emp,string_first,string_conc,string_yank,string_concat,string_setchar,exec_yankd,string_length,string_replacefirstch,char_d,integer_eq,exec_do*tim,string_emptystri,string_reverse,exec_yankdup,string_repla,exec_,char_ya,integer_mu,string_replacech,boolean_yankd,char_isletter,integer_add,string_empty,char_isdigit,print_integer,exec_shove,integer_fromstri,string_conjchar,boolean_or,boolean_empty,exec_wh,string_fromchar,integer_yankd,exec_do*while,integer_rot,string_rest,boolean_flu,integer_stackdep,char_iswhitespa,char_allfromstring,boolean_,char_allfromstri,exec_stackdepth,exec_do*range,char_shove,char_stackdep,string_removech,exec_stackdep,boolean_sho,string_indexofch,string_stackdep,string_leng,print_ch,integer_mult,boolean_xor,boolean_yankdup,integer_min,string_emp,integer_fromch,exec_yank,char_stackdepth,char_sw,integer_fromboole,string_replace,integer_div,string_replacefirst,boolean_frominteger,string_butla,char_isdig,integer_flush,integer_,string_yankdup,char_flu,print_exec,integer_yank,boolean_frominteg,string_emptystring,char_yankd,boolean_ya,string_swap,print_ex,exec_d,integer_max,char_swap,string_contains,char_empty,exec_dup,exec_k,string_frominteg,exec_noop,exec_p,exec_r,exec_s,string_sho,integer_flu,exec_y,boolean_rot,boolean_a,integer_ya,exec_ya,boolean_invert_first_then_a,string_spl,string_occurrencesofch,integer_yankdup,string_replacechar,char_sho,string_fromboolean,print_stri,exec_string_itera,print_newli,string_ta,string_replacefirstchar,string_substring,boolean_stackdepth,string_shove,string_containschar,exec_do*ran,char_yankdup,char_yank,integer_sw,exec_do*times,string_fromch,integer_shove,exec_if,exec_whi,integer_g,char_frominteger,char_frominteg,boolean_dup,string_eq,boolean_not,char_eq,boolean_flush,boolean_pop,string_butlast,exec_swap,string_replacefir,boolean_swap,exec_sw,string_n,print_string,exec_flush,print_newline,integer_a,string_d,string_dup,string_frominteger,string_contai,integer_mod,exec_do*count,string_fir,string_r,integer_fromchar,string_p,integer_inc,boolean_invert_first_then_and,integer_fromstring,exec_rot,integer_m,boolean_d,char_rot,exec_do*cou,string_take,exec_string_iterate,string_split,integer_pop,boolean_n,string_re,boolean_p,boolean_r,exec_pop,string_sw,boolean_x,boolean_emp,string_la,char_emp,boolean_stackdep,string_parse_to_cha,print_char,integer_dup,boolean_invert_second_then_and,integer_sub,string_setch,exec_no,boolean_yank,char_islett,string_ya,string_flu,integer_stackdepth,integer_emp,integer_dec,print_boole,integer_gt,exec,string_indexofchar,in1,char_dup,char_flush,char_pop,integer_lte,string_conjch,exec_flu,string_containsch,boolean_eq,string_flush,print_boolean,integer_d,string_rever,char_,exec_empty,string_last,integer_l,exec_when,integer_i,string_substri,string_nth,string_occurrencesofchar,integer_r,integer_s,integer_p,exec_while,integer_fromboolean,integer_empty,string_fromboole
0.0,0.00510201478564,0.00334692169938,0.000183672532283,0.00437752868608,0.00219386635782,0.000499997448993,0.00460711935143,0.00367855266045,0.0,0.00502038254907,0.00178570517497,0.00361222646823,5.10201478564e-06,2.55100739282e-05,0.0,1.53060443569e-05,1.53060443569e-05,0.000137754399212,0.0,0.0011377492972,0.000295916857567,2.55100739282e-05,0.000867342513559,5.10201478564e-06,0.000739792143918,0.00237753889011,0.00377549094137,3.06120887138e-05,0.00510201478564,1.53060443569e-05,0.0,0.00307651491574,0.0,0.0,0.00504079060821,0.00443365084872,2.55100739282e-05,4.08161182851e-05,0.0,5.10201478564e-06,5.10201478564e-06,1.02040295713e-05,0.00369896071959,0.00195917367769,0.00329079953674,0.00451528308529,0.000239794694925,0.00404079571023,1.53060443569e-05,0.000377549094137,0.0040867138433,0.00214284620997,0.0,0.00229080463875,3.06120887138e-05,0.00283672022082,0.00127040168162,0.00462242539579,2.04080591426e-05,5.6122162642e-05,0.0,0.00211223412125,5.6122162642e-05,1.53060443569e-05,0.0025918235111,0.000918362661415,0.00347447206902,0.0,0.0,5.10201478564e-06,5.10201478564e-06,1.02040295713e-05,3.06120887138e-05,0.000112244325284,0.000418365212422,0.00152040040612,0.00235202881618,0.0035510022908,0.000704078040418,1.02040295713e-05,2.04080591426e-05,0.00391324534058,0.00222447844654,0.0,0.0,0.00491324023857,0.00244386508232,0.00326528946281,0.0012448916077,1.53060443569e-05,5.6122162642e-05,0.00351018617252,0.000408161182851,0.00282651619124,1.02040295713e-05,1.53060443569e-05,0.00496426038643,0.0,0.000336732975852,0.0,0.0,0.00432140652344,0.0,3.06120887138e-05,0.000168366487926,0.0026632517181,0.00368875669002,0.0026275376146,0.00287243432431,0.00233672277182,1.02040295713e-05,0.0021683562839,0.0,5.10201478564e-06,0.000974484824057,0.0,4.59181330707e-05,4.08161182851e-05,0.00236733486054,0.0,2.55100739282e-05,0.0,4.59181330707e-05,0.0,5.10201478564e-05,0.00204590792904,0.00186733741154,9.69382809271e-05,0.00510201478564,2.04080591426e-05,5.10201478564e-06,0.0,1.02040295713e-05,0.00363263452737,0.00240304896404,0.00476528180979,0.000556119611635,0.00344896199509,0.0,0.000505099463778,0.00114795332677,0.0,0.00283672022082,0.0,0.000744894158703,0.00283672022082,5.10201478564e-05,5.6122162642e-05,0.00252549731889,3.57141034995e-05,0.000739792143918,0.000219386635782,0.0038010010153,0.000969382809271,0.0011377492972,0.00461222136622,0.00436732465651,0.000969382809271,5.10201478564e-06,0.00265304768853,0.0,1.02040295713e-05,0.00441324278958,4.08161182851e-05,5.6122162642e-05,5.10201478564e-06,0.0,0.00214284620997,0.00302549476788,5.10201478564e-06,0.00467344554365,0.00324488140367,0.0,0.000173468502712,0.00365304258652,0.000158162458355,0.00507650471171,0.00432140652344,0.00185713338197,0.00265304768853,0.000127550369641,0.0,0.00317855521145,0.000107142310498,0.00235202881618,0.00148978831741,0.000443875286351,0.000857138483987,0.000122448354855,0.000107142310498,4.08161182851e-05,5.10201478564e-06,0.000219386635782,2.04080591426e-05,5.10201478564e-06,9.69382809271e-05,0.0,3.06120887138e-05,0.000122448354855,0.0,0.00452548711486,0.00320406528538,0.004760179795,0.00509691277085,3.06120887138e-05,5.10201478564e-06,0.00319386125581,0.0,5.10201478564e-06,0.0,0.00409691787287,5.10201478564e-06,0.00343365595073,0.0,0.0046530374845,6.12241774277e-05,0.00273978193989,0.00510201478564,0.000887750572701,0.0037295728083,0.00171427696797,0.00279590410253,0.0,0.0,5.10201478564e-06,0.00409691787287,0.00112754526763,2.55100739282e-05,0.000265304768853,5.10201478564e-05,5.10201478564e-06,0.00340814587681,0.00133162585905,4.08161182851e-05,0.000571425655992,0.000102040295713,0.0,0.00313263707838,0.00498977046035,5.10201478564e-06,0.000209182606211,0.0,0.00431120249386,0.000663261922133,0.00292855648696,0.000234692680139
Gen 196
string_,string_rot,integer_swap,exec_sho,integer_gte,boolean_shove,boolean_and,string_pop,exec_eq,string_yankd,string_parse_to_chars,integer_lt,string_stackdepth,exec_do*whi,char_r,char_p,boolean_sw,integer_sho,boolean_invert_second_then_a,print_integ,char_iswhitespace,string_removechar,exec_emp,string_first,string_conc,string_yank,string_concat,string_setchar,exec_yankd,string_length,string_replacefirstch,char_d,integer_eq,exec_do*tim,string_emptystri,string_reverse,exec_yankdup,string_repla,exec_,char_ya,integer_mu,string_replacech,boolean_yankd,char_isletter,integer_add,string_empty,char_isdigit,print_integer,exec_shove,integer_fromstri,string_conjchar,boolean_or,boolean_empty,exec_wh,string_fromchar,integer_yankd,exec_do*while,integer_rot,string_rest,boolean_flu,integer_stackdep,char_iswhitespa,char_allfromstring,boolean_,char_allfromstri,exec_stackdepth,exec_do*range,char_shove,char_stackdep,string_removech,exec_stackdep,boolean_sho,string_indexofch,string_stackdep,string_leng,print_ch,integer_mult,boolean_xor,boolean_yankdup,integer_min,string_emp,integer_fromch,exec_yank,char_stackdepth,char_sw,integer_fromboole,string_replace,integer_div,string_replacefirst,boolean_frominteger,string_butla,char_isdig,integer_flush,integer_,string_yankdup,char_flu,print_exec,integer_yank,boolean_frominteg,string_emptystring,char_yankd,boolean_ya,string_swap,print_ex,exec_d,integer_max,char_swap,string_contains,char_empty,exec_dup,exec_k,string_frominteg,exec_noop,exec_p,exec_r,exec_s,string_sho,integer_flu,exec_y,boolean_rot,boolean_a,integer_ya,exec_ya,boolean_invert_first_then_a,string_spl,string_occurrencesofch,integer_yankdup,string_replacechar,char_sho,string_fromboolean,print_stri,exec_string_itera,print_newli,string_ta,string_replacefirstchar,string_substring,boolean_stackdepth,string_shove,string_containschar,exec_do*ran,char_yankdup,char_yank,integer_sw,exec_do*times,string_fromch,integer_shove,exec_if,exec_whi,integer_g,char_frominteger,char_frominteg,boolean_dup,string_eq,boolean_not,char_eq,boolean_flush,boolean_pop,string_butlast,exec_swap,string_replacefir,boolean_swap,exec_sw,string_n,print_string,exec_flush,print_newline,integer_a,string_d,string_dup,string_frominteger,string_contai,integer_mod,exec_do*count,string_fir,string_r,integer_fromchar,string_p,integer_inc,boolean_invert_first_then_and,integer_fromstring,exec_rot,integer_m,boolean_d,char_rot,exec_do*cou,string_take,exec_string_iterate,string_split,integer_pop,boolean_n,string_re,boolean_p,boolean_r,exec_pop,string_sw,boolean_x,boolean_emp,string_la,char_emp,boolean_stackdep,string_parse_to_cha,print_char,integer_dup,boolean_invert_second_then_and,integer_sub,string_setch,exec_no,boolean_yank,char_islett,string_ya,string_flu,integer_stackdepth,integer_emp,integer_dec,print_boole,integer_gt,exec,string_indexofchar,in1,char_dup,char_flush,char_pop,integer_lte,string_conjch,exec_flu,string_containsch,boolean_eq,string_flush,print_boolean,integer_d,string_rever,char_,exec_empty,string_last,integer_l,exec_when,integer_i,string_substri,string_nth,string_occurrencesofchar,integer_r,integer_s,integer_p,exec_while,integer_fromboolean,integer_empty,string_fromboole
5.07611636489e-06,0.00507104024853,0.00348729194268,0.000116750676393,0.00420302435013,0.00227917624784,0.000659895127436,0.00457865696113,0.00366495601545,1.01522327298e-05,0.00500505073578,0.00185785858955,0.00366495601545,1.01522327298e-05,3.04566981893e-05,5.07611636489e-06,1.01522327298e-05,2.53805818245e-05,0.000172587956406,0.0,0.00125380074213,0.000274110283704,0.0,0.000893396480221,5.07611636489e-06,0.000720808523815,0.00243145973878,0.00386292455368,1.52283490947e-05,0.00507611636489,1.01522327298e-05,0.0,0.0034263785463,0.0,0.0,0.00498474627032,0.00444667793564,5.07611636489e-05,3.55328145542e-05,1.52283490947e-05,0.0,0.0,5.07611636489e-06,0.00393399018279,0.00199998984777,0.00322841000807,0.00453804803021,0.000360404261907,0.00404566474282,1.01522327298e-05,0.0004771549383,0.00394414241552,0.00213196887325,5.07611636489e-06,0.00222841508419,3.55328145542e-05,0.00258881934609,0.00127410520759,0.00465987482297,1.01522327298e-05,2.03044654596e-05,0.0,0.00220303450236,5.07611636489e-05,3.04566981893e-05,0.00261927604428,0.00102029938934,0.00336038903356,0.0,5.07611636489e-06,1.01522327298e-05,0.0,5.07611636489e-06,2.03044654596e-05,0.000111674560028,0.000324871447353,0.0015177587931,0.00235531799331,0.00358881426998,0.00070558017472,0.0,2.53805818245e-05,0.00378170669184,0.0022842523642,5.07611636489e-06,0.0,0.00489845229212,0.00245684032061,0.00325886670626,0.00130963802214,0.0,4.5685047284e-05,0.0036141948518,0.000355328145542,0.00286800574616,5.07611636489e-06,4.06089309191e-05,0.00492890899031,5.07611636489e-06,0.000360404261907,1.01522327298e-05,0.0,0.0043806884229,0.0,2.03044654596e-05,0.000269034167339,0.00279186400069,0.00360404261907,0.00273095060431,0.00288831021162,0.00246699255334,1.52283490947e-05,0.00225887178238,0.0,0.0,0.00127918132395,5.07611636489e-06,4.5685047284e-05,5.58372800138e-05,0.00209135994234,0.0,1.01522327298e-05,5.07611636489e-06,2.53805818245e-05,5.07611636489e-06,4.5685047284e-05,0.0019086197532,0.00203044654596,0.000126902909122,0.00507611636489,3.04566981893e-05,0.0,0.0,5.07611636489e-06,0.00366495601545,0.00234008964422,0.00472586433571,0.000609133963787,0.00336038903356,5.07611636489e-06,0.00069542794199,0.00126902909122,5.07611636489e-06,0.00256343876427,1.01522327298e-05,0.00071573240745,0.00264973274247,5.58372800138e-05,3.55328145542e-05,0.00249237313516,2.03044654596e-05,0.000903548712951,0.000233501352785,0.00383754397186,0.00103045162207,0.00146192151309,0.00463957035751,0.00454820026294,0.00106090832026,5.07611636489e-06,0.00268526555703,5.07611636489e-06,2.53805818245e-05,0.00423348104832,2.53805818245e-05,4.5685047284e-05,5.07611636489e-06,0.0,0.0020964360587,0.00305582205166,0.0,0.00477662549936,0.00323348612444,1.01522327298e-05,0.000197968538231,0.00348729194268,0.000152283490947,0.0050456596667,0.00433500337562,0.00185278247319,0.00270049390612,7.61417454734e-05,5.07611636489e-06,0.00299490865529,0.000116750676393,0.00242130750605,0.00140100811671,0.000553296683773,0.000786798036558,0.000147207374582,0.000101522327298,2.03044654596e-05,0.0,0.000269034167339,1.01522327298e-05,1.52283490947e-05,8.12178618383e-05,0.0,2.53805818245e-05,0.000142131258217,1.01522327298e-05,0.00457865696113,0.00321318165898,0.00479692996482,0.0050608880158,2.53805818245e-05,5.07611636489e-06,0.00324363835717,1.01522327298e-05,5.07611636489e-06,0.0,0.00404058862645,0.0,0.00322333389171,0.0,0.00457358084477,0.000106598443663,0.002949223608,0.00507611636489,0.000857863665667,0.00374109776093,0.00179694519317,0.00277155953523,0.0,0.0,0.0,0.00407104532464,0.00118273511302,8.12178618383e-05,0.000335023680083,5.58372800138e-05,0.0,0.00352282475723,0.00145176928036,0.000101522327298,0.000604057847422,6.09133963787e-05,5.07611636489e-06,0.00309643098258,0.00498982238669,5.07611636489e-06,0.000203044654596,0.0,0.0042943944447,0.000720808523815,0.00298475642256,0.000319795330988
Gen 197
string_,string_rot,integer_swap,exec_sho,integer_gte,boolean_shove,boolean_and,string_pop,exec_eq,string_yankd,string_parse_to_chars,integer_lt,string_stackdepth,exec_do*whi,char_r,char_p,boolean_sw,integer_sho,boolean_invert_second_then_a,print_integ,char_iswhitespace,string_removechar,exec_emp,string_first,string_conc,string_yank,string_concat,string_setchar,exec_yankd,string_length,string_replacefirstch,char_d,integer_eq,exec_do*tim,string_emptystri,string_reverse,exec_yankdup,string_repla,exec_,char_ya,integer_mu,string_replacech,boolean_yankd,char_isletter,integer_add,string_empty,char_isdigit,print_integer,exec_shove,integer_fromstri,string_conjchar,boolean_or,boolean_empty,exec_wh,string_fromchar,integer_yankd,exec_do*while,integer_rot,string_rest,boolean_flu,integer_stackdep,char_iswhitespa,char_allfromstring,boolean_,char_allfromstri,exec_stackdepth,exec_do*range,char_shove,char_stackdep,string_removech,exec_stackdep,boolean_sho,string_indexofch,string_stackdep,string_leng,print_ch,integer_mult,boolean_xor,boolean_yankdup,integer_min,string_emp,integer_fromch,exec_yank,char_stackdepth,char_sw,integer_fromboole,string_replace,integer_div,string_replacefirst,boolean_frominteger,string_butla,char_isdig,integer_flush,integer_,string_yankdup,char_flu,print_exec,integer_yank,boolean_frominteg,string_emptystring,char_yankd,boolean_ya,string_swap,print_ex,exec_d,integer_max,char_swap,string_contains,char_empty,exec_dup,exec_k,string_frominteg,exec_noop,exec_p,exec_r,exec_s,string_sho,integer_flu,exec_y,boolean_rot,boolean_a,integer_ya,exec_ya,boolean_invert_first_then_a,string_spl,string_occurrencesofch,integer_yankdup,string_replacechar,char_sho,string_fromboolean,print_stri,exec_string_itera,print_newli,string_ta,string_replacefirstchar,string_substring,boolean_stackdepth,string_shove,string_containschar,exec_do*ran,char_yankdup,char_yank,integer_sw,exec_do*times,string_fromch,integer_shove,exec_if,exec_whi,integer_g,char_frominteger,char_frominteg,boolean_dup,string_eq,boolean_not,char_eq,boolean_flush,boolean_pop,string_butlast,exec_swap,string_replacefir,boolean_swap,exec_sw,string_n,print_string,exec_flush,print_newline,integer_a,string_d,string_dup,string_frominteger,string_contai,integer_mod,exec_do*count,string_fir,string_r,integer_fromchar,string_p,integer_inc,boolean_invert_first_then_and,integer_fromstring,exec_rot,integer_m,boolean_d,char_rot,exec_do*cou,string_take,exec_string_iterate,string_split,integer_pop,boolean_n,string_re,boolean_p,boolean_r,exec_pop,string_sw,boolean_x,boolean_emp,string_la,char_emp,boolean_stackdep,string_parse_to_cha,print_char,integer_dup,boolean_invert_second_then_and,integer_sub,string_setch,exec_no,boolean_yank,char_islett,string_ya,string_flu,integer_stackdepth,integer_emp,integer_dec,print_boole,integer_gt,exec,string_indexofchar,in1,char_dup,char_flush,char_pop,integer_lte,string_conjch,exec_flu,string_containsch,boolean_eq,string_flush,print_boolean,integer_d,string_rever,char_,exec_empty,string_last,integer_l,exec_when,integer_i,string_substri,string_nth,string_occurrencesofchar,integer_r,integer_s,integer_p,exec_while,integer_fromboolean,integer_empty,string_fromboole
0.0,0.00505047954303,0.00345452800743,0.000106060070404,0.00411614082757,0.00217675668305,0.000737370013283,0.00464644117959,0.00388381876859,0.0,0.00493936899309,0.00178281927869,0.00369190054596,5.05047954303e-06,1.01009590861e-05,5.05047954303e-06,5.05047954303e-06,5.05047954303e-06,0.000171716304463,5.05047954303e-06,0.00136867995616,0.000313129731668,1.51514386291e-05,0.000863632001859,5.05047954303e-06,0.00078282432917,0.00241412922157,0.00387876828905,5.05047954303e-05,0.00505047954303,1.01009590861e-05,0.0,0.00326766026434,1.51514386291e-05,0.0,0.00498482330897,0.00439896768198,3.53533568012e-05,3.03028772582e-05,5.05047954303e-06,5.05047954303e-06,2.52523977152e-05,1.01009590861e-05,0.00393937404357,0.00207069661264,0.00322220594845,0.00462118878187,0.000348483088469,0.00400503027762,1.51514386291e-05,0.000414139322529,0.00395452548219,0.00198988893995,0.0,0.00238887682385,1.51514386291e-05,0.00262624936238,0.00127777132439,0.00464139070005,1.51514386291e-05,4.04038363443e-05,5.05047954303e-06,0.0020302927763,4.04038363443e-05,3.53533568012e-05,0.00257574456695,0.0010909035813,0.00349998232332,5.05047954303e-06,0.0,1.01009590861e-05,0.0,1.01009590861e-05,3.53533568012e-05,6.56562340594e-05,0.000353533568012,0.00153534578108,0.00240402826248,0.00364644623007,0.000671713779223,0.0,2.52523977152e-05,0.00393937404357,0.0024292806602,5.05047954303e-06,5.05047954303e-06,0.00493936899309,0.0023939273034,0.0031565497144,0.00136867995616,2.02019181721e-05,5.55552749734e-05,0.00358078999601,0.00033333164984,0.00280806662593,1.01009590861e-05,3.53533568012e-05,0.00483835940223,5.05047954303e-06,0.000353533568012,1.51514386291e-05,0.0,0.00436866480472,0.0,2.52523977152e-05,0.00021717062035,0.00273230943278,0.00359594143464,0.00292927813496,0.00287877333953,0.00243433113974,1.01009590861e-05,0.0023232205898,0.0,5.05047954303e-06,0.00123736748804,0.0,0.0,5.55552749734e-05,0.00207574709219,0.0,4.04038363443e-05,1.01009590861e-05,2.02019181721e-05,5.05047954303e-06,2.02019181721e-05,0.00198988893995,0.00202019181721,0.000186867743092,0.00505047954303,1.51514386291e-05,5.05047954303e-06,0.0,5.05047954303e-06,0.00367169862778,0.0025706940874,0.0046363402205,0.000595956586078,0.00342927560972,0.0,0.000595956586078,0.00108080262221,5.05047954303e-06,0.00262119888283,0.0,0.000621208983793,0.00265655223964,2.02019181721e-05,3.03028772582e-05,0.00255554264877,5.05047954303e-06,0.000808076726885,0.000196968702178,0.00382826349362,0.00105049974495,0.00135352851753,0.00460603734325,0.00448987631376,0.00105555022449,5.05047954303e-06,0.00262119888283,5.05047954303e-06,1.01009590861e-05,0.00428280665249,6.06057545164e-05,2.52523977152e-05,1.51514386291e-05,0.0,0.00210604996944,0.00303028772582,1.01009590861e-05,0.00473734981136,0.00331311458023,1.51514386291e-05,0.000191918222635,0.00356058807784,6.06057545164e-05,0.00502017666577,0.00437371528427,0.00174241544235,0.00273230943278,0.000171716304463,1.01009590861e-05,0.0029696819713,0.000181817263549,0.00261109792375,0.00142423523114,0.000570704188363,0.000626259463336,0.000141413427205,7.07067136025e-05,2.02019181721e-05,0.0,0.000318180211211,2.02019181721e-05,0.0,2.52523977152e-05,0.0,5.55552749734e-05,0.000101009590861,1.51514386291e-05,0.00444947247741,0.00309089348034,0.00488886419766,0.00504542906349,7.57571931455e-05,1.01009590861e-05,0.0033333164984,5.05047954303e-06,5.05047954303e-06,5.05047954303e-06,0.00400503027762,1.51514386291e-05,0.00337372033475,0.0,0.00471714789319,6.56562340594e-05,0.00301008580765,0.00505047954303,0.00101009590861,0.00368179958687,0.00183332407412,0.00259594648512,5.05047954303e-06,0.0,1.01009590861e-05,0.00410603986849,0.00100504542906,2.02019181721e-05,0.000313129731668,3.53533568012e-05,0.0,0.00371210246413,0.00133332659936,0.000106060070404,0.000489896515674,6.56562340594e-05,5.05047954303e-06,0.003227256428,0.00497472234989,0.0,0.000272725895324,0.0,0.00425250377523,0.000797975767799,0.00302018676673,0.00028282685441
Gen 198
string_,string_rot,integer_swap,exec_sho,integer_gte,boolean_shove,boolean_and,string_pop,exec_eq,string_yankd,string_parse_to_chars,integer_lt,string_stackdepth,exec_do*whi,char_r,char_p,boolean_sw,integer_sho,boolean_invert_second_then_a,print_integ,char_iswhitespace,string_removechar,exec_emp,string_first,string_conc,string_yank,string_concat,string_setchar,exec_yankd,string_length,string_replacefirstch,char_d,integer_eq,exec_do*tim,string_emptystri,string_reverse,exec_yankdup,string_repla,exec_,char_ya,integer_mu,string_replacech,boolean_yankd,char_isletter,integer_add,string_empty,char_isdigit,print_integer,exec_shove,integer_fromstri,string_conjchar,boolean_or,boolean_empty,exec_wh,string_fromchar,integer_yankd,exec_do*while,integer_rot,string_rest,boolean_flu,integer_stackdep,char_iswhitespa,char_allfromstring,boolean_,char_allfromstri,exec_stackdepth,exec_do*range,char_shove,char_stackdep,string_removech,exec_stackdep,boolean_sho,string_indexofch,string_stackdep,string_leng,print_ch,integer_mult,boolean_xor,boolean_yankdup,integer_min,string_emp,integer_fromch,exec_yank,char_stackdepth,char_sw,integer_fromboole,string_replace,integer_div,string_replacefirst,boolean_frominteger,string_butla,char_isdig,integer_flush,integer_,string_yankdup,char_flu,print_exec,integer_yank,boolean_frominteg,string_emptystring,char_yankd,boolean_ya,string_swap,print_ex,exec_d,integer_max,char_swap,string_contains,char_empty,exec_dup,exec_k,string_frominteg,exec_noop,exec_p,exec_r,exec_s,string_sho,integer_flu,exec_y,boolean_rot,boolean_a,integer_ya,exec_ya,boolean_invert_first_then_a,string_spl,string_occurrencesofch,integer_yankdup,string_replacechar,char_sho,string_fromboolean,print_stri,exec_string_itera,print_newli,string_ta,string_replacefirstchar,string_substring,boolean_stackdepth,string_shove,string_containschar,exec_do*ran,char_yankdup,char_yank,integer_sw,exec_do*times,string_fromch,integer_shove,exec_if,exec_whi,integer_g,char_frominteger,char_frominteg,boolean_dup,string_eq,boolean_not,char_eq,boolean_flush,boolean_pop,string_butlast,exec_swap,string_replacefir,boolean_swap,exec_sw,string_n,print_string,exec_flush,print_newline,integer_a,string_d,string_dup,string_frominteger,string_contai,integer_mod,exec_do*count,string_fir,string_r,integer_fromchar,string_p,integer_inc,boolean_invert_first_then_and,integer_fromstring,exec_rot,integer_m,boolean_d,char_rot,exec_do*cou,string_take,exec_string_iterate,string_split,integer_pop,boolean_n,string_re,boolean_p,boolean_r,exec_pop,string_sw,boolean_x,boolean_emp,string_la,char_emp,boolean_stackdep,string_parse_to_cha,print_char,integer_dup,boolean_invert_second_then_and,integer_sub,string_setch,exec_no,boolean_yank,char_islett,string_ya,string_flu,integer_stackdepth,integer_emp,integer_dec,print_boole,integer_gt,exec,string_indexofchar,in1,char_dup,char_flush,char_pop,integer_lte,string_conjch,exec_flu,string_containsch,boolean_eq,string_flush,print_boolean,integer_d,string_rever,char_,exec_empty,string_last,integer_l,exec_when,integer_i,string_substri,string_nth,string_occurrencesofchar,integer_r,integer_s,integer_p,exec_while,integer_fromboolean,integer_empty,string_fromboole
0.0,0.00502510037638,0.00349746986196,5.02510037638e-05,0.00385425198868,0.00209546685695,0.00098491967377,0.00442711343159,0.00378390058341,1.00502007528e-05,0.00491957326848,0.00168843372646,0.00357787146798,5.02510037638e-06,1.00502007528e-05,5.02510037638e-06,1.50753011291e-05,0.0,0.000201004015055,5.02510037638e-06,0.00124622489334,0.000341706825594,1.00502007528e-05,0.00069346385194,1.50753011291e-05,0.000804016060221,0.00221606926598,0.00396480419696,2.51255018819e-05,0.00502510037638,1.00502007528e-05,5.02510037638e-06,0.00348239456083,0.0,0.0,0.00498992467375,0.00450751503761,4.52259033874e-05,3.01506022583e-05,0.0,0.0,1.00502007528e-05,5.02510037638e-06,0.00401003010035,0.00174873493098,0.00340199295481,0.00454771584062,0.000271355420325,0.0037436997804,5.02510037638e-06,0.000321606424088,0.00392962849433,0.00184421183813,0.0,0.00264320279798,2.01004015055e-05,0.00218089356335,0.00103517067753,0.00452761543912,1.50753011291e-05,3.01506022583e-05,0.0,0.00184421183813,2.01004015055e-05,3.51757026347e-05,0.00267335340023,0.000964819272265,0.00348239456083,0.0,5.02510037638e-06,5.02510037638e-06,0.0,0.0,3.51757026347e-05,5.52761041402e-05,0.000427133531992,0.00118089858845,0.00245727408405,0.00347234436008,0.000673363450435,5.02510037638e-06,1.00502007528e-05,0.00413063250938,0.00254270079045,1.50753011291e-05,0.0,0.00491957326848,0.00229647087201,0.00305023592846,0.00164320782308,4.52259033874e-05,5.52761041402e-05,0.00359294676911,0.000391957829358,0.00241204818066,1.00502007528e-05,5.52761041402e-05,0.0048090210602,5.02510037638e-06,0.000261305219572,0.0,5.02510037638e-06,0.00445726403385,0.0,2.01004015055e-05,0.000195978914679,0.00279898090964,0.00366832327476,0.00297988452319,0.00304521082809,0.00254772589082,1.00502007528e-05,0.00258290159346,0.0,1.50753011291e-05,0.00123114959221,5.02510037638e-06,5.02510037638e-06,4.52259033874e-05,0.0017236094291,5.02510037638e-06,2.51255018819e-05,5.02510037638e-06,2.01004015055e-05,0.0,3.01506022583e-05,0.00185928713926,0.00148240461103,0.000261305219572,0.00502510037638,5.02510037638e-06,1.00502007528e-05,0.0,1.50753011291e-05,0.00351254516309,0.00262310239647,0.00462811744665,0.000502510037638,0.00353767066497,0.0,0.000603012045166,0.000959794171889,0.0,0.00283415661228,5.02510037638e-06,0.000653263048929,0.00273365460475,1.00502007528e-05,1.50753011291e-05,0.00252260038894,0.0,0.000854267063985,0.000231154617313,0.00386932728981,0.00102009537641,0.00129145079673,0.00460801704514,0.00431153612293,0.000994969874523,5.02510037638e-06,0.00276883030739,5.02510037638e-06,0.0,0.00432158632369,4.52259033874e-05,5.02510037638e-05,1.50753011291e-05,0.0,0.00235174697615,0.00298490962357,1.50753011291e-05,0.00468841865116,0.00331656624841,0.0,0.00011055220828,0.00386932728981,3.01506022583e-05,0.00498992467375,0.00430148592218,0.00154773091593,0.00306531122959,0.000195978914679,0.0,0.00305526102884,0.000165828312421,0.00266330319948,0.00150250501254,0.000643212848177,0.000366832327476,0.00012562750941,6.03012045166e-05,3.01506022583e-05,5.02510037638e-06,0.000251255018819,2.51255018819e-05,5.02510037638e-06,2.51255018819e-05,0.0,6.53263048929e-05,0.000155778111668,4.0200803011e-05,0.00443213853197,0.00296983432244,0.00475374495606,0.00502510037638,0.000115577308657,5.02510037638e-06,0.00365324797363,5.02510037638e-06,1.50753011291e-05,1.00502007528e-05,0.0037436997804,0.0,0.00343214355707,0.0,0.00475374495606,4.0200803011e-05,0.00300501002508,0.00502510037638,0.000944718870759,0.00357787146798,0.00144220380802,0.00268340360099,5.02510037638e-06,0.0,5.02510037638e-06,0.004085406606,0.000959794171889,5.52761041402e-05,0.000351757026347,2.51255018819e-05,0.0,0.0037235993789,0.000919593368878,4.52259033874e-05,0.000356782126723,8.54267063985e-05,5.02510037638e-06,0.00313566263486,0.00497484937262,5.02510037638e-06,0.000256280119195,0.0,0.00435173692595,0.000834166662479,0.00329646584691,0.000256280119195
Gen 199
string_,string_rot,integer_swap,exec_sho,integer_gte,boolean_shove,boolean_and,string_pop,exec_eq,string_yankd,string_parse_to_chars,integer_lt,string_stackdepth,exec_do*whi,char_r,char_p,boolean_sw,integer_sho,boolean_invert_second_then_a,print_integ,char_iswhitespace,string_removechar,exec_emp,string_first,string_conc,string_yank,string_concat,string_setchar,exec_yankd,string_length,string_replacefirstch,char_d,integer_eq,exec_do*tim,string_emptystri,string_reverse,exec_yankdup,string_repla,exec_,char_ya,integer_mu,string_replacech,boolean_yankd,char_isletter,integer_add,string_empty,char_isdigit,print_integer,exec_shove,integer_fromstri,string_conjchar,boolean_or,boolean_empty,exec_wh,string_fromchar,integer_yankd,exec_do*while,integer_rot,string_rest,boolean_flu,integer_stackdep,char_iswhitespa,char_allfromstring,boolean_,char_allfromstri,exec_stackdepth,exec_do*range,char_shove,char_stackdep,string_removech,exec_stackdep,boolean_sho,string_indexofch,string_stackdep,string_leng,print_ch,integer_mult,boolean_xor,boolean_yankdup,integer_min,string_emp,integer_fromch,exec_yank,char_stackdepth,char_sw,integer_fromboole,string_replace,integer_div,string_replacefirst,boolean_frominteger,string_butla,char_isdig,integer_flush,integer_,string_yankdup,char_flu,print_exec,integer_yank,boolean_frominteg,string_emptystring,char_yankd,boolean_ya,string_swap,print_ex,exec_d,integer_max,char_swap,string_contains,char_empty,exec_dup,exec_k,string_frominteg,exec_noop,exec_p,exec_r,exec_s,string_sho,integer_flu,exec_y,boolean_rot,boolean_a,integer_ya,exec_ya,boolean_invert_first_then_a,string_spl,string_occurrencesofch,integer_yankdup,string_replacechar,char_sho,string_fromboolean,print_stri,exec_string_itera,print_newli,string_ta,string_replacefirstchar,string_substring,boolean_stackdepth,string_shove,string_containschar,exec_do*ran,char_yankdup,char_yank,integer_sw,exec_do*times,string_fromch,integer_shove,exec_if,exec_whi,integer_g,char_frominteger,char_frominteg,boolean_dup,string_eq,boolean_not,char_eq,boolean_flush,boolean_pop,string_butlast,exec_swap,string_replacefir,boolean_swap,exec_sw,string_n,print_string,exec_flush,print_newline,integer_a,string_d,string_dup,string_frominteger,string_contai,integer_mod,exec_do*count,string_fir,string_r,integer_fromchar,string_p,integer_inc,boolean_invert_first_then_and,integer_fromstring,exec_rot,integer_m,boolean_d,char_rot,exec_do*cou,string_take,exec_string_iterate,string_split,integer_pop,boolean_n,string_re,boolean_p,boolean_r,exec_pop,string_sw,boolean_x,boolean_emp,string_la,char_emp,boolean_stackdep,string_parse_to_cha,print_char,integer_dup,boolean_invert_second_then_and,integer_sub,string_setch,exec_no,boolean_yank,char_islett,string_ya,string_flu,integer_stackdepth,integer_emp,integer_dec,print_boole,integer_gt,exec,string_indexofchar,in1,char_dup,char_flush,char_pop,integer_lte,string_conjch,exec_flu,string_containsch,boolean_eq,string_flush,print_boolean,integer_d,string_rever,char_,exec_empty,string_last,integer_l,exec_when,integer_i,string_substri,string_nth,string_occurrencesofchar,integer_r,integer_s,integer_p,exec_while,integer_fromboolean,integer_empty,string_fromboole
0.0,0.00499497502512,0.00349998250009,0.000124999375003,0.00375998120009,0.00199999000005,0.000934995325023,0.00445997770011,0.0038149809251,4.99997500012e-06,0.00486497567512,0.00173499132504,0.00324998375008,0.0,4.99997500012e-06,0.0,9.99995000025e-06,4.99997500012e-06,0.000144999275004,0.0,0.00112999435003,0.000289998550007,0.0,0.000709996450018,9.99995000025e-06,0.00103999480003,0.00243498782506,0.0038999805001,1.99999000005e-05,0.00499997500012,4.99997500012e-06,0.0,0.00352498237509,0.0,0.0,0.00497497512512,0.00443997780011,7.49996250019e-05,4.99997500012e-05,4.99997500012e-06,2.49998750006e-05,9.99995000025e-06,9.99995000025e-06,0.0040499797501,0.00187499062505,0.00344998275009,0.00434497827511,0.000239998800006,0.00378498107509,9.99995000025e-06,0.00038499807501,0.0038449807751,0.00207998960005,0.0,0.00283998580007,2.99998500007e-05,0.00231998840006,0.000914995425023,0.00444997775011,1.49999250004e-05,5.49997250014e-05,4.99997500012e-06,0.00208998955005,3.9999800001e-05,1.99999000005e-05,0.00243498782506,0.00106999465003,0.00341998290009,0.0,0.0,2.49998750006e-05,0.0,4.99997500012e-06,4.49997750011e-05,3.9999800001e-05,0.000429997850011,0.00111499442503,0.00257498712506,0.00348498257509,0.000624996875016,0.0,2.99998500007e-05,0.00423497882511,0.00255998720006,9.99995000025e-06,9.99995000025e-06,0.00490497547512,0.00232498837506,0.00285498572507,0.00196999015005,3.9999800001e-05,1.99999000005e-05,0.00337498312508,0.000374998125009,0.00214998925005,4.99997500012e-06,1.49999250004e-05,0.00469997650012,4.99997500012e-06,0.000294998525007,4.99997500012e-06,4.99997500012e-06,0.00447497762511,0.0,1.99999000005e-05,0.000184999075005,0.00297498512507,0.00355998220009,0.00290998545007,0.00286498567507,0.00261998690007,4.99997500012e-06,0.00265498672507,0.0,0.0,0.00114999425003,0.0,2.99998500007e-05,4.49997750011e-05,0.00177999110004,0.0,2.49998750006e-05,9.99995000025e-06,2.99998500007e-05,0.0,1.99999000005e-05,0.00186999065005,0.00146499267504,0.000184999075005,0.00498997505012,4.99997500012e-06,3.49998250009e-05,0.0,0.0,0.00343498282509,0.00226998865006,0.00458997705011,0.000479997600012,0.00342498287509,0.0,0.000609996950015,0.00111999440003,0.0,0.00270998645007,9.99995000025e-06,0.000624996875016,0.00245498772506,4.99997500012e-06,3.9999800001e-05,0.00236498817506,9.99995000025e-06,0.00079999600002,0.000269998650007,0.0038799806001,0.000979995100024,0.00122499387503,0.00464997675012,0.00447497762511,0.000999995000025,0.0,0.00295498522507,1.49999250004e-05,3.49998250009e-05,0.00427997860011,4.99997500012e-05,4.49997750011e-05,5.49997250014e-05,0.0,0.00222998885006,0.00302998485008,1.99999000005e-05,0.00461497692512,0.00322998385008,4.99997500012e-06,9.99995000025e-05,0.0039099804501,8.99995500022e-05,0.00497997510012,0.0040649796751,0.00173499132504,0.00312998435008,0.000154999225004,0.0,0.00298998505007,9.99995000025e-05,0.00254998725006,0.00164499177504,0.000689996550017,0.000334998325008,0.000144999275004,6.49996750016e-05,2.99998500007e-05,0.0,0.000489997550012,2.49998750006e-05,1.49999250004e-05,1.99999000005e-05,4.99997500012e-06,5.49997250014e-05,9.49995250024e-05,9.99995000025e-06,0.00434997825011,0.00297998510007,0.00463997680012,0.00498997505012,8.99995500022e-05,0.0,0.00375998120009,4.99997500012e-06,1.49999250004e-05,4.99997500012e-06,0.00374998125009,0.0,0.00345998270009,0.0,0.00461997690012,2.99998500007e-05,0.00269498652507,0.00499997500012,0.000874995625022,0.00350998245009,0.00139499302503,0.00257498712506,9.99995000025e-06,0.0,0.0,0.0040249798751,0.000924995375023,5.49997250014e-05,0.00041999790001,3.9999800001e-05,0.0,0.00371998140009,0.00101999490003,1.99999000005e-05,0.000534997325013,5.49997250014e-05,4.99997500012e-06,0.00299998500007,0.00482997585012,4.99997500012e-06,0.000219998900005,0.0,0.00444497777511,0.000909995450023,0.00328998355008,0.000274998625007
Gen 200
string_,string_rot,integer_swap,exec_sho,integer_gte,boolean_shove,boolean_and,string_pop,exec_eq,string_yankd,string_parse_to_chars,integer_lt,string_stackdepth,exec_do*whi,char_r,char_p,boolean_sw,integer_sho,boolean_invert_second_then_a,print_integ,char_iswhitespace,string_removechar,exec_emp,string_first,string_conc,string_yank,string_concat,string_setchar,exec_yankd,string_length,string_replacefirstch,char_d,integer_eq,exec_do*tim,string_emptystri,string_reverse,exec_yankdup,string_repla,exec_,char_ya,integer_mu,string_replacech,boolean_yankd,char_isletter,integer_add,string_empty,char_isdigit,print_integer,exec_shove,integer_fromstri,string_conjchar,boolean_or,boolean_empty,exec_wh,string_fromchar,integer_yankd,exec_do*while,integer_rot,string_rest,boolean_flu,integer_stackdep,char_iswhitespa,char_allfromstring,boolean_,char_allfromstri,exec_stackdepth,exec_do*range,char_shove,char_stackdep,string_removech,exec_stackdep,boolean_sho,string_indexofch,string_stackdep,string_leng,print_ch,integer_mult,boolean_xor,boolean_yankdup,integer_min,string_emp,integer_fromch,exec_yank,char_stackdepth,char_sw,integer_fromboole,string_replace,integer_div,string_replacefirst,boolean_frominteger,string_butla,char_isdig,integer_flush,integer_,string_yankdup,char_flu,print_exec,integer_yank,boolean_frominteg,string_emptystring,char_yankd,boolean_ya,string_swap,print_ex,exec_d,integer_max,char_swap,string_contains,char_empty,exec_dup,exec_k,string_frominteg,exec_noop,exec_p,exec_r,exec_s,string_sho,integer_flu,exec_y,boolean_rot,boolean_a,integer_ya,exec_ya,boolean_invert_first_then_a,string_spl,string_occurrencesofch,integer_yankdup,string_replacechar,char_sho,string_fromboolean,print_stri,exec_string_itera,print_newli,string_ta,string_replacefirstchar,string_substring,boolean_stackdepth,string_shove,string_containschar,exec_do*ran,char_yankdup,char_yank,integer_sw,exec_do*times,string_fromch,integer_shove,exec_if,exec_whi,integer_g,char_frominteger,char_frominteg,boolean_dup,string_eq,boolean_not,char_eq,boolean_flush,boolean_pop,string_butlast,exec_swap,string_replacefir,boolean_swap,exec_sw,string_n,print_string,exec_flush,print_newline,integer_a,string_d,string_dup,string_frominteger,string_contai,integer_mod,exec_do*count,string_fir,string_r,integer_fromchar,string_p,integer_inc,boolean_invert_first_then_and,integer_fromstring,exec_rot,integer_m,boolean_d,char_rot,exec_do*cou,string_take,exec_string_iterate,string_split,integer_pop,boolean_n,string_re,boolean_p,boolean_r,exec_pop,string_sw,boolean_x,boolean_emp,string_la,char_emp,boolean_stackdep,string_parse_to_cha,print_char,integer_dup,boolean_invert_second_then_and,integer_sub,string_setch,exec_no,boolean_yank,char_islett,string_ya,string_flu,integer_stackdepth,integer_emp,integer_dec,print_boole,integer_gt,exec,string_indexofchar,in1,char_dup,char_flush,char_pop,integer_lte,string_conjch,exec_flu,string_containsch,boolean_eq,string_flush,print_boolean,integer_d,string_rever,char_,exec_empty,string_last,integer_l,exec_when,integer_i,string_substri,string_nth,string_occurrencesofchar,integer_r,integer_s,integer_p,exec_while,integer_fromboolean,integer_empty,string_fromboole
0.0,0.00497509962637,0.00356217133248,0.000159203188044,0.00356714643211,0.0019800896513,0.00103482072228,0.00431838647569,0.00364674802613,4.97509962637e-06,0.00485569723534,0.00148755478828,0.00329849105228,0.0,4.97509962637e-06,4.97509962637e-06,9.95019925274e-06,0.0,0.000169153387297,0.0,0.00124875000622,0.000402983069736,4.97509962637e-06,0.000587061755912,0.0,0.00101989542341,0.00240794821916,0.00405470619549,3.48256973846e-05,0.00497509962637,4.97509962637e-06,0.0,0.00327859065378,1.99003985055e-05,0.0,0.00493032372973,0.0043581872727,4.97509962637e-05,3.9800797011e-05,0.0,9.95019925274e-06,4.97509962637e-06,9.95019925274e-06,0.00402485559773,0.00173133466998,0.0035273456351,0.00441788846822,0.00027363047945,0.00361192232874,2.48754981319e-05,0.000467659364879,0.00383580181193,0.00186566235989,0.0,0.00293033367993,6.46762951428e-05,0.00219899403486,0.000995019925274,0.00439798806971,1.99003985055e-05,2.98505977582e-05,0.0,0.00187561255914,9.95019925274e-06,3.48256973846e-05,0.00233829682439,0.00133332669987,0.00326864045453,4.97509962637e-06,0.0,4.97509962637e-05,0.0,1.49252988791e-05,4.97509962637e-05,3.9800797011e-05,0.000313431276461,0.0010746215193,0.00251242531132,0.00319898905976,0.000621887453296,9.95019925274e-06,7.46264943956e-05,0.00428853587793,0.00272137949562,4.97509962637e-06,4.97509962637e-06,0.00485569723534,0.0021691434371,0.00280098108965,0.00195023905354,2.48754981319e-05,3.48256973846e-05,0.00325371515565,0.00032835657534,0.00206964144457,4.97509962637e-06,2.48754981319e-05,0.00467659364879,4.97509962637e-06,0.000288555778329,4.97509962637e-06,0.0,0.00432336157532,0.0,2.98505977582e-05,0.000144277889165,0.00284078188666,0.003621872528,0.00284078188666,0.00278108069114,0.00273132969488,0.0,0.00264675300123,4.97509962637e-06,4.97509962637e-06,0.00113432271481,0.0,3.48256973846e-05,3.48256973846e-05,0.00168655877334,0.0,1.49252988791e-05,0.0,4.47758966373e-05,4.97509962637e-06,5.97011955164e-05,0.00177113546699,0.00145770419053,0.000184078686176,0.00497509962637,4.97509962637e-06,4.47758966373e-05,0.0,9.95019925274e-06,0.00330844125154,0.00219401893523,0.00459699205477,0.000358207173099,0.00367162352426,0.0,0.000557211158153,0.00107959661892,4.97509962637e-06,0.00267162849936,4.97509962637e-06,0.000666663349934,0.0025273506102,0.0,2.48754981319e-05,0.00246764941468,1.49252988791e-05,0.000935318729758,0.000293530877956,0.00385072711081,0.00102487052303,0.00140297809464,0.00462684265252,0.00432336157532,0.00107959661892,0.0,0.00299500997507,1.49252988791e-05,1.49252988791e-05,0.00424873508092,4.47758966373e-05,3.48256973846e-05,4.97509962637e-05,0.0,0.00234327192402,0.00311441236611,1.49252988791e-05,0.00468654384804,0.00310943726648,0.0,4.97509962637e-05,0.0039054532067,9.95019925274e-05,0.00494524902861,0.00416415838727,0.00174625996886,0.00311938746573,0.000129352590286,0.0,0.00292038348068,7.46264943956e-05,0.00266167830011,0.00138805279576,0.000825866537977,0.000318406376088,0.000104477092154,8.45766936483e-05,2.98505977582e-05,4.97509962637e-06,0.000651738051054,1.49252988791e-05,9.95019925274e-06,2.98505977582e-05,4.97509962637e-06,3.48256973846e-05,0.000104477092154,2.48754981319e-05,0.0043581872727,0.00289053288292,0.00462684265252,0.00497509962637,8.95517932747e-05,9.95019925274e-06,0.0039054532067,0.0,9.95019925274e-06,1.99003985055e-05,0.00357212153173,9.95019925274e-06,0.00362684762762,0.0,0.00454226595888,1.99003985055e-05,0.00260695220422,0.00497509962637,0.000900493032373,0.00339301794518,0.00147760458903,0.00231839642589,0.0,0.0,0.0,0.00413928288914,0.000925368530505,8.45766936483e-05,0.000373132471978,2.98505977582e-05,0.0,0.00383580181193,0.0010746215193,4.97509962637e-05,0.000587061755912,0.000124377490659,4.97509962637e-06,0.00302983567246,0.0048109213387,0.0,0.000184078686176,0.0,0.00439798806971,0.000975119526769,0.00345769424033,0.000358207173099
Gen 201
string_,string_rot,integer_swap,exec_sho,integer_gte,boolean_shove,boolean_and,string_pop,exec_eq,string_yankd,string_parse_to_chars,integer_lt,string_stackdepth,exec_do*whi,char_r,char_p,boolean_sw,integer_sho,boolean_invert_second_then_a,print_integ,char_iswhitespace,string_removechar,exec_emp,string_first,string_conc,string_yank,string_concat,string_setchar,exec_yankd,string_length,string_replacefirstch,char_d,integer_eq,exec_do*tim,string_emptystri,string_reverse,exec_yankdup,string_repla,exec_,char_ya,integer_mu,string_replacech,boolean_yankd,char_isletter,integer_add,string_empty,char_isdigit,print_integer,exec_shove,integer_fromstri,string_conjchar,boolean_or,boolean_empty,exec_wh,string_fromchar,integer_yankd,exec_do*while,integer_rot,string_rest,boolean_flu,integer_stackdep,char_iswhitespa,char_allfromstring,boolean_,char_allfromstri,exec_stackdepth,exec_do*range,char_shove,char_stackdep,string_removech,exec_stackdep,boolean_sho,string_indexofch,string_stackdep,string_leng,print_ch,integer_mult,boolean_xor,boolean_yankdup,integer_min,string_emp,integer_fromch,exec_yank,char_stackdepth,char_sw,integer_fromboole,string_replace,integer_div,string_replacefirst,boolean_frominteger,string_butla,char_isdig,integer_flush,integer_,string_yankdup,char_flu,print_exec,integer_yank,boolean_frominteg,string_emptystring,char_yankd,boolean_ya,string_swap,print_ex,exec_d,integer_max,char_swap,string_contains,char_empty,exec_dup,exec_k,string_frominteg,exec_noop,exec_p,exec_r,exec_s,string_sho,integer_flu,exec_y,boolean_rot,boolean_a,integer_ya,exec_ya,boolean_invert_first_then_a,string_spl,string_occurrencesofch,integer_yankdup,string_replacechar,char_sho,string_fromboolean,print_stri,exec_string_itera,print_newli,string_ta,string_replacefirstchar,string_substring,boolean_stackdepth,string_shove,string_containschar,exec_do*ran,char_yankdup,char_yank,integer_sw,exec_do*times,string_fromch,integer_shove,exec_if,exec_whi,integer_g,char_frominteger,char_frominteg,boolean_dup,string_eq,boolean_not,char_eq,boolean_flush,boolean_pop,string_butlast,exec_swap,string_replacefir,boolean_swap,exec_sw,string_n,print_string,exec_flush,print_newline,integer_a,string_d,string_dup,string_frominteger,string_contai,integer_mod,exec_do*count,string_fir,string_r,integer_fromchar,string_p,integer_inc,boolean_invert_first_then_and,integer_fromstring,exec_rot,integer_m,boolean_d,char_rot,exec_do*cou,string_take,exec_string_iterate,string_split,integer_pop,boolean_n,string_re,boolean_p,boolean_r,exec_pop,string_sw,boolean_x,boolean_emp,string_la,char_emp,boolean_stackdep,string_parse_to_cha,print_char,integer_dup,boolean_invert_second_then_and,integer_sub,string_setch,exec_no,boolean_yank,char_islett,string_ya,string_flu,integer_stackdepth,integer_emp,integer_dec,print_boole,integer_gt,exec,string_indexofchar,in1,char_dup,char_flush,char_pop,integer_lte,string_conjch,exec_flu,string_containsch,boolean_eq,string_flush,print_boolean,integer_d,string_rever,char_,exec_empty,string_last,integer_l,exec_when,integer_i,string_substri,string_nth,string_occurrencesofchar,integer_r,integer_s,integer_p,exec_while,integer_fromboolean,integer_empty,string_fromboole
0.0,0.00494552007168,0.00359404161366,0.000123761763556,0.00348513126173,0.00182672363008,0.000999995049529,0.00419799901981,0.00366829867179,9.90094108445e-06,0.00480195642596,0.0014306859867,0.00319305349974,9.90094108445e-06,1.48514116267e-05,4.95047054223e-06,0.0,4.95047054223e-06,0.000227721644942,0.0,0.00121286528285,0.000480195642596,0.0,0.000663363052658,1.48514116267e-05,0.00100494552007,0.00289107479666,0.00390097078727,2.97028232534e-05,0.00495047054223,1.98018821689e-05,4.95047054223e-06,0.00325245914624,1.48514116267e-05,9.90094108445e-06,0.00489106489572,0.00440591878258,3.46532937956e-05,6.93065875912e-05,9.90094108445e-06,0.0,9.90094108445e-06,1.98018821689e-05,0.00404948490354,0.0019108816293,0.00350988361444,0.00423760278414,0.000232672115485,0.0034702798501,0.0,0.000386136702294,0.0037277043183,0.00184652551225,0.0,0.00268315503389,1.98018821689e-05,0.00248018574165,0.000960391285192,0.0041385933733,4.455423488e-05,1.48514116267e-05,4.95047054223e-06,0.00186137692388,4.455423488e-05,4.95047054223e-06,0.00217820703858,0.0014653392805,0.00317820208811,0.0,0.0,1.48514116267e-05,0.0,0.0,4.95047054223e-05,5.94056465067e-05,0.000450492819342,0.00110395493092,0.00230196880213,0.00331681526329,0.000549502230187,4.95047054223e-06,4.455423488e-05,0.00426235513686,0.0025791951525,0.0,0.0,0.00485146113138,0.00214355374478,0.0028960252672,0.00198513868743,2.97028232534e-05,2.47523527111e-05,0.00308414314781,0.000341582467414,0.00215840515641,1.48514116267e-05,7.42570581334e-05,0.00465344230969,0.0,0.000143563645725,9.90094108445e-06,4.95047054223e-06,0.00439106737095,0.0,2.47523527111e-05,0.000242573056569,0.00301483656022,0.0035049331439,0.00283166915015,0.00268315503389,0.00253464091762,4.95047054223e-06,0.0026732540928,0.0,0.0,0.00104454928441,0.0,1.48514116267e-05,7.42570581334e-05,0.00174256563086,0.0,4.95047054223e-06,1.48514116267e-05,2.97028232534e-05,1.48514116267e-05,5.44551759645e-05,0.00191583209984,0.00138613175182,0.000227721644942,0.00495047054223,4.95047054223e-06,1.48514116267e-05,0.0,0.0,0.00297028232534,0.0020395938634,0.00455938336939,0.000292077761991,0.00370295196558,4.95047054223e-06,0.000559403171271,0.000980193167361,4.95047054223e-06,0.00245543338894,0.0,0.00049009658368,0.00257424468196,1.48514116267e-05,2.97028232534e-05,0.00198513868743,4.95047054223e-06,0.000806926698383,0.000336631996871,0.00399007925703,0.00112870728363,0.00128217187044,0.00455938336939,0.00437621595933,0.00101484646116,0.0,0.00297028232534,1.98018821689e-05,1.48514116267e-05,0.00420294949035,3.96037643378e-05,3.46532937956e-05,4.455423488e-05,0.0,0.00204949480448,0.00293562903154,3.46532937956e-05,0.00458908619264,0.00323265726407,0.0,0.000148514116267,0.00368810055396,0.000103959881387,0.00488611442518,0.00401483160974,0.0019108816293,0.00298513373696,6.93065875912e-05,0.0,0.00263860079901,5.94056465067e-05,0.00278711491527,0.00134157751694,0.000767322934045,0.000480195642596,0.00013366270464,8.91084697601e-05,2.47523527111e-05,0.0,0.00062375928832,2.97028232534e-05,1.48514116267e-05,1.48514116267e-05,0.0,4.455423488e-05,7.42570581334e-05,2.97028232534e-05,0.00433166172445,0.00279701585636,0.00449997772288,0.00492076771897,6.93065875912e-05,0.0,0.00373265478884,0.0,4.95047054223e-06,9.90094108445e-06,0.00347523032064,9.90094108445e-06,0.00346037890902,0.0,0.00446532442909,2.97028232534e-05,0.0024851362122,0.00495047054223,0.00112375681309,0.00344057702685,0.00139108222237,0.00241087915406,4.95047054223e-06,0.0,1.48514116267e-05,0.0041039400795,0.000826728580552,5.94056465067e-05,0.000346532937956,1.98018821689e-05,4.95047054223e-06,0.00392077266944,0.000960391285192,3.96037643378e-05,0.000559403171271,5.94056465067e-05,4.95047054223e-06,0.00301978703076,0.00477720407325,1.48514116267e-05,0.0002227711744,0.0,0.00421285043143,0.000955440814649,0.00314849926486,0.000321780585245
Gen 202
string_,string_rot,integer_swap,exec_sho,integer_gte,boolean_shove,boolean_and,string_pop,exec_eq,string_yankd,string_parse_to_chars,integer_lt,string_stackdepth,exec_do*whi,char_r,char_p,boolean_sw,integer_sho,boolean_invert_second_then_a,print_integ,char_iswhitespace,string_removechar,exec_emp,string_first,string_conc,string_yank,string_concat,string_setchar,exec_yankd,string_length,string_replacefirstch,char_d,integer_eq,exec_do*tim,string_emptystri,string_reverse,exec_yankdup,string_repla,exec_,char_ya,integer_mu,string_replacech,boolean_yankd,char_isletter,integer_add,string_empty,char_isdigit,print_integer,exec_shove,integer_fromstri,string_conjchar,boolean_or,boolean_empty,exec_wh,string_fromchar,integer_yankd,exec_do*while,integer_rot,string_rest,boolean_flu,integer_stackdep,char_iswhitespa,char_allfromstring,boolean_,char_allfromstri,exec_stackdepth,exec_do*range,char_shove,char_stackdep,string_removech,exec_stackdep,boolean_sho,string_indexofch,string_stackdep,string_leng,print_ch,integer_mult,boolean_xor,boolean_yankdup,integer_min,string_emp,integer_fromch,exec_yank,char_stackdepth,char_sw,integer_fromboole,string_replace,integer_div,string_replacefirst,boolean_frominteger,string_butla,char_isdig,integer_flush,integer_,string_yankdup,char_flu,print_exec,integer_yank,boolean_frominteg,string_emptystring,char_yankd,boolean_ya,string_swap,print_ex,exec_d,integer_max,char_swap,string_contains,char_empty,exec_dup,exec_k,string_frominteg,exec_noop,exec_p,exec_r,exec_s,string_sho,integer_flu,exec_y,boolean_rot,boolean_a,integer_ya,exec_ya,boolean_invert_first_then_a,string_spl,string_occurrencesofch,integer_yankdup,string_replacechar,char_sho,string_fromboolean,print_stri,exec_string_itera,print_newli,string_ta,string_replacefirstchar,string_substring,boolean_stackdepth,string_shove,string_containschar,exec_do*ran,char_yankdup,char_yank,integer_sw,exec_do*times,string_fromch,integer_shove,exec_if,exec_whi,integer_g,char_frominteger,char_frominteg,boolean_dup,string_eq,boolean_not,char_eq,boolean_flush,boolean_pop,string_butlast,exec_swap,string_replacefir,boolean_swap,exec_sw,string_n,print_string,exec_flush,print_newline,integer_a,string_d,string_dup,string_frominteger,string_contai,integer_mod,exec_do*count,string_fir,string_r,integer_fromchar,string_p,integer_inc,boolean_invert_first_then_and,integer_fromstring,exec_rot,integer_m,boolean_d,char_rot,exec_do*cou,string_take,exec_string_iterate,string_split,integer_pop,boolean_n,string_re,boolean_p,boolean_r,exec_pop,string_sw,boolean_x,boolean_emp,string_la,char_emp,boolean_stackdep,string_parse_to_cha,print_char,integer_dup,boolean_invert_second_then_and,integer_sub,string_setch,exec_no,boolean_yank,char_islett,string_ya,string_flu,integer_stackdepth,integer_emp,integer_dec,print_boole,integer_gt,exec,string_indexofchar,in1,char_dup,char_flush,char_pop,integer_lte,string_conjch,exec_flu,string_containsch,boolean_eq,string_flush,print_boolean,integer_d,string_rever,char_,exec_empty,string_last,integer_l,exec_when,integer_i,string_substri,string_nth,string_occurrencesofchar,integer_r,integer_s,integer_p,exec_while,integer_fromboolean,integer_empty,string_fromboole
0.0,0.00492608410796,0.00355663272595,0.000108373850375,0.0034630371279,0.0019211728021,0.00094088206462,0.00419702365998,0.0035270762213,0.0,0.00477337550061,0.00131526445683,0.00298520696942,0.0,1.47782523239e-05,9.85216821592e-06,4.92608410796e-06,4.92608410796e-06,0.000261082457722,4.92608410796e-06,0.00111822109251,0.000463051906148,1.47782523239e-05,0.000561573588307,0.0,0.00116748193359,0.00297535480121,0.0038374195201,9.85216821592e-06,0.00492608410796,4.92608410796e-06,0.0,0.00322658509071,0.0,0.0,0.0048866754351,0.00428569317393,9.85216821592e-06,5.41869251876e-05,1.47782523239e-05,1.47782523239e-05,4.92608410796e-06,1.97043364318e-05,0.00409357589371,0.00207388140945,0.003467963212,0.00418224540766,0.000128078186807,0.00336944152984,4.92608410796e-06,0.000320195467017,0.00368471091275,0.00180787286762,0.0,0.00265515933419,2.95565046478e-05,0.00271427234349,0.000901473391757,0.00410835414604,1.97043364318e-05,1.97043364318e-05,1.97043364318e-05,0.00183250328816,4.92608410796e-05,1.97043364318e-05,0.00208373357767,0.00167979468081,0.00315269382909,4.92608410796e-06,0.0,2.46304205398e-05,4.92608410796e-06,1.47782523239e-05,1.47782523239e-05,5.91130092955e-05,0.000463051906148,0.00102955157856,0.00233988995128,0.00345811104379,0.000605908345279,4.92608410796e-06,1.97043364318e-05,0.00431524967857,0.00250737681095,4.92608410796e-06,4.92608410796e-06,0.00481278417348,0.00217240309161,0.00293594612834,0.00178816853119,1.97043364318e-05,1.47782523239e-05,0.0031576199132,0.000384234560421,0.00209851182999,9.85216821592e-06,4.92608410796e-05,0.00456155388397,4.92608410796e-06,9.35955980512e-05,0.0,0.0,0.00436451051965,0.0,2.95565046478e-05,0.000206895532534,0.00294087221245,0.00331032852055,0.00280786794154,0.00256648982025,0.00259604632489,0.0,0.00273397667992,0.0,9.85216821592e-06,0.00096551248516,4.92608410796e-06,8.37434298353e-05,3.94086728637e-05,0.00174875985833,0.0,2.46304205398e-05,9.85216821592e-06,2.95565046478e-05,1.47782523239e-05,7.88173457274e-05,0.00178816853119,0.00141378613898,0.000206895532534,0.00491623193974,4.92608410796e-06,1.47782523239e-05,0.0,4.92608410796e-06,0.00294579829656,0.001916246718,0.00451229304289,0.000231525953074,0.00384234560421,1.47782523239e-05,0.000517238831336,0.000945808148728,0.0,0.00254185939971,1.47782523239e-05,0.000413791065069,0.0025369333156,9.85216821592e-06,3.94086728637e-05,0.00211821616642,1.47782523239e-05,0.000921177728189,0.000369456308097,0.00403446288442,0.00129556012039,0.00129063403629,0.00449258870646,0.004334954015,0.00114285151305,0.0,0.00302461564229,1.97043364318e-05,0.0,0.00416746715533,5.41869251876e-05,4.43347569716e-05,1.97043364318e-05,0.0,0.00201476840016,0.00292116787602,3.44825887557e-05,0.00459111038862,0.00324136334304,4.92608410796e-06,0.000133004270915,0.00370934133329,8.86695139433e-05,0.00489652760331,0.00371919350151,0.00199506406372,0.00285220269851,0.000118226018591,0.0,0.00266501150241,1.47782523239e-05,0.00274382884813,0.00147782523239,0.000822656046029,0.000512312747228,0.000133004270915,7.88173457274e-05,2.46304205398e-05,0.0,0.000625612681711,2.95565046478e-05,4.92608410796e-06,1.97043364318e-05,4.92608410796e-06,4.92608410796e-05,6.40390934035e-05,9.85216821592e-06,0.0042068758282,0.00277831143689,0.004334954015,0.00492115802385,6.89651775114e-05,9.85216821592e-06,0.00353200230541,4.92608410796e-06,2.46304205398e-05,1.97043364318e-05,0.0035270762213,4.92608410796e-06,0.00355170664184,0.0,0.00447288437003,1.47782523239e-05,0.00265515933419,0.00492115802385,0.00123152102699,0.003467963212,0.00134482096147,0.00228570302609,4.92608410796e-06,0.0,0.0,0.00397042379102,0.000862064718893,6.40390934035e-05,0.000364530223989,5.41869251876e-05,0.0,0.00403938896853,0.000985216821592,1.97043364318e-05,0.000556647504199,8.86695139433e-05,9.85216821592e-06,0.00289653745548,0.00475367116418,0.0,0.000182265111995,4.92608410796e-06,0.00417239323944,0.000832508214245,0.00314776774499,0.000394086728637
Gen 203
string_,string_rot,integer_swap,exec_sho,integer_gte,boolean_shove,boolean_and,string_pop,exec_eq,string_yankd,string_parse_to_chars,integer_lt,string_stackdepth,exec_do*whi,char_r,char_p,boolean_sw,integer_sho,boolean_invert_second_then_a,print_integ,char_iswhitespace,string_removechar,exec_emp,string_first,string_conc,string_yank,string_concat,string_setchar,exec_yankd,string_length,string_replacefirstch,char_d,integer_eq,exec_do*tim,string_emptystri,string_reverse,exec_yankdup,string_repla,exec_,char_ya,integer_mu,string_replacech,boolean_yankd,char_isletter,integer_add,string_empty,char_isdigit,print_integer,exec_shove,integer_fromstri,string_conjchar,boolean_or,boolean_empty,exec_wh,string_fromchar,integer_yankd,exec_do*while,integer_rot,string_rest,boolean_flu,integer_stackdep,char_iswhitespa,char_allfromstring,boolean_,char_allfromstri,exec_stackdepth,exec_do*range,char_shove,char_stackdep,string_removech,exec_stackdep,boolean_sho,string_indexofch,string_stackdep,string_leng,print_ch,integer_mult,boolean_xor,boolean_yankdup,integer_min,string_emp,integer_fromch,exec_yank,char_stackdepth,char_sw,integer_fromboole,string_replace,integer_div,string_replacefirst,boolean_frominteger,string_butla,char_isdig,integer_flush,integer_,string_yankdup,char_flu,print_exec,integer_yank,boolean_frominteg,string_emptystring,char_yankd,boolean_ya,string_swap,print_ex,exec_d,integer_max,char_swap,string_contains,char_empty,exec_dup,exec_k,string_frominteg,exec_noop,exec_p,exec_r,exec_s,string_sho,integer_flu,exec_y,boolean_rot,boolean_a,integer_ya,exec_ya,boolean_invert_first_then_a,string_spl,string_occurrencesofch,integer_yankdup,string_replacechar,char_sho,string_fromboolean,print_stri,exec_string_itera,print_newli,string_ta,string_replacefirstchar,string_substring,boolean_stackdepth,string_shove,string_containschar,exec_do*ran,char_yankdup,char_yank,integer_sw,exec_do*times,string_fromch,integer_shove,exec_if,exec_whi,integer_g,char_frominteger,char_frominteg,boolean_dup,string_eq,boolean_not,char_eq,boolean_flush,boolean_pop,string_butlast,exec_swap,string_replacefir,boolean_swap,exec_sw,string_n,print_string,exec_flush,print_newline,integer_a,string_d,string_dup,string_frominteger,string_contai,integer_mod,exec_do*count,string_fir,string_r,integer_fromchar,string_p,integer_inc,boolean_invert_first_then_and,integer_fromstring,exec_rot,integer_m,boolean_d,char_rot,exec_do*cou,string_take,exec_string_iterate,string_split,integer_pop,boolean_n,string_re,boolean_p,boolean_r,exec_pop,string_sw,boolean_x,boolean_emp,string_la,char_emp,boolean_stackdep,string_parse_to_cha,print_char,integer_dup,boolean_invert_second_then_and,integer_sub,string_setch,exec_no,boolean_yank,char_islett,string_ya,string_flu,integer_stackdepth,integer_emp,integer_dec,print_boole,integer_gt,exec,string_indexofchar,in1,char_dup,char_flush,char_pop,integer_lte,string_conjch,exec_flu,string_containsch,boolean_eq,string_flush,print_boolean,integer_d,string_rever,char_,exec_empty,string_last,integer_l,exec_when,integer_i,string_substri,string_nth,string_occurrencesofchar,integer_r,integer_s,integer_p,exec_while,integer_fromboolean,integer_empty,string_fromboole
0.0,0.00490193675521,0.0036666486929,0.000127450355636,0.00363233513561,0.00185783403023,0.000916662173225,0.00417154817869,0.00337743442434,0.0,0.00471076122176,0.00142646359577,0.00319116082764,4.90193675521e-06,9.80387351042e-06,0.0,4.90193675521e-06,4.90193675521e-06,0.00022548909074,0.0,0.00107842608615,0.000553918853339,0.0,0.000490193675521,9.80387351042e-06,0.00110783770668,0.00274018264616,0.00377939323827,9.80387351042e-06,0.00490193675521,1.96077470208e-05,0.0,0.00327449375248,0.0,0.0,0.0048480154509,0.00407841138034,4.41174307969e-05,6.37251778178e-05,4.90193675521e-06,9.80387351042e-06,4.90193675521e-06,0.0,0.00410782300087,0.00181371659943,0.00349508090647,0.00415194043166,0.000127450355636,0.00348527703296,4.90193675521e-06,0.0004705859285,0.0036666486929,0.00179901078916,0.0,0.00290684849584,1.96077470208e-05,0.00258822260675,0.000887250552693,0.00408821525385,3.92154940417e-05,1.47058102656e-05,3.92154940417e-05,0.00193136308155,2.45096837761e-05,1.96077470208e-05,0.0022548909074,0.00156371782491,0.0033823363611,0.0,9.80387351042e-06,2.45096837761e-05,9.80387351042e-06,2.94116205313e-05,1.47058102656e-05,8.82348615938e-05,0.00045097818148,0.000848035058652,0.00223528316038,0.00313723952334,0.000593134347381,0.0,9.80387351042e-06,0.00438723339591,0.00256371292298,4.90193675521e-06,4.90193675521e-06,0.00478919220984,0.00226469478091,0.00296076980015,0.00191175533453,2.45096837761e-05,9.80387351042e-06,0.00328919956275,0.000485291738766,0.00205391150043,0.0,5.88232410625e-05,0.00459311473963,0.0,0.00011274454537,1.47058102656e-05,4.90193675521e-06,0.00434801790187,0.0,2.94116205313e-05,0.000181371659943,0.00284802525478,0.00353919833726,0.00278430007696,0.00267645746835,0.00246567418787,4.90193675521e-06,0.00298527948392,0.0,0.0,0.000892152489449,0.0,4.41174307969e-05,2.45096837761e-05,0.00199508825937,0.0,4.41174307969e-05,0.0,1.47058102656e-05,4.90193675521e-06,4.41174307969e-05,0.00174999142161,0.00140195391199,0.000186273596698,0.00489703481846,1.96077470208e-05,0.0,0.0,4.90193675521e-06,0.00283822138127,0.0017843049789,0.00453429149857,0.000323527825844,0.00384802035284,4.90193675521e-06,0.000740192450037,0.000999995098063,4.90193675521e-06,0.00243136063059,0.0,0.000441174307969,0.00227940059117,4.90193675521e-06,4.41174307969e-05,0.00218136185607,9.80387351042e-06,0.000941171857001,0.000367645256641,0.00404899975981,0.00130391517689,0.00139215003848,0.00453429149857,0.00437252758565,0.00125489580933,4.90193675521e-06,0.00307351434552,4.90193675521e-06,3.92154940417e-05,0.00410782300087,4.90193675521e-05,2.94116205313e-05,3.92154940417e-05,0.0,0.00165195268651,0.00294606398988,3.43135572865e-05,0.00451468375155,0.00329900343626,0.0,9.80387351042e-05,0.00361272738859,6.8627114573e-05,0.00483821157739,0.00367645256641,0.00198038244911,0.00282841750776,0.000127450355636,0.0,0.00265684972132,4.90193675521e-05,0.00269606521537,0.0015980313822,0.000946073793756,0.000485291738766,0.000117646482125,7.35290513282e-05,1.96077470208e-05,0.0,0.000617644031157,1.47058102656e-05,4.90193675521e-06,4.41174307969e-05,0.0,9.80387351042e-06,6.37251778178e-05,4.90193675521e-06,0.00424017529326,0.0028676330018,0.00444115470022,0.0048921328817,7.84309880834e-05,0.0,0.00369606031343,4.90193675521e-06,9.80387351042e-06,0.0,0.00362743319886,4.90193675521e-06,0.00345096347567,0.0,0.0043235082181,3.43135572865e-05,0.00243626256734,0.00487252513468,0.00110293576992,0.00345586541242,0.00134803260768,0.00241175288356,9.80387351042e-06,0.0,0.0,0.00388723584688,0.00115685707423,4.90193675521e-05,0.000397056877172,5.39213043073e-05,4.90193675521e-06,0.00415684236842,0.0010833280229,3.43135572865e-05,0.000774506007323,5.39213043073e-05,9.80387351042e-06,0.00293135817962,0.0047499767158,4.90193675521e-06,0.000200979406964,1.47058102656e-05,0.00419605786246,0.000794113754344,0.0031078279028,0.000416664624193
Gen 204
string_,string_rot,integer_swap,exec_sho,integer_gte,boolean_shove,boolean_and,string_pop,exec_eq,string_yankd,string_parse_to_chars,integer_lt,string_stackdepth,exec_do*whi,char_r,char_p,boolean_sw,integer_sho,boolean_invert_second_then_a,print_integ,char_iswhitespace,string_removechar,exec_emp,string_first,string_conc,string_yank,string_concat,string_setchar,exec_yankd,string_length,string_replacefirstch,char_d,integer_eq,exec_do*tim,string_emptystri,string_reverse,exec_yankdup,string_repla,exec_,char_ya,integer_mu,string_replacech,boolean_yankd,char_isletter,integer_add,string_empty,char_isdigit,print_integer,exec_shove,integer_fromstri,string_conjchar,boolean_or,boolean_empty,exec_wh,string_fromchar,integer_yankd,exec_do*while,integer_rot,string_rest,boolean_flu,integer_stackdep,char_iswhitespa,char_allfromstring,boolean_,char_allfromstri,exec_stackdepth,exec_do*range,char_shove,char_stackdep,string_removech,exec_stackdep,boolean_sho,string_indexofch,string_stackdep,string_leng,print_ch,integer_mult,boolean_xor,boolean_yankdup,integer_min,string_emp,integer_fromch,exec_yank,char_stackdepth,char_sw,integer_fromboole,string_replace,integer_div,string_replacefirst,boolean_frominteger,string_butla,char_isdig,integer_flush,integer_,string_yankdup,char_flu,print_exec,integer_yank,boolean_frominteg,string_emptystring,char_yankd,boolean_ya,string_swap,print_ex,exec_d,integer_max,char_swap,string_contains,char_empty,exec_dup,exec_k,string_frominteg,exec_noop,exec_p,exec_r,exec_s,string_sho,integer_flu,exec_y,boolean_rot,boolean_a,integer_ya,exec_ya,boolean_invert_first_then_a,string_spl,string_occurrencesofch,integer_yankdup,string_replacechar,char_sho,string_fromboolean,print_stri,exec_string_itera,print_newli,string_ta,string_replacefirstchar,string_substring,boolean_stackdepth,string_shove,string_containschar,exec_do*ran,char_yankdup,char_yank,integer_sw,exec_do*times,string_fromch,integer_shove,exec_if,exec_whi,integer_g,char_frominteger,char_frominteg,boolean_dup,string_eq,boolean_not,char_eq,boolean_flush,boolean_pop,string_butlast,exec_swap,string_replacefir,boolean_swap,exec_sw,string_n,print_string,exec_flush,print_newline,integer_a,string_d,string_dup,string_frominteger,string_contai,integer_mod,exec_do*count,string_fir,string_r,integer_fromchar,string_p,integer_inc,boolean_invert_first_then_and,integer_fromstring,exec_rot,integer_m,boolean_d,char_rot,exec_do*cou,string_take,exec_string_iterate,string_split,integer_pop,boolean_n,string_re,boolean_p,boolean_r,exec_pop,string_sw,boolean_x,boolean_emp,string_la,char_emp,boolean_stackdep,string_parse_to_cha,print_char,integer_dup,boolean_invert_second_then_and,integer_sub,string_setch,exec_no,boolean_yank,char_islett,string_ya,string_flu,integer_stackdepth,integer_emp,integer_dec,print_boole,integer_gt,exec,string_indexofchar,in1,char_dup,char_flush,char_pop,integer_lte,string_conjch,exec_flu,string_containsch,boolean_eq,string_flush,print_boolean,integer_d,string_rever,char_,exec_empty,string_last,integer_l,exec_when,integer_i,string_substri,string_nth,string_occurrencesofchar,integer_r,integer_s,integer_p,exec_while,integer_fromboolean,integer_empty,string_fromboole
4.87802498524e-06,0.00487802498524,0.00344388563958,4.39022248672e-05,0.0037024209638,0.00201462431891,0.000717069672831,0.00423412568719,0.00356095823923,0.0,0.00470241608578,0.00155608997029,0.002975595241,4.87802498524e-06,1.46340749557e-05,0.0,0.0,0.0,0.000185364949439,0.0,0.0010243852469,0.000497558548495,4.87802498524e-06,0.000424388173716,4.87802498524e-06,0.00099511709699,0.00277071819162,0.00399022443793,3.41461748967e-05,0.00487802498524,4.87802498524e-05,0.0,0.00324388661519,4.87802498524e-06,0.0,0.00481461066044,0.00426827186209,4.87802498524e-05,0.000107316549675,1.9512099941e-05,9.75604997049e-06,9.75604997049e-06,0.0,0.00411705308755,0.00192194184419,0.00339510538973,0.00414632123746,0.000136584699587,0.00358534836415,4.87802498524e-06,0.000395120023805,0.00363412861401,0.00200974629392,0.0,0.00293169301613,2.43901249262e-05,0.0027755962166,0.000848776347432,0.00412680913752,4.87802498524e-05,4.39022248672e-05,1.9512099941e-05,0.00207316061873,3.41461748967e-05,5.36582748377e-05,0.00235608606787,0.00171218676982,0.00342437353964,4.87802498524e-06,0.0,2.92681499115e-05,0.0,2.43901249262e-05,1.9512099941e-05,8.78044497344e-05,0.000463412373598,0.000848776347432,0.00235608606787,0.00312681401554,0.000590241023215,4.87802498524e-06,3.9024199882e-05,0.00445363681153,0.0022146233433,0.0,1.46340749557e-05,0.00482924473539,0.00203413641885,0.00270730386681,0.00194145394413,2.43901249262e-05,9.75604997049e-06,0.00318535031536,0.000599997073185,0.00210242876864,1.46340749557e-05,6.82923497934e-05,0.00453656323628,0.0,0.000126828649616,1.46340749557e-05,0.0,0.0042633938371,0.0,1.46340749557e-05,0.000126828649616,0.00286340066634,0.00356583626421,0.00286340066634,0.00268779176687,0.00265364559197,4.87802498524e-06,0.00279998634153,0.0,4.87802498524e-06,0.00090243462227,0.0,5.36582748377e-05,4.39022248672e-05,0.00201462431891,0.0,3.41461748967e-05,4.87802498524e-06,1.46340749557e-05,0.0,1.9512099941e-05,0.0017853571446,0.00139511514578,0.000131706674602,0.00487802498524,1.46340749557e-05,1.46340749557e-05,0.0,4.87802498524e-06,0.00303900956581,0.00171706479481,0.00460485558607,0.000317071624041,0.00371217701377,0.0,0.000682923497934,0.00104877537183,0.0,0.0024780366925,4.87802498524e-06,0.000341461748967,0.00210242876864,0.0,4.39022248672e-05,0.00217559914342,2.92681499115e-05,0.000814630172536,0.000380485948849,0.00399510246291,0.00122926229628,0.00138048107082,0.00443412471159,0.00420485753728,0.00120975019634,0.0,0.00296583919103,9.75604997049e-06,6.34143248082e-05,0.00427314988707,5.36582748377e-05,3.9024199882e-05,7.31703747787e-05,0.0,0.00154633392032,0.00263413349203,2.92681499115e-05,0.00454631928625,0.00333656908991,9.75604997049e-06,9.75604997049e-05,0.00348290983946,4.39022248672e-05,0.00481461066044,0.00370729898879,0.00197560011902,0.002975595241,0.000117072599646,4.87802498524e-06,0.00261462139209,6.34143248082e-05,0.00273169399174,0.00163413837006,0.000926824747196,0.000590241023215,8.29264247491e-05,8.78044497344e-05,4.39022248672e-05,0.0,0.000482924473539,9.75604997049e-06,4.87802498524e-06,4.39022248672e-05,0.0,9.75604997049e-06,7.31703747787e-05,4.87802498524e-06,0.00432193013693,0.00288291276628,0.00449753903639,0.00486339091029,6.34143248082e-05,0.0,0.00355608021424,0.0,4.87802498524e-06,0.0,0.00364388466398,4.87802498524e-06,0.00357559231418,0.0,0.004297540012,3.9024199882e-05,0.00239998829274,0.00487802498524,0.00121950624631,0.00357559231418,0.00142438329569,0.00238535421778,0.0,0.0,0.0,0.00387802986327,0.000999995121975,4.87802498524e-05,0.000312193599056,3.41461748967e-05,4.87802498524e-06,0.00411217506256,0.00100487314696,4.39022248672e-05,0.00090243462227,8.78044497344e-05,4.87802498524e-06,0.00300486339091,0.00466339188589,0.0,0.000190242974425,4.87802498524e-06,0.00419510148731,0.000824386222506,0.00311705796557,0.000312193599056
Gen 205
string_,string_rot,integer_swap,exec_sho,integer_gte,boolean_shove,boolean_and,string_pop,exec_eq,string_yankd,string_parse_to_chars,integer_lt,string_stackdepth,exec_do*whi,char_r,char_p,boolean_sw,integer_sho,boolean_invert_second_then_a,print_integ,char_iswhitespace,string_removechar,exec_emp,string_first,string_conc,string_yank,string_concat,string_setchar,exec_yankd,string_length,string_replacefirstch,char_d,integer_eq,exec_do*tim,string_emptystri,string_reverse,exec_yankdup,string_repla,exec_,char_ya,integer_mu,string_replacech,boolean_yankd,char_isletter,integer_add,string_empty,char_isdigit,print_integer,exec_shove,integer_fromstri,string_conjchar,boolean_or,boolean_empty,exec_wh,string_fromchar,integer_yankd,exec_do*while,integer_rot,string_rest,boolean_flu,integer_stackdep,char_iswhitespa,char_allfromstring,boolean_,char_allfromstri,exec_stackdepth,exec_do*range,char_shove,char_stackdep,string_removech,exec_stackdep,boolean_sho,string_indexofch,string_stackdep,string_leng,print_ch,integer_mult,boolean_xor,boolean_yankdup,integer_min,string_emp,integer_fromch,exec_yank,char_stackdepth,char_sw,integer_fromboole,string_replace,integer_div,string_replacefirst,boolean_frominteger,string_butla,char_isdig,integer_flush,integer_,string_yankdup,char_flu,print_exec,integer_yank,boolean_frominteg,string_emptystring,char_yankd,boolean_ya,string_swap,print_ex,exec_d,integer_max,char_swap,string_contains,char_empty,exec_dup,exec_k,string_frominteg,exec_noop,exec_p,exec_r,exec_s,string_sho,integer_flu,exec_y,boolean_rot,boolean_a,integer_ya,exec_ya,boolean_invert_first_then_a,string_spl,string_occurrencesofch,integer_yankdup,string_replacechar,char_sho,string_fromboolean,print_stri,exec_string_itera,print_newli,string_ta,string_replacefirstchar,string_substring,boolean_stackdepth,string_shove,string_containschar,exec_do*ran,char_yankdup,char_yank,integer_sw,exec_do*times,string_fromch,integer_shove,exec_if,exec_whi,integer_g,char_frominteger,char_frominteg,boolean_dup,string_eq,boolean_not,char_eq,boolean_flush,boolean_pop,string_butlast,exec_swap,string_replacefir,boolean_swap,exec_sw,string_n,print_string,exec_flush,print_newline,integer_a,string_d,string_dup,string_frominteger,string_contai,integer_mod,exec_do*count,string_fir,string_r,integer_fromchar,string_p,integer_inc,boolean_invert_first_then_and,integer_fromstring,exec_rot,integer_m,boolean_d,char_rot,exec_do*cou,string_take,exec_string_iterate,string_split,integer_pop,boolean_n,string_re,boolean_p,boolean_r,exec_pop,string_sw,boolean_x,boolean_emp,string_la,char_emp,boolean_stackdep,string_parse_to_cha,print_char,integer_dup,boolean_invert_second_then_and,integer_sub,string_setch,exec_no,boolean_yank,char_islett,string_ya,string_flu,integer_stackdepth,integer_emp,integer_dec,print_boole,integer_gt,exec,string_indexofchar,in1,char_dup,char_flush,char_pop,integer_lte,string_conjch,exec_flu,string_containsch,boolean_eq,string_flush,print_boolean,integer_d,string_rever,char_,exec_empty,string_last,integer_l,exec_when,integer_i,string_substri,string_nth,string_occurrencesofchar,integer_r,integer_s,integer_p,exec_while,integer_fromboolean,integer_empty,string_fromboole
0.0,0.00485434536726,0.00353396342736,8.25238712433e-05,0.00359221557177,0.00220387279673,0.000830093057801,0.00420386308804,0.00363105033471,0.0,0.00473298673307,0.00152426444532,0.00291746156572,9.70869073451e-06,2.42717268363e-05,4.85434536726e-06,0.0,4.85434536726e-06,0.000174756433221,0.0,0.000932034310513,0.000587375789438,4.85434536726e-06,0.000383493284013,4.85434536726e-06,0.00105824729006,0.0025048422095,0.0038543502216,3.8834762938e-05,0.00485434536726,7.28151805088e-05,0.0,0.00312619841651,0.0,0.0,0.00472813238771,0.00428638695929,3.8834762938e-05,9.22325619779e-05,0.0,9.70869073451e-06,9.70869073451e-06,0.0,0.00408250445386,0.00200969898204,0.00353396342736,0.00432522172222,0.000203882505425,0.00360677860787,0.0,0.000427182392318,0.00364075902544,0.00212620327086,0.0,0.00283979203984,4.36891083053e-05,0.00253882262707,0.000820384367066,0.00416017397974,2.91260722035e-05,4.36891083053e-05,1.9417381469e-05,0.00202911636351,2.42717268363e-05,1.9417381469e-05,0.00249513351877,0.00169416653317,0.00329610050437,4.85434536726e-06,0.0,3.8834762938e-05,0.0,4.85434536726e-06,0.0,0.000213591196159,0.000412619356217,0.00107281032616,0.002432027029,0.00299027674623,0.000616501861641,4.85434536726e-06,1.45630361018e-05,0.0044028912481,0.00232037708555,0.0,0.0,0.00474269542381,0.00212134892549,0.00260192911685,0.0019126120747,1.45630361018e-05,3.8834762938e-05,0.00318930490629,0.000475725845991,0.0019271751108,4.85434536726e-06,2.91260722035e-05,0.00454366726375,9.70869073451e-06,0.000184465123956,9.70869073451e-06,4.85434536726e-06,0.00410192183533,0.0,9.70869073451e-06,0.000208736850792,0.0027718312047,0.00356308949957,0.0027572681686,0.00263590953442,0.00259222042611,4.85434536726e-06,0.00281552031301,0.0,0.0,0.000917471274411,0.0,1.9417381469e-05,4.36891083053e-05,0.00199028160057,0.0,3.39804175708e-05,1.9417381469e-05,3.8834762938e-05,0.0,1.45630361018e-05,0.00179125344052,0.00144659491944,0.000126212979549,0.00484463667652,9.70869073451e-06,1.45630361018e-05,0.0,2.42717268363e-05,0.00314076145261,0.00188834034786,0.00466502589793,0.000271843340566,0.00370386551522,0.0,0.00068931704215,0.00110193639837,4.85434536726e-06,0.00259707477148,0.0,0.000519414954296,0.00228154232261,0.0,1.45630361018e-05,0.0022378532143,1.45630361018e-05,0.00074271484119,0.000325241139606,0.00369901116985,0.00118931461498,0.00134465366673,0.00442230862957,0.00418930005194,0.00122329503255,0.0,0.0027281420964,9.70869073451e-06,5.82521444071e-05,0.00439318255737,2.42717268363e-05,3.39804175708e-05,5.82521444071e-05,4.85434536726e-06,0.00159707962583,0.00265047257052,2.42717268363e-05,0.00462133678963,0.0032621200868,0.0,0.000101941252712,0.00343202217465,7.76695258761e-05,0.00476696715064,0.0038397871855,0.00183494254882,0.00294173329256,8.25238712433e-05,4.85434536726e-06,0.00264561822515,4.36891083053e-05,0.00298542240086,0.00162135135266,0.00101455818176,0.000699025732885,7.28151805088e-05,0.000150484706385,2.42717268363e-05,1.45630361018e-05,0.000383493284013,1.45630361018e-05,1.9417381469e-05,2.42717268363e-05,0.0,4.85434536726e-06,0.000218445541526,4.85434536726e-06,0.0043737651759,0.00283493769448,0.00450968684618,0.00484463667652,5.33977990398e-05,0.0,0.0036019242625,4.85434536726e-06,4.85434536726e-06,0.0,0.00365532206154,4.85434536726e-06,0.0035436721181,0.0,0.00433978475833,9.70869073451e-06,0.0024757161373,0.00485434536726,0.00123785806865,0.00349027431906,0.0013640710482,0.00250969655487,4.85434536726e-06,0.0,9.70869073451e-06,0.0038252241494,0.000893199547575,9.70869073451e-05,0.000383493284013,5.33977990398e-05,4.85434536726e-06,0.00393201974748,0.000946597346615,5.82521444071e-05,0.000898053892942,2.91260722035e-05,0.0,0.00311163538041,0.00470386066087,9.70869073451e-06,0.000184465123956,1.45630361018e-05,0.00415531963437,0.00110679074373,0.00324270270533,0.000305823758137
Gen 206
string_,string_rot,integer_swap,exec_sho,integer_gte,boolean_shove,boolean_and,string_pop,exec_eq,string_yankd,string_parse_to_chars,integer_lt,string_stackdepth,exec_do*whi,char_r,char_p,boolean_sw,integer_sho,boolean_invert_second_then_a,print_integ,char_iswhitespace,string_removechar,exec_emp,string_first,string_conc,string_yank,string_concat,string_setchar,exec_yankd,string_length,string_replacefirstch,char_d,integer_eq,exec_do*tim,string_emptystri,string_reverse,exec_yankdup,string_repla,exec_,char_ya,integer_mu,string_replacech,boolean_yankd,char_isletter,integer_add,string_empty,char_isdigit,print_integer,exec_shove,integer_fromstri,string_conjchar,boolean_or,boolean_empty,exec_wh,string_fromchar,integer_yankd,exec_do*while,integer_rot,string_rest,boolean_flu,integer_stackdep,char_iswhitespa,char_allfromstring,boolean_,char_allfromstri,exec_stackdepth,exec_do*range,char_shove,char_stackdep,string_removech,exec_stackdep,boolean_sho,string_indexofch,string_stackdep,string_leng,print_ch,integer_mult,boolean_xor,boolean_yankdup,integer_min,string_emp,integer_fromch,exec_yank,char_stackdepth,char_sw,integer_fromboole,string_replace,integer_div,string_replacefirst,boolean_frominteger,string_butla,char_isdig,integer_flush,integer_,string_yankdup,char_flu,print_exec,integer_yank,boolean_frominteg,string_emptystring,char_yankd,boolean_ya,string_swap,print_ex,exec_d,integer_max,char_swap,string_contains,char_empty,exec_dup,exec_k,string_frominteg,exec_noop,exec_p,exec_r,exec_s,string_sho,integer_flu,exec_y,boolean_rot,boolean_a,integer_ya,exec_ya,boolean_invert_first_then_a,string_spl,string_occurrencesofch,integer_yankdup,string_replacechar,char_sho,string_fromboolean,print_stri,exec_string_itera,print_newli,string_ta,string_replacefirstchar,string_substring,boolean_stackdepth,string_shove,string_containschar,exec_do*ran,char_yankdup,char_yank,integer_sw,exec_do*times,string_fromch,integer_shove,exec_if,exec_whi,integer_g,char_frominteger,char_frominteg,boolean_dup,string_eq,boolean_not,char_eq,boolean_flush,boolean_pop,string_butlast,exec_swap,string_replacefir,boolean_swap,exec_sw,string_n,print_string,exec_flush,print_newline,integer_a,string_d,string_dup,string_frominteger,string_contai,integer_mod,exec_do*count,string_fir,string_r,integer_fromchar,string_p,integer_inc,boolean_invert_first_then_and,integer_fromstring,exec_rot,integer_m,boolean_d,char_rot,exec_do*cou,string_take,exec_string_iterate,string_split,integer_pop,boolean_n,string_re,boolean_p,boolean_r,exec_pop,string_sw,boolean_x,boolean_emp,string_la,char_emp,boolean_stackdep,string_parse_to_cha,print_char,integer_dup,boolean_invert_second_then_and,integer_sub,string_setch,exec_no,boolean_yank,char_islett,string_ya,string_flu,integer_stackdepth,integer_emp,integer_dec,print_boole,integer_gt,exec,string_indexofchar,in1,char_dup,char_flush,char_pop,integer_lte,string_conjch,exec_flu,string_containsch,boolean_eq,string_flush,print_boolean,integer_d,string_rever,char_,exec_empty,string_last,integer_l,exec_when,integer_i,string_substri,string_nth,string_occurrencesofchar,integer_r,integer_s,integer_p,exec_while,integer_fromboolean,integer_empty,string_fromboole
0.0,0.00482123274767,0.00337196438665,9.17869961981e-05,0.00363766358617,0.00217873343607,0.000893715489297,0.00429466524316,0.0037342814769,4.83089453674e-06,0.00467147501703,0.00163284235342,0.00304346355815,3.86471562939e-05,9.66178907348e-06,0.0,4.83089453674e-06,4.83089453674e-06,0.000202897570543,0.0,0.00116907647789,0.000574876449872,9.66178907348e-06,0.000512074820895,4.83089453674e-06,0.0010386423254,0.00242993995198,0.00401447336003,5.31398399042e-05,0.00483089453674,9.66178907348e-05,0.0,0.00309660339805,0.0,0.0,0.00474393843508,0.0042994961377,2.89853672204e-05,5.31398399042e-05,0.0,0.0,4.83089453674e-06,1.44926836102e-05,0.00395650262559,0.00214491717431,0.00347341317192,0.00421737093058,0.000314008144888,0.00362800179709,9.66178907348e-06,0.000420287824696,0.00370046521514,0.00215940985792,0.0,0.00303863266361,9.66178907348e-06,0.00271979362419,0.000811590282173,0.0041545693016,2.89853672204e-05,0.000135265047029,2.41544726837e-05,0.00212559359617,3.38162617572e-05,2.41544726837e-05,0.00257969768262,0.00160868788073,0.00333814812489,4.83089453674e-06,9.66178907348e-06,2.41544726837e-05,0.0,2.89853672204e-05,1.9323578147e-05,0.000125603257955,0.000463765875527,0.000946855329201,0.00260868304984,0.00317389771064,0.000473427664601,9.66178907348e-06,1.9323578147e-05,0.00447340834102,0.00234298385032,1.9323578147e-05,4.83089453674e-06,0.0047729238023,0.00212559359617,0.00245409442466,0.00184540171304,2.41544726837e-05,2.41544726837e-05,0.00322703755054,0.000396133352013,0.00204346838904,0.0,3.86471562939e-05,0.00447340834102,0.0,0.000212559359617,1.44926836102e-05,0.0,0.00423669450872,0.0,9.66178907348e-06,0.000159419519712,0.00266665378428,0.00359901642987,0.00272945541326,0.00286955135482,0.00271013183511,1.44926836102e-05,0.0026956391515,0.0,0.0,0.000999995169105,0.0,3.38162617572e-05,3.86471562939e-05,0.0017487838223,0.0,5.79707344409e-05,4.83089453674e-06,1.9323578147e-05,0.0,4.83089453674e-06,0.00195168139284,0.00152173177907,0.000159419519712,0.0048260636422,9.66178907348e-06,2.89853672204e-05,4.83089453674e-06,3.38162617572e-05,0.00296616924556,0.00209660822895,0.0046279969662,0.000299515461278,0.00371495789875,0.0,0.000700479707827,0.00124153989594,9.66178907348e-06,0.00267631557335,9.66178907348e-06,0.000434780508307,0.00227535132681,9.66178907348e-06,9.66178907348e-06,0.00245409442466,4.83089453674e-06,0.00087439191115,0.000502413031821,0.00392268636383,0.00134781957575,0.00138646673204,0.00452654818093,0.00421254003604,0.00107245858716,0.0,0.00285022777668,4.83089453674e-06,8.21252071246e-05,0.00440577581751,5.79707344409e-05,8.21252071246e-05,5.79707344409e-05,0.0,0.00183090902942,0.00257486678808,1.9323578147e-05,0.00460867338805,0.00346858227738,0.0,0.000125603257955,0.00353621480089,6.28016289776e-05,0.00475843111869,0.00395650262559,0.00199032854914,0.00291786030019,6.76325235144e-05,0.0,0.00271979362419,2.41544726837e-05,0.00289853672204,0.00169081308786,0.00113526021613,0.000497582137284,8.21252071246e-05,0.000120772363419,2.41544726837e-05,9.66178907348e-06,0.000357486195719,1.44926836102e-05,1.44926836102e-05,4.83089453674e-05,9.66178907348e-06,0.0,0.000299515461278,1.9323578147e-05,0.00440577581751,0.00289853672204,0.00449273191917,0.0048260636422,4.34780508307e-05,4.83089453674e-06,0.00353138390636,0.0,2.41544726837e-05,0.0,0.00365215626978,4.83089453674e-06,0.00367631074246,0.0,0.00432365061038,4.83089453674e-06,0.00254105052633,0.00483089453674,0.00117873826696,0.0035507074845,0.0014202829938,0.00256520499901,4.83089453674e-06,0.0,0.0,0.00390336278569,0.000932362645591,8.69561016613e-05,0.000367147984792,6.76325235144e-05,4.83089453674e-06,0.00380674489495,0.000995164274569,2.41544726837e-05,0.000705310602364,5.79707344409e-05,0.0,0.0031159269762,0.00455070265361,0.0,0.000111110574345,4.83089453674e-06,0.00424152540326,0.000937193540128,0.00335747170304,0.000217390254153
Gen 207
string_,string_rot,integer_swap,exec_sho,integer_gte,boolean_shove,boolean_and,string_pop,exec_eq,string_yankd,string_parse_to_chars,integer_lt,string_stackdepth,exec_do*whi,char_r,char_p,boolean_sw,integer_sho,boolean_invert_second_then_a,print_integ,char_iswhitespace,string_removechar,exec_emp,string_first,string_conc,string_yank,string_concat,string_setchar,exec_yankd,string_length,string_replacefirstch,char_d,integer_eq,exec_do*tim,string_emptystri,string_reverse,exec_yankdup,string_repla,exec_,char_ya,integer_mu,string_replacech,boolean_yankd,char_isletter,integer_add,string_empty,char_isdigit,print_integer,exec_shove,integer_fromstri,string_conjchar,boolean_or,boolean_empty,exec_wh,string_fromchar,integer_yankd,exec_do*while,integer_rot,string_rest,boolean_flu,integer_stackdep,char_iswhitespa,char_allfromstring,boolean_,char_allfromstri,exec_stackdepth,exec_do*range,char_shove,char_stackdep,string_removech,exec_stackdep,boolean_sho,string_indexofch,string_stackdep,string_leng,print_ch,integer_mult,boolean_xor,boolean_yankdup,integer_min,string_emp,integer_fromch,exec_yank,char_stackdepth,char_sw,integer_fromboole,string_replace,integer_div,string_replacefirst,boolean_frominteger,string_butla,char_isdig,integer_flush,integer_,string_yankdup,char_flu,print_exec,integer_yank,boolean_frominteg,string_emptystring,char_yankd,boolean_ya,string_swap,print_ex,exec_d,integer_max,char_swap,string_contains,char_empty,exec_dup,exec_k,string_frominteg,exec_noop,exec_p,exec_r,exec_s,string_sho,integer_flu,exec_y,boolean_rot,boolean_a,integer_ya,exec_ya,boolean_invert_first_then_a,string_spl,string_occurrencesofch,integer_yankdup,string_replacechar,char_sho,string_fromboolean,print_stri,exec_string_itera,print_newli,string_ta,string_replacefirstchar,string_substring,boolean_stackdepth,string_shove,string_containschar,exec_do*ran,char_yankdup,char_yank,integer_sw,exec_do*times,string_fromch,integer_shove,exec_if,exec_whi,integer_g,char_frominteger,char_frominteg,boolean_dup,string_eq,boolean_not,char_eq,boolean_flush,boolean_pop,string_butlast,exec_swap,string_replacefir,boolean_swap,exec_sw,string_n,print_string,exec_flush,print_newline,integer_a,string_d,string_dup,string_frominteger,string_contai,integer_mod,exec_do*count,string_fir,string_r,integer_fromchar,string_p,integer_inc,boolean_invert_first_then_and,integer_fromstring,exec_rot,integer_m,boolean_d,char_rot,exec_do*cou,string_take,exec_string_iterate,string_split,integer_pop,boolean_n,string_re,boolean_p,boolean_r,exec_pop,string_sw,boolean_x,boolean_emp,string_la,char_emp,boolean_stackdep,string_parse_to_cha,print_char,integer_dup,boolean_invert_second_then_and,integer_sub,string_setch,exec_no,boolean_yank,char_islett,string_ya,string_flu,integer_stackdepth,integer_emp,integer_dec,print_boole,integer_gt,exec,string_indexofchar,in1,char_dup,char_flush,char_pop,integer_lte,string_conjch,exec_flu,string_containsch,boolean_eq,string_flush,print_boolean,integer_d,string_rever,char_,exec_empty,string_last,integer_l,exec_when,integer_i,string_substri,string_nth,string_occurrencesofchar,integer_r,integer_s,integer_p,exec_while,integer_fromboolean,integer_empty,string_fromboole
4.8076691939e-06,0.00478363084793,0.00351440618074,0.000105768722266,0.00345671415041,0.00224518151355,0.000971149177167,0.00408651881481,0.00362017490301,0.0,0.00467786212566,0.00159133850318,0.0029182552007,2.40383459695e-05,1.44230075817e-05,0.0,0.0,9.6153383878e-06,0.000149037745011,0.0,0.000985572184749,0.000552881957298,1.44230075817e-05,0.000499997596165,9.6153383878e-06,0.00106730256105,0.00245191128889,0.00396151941577,5.28843611329e-05,0.0048076691939,0.000149037745011,0.0,0.00318748467555,4.8076691939e-06,0.0,0.0047259388176,0.00428844092096,2.88460151634e-05,6.24996995207e-05,4.8076691939e-06,1.44230075817e-05,0.0,1.92306767756e-05,0.00397113475416,0.00200479805386,0.00350479084235,0.00414421084514,0.00045672857342,0.00352402151913,4.8076691939e-06,0.000413459550675,0.00363940557978,0.00210575910693,4.8076691939e-06,0.00295671655425,1.92306767756e-05,0.00267306407181,0.000745188725054,0.00416824919111,2.88460151634e-05,9.6153383878e-05,9.6153383878e-06,0.00210575910693,8.17303762963e-05,9.6153383878e-06,0.0025240263268,0.0014951851193,0.00323556136749,9.6153383878e-06,0.0,1.92306767756e-05,0.0,1.92306767756e-05,9.6153383878e-06,9.6153383878e-05,0.000336536843573,0.00093749549281,0.0024422959505,0.00329806106701,0.000620189326013,4.8076691939e-06,4.32690227451e-05,0.00437497896645,0.00245191128889,9.6153383878e-06,9.6153383878e-06,0.0047259388176,0.00227883519791,0.00234614256662,0.00171633790222,1.92306767756e-05,1.44230075817e-05,0.00295671655425,0.000379805866318,0.00199999038466,4.8076691939e-06,7.21150379085e-05,0.00439420964322,4.8076691939e-06,0.000192306767756,2.40383459695e-05,4.8076691939e-06,0.00432209460531,4.8076691939e-06,2.88460151634e-05,0.000254806467277,0.00272114076375,0.0034663294888,0.00295190888505,0.00284614016279,0.00282210181682,4.8076691939e-06,0.00285575550118,4.8076691939e-06,4.8076691939e-06,0.00100480286152,0.0,6.24996995207e-05,3.84613535512e-05,0.001735568579,4.8076691939e-06,6.73073687146e-05,9.6153383878e-06,2.88460151634e-05,0.0,1.44230075817e-05,0.00197595203869,0.00143268541978,9.13457146841e-05,0.00478363084793,0.0,2.40383459695e-05,0.0,4.8076691939e-06,0.0029182552007,0.00233652722823,0.00460093941856,0.000264421805664,0.00377402031721,0.0,0.000807688424575,0.00125480165961,1.44230075817e-05,0.002677871741,1.92306767756e-05,0.000538458949717,0.00231248888226,0.0,3.84613535512e-05,0.00242306527372,1.44230075817e-05,0.000745188725054,0.000581727972462,0.00389421204706,0.00133172436671,0.00128364767477,0.00442786332758,0.00419228753708,0.00117787895251,4.8076691939e-06,0.00285094783198,4.8076691939e-06,5.76920303268e-05,0.00429324859015,4.32690227451e-05,5.76920303268e-05,0.000105768722266,0.0,0.00193268301595,0.00233652722823,1.92306767756e-05,0.00453843971904,0.00336056076653,0.0,0.000134614737429,0.00337498377412,4.32690227451e-05,0.0047259388176,0.00371152061769,0.00187499098562,0.00294710121586,5.76920303268e-05,0.0,0.0025240263268,9.6153383878e-06,0.00281248647843,0.00156249248802,0.0011009562454,0.000562497295686,6.73073687146e-05,0.000129807068235,2.88460151634e-05,0.0,0.000379805866318,1.92306767756e-05,2.88460151634e-05,5.28843611329e-05,0.0,4.8076691939e-06,0.000288460151634,4.8076691939e-05,0.00428844092096,0.00257210301874,0.00437497896645,0.00478363084793,7.21150379085e-05,0.0,0.0035480598651,0.0,4.8076691939e-06,0.0,0.00360575189542,4.8076691939e-06,0.00362979024139,0.0,0.00431728693612,4.8076691939e-06,0.00262979504906,0.0048076691939,0.0011009562454,0.00342786813525,0.00146633910414,0.00235095023582,9.6153383878e-06,0.0,9.6153383878e-06,0.00385094302431,0.000990379853943,7.69227071024e-05,0.000350959851155,7.69227071024e-05,4.8076691939e-06,0.00374036663285,0.000971149177167,4.8076691939e-05,0.00076441940183,5.76920303268e-05,9.6153383878e-06,0.00296633189264,0.00457690107259,0.0,0.000115384060654,4.8076691939e-06,0.00414901851433,0.000894226470065,0.00329806106701,0.000211537444532
Gen 208
string_,string_rot,integer_swap,exec_sho,integer_gte,boolean_shove,boolean_and,string_pop,exec_eq,string_yankd,string_parse_to_chars,integer_lt,string_stackdepth,exec_do*whi,char_r,char_p,boolean_sw,integer_sho,boolean_invert_second_then_a,print_integ,char_iswhitespace,string_removechar,exec_emp,string_first,string_conc,string_yank,string_concat,string_setchar,exec_yankd,string_length,string_replacefirstch,char_d,integer_eq,exec_do*tim,string_emptystri,string_reverse,exec_yankdup,string_repla,exec_,char_ya,integer_mu,string_replacech,boolean_yankd,char_isletter,integer_add,string_empty,char_isdigit,print_integer,exec_shove,integer_fromstri,string_conjchar,boolean_or,boolean_empty,exec_wh,string_fromchar,integer_yankd,exec_do*while,integer_rot,string_rest,boolean_flu,integer_stackdep,char_iswhitespa,char_allfromstring,boolean_,char_allfromstri,exec_stackdepth,exec_do*range,char_shove,char_stackdep,string_removech,exec_stackdep,boolean_sho,string_indexofch,string_stackdep,string_leng,print_ch,integer_mult,boolean_xor,boolean_yankdup,integer_min,string_emp,integer_fromch,exec_yank,char_stackdepth,char_sw,integer_fromboole,string_replace,integer_div,string_replacefirst,boolean_frominteger,string_butla,char_isdig,integer_flush,integer_,string_yankdup,char_flu,print_exec,integer_yank,boolean_frominteg,string_emptystring,char_yankd,boolean_ya,string_swap,print_ex,exec_d,integer_max,char_swap,string_contains,char_empty,exec_dup,exec_k,string_frominteg,exec_noop,exec_p,exec_r,exec_s,string_sho,integer_flu,exec_y,boolean_rot,boolean_a,integer_ya,exec_ya,boolean_invert_first_then_a,string_spl,string_occurrencesofch,integer_yankdup,string_replacechar,char_sho,string_fromboolean,print_stri,exec_string_itera,print_newli,string_ta,string_replacefirstchar,string_substring,boolean_stackdepth,string_shove,string_containschar,exec_do*ran,char_yankdup,char_yank,integer_sw,exec_do*times,string_fromch,integer_shove,exec_if,exec_whi,integer_g,char_frominteger,char_frominteg,boolean_dup,string_eq,boolean_not,char_eq,boolean_flush,boolean_pop,string_butlast,exec_swap,string_replacefir,boolean_swap,exec_sw,string_n,print_string,exec_flush,print_newline,integer_a,string_d,string_dup,string_frominteger,string_contai,integer_mod,exec_do*count,string_fir,string_r,integer_fromchar,string_p,integer_inc,boolean_invert_first_then_and,integer_fromstring,exec_rot,integer_m,boolean_d,char_rot,exec_do*cou,string_take,exec_string_iterate,string_split,integer_pop,boolean_n,string_re,boolean_p,boolean_r,exec_pop,string_sw,boolean_x,boolean_emp,string_la,char_emp,boolean_stackdep,string_parse_to_cha,print_char,integer_dup,boolean_invert_second_then_and,integer_sub,string_setch,exec_no,boolean_yank,char_islett,string_ya,string_flu,integer_stackdepth,integer_emp,integer_dec,print_boole,integer_gt,exec,string_indexofchar,in1,char_dup,char_flush,char_pop,integer_lte,string_conjch,exec_flu,string_containsch,boolean_eq,string_flush,print_boolean,integer_d,string_rever,char_,exec_empty,string_last,integer_l,exec_when,integer_i,string_substri,string_nth,string_occurrencesofchar,integer_r,integer_s,integer_p,exec_while,integer_fromboolean,integer_empty,string_fromboole
0.0,0.00475595810546,0.00374160889182,0.000143539983062,0.00344495959349,0.00234448639002,0.00111482720178,0.00423442950034,0.00363156157148,4.78466610208e-06,0.00465069545122,0.00157415514758,0.00290429232396,1.43539983062e-05,1.91386644083e-05,0.0,0.0,9.56933220415e-06,0.000200955976287,0.0,0.000947363888211,0.000516743939024,0.0,0.000449758613595,0.0,0.00118659719331,0.00228707039679,0.00398084219693,7.17699915311e-05,0.00478466610208,7.17699915311e-05,9.56933220415e-06,0.00319615695619,0.0,0.0,0.00474160410716,0.00441624681222,2.87079966125e-05,3.34926627145e-05,1.43539983062e-05,1.43539983062e-05,4.78466610208e-06,1.43539983062e-05,0.00402868885795,0.00193300510524,0.00353586824943,0.00421529083593,0.000406696618676,0.00357414557825,4.78466610208e-06,0.000473681944106,0.00372725489352,0.00232534772561,0.0,0.00294735431888,1.43539983062e-05,0.00255501169851,0.000770331242434,0.0041578748427,1.43539983062e-05,0.000129185984756,9.56933220415e-06,0.00233491705781,0.000105262654246,2.39233305104e-05,0.00255501169851,0.00166984846962,0.00319137229008,3.82773288166e-05,9.56933220415e-06,1.91386644083e-05,4.78466610208e-06,0.0,1.43539983062e-05,9.09086559394e-05,0.000272725967818,0.000933009889905,0.00246888770867,0.00330620427653,0.000593298596657,1.43539983062e-05,2.87079966125e-05,0.00426313749695,0.00265070502055,2.39233305104e-05,9.56933220415e-06,0.00472725010885,0.00241625638155,0.00229185506289,0.00163157114081,1.43539983062e-05,3.34926627145e-05,0.00286123032904,0.000425835283085,0.00172726446285,4.78466610208e-06,5.74159932249e-05,0.0043827541495,4.78466610208e-06,0.000129185984756,4.78466610208e-05,0.0,0.00433969215458,0.0,1.91386644083e-05,0.000330141961043,0.00277989100531,0.00365548490199,0.00334926627145,0.00269376701547,0.00303347830872,0.0,0.00296170831719,0.0,0.0,0.00120573585772,4.78466610208e-06,7.17699915311e-05,4.78466610208e-05,0.00158850914589,0.0,0.000157893981369,1.43539983062e-05,6.2200659327e-05,4.78466610208e-06,9.56933220415e-06,0.00219616174085,0.00141147650011,7.65546576332e-05,0.00476074277157,1.43539983062e-05,2.87079966125e-05,0.0,4.78466610208e-06,0.00297127764939,0.00262199702394,0.00462198745461,0.000248802637308,0.00382773288166,9.56933220415e-06,0.00108133453907,0.00140190716791,2.87079966125e-05,0.00271769034598,4.78466610208e-06,0.00078468524074,0.00224879306798,1.43539983062e-05,4.78466610208e-06,0.00219616174085,0.0,0.00076076191023,0.000631575925474,0.00398562686303,0.0013827685035,0.00141626116621,0.0043779694834,0.00424878349864,0.00132535251028,4.78466610208e-06,0.00300955497821,9.56933220415e-06,2.87079966125e-05,0.00442581614442,7.17699915311e-05,3.82773288166e-05,0.000119616652552,0.0,0.00189951244252,0.00239711771714,1.91386644083e-05,0.00453586346477,0.00337797426807,0.0,0.000100477988144,0.00343539026129,2.87079966125e-05,0.00474160410716,0.00363634623758,0.00194257443744,0.00296649298329,4.78466610208e-05,0.0,0.00249281103918,2.39233305104e-05,0.00300955497821,0.00152630848656,0.00112918120009,0.000612437261066,4.30619949187e-05,0.00013875531696,4.78466610208e-05,0.0,0.000234448639002,1.91386644083e-05,4.78466610208e-06,3.34926627145e-05,4.78466610208e-06,1.43539983062e-05,0.000186601977981,4.30619949187e-05,0.00433969215458,0.00262678169004,0.00444017014273,0.00475595810546,7.17699915311e-05,0.0,0.00354065291554,4.78466610208e-06,9.56933220415e-06,0.0,0.00356457624605,4.78466610208e-06,0.00370333156301,4.78466610208e-06,0.00446409347324,1.91386644083e-05,0.00272247501208,0.00478466610208,0.00125358251874,0.00351672958503,0.00174640312726,0.0023062090612,4.78466610208e-06,0.0,9.56933220415e-06,0.0039138568715,0.000789469906843,0.000110047320348,0.000325357294941,7.17699915311e-05,1.43539983062e-05,0.00378945555284,0.000956933220415,2.87079966125e-05,0.000928225223803,3.82773288166e-05,4.78466610208e-06,0.00283730699853,0.0046028487902,4.78466610208e-06,0.000119616652552,1.43539983062e-05,0.00411481284779,0.000909086559394,0.00333012760704,0.000220094640695
Gen 209
string_,string_rot,integer_swap,exec_sho,integer_gte,boolean_shove,boolean_and,string_pop,exec_eq,string_yankd,string_parse_to_chars,integer_lt,string_stackdepth,exec_do*whi,char_r,char_p,boolean_sw,integer_sho,boolean_invert_second_then_a,print_integ,char_iswhitespace,string_removechar,exec_emp,string_first,string_conc,string_yank,string_concat,string_setchar,exec_yankd,string_length,string_replacefirstch,char_d,integer_eq,exec_do*tim,string_emptystri,string_reverse,exec_yankdup,string_repla,exec_,char_ya,integer_mu,string_replacech,boolean_yankd,char_isletter,integer_add,string_empty,char_isdigit,print_integer,exec_shove,integer_fromstri,string_conjchar,boolean_or,boolean_empty,exec_wh,string_fromchar,integer_yankd,exec_do*while,integer_rot,string_rest,boolean_flu,integer_stackdep,char_iswhitespa,char_allfromstring,boolean_,char_allfromstri,exec_stackdepth,exec_do*range,char_shove,char_stackdep,string_removech,exec_stackdep,boolean_sho,string_indexofch,string_stackdep,string_leng,print_ch,integer_mult,boolean_xor,boolean_yankdup,integer_min,string_emp,integer_fromch,exec_yank,char_stackdepth,char_sw,integer_fromboole,string_replace,integer_div,string_replacefirst,boolean_frominteger,string_butla,char_isdig,integer_flush,integer_,string_yankdup,char_flu,print_exec,integer_yank,boolean_frominteg,string_emptystring,char_yankd,boolean_ya,string_swap,print_ex,exec_d,integer_max,char_swap,string_contains,char_empty,exec_dup,exec_k,string_frominteg,exec_noop,exec_p,exec_r,exec_s,string_sho,integer_flu,exec_y,boolean_rot,boolean_a,integer_ya,exec_ya,boolean_invert_first_then_a,string_spl,string_occurrencesofch,integer_yankdup,string_replacechar,char_sho,string_fromboolean,print_stri,exec_string_itera,print_newli,string_ta,string_replacefirstchar,string_substring,boolean_stackdepth,string_shove,string_containschar,exec_do*ran,char_yankdup,char_yank,integer_sw,exec_do*times,string_fromch,integer_shove,exec_if,exec_whi,integer_g,char_frominteger,char_frominteg,boolean_dup,string_eq,boolean_not,char_eq,boolean_flush,boolean_pop,string_butlast,exec_swap,string_replacefir,boolean_swap,exec_sw,string_n,print_string,exec_flush,print_newline,integer_a,string_d,string_dup,string_frominteger,string_contai,integer_mod,exec_do*count,string_fir,string_r,integer_fromchar,string_p,integer_inc,boolean_invert_first_then_and,integer_fromstring,exec_rot,integer_m,boolean_d,char_rot,exec_do*cou,string_take,exec_string_iterate,string_split,integer_pop,boolean_n,string_re,boolean_p,boolean_r,exec_pop,string_sw,boolean_x,boolean_emp,string_la,char_emp,boolean_stackdep,string_parse_to_cha,print_char,integer_dup,boolean_invert_second_then_and,integer_sub,string_setch,exec_no,boolean_yank,char_islett,string_ya,string_flu,integer_stackdepth,integer_emp,integer_dec,print_boole,integer_gt,exec,string_indexofchar,in1,char_dup,char_flush,char_pop,integer_lte,string_conjch,exec_flu,string_containsch,boolean_eq,string_flush,print_boolean,integer_d,string_rever,char_,exec_empty,string_last,integer_l,exec_when,integer_i,string_substri,string_nth,string_occurrencesofchar,integer_r,integer_s,integer_p,exec_while,integer_fromboolean,integer_empty,string_fromboole
4.76188208628e-06,0.00473331079376,0.00359522097514,0.000199999047624,0.00318093723363,0.00229522716558,0.000995233356032,0.00400950471664,0.003642839796,4.76188208628e-06,0.00459521621326,0.00148094532883,0.00287141489802,9.52376417255e-06,2.85712925177e-05,0.0,4.76188208628e-06,0.0,0.000114285170071,0.0,0.00101428088438,0.000609520907043,4.76188208628e-06,0.000499997619059,0.0,0.00108570911567,0.00235236975062,0.0037476012019,9.52376417255e-05,0.00476188208628,8.5713877553e-05,9.52376417255e-06,0.00327617487536,4.76188208628e-06,0.0,0.00463807315203,0.00441902657606,2.85712925177e-05,2.85712925177e-05,4.76188208628e-06,1.42856462588e-05,0.0,4.76188208628e-06,0.0040237903629,0.00214284693882,0.00339046004543,0.00412378988671,0.000452378798196,0.00338093628126,9.52376417255e-06,0.000395236213161,0.00370474426312,0.00210951376422,0.0,0.00274284408169,2.85712925177e-05,0.0026714158504,0.000666663492079,0.0040237903629,9.52376417255e-06,0.000161903990933,4.76188208628e-06,0.002152370703,0.000147618344675,3.80950566902e-05,0.00243332174609,0.00172856319732,0.00284760548759,5.2380702949e-05,0.0,2.38094104314e-05,0.0,4.76188208628e-06,1.42856462588e-05,9.99995238118e-05,0.000342855510212,0.000776186780063,0.00247141680278,0.00329046052162,0.000461902562369,1.90475283451e-05,6.66663492079e-05,0.00429997952391,0.00268093961457,1.90475283451e-05,4.76188208628e-06,0.00465712068038,0.00252855938781,0.00217141823134,0.00167618249437,2.85712925177e-05,3.80950566902e-05,0.00259522573702,0.000238094104314,0.00182856272113,1.90475283451e-05,5.71425850353e-05,0.00440474092981,0.0,7.14282312941e-05,3.33331746039e-05,0.0,0.00443331222232,0.0,3.33331746039e-05,0.00031904609978,0.00292855748306,0.00363807791391,0.0034714120409,0.0024618930386,0.00287617678011,0.0,0.0028095104309,4.76188208628e-06,4.76188208628e-06,0.00121904181409,0.0,5.2380702949e-05,3.80950566902e-05,0.00153808791387,0.0,0.000133332698416,3.33331746039e-05,3.80950566902e-05,9.52376417255e-06,1.42856462588e-05,0.00198570482998,0.00145237403631,4.28569387765e-05,0.0047523583221,1.90475283451e-05,1.90475283451e-05,0.0,1.42856462588e-05,0.00276189161004,0.00254760691616,0.00454283551031,0.000252379750573,0.00394283836744,4.76188208628e-06,0.00113808981862,0.00107142346941,3.80950566902e-05,0.00275712972795,1.42856462588e-05,0.000666663492079,0.00210475188213,1.90475283451e-05,1.90475283451e-05,0.00224284646264,0.0,0.000761901133804,0.000566663968267,0.0039571240137,0.00143808839006,0.00133332698416,0.00441902657606,0.0042333131747,0.00131427945581,0.0,0.00314284217694,1.90475283451e-05,4.28569387765e-05,0.00422378941053,6.66663492079e-05,6.19044671216e-05,0.000123808934243,0.0,0.00193808600911,0.00222379893429,2.38094104314e-05,0.00445712163275,0.00314284217694,0.0,6.66663492079e-05,0.00360474473931,4.28569387765e-05,0.00469997761915,0.00352379274384,0.00198570482998,0.00304284265313,6.19044671216e-05,0.0,0.00231427469393,3.33331746039e-05,0.00298093818601,0.00139999333337,0.00116666111114,0.000723806077114,4.76188208628e-06,0.000199999047624,8.5713877553e-05,0.0,0.000276189161004,1.90475283451e-05,1.42856462588e-05,6.66663492079e-05,0.0,9.52376417255e-06,0.000176189637192,2.85712925177e-05,0.00431902705225,0.00241903609983,0.00445235975067,0.00473331079376,3.33331746039e-05,4.76188208628e-06,0.00349045956924,0.0,0.0,0.0,0.00346665015881,4.76188208628e-06,0.00362855414974,0.0,0.0043714077552,1.42856462588e-05,0.00255236879824,0.00476188208628,0.00105713782315,0.00349045956924,0.00176189637192,0.002152370703,4.76188208628e-06,0.0,4.76188208628e-06,0.00403807600916,0.000590473378698,9.52376417255e-05,0.00028095104309,6.66663492079e-05,9.52376417255e-06,0.0037476012019,0.000819043718839,2.85712925177e-05,0.00111428040819,2.85712925177e-05,0.0,0.00259046385493,0.00454283551031,4.76188208628e-06,0.000161903990933,0.0,0.00398569530621,0.000919043242651,0.00326665111119,0.000233332222228
Gen 210
string_,string_rot,integer_swap,exec_sho,integer_gte,boolean_shove,boolean_and,string_pop,exec_eq,string_yankd,string_parse_to_chars,integer_lt,string_stackdepth,exec_do*whi,char_r,char_p,boolean_sw,integer_sho,boolean_invert_second_then_a,print_integ,char_iswhitespace,string_removechar,exec_emp,string_first,string_conc,string_yank,string_concat,string_setchar,exec_yankd,string_length,string_replacefirstch,char_d,integer_eq,exec_do*tim,string_emptystri,string_reverse,exec_yankdup,string_repla,exec_,char_ya,integer_mu,string_replacech,boolean_yankd,char_isletter,integer_add,string_empty,char_isdigit,print_integer,exec_shove,integer_fromstri,string_conjchar,boolean_or,boolean_empty,exec_wh,string_fromchar,integer_yankd,exec_do*while,integer_rot,string_rest,boolean_flu,integer_stackdep,char_iswhitespa,char_allfromstring,boolean_,char_allfromstri,exec_stackdepth,exec_do*range,char_shove,char_stackdep,string_removech,exec_stackdep,boolean_sho,string_indexofch,string_stackdep,string_leng,print_ch,integer_mult,boolean_xor,boolean_yankdup,integer_min,string_emp,integer_fromch,exec_yank,char_stackdepth,char_sw,integer_fromboole,string_replace,integer_div,string_replacefirst,boolean_frominteger,string_butla,char_isdig,integer_flush,integer_,string_yankdup,char_flu,print_exec,integer_yank,boolean_frominteg,string_emptystring,char_yankd,boolean_ya,string_swap,print_ex,exec_d,integer_max,char_swap,string_contains,char_empty,exec_dup,exec_k,string_frominteg,exec_noop,exec_p,exec_r,exec_s,string_sho,integer_flu,exec_y,boolean_rot,boolean_a,integer_ya,exec_ya,boolean_invert_first_then_a,string_spl,string_occurrencesofch,integer_yankdup,string_replacechar,char_sho,string_fromboolean,print_stri,exec_string_itera,print_newli,string_ta,string_replacefirstchar,string_substring,boolean_stackdepth,string_shove,string_containschar,exec_do*ran,char_yankdup,char_yank,integer_sw,exec_do*times,string_fromch,integer_shove,exec_if,exec_whi,integer_g,char_frominteger,char_frominteg,boolean_dup,string_eq,boolean_not,char_eq,boolean_flush,boolean_pop,string_butlast,exec_swap,string_replacefir,boolean_swap,exec_sw,string_n,print_string,exec_flush,print_newline,integer_a,string_d,string_dup,string_frominteger,string_contai,integer_mod,exec_do*count,string_fir,string_r,integer_fromchar,string_p,integer_inc,boolean_invert_first_then_and,integer_fromstring,exec_rot,integer_m,boolean_d,char_rot,exec_do*cou,string_take,exec_string_iterate,string_split,integer_pop,boolean_n,string_re,boolean_p,boolean_r,exec_pop,string_sw,boolean_x,boolean_emp,string_la,char_emp,boolean_stackdep,string_parse_to_cha,print_char,integer_dup,boolean_invert_second_then_and,integer_sub,string_setch,exec_no,boolean_yank,char_islett,string_ya,string_flu,integer_stackdepth,integer_emp,integer_dec,print_boole,integer_gt,exec,string_indexofchar,in1,char_dup,char_flush,char_pop,integer_lte,string_conjch,exec_flu,string_containsch,boolean_eq,string_flush,print_boolean,integer_d,string_rever,char_,exec_empty,string_last,integer_l,exec_when,integer_i,string_substri,string_nth,string_occurrencesofchar,integer_r,integer_s,integer_p,exec_while,integer_fromboolean,integer_empty,string_fromboole
0.0,0.00469192089137,0.00363979317634,0.000137440106919,0.00321799422752,0.00241705015616,0.00100473457472,0.0041279425216,0.00372510082891,4.73931403169e-06,0.00459713461074,0.00140283695338,0.00289098155933,0.0,1.42179420951e-05,0.0,0.0,9.47862806337e-06,7.10897104753e-05,4.73931403169e-06,0.00112321742551,0.000597153567993,9.47862806337e-06,0.000502367287359,9.47862806337e-06,0.00125117890437,0.00238387495794,0.00378671191132,9.47862806337e-05,0.00473931403169,6.16110824119e-05,0.0,0.00334121639234,4.73931403169e-06,0.0,0.00465400637912,0.00447391244591,4.26538262852e-05,2.36965701584e-05,9.47862806337e-06,0.0,9.47862806337e-06,2.36965701584e-05,0.00403315624097,0.00224643485102,0.00342652404491,0.00411846389354,0.00042179894882,0.00352604963958,0.0,0.000374405808503,0.00359240003602,0.00220852033877,0.0,0.00269666968403,2.84358841901e-05,0.00265401585774,0.000658764650405,0.00406633143919,4.73931403169e-06,0.000208529817394,9.47862806337e-06,0.00231752456149,0.000137440106919,2.84358841901e-05,0.00256870820517,0.0017203709935,0.0029620712698,2.36965701584e-05,4.73931403169e-06,0.0,4.73931403169e-06,9.47862806337e-06,1.42179420951e-05,8.05683385387e-05,0.000345969924313,0.000611371510088,0.00275354145241,0.00354974620973,0.000431277576884,9.47862806337e-06,7.10897104753e-05,0.00427012194255,0.00254501163502,4.73931403169e-06,4.73931403169e-06,0.00461135255283,0.00243600741229,0.00227961004924,0.00154501637433,4.73931403169e-06,3.79145122535e-05,0.00261136203146,0.000151658049014,0.00182937521623,0.0,3.31751982218e-05,0.00429381851271,4.73931403169e-06,7.5829024507e-05,3.79145122535e-05,1.42179420951e-05,0.00450708764413,0.0,2.36965701584e-05,0.000345969924313,0.0029762892119,0.00337439159056,0.00379145122535,0.00265875517178,0.00272984488225,0.0,0.00279145596466,0.0,9.47862806337e-06,0.0012417002763,4.73931403169e-06,5.21324543486e-05,1.42179420951e-05,0.00146918734982,4.73931403169e-06,0.000175354619172,9.47862806337e-06,3.31751982218e-05,0.0,3.31751982218e-05,0.00205686228975,0.00155923431643,4.26538262852e-05,0.00473931403169,1.42179420951e-05,4.26538262852e-05,0.0,4.73931403169e-06,0.00281989184885,0.00281989184885,0.00458765598267,0.000156397363046,0.00384832299373,9.47862806337e-06,0.00112795673954,0.00110899948341,1.42179420951e-05,0.00286254567514,4.73931403169e-06,0.000753550931038,0.00209951611604,3.31751982218e-05,6.63503964436e-05,0.00222273828086,1.42179420951e-05,0.000824640641514,0.000445495518979,0.00375827602713,0.00159714882868,0.00134122587097,0.00448339107398,0.00419429291804,0.00124643959033,0.0,0.00319903697139,0.0,1.42179420951e-05,0.00418481428998,3.79145122535e-05,2.84358841901e-05,0.000180093933204,4.73931403169e-06,0.00213269131426,0.00203316571959,1.42179420951e-05,0.00450708764413,0.00319903697139,0.0,7.10897104753e-05,0.00348813512732,7.5829024507e-05,0.00466348500718,0.0035450068957,0.00201420846347,0.00273458419628,5.68717683802e-05,0.0,0.00234122113165,1.89572561267e-05,0.00302842166625,0.00148814460595,0.00108530291326,0.000824640641514,1.42179420951e-05,0.000170615305141,0.00011374353676,0.0,0.000402841692693,3.31751982218e-05,1.42179420951e-05,6.16110824119e-05,0.0,9.47862806337e-06,0.000246444329648,7.5829024507e-05,0.00433173302496,0.00230804593343,0.0044123013635,0.00468718157734,2.84358841901e-05,9.47862806337e-06,0.00338387021862,0.0,0.0,0.0,0.003440741987,4.73931403169e-06,0.00357818209392,0.0,0.00441704067753,1.42179420951e-05,0.00254501163502,0.00473931403169,0.000943123492306,0.00319903697139,0.00165875991109,0.00228434936327,4.73931403169e-06,0.0,4.73931403169e-06,0.00414689977773,0.000417059634788,8.05683385387e-05,0.000360187866408,6.16110824119e-05,0.0,0.00406633143919,0.000663503964436,2.36965701584e-05,0.000999995260686,4.26538262852e-05,4.73931403169e-06,0.00274880213838,0.00453078421429,9.47862806337e-06,0.000161136677077,4.73931403169e-06,0.00386728024986,0.000810422699418,0.00337913090459,0.000146918734982
Gen 211
string_,string_rot,integer_swap,exec_sho,integer_gte,boolean_shove,boolean_and,string_pop,exec_eq,string_yankd,string_parse_to_chars,integer_lt,string_stackdepth,exec_do*whi,char_r,char_p,boolean_sw,integer_sho,boolean_invert_second_then_a,print_integ,char_iswhitespace,string_removechar,exec_emp,string_first,string_conc,string_yank,string_concat,string_setchar,exec_yankd,string_length,string_replacefirstch,char_d,integer_eq,exec_do*tim,string_emptystri,string_reverse,exec_yankdup,string_repla,exec_,char_ya,integer_mu,string_replacech,boolean_yankd,char_isletter,integer_add,string_empty,char_isdigit,print_integer,exec_shove,integer_fromstri,string_conjchar,boolean_or,boolean_empty,exec_wh,string_fromchar,integer_yankd,exec_do*while,integer_rot,string_rest,boolean_flu,integer_stackdep,char_iswhitespa,char_allfromstring,boolean_,char_allfromstri,exec_stackdepth,exec_do*range,char_shove,char_stackdep,string_removech,exec_stackdep,boolean_sho,string_indexofch,string_stackdep,string_leng,print_ch,integer_mult,boolean_xor,boolean_yankdup,integer_min,string_emp,integer_fromch,exec_yank,char_stackdepth,char_sw,integer_fromboole,string_replace,integer_div,string_replacefirst,boolean_frominteger,string_butla,char_isdig,integer_flush,integer_,string_yankdup,char_flu,print_exec,integer_yank,boolean_frominteg,string_emptystring,char_yankd,boolean_ya,string_swap,print_ex,exec_d,integer_max,char_swap,string_contains,char_empty,exec_dup,exec_k,string_frominteg,exec_noop,exec_p,exec_r,exec_s,string_sho,integer_flu,exec_y,boolean_rot,boolean_a,integer_ya,exec_ya,boolean_invert_first_then_a,string_spl,string_occurrencesofch,integer_yankdup,string_replacechar,char_sho,string_fromboolean,print_stri,exec_string_itera,print_newli,string_ta,string_replacefirstchar,string_substring,boolean_stackdepth,string_shove,string_containschar,exec_do*ran,char_yankdup,char_yank,integer_sw,exec_do*times,string_fromch,integer_shove,exec_if,exec_whi,integer_g,char_frominteger,char_frominteg,boolean_dup,string_eq,boolean_not,char_eq,boolean_flush,boolean_pop,string_butlast,exec_swap,string_replacefir,boolean_swap,exec_sw,string_n,print_string,exec_flush,print_newline,integer_a,string_d,string_dup,string_frominteger,string_contai,integer_mod,exec_do*count,string_fir,string_r,integer_fromchar,string_p,integer_inc,boolean_invert_first_then_and,integer_fromstring,exec_rot,integer_m,boolean_d,char_rot,exec_do*cou,string_take,exec_string_iterate,string_split,integer_pop,boolean_n,string_re,boolean_p,boolean_r,exec_pop,string_sw,boolean_x,boolean_emp,string_la,char_emp,boolean_stackdep,string_parse_to_cha,print_char,integer_dup,boolean_invert_second_then_and,integer_sub,string_setch,exec_no,boolean_yank,char_islett,string_ya,string_flu,integer_stackdepth,integer_emp,integer_dec,print_boole,integer_gt,exec,string_indexofchar,in1,char_dup,char_flush,char_pop,integer_lte,string_conjch,exec_flu,string_containsch,boolean_eq,string_flush,print_boolean,integer_d,string_rever,char_,exec_empty,string_last,integer_l,exec_when,integer_i,string_substri,string_nth,string_occurrencesofchar,integer_r,integer_s,integer_p,exec_while,integer_fromboolean,integer_empty,string_fromboole
0.0,0.00468865712898,0.00358017179164,0.000122640930939,0.00322168291659,0.00255187475531,0.00116508884392,0.0041226220631,0.00359432266829,4.71695888227e-06,0.00461318578686,0.00132074848704,0.00290564667148,0.0,1.41508766468e-05,0.0,0.0,4.71695888227e-06,7.0754383234e-05,0.0,0.00110848533733,0.000613204654695,1.41508766468e-05,0.000533016353696,4.71695888227e-06,0.00122169235051,0.00251885604313,0.00379715190023,0.000136791807586,0.00471695888227,4.71695888227e-05,9.43391776454e-06,0.00339149343635,0.0,0.0,0.00466507233456,0.0044433752671,5.66035065872e-05,5.1886547705e-05,0.0,0.0,0.0,9.43391776454e-06,0.00417922556969,0.00237263031778,0.00320281508106,0.00418865948746,0.000438677176051,0.00338677647747,0.0,0.000372639751699,0.00363205833935,0.00216036716808,0.0,0.00265093089184,6.13204654695e-05,0.00270753439842,0.000726411667869,0.0040424337621,1.41508766468e-05,0.000193395314173,4.71695888227e-06,0.00217923500361,0.000136791807586,9.43391776454e-06,0.0026603648096,0.00183018004632,0.00277828878166,9.43391776454e-06,0.0,2.35847944113e-05,0.0,4.71695888227e-06,9.43391776454e-06,0.000108490054292,0.000349054957288,0.000523582435932,0.00285847708266,0.00353300220282,0.000528299394814,1.41508766468e-05,6.60374243518e-05,0.0042829986651,0.00256602563195,9.43391776454e-06,0.0,0.00454243140363,0.00246696949543,0.0021556502092,0.00189621747067,2.83017532936e-05,3.77356710582e-05,0.00261791217966,0.000221697067467,0.00211791453814,9.43391776454e-06,2.83017532936e-05,0.00430186650063,0.0,7.0754383234e-05,2.35847944113e-05,0.0,0.00460846882798,0.0,5.66035065872e-05,0.000391507587228,0.00302357064353,0.00351413436729,0.00373583143476,0.0027122513573,0.00261319522078,4.71695888227e-06,0.00294338234254,4.71695888227e-06,0.0,0.00130659761039,1.41508766468e-05,8.49052598808e-05,6.13204654695e-05,0.00164150169103,0.0,0.000127357889821,4.71695888227e-06,3.30187121759e-05,0.0,1.88678355291e-05,0.00221697067467,0.00150942684233,6.13204654695e-05,0.00471224192339,1.88678355291e-05,9.43391776454e-06,0.0,9.43391776454e-06,0.0027405531106,0.00249055428984,0.00454714836251,0.000132074848704,0.00376413318805,4.71695888227e-06,0.00126414498045,0.00109905141957,4.71695888227e-06,0.00284904316489,0.0,0.000726411667869,0.00201414144273,2.35847944113e-05,8.01883009986e-05,0.0024481016599,9.43391776454e-06,0.000825467804397,0.000466978929345,0.0039103589134,0.00161319993774,0.00148584204791,0.00448582789704,0.00419337644634,0.00127357889821,0.0,0.00322639987547,9.43391776454e-06,9.43391776454e-06,0.00416507469304,6.13204654695e-05,5.1886547705e-05,0.000198112273055,0.0,0.00203772623714,0.00188678355291,4.71695888227e-06,0.00453771444474,0.00301413672577,0.0,7.0754383234e-05,0.00352356828506,0.000122640930939,0.00466035537568,0.00360847354494,0.00207074494932,0.00281130749383,1.41508766468e-05,0.0,0.00229715897567,1.41508766468e-05,0.00299055193136,0.00145754029462,0.00121697539163,0.000858486516573,9.43391776454e-06,0.000231130985231,8.01883009986e-05,0.0,0.000419809340522,1.88678355291e-05,9.43391776454e-06,5.66035065872e-05,0.0,4.24526299404e-05,0.000273583615172,3.30187121759e-05,0.00431601737728,0.00248583733096,0.0044150735138,0.00468865712898,6.60374243518e-05,0.0,0.00324055075212,0.0,0.0,0.0,0.00351885132617,4.71695888227e-06,0.00380658581799,0.0,0.00431130041839,9.43391776454e-06,0.00236319640002,0.00471695888227,0.000820750845515,0.003405644313,0.00183018004632,0.00208017886708,0.0,0.0,4.71695888227e-06,0.00424526299404,0.000490563723756,0.000108490054292,0.000278300574054,5.66035065872e-05,0.0,0.00401884896769,0.000688675996811,1.88678355291e-05,0.00110376837845,6.60374243518e-05,4.71695888227e-06,0.00274998702836,0.00455658228027,4.71695888227e-06,0.000165093560879,4.71695888227e-06,0.00375469927029,0.000646223366871,0.00334432384753,0.000160376601997
Gen 212
string_,string_rot,integer_swap,exec_sho,integer_gte,boolean_shove,boolean_and,string_pop,exec_eq,string_yankd,string_parse_to_chars,integer_lt,string_stackdepth,exec_do*whi,char_r,char_p,boolean_sw,integer_sho,boolean_invert_second_then_a,print_integ,char_iswhitespace,string_removechar,exec_emp,string_first,string_conc,string_yank,string_concat,string_setchar,exec_yankd,string_length,string_replacefirstch,char_d,integer_eq,exec_do*tim,string_emptystri,string_reverse,exec_yankdup,string_repla,exec_,char_ya,integer_mu,string_replacech,boolean_yankd,char_isletter,integer_add,string_empty,char_isdigit,print_integer,exec_shove,integer_fromstri,string_conjchar,boolean_or,boolean_empty,exec_wh,string_fromchar,integer_yankd,exec_do*while,integer_rot,string_rest,boolean_flu,integer_stackdep,char_iswhitespa,char_allfromstring,boolean_,char_allfromstri,exec_stackdepth,exec_do*range,char_shove,char_stackdep,string_removech,exec_stackdep,boolean_sho,string_indexofch,string_stackdep,string_leng,print_ch,integer_mult,boolean_xor,boolean_yankdup,integer_min,string_emp,integer_fromch,exec_yank,char_stackdepth,char_sw,integer_fromboole,string_replace,integer_div,string_replacefirst,boolean_frominteger,string_butla,char_isdig,integer_flush,integer_,string_yankdup,char_flu,print_exec,integer_yank,boolean_frominteg,string_emptystring,char_yankd,boolean_ya,string_swap,print_ex,exec_d,integer_max,char_swap,string_contains,char_empty,exec_dup,exec_k,string_frominteg,exec_noop,exec_p,exec_r,exec_s,string_sho,integer_flu,exec_y,boolean_rot,boolean_a,integer_ya,exec_ya,boolean_invert_first_then_a,string_spl,string_occurrencesofch,integer_yankdup,string_replacechar,char_sho,string_fromboolean,print_stri,exec_string_itera,print_newli,string_ta,string_replacefirstchar,string_substring,boolean_stackdepth,string_shove,string_containschar,exec_do*ran,char_yankdup,char_yank,integer_sw,exec_do*times,string_fromch,integer_shove,exec_if,exec_whi,integer_g,char_frominteger,char_frominteg,boolean_dup,string_eq,boolean_not,char_eq,boolean_flush,boolean_pop,string_butlast,exec_swap,string_replacefir,boolean_swap,exec_sw,string_n,print_string,exec_flush,print_newline,integer_a,string_d,string_dup,string_frominteger,string_contai,integer_mod,exec_do*count,string_fir,string_r,integer_fromchar,string_p,integer_inc,boolean_invert_first_then_and,integer_fromstring,exec_rot,integer_m,boolean_d,char_rot,exec_do*cou,string_take,exec_string_iterate,string_split,integer_pop,boolean_n,string_re,boolean_p,boolean_r,exec_pop,string_sw,boolean_x,boolean_emp,string_la,char_emp,boolean_stackdep,string_parse_to_cha,print_char,integer_dup,boolean_invert_second_then_and,integer_sub,string_setch,exec_no,boolean_yank,char_islett,string_ya,string_flu,integer_stackdepth,integer_emp,integer_dec,print_boole,integer_gt,exec,string_indexofchar,in1,char_dup,char_flush,char_pop,integer_lte,string_conjch,exec_flu,string_containsch,boolean_eq,string_flush,print_boolean,integer_d,string_rever,char_,exec_empty,string_last,integer_l,exec_when,integer_i,string_substri,string_nth,string_occurrencesofchar,integer_r,integer_s,integer_p,exec_while,integer_fromboolean,integer_empty,string_fromboole
4.69481363937e-06,0.00469011882573,0.00366664945235,4.69481363937e-05,0.00301876517012,0.0026713489608,0.00097182642335,0.00402345528894,0.00358214280684,0.0,0.00457744329839,0.00133332707358,0.00274177116539,4.69481363937e-06,2.34740681969e-05,0.0,0.0,9.38962727875e-06,5.63377636725e-05,9.38962727875e-06,0.0010845019507,0.000708916859545,9.38962727875e-06,0.000563377636725,1.87792545575e-05,0.00122065154624,0.00246008234703,0.00372298721602,7.511701823e-05,0.00469481363937,2.34740681969e-05,4.69481363937e-06,0.00339435026127,9.38962727875e-06,0.0,0.00464786550298,0.00432392336186,8.45066455087e-05,5.16429500331e-05,4.69481363937e-06,1.40844409181e-05,4.69481363937e-06,9.38962727875e-06,0.00416899451176,0.00239904976972,0.00322064215661,0.0040422345435,0.000605630959479,0.00337087619307,4.69481363937e-06,0.000380279904789,0.00343660358402,0.00207041281496,0.0,0.00273707635175,5.16429500331e-05,0.00265726451988,0.000704222045906,0.0040187604753,3.28636954756e-05,0.000244130309247,4.69481363937e-06,0.00214083501955,0.000107980713706,2.81688818362e-05,0.00251172529706,0.00198590616945,0.00269012821536,9.38962727875e-06,0.0,1.40844409181e-05,4.69481363937e-06,4.69481363937e-06,1.40844409181e-05,9.38962727875e-05,0.000239435495608,0.000478870991216,0.00293895333825,0.00329575917484,0.000633799841315,4.69481363937e-06,8.45066455087e-05,0.00432392336186,0.00257745268802,9.38962727875e-06,4.69481363937e-06,0.00451641072108,0.00258684231529,0.00217369871503,0.00204224393313,7.04222045906e-05,6.57273909512e-05,0.00270890746992,0.000206571800132,0.00216430908775,1.87792545575e-05,5.63377636725e-05,0.00423941671635,9.38962727875e-06,5.63377636725e-05,9.38962727875e-06,4.69481363937e-06,0.00462908624842,0.0,3.28636954756e-05,0.000413143600265,0.00319247327477,0.00353519467045,0.00376054572514,0.00278402448815,0.00256806306074,0.0,0.00279810892907,4.69481363937e-06,4.69481363937e-06,0.0012159567326,0.0,7.98118318693e-05,5.63377636725e-05,0.00151172999188,0.0,8.92014591481e-05,9.38962727875e-06,5.16429500331e-05,4.69481363937e-06,1.40844409181e-05,0.00219247796959,0.00158215219647,4.69481363937e-05,0.00469481363937,1.40844409181e-05,1.40844409181e-05,0.0,1.40844409181e-05,0.00276055041995,0.00255397861982,0.00454927441655,0.000140844409181,0.00368542870691,9.38962727875e-06,0.00129576856447,0.00121126191896,4.69481363937e-06,0.00276055041995,0.0,0.000690137604988,0.00200468542401,5.16429500331e-05,5.16429500331e-05,0.00250233566979,9.38962727875e-06,0.000798118318693,0.000464786550298,0.00409857230717,0.00159154182375,0.00141783371909,0.00440373519373,0.00427697522547,0.00118778785076,0.0,0.00323472659753,1.40844409181e-05,1.87792545575e-05,0.00412204637537,4.69481363937e-05,4.22533227544e-05,0.000253519936526,0.0,0.00207980244224,0.00182628250572,2.34740681969e-05,0.00446476777104,0.00299998591556,4.69481363937e-06,7.04222045906e-05,0.00343190877038,0.000117370340984,0.00462908624842,0.00358214280684,0.00195304247398,0.00274177116539,2.81688818362e-05,0.0,0.0023849653288,2.34740681969e-05,0.00303754442467,0.00139905446453,0.000995300491547,0.000887319777841,2.34740681969e-05,0.000187792545575,8.45066455087e-05,0.0,0.00045070210938,4.22533227544e-05,2.34740681969e-05,3.28636954756e-05,0.0,1.40844409181e-05,0.000206571800132,1.40844409181e-05,0.00427697522547,0.00235210163333,0.00432392336186,0.00469011882573,5.16429500331e-05,4.69481363937e-06,0.00332862287032,9.38962727875e-06,4.69481363937e-06,0.0,0.00362909094324,0.0,0.00376993535242,0.0,0.00428636485275,9.38962727875e-06,0.00230045868329,0.00469481363937,0.000765254623218,0.00332862287032,0.00169952253745,0.00207980244224,4.69481363937e-06,0.0,4.69481363937e-06,0.00423941671635,0.000413143600265,0.000178402918296,0.000328636954756,1.87792545575e-05,4.69481363937e-06,0.00406101379806,0.000647884282233,3.28636954756e-05,0.0010610278825,6.10325773118e-05,0.0,0.00252111492434,0.00441781963465,4.69481363937e-06,0.000239435495608,4.69481363937e-06,0.00377932497969,0.000666663536791,0.00337087619307,0.000164318477378
Gen 213
string_,string_rot,integer_swap,exec_sho,integer_gte,boolean_shove,boolean_and,string_pop,exec_eq,string_yankd,string_parse_to_chars,integer_lt,string_stackdepth,exec_do*whi,char_r,char_p,boolean_sw,integer_sho,boolean_invert_second_then_a,print_integ,char_iswhitespace,string_removechar,exec_emp,string_first,string_conc,string_yank,string_concat,string_setchar,exec_yankd,string_length,string_replacefirstch,char_d,integer_eq,exec_do*tim,string_emptystri,string_reverse,exec_yankdup,string_repla,exec_,char_ya,integer_mu,string_replacech,boolean_yankd,char_isletter,integer_add,string_empty,char_isdigit,print_integer,exec_shove,integer_fromstri,string_conjchar,boolean_or,boolean_empty,exec_wh,string_fromchar,integer_yankd,exec_do*while,integer_rot,string_rest,boolean_flu,integer_stackdep,char_iswhitespa,char_allfromstring,boolean_,char_allfromstri,exec_stackdepth,exec_do*range,char_shove,char_stackdep,string_removech,exec_stackdep,boolean_sho,string_indexofch,string_stackdep,string_leng,print_ch,integer_mult,boolean_xor,boolean_yankdup,integer_min,string_emp,integer_fromch,exec_yank,char_stackdepth,char_sw,integer_fromboole,string_replace,integer_div,string_replacefirst,boolean_frominteger,string_butla,char_isdig,integer_flush,integer_,string_yankdup,char_flu,print_exec,integer_yank,boolean_frominteg,string_emptystring,char_yankd,boolean_ya,string_swap,print_ex,exec_d,integer_max,char_swap,string_contains,char_empty,exec_dup,exec_k,string_frominteg,exec_noop,exec_p,exec_r,exec_s,string_sho,integer_flu,exec_y,boolean_rot,boolean_a,integer_ya,exec_ya,boolean_invert_first_then_a,string_spl,string_occurrencesofch,integer_yankdup,string_replacechar,char_sho,string_fromboolean,print_stri,exec_string_itera,print_newli,string_ta,string_replacefirstchar,string_substring,boolean_stackdepth,string_shove,string_containschar,exec_do*ran,char_yankdup,char_yank,integer_sw,exec_do*times,string_fromch,integer_shove,exec_if,exec_whi,integer_g,char_frominteger,char_frominteg,boolean_dup,string_eq,boolean_not,char_eq,boolean_flush,boolean_pop,string_butlast,exec_swap,string_replacefir,boolean_swap,exec_sw,string_n,print_string,exec_flush,print_newline,integer_a,string_d,string_dup,string_frominteger,string_contai,integer_mod,exec_do*count,string_fir,string_r,integer_fromchar,string_p,integer_inc,boolean_invert_first_then_and,integer_fromstring,exec_rot,integer_m,boolean_d,char_rot,exec_do*cou,string_take,exec_string_iterate,string_split,integer_pop,boolean_n,string_re,boolean_p,boolean_r,exec_pop,string_sw,boolean_x,boolean_emp,string_la,char_emp,boolean_stackdep,string_parse_to_cha,print_char,integer_dup,boolean_invert_second_then_and,integer_sub,string_setch,exec_no,boolean_yank,char_islett,string_ya,string_flu,integer_stackdepth,integer_emp,integer_dec,print_boole,integer_gt,exec,string_indexofchar,in1,char_dup,char_flush,char_pop,integer_lte,string_conjch,exec_flu,string_containsch,boolean_eq,string_flush,print_boolean,integer_d,string_rever,char_,exec_empty,string_last,integer_l,exec_when,integer_i,string_substri,string_nth,string_occurrencesofchar,integer_r,integer_s,integer_p,exec_while,integer_fromboolean,integer_empty,string_fromboole
4.6728753604e-06,0.00466820248504,0.00344390914061,9.34575072079e-05,0.00282241671768,0.00251400694389,0.000962612324241,0.00407474731426,0.00358409540142,0.0,0.00447661459526,0.00135046097915,0.0026541932047,0.0,1.86915014416e-05,4.6728753604e-06,0.0,1.86915014416e-05,7.47660057663e-05,0.0,0.000901864944556,0.000761678683744,4.6728753604e-06,0.000495324788202,9.34575072079e-06,0.00126167634731,0.0025841000743,0.00348129214349,7.94388811267e-05,0.0046728753604,2.80372521624e-05,4.6728753604e-06,0.00337381601021,0.0,0.0,0.00459343647927,0.00431306395765,5.14016289644e-05,7.94388811267e-05,4.6728753604e-06,0.0,0.0,1.40186260812e-05,0.00421026069972,0.00247662394101,0.00320559249723,0.00401867280994,0.000551399292527,0.00322428399867,4.6728753604e-06,0.000383175779552,0.00343456338989,0.00183644001664,0.0,0.00277568796407,3.73830028832e-05,0.00278036083944,0.000668221176537,0.00388783229985,5.60745043247e-05,0.00012149475937,4.6728753604e-06,0.00190653314704,0.000107476133289,2.3364376802e-05,0.00248596969173,0.001841112892,0.00274297783655,4.6728753604e-06,9.34575072079e-06,1.40186260812e-05,4.6728753604e-06,4.6728753604e-06,1.40186260812e-05,8.41117564871e-05,0.000247662394101,0.000397194405634,0.00293923860169,0.00329905000444,0.000808407437348,4.6728753604e-06,8.41117564871e-05,0.00427568095476,0.00256540857286,4.6728753604e-06,4.6728753604e-06,0.00456539922711,0.00264017457862,0.00198129915281,0.00175232826015,6.54202550455e-05,2.80372521624e-05,0.00261213732646,0.000205606515857,0.00210746678754,9.34575072079e-06,4.6728753604e-05,0.00409343881571,0.0,0.000135513385451,9.34575072079e-06,4.6728753604e-06,0.00464483810823,0.0,4.20558782436e-05,0.000415885907075,0.0030794248625,0.00354203952318,0.00381773916944,0.00278970659016,0.00257475432358,4.6728753604e-06,0.00290185559881,4.6728753604e-06,4.6728753604e-06,0.00107476133289,0.0,9.81303825683e-05,3.27101275228e-05,0.00150933874141,0.0,6.07473796851e-05,9.34575072079e-06,2.80372521624e-05,4.6728753604e-06,9.34575072079e-06,0.00207942953538,0.00155606749501,4.6728753604e-05,0.0046728753604,9.34575072079e-06,4.6728753604e-06,0.0,0.0,0.00270092195831,0.00249998831781,0.0044953060967,0.000140186260812,0.00361213265359,1.40186260812e-05,0.00129438647483,0.0011448544633,9.34575072079e-06,0.00270092195831,0.0,0.00070560417942,0.00179438413839,4.6728753604e-05,4.6728753604e-05,0.00248596969173,1.40186260812e-05,0.000892519193836,0.000481306162121,0.00399063555778,0.00150933874141,0.00113083583722,0.00438782996341,0.004200914949,0.00121962046906,0.0,0.0031261536161,1.40186260812e-05,1.40186260812e-05,0.00419624207364,3.73830028832e-05,7.00931304059e-05,0.000219625141939,0.0,0.00199531777889,0.00166821650366,0.0,0.00437381133733,0.00292054710025,0.0,0.000130840510091,0.00349063789422,9.81303825683e-05,0.00461680085607,0.00356073102462,0.00206073803393,0.00294391147705,4.20558782436e-05,0.0,0.00241120368596,2.3364376802e-05,0.00305138761034,0.0014158812342,0.000883173443115,0.000789715935907,1.40186260812e-05,0.000149532011533,7.94388811267e-05,4.6728753604e-06,0.000481306162121,1.86915014416e-05,1.86915014416e-05,3.73830028832e-05,0.0,0.0,0.000261681020182,2.80372521624e-05,0.00417287769683,0.00242054943668,0.00431773683301,0.0046728753604,6.54202550455e-05,4.6728753604e-06,0.00332241438124,0.0,0.0,0.0,0.00350932939566,2.3364376802e-05,0.0037756832912,0.0,0.00413549469395,1.40186260812e-05,0.0023130733034,0.0046728753604,0.000887846318475,0.00334110588268,0.00168223512974,0.00207475666002,4.6728753604e-06,0.0,1.40186260812e-05,0.00421493357508,0.000499997663562,9.81303825683e-05,0.00046728753604,1.86915014416e-05,0.0,0.00406540156354,0.000658875425816,1.86915014416e-05,0.000957939448881,9.34575072079e-05,4.6728753604e-06,0.00248596969173,0.00450932472278,0.0,0.000266353895543,4.6728753604e-06,0.00377101041584,0.000700931304059,0.00329437712908,0.00011682188401
Gen 214
string_,string_rot,integer_swap,exec_sho,integer_gte,boolean_shove,boolean_and,string_pop,exec_eq,string_yankd,string_parse_to_chars,integer_lt,string_stackdepth,exec_do*whi,char_r,char_p,boolean_sw,integer_sho,boolean_invert_second_then_a,print_integ,char_iswhitespace,string_removechar,exec_emp,string_first,string_conc,string_yank,string_concat,string_setchar,exec_yankd,string_length,string_replacefirstch,char_d,integer_eq,exec_do*tim,string_emptystri,string_reverse,exec_yankdup,string_repla,exec_,char_ya,integer_mu,string_replacech,boolean_yankd,char_isletter,integer_add,string_empty,char_isdigit,print_integer,exec_shove,integer_fromstri,string_conjchar,boolean_or,boolean_empty,exec_wh,string_fromchar,integer_yankd,exec_do*while,integer_rot,string_rest,boolean_flu,integer_stackdep,char_iswhitespa,char_allfromstring,boolean_,char_allfromstri,exec_stackdepth,exec_do*range,char_shove,char_stackdep,string_removech,exec_stackdep,boolean_sho,string_indexofch,string_stackdep,string_leng,print_ch,integer_mult,boolean_xor,boolean_yankdup,integer_min,string_emp,integer_fromch,exec_yank,char_stackdepth,char_sw,integer_fromboole,string_replace,integer_div,string_replacefirst,boolean_frominteger,string_butla,char_isdig,integer_flush,integer_,string_yankdup,char_flu,print_exec,integer_yank,boolean_frominteg,string_emptystring,char_yankd,boolean_ya,string_swap,print_ex,exec_d,integer_max,char_swap,string_contains,char_empty,exec_dup,exec_k,string_frominteg,exec_noop,exec_p,exec_r,exec_s,string_sho,integer_flu,exec_y,boolean_rot,boolean_a,integer_ya,exec_ya,boolean_invert_first_then_a,string_spl,string_occurrencesofch,integer_yankdup,string_replacechar,char_sho,string_fromboolean,print_stri,exec_string_itera,print_newli,string_ta,string_replacefirstchar,string_substring,boolean_stackdepth,string_shove,string_containschar,exec_do*ran,char_yankdup,char_yank,integer_sw,exec_do*times,string_fromch,integer_shove,exec_if,exec_whi,integer_g,char_frominteger,char_frominteg,boolean_dup,string_eq,boolean_not,char_eq,boolean_flush,boolean_pop,string_butlast,exec_swap,string_replacefir,boolean_swap,exec_sw,string_n,print_string,exec_flush,print_newline,integer_a,string_d,string_dup,string_frominteger,string_contai,integer_mod,exec_do*count,string_fir,string_r,integer_fromchar,string_p,integer_inc,boolean_invert_first_then_and,integer_fromstring,exec_rot,integer_m,boolean_d,char_rot,exec_do*cou,string_take,exec_string_iterate,string_split,integer_pop,boolean_n,string_re,boolean_p,boolean_r,exec_pop,string_sw,boolean_x,boolean_emp,string_la,char_emp,boolean_stackdep,string_parse_to_cha,print_char,integer_dup,boolean_invert_second_then_and,integer_sub,string_setch,exec_no,boolean_yank,char_islett,string_ya,string_flu,integer_stackdepth,integer_emp,integer_dec,print_boole,integer_gt,exec,string_indexofchar,in1,char_dup,char_flush,char_pop,integer_lte,string_conjch,exec_flu,string_containsch,boolean_eq,string_flush,print_boolean,integer_d,string_rever,char_,exec_empty,string_last,integer_l,exec_when,integer_i,string_substri,string_nth,string_occurrencesofchar,integer_r,integer_s,integer_p,exec_while,integer_fromboolean,integer_empty,string_fromboole
0.0,0.00465114115748,0.00362323896168,4.18602704173e-05,0.00293021892921,0.00281859154143,0.00104650676043,0.00408370193627,0.00377672661988,0.0,0.00445579322887,0.00126976153599,0.00264184817745,0.0,4.65114115748e-06,0.0,0.0,9.30228231497e-06,4.65114115748e-05,0.0,0.000911623666867,0.000744182585197,1.39534234724e-05,0.000539532374268,0.0,0.00113022730127,0.00262789475398,0.00366044809094,3.25579881024e-05,0.00465114115748,4.65114115748e-06,1.86045646299e-05,0.00334417049223,1.39534234724e-05,0.0,0.00456276947549,0.00437672382919,5.58136938898e-05,2.32557057874e-05,1.39534234724e-05,4.65114115748e-06,4.65114115748e-06,1.39534234724e-05,0.00430230557067,0.00258603448356,0.00322789196329,0.00407439965396,0.000567439221213,0.00335347277455,4.65114115748e-06,0.000353486727969,0.00360928553821,0.00202324640351,0.0,0.00265580160092,9.30228231497e-06,0.00298138148195,0.000651159762048,0.0039488188427,2.32557057874e-05,0.000199999069772,0.0,0.0021116180855,0.000102325105465,2.79068469449e-05,0.00257673220125,0.00174417793406,0.0025813833424,4.65114115748e-06,9.30228231497e-06,1.39534234724e-05,0.0,4.65114115748e-06,1.86045646299e-05,8.37205408347e-05,0.000227905916717,0.000418602704173,0.00323719424561,0.00358137869126,0.000632555197418,1.39534234724e-05,0.000139534234724,0.00439067725266,0.00265580160092,0.0,4.65114115748e-06,0.00451625806392,0.00280463811796,0.00191627015688,0.00172092222827,0.000106976246622,4.18602704173e-05,0.00242324454305,0.000246510481347,0.0021767340617,0.0,1.86045646299e-05,0.00426509644141,0.0,0.000144185375882,9.30228231497e-06,0.0,0.00463253659285,0.0,2.79068469449e-05,0.000404649280701,0.00319533397519,0.00353486727969,0.00396277226618,0.00277208012986,0.00240929111958,0.0,0.0027999869768,1.39534234724e-05,4.65114115748e-06,0.0013023195241,0.0,0.000139534234724,2.32557057874e-05,0.00175348021637,0.0,6.04648350473e-05,9.30228231497e-06,4.18602704173e-05,9.30228231497e-06,1.86045646299e-05,0.00210696694434,0.00172557336943,3.72091292599e-05,0.00464649001633,4.65114115748e-06,2.32557057874e-05,0.0,1.39534234724e-05,0.00294417235269,0.00250696508388,0.00454881605202,0.000186045646299,0.00366975037325,9.30228231497e-06,0.00151162087618,0.00100929763117,0.0,0.0027999869768,4.65114115748e-06,0.00055348579774,0.00169766652248,9.76739643071e-05,0.0,0.00249766280157,4.65114115748e-06,0.00101859991349,0.000460462974591,0.00382788917261,0.00141859805303,0.00129301724178,0.0044743977935,0.00410695764206,0.00135348207683,0.0,0.00310231115204,9.30228231497e-06,2.32557057874e-05,0.00414881791247,5.58136938898e-05,6.04648350473e-05,0.000195347928614,0.0,0.00167441081669,0.00141394691187,2.32557057874e-05,0.00440928181729,0.00299068376426,0.0,6.04648350473e-05,0.0035116115739,0.00013023195241,0.00458602518128,0.00370230836136,0.00242324454305,0.0028883586588,4.18602704173e-05,4.65114115748e-06,0.00227440802601,1.86045646299e-05,0.00299998604658,0.00126511039484,0.000948832796127,0.000734880302882,2.32557057874e-05,0.000190696787457,0.00013023195241,0.0,0.000446509551118,2.32557057874e-05,4.65114115748e-06,5.58136938898e-05,0.0,9.30228231497e-06,0.000269766187134,1.86045646299e-05,0.00420463160636,0.00241394226073,0.0043534681234,0.00465114115748,1.39534234724e-05,0.0,0.00327440337487,0.0,4.65114115748e-06,0.0,0.00364184352631,4.65114115748e-06,0.0038511448784,0.0,0.00423718959447,1.39534234724e-05,0.001772084781,0.00465114115748,0.000809298561402,0.00349300700927,0.00192092129804,0.00218603634402,4.65114115748e-06,0.0,4.65114115748e-06,0.00429300328836,0.000451160692276,0.000106976246622,0.000376742433756,4.65114115748e-05,0.0,0.00413951563016,0.0007767405733,4.65114115748e-05,0.000897670243394,6.51159762048e-05,4.65114115748e-06,0.00250696508388,0.00445114208771,0.0,0.000306975316394,4.65114115748e-06,0.00383254031377,0.000772089432142,0.00334417049223,0.00013023195241
Gen 215
string_,string_rot,integer_swap,exec_sho,integer_gte,boolean_shove,boolean_and,string_pop,exec_eq,string_yankd,string_parse_to_chars,integer_lt,string_stackdepth,exec_do*whi,char_r,char_p,boolean_sw,integer_sho,boolean_invert_second_then_a,print_integ,char_iswhitespace,string_removechar,exec_emp,string_first,string_conc,string_yank,string_concat,string_setchar,exec_yankd,string_length,string_replacefirstch,char_d,integer_eq,exec_do*tim,string_emptystri,string_reverse,exec_yankdup,string_repla,exec_,char_ya,integer_mu,string_replacech,boolean_yankd,char_isletter,integer_add,string_empty,char_isdigit,print_integer,exec_shove,integer_fromstri,string_conjchar,boolean_or,boolean_empty,exec_wh,string_fromchar,integer_yankd,exec_do*while,integer_rot,string_rest,boolean_flu,integer_stackdep,char_iswhitespa,char_allfromstring,boolean_,char_allfromstri,exec_stackdepth,exec_do*range,char_shove,char_stackdep,string_removech,exec_stackdep,boolean_sho,string_indexofch,string_stackdep,string_leng,print_ch,integer_mult,boolean_xor,boolean_yankdup,integer_min,string_emp,integer_fromch,exec_yank,char_stackdepth,char_sw,integer_fromboole,string_replace,integer_div,string_replacefirst,boolean_frominteger,string_butla,char_isdig,integer_flush,integer_,string_yankdup,char_flu,print_exec,integer_yank,boolean_frominteg,string_emptystring,char_yankd,boolean_ya,string_swap,print_ex,exec_d,integer_max,char_swap,string_contains,char_empty,exec_dup,exec_k,string_frominteg,exec_noop,exec_p,exec_r,exec_s,string_sho,integer_flu,exec_y,boolean_rot,boolean_a,integer_ya,exec_ya,boolean_invert_first_then_a,string_spl,string_occurrencesofch,integer_yankdup,string_replacechar,char_sho,string_fromboolean,print_stri,exec_string_itera,print_newli,string_ta,string_replacefirstchar,string_substring,boolean_stackdepth,string_shove,string_containschar,exec_do*ran,char_yankdup,char_yank,integer_sw,exec_do*times,string_fromch,integer_shove,exec_if,exec_whi,integer_g,char_frominteger,char_frominteg,boolean_dup,string_eq,boolean_not,char_eq,boolean_flush,boolean_pop,string_butlast,exec_swap,string_replacefir,boolean_swap,exec_sw,string_n,print_string,exec_flush,print_newline,integer_a,string_d,string_dup,string_frominteger,string_contai,integer_mod,exec_do*count,string_fir,string_r,integer_fromchar,string_p,integer_inc,boolean_invert_first_then_and,integer_fromstring,exec_rot,integer_m,boolean_d,char_rot,exec_do*cou,string_take,exec_string_iterate,string_split,integer_pop,boolean_n,string_re,boolean_p,boolean_r,exec_pop,string_sw,boolean_x,boolean_emp,string_la,char_emp,boolean_stackdep,string_parse_to_cha,print_char,integer_dup,boolean_invert_second_then_and,integer_sub,string_setch,exec_no,boolean_yank,char_islett,string_ya,string_flu,integer_stackdepth,integer_emp,integer_dec,print_boole,integer_gt,exec,string_indexofchar,in1,char_dup,char_flush,char_pop,integer_lte,string_conjch,exec_flu,string_containsch,boolean_eq,string_flush,print_boolean,integer_d,string_rever,char_,exec_empty,string_last,integer_l,exec_when,integer_i,string_substri,string_nth,string_occurrencesofchar,integer_r,integer_s,integer_p,exec_while,integer_fromboolean,integer_empty,string_fromboole
4.62960819626e-06,0.00462497858806,0.00379164911274,6.01849065514e-05,0.00280554256693,0.00283332021611,0.0012361053884,0.00406016638812,0.0037129457734,0.0,0.00448146073398,0.00126851264577,0.00251387725057,4.62960819626e-06,0.0,0.0,4.62960819626e-06,9.25921639252e-06,2.77776491776e-05,0.0,0.00090277359827,0.000708330054028,2.31480409813e-05,0.000782403785168,9.25921639252e-06,0.00113425400808,0.00258332137351,0.0037129457734,2.31480409813e-05,0.00462960819626,9.25921639252e-06,1.8518432785e-05,0.00342128045703,1.38888245888e-05,0.0,0.00455090485692,0.00428701718974,5.55552983551e-05,6.01849065514e-05,2.77776491776e-05,9.25921639252e-06,0.0,4.62960819626e-06,0.0043333132717,0.00238887782927,0.00326387377836,0.00406479599631,0.000560182591747,0.00337035476688,4.62960819626e-06,0.000365739047504,0.00368516812422,0.00206017564733,0.0,0.00268054314563,2.77776491776e-05,0.00280091295874,0.000564812199944,0.00387035245207,4.62960819626e-05,0.000166665895065,0.0,0.00216665663585,0.000138888245888,1.8518432785e-05,0.00271295040301,0.00177313993917,0.00264350628006,0.0,0.0,2.77776491776e-05,0.0,0.0,2.31480409813e-05,7.40737311401e-05,0.000175925111458,0.000370368655701,0.00324535534558,0.00356942791932,0.000578701024532,0.0,0.000152777070477,0.00433794287989,0.00268980236203,4.62960819626e-06,4.62960819626e-06,0.0045833121143,0.00292591238004,0.00199536113259,0.00163425169328,0.000162036286869,3.70368655701e-05,0.00226387840797,0.000333331790131,0.00211573094569,4.62960819626e-06,4.16664737663e-05,0.00428701718974,4.62960819626e-06,6.94441229439e-05,4.62960819626e-06,4.62960819626e-06,0.00459257133069,0.0,2.31480409813e-05,0.00042129434586,0.0033425771177,0.00364350165046,0.00397683344059,0.00274072805218,0.00245832195221,4.62960819626e-06,0.00288887551447,4.62960819626e-06,9.25921639252e-06,0.00141666010806,4.62960819626e-06,7.40737311401e-05,5.55552983551e-05,0.00168980699163,4.62960819626e-06,5.55552983551e-05,2.31480409813e-05,2.31480409813e-05,9.25921639252e-06,4.62960819626e-06,0.00211573094569,0.00157869639492,5.09256901588e-05,0.00462960819626,9.25921639252e-06,4.62960819626e-06,0.0,9.25921639252e-06,0.00308331905871,0.0027175800112,0.00456016407331,0.00011111059671,0.00394442618321,0.0,0.00157406678673,0.00110184675071,0.0,0.00283794982431,1.38888245888e-05,0.00064351553928,0.00153702992116,8.33329475327e-05,2.77776491776e-05,0.00243517391123,4.62960819626e-06,0.00114351322448,0.000374998263897,0.00372683459799,0.00124999421299,0.00129629029495,0.00439349817825,0.00425460993236,0.00129166068676,0.0,0.0032175776964,1.8518432785e-05,2.77776491776e-05,0.00423146189138,6.94441229439e-05,6.01849065514e-05,0.00014814746228,4.62960819626e-06,0.00158795561132,0.00132869755233,2.31480409813e-05,0.00439349817825,0.00295369002921,4.62960819626e-06,6.94441229439e-05,0.00372220498979,0.000129629029495,0.00454627524873,0.00360646478489,0.00246758116861,0.00315739278985,5.55552983551e-05,0.0,0.0023518409637,2.31480409813e-05,0.00316202239804,0.00119443891463,0.00107869870973,0.000787033393364,1.8518432785e-05,0.000175925111458,9.25921639252e-05,0.0,0.000462960819626,3.70368655701e-05,9.25921639252e-06,3.24072573738e-05,0.0,1.38888245888e-05,0.000189813936047,1.8518432785e-05,0.00431479483891,0.00260646941449,0.00418979541761,0.00462497858806,4.16664737663e-05,0.0,0.0033425771177,0.0,4.62960819626e-06,4.62960819626e-06,0.00369442734061,9.25921639252e-06,0.00385183401929,4.62960819626e-06,0.00422220267499,1.38888245888e-05,0.00168517738344,0.00462960819626,0.000925921639252,0.00357868713571,0.00213887898667,0.00218517506863,4.62960819626e-06,0.0,0.0,0.0043286836635,0.000342591006523,0.000115740204906,0.000333331790131,5.09256901588e-05,0.0,0.00416664737663,0.000819440650738,4.16664737663e-05,0.000847218299915,5.55552983551e-05,9.25921639252e-06,0.00232406331452,0.00438886857005,0.0,0.000328702181934,4.62960819626e-06,0.00388424127666,0.000800922217953,0.00320368887181,0.000199073152439
Gen 216
string_,string_rot,integer_swap,exec_sho,integer_gte,boolean_shove,boolean_and,string_pop,exec_eq,string_yankd,string_parse_to_chars,integer_lt,string_stackdepth,exec_do*whi,char_r,char_p,boolean_sw,integer_sho,boolean_invert_second_then_a,print_integ,char_iswhitespace,string_removechar,exec_emp,string_first,string_conc,string_yank,string_concat,string_setchar,exec_yankd,string_length,string_replacefirstch,char_d,integer_eq,exec_do*tim,string_emptystri,string_reverse,exec_yankdup,string_repla,exec_,char_ya,integer_mu,string_replacech,boolean_yankd,char_isletter,integer_add,string_empty,char_isdigit,print_integer,exec_shove,integer_fromstri,string_conjchar,boolean_or,boolean_empty,exec_wh,string_fromchar,integer_yankd,exec_do*while,integer_rot,string_rest,boolean_flu,integer_stackdep,char_iswhitespa,char_allfromstring,boolean_,char_allfromstri,exec_stackdepth,exec_do*range,char_shove,char_stackdep,string_removech,exec_stackdep,boolean_sho,string_indexofch,string_stackdep,string_leng,print_ch,integer_mult,boolean_xor,boolean_yankdup,integer_min,string_emp,integer_fromch,exec_yank,char_stackdepth,char_sw,integer_fromboole,string_replace,integer_div,string_replacefirst,boolean_frominteger,string_butla,char_isdig,integer_flush,integer_,string_yankdup,char_flu,print_exec,integer_yank,boolean_frominteg,string_emptystring,char_yankd,boolean_ya,string_swap,print_ex,exec_d,integer_max,char_swap,string_contains,char_empty,exec_dup,exec_k,string_frominteg,exec_noop,exec_p,exec_r,exec_s,string_sho,integer_flu,exec_y,boolean_rot,boolean_a,integer_ya,exec_ya,boolean_invert_first_then_a,string_spl,string_occurrencesofch,integer_yankdup,string_replacechar,char_sho,string_fromboolean,print_stri,exec_string_itera,print_newli,string_ta,string_replacefirstchar,string_substring,boolean_stackdepth,string_shove,string_containschar,exec_do*ran,char_yankdup,char_yank,integer_sw,exec_do*times,string_fromch,integer_shove,exec_if,exec_whi,integer_g,char_frominteger,char_frominteg,boolean_dup,string_eq,boolean_not,char_eq,boolean_flush,boolean_pop,string_butlast,exec_swap,string_replacefir,boolean_swap,exec_sw,string_n,print_string,exec_flush,print_newline,integer_a,string_d,string_dup,string_frominteger,string_contai,integer_mod,exec_do*count,string_fir,string_r,integer_fromchar,string_p,integer_inc,boolean_invert_first_then_and,integer_fromstring,exec_rot,integer_m,boolean_d,char_rot,exec_do*cou,string_take,exec_string_iterate,string_split,integer_pop,boolean_n,string_re,boolean_p,boolean_r,exec_pop,string_sw,boolean_x,boolean_emp,string_la,char_emp,boolean_stackdep,string_parse_to_cha,print_char,integer_dup,boolean_invert_second_then_and,integer_sub,string_setch,exec_no,boolean_yank,char_islett,string_ya,string_flu,integer_stackdepth,integer_emp,integer_dec,print_boole,integer_gt,exec,string_indexofchar,in1,char_dup,char_flush,char_pop,integer_lte,string_conjch,exec_flu,string_containsch,boolean_eq,string_flush,print_boolean,integer_d,string_rever,char_,exec_empty,string_last,integer_l,exec_when,integer_i,string_substri,string_nth,string_occurrencesofchar,integer_r,integer_s,integer_p,exec_while,integer_fromboolean,integer_empty,string_fromboole
0.0,0.00458984059981,0.00387094990346,8.29489265026e-05,0.00278339731153,0.00284791314326,0.00122580080276,0.0040921470408,0.00367740240828,0.0,0.00441933447311,0.00127188353971,0.00262210773222,0.0,3.68661895567e-05,4.60827369459e-06,0.0,2.3041368473e-05,6.45158317243e-05,0.0,0.000986170570643,0.000741932064829,9.21654738918e-06,0.000645158317243,1.38248210838e-05,0.00124884217123,0.00257602499528,0.00377417615587,2.76496421675e-05,0.00460827369459,1.38248210838e-05,2.3041368473e-05,0.00310597647015,6.45158317243e-05,0.0,0.00449767512592,0.00427647798858,4.60827369459e-05,4.14744632513e-05,4.60827369459e-06,4.60827369459e-06,9.21654738918e-06,4.60827369459e-06,0.00431334417814,0.0023824775001,0.00314745093341,0.00395850710365,0.000649766590937,0.0034930714605,9.21654738918e-06,0.000410136358819,0.00358984520809,0.00202764042562,0.0,0.00280643868001,1.84330947784e-05,0.0028110469537,0.0005115183801,0.0039170326404,4.60827369459e-06,0.0001705061267,0.0,0.00223962101557,8.75572001972e-05,4.60827369459e-06,0.0027280980272,0.00169584471961,0.00290321242759,0.0,4.60827369459e-06,5.06910106405e-05,4.60827369459e-06,0.0,2.3041368473e-05,7.37323791135e-05,0.000184330947784,0.000313362611232,0.00322118331252,0.00352993765006,0.000552992843351,4.60827369459e-06,0.000115206842365,0.0044331592942,0.00244699333183,0.0,2.76496421675e-05,0.00454836613656,0.00282948004848,0.0017004529933,0.00177879364611,9.21654738918e-05,3.22579158621e-05,0.00246081815291,0.000235021958424,0.00211980589951,1.38248210838e-05,3.68661895567e-05,0.00435942691508,4.60827369459e-06,5.06910106405e-05,2.3041368473e-05,0.0,0.00458984059981,0.0,4.60827369459e-06,0.000423961179902,0.00309675992277,0.00344238044986,0.0037511347874,0.00256680844789,0.00234561131055,1.38248210838e-05,0.00293547034345,4.60827369459e-06,4.60827369459e-06,0.00155298823508,4.60827369459e-06,0.000129031663449,3.22579158621e-05,0.00174653573025,0.0,2.76496421675e-05,9.21654738918e-06,3.22579158621e-05,0.0,2.3041368473e-05,0.00215206381537,0.00167280335114,8.29489265026e-05,0.00460827369459,9.21654738918e-06,0.0,0.0,2.3041368473e-05,0.00294929516454,0.00270966493242,0.004511499947,9.67737475864e-05,0.00397233192474,4.60827369459e-06,0.00167280335114,0.000944696107391,0.0,0.00261289118483,9.21654738918e-06,0.00079262307547,0.0015345551403,8.29489265026e-05,1.38248210838e-05,0.00218432173124,4.60827369459e-06,0.0011889346132,0.000317970884927,0.0038340837139,0.00131335800296,0.00132257455035,0.00429491108336,0.00416127114622,0.00117971806582,4.60827369459e-06,0.00313823438602,6.45158317243e-05,1.38248210838e-05,0.00412440495666,5.06910106405e-05,3.68661895567e-05,0.000175114400394,4.60827369459e-06,0.00147464758227,0.00101382021281,9.21654738918e-06,0.00431334417814,0.00310136819646,4.60827369459e-06,4.60827369459e-05,0.00370505205045,5.99075580297e-05,0.00446080893636,0.00352532937636,0.00243777678444,0.00313823438602,5.06910106405e-05,9.21654738918e-06,0.00222118792079,5.06910106405e-05,0.00323039985991,0.00120736770798,0.00123040907646,0.000769581706997,3.22579158621e-05,0.000165897853005,8.75572001972e-05,4.60827369459e-06,0.000635941769854,3.68661895567e-05,2.3041368473e-05,5.06910106405e-05,0.0,2.3041368473e-05,0.000248846779508,1.84330947784e-05,0.0042626531675,0.00279722213262,0.00422578697794,0.00460827369459,6.91241054189e-05,4.60827369459e-06,0.00310597647015,4.60827369459e-06,9.21654738918e-06,0.0,0.00370505205045,4.60827369459e-06,0.00369122722937,0.0,0.00420735388316,9.21654738918e-06,0.00135483246621,0.00460827369459,0.000797231349164,0.00350689628158,0.00207372316257,0.00227187893143,4.60827369459e-06,0.0,4.60827369459e-06,0.00429491108336,0.000396311537735,0.00011059856867,0.000396311537735,6.45158317243e-05,0.0,0.00436864346247,0.000815664443943,4.14744632513e-05,0.00090322164414,2.3041368473e-05,9.21654738918e-06,0.00244238505813,0.00439629310464,9.21654738918e-06,0.000248846779508,9.21654738918e-06,0.00382947544021,0.000788014801775,0.0032396164073,0.000175114400394
Gen 217
string_,string_rot,integer_swap,exec_sho,integer_gte,boolean_shove,boolean_and,string_pop,exec_eq,string_yankd,string_parse_to_chars,integer_lt,string_stackdepth,exec_do*whi,char_r,char_p,boolean_sw,integer_sho,boolean_invert_second_then_a,print_integ,char_iswhitespace,string_removechar,exec_emp,string_first,string_conc,string_yank,string_concat,string_setchar,exec_yankd,string_length,string_replacefirstch,char_d,integer_eq,exec_do*tim,string_emptystri,string_reverse,exec_yankdup,string_repla,exec_,char_ya,integer_mu,string_replacech,boolean_yankd,char_isletter,integer_add,string_empty,char_isdigit,print_integer,exec_shove,integer_fromstri,string_conjchar,boolean_or,boolean_empty,exec_wh,string_fromchar,integer_yankd,exec_do*while,integer_rot,string_rest,boolean_flu,integer_stackdep,char_iswhitespa,char_allfromstring,boolean_,char_allfromstri,exec_stackdepth,exec_do*range,char_shove,char_stackdep,string_removech,exec_stackdep,boolean_sho,string_indexofch,string_stackdep,string_leng,print_ch,integer_mult,boolean_xor,boolean_yankdup,integer_min,string_emp,integer_fromch,exec_yank,char_stackdepth,char_sw,integer_fromboole,string_replace,integer_div,string_replacefirst,boolean_frominteger,string_butla,char_isdig,integer_flush,integer_,string_yankdup,char_flu,print_exec,integer_yank,boolean_frominteg,string_emptystring,char_yankd,boolean_ya,string_swap,print_ex,exec_d,integer_max,char_swap,string_contains,char_empty,exec_dup,exec_k,string_frominteg,exec_noop,exec_p,exec_r,exec_s,string_sho,integer_flu,exec_y,boolean_rot,boolean_a,integer_ya,exec_ya,boolean_invert_first_then_a,string_spl,string_occurrencesofch,integer_yankdup,string_replacechar,char_sho,string_fromboolean,print_stri,exec_string_itera,print_newli,string_ta,string_replacefirstchar,string_substring,boolean_stackdepth,string_shove,string_containschar,exec_do*ran,char_yankdup,char_yank,integer_sw,exec_do*times,string_fromch,integer_shove,exec_if,exec_whi,integer_g,char_frominteger,char_frominteg,boolean_dup,string_eq,boolean_not,char_eq,boolean_flush,boolean_pop,string_butlast,exec_swap,string_replacefir,boolean_swap,exec_sw,string_n,print_string,exec_flush,print_newline,integer_a,string_d,string_dup,string_frominteger,string_contai,integer_mod,exec_do*count,string_fir,string_r,integer_fromchar,string_p,integer_inc,boolean_invert_first_then_and,integer_fromstring,exec_rot,integer_m,boolean_d,char_rot,exec_do*cou,string_take,exec_string_iterate,string_split,integer_pop,boolean_n,string_re,boolean_p,boolean_r,exec_pop,string_sw,boolean_x,boolean_emp,string_la,char_emp,boolean_stackdep,string_parse_to_cha,print_char,integer_dup,boolean_invert_second_then_and,integer_sub,string_setch,exec_no,boolean_yank,char_islett,string_ya,string_flu,integer_stackdepth,integer_emp,integer_dec,print_boole,integer_gt,exec,string_indexofchar,in1,char_dup,char_flush,char_pop,integer_lte,string_conjch,exec_flu,string_containsch,boolean_eq,string_flush,print_boolean,integer_d,string_rever,char_,exec_empty,string_last,integer_l,exec_when,integer_i,string_substri,string_nth,string_occurrencesofchar,integer_r,integer_s,integer_p,exec_while,integer_fromboolean,integer_empty,string_fromboole
0.0,0.00458254778648,0.00385319333398,5.96327539782e-05,0.00266971252425,0.0030229219132,0.00107797670653,0.00401374305622,0.00364677226251,4.5871349214e-06,0.00444952087376,0.00111926092082,0.00243118150834,0.0,2.75228095284e-05,0.0,4.5871349214e-06,9.1742698428e-06,5.04584841354e-05,0.0,0.000908252714437,0.000614676079468,2.2935674607e-05,0.000825684285852,4.5871349214e-06,0.00136696620658,0.00252292420677,0.00358255237361,4.5871349214e-05,0.0045871349214,9.1742698428e-06,9.1742698428e-06,0.00317429736561,1.37614047642e-05,0.0,0.00447245654836,0.00419264131816,5.96327539782e-05,3.21099444498e-05,1.37614047642e-05,9.1742698428e-06,4.5871349214e-06,1.37614047642e-05,0.00432108109596,0.00247705285756,0.00304585758781,0.00387154187366,0.00062385034931,0.00343117692121,1.37614047642e-05,0.000353209388948,0.00368346934188,0.00211008206384,0.0,0.00257338269091,3.21099444498e-05,0.00291283067509,0.000706418777896,0.00381190911968,1.83485396856e-05,0.000169723992092,0.0,0.00219265049243,0.000100916968271,2.2935674607e-05,0.00268347392902,0.00198164228604,0.00272475814331,4.5871349214e-06,0.0,1.83485396856e-05,0.0,0.0,3.21099444498e-05,0.000123852642878,0.000220182476227,0.000385319333398,0.00310549034179,0.00348163540534,0.000610088944546,4.5871349214e-06,0.000123852642878,0.0043302553658,0.00244035577818,9.1742698428e-06,3.66970793712e-05,0.00451832789758,0.0026146669052,0.00192200953207,0.0017155884606,5.04584841354e-05,3.66970793712e-05,0.00250916280201,0.000220182476227,0.00233485167499,1.83485396856e-05,2.2935674607e-05,0.00441282379439,0.0,0.000114678373035,1.37614047642e-05,0.0,0.00455961211187,0.0,9.1742698428e-06,0.000605501809625,0.00323393011959,0.00357337810377,0.00373851496094,0.0024220072385,0.00231650313531,9.1742698428e-06,0.00290824354017,9.1742698428e-06,4.5871349214e-06,0.00155962587328,0.0,9.63298333494e-05,5.96327539782e-05,0.00193118380191,0.0,3.21099444498e-05,9.1742698428e-06,5.50456190568e-05,4.5871349214e-06,5.96327539782e-05,0.00219265049243,0.00157338727804,3.66970793712e-05,0.0045871349214,1.37614047642e-05,4.5871349214e-06,0.0,1.83485396856e-05,0.00297246342907,0.00260090550043,0.00444493373884,0.00016513685717,0.00389906468319,0.0,0.00185778964317,0.000756877262031,4.5871349214e-06,0.00268347392902,3.21099444498e-05,0.000605501809625,0.0015642130082,5.96327539782e-05,4.5871349214e-06,0.00199540369081,1.83485396856e-05,0.00126146210338,0.000298163769891,0.00368346934188,0.0013073334526,0.00155503873835,0.00419722845308,0.0041146600245,0.00122935215894,0.0,0.00307338039734,4.12842142926e-05,1.83485396856e-05,0.00411924715942,4.5871349214e-05,4.12842142926e-05,0.000114678373035,0.0,0.00118348080972,0.00100458254779,4.5871349214e-06,0.00427979688167,0.00322016871482,4.5871349214e-06,4.5871349214e-05,0.00369723074665,9.1742698428e-05,0.00448163081821,0.00343117692121,0.00254585988138,0.00304585758781,7.33941587424e-05,0.0,0.00213760487337,2.75228095284e-05,0.00317888450053,0.0011146737859,0.00145412177008,0.000821097150931,1.83485396856e-05,0.000146788317485,0.000142201182563,1.83485396856e-05,0.000747702992188,3.66970793712e-05,1.83485396856e-05,4.5871349214e-05,0.0,9.1742698428e-06,0.000220182476227,2.2935674607e-05,0.00410548575465,0.00258714409567,0.00421098985784,0.0045871349214,2.75228095284e-05,0.0,0.0029357663497,0.0,4.5871349214e-06,0.0,0.00350915821487,1.37614047642e-05,0.00359172664346,0.0,0.00414676996895,1.37614047642e-05,0.00138531474626,0.0045871349214,0.000637611754075,0.00339906697676,0.00222017330196,0.00225228324641,4.5871349214e-06,0.0,9.1742698428e-06,0.00423851266737,0.000454126357219,0.00016513685717,0.000344035119105,4.12842142926e-05,4.5871349214e-06,0.00435319104041,0.000990821143022,3.66970793712e-05,0.000977059738258,2.2935674607e-05,4.5871349214e-06,0.00215136627814,0.0043302553658,0.0,0.000339447984184,9.1742698428e-06,0.00379356058,0.000908252714437,0.00307796753226,0.00019724680162
Gen 218
string_,string_rot,integer_swap,exec_sho,integer_gte,boolean_shove,boolean_and,string_pop,exec_eq,string_yankd,string_parse_to_chars,integer_lt,string_stackdepth,exec_do*whi,char_r,char_p,boolean_sw,integer_sho,boolean_invert_second_then_a,print_integ,char_iswhitespace,string_removechar,exec_emp,string_first,string_conc,string_yank,string_concat,string_setchar,exec_yankd,string_length,string_replacefirstch,char_d,integer_eq,exec_do*tim,string_emptystri,string_reverse,exec_yankdup,string_repla,exec_,char_ya,integer_mu,string_replacech,boolean_yankd,char_isletter,integer_add,string_empty,char_isdigit,print_integer,exec_shove,integer_fromstri,string_conjchar,boolean_or,boolean_empty,exec_wh,string_fromchar,integer_yankd,exec_do*while,integer_rot,string_rest,boolean_flu,integer_stackdep,char_iswhitespa,char_allfromstring,boolean_,char_allfromstri,exec_stackdepth,exec_do*range,char_shove,char_stackdep,string_removech,exec_stackdep,boolean_sho,string_indexofch,string_stackdep,string_leng,print_ch,integer_mult,boolean_xor,boolean_yankdup,integer_min,string_emp,integer_fromch,exec_yank,char_stackdepth,char_sw,integer_fromboole,string_replace,integer_div,string_replacefirst,boolean_frominteger,string_butla,char_isdig,integer_flush,integer_,string_yankdup,char_flu,print_exec,integer_yank,boolean_frominteg,string_emptystring,char_yankd,boolean_ya,string_swap,print_ex,exec_d,integer_max,char_swap,string_contains,char_empty,exec_dup,exec_k,string_frominteg,exec_noop,exec_p,exec_r,exec_s,string_sho,integer_flu,exec_y,boolean_rot,boolean_a,integer_ya,exec_ya,boolean_invert_first_then_a,string_spl,string_occurrencesofch,integer_yankdup,string_replacechar,char_sho,string_fromboolean,print_stri,exec_string_itera,print_newli,string_ta,string_replacefirstchar,string_substring,boolean_stackdepth,string_shove,string_containschar,exec_do*ran,char_yankdup,char_yank,integer_sw,exec_do*times,string_fromch,integer_shove,exec_if,exec_whi,integer_g,char_frominteger,char_frominteg,boolean_dup,string_eq,boolean_not,char_eq,boolean_flush,boolean_pop,string_butlast,exec_swap,string_replacefir,boolean_swap,exec_sw,string_n,print_string,exec_flush,print_newline,integer_a,string_d,string_dup,string_frominteger,string_contai,integer_mod,exec_do*count,string_fir,string_r,integer_fromchar,string_p,integer_inc,boolean_invert_first_then_and,integer_fromstring,exec_rot,integer_m,boolean_d,char_rot,exec_do*cou,string_take,exec_string_iterate,string_split,integer_pop,boolean_n,string_re,boolean_p,boolean_r,exec_pop,string_sw,boolean_x,boolean_emp,string_la,char_emp,boolean_stackdep,string_parse_to_cha,print_char,integer_dup,boolean_invert_second_then_and,integer_sub,string_setch,exec_no,boolean_yank,char_islett,string_ya,string_flu,integer_stackdepth,integer_emp,integer_dec,print_boole,integer_gt,exec,string_indexofchar,in1,char_dup,char_flush,char_pop,integer_lte,string_conjch,exec_flu,string_containsch,boolean_eq,string_flush,print_boolean,integer_d,string_rever,char_,exec_empty,string_last,integer_l,exec_when,integer_i,string_substri,string_nth,string_occurrencesofchar,integer_r,integer_s,integer_p,exec_while,integer_fromboolean,integer_empty,string_fromboole
0.0,0.00456162300629,0.00385386368099,6.39266487368e-05,0.00268035305775,0.00300911867982,0.00110045159611,0.00405934219478,0.00360272327524,4.56618919548e-06,0.00447943160077,0.00120090775841,0.00246117597637,9.13237839097e-06,1.36985675864e-05,9.13237839097e-06,0.0,0.0,5.47942703458e-05,0.0,0.000863009757946,0.000639266487368,1.36985675864e-05,0.000762553595646,4.56618919548e-06,0.0011141501637,0.00256619832786,0.00367578230236,4.56618919548e-05,0.00456618919548,4.56618919548e-06,4.56618919548e-06,0.00326025908557,1.82647567819e-05,0.0,0.00441550495203,0.00409587170835,4.10957027593e-05,4.10957027593e-05,4.56618919548e-06,1.82647567819e-05,4.56618919548e-06,4.56618919548e-06,0.00433331354651,0.00244747740878,0.00309587627454,0.0039451874649,0.000621001730586,0.00344747284259,4.56618919548e-06,0.00033333181127,0.00364838516719,0.00197259373245,0.0,0.00259816165223,4.56618919548e-05,0.00305934676097,0.000666663622541,0.00382646654581,0.0,0.000146118054255,0.0,0.00216437367866,0.000132419486669,9.13237839097e-06,0.00278537540924,0.00203652038119,0.00261186021982,4.56618919548e-06,4.56618919548e-06,1.82647567819e-05,0.0,0.0,1.36985675864e-05,9.13237839097e-05,0.000196346135406,0.00047488367633,0.00314153816649,0.00342920808581,0.000666663622541,4.56618919548e-06,0.000182647567819,0.00437440924927,0.0027260149497,4.56618919548e-06,3.19633243684e-05,0.00451596111433,0.00277624303085,0.00215067511107,0.00178537997543,7.30590271277e-05,5.02280811503e-05,0.00248857311154,0.000223743270579,0.00229222697613,3.19633243684e-05,6.84928379322e-05,0.00437440924927,4.56618919548e-06,0.000146118054255,1.36985675864e-05,1.36985675864e-05,0.0045524906279,0.0,1.82647567819e-05,0.000534244135872,0.00329222240994,0.00364838516719,0.00381276797823,0.00254336738188,0.00210957940831,0.0,0.00308674389615,0.0,4.56618919548e-06,0.00144748197497,0.0,7.76252163232e-05,3.65295135639e-05,0.00209588084073,0.0,2.73971351729e-05,4.56618919548e-06,5.02280811503e-05,4.56618919548e-06,0.000136985675864,0.00210501321912,0.00156620289405,3.19633243684e-05,0.00456618919548,2.28309459774e-05,9.13237839097e-06,0.0,1.82647567819e-05,0.00299998630143,0.00257076451706,0.00447943160077,0.00023287564897,0.00392692270812,4.56618919548e-06,0.00194063040808,0.000794516920014,9.13237839097e-06,0.00278080922005,9.13237839097e-06,0.0007077593253,0.00154337194807,5.02280811503e-05,4.56618919548e-06,0.00211414559751,1.36985675864e-05,0.00124656965037,0.000561641271044,0.003643818978,0.00132419486669,0.00168492381313,0.00420546024904,0.00410043789754,0.00125570202876,0.0,0.00300911867982,3.65295135639e-05,2.28309459774e-05,0.00409587170835,3.65295135639e-05,5.02280811503e-05,0.000109588540692,0.0,0.00119177538002,0.00103652494737,9.13237839097e-06,0.00421915881663,0.0029269272743,0.0,3.19633243684e-05,0.00361185565363,0.000178081378624,0.00449769635755,0.00345203903179,0.00265295592258,0.00301825105821,7.30590271277e-05,0.0,0.00224656508418,1.36985675864e-05,0.00332875192351,0.00118720919083,0.00166665905635,0.0007077593253,4.56618919548e-06,0.000187213757015,0.000178081378624,0.0,0.000744288838864,4.10957027593e-05,9.13237839097e-06,5.47942703458e-05,0.0,9.13237839097e-06,0.000196346135406,9.13237839097e-06,0.00407304076237,0.00269861781453,0.00416893073548,0.00456618919548,3.19633243684e-05,1.82647567819e-05,0.00307761151776,4.56618919548e-06,9.13237839097e-06,4.56618919548e-06,0.00351596568052,1.36985675864e-05,0.00368491468075,4.56618919548e-06,0.0041415336003,2.73971351729e-05,0.00154337194807,0.00456618919548,0.000520545568285,0.00342464189661,0.00236985219246,0.00215067511107,0.0,0.0,0.0,0.00413696741111,0.00056620746024,0.00014155186506,0.000251140405752,1.36985675864e-05,0.0,0.00437440924927,0.00122830489358,2.28309459774e-05,0.00109131921772,4.10957027593e-05,4.56618919548e-06,0.0023287564897,0.00428765165456,4.56618919548e-06,0.000347030378857,1.82647567819e-05,0.0037397089511,0.000744288838864,0.00304108200419,0.000219177081383
Gen 219
string_,string_rot,integer_swap,exec_sho,integer_gte,boolean_shove,boolean_and,string_pop,exec_eq,string_yankd,string_parse_to_chars,integer_lt,string_stackdepth,exec_do*whi,char_r,char_p,boolean_sw,integer_sho,boolean_invert_second_then_a,print_integ,char_iswhitespace,string_removechar,exec_emp,string_first,string_conc,string_yank,string_concat,string_setchar,exec_yankd,string_length,string_replacefirstch,char_d,integer_eq,exec_do*tim,string_emptystri,string_reverse,exec_yankdup,string_repla,exec_,char_ya,integer_mu,string_replacech,boolean_yankd,char_isletter,integer_add,string_empty,char_isdigit,print_integer,exec_shove,integer_fromstri,string_conjchar,boolean_or,boolean_empty,exec_wh,string_fromchar,integer_yankd,exec_do*while,integer_rot,string_rest,boolean_flu,integer_stackdep,char_iswhitespa,char_allfromstring,boolean_,char_allfromstri,exec_stackdepth,exec_do*range,char_shove,char_stackdep,string_removech,exec_stackdep,boolean_sho,string_indexofch,string_stackdep,string_leng,print_ch,integer_mult,boolean_xor,boolean_yankdup,integer_min,string_emp,integer_fromch,exec_yank,char_stackdepth,char_sw,integer_fromboole,string_replace,integer_div,string_replacefirst,boolean_frominteger,string_butla,char_isdig,integer_flush,integer_,string_yankdup,char_flu,print_exec,integer_yank,boolean_frominteg,string_emptystring,char_yankd,boolean_ya,string_swap,print_ex,exec_d,integer_max,char_swap,string_contains,char_empty,exec_dup,exec_k,string_frominteg,exec_noop,exec_p,exec_r,exec_s,string_sho,integer_flu,exec_y,boolean_rot,boolean_a,integer_ya,exec_ya,boolean_invert_first_then_a,string_spl,string_occurrencesofch,integer_yankdup,string_replacechar,char_sho,string_fromboolean,print_stri,exec_string_itera,print_newli,string_ta,string_replacefirstchar,string_substring,boolean_stackdepth,string_shove,string_containschar,exec_do*ran,char_yankdup,char_yank,integer_sw,exec_do*times,string_fromch,integer_shove,exec_if,exec_whi,integer_g,char_frominteger,char_frominteg,boolean_dup,string_eq,boolean_not,char_eq,boolean_flush,boolean_pop,string_butlast,exec_swap,string_replacefir,boolean_swap,exec_sw,string_n,print_string,exec_flush,print_newline,integer_a,string_d,string_dup,string_frominteger,string_contai,integer_mod,exec_do*count,string_fir,string_r,integer_fromchar,string_p,integer_inc,boolean_invert_first_then_and,integer_fromstring,exec_rot,integer_m,boolean_d,char_rot,exec_do*cou,string_take,exec_string_iterate,string_split,integer_pop,boolean_n,string_re,boolean_p,boolean_r,exec_pop,string_sw,boolean_x,boolean_emp,string_la,char_emp,boolean_stackdep,string_parse_to_cha,print_char,integer_dup,boolean_invert_second_then_and,integer_sub,string_setch,exec_no,boolean_yank,char_islett,string_ya,string_flu,integer_stackdepth,integer_emp,integer_dec,print_boole,integer_gt,exec,string_indexofchar,in1,char_dup,char_flush,char_pop,integer_lte,string_conjch,exec_flu,string_containsch,boolean_eq,string_flush,print_boolean,integer_d,string_rever,char_,exec_empty,string_last,integer_l,exec_when,integer_i,string_substri,string_nth,string_occurrencesofchar,integer_r,integer_s,integer_p,exec_while,integer_fromboolean,integer_empty,string_fromboole
0.0,0.00454088845051,0.00383634619843,3.63634710751e-05,0.00282271444221,0.00317271285131,0.00108181326449,0.00399543638438,0.00359089276867,0.0,0.00438634369844,0.00103181349176,0.0024454434298,4.54543388439e-06,0.0,4.54543388439e-06,9.09086776878e-06,1.36363016532e-05,7.27269421503e-05,0.0,0.000831814400844,0.00067272421489,1.36363016532e-05,0.000740905723156,4.54543388439e-06,0.00120908541325,0.00258635188022,0.00359998363644,4.54543388439e-05,0.00454543388439,1.36363016532e-05,4.54543388439e-06,0.00325907609511,1.81817355376e-05,0.0,0.00444997977282,0.00410452679761,5.45452066127e-05,2.72726033063e-05,0.0,9.09086776878e-06,4.54543388439e-06,9.09086776878e-06,0.00427725328521,0.00239998909096,0.00312725851246,0.00384089163231,0.000540906632243,0.0032908941323,1.36363016532e-05,0.000331816673561,0.00362725623974,0.00203635438021,4.54543388439e-06,0.00266816969014,1.36363016532e-05,0.00305453157031,0.000577270103318,0.00377725555793,4.54543388439e-06,0.000222726260335,0.0,0.00196817287194,0.000104544979341,3.63634710751e-05,0.00271816946287,0.0020090817769,0.00242726169427,0.0,4.54543388439e-06,2.2727169422e-05,4.54543388439e-06,0.0,1.81817355376e-05,7.27269421503e-05,0.000199999090913,0.00059999727274,0.00313634938023,0.00339998454552,0.000799996363653,4.54543388439e-06,0.000131817582647,0.00435452566125,0.00276362380171,4.54543388439e-06,2.72726033063e-05,0.00449088867778,0.00273180576452,0.00207271785128,0.00172726487607,7.72723760347e-05,3.18180371907e-05,0.00239544365707,0.000145453884301,0.00231362584716,3.63634710751e-05,5.90906404971e-05,0.00443179803728,9.09086776878e-06,0.000122726714879,9.09086776878e-06,0.0,0.00453634301662,0.0,4.09089049595e-05,0.000381816446289,0.00315453111577,0.00362271080586,0.00368634688024,0.002359080186,0.00213635392566,0.0,0.00316362198354,0.0,4.54543388439e-06,0.00141817537193,4.54543388439e-06,9.99995454566e-05,4.09089049595e-05,0.00204544524798,0.0,4.99997727283e-05,4.54543388439e-06,1.81817355376e-05,4.54543388439e-06,0.000209089958682,0.00186817332648,0.00149090231408,9.99995454566e-05,0.00454543388439,1.36363016532e-05,4.54543388439e-06,0.0,9.09086776878e-06,0.00285907791328,0.00257271557857,0.00441816173563,0.000195453657029,0.00394998204554,4.54543388439e-06,0.00205453611574,0.000759087458693,9.09086776878e-06,0.00275453293394,9.09086776878e-06,0.00055908836778,0.00154999295458,4.54543388439e-05,1.81817355376e-05,0.00208180871905,1.36363016532e-05,0.00127726692151,0.000654542479352,0.00356362016536,0.0013409029959,0.00175453747938,0.00415452657033,0.00421361721083,0.00114544933887,0.0,0.00315907654965,6.36360743815e-05,5.45452066127e-05,0.00415452657033,3.63634710751e-05,5.45452066127e-05,6.81815082659e-05,0.0,0.0010772678306,0.000995450020682,1.36363016532e-05,0.00408634506207,0.00300907723147,4.54543388439e-06,4.99997727283e-05,0.00355452929759,0.000109090413225,0.00446361607447,0.00327271239676,0.00277726010336,0.00302271353312,7.27269421503e-05,0.0,0.00214089935955,2.72726033063e-05,0.00325453066122,0.00112726760333,0.00160908359507,0.000813632665306,1.81817355376e-05,0.000177271921491,0.00022727169422,4.54543388439e-06,0.000913632210763,3.18180371907e-05,2.2727169422e-05,4.09089049595e-05,0.0,9.09086776878e-06,0.000231817128104,2.72726033063e-05,0.00406361789265,0.00262271535129,0.00419543547529,0.00454543388439,1.81817355376e-05,0.0,0.00311362221081,4.54543388439e-06,4.54543388439e-06,0.0,0.00371361948355,1.81817355376e-05,0.00365907427694,4.54543388439e-06,0.0042227080786,1.81817355376e-05,0.00145908427689,0.00454543388439,0.000545452066127,0.00344543888437,0.0022136263017,0.00204544524798,4.54543388439e-06,0.0,4.54543388439e-06,0.00421361721083,0.000499997727283,0.000172726487607,0.000195453657029,9.09086776878e-06,0.0,0.00433634392571,0.00119544911159,4.09089049595e-05,0.00111363130168,2.72726033063e-05,0.0,0.00218180826451,0.00423634438025,4.54543388439e-06,0.000327271239676,0.0,0.00379543729347,0.00063181530993,0.00305453157031,0.000199999090913
Gen 220
string_,string_rot,integer_swap,exec_sho,integer_gte,boolean_shove,boolean_and,string_pop,exec_eq,string_yankd,string_parse_to_chars,integer_lt,string_stackdepth,exec_do*whi,char_r,char_p,boolean_sw,integer_sho,boolean_invert_second_then_a,print_integ,char_iswhitespace,string_removechar,exec_emp,string_first,string_conc,string_yank,string_concat,string_setchar,exec_yankd,string_length,string_replacefirstch,char_d,integer_eq,exec_do*tim,string_emptystri,string_reverse,exec_yankdup,string_repla,exec_,char_ya,integer_mu,string_replacech,boolean_yankd,char_isletter,integer_add,string_empty,char_isdigit,print_integer,exec_shove,integer_fromstri,string_conjchar,boolean_or,boolean_empty,exec_wh,string_fromchar,integer_yankd,exec_do*while,integer_rot,string_rest,boolean_flu,integer_stackdep,char_iswhitespa,char_allfromstring,boolean_,char_allfromstri,exec_stackdepth,exec_do*range,char_shove,char_stackdep,string_removech,exec_stackdep,boolean_sho,string_indexofch,string_stackdep,string_leng,print_ch,integer_mult,boolean_xor,boolean_yankdup,integer_min,string_emp,integer_fromch,exec_yank,char_stackdepth,char_sw,integer_fromboole,string_replace,integer_div,string_replacefirst,boolean_frominteger,string_butla,char_isdig,integer_flush,integer_,string_yankdup,char_flu,print_exec,integer_yank,boolean_frominteg,string_emptystring,char_yankd,boolean_ya,string_swap,print_ex,exec_d,integer_max,char_swap,string_contains,char_empty,exec_dup,exec_k,string_frominteg,exec_noop,exec_p,exec_r,exec_s,string_sho,integer_flu,exec_y,boolean_rot,boolean_a,integer_ya,exec_ya,boolean_invert_first_then_a,string_spl,string_occurrencesofch,integer_yankdup,string_replacechar,char_sho,string_fromboolean,print_stri,exec_string_itera,print_newli,string_ta,string_replacefirstchar,string_substring,boolean_stackdepth,string_shove,string_containschar,exec_do*ran,char_yankdup,char_yank,integer_sw,exec_do*times,string_fromch,integer_shove,exec_if,exec_whi,integer_g,char_frominteger,char_frominteg,boolean_dup,string_eq,boolean_not,char_eq,boolean_flush,boolean_pop,string_butlast,exec_swap,string_replacefir,boolean_swap,exec_sw,string_n,print_string,exec_flush,print_newline,integer_a,string_d,string_dup,string_frominteger,string_contai,integer_mod,exec_do*count,string_fir,string_r,integer_fromchar,string_p,integer_inc,boolean_invert_first_then_and,integer_fromstring,exec_rot,integer_m,boolean_d,char_rot,exec_do*cou,string_take,exec_string_iterate,string_split,integer_pop,boolean_n,string_re,boolean_p,boolean_r,exec_pop,string_sw,boolean_x,boolean_emp,string_la,char_emp,boolean_stackdep,string_parse_to_cha,print_char,integer_dup,boolean_invert_second_then_and,integer_sub,string_setch,exec_no,boolean_yank,char_islett,string_ya,string_flu,integer_stackdepth,integer_emp,integer_dec,print_boole,integer_gt,exec,string_indexofchar,in1,char_dup,char_flush,char_pop,integer_lte,string_conjch,exec_flu,string_containsch,boolean_eq,string_flush,print_boolean,integer_d,string_rever,char_,exec_empty,string_last,integer_l,exec_when,integer_i,string_substri,string_nth,string_occurrencesofchar,integer_r,integer_s,integer_p,exec_while,integer_fromboolean,integer_empty,string_fromboole
0.0,0.00452034153692,0.0038189872444,4.07237976299e-05,0.00282351663567,0.00338460006968,0.0010904928032,0.00398188243492,0.0035384455274,4.52486640332e-06,0.00441174474324,0.000972846276714,0.00229863213289,4.52486640332e-06,4.52486640332e-06,4.52486640332e-06,0.0,4.52486640332e-06,5.42983968398e-05,0.0,0.000800901353388,0.000782801887774,2.26243320166e-05,0.000606332098045,0.0,0.00126696259293,0.00253392518586,0.00350224659617,2.71491984199e-05,0.00452486640332,4.52486640332e-06,9.04973280664e-06,0.00321718001276,9.04973280664e-06,0.0,0.00443436907525,0.00416740195746,3.16740648232e-05,2.26243320166e-05,9.04973280664e-06,4.52486640332e-06,0.0,4.52486640332e-06,0.00435292147999,0.00242532839218,0.00298641182619,0.00398188243492,0.000506785037172,0.00328052814241,0.0,0.000190044388939,0.00359726879064,0.00212216234316,0.0,0.00257464898349,2.71491984199e-05,0.00326242867679,0.000733028357338,0.0038235121108,4.52486640332e-06,0.000239817919376,0.0,0.00205881421351,0.000140270858503,5.88232632432e-05,0.00262894738033,0.00226695806806,0.002457002457,0.0,4.52486640332e-06,2.71491984199e-05,3.16740648232e-05,4.52486640332e-06,0.0,9.50221944697e-05,0.000194569255343,0.000714928891724,0.00325337894399,0.00364251745467,0.000850674883824,4.52486640332e-06,8.59724616631e-05,0.00429409821675,0.00255654951788,9.04973280664e-06,1.80994656133e-05,0.00444794367446,0.00246605218981,0.00235745539613,0.00152487997792,8.59724616631e-05,2.71491984199e-05,0.00243890299139,0.000176469789729,0.00250225112104,2.26243320166e-05,2.71491984199e-05,0.00442984420885,1.80994656133e-05,8.14475952597e-05,9.04973280664e-06,0.0,0.00447961773929,0.0,2.71491984199e-05,0.000334840113846,0.00324432921118,0.00357464445862,0.00369229098511,0.00250225112104,0.00201356554948,0.0,0.00283709123488,4.52486640332e-06,0.0,0.00147058158108,0.0,0.000104071927276,5.42983968398e-05,0.00234840566332,0.0,5.42983968398e-05,1.357459921e-05,3.16740648232e-05,9.04973280664e-06,0.000294116316216,0.00194116768702,0.00141628318424,8.59724616631e-05,0.00452486640332,1.80994656133e-05,9.04973280664e-06,0.0,4.52486640332e-06,0.00317193134873,0.00251130085384,0.00440269501043,0.000144795724906,0.00393210890448,9.04973280664e-06,0.00174659843168,0.000782801887774,9.04973280664e-06,0.00285519070049,9.04973280664e-06,0.000588232632432,0.00134388532179,2.26243320166e-05,1.80994656133e-05,0.00192306822141,4.52486640332e-06,0.00128958692495,0.000601807231641,0.00357916932503,0.00147510644748,0.0016425265044,0.00419907602228,0.00409952896141,0.00104524413917,4.52486640332e-06,0.00315835674952,7.23978624531e-05,5.42983968398e-05,0.00420812575509,3.61989312266e-05,0.000113121660083,9.9547060873e-05,0.0,0.00099547060873,0.000647055895675,1.357459921e-05,0.00408142949579,0.00318550594794,4.52486640332e-06,5.88232632432e-05,0.00364704232108,7.69227288564e-05,0.0044977172049,0.0031312075511,0.00288686476532,0.00290948909733,3.61989312266e-05,0.0,0.00238007972815,3.16740648232e-05,0.00318550594794,0.00121266419609,0.00165157623721,0.000778277021371,4.52486640332e-06,9.04973280664e-05,0.000248867652183,0.0,0.00110859226881,4.07237976299e-05,2.71491984199e-05,2.71491984199e-05,4.52486640332e-06,4.52486640332e-06,0.000212668720956,2.26243320166e-05,0.00411310356062,0.00284161610128,0.004095004095,0.00452486640332,4.52486640332e-05,0.0,0.00291853883014,9.04973280664e-06,1.357459921e-05,9.04973280664e-06,0.00334840113846,0.0,0.00366966665309,4.52486640332e-06,0.00403618083176,9.04973280664e-06,0.00111764200162,0.00452486640332,0.000524884502785,0.00346152279854,0.00228958240008,0.00205881421351,0.0,4.52486640332e-06,4.52486640332e-06,0.00428504848394,0.000325790381039,0.0001357459921,9.04973280664e-05,3.61989312266e-05,1.357459921e-05,0.00438007067841,0.00115836579925,3.16740648232e-05,0.000959271677504,7.69227288564e-05,9.04973280664e-06,0.00238007972815,0.00419002628947,0.0,0.000411762842702,4.52486640332e-06,0.00379636291239,0.000651580762078,0.00309048375347,0.000158370324116
Gen 221
string_,string_rot,integer_swap,exec_sho,integer_gte,boolean_shove,boolean_and,string_pop,exec_eq,string_yankd,string_parse_to_chars,integer_lt,string_stackdepth,exec_do*whi,char_r,char_p,boolean_sw,integer_sho,boolean_invert_second_then_a,print_integ,char_iswhitespace,string_removechar,exec_emp,string_first,string_conc,string_yank,string_concat,string_setchar,exec_yankd,string_length,string_replacefirstch,char_d,integer_eq,exec_do*tim,string_emptystri,string_reverse,exec_yankdup,string_repla,exec_,char_ya,integer_mu,string_replacech,boolean_yankd,char_isletter,integer_add,string_empty,char_isdigit,print_integer,exec_shove,integer_fromstri,string_conjchar,boolean_or,boolean_empty,exec_wh,string_fromchar,integer_yankd,exec_do*while,integer_rot,string_rest,boolean_flu,integer_stackdep,char_iswhitespa,char_allfromstring,boolean_,char_allfromstri,exec_stackdepth,exec_do*range,char_shove,char_stackdep,string_removech,exec_stackdep,boolean_sho,string_indexofch,string_stackdep,string_leng,print_ch,integer_mult,boolean_xor,boolean_yankdup,integer_min,string_emp,integer_fromch,exec_yank,char_stackdepth,char_sw,integer_fromboole,string_replace,integer_div,string_replacefirst,boolean_frominteger,string_butla,char_isdig,integer_flush,integer_,string_yankdup,char_flu,print_exec,integer_yank,boolean_frominteg,string_emptystring,char_yankd,boolean_ya,string_swap,print_ex,exec_d,integer_max,char_swap,string_contains,char_empty,exec_dup,exec_k,string_frominteg,exec_noop,exec_p,exec_r,exec_s,string_sho,integer_flu,exec_y,boolean_rot,boolean_a,integer_ya,exec_ya,boolean_invert_first_then_a,string_spl,string_occurrencesofch,integer_yankdup,string_replacechar,char_sho,string_fromboolean,print_stri,exec_string_itera,print_newli,string_ta,string_replacefirstchar,string_substring,boolean_stackdepth,string_shove,string_containschar,exec_do*ran,char_yankdup,char_yank,integer_sw,exec_do*times,string_fromch,integer_shove,exec_if,exec_whi,integer_g,char_frominteger,char_frominteg,boolean_dup,string_eq,boolean_not,char_eq,boolean_flush,boolean_pop,string_butlast,exec_swap,string_replacefir,boolean_swap,exec_sw,string_n,print_string,exec_flush,print_newline,integer_a,string_d,string_dup,string_frominteger,string_contai,integer_mod,exec_do*count,string_fir,string_r,integer_fromchar,string_p,integer_inc,boolean_invert_first_then_and,integer_fromstring,exec_rot,integer_m,boolean_d,char_rot,exec_do*cou,string_take,exec_string_iterate,string_split,integer_pop,boolean_n,string_re,boolean_p,boolean_r,exec_pop,string_sw,boolean_x,boolean_emp,string_la,char_emp,boolean_stackdep,string_parse_to_cha,print_char,integer_dup,boolean_invert_second_then_and,integer_sub,string_setch,exec_no,boolean_yank,char_islett,string_ya,string_flu,integer_stackdepth,integer_emp,integer_dec,print_boole,integer_gt,exec,string_indexofchar,in1,char_dup,char_flush,char_pop,integer_lte,string_conjch,exec_flu,string_containsch,boolean_eq,string_flush,print_boolean,integer_d,string_rever,char_,exec_empty,string_last,integer_l,exec_when,integer_i,string_substri,string_nth,string_occurrencesofchar,integer_r,integer_s,integer_p,exec_while,integer_fromboolean,integer_empty,string_fromboole
0.0,0.00449997972982,0.003851334003,1.80179368561e-05,0.00278377124427,0.00332430934996,0.00103152688501,0.00387385642407,0.00328827347625,4.50448421404e-06,0.0044279079824,0.000837834063811,0.00213062103324,9.00896842807e-06,2.25224210702e-05,0.0,0.0,0.0,4.05403579263e-05,9.00896842807e-06,0.000882878905951,0.000819816126954,2.25224210702e-05,0.000531529137256,0.0,0.00115314795879,0.00241890802294,0.00346394836059,2.70269052842e-05,0.00450448421404,4.50448421404e-06,3.15313894982e-05,0.00320268827618,4.50448421404e-06,4.50448421404e-06,0.0044279079824,0.00410358511899,7.20717474246e-05,1.35134526421e-05,1.35134526421e-05,9.00896842807e-06,0.0,4.50448421404e-06,0.00432880932969,0.00248647528615,0.00287386092855,0.00386935193986,0.000454952905618,0.00319818379196,4.50448421404e-06,0.000171170400133,0.00362160530808,0.0019909820226,0.0,0.00270269052842,2.25224210702e-05,0.00324322863411,0.000639636758393,0.00388736987671,9.00896842807e-06,0.000207206273846,4.50448421404e-06,0.00212611654902,0.000121621073779,3.60358737123e-05,0.00254503358093,0.00218467484381,0.00225674659123,0.0,4.50448421404e-06,1.80179368561e-05,4.50448421404e-06,0.0,9.00896842807e-06,0.000103603136923,0.000121621073779,0.000635132274179,0.00313962549718,0.00342791248688,0.000878374421737,9.00896842807e-06,9.00896842807e-05,0.00423421516119,0.00259007842307,4.50448421404e-06,1.35134526421e-05,0.0044279079824,0.00237836766501,0.00239188111765,0.00168918158026,6.75672632105e-05,1.35134526421e-05,0.00243242147558,0.000180179368561,0.00238287214922,2.70269052842e-05,2.70269052842e-05,0.00445043040347,2.70269052842e-05,9.45941684947e-05,9.00896842807e-06,0.0,0.00449997972982,0.0,3.60358737123e-05,0.000315313894982,0.00324773311832,0.00353602010802,0.00361710082387,0.00245043941244,0.00192791924361,4.50448421404e-06,0.00280629366534,0.0,4.50448421404e-06,0.00136485871685,0.0,0.000144143494849,4.05403579263e-05,0.00249097977036,0.0,4.50448421404e-05,2.70269052842e-05,3.15313894982e-05,4.50448421404e-06,0.000274773537056,0.00180179368561,0.00149098427485,8.10807158526e-05,0.00450448421404,1.35134526421e-05,9.00896842807e-06,0.0,1.35134526421e-05,0.00315764343404,0.00260809635993,0.00440088107711,0.000148647979063,0.00390538781357,0.0,0.00163512776969,0.000819816126954,1.35134526421e-05,0.00271620398106,1.35134526421e-05,0.000635132274179,0.00130630042207,9.00896842807e-06,4.05403579263e-05,0.00181981162247,1.35134526421e-05,0.00121170625358,0.000603600884681,0.00361710082387,0.00150449772749,0.00163062328548,0.00405403579263,0.0040765582137,0.000860356484881,4.50448421404e-06,0.00318917482354,6.75672632105e-05,3.60358737123e-05,0.00416214341377,4.50448421404e-05,0.000171170400133,0.000157656947491,0.0,0.000999995495516,0.00049098877933,1.80179368561e-05,0.00397295507678,0.00297295958126,0.0,3.60358737123e-05,0.00345493939216,0.000103603136923,0.00447295282454,0.00313962549718,0.00271169949685,0.00278377124427,3.15313894982e-05,0.0,0.00225674659123,2.70269052842e-05,0.00317115688668,0.00113963450615,0.00153602911699,0.000594591916253,1.80179368561e-05,4.50448421404e-05,0.000418917031905,9.00896842807e-06,0.00127026454836,3.15313894982e-05,1.35134526421e-05,5.40538105684e-05,0.0,4.50448421404e-06,0.000198197305418,1.80179368561e-05,0.00405403579263,0.00261260084414,0.0041396209927,0.00450448421404,4.95493263544e-05,4.50448421404e-06,0.00290088783384,1.35134526421e-05,0.0,0.0,0.00322070621304,4.50448421404e-06,0.0036576411818,0.0,0.00390088332935,1.80179368561e-05,0.00114413899036,0.00450448421404,0.000635132274179,0.00356755149752,0.0020540448016,0.00194593718046,4.50448421404e-06,0.0,9.00896842807e-06,0.00427475551912,0.00027927802127,0.000171170400133,4.50448421404e-05,3.15313894982e-05,4.50448421404e-06,0.00434682726654,0.00102251791659,1.35134526421e-05,0.00100449997973,5.85582947825e-05,0.0,0.00239638560187,0.00420268377169,9.00896842807e-06,0.000315313894982,4.50448421404e-06,0.00376574880293,0.000671168147891,0.00315764343404,0.000198197305418
Gen 222
string_,string_rot,integer_swap,exec_sho,integer_gte,boolean_shove,boolean_and,string_pop,exec_eq,string_yankd,string_parse_to_chars,integer_lt,string_stackdepth,exec_do*whi,char_r,char_p,boolean_sw,integer_sho,boolean_invert_second_then_a,print_integ,char_iswhitespace,string_removechar,exec_emp,string_first,string_conc,string_yank,string_concat,string_setchar,exec_yankd,string_length,string_replacefirstch,char_d,integer_eq,exec_do*tim,string_emptystri,string_reverse,exec_yankdup,string_repla,exec_,char_ya,integer_mu,string_replacech,boolean_yankd,char_isletter,integer_add,string_empty,char_isdigit,print_integer,exec_shove,integer_fromstri,string_conjchar,boolean_or,boolean_empty,exec_wh,string_fromchar,integer_yankd,exec_do*while,integer_rot,string_rest,boolean_flu,integer_stackdep,char_iswhitespa,char_allfromstring,boolean_,char_allfromstri,exec_stackdepth,exec_do*range,char_shove,char_stackdep,string_removech,exec_stackdep,boolean_sho,string_indexofch,string_stackdep,string_leng,print_ch,integer_mult,boolean_xor,boolean_yankdup,integer_min,string_emp,integer_fromch,exec_yank,char_stackdepth,char_sw,integer_fromboole,string_replace,integer_div,string_replacefirst,boolean_frominteger,string_butla,char_isdig,integer_flush,integer_,string_yankdup,char_flu,print_exec,integer_yank,boolean_frominteg,string_emptystring,char_yankd,boolean_ya,string_swap,print_ex,exec_d,integer_max,char_swap,string_contains,char_empty,exec_dup,exec_k,string_frominteg,exec_noop,exec_p,exec_r,exec_s,string_sho,integer_flu,exec_y,boolean_rot,boolean_a,integer_ya,exec_ya,boolean_invert_first_then_a,string_spl,string_occurrencesofch,integer_yankdup,string_replacechar,char_sho,string_fromboolean,print_stri,exec_string_itera,print_newli,string_ta,string_replacefirstchar,string_substring,boolean_stackdepth,string_shove,string_containschar,exec_do*ran,char_yankdup,char_yank,integer_sw,exec_do*times,string_fromch,integer_shove,exec_if,exec_whi,integer_g,char_frominteger,char_frominteg,boolean_dup,string_eq,boolean_not,char_eq,boolean_flush,boolean_pop,string_butlast,exec_swap,string_replacefir,boolean_swap,exec_sw,string_n,print_string,exec_flush,print_newline,integer_a,string_d,string_dup,string_frominteger,string_contai,integer_mod,exec_do*count,string_fir,string_r,integer_fromchar,string_p,integer_inc,boolean_invert_first_then_and,integer_fromstring,exec_rot,integer_m,boolean_d,char_rot,exec_do*cou,string_take,exec_string_iterate,string_split,integer_pop,boolean_n,string_re,boolean_p,boolean_r,exec_pop,string_sw,boolean_x,boolean_emp,string_la,char_emp,boolean_stackdep,string_parse_to_cha,print_char,integer_dup,boolean_invert_second_then_and,integer_sub,string_setch,exec_no,boolean_yank,char_islett,string_ya,string_flu,integer_stackdepth,integer_emp,integer_dec,print_boole,integer_gt,exec,string_indexofchar,in1,char_dup,char_flush,char_pop,integer_lte,string_conjch,exec_flu,string_containsch,boolean_eq,string_flush,print_boolean,integer_d,string_rever,char_,exec_empty,string_last,integer_l,exec_when,integer_i,string_substri,string_nth,string_occurrencesofchar,integer_r,integer_s,integer_p,exec_while,integer_fromboolean,integer_empty,string_fromboole
0.0,0.00447531625419,0.00376679925202,3.58742785907e-05,0.0028789108569,0.00343047789023,0.00110313406666,0.00382957923955,0.0031793579401,0.0,0.00440356769701,0.000843045546881,0.0022017838485,8.96856964767e-06,0.0,0.0,0.0,0.0,4.48428482383e-05,0.0,0.000825108407586,0.00074887556558,4.48428482383e-06,0.000560535602979,4.48428482383e-06,0.00131389545338,0.00221523670297,0.00351119501706,5.82957027099e-05,0.00448428482383,1.34528544715e-05,3.58742785907e-05,0.00317487365528,4.48428482383e-06,0.0,0.00439011484253,0.00409863632899,4.93271330622e-05,2.24214241192e-05,8.96856964767e-06,0.0,0.0,4.48428482383e-06,0.00434078770947,0.00246187236829,0.00265469661571,0.0038385478092,0.000573988457451,0.00321971650351,2.24214241192e-05,0.000336321361788,0.00345289931435,0.00206725530379,0.0,0.00260985376747,3.13899937668e-05,0.00304931368021,0.000627799875337,0.00382957923955,8.96856964767e-06,0.000201792817073,8.96856964767e-06,0.00211209815203,7.62328420052e-05,4.93271330622e-05,0.00244393522899,0.00214348814579,0.00226456383604,0.0,4.48428482383e-06,2.24214241192e-05,0.0,0.0,2.6905708943e-05,6.72642723575e-05,0.000170402823306,0.00065470558428,0.00304482939538,0.00354706929565,0.000905825534415,4.48428482383e-06,8.96856964767e-05,0.00419280631029,0.00253362092547,4.48428482383e-06,8.96856964767e-06,0.00440805198183,0.00235424953251,0.00215694100026,0.00147532970704,5.82957027099e-05,3.13899937668e-05,0.00233182810839,0.000156949968834,0.00252913664064,2.6905708943e-05,4.48428482383e-05,0.00439459912736,2.24214241192e-05,8.0717126829e-05,4.48428482383e-06,8.96856964767e-06,0.00447083196936,0.0,3.58742785907e-05,0.000246635665311,0.00322420078834,0.00345289931435,0.00366366070107,0.00238115524146,0.00213003529132,8.96856964767e-06,0.00293720655961,4.48428482383e-06,8.96856964767e-06,0.00137219115609,4.48428482383e-06,0.000121075690244,4.93271330622e-05,0.00243496665934,0.0,4.03585634145e-05,1.79371392953e-05,3.58742785907e-05,4.48428482383e-06,0.000278025659078,0.00177577679024,0.00147981399187,0.000121075690244,0.00448428482383,4.48428482383e-06,8.96856964767e-06,0.0,1.34528544715e-05,0.00323316935798,0.00247532522276,0.00435872484877,0.000201792817073,0.00377128353685,4.48428482383e-06,0.00153362540975,0.0007712969897,1.34528544715e-05,0.00246187236829,1.79371392953e-05,0.000529145609213,0.00112107120596,1.79371392953e-05,4.48428482383e-06,0.00171748108753,2.6905708943e-05,0.000999995515715,0.000690579862871,0.0035739750046,0.00161434253658,0.00167712252411,0.00392374922086,0.00405827776557,0.000829592692409,0.0,0.00311657795257,7.17485571814e-05,5.3811417886e-05,0.00419280631029,4.48428482383e-05,0.000192824247425,0.00011659140542,0.0,0.00110313406666,0.000452912767207,1.79371392953e-05,0.00382957923955,0.00286994228725,4.48428482383e-06,4.93271330622e-05,0.00342150932059,8.96856964767e-05,0.00444841054524,0.00291926942032,0.00256949520406,0.00256501091923,4.93271330622e-05,4.48428482383e-06,0.0021076138672,2.6905708943e-05,0.00294617512926,0.00103138550948,0.00165918538482,0.000457397052031,3.13899937668e-05,5.82957027099e-05,0.000493271330622,0.0,0.00148878256151,3.13899937668e-05,1.79371392953e-05,4.93271330622e-05,8.96856964767e-06,4.48428482383e-06,0.00015246568401,8.96856964767e-06,0.00382509495473,0.00254258949511,0.00411208918346,0.00448428482383,8.96856964767e-06,0.0,0.00301343940162,4.48428482383e-06,8.96856964767e-06,0.0,0.00320626364904,0.0,0.00358294357424,0.0,0.00397756063874,1.34528544715e-05,0.000919278388886,0.00448428482383,0.000681611293223,0.00339460361164,0.00207173958861,0.00196860103766,4.48428482383e-06,0.0,1.34528544715e-05,0.0042152277344,0.000345289931435,9.41699813005e-05,4.48428482383e-05,2.6905708943e-05,4.48428482383e-06,0.00437666198806,0.000977574091596,8.96856964767e-06,0.000865466971,4.03585634145e-05,0.0,0.00213003529132,0.004251102013,0.0,0.000399101349321,4.48428482383e-06,0.00375783068237,0.00053811417886,0.00318384222492,9.86542661244e-05
Gen 223
string_,string_rot,integer_swap,exec_sho,integer_gte,boolean_shove,boolean_and,string_pop,exec_eq,string_yankd,string_parse_to_chars,integer_lt,string_stackdepth,exec_do*whi,char_r,char_p,boolean_sw,integer_sho,boolean_invert_second_then_a,print_integ,char_iswhitespace,string_removechar,exec_emp,string_first,string_conc,string_yank,string_concat,string_setchar,exec_yankd,string_length,string_replacefirstch,char_d,integer_eq,exec_do*tim,string_emptystri,string_reverse,exec_yankdup,string_repla,exec_,char_ya,integer_mu,string_replacech,boolean_yankd,char_isletter,integer_add,string_empty,char_isdigit,print_integer,exec_shove,integer_fromstri,string_conjchar,boolean_or,boolean_empty,exec_wh,string_fromchar,integer_yankd,exec_do*while,integer_rot,string_rest,boolean_flu,integer_stackdep,char_iswhitespa,char_allfromstring,boolean_,char_allfromstri,exec_stackdepth,exec_do*range,char_shove,char_stackdep,string_removech,exec_stackdep,boolean_sho,string_indexofch,string_stackdep,string_leng,print_ch,integer_mult,boolean_xor,boolean_yankdup,integer_min,string_emp,integer_fromch,exec_yank,char_stackdepth,char_sw,integer_fromboole,string_replace,integer_div,string_replacefirst,boolean_frominteger,string_butla,char_isdig,integer_flush,integer_,string_yankdup,char_flu,print_exec,integer_yank,boolean_frominteg,string_emptystring,char_yankd,boolean_ya,string_swap,print_ex,exec_d,integer_max,char_swap,string_contains,char_empty,exec_dup,exec_k,string_frominteg,exec_noop,exec_p,exec_r,exec_s,string_sho,integer_flu,exec_y,boolean_rot,boolean_a,integer_ya,exec_ya,boolean_invert_first_then_a,string_spl,string_occurrencesofch,integer_yankdup,string_replacechar,char_sho,string_fromboolean,print_stri,exec_string_itera,print_newli,string_ta,string_replacefirstchar,string_substring,boolean_stackdepth,string_shove,string_containschar,exec_do*ran,char_yankdup,char_yank,integer_sw,exec_do*times,string_fromch,integer_shove,exec_if,exec_whi,integer_g,char_frominteger,char_frominteg,boolean_dup,string_eq,boolean_not,char_eq,boolean_flush,boolean_pop,string_butlast,exec_swap,string_replacefir,boolean_swap,exec_sw,string_n,print_string,exec_flush,print_newline,integer_a,string_d,string_dup,string_frominteger,string_contai,integer_mod,exec_do*count,string_fir,string_r,integer_fromchar,string_p,integer_inc,boolean_invert_first_then_and,integer_fromstring,exec_rot,integer_m,boolean_d,char_rot,exec_do*cou,string_take,exec_string_iterate,string_split,integer_pop,boolean_n,string_re,boolean_p,boolean_r,exec_pop,string_sw,boolean_x,boolean_emp,string_la,char_emp,boolean_stackdep,string_parse_to_cha,print_char,integer_dup,boolean_invert_second_then_and,integer_sub,string_setch,exec_no,boolean_yank,char_islett,string_ya,string_flu,integer_stackdepth,integer_emp,integer_dec,print_boole,integer_gt,exec,string_indexofchar,in1,char_dup,char_flush,char_pop,integer_lte,string_conjch,exec_flu,string_containsch,boolean_eq,string_flush,print_boolean,integer_d,string_rever,char_,exec_empty,string_last,integer_l,exec_when,integer_i,string_substri,string_nth,string_occurrencesofchar,integer_r,integer_s,integer_p,exec_while,integer_fromboolean,integer_empty,string_fromboole
4.46426578453e-06,0.00443301592404,0.0037231976643,7.14282525524e-05,0.0028571301021,0.00350444864085,0.00104017392779,0.00381248297999,0.00295980821514,4.46426578453e-06,0.00436158767148,0.00089731742269,0.002133919045,0.0,4.46426578453e-06,0.0,0.0,0.0,5.35711894143e-05,0.0,0.000816960638569,0.000593747349342,3.57141262762e-05,0.000455355110022,8.92853156906e-06,0.00122767309075,0.00234820380266,0.00346873451458,4.91069236298e-05,0.00446426578453,1.78570631381e-05,8.92853156906e-06,0.0029732010125,4.46426578453e-06,0.0,0.00437944473462,0.00423212396373,4.46426578453e-05,1.78570631381e-05,1.33927973536e-05,1.33927973536e-05,0.0,1.33927973536e-05,0.00427676662158,0.00245534618149,0.00258927415503,0.00379016165106,0.000665175601895,0.00328569961741,1.78570631381e-05,0.000267855947072,0.0036651622091,0.00223659715805,0.0,0.00273213066013,1.33927973536e-05,0.00328123535163,0.000767853714939,0.00385266137205,8.92853156906e-06,0.000183034897166,4.46426578453e-06,0.00208481212137,4.46426578453e-05,9.82138472596e-05,0.0025089173709,0.00217856170285,0.00249998883934,0.0,4.46426578453e-06,3.12498604917e-05,1.33927973536e-05,4.46426578453e-06,1.33927973536e-05,4.91069236298e-05,0.000147320770889,0.000741068120232,0.0028571301021,0.0036071267539,0.00108928085142,0.0,7.14282525524e-05,0.00415176717961,0.00235266806845,0.0,0.0,0.00437944473462,0.00228570408168,0.00238838219472,0.00143302931683,6.24997209834e-05,2.67855947072e-05,0.00227677555011,0.000258927415503,0.00253570296561,1.78570631381e-05,4.91069236298e-05,0.00440176606354,2.23213289226e-05,9.82138472596e-05,2.23213289226e-05,4.46426578453e-06,0.00444194445561,0.0,3.57141262762e-05,0.000290177275994,0.00319195003594,0.00339284199624,0.00362498381704,0.00223659715805,0.00215177610814,8.92853156906e-06,0.00269195226807,0.0,4.46426578453e-06,0.00147320770889,0.0,7.5892518337e-05,4.91069236298e-05,0.00243748911835,0.0,5.80354551989e-05,4.46426578453e-06,2.67855947072e-05,0.0,0.000156249302458,0.00174999218753,0.00142410078526,0.000120535176182,0.00445980151874,2.23213289226e-05,0.0,0.0,4.46426578453e-06,0.00321427136486,0.00243748911835,0.00432140927942,0.000183034897166,0.0037231976643,4.46426578453e-06,0.00154017169566,0.00066071133611,4.46426578453e-06,0.00249552457355,4.46426578453e-06,0.000678568399248,0.00125445868545,8.92853156906e-06,2.67855947072e-05,0.00148213624046,0.0,0.000955352877889,0.000892853156906,0.00352676996978,0.00169195673234,0.00166517113763,0.00388391123254,0.00403569626921,0.000785710778077,0.0,0.00312498604917,4.01783920607e-05,3.12498604917e-05,0.00416515997696,4.91069236298e-05,0.000196427694519,0.000107142378829,4.46426578453e-06,0.00105803099093,0.000437498046884,2.67855947072e-05,0.00376337605636,0.00304909353083,0.0,7.14282525524e-05,0.00328569961741,8.4821049906e-05,0.00442408739247,0.00286159436788,0.00267409520493,0.00262945254709,4.46426578453e-05,0.0,0.00212499051344,2.67855947072e-05,0.00290177275994,0.00102678113044,0.00156249302458,0.000540176159928,4.01783920607e-05,5.80354551989e-05,0.000392855389038,0.0,0.00136160106428,3.12498604917e-05,3.12498604917e-05,3.12498604917e-05,0.0,0.0,0.000196427694519,4.01783920607e-05,0.0038660541694,0.00257141709189,0.00417408850853,0.00445980151874,3.12498604917e-05,0.0,0.0029732010125,0.0,1.33927973536e-05,4.46426578453e-06,0.00330802094634,1.78570631381e-05,0.00345087745144,0.0,0.00387051843519,8.92853156906e-06,0.000964281409458,0.00446426578453,0.000866067562198,0.00360266248811,0.0020490979951,0.00194195561627,0.0,0.0,0.0,0.00419194557167,0.000299105807563,0.000160713568243,5.35711894143e-05,3.57141262762e-05,8.92853156906e-06,0.00436158767148,0.000700889728171,1.78570631381e-05,0.000754460917585,0.000107142378829,8.92853156906e-06,0.0021071334503,0.00419640983746,4.46426578453e-06,0.000459819375806,0.0,0.003749983259,0.000513390565221,0.0033749849331,0.000142856505105
Gen 224
string_,string_rot,integer_swap,exec_sho,integer_gte,boolean_shove,boolean_and,string_pop,exec_eq,string_yankd,string_parse_to_chars,integer_lt,string_stackdepth,exec_do*whi,char_r,char_p,boolean_sw,integer_sho,boolean_invert_second_then_a,print_integ,char_iswhitespace,string_removechar,exec_emp,string_first,string_conc,string_yank,string_concat,string_setchar,exec_yankd,string_length,string_replacefirstch,char_d,integer_eq,exec_do*tim,string_emptystri,string_reverse,exec_yankdup,string_repla,exec_,char_ya,integer_mu,string_replacech,boolean_yankd,char_isletter,integer_add,string_empty,char_isdigit,print_integer,exec_shove,integer_fromstri,string_conjchar,boolean_or,boolean_empty,exec_wh,string_fromchar,integer_yankd,exec_do*while,integer_rot,string_rest,boolean_flu,integer_stackdep,char_iswhitespa,char_allfromstring,boolean_,char_allfromstri,exec_stackdepth,exec_do*range,char_shove,char_stackdep,string_removech,exec_stackdep,boolean_sho,string_indexofch,string_stackdep,string_leng,print_ch,integer_mult,boolean_xor,boolean_yankdup,integer_min,string_emp,integer_fromch,exec_yank,char_stackdepth,char_sw,integer_fromboole,string_replace,integer_div,string_replacefirst,boolean_frominteger,string_butla,char_isdig,integer_flush,integer_,string_yankdup,char_flu,print_exec,integer_yank,boolean_frominteg,string_emptystring,char_yankd,boolean_ya,string_swap,print_ex,exec_d,integer_max,char_swap,string_contains,char_empty,exec_dup,exec_k,string_frominteg,exec_noop,exec_p,exec_r,exec_s,string_sho,integer_flu,exec_y,boolean_rot,boolean_a,integer_ya,exec_ya,boolean_invert_first_then_a,string_spl,string_occurrencesofch,integer_yankdup,string_replacechar,char_sho,string_fromboolean,print_stri,exec_string_itera,print_newli,string_ta,string_replacefirstchar,string_substring,boolean_stackdepth,string_shove,string_containschar,exec_do*ran,char_yankdup,char_yank,integer_sw,exec_do*times,string_fromch,integer_shove,exec_if,exec_whi,integer_g,char_frominteger,char_frominteg,boolean_dup,string_eq,boolean_not,char_eq,boolean_flush,boolean_pop,string_butlast,exec_swap,string_replacefir,boolean_swap,exec_sw,string_n,print_string,exec_flush,print_newline,integer_a,string_d,string_dup,string_frominteger,string_contai,integer_mod,exec_do*count,string_fir,string_r,integer_fromchar,string_p,integer_inc,boolean_invert_first_then_and,integer_fromstring,exec_rot,integer_m,boolean_d,char_rot,exec_do*cou,string_take,exec_string_iterate,string_split,integer_pop,boolean_n,string_re,boolean_p,boolean_r,exec_pop,string_sw,boolean_x,boolean_emp,string_la,char_emp,boolean_stackdep,string_parse_to_cha,print_char,integer_dup,boolean_invert_second_then_and,integer_sub,string_setch,exec_no,boolean_yank,char_islett,string_ya,string_flu,integer_stackdepth,integer_emp,integer_dec,print_boole,integer_gt,exec,string_indexofchar,in1,char_dup,char_flush,char_pop,integer_lte,string_conjch,exec_flu,string_containsch,boolean_eq,string_flush,print_boolean,integer_d,string_rever,char_,exec_empty,string_last,integer_l,exec_when,integer_i,string_substri,string_nth,string_occurrencesofchar,integer_r,integer_s,integer_p,exec_while,integer_fromboolean,integer_empty,string_fromboole
4.44442469145e-06,0.0044177581433,0.00381776080995,8.44440691375e-05,0.00293332029635,0.00358220630131,0.00119999466669,0.0038444273581,0.00304887533833,4.44442469145e-06,0.00428442540255,0.00101777325434,0.0022844342914,0.0,1.33332740743e-05,4.44442469145e-06,4.44442469145e-06,8.88884938289e-06,4.88886716059e-05,0.0,0.000773329896312,0.000679996977791,8.88884938289e-06,0.000373331674081,8.88884938289e-06,0.00123110563953,0.0024399891556,0.00351998435563,2.66665481487e-05,0.00444442469145,8.88884938289e-06,4.44442469145e-06,0.0030666530371,4.44442469145e-06,0.0,0.00432442522478,0.00411109283959,3.9999822223e-05,1.33332740743e-05,4.44442469145e-06,1.33332740743e-05,4.44442469145e-06,1.77776987658e-05,0.00418664805934,0.00227110101733,0.002751098884,0.00361331727415,0.00061333060742,0.00324887444945,8.88884938289e-06,0.000226665659264,0.00354665090377,0.0021822125235,0.0,0.00278665428154,8.88884938289e-06,0.00328887427167,0.000777774321003,0.00380442753588,8.88884938289e-06,0.000208887960498,0.0,0.00212443500251,6.66663703717e-05,0.00012444389136,0.00243110030622,0.00208443518029,0.00241332260746,0.0,4.44442469145e-06,1.77776987658e-05,4.44442469145e-06,0.0,1.77776987658e-05,5.77775209888e-05,0.000173332562966,0.000599997333345,0.00308887516055,0.00364887267168,0.00119110581731,0.0,4.88886716059e-05,0.00416887036058,0.00233332296301,4.44442469145e-06,0.0,0.00437775832107,0.00227110101733,0.00251998880005,0.00153332651855,3.9999822223e-05,3.55553975316e-05,0.00239554490869,0.000222221234572,0.00236443393585,8.88884938289e-06,5.77775209888e-05,0.00435553619762,3.9999822223e-05,0.000266665481487,4.44442469145e-06,0.0,0.00442220256799,0.0,4.88886716059e-05,0.000217776809881,0.00311998613339,0.0032755409976,0.00348887338278,0.0024444335803,0.00211999057782,4.44442469145e-06,0.00267998808894,0.0,8.88884938289e-06,0.00156888191608,0.0,0.000115555041978,1.77776987658e-05,0.00243554473091,4.44442469145e-06,5.33330962973e-05,1.33332740743e-05,3.11109728401e-05,1.33332740743e-05,0.000208887960498,0.00177332545189,0.00141777147657,0.000155554864201,0.00444442469145,4.44442469145e-06,2.66665481487e-05,4.44442469145e-06,0.0,0.00315554153093,0.00250221110128,0.00425331442971,0.000204443535807,0.00372442789143,0.0,0.00173777005436,0.000528886538282,4.44442469145e-06,0.00250221110128,1.77776987658e-05,0.000719996800014,0.00117332811854,8.88884938289e-06,2.22221234572e-05,0.00157332634077,1.33332740743e-05,0.000991106706192,0.0012488833383,0.00344887356056,0.00171999235559,0.00165332598522,0.00388442718032,0.00400442664699,0.00101777325434,0.0,0.0030666530371,7.9999644446e-05,2.22221234572e-05,0.00415109266181,4.44442469145e-05,0.000226665659264,9.77773432118e-05,0.0,0.00114666157039,0.000604441758037,4.44442469145e-06,0.00364442824699,0.00293332029635,0.0,5.33330962973e-05,0.00345331798525,0.000106666192595,0.00443109141737,0.00280887640499,0.00263109941734,0.00265332154079,5.77775209888e-05,0.0,0.00227554544202,1.77776987658e-05,0.00308887516055,0.00118221696792,0.00153332651855,0.000551108661739,3.11109728401e-05,2.22221234572e-05,0.000391109372847,0.0,0.00134221625682,2.66665481487e-05,1.77776987658e-05,3.11109728401e-05,0.0,4.44442469145e-06,0.000146666014818,1.33332740743e-05,0.00382220523464,0.00264443269141,0.00419109248403,0.00444442469145,3.55553975316e-05,0.0,0.00279998755561,0.0,4.44442469145e-06,0.0,0.00346220683464,2.22221234572e-05,0.00327998542229,0.0,0.00383998293341,4.44442469145e-06,0.000955551308661,0.00444442469145,0.000844440691375,0.00352887320501,0.00199999111115,0.00215110155066,4.44442469145e-06,0.0,4.44442469145e-06,0.00414664823712,0.000351109550624,0.000111110617286,6.22219456802e-05,8.88884938289e-06,4.44442469145e-06,0.0042622032791,0.000697774676557,1.33332740743e-05,0.000728885649397,8.44440691375e-05,4.44442469145e-06,0.00217332367412,0.0041022039902,0.0,0.00043110919507,4.44442469145e-06,0.0036888724939,0.000497775565442,0.00333331851858,0.000173332562966
Gen 225
string_,string_rot,integer_swap,exec_sho,integer_gte,boolean_shove,boolean_and,string_pop,exec_eq,string_yankd,string_parse_to_chars,integer_lt,string_stackdepth,exec_do*whi,char_r,char_p,boolean_sw,integer_sho,boolean_invert_second_then_a,print_integ,char_iswhitespace,string_removechar,exec_emp,string_first,string_conc,string_yank,string_concat,string_setchar,exec_yankd,string_length,string_replacefirstch,char_d,integer_eq,exec_do*tim,string_emptystri,string_reverse,exec_yankdup,string_repla,exec_,char_ya,integer_mu,string_replacech,boolean_yankd,char_isletter,integer_add,string_empty,char_isdigit,print_integer,exec_shove,integer_fromstri,string_conjchar,boolean_or,boolean_empty,exec_wh,string_fromchar,integer_yankd,exec_do*while,integer_rot,string_rest,boolean_flu,integer_stackdep,char_iswhitespa,char_allfromstring,boolean_,char_allfromstri,exec_stackdepth,exec_do*range,char_shove,char_stackdep,string_removech,exec_stackdep,boolean_sho,string_indexofch,string_stackdep,string_leng,print_ch,integer_mult,boolean_xor,boolean_yankdup,integer_min,string_emp,integer_fromch,exec_yank,char_stackdepth,char_sw,integer_fromboole,string_replace,integer_div,string_replacefirst,boolean_frominteger,string_butla,char_isdig,integer_flush,integer_,string_yankdup,char_flu,print_exec,integer_yank,boolean_frominteg,string_emptystring,char_yankd,boolean_ya,string_swap,print_ex,exec_d,integer_max,char_swap,string_contains,char_empty,exec_dup,exec_k,string_frominteg,exec_noop,exec_p,exec_r,exec_s,string_sho,integer_flu,exec_y,boolean_rot,boolean_a,integer_ya,exec_ya,boolean_invert_first_then_a,string_spl,string_occurrencesofch,integer_yankdup,string_replacechar,char_sho,string_fromboolean,print_stri,exec_string_itera,print_newli,string_ta,string_replacefirstchar,string_substring,boolean_stackdepth,string_shove,string_containschar,exec_do*ran,char_yankdup,char_yank,integer_sw,exec_do*times,string_fromch,integer_shove,exec_if,exec_whi,integer_g,char_frominteger,char_frominteg,boolean_dup,string_eq,boolean_not,char_eq,boolean_flush,boolean_pop,string_butlast,exec_swap,string_replacefir,boolean_swap,exec_sw,string_n,print_string,exec_flush,print_newline,integer_a,string_d,string_dup,string_frominteger,string_contai,integer_mod,exec_do*count,string_fir,string_r,integer_fromchar,string_p,integer_inc,boolean_invert_first_then_and,integer_fromstring,exec_rot,integer_m,boolean_d,char_rot,exec_do*cou,string_take,exec_string_iterate,string_split,integer_pop,boolean_n,string_re,boolean_p,boolean_r,exec_pop,string_sw,boolean_x,boolean_emp,string_la,char_emp,boolean_stackdep,string_parse_to_cha,print_char,integer_dup,boolean_invert_second_then_and,integer_sub,string_setch,exec_no,boolean_yank,char_islett,string_ya,string_flu,integer_stackdepth,integer_emp,integer_dec,print_boole,integer_gt,exec,string_indexofchar,in1,char_dup,char_flush,char_pop,integer_lte,string_conjch,exec_flu,string_containsch,boolean_eq,string_flush,print_boolean,integer_d,string_rever,char_,exec_empty,string_last,integer_l,exec_when,integer_i,string_substri,string_nth,string_occurrencesofchar,integer_r,integer_s,integer_p,exec_while,integer_fromboolean,integer_empty,string_fromboole
4.42475918248e-06,0.00440706014575,0.00375219578674,7.96456652847e-05,0.00289379250534,0.0034867102358,0.00109291551807,0.00387608904385,0.00311060570528,0.0,0.00429644116619,0.00115928690581,0.00225220242388,0.0,1.76990367299e-05,0.0,0.0,4.42475918248e-06,3.53980734599e-05,0.0,0.000831854726307,0.000752209061022,1.32742775474e-05,0.000309733142774,1.76990367299e-05,0.00122123353436,0.00238936995854,0.0033583922195,5.30971101898e-05,0.00442475918248,8.84951836496e-06,4.42475918248e-06,0.00307963239101,8.84951836496e-06,0.0,0.00428759164782,0.00412830031726,6.63713877372e-05,1.76990367299e-05,0.0,2.65485550949e-05,4.42475918248e-06,0.0,0.0041681231499,0.00240706899527,0.00280972208088,0.00374334626838,0.000654864359007,0.00337609125623,4.42475918248e-06,0.000247786514219,0.00356635590108,0.00227875097898,0.0,0.00269910310131,1.76990367299e-05,0.00327432179504,0.000960172742598,0.00389378808058,4.42475918248e-06,0.000159291330569,0.0,0.00223007862797,6.19466285547e-05,9.29199428321e-05,0.00249556417892,0.0021460082035,0.00241591851363,8.84951836496e-06,0.0,1.76990367299e-05,4.42475918248e-06,4.42475918248e-06,8.84951836496e-06,5.75218693723e-05,0.000132742775474,0.00069468719165,0.00303980955836,0.00358405493781,0.00118141070172,4.42475918248e-06,3.53980734599e-05,0.00422564501927,0.00231857381162,1.32742775474e-05,4.42475918248e-06,0.00433626399883,0.00234069760753,0.00265928026867,0.00154866571387,3.98228326423e-05,3.53980734599e-05,0.00231857381162,0.000265485550949,0.00250883845647,0.0,5.30971101898e-05,0.00433626399883,5.75218693723e-05,0.000278759828496,8.84951836496e-06,0.0,0.00438051159066,0.0,2.21237959124e-05,0.000261060791766,0.00314600377874,0.00339379029296,0.0035619311419,0.0023495471259,0.00226990146061,4.42475918248e-06,0.00264600599112,0.0,8.84951836496e-06,0.00147344480777,0.0,0.000115043738745,3.09733142774e-05,0.00231857381162,4.42475918248e-06,3.53980734599e-05,4.42475918248e-06,3.09733142774e-05,4.42475918248e-06,0.000190264644847,0.00198229211375,0.00138052486493,0.000132742775474,0.00442475918248,1.32742775474e-05,1.76990367299e-05,0.0,1.32742775474e-05,0.00330529510931,0.00246459086464,0.00429201640701,0.000203538922394,0.00369909867655,0.0,0.00181415126482,0.00065928911819,1.76990367299e-05,0.00255308604829,8.84951836496e-06,0.000654864359007,0.00129645444047,1.32742775474e-05,8.84951836496e-06,0.00168140848934,0.0,0.000986721297693,0.00132742775474,0.00345573692152,0.0017433551179,0.00159733806488,0.00395130994996,0.00400883181933,0.00100884509361,0.0,0.00304423431755,3.53980734599e-05,1.32742775474e-05,0.00422564501927,5.30971101898e-05,0.000203538922394,8.84951836496e-05,8.84951836496e-06,0.00107079172216,0.00053539586108,2.21237959124e-05,0.00394246043159,0.00297786292981,4.42475918248e-06,3.98228326423e-05,0.00321679992566,8.40704244671e-05,0.00440263538657,0.00297343817063,0.00270795261968,0.00268582882377,3.53980734599e-05,0.0,0.00233184808917,1.76990367299e-05,0.00306193335428,0.00115043738745,0.00148671908531,0.000530971101898,4.42475918248e-06,3.53980734599e-05,0.000451325436613,0.0,0.00124335733028,3.53980734599e-05,2.21237959124e-05,5.30971101898e-05,0.0,4.42475918248e-06,0.000110618979562,2.21237959124e-05,0.00388051380304,0.0026017583993,0.00423006977845,0.00442475918248,3.09733142774e-05,1.32742775474e-05,0.00284954491352,8.84951836496e-06,8.84951836496e-06,4.42475918248e-06,0.00334511794196,8.84951836496e-06,0.00326104751749,0.0,0.00384069097039,8.84951836496e-06,0.00108406599971,0.00442475918248,0.000938048946686,0.0034867102358,0.00216813199942,0.00210618537086,0.0,0.0,4.42475918248e-06,0.00416369839072,0.000349555975416,0.000123893257109,9.73447020146e-05,3.53980734599e-05,8.84951836496e-06,0.00426104309273,0.000681412914102,2.21237959124e-05,0.000747784301839,5.30971101898e-05,0.0,0.0023982194769,0.00411502603971,0.0,0.000548670138628,0.0,0.00370352343574,0.000464599714161,0.00332299414604,0.000221237959124
Gen 226
string_,string_rot,integer_swap,exec_sho,integer_gte,boolean_shove,boolean_and,string_pop,exec_eq,string_yankd,string_parse_to_chars,integer_lt,string_stackdepth,exec_do*whi,char_r,char_p,boolean_sw,integer_sho,boolean_invert_second_then_a,print_integ,char_iswhitespace,string_removechar,exec_emp,string_first,string_conc,string_yank,string_concat,string_setchar,exec_yankd,string_length,string_replacefirstch,char_d,integer_eq,exec_do*tim,string_emptystri,string_reverse,exec_yankdup,string_repla,exec_,char_ya,integer_mu,string_replacech,boolean_yankd,char_isletter,integer_add,string_empty,char_isdigit,print_integer,exec_shove,integer_fromstri,string_conjchar,boolean_or,boolean_empty,exec_wh,string_fromchar,integer_yankd,exec_do*while,integer_rot,string_rest,boolean_flu,integer_stackdep,char_iswhitespa,char_allfromstring,boolean_,char_allfromstri,exec_stackdepth,exec_do*range,char_shove,char_stackdep,string_removech,exec_stackdep,boolean_sho,string_indexofch,string_stackdep,string_leng,print_ch,integer_mult,boolean_xor,boolean_yankdup,integer_min,string_emp,integer_fromch,exec_yank,char_stackdepth,char_sw,integer_fromboole,string_replace,integer_div,string_replacefirst,boolean_frominteger,string_butla,char_isdig,integer_flush,integer_,string_yankdup,char_flu,print_exec,integer_yank,boolean_frominteg,string_emptystring,char_yankd,boolean_ya,string_swap,print_ex,exec_d,integer_max,char_swap,string_contains,char_empty,exec_dup,exec_k,string_frominteg,exec_noop,exec_p,exec_r,exec_s,string_sho,integer_flu,exec_y,boolean_rot,boolean_a,integer_ya,exec_ya,boolean_invert_first_then_a,string_spl,string_occurrencesofch,integer_yankdup,string_replacechar,char_sho,string_fromboolean,print_stri,exec_string_itera,print_newli,string_ta,string_replacefirstchar,string_substring,boolean_stackdepth,string_shove,string_containschar,exec_do*ran,char_yankdup,char_yank,integer_sw,exec_do*times,string_fromch,integer_shove,exec_if,exec_whi,integer_g,char_frominteger,char_frominteg,boolean_dup,string_eq,boolean_not,char_eq,boolean_flush,boolean_pop,string_butlast,exec_swap,string_replacefir,boolean_swap,exec_sw,string_n,print_string,exec_flush,print_newline,integer_a,string_d,string_dup,string_frominteger,string_contai,integer_mod,exec_do*count,string_fir,string_r,integer_fromchar,string_p,integer_inc,boolean_invert_first_then_and,integer_fromstring,exec_rot,integer_m,boolean_d,char_rot,exec_do*cou,string_take,exec_string_iterate,string_split,integer_pop,boolean_n,string_re,boolean_p,boolean_r,exec_pop,string_sw,boolean_x,boolean_emp,string_la,char_emp,boolean_stackdep,string_parse_to_cha,print_char,integer_dup,boolean_invert_second_then_and,integer_sub,string_setch,exec_no,boolean_yank,char_islett,string_ya,string_flu,integer_stackdepth,integer_emp,integer_dec,print_boole,integer_gt,exec,string_indexofchar,in1,char_dup,char_flush,char_pop,integer_lte,string_conjch,exec_flu,string_containsch,boolean_eq,string_flush,print_boolean,integer_d,string_rever,char_,exec_empty,string_last,integer_l,exec_when,integer_i,string_substri,string_nth,string_occurrencesofchar,integer_r,integer_s,integer_p,exec_while,integer_fromboolean,integer_empty,string_fromboole
0.0,0.00437883533553,0.0036519662909,8.37000718059e-05,0.00270042863247,0.00339205554161,0.00112774833591,0.00378852956595,0.00296033938176,0.0,0.00425989312822,0.00129514847952,0.00212774393064,8.8105338743e-06,2.20263346858e-05,0.0,0.0,0.0,7.04842709944e-05,4.40526693715e-06,0.000731274311567,0.00066519530751,8.8105338743e-06,0.000339205554161,0.0,0.0011982326069,0.00225549667182,0.00326430280043,4.40526693715e-05,0.00440526693715,2.20263346858e-05,0.0,0.00317619746169,4.40526693715e-06,0.0,0.00425108259435,0.00413654565398,7.04842709944e-05,8.8105338743e-06,8.8105338743e-06,1.76210677486e-05,1.76210677486e-05,8.8105338743e-06,0.00418940885723,0.00235241254444,0.00285020770834,0.00373126109577,0.000735679578504,0.00329954493593,1.32158008115e-05,0.000237884414606,0.00360791362153,0.00223787560407,0.0,0.00255946009048,4.40526693715e-05,0.00324668173268,0.00118061153916,0.00376650323126,4.40526693715e-06,0.000198237012172,0.0,0.00228633354038,5.7268470183e-05,0.000114536940366,0.00229073880732,0.00195153325316,0.002312765142,4.40526693715e-06,8.8105338743e-06,2.20263346858e-05,4.40526693715e-06,4.40526693715e-06,1.32158008115e-05,7.04842709944e-05,8.8105338743e-05,0.000643168972824,0.00293831304708,0.0036167241554,0.00122025894159,0.0,3.52421354972e-05,0.00414535618786,0.00233479147669,8.8105338743e-06,4.40526693715e-06,0.00427310892904,0.00236122307831,0.00274007603491,0.00177972784261,4.40526693715e-05,3.52421354972e-05,0.00230835987507,0.000167400143612,0.00242289681543,8.8105338743e-06,6.16737371201e-05,0.00434799846697,3.96474024344e-05,0.000405284558218,1.32158008115e-05,4.40526693715e-06,0.00435680900084,0.0,8.8105338743e-06,0.000255505482355,0.0032731133343,0.00332157127061,0.00352861881666,0.00232157567588,0.00224228087101,8.8105338743e-06,0.00254624428967,0.0,4.40526693715e-06,0.00132598534808,4.40526693715e-06,5.28632032458e-05,5.28632032458e-05,0.00234360201056,0.0,2.20263346858e-05,4.40526693715e-06,2.64316016229e-05,0.0,0.000207047546046,0.00192950691847,0.00138325381827,0.000145373808926,0.00440526693715,4.40526693715e-06,2.20263346858e-05,4.40526693715e-06,1.76210677486e-05,0.00319381852943,0.00258589169211,0.00428191946291,0.000149779075863,0.00364315575702,0.0,0.00189426478297,0.00060352157039,4.40526693715e-06,0.0025374337558,4.40526693715e-06,0.00072686904463,0.0013039590134,2.20263346858e-05,1.76210677486e-05,0.00171805410549,4.40526693715e-06,0.00120263787384,0.00126431161096,0.00341848714323,0.00178853837648,0.00156386976269,0.003925092841,0.00405725084912,0.000903079722116,0.0,0.00309690265682,6.60790040573e-05,8.8105338743e-06,0.00415857198867,7.92948048687e-05,0.000158589609737,0.000127752741177,0.0,0.000991185060859,0.000643168972824,1.76210677486e-05,0.00386782437082,0.00274448130184,0.0,5.7268470183e-05,0.00324227646574,6.60790040573e-05,0.00439205113634,0.00277091290347,0.00264316016229,0.00270042863247,6.16737371201e-05,4.40526693715e-06,0.00227311773957,4.40526693715e-06,0.00297796044951,0.00134360641583,0.00158589609737,0.000515416231647,1.76210677486e-05,4.84579363087e-05,0.000524226765521,0.0,0.00134801168277,3.52421354972e-05,1.76210677486e-05,4.84579363087e-05,0.0,4.40526693715e-06,0.000140968541989,1.76210677486e-05,0.00375769269739,0.00251981268805,0.00412773512011,0.00440526693715,3.08368685601e-05,0.0,0.00284139717446,8.8105338743e-06,0.0,0.0,0.00343170294404,4.40526693715e-06,0.00312773952538,0.0,0.00378852956595,8.8105338743e-06,0.00108810093348,0.00440526693715,0.00106607459879,0.00349337668116,0.00210571759596,0.00214977026533,4.40526693715e-06,0.0,4.40526693715e-06,0.00414095092092,0.000378852956595,0.000118942207303,5.7268470183e-05,3.96474024344e-05,4.40526693715e-06,0.00424227206048,0.000753300646253,3.96474024344e-05,0.000845811251933,7.04842709944e-05,4.40526693715e-06,0.00221144400245,0.00402200871362,0.0,0.000449337227589,8.8105338743e-06,0.00380174536676,0.000295152884789,0.00329073440205,0.000207047546046
Gen 227
string_,string_rot,integer_swap,exec_sho,integer_gte,boolean_shove,boolean_and,string_pop,exec_eq,string_yankd,string_parse_to_chars,integer_lt,string_stackdepth,exec_do*whi,char_r,char_p,boolean_sw,integer_sho,boolean_invert_second_then_a,print_integ,char_iswhitespace,string_removechar,exec_emp,string_first,string_conc,string_yank,string_concat,string_setchar,exec_yankd,string_length,string_replacefirstch,char_d,integer_eq,exec_do*tim,string_emptystri,string_reverse,exec_yankdup,string_repla,exec_,char_ya,integer_mu,string_replacech,boolean_yankd,char_isletter,integer_add,string_empty,char_isdigit,print_integer,exec_shove,integer_fromstri,string_conjchar,boolean_or,boolean_empty,exec_wh,string_fromchar,integer_yankd,exec_do*while,integer_rot,string_rest,boolean_flu,integer_stackdep,char_iswhitespa,char_allfromstring,boolean_,char_allfromstri,exec_stackdepth,exec_do*range,char_shove,char_stackdep,string_removech,exec_stackdep,boolean_sho,string_indexofch,string_stackdep,string_leng,print_ch,integer_mult,boolean_xor,boolean_yankdup,integer_min,string_emp,integer_fromch,exec_yank,char_stackdepth,char_sw,integer_fromboole,string_replace,integer_div,string_replacefirst,boolean_frominteger,string_butla,char_isdig,integer_flush,integer_,string_yankdup,char_flu,print_exec,integer_yank,boolean_frominteg,string_emptystring,char_yankd,boolean_ya,string_swap,print_ex,exec_d,integer_max,char_swap,string_contains,char_empty,exec_dup,exec_k,string_frominteg,exec_noop,exec_p,exec_r,exec_s,string_sho,integer_flu,exec_y,boolean_rot,boolean_a,integer_ya,exec_ya,boolean_invert_first_then_a,string_spl,string_occurrencesofch,integer_yankdup,string_replacechar,char_sho,string_fromboolean,print_stri,exec_string_itera,print_newli,string_ta,string_replacefirstchar,string_substring,boolean_stackdepth,string_shove,string_containschar,exec_do*ran,char_yankdup,char_yank,integer_sw,exec_do*times,string_fromch,integer_shove,exec_if,exec_whi,integer_g,char_frominteger,char_frominteg,boolean_dup,string_eq,boolean_not,char_eq,boolean_flush,boolean_pop,string_butlast,exec_swap,string_replacefir,boolean_swap,exec_sw,string_n,print_string,exec_flush,print_newline,integer_a,string_d,string_dup,string_frominteger,string_contai,integer_mod,exec_do*count,string_fir,string_r,integer_fromchar,string_p,integer_inc,boolean_invert_first_then_and,integer_fromstring,exec_rot,integer_m,boolean_d,char_rot,exec_do*cou,string_take,exec_string_iterate,string_split,integer_pop,boolean_n,string_re,boolean_p,boolean_r,exec_pop,string_sw,boolean_x,boolean_emp,string_la,char_emp,boolean_stackdep,string_parse_to_cha,print_char,integer_dup,boolean_invert_second_then_and,integer_sub,string_setch,exec_no,boolean_yank,char_islett,string_ya,string_flu,integer_stackdepth,integer_emp,integer_dec,print_boole,integer_gt,exec,string_indexofchar,in1,char_dup,char_flush,char_pop,integer_lte,string_conjch,exec_flu,string_containsch,boolean_eq,string_flush,print_boolean,integer_d,string_rever,char_,exec_empty,string_last,integer_l,exec_when,integer_i,string_substri,string_nth,string_occurrencesofchar,integer_r,integer_s,integer_p,exec_while,integer_fromboolean,integer_empty,string_fromboole
0.0,0.0043640159473,0.00366665058487,7.01751308108e-05,0.00269735659054,0.0033727922246,0.00123683668054,0.00379822895514,0.00282893496081,4.38594567568e-06,0.00427191108811,0.00151753720378,0.00210086797865,4.38594567568e-06,2.19297283784e-05,0.0,4.38594567568e-06,0.0,3.50875654054e-05,0.0,0.000692979416757,0.000697365362433,8.77189135135e-06,0.000263156740541,0.0,0.00124122262622,0.00235525282784,0.00333331871351,2.63156740541e-05,0.00438594567568,2.63156740541e-05,0.0,0.00327191547405,0.0,0.0,0.00427191108811,0.00414471866351,7.01751308108e-05,1.75437827027e-05,0.0,1.75437827027e-05,8.77189135135e-06,8.77189135135e-06,0.00414471866351,0.00223244634892,0.00267542686216,0.0036973522046,0.000719295090811,0.0032631435827,4.38594567568e-06,0.000333331871351,0.00364033491081,0.00211841176135,0.0,0.00260086578568,1.75437827027e-05,0.00313595115811,0.00125438046324,0.00372366787865,0.0,0.000236841066487,0.0,0.00231139337108,5.70172937838e-05,0.000127192424595,0.00229384958838,0.00200876311946,0.00233332309946,0.0,0.0,4.38594567568e-06,0.0,0.0,8.77189135135e-06,6.14032394595e-05,7.01751308108e-05,0.000640348068649,0.0029034960373,0.00357015978,0.00127192424595,8.77189135135e-06,2.19297283784e-05,0.00414471866351,0.00244297174135,0.0,0.0,0.00432892838189,0.00242542795865,0.00262718145973,0.00173244854189,7.01751308108e-05,3.94735110811e-05,0.00235086688216,0.00016227999,0.00242981390432,1.3157837027e-05,3.50875654054e-05,0.00431577054487,3.50875654054e-05,0.000434208621892,1.75437827027e-05,0.0,0.0043464721646,0.0,4.38594567568e-06,0.00022368322946,0.00322367007162,0.00333331871351,0.00346928302946,0.00240788417595,0.0023991122846,4.38594567568e-06,0.00257016416595,0.0,1.3157837027e-05,0.00139911667054,0.0,3.50875654054e-05,3.94735110811e-05,0.00222806040324,0.0,4.82454024324e-05,1.3157837027e-05,6.14032394595e-05,4.38594567568e-06,0.000219297283784,0.00186402691216,0.00143859018162,9.21048591892e-05,0.00438594567568,0.0,3.50875654054e-05,0.0,4.38594567568e-06,0.00327191547405,0.00265349713378,0.00424998135973,0.000188595664054,0.00361840518243,4.38594567568e-06,0.00198244744541,0.000675435634054,1.75437827027e-05,0.00239472633892,0.0,0.000758768601892,0.00127631019162,1.75437827027e-05,1.3157837027e-05,0.00176315016162,2.19297283784e-05,0.00123683668054,0.00132894153973,0.00335086249622,0.00184648312946,0.00155701071487,0.00387279003162,0.00406577164135,0.000899118863514,0.0,0.00292542576568,3.94735110811e-05,2.63156740541e-05,0.00412278893514,4.38594567568e-05,0.000219297283784,0.000122806478919,0.0,0.00105262696216,0.000771926438919,1.3157837027e-05,0.00390787759703,0.00294735549405,0.0,3.50875654054e-05,0.00314472304946,7.45610764865e-05,0.00433331432757,0.00271928631892,0.00269735659054,0.00274560199297,5.70172937838e-05,4.38594567568e-06,0.00210525392432,4.38594567568e-06,0.00291665387433,0.00139911667054,0.00163595773703,0.00054824320946,1.75437827027e-05,5.70172937838e-05,0.000539471318108,1.3157837027e-05,0.0011535037127,3.94735110811e-05,2.19297283784e-05,4.82454024324e-05,0.0,8.77189135135e-06,0.000175437827027,1.75437827027e-05,0.00374121166135,0.00258332200297,0.00409647326108,0.00438594567568,1.75437827027e-05,0.0,0.00270174253622,8.77189135135e-06,0.0,0.0,0.00344296735541,8.77189135135e-06,0.00317103872351,0.0,0.00373682571568,0.0,0.00120174911514,0.00438594567568,0.00116227560405,0.00348682681216,0.00208771014162,0.00211402581568,4.38594567568e-06,0.0,8.77189135135e-06,0.00413594677216,0.00054824320946,0.00013157837027,0.00013157837027,3.50875654054e-05,8.77189135135e-06,0.00427191108811,0.000719295090811,3.07016197297e-05,0.00097367994,4.82454024324e-05,0.0,0.00209648203297,0.00401752623892,0.0,0.000504383752703,4.38594567568e-06,0.00378068517243,0.000245612957838,0.00320174034324,0.000153508098649
Gen 228
string_,string_rot,integer_swap,exec_sho,integer_gte,boolean_shove,boolean_and,string_pop,exec_eq,string_yankd,string_parse_to_chars,integer_lt,string_stackdepth,exec_do*whi,char_r,char_p,boolean_sw,integer_sho,boolean_invert_second_then_a,print_integ,char_iswhitespace,string_removechar,exec_emp,string_first,string_conc,string_yank,string_concat,string_setchar,exec_yankd,string_length,string_replacefirstch,char_d,integer_eq,exec_do*tim,string_emptystri,string_reverse,exec_yankdup,string_repla,exec_,char_ya,integer_mu,string_replacech,boolean_yankd,char_isletter,integer_add,string_empty,char_isdigit,print_integer,exec_shove,integer_fromstri,string_conjchar,boolean_or,boolean_empty,exec_wh,string_fromchar,integer_yankd,exec_do*while,integer_rot,string_rest,boolean_flu,integer_stackdep,char_iswhitespa,char_allfromstring,boolean_,char_allfromstri,exec_stackdepth,exec_do*range,char_shove,char_stackdep,string_removech,exec_stackdep,boolean_sho,string_indexofch,string_stackdep,string_leng,print_ch,integer_mult,boolean_xor,boolean_yankdup,integer_min,string_emp,integer_fromch,exec_yank,char_stackdepth,char_sw,integer_fromboole,string_replace,integer_div,string_replacefirst,boolean_frominteger,string_butla,char_isdig,integer_flush,integer_,string_yankdup,char_flu,print_exec,integer_yank,boolean_frominteg,string_emptystring,char_yankd,boolean_ya,string_swap,print_ex,exec_d,integer_max,char_swap,string_contains,char_empty,exec_dup,exec_k,string_frominteg,exec_noop,exec_p,exec_r,exec_s,string_sho,integer_flu,exec_y,boolean_rot,boolean_a,integer_ya,exec_ya,boolean_invert_first_then_a,string_spl,string_occurrencesofch,integer_yankdup,string_replacechar,char_sho,string_fromboolean,print_stri,exec_string_itera,print_newli,string_ta,string_replacefirstchar,string_substring,boolean_stackdepth,string_shove,string_containschar,exec_do*ran,char_yankdup,char_yank,integer_sw,exec_do*times,string_fromch,integer_shove,exec_if,exec_whi,integer_g,char_frominteger,char_frominteg,boolean_dup,string_eq,boolean_not,char_eq,boolean_flush,boolean_pop,string_butlast,exec_swap,string_replacefir,boolean_swap,exec_sw,string_n,print_string,exec_flush,print_newline,integer_a,string_d,string_dup,string_frominteger,string_contai,integer_mod,exec_do*count,string_fir,string_r,integer_fromchar,string_p,integer_inc,boolean_invert_first_then_and,integer_fromstring,exec_rot,integer_m,boolean_d,char_rot,exec_do*cou,string_take,exec_string_iterate,string_split,integer_pop,boolean_n,string_re,boolean_p,boolean_r,exec_pop,string_sw,boolean_x,boolean_emp,string_la,char_emp,boolean_stackdep,string_parse_to_cha,print_char,integer_dup,boolean_invert_second_then_and,integer_sub,string_setch,exec_no,boolean_yank,char_islett,string_ya,string_flu,integer_stackdepth,integer_emp,integer_dec,print_boole,integer_gt,exec,string_indexofchar,in1,char_dup,char_flush,char_pop,integer_lte,string_conjch,exec_flu,string_containsch,boolean_eq,string_flush,print_boolean,integer_d,string_rever,char_,exec_empty,string_last,integer_l,exec_when,integer_i,string_substri,string_nth,string_occurrencesofchar,integer_r,integer_s,integer_p,exec_while,integer_fromboolean,integer_empty,string_fromboole
4.36679315811e-06,0.00435369277863,0.00349780131964,8.29690700041e-05,0.0028558827254,0.00337116431806,0.00140610739691,0.00371614097755,0.00292575141593,4.36679315811e-06,0.00421832219073,0.0013755398448,0.00206549316379,0.0,1.31003794743e-05,0.0,0.0,0.0,5.24015178973e-05,8.73358631622e-06,0.000860258252147,0.000672486146349,2.62007589487e-05,0.000318775900542,0.0,0.00124453605006,0.0024497709617,0.00330566242069,2.62007589487e-05,0.00436679315811,1.31003794743e-05,4.36679315811e-06,0.00319649259174,1.31003794743e-05,0.0,0.00422705577705,0.00408731839599,3.9301138423e-05,3.05675521068e-05,8.73358631622e-06,1.31003794743e-05,4.36679315811e-06,2.18339657905e-05,0.00413098632757,0.00225326526958,0.00245850454802,0.00371614097755,0.000742354836878,0.00321395976437,1.31003794743e-05,0.000227073244222,0.00374670852966,0.00216156261326,0.0,0.00268121099908,1.74671726324e-05,0.00320522617805,0.00110043187584,0.00365063908018,0.0,0.000240173623696,4.36679315811e-06,0.00220523054484,4.80347247392e-05,5.24015178973e-05,0.00242793699591,0.00189955502378,0.00225763206274,0.0,4.36679315811e-06,1.31003794743e-05,0.0,0.0,4.36679315811e-06,6.98686905297e-05,0.000117903415269,0.000847157872673,0.00298251972699,0.00344539980175,0.00125763642954,4.36679315811e-06,1.74671726324e-05,0.00405675084388,0.00219649695853,0.0,4.36679315811e-06,0.00427945729495,0.00231003358064,0.00257204117013,0.00172488329745,6.11351042135e-05,2.62007589487e-05,0.00234060113275,0.000157204553692,0.0025327400317,1.31003794743e-05,7.42354836878e-05,0.00424015615652,1.31003794743e-05,0.000410478556862,1.31003794743e-05,0.0,0.00431002484705,0.0,8.73358631622e-06,0.000314409107384,0.00322706014384,0.00325326090279,0.00351090169912,0.00249780568644,0.00230129999432,0.0,0.00250653927275,0.0,4.36679315811e-06,0.00157641233008,8.73358631622e-06,4.36679315811e-05,3.49343452649e-05,0.00227946602853,0.0,3.9301138423e-05,8.73358631622e-06,4.80347247392e-05,8.73358631622e-06,0.000331876280016,0.00197379050747,0.00150217684639,0.000104803035795,0.00436679315811,2.18339657905e-05,3.05675521068e-05,0.0,8.73358631622e-06,0.00322269335068,0.00232750075327,0.00418338784547,0.000218339657905,0.00361570473491,4.36679315811e-06,0.00179475198798,0.000794756354776,4.36679315811e-06,0.00255457399749,4.36679315811e-06,0.000681219732665,0.00124890284322,1.31003794743e-05,1.74671726324e-05,0.00166374819324,1.74671726324e-05,0.00114409980742,0.00124890284322,0.00342356583596,0.00206112637063,0.00158514591639,0.00392138025598,0.00404801725757,0.000973794874258,4.36679315811e-06,0.00306985559015,9.17026563203e-05,8.73358631622e-06,0.00413971991389,3.05675521068e-05,0.000270741175803,9.60694494784e-05,4.36679315811e-06,0.00109606508269,0.000585150283187,4.36679315811e-06,0.00382094401334,0.00296941934751,1.31003794743e-05,2.18339657905e-05,0.00315282466015,7.8602276846e-05,0.00433185881284,0.0026375430675,0.00256767437697,0.0026681106196,7.42354836878e-05,0.0,0.00221396413116,1.31003794743e-05,0.00290391745014,0.00132750512006,0.00155894515744,0.000589517076345,3.49343452649e-05,5.24015178973e-05,0.000502181213182,0.0,0.00117466735953,3.9301138423e-05,4.80347247392e-05,5.24015178973e-05,4.36679315811e-06,1.31003794743e-05,0.000183405312641,1.74671726324e-05,0.00382094401334,0.00250653927275,0.0040130829123,0.00436679315811,2.62007589487e-05,0.0,0.0027205121375,5.24015178973e-05,4.36679315811e-06,0.0,0.00341046545648,8.73358631622e-06,0.00320522617805,4.36679315811e-06,0.00375107532282,8.73358631622e-06,0.00103929677163,0.00436679315811,0.00119650132532,0.00344539980175,0.00176855122903,0.00212226147484,4.36679315811e-06,0.0,4.36679315811e-06,0.00419648822494,0.000441046108969,0.000152837760534,6.55018973716e-05,2.62007589487e-05,8.73358631622e-06,0.00427945729495,0.000908292976887,1.74671726324e-05,0.000890825804254,3.49343452649e-05,0.0,0.00220523054484,0.00395631460125,8.73358631622e-06,0.000397378177388,0.0,0.0036899402186,0.000327509486858,0.00321395976437,0.000157204553692
Gen 229
string_,string_rot,integer_swap,exec_sho,integer_gte,boolean_shove,boolean_and,string_pop,exec_eq,string_yankd,string_parse_to_chars,integer_lt,string_stackdepth,exec_do*whi,char_r,char_p,boolean_sw,integer_sho,boolean_invert_second_then_a,print_integ,char_iswhitespace,string_removechar,exec_emp,string_first,string_conc,string_yank,string_concat,string_setchar,exec_yankd,string_length,string_replacefirstch,char_d,integer_eq,exec_do*tim,string_emptystri,string_reverse,exec_yankdup,string_repla,exec_,char_ya,integer_mu,string_replacech,boolean_yankd,char_isletter,integer_add,string_empty,char_isdigit,print_integer,exec_shove,integer_fromstri,string_conjchar,boolean_or,boolean_empty,exec_wh,string_fromchar,integer_yankd,exec_do*while,integer_rot,string_rest,boolean_flu,integer_stackdep,char_iswhitespa,char_allfromstring,boolean_,char_allfromstri,exec_stackdepth,exec_do*range,char_shove,char_stackdep,string_removech,exec_stackdep,boolean_sho,string_indexofch,string_stackdep,string_leng,print_ch,integer_mult,boolean_xor,boolean_yankdup,integer_min,string_emp,integer_fromch,exec_yank,char_stackdepth,char_sw,integer_fromboole,string_replace,integer_div,string_replacefirst,boolean_frominteger,string_butla,char_isdig,integer_flush,integer_,string_yankdup,char_flu,print_exec,integer_yank,boolean_frominteg,string_emptystring,char_yankd,boolean_ya,string_swap,print_ex,exec_d,integer_max,char_swap,string_contains,char_empty,exec_dup,exec_k,string_frominteg,exec_noop,exec_p,exec_r,exec_s,string_sho,integer_flu,exec_y,boolean_rot,boolean_a,integer_ya,exec_ya,boolean_invert_first_then_a,string_spl,string_occurrencesofch,integer_yankdup,string_replacechar,char_sho,string_fromboolean,print_stri,exec_string_itera,print_newli,string_ta,string_replacefirstchar,string_substring,boolean_stackdepth,string_shove,string_containschar,exec_do*ran,char_yankdup,char_yank,integer_sw,exec_do*times,string_fromch,integer_shove,exec_if,exec_whi,integer_g,char_frominteger,char_frominteg,boolean_dup,string_eq,boolean_not,char_eq,boolean_flush,boolean_pop,string_butlast,exec_swap,string_replacefir,boolean_swap,exec_sw,string_n,print_string,exec_flush,print_newline,integer_a,string_d,string_dup,string_frominteger,string_contai,integer_mod,exec_do*count,string_fir,string_r,integer_fromchar,string_p,integer_inc,boolean_invert_first_then_and,integer_fromstring,exec_rot,integer_m,boolean_d,char_rot,exec_do*cou,string_take,exec_string_iterate,string_split,integer_pop,boolean_n,string_re,boolean_p,boolean_r,exec_pop,string_sw,boolean_x,boolean_emp,string_la,char_emp,boolean_stackdep,string_parse_to_cha,print_char,integer_dup,boolean_invert_second_then_and,integer_sub,string_setch,exec_no,boolean_yank,char_islett,string_ya,string_flu,integer_stackdepth,integer_emp,integer_dec,print_boole,integer_gt,exec,string_indexofchar,in1,char_dup,char_flush,char_pop,integer_lte,string_conjch,exec_flu,string_containsch,boolean_eq,string_flush,print_boolean,integer_d,string_rever,char_,exec_empty,string_last,integer_l,exec_when,integer_i,string_substri,string_nth,string_occurrencesofchar,integer_r,integer_s,integer_p,exec_while,integer_fromboolean,integer_empty,string_fromboole
0.0,0.0043347637619,0.00348694136112,5.21736862014e-05,0.00288259616263,0.00349998478267,0.00121738601137,0.00369128829875,0.00275650975431,4.34780718345e-06,0.00422172077513,0.00142173294899,0.00227825096413,0.0,4.34780718345e-06,0.0,8.69561436689e-06,0.0,3.9130264651e-05,1.73912287338e-05,0.000778257485837,0.000713040378085,1.73912287338e-05,0.000291303081291,0.0,0.00133477680532,0.00271737948965,0.00322172512293,2.60868431007e-05,0.00434780718345,1.30434215503e-05,4.34780718345e-06,0.0030217259925,8.69561436689e-06,0.0,0.00423911200386,0.00408259094526,5.21736862014e-05,2.17390359172e-05,4.34780718345e-06,1.73912287338e-05,0.0,3.04346502841e-05,0.00418259051048,0.00216086017017,0.00227825096413,0.00371737514185,0.000804344328938,0.003152160208,1.73912287338e-05,0.000247825009456,0.00378694005678,0.00225216412103,0.0,0.00269129264655,2.17390359172e-05,0.00318259485828,0.00113477767488,0.00356954969761,4.34780718345e-06,0.000321737731575,4.34780718345e-06,0.00220433824201,4.34780718345e-05,7.8260529302e-05,0.00248259790175,0.00200868691875,0.00230433780723,0.0,0.0,1.30434215503e-05,0.0,0.0,8.69561436689e-06,6.52171077517e-05,0.000134782022687,0.000708692570902,0.00284781370516,0.00345215890366,0.00129564654067,0.0,1.73912287338e-05,0.00407389533089,0.00209129525524,1.30434215503e-05,4.34780718345e-06,0.0042825900757,0.00228694657849,0.0027043360681,0.00172607945183,5.65214933848e-05,2.60868431007e-05,0.00238259833653,0.00013912982987,0.00256955404542,2.60868431007e-05,3.47824574676e-05,0.00426519884696,8.69561436689e-06,0.000521736862014,2.17390359172e-05,0.0,0.00431302472598,0.0,8.69561436689e-06,0.000356520189043,0.00317389924392,0.00333042030252,0.00343476767492,0.00234781587906,0.00230433780723,8.69561436689e-06,0.00243042421555,8.69561436689e-06,4.34780718345e-06,0.00169564480154,4.34780718345e-06,0.0,4.78258790179e-05,0.00220868604919,0.0,6.08693005683e-05,1.30434215503e-05,4.34780718345e-05,0.0,0.000243477202273,0.0020217303403,0.00149564567111,7.39127221186e-05,0.00434780718345,1.30434215503e-05,3.04346502841e-05,0.0,8.69561436689e-06,0.00317389924392,0.00228259877131,0.00421737296794,0.000178260094521,0.00365650584128,4.34780718345e-06,0.0019173829679,0.000821735557671,4.34780718345e-06,0.00246085886583,1.73912287338e-05,0.000760866257103,0.00132173338377,8.69561436689e-06,4.34780718345e-06,0.00171738383746,4.34780718345e-06,0.00105651714558,0.0014434719849,0.00339128960309,0.00207825183369,0.00164347111534,0.00390867865792,0.00417389489611,0.000982604423459,0.0,0.00306085625715,7.39127221186e-05,2.17390359172e-05,0.00413476463146,6.08693005683e-05,0.000291303081291,8.26083364855e-05,4.34780718345e-06,0.0011304298677,0.000721735992452,0.0,0.00363041899818,0.00296085669193,0.0,4.34780718345e-05,0.00302607379968,7.39127221186e-05,0.00432172034035,0.00243911982991,0.00269129264655,0.00278694440459,8.26083364855e-05,0.0,0.00211303429116,1.30434215503e-05,0.00287824835544,0.00131738557658,0.00158260181477,0.000665214499067,5.21736862014e-05,4.34780718345e-05,0.000560867126665,4.34780718345e-06,0.000995647845009,3.9130264651e-05,4.78258790179e-05,5.21736862014e-05,4.34780718345e-06,1.30434215503e-05,0.00012608640832,3.04346502841e-05,0.00386520058608,0.0025999886957,0.00401302603032,0.00434780718345,4.34780718345e-05,0.0,0.00250868474485,4.78258790179e-05,4.34780718345e-06,0.0,0.00346520232521,4.34780718345e-06,0.00321737731575,0.0,0.00362607119099,0.0,0.000943474158808,0.00434780718345,0.00129564654067,0.00352607162578,0.0020739040265,0.00215651236299,8.69561436689e-06,0.0,0.0,0.00417389489611,0.000473910982996,0.000165216672971,5.65214933848e-05,1.73912287338e-05,1.73912287338e-05,0.00419563393203,0.000804344328938,4.78258790179e-05,0.000991300037826,3.47824574676e-05,4.34780718345e-06,0.00211738209834,0.00395650453694,8.69561436689e-06,0.000408693875244,1.30434215503e-05,0.00363911461255,0.000326085538759,0.003152160208,0.000178260094521
Gen 230
string_,string_rot,integer_swap,exec_sho,integer_gte,boolean_shove,boolean_and,string_pop,exec_eq,string_yankd,string_parse_to_chars,integer_lt,string_stackdepth,exec_do*whi,char_r,char_p,boolean_sw,integer_sho,boolean_invert_second_then_a,print_integ,char_iswhitespace,string_removechar,exec_emp,string_first,string_conc,string_yank,string_concat,string_setchar,exec_yankd,string_length,string_replacefirstch,char_d,integer_eq,exec_do*tim,string_emptystri,string_reverse,exec_yankdup,string_repla,exec_,char_ya,integer_mu,string_replacech,boolean_yankd,char_isletter,integer_add,string_empty,char_isdigit,print_integer,exec_shove,integer_fromstri,string_conjchar,boolean_or,boolean_empty,exec_wh,string_fromchar,integer_yankd,exec_do*while,integer_rot,string_rest,boolean_flu,integer_stackdep,char_iswhitespa,char_allfromstring,boolean_,char_allfromstri,exec_stackdepth,exec_do*range,char_shove,char_stackdep,string_removech,exec_stackdep,boolean_sho,string_indexofch,string_stackdep,string_leng,print_ch,integer_mult,boolean_xor,boolean_yankdup,integer_min,string_emp,integer_fromch,exec_yank,char_stackdepth,char_sw,integer_fromboole,string_replace,integer_div,string_replacefirst,boolean_frominteger,string_butla,char_isdig,integer_flush,integer_,string_yankdup,char_flu,print_exec,integer_yank,boolean_frominteg,string_emptystring,char_yankd,boolean_ya,string_swap,print_ex,exec_d,integer_max,char_swap,string_contains,char_empty,exec_dup,exec_k,string_frominteg,exec_noop,exec_p,exec_r,exec_s,string_sho,integer_flu,exec_y,boolean_rot,boolean_a,integer_ya,exec_ya,boolean_invert_first_then_a,string_spl,string_occurrencesofch,integer_yankdup,string_replacechar,char_sho,string_fromboolean,print_stri,exec_string_itera,print_newli,string_ta,string_replacefirstchar,string_substring,boolean_stackdepth,string_shove,string_containschar,exec_do*ran,char_yankdup,char_yank,integer_sw,exec_do*times,string_fromch,integer_shove,exec_if,exec_whi,integer_g,char_frominteger,char_frominteg,boolean_dup,string_eq,boolean_not,char_eq,boolean_flush,boolean_pop,string_butlast,exec_swap,string_replacefir,boolean_swap,exec_sw,string_n,print_string,exec_flush,print_newline,integer_a,string_d,string_dup,string_frominteger,string_contai,integer_mod,exec_do*count,string_fir,string_r,integer_fromchar,string_p,integer_inc,boolean_invert_first_then_and,integer_fromstring,exec_rot,integer_m,boolean_d,char_rot,exec_do*cou,string_take,exec_string_iterate,string_split,integer_pop,boolean_n,string_re,boolean_p,boolean_r,exec_pop,string_sw,boolean_x,boolean_emp,string_la,char_emp,boolean_stackdep,string_parse_to_cha,print_char,integer_dup,boolean_invert_second_then_and,integer_sub,string_setch,exec_no,boolean_yank,char_islett,string_ya,string_flu,integer_stackdepth,integer_emp,integer_dec,print_boole,integer_gt,exec,string_indexofchar,in1,char_dup,char_flush,char_pop,integer_lte,string_conjch,exec_flu,string_containsch,boolean_eq,string_flush,print_boolean,integer_d,string_rever,char_,exec_empty,string_last,integer_l,exec_when,integer_i,string_substri,string_nth,string_occurrencesofchar,integer_r,integer_s,integer_p,exec_while,integer_fromboolean,integer_empty,string_fromboole
0.0,0.00432032761763,0.00353245224047,4.32898558881e-05,0.0029004203445,0.0033636218025,0.00136363046047,0.00365366383695,0.00287011744538,8.65797117761e-06,0.00415149717967,0.00142856524431,0.00230302033325,0.0,8.65797117761e-06,8.65797117761e-06,0.0,4.32898558881e-06,5.62768126545e-05,8.65797117761e-06,0.000818178276285,0.000887442045705,8.65797117761e-06,0.000333331890338,0.0,0.00136363046047,0.00259739135328,0.00340691165839,8.65797117761e-05,0.00432898558881,2.1644927944e-05,0.0,0.00319046237895,1.29869567664e-05,0.0,0.00419045804997,0.00404760152553,6.06057982433e-05,3.03028991216e-05,8.65797117761e-06,0.0,0.0,3.46318847105e-05,0.00415149717967,0.00209955801057,0.00261903628123,0.00377487543344,0.000809520305107,0.00325972614837,8.65797117761e-06,0.000393937688581,0.00381383630374,0.00218180873676,0.0,0.00267964207947,3.46318847105e-05,0.00325539716278,0.00132466959017,0.00357574209635,4.32898558881e-06,0.000268397106506,0.0,0.00221211163588,4.76188414769e-05,8.22507261873e-05,0.00245886381444,0.00206492612586,0.00234631018913,0.0,8.65797117761e-06,1.73159423552e-05,0.0,0.0,8.65797117761e-06,6.49347838321e-05,0.000142856524431,0.000696966679798,0.00303894788334,0.00342855658634,0.00132466959017,4.32898558881e-06,2.1644927944e-05,0.00404327253995,0.00219912467911,2.1644927944e-05,4.32898558881e-06,0.00420777399232,0.00222076960706,0.00272293193536,0.00163635655257,4.76188414769e-05,1.29869567664e-05,0.00241990294414,0.000138527538842,0.00261903628123,1.73159423552e-05,5.19478270657e-05,0.00426405080497,1.29869567664e-05,0.000510820299479,1.73159423552e-05,0.0,0.00428136674733,0.0,8.65797117761e-06,0.00047185942918,0.00314284353747,0.00314284353747,0.0034415435431,0.00244154787209,0.00223808554941,2.59739135328e-05,0.00245453482885,0.0,8.65797117761e-06,0.00154111886962,8.65797117761e-06,1.29869567664e-05,6.92637694209e-05,0.00212986090969,0.0,3.89608702993e-05,1.73159423552e-05,3.03028991216e-05,8.65797117761e-06,0.000272726092095,0.00193938554379,0.00140692031636,8.22507261873e-05,0.00432898558881,1.73159423552e-05,5.19478270657e-05,0.0,4.32898558881e-06,0.00323375223484,0.00250215367033,0.00420344500673,0.000225107250618,0.00382682326051,1.73159423552e-05,0.00193938554379,0.000904757988061,8.65797117761e-06,0.00260172033887,4.32898558881e-06,0.000757572478041,0.00115151016662,8.65797117761e-06,8.65797117761e-06,0.00178787104818,1.29869567664e-05,0.00112986523868,0.00152380292726,0.00330301600426,0.00187877974554,0.00159306669668,0.00390041601552,0.00414716819408,0.000909086973649,4.32898558881e-06,0.00304327686893,8.65797117761e-05,3.89608702993e-05,0.00410387833819,4.32898558881e-05,0.00029004203445,4.76188414769e-05,0.0,0.00121644495045,0.000640689867143,2.1644927944e-05,0.00367963775049,0.00293505222921,0.0,3.89608702993e-05,0.00303894788334,5.19478270657e-05,0.00429868268969,0.00251946961269,0.00266665512271,0.00287011744538,9.09086973649e-05,0.0,0.00219912467911,3.03028991216e-05,0.00310388266717,0.0013939333596,0.00152813191285,0.0005800840689,3.03028991216e-05,3.89608702993e-05,0.00047185942918,0.0,0.00106493045485,4.76188414769e-05,3.46318847105e-05,4.32898558881e-05,4.32898558881e-06,4.32898558881e-06,0.000103895654131,3.89608702993e-05,0.00380084934697,0.00251946961269,0.00396967978494,0.00432898558881,1.73159423552e-05,0.0,0.00264933918035,4.76188414769e-05,4.32898558881e-06,0.0,0.00359305803871,1.29869567664e-05,0.00309089571041,0.0,0.00370994064961,1.29869567664e-05,0.000787875377163,0.00432898558881,0.00127272176311,0.00358007108194,0.00207358409704,0.00229869134766,0.0,0.0,1.29869567664e-05,0.00418180007879,0.000350647832693,0.000155843481197,6.92637694209e-05,2.59739135328e-05,4.32898558881e-06,0.0041774710932,0.000930731901593,3.46318847105e-05,0.00083549421864,3.03028991216e-05,4.32898558881e-06,0.0021255319241,0.00401296964082,2.1644927944e-05,0.000393937688581,8.65797117761e-06,0.00366665079372,0.000303028991216,0.00322942324925,0.000103895654131
Gen 231
string_,string_rot,integer_swap,exec_sho,integer_gte,boolean_shove,boolean_and,string_pop,exec_eq,string_yankd,string_parse_to_chars,integer_lt,string_stackdepth,exec_do*whi,char_r,char_p,boolean_sw,integer_sho,boolean_invert_second_then_a,print_integ,char_iswhitespace,string_removechar,exec_emp,string_first,string_conc,string_yank,string_concat,string_setchar,exec_yankd,string_length,string_replacefirstch,char_d,integer_eq,exec_do*tim,string_emptystri,string_reverse,exec_yankdup,string_repla,exec_,char_ya,integer_mu,string_replacech,boolean_yankd,char_isletter,integer_add,string_empty,char_isdigit,print_integer,exec_shove,integer_fromstri,string_conjchar,boolean_or,boolean_empty,exec_wh,string_fromchar,integer_yankd,exec_do*while,integer_rot,string_rest,boolean_flu,integer_stackdep,char_iswhitespa,char_allfromstring,boolean_,char_allfromstri,exec_stackdepth,exec_do*range,char_shove,char_stackdep,string_removech,exec_stackdep,boolean_sho,string_indexofch,string_stackdep,string_leng,print_ch,integer_mult,boolean_xor,boolean_yankdup,integer_min,string_emp,integer_fromch,exec_yank,char_stackdepth,char_sw,integer_fromboole,string_replace,integer_div,string_replacefirst,boolean_frominteger,string_butla,char_isdig,integer_flush,integer_,string_yankdup,char_flu,print_exec,integer_yank,boolean_frominteg,string_emptystring,char_yankd,boolean_ya,string_swap,print_ex,exec_d,integer_max,char_swap,string_contains,char_empty,exec_dup,exec_k,string_frominteg,exec_noop,exec_p,exec_r,exec_s,string_sho,integer_flu,exec_y,boolean_rot,boolean_a,integer_ya,exec_ya,boolean_invert_first_then_a,string_spl,string_occurrencesofch,integer_yankdup,string_replacechar,char_sho,string_fromboolean,print_stri,exec_string_itera,print_newli,string_ta,string_replacefirstchar,string_substring,boolean_stackdepth,string_shove,string_containschar,exec_do*ran,char_yankdup,char_yank,integer_sw,exec_do*times,string_fromch,integer_shove,exec_if,exec_whi,integer_g,char_frominteger,char_frominteg,boolean_dup,string_eq,boolean_not,char_eq,boolean_flush,boolean_pop,string_butlast,exec_swap,string_replacefir,boolean_swap,exec_sw,string_n,print_string,exec_flush,print_newline,integer_a,string_d,string_dup,string_frominteger,string_contai,integer_mod,exec_do*count,string_fir,string_r,integer_fromchar,string_p,integer_inc,boolean_invert_first_then_and,integer_fromstring,exec_rot,integer_m,boolean_d,char_rot,exec_do*cou,string_take,exec_string_iterate,string_split,integer_pop,boolean_n,string_re,boolean_p,boolean_r,exec_pop,string_sw,boolean_x,boolean_emp,string_la,char_emp,boolean_stackdep,string_parse_to_cha,print_char,integer_dup,boolean_invert_second_then_and,integer_sub,string_setch,exec_no,boolean_yank,char_islett,string_ya,string_flu,integer_stackdepth,integer_emp,integer_dec,print_boole,integer_gt,exec,string_indexofchar,in1,char_dup,char_flush,char_pop,integer_lte,string_conjch,exec_flu,string_containsch,boolean_eq,string_flush,print_boolean,integer_d,string_rever,char_,exec_empty,string_last,integer_l,exec_when,integer_i,string_substri,string_nth,string_occurrencesofchar,integer_r,integer_s,integer_p,exec_while,integer_fromboolean,integer_empty,string_fromboole
0.0,0.0043017055961,0.00362498437507,6.03445674803e-05,0.00295257348029,0.00333188219016,0.00134913211581,0.00348274360886,0.00271981586286,4.31032624859e-06,0.00418963711363,0.00130602885332,0.00224136964927,4.31032624859e-06,1.72413049944e-05,0.0,0.0,0.0,6.89652199775e-05,1.72413049944e-05,0.000844823944724,0.000840513618476,1.29309787458e-05,0.000362067404882,4.31032624859e-06,0.00120258102336,0.00264222999039,0.00328446860143,7.32755462261e-05,0.00431032624859,2.1551631243e-05,4.31032624859e-06,0.00312067620398,1.29309787458e-05,0.0,0.0041249822199,0.0039827414537,9.05168512205e-05,1.29309787458e-05,0.0,8.62065249719e-06,4.31032624859e-06,1.29309787458e-05,0.00414653385115,0.00219395606053,0.00250860987668,0.00369825992129,0.000943961448442,0.00315515881397,0.0,0.000362067404882,0.00378877677251,0.00210774953556,0.0,0.00269395390537,3.01722837402e-05,0.00332326153767,0.00128016689583,0.00348705393511,0.0,0.000228447291175,0.0,0.00206895659933,4.31032624859e-05,7.32755462261e-05,0.00235774845798,0.00224999030177,0.00229309356425,0.0,4.31032624859e-06,1.72413049944e-05,8.62065249719e-06,4.31032624859e-06,2.58619574916e-05,6.89652199775e-05,9.91375037177e-05,0.000788789703493,0.00303446967901,0.0035215365451,0.00154740712325,4.31032624859e-06,5.17239149831e-05,0.00394394851746,0.00239654139422,4.31032624859e-06,8.62065249719e-06,0.00423274037612,0.00234481747924,0.0027499881466,0.00173706147818,2.58619574916e-05,2.58619574916e-05,0.00242671367796,0.000107758156215,0.00274136749411,8.62065249719e-06,3.01722837402e-05,0.00427153331236,8.62065249719e-06,0.000655169589786,8.62065249719e-06,0.0,0.00427153331236,0.0,4.74135887345e-05,0.000853444597222,0.00327584794893,0.00310774522524,0.00341377838889,0.00232326584799,0.00213361149305,1.72413049944e-05,0.00232326584799,0.0,8.62065249719e-06,0.00159482071198,0.0,1.29309787458e-05,3.44826099888e-05,0.00223705932302,4.31032624859e-06,2.58619574916e-05,8.62065249719e-06,3.01722837402e-05,4.31032624859e-06,0.000280171206159,0.00193964681187,0.00134913211581,6.46548937289e-05,0.00431032624859,1.72413049944e-05,3.01722837402e-05,0.0,8.62065249719e-06,0.00316808979272,0.00252585118168,0.00419394743988,0.000331895121142,0.00381894905625,0.0,0.00202154301059,0.000987064710928,0.0,0.00268533325287,8.62065249719e-06,0.000823272313481,0.000926720143448,2.1551631243e-05,2.1551631243e-05,0.0016853375632,1.29309787458e-05,0.00103447829966,0.00143102831453,0.00328877892768,0.00192240550687,0.00171982017319,0.00389222460248,0.00406463765242,0.000965513079685,8.62065249719e-06,0.00303446967901,9.48271774691e-05,5.17239149831e-05,0.00409912026241,3.44826099888e-05,0.000318964142396,8.18961987233e-05,2.1551631243e-05,0.00128878754833,0.000646548937289,2.1551631243e-05,0.00358619143883,0.00281464304033,4.31032624859e-06,4.31032624859e-05,0.00301291804777,4.74135887345e-05,0.00427584363861,0.00247412726669,0.00279309140909,0.00274567782035,6.89652199775e-05,0.0,0.00231033486925,2.1551631243e-05,0.00312067620398,0.00126292559084,0.0016767169107,0.000693962526024,1.29309787458e-05,3.01722837402e-05,0.000452584256102,0.0,0.00110344351964,3.44826099888e-05,2.1551631243e-05,4.74135887345e-05,0.0,4.31032624859e-06,6.89652199775e-05,1.72413049944e-05,0.00380601807751,0.00248274791919,0.0039741208012,0.00431032624859,5.17239149831e-05,0.0,0.0024655066142,5.17239149831e-05,0.0,4.31032624859e-06,0.00354308817634,8.62065249719e-06,0.00307326261525,0.0,0.00361205339632,1.29309787458e-05,0.000784479377244,0.00431032624859,0.00144826961953,0.00355601915509,0.0021465424718,0.00203016366309,4.31032624859e-06,0.0,8.62065249719e-06,0.00411205124116,0.000418101646114,0.000249998922418,7.32755462261e-05,2.1551631243e-05,1.29309787458e-05,0.00418101646114,0.0010732712359,4.74135887345e-05,0.00085775492347,4.74135887345e-05,0.0,0.0021551631243,0.00400429308494,4.31032624859e-06,0.000400860341119,4.31032624859e-06,0.00354739850259,0.000267240227413,0.00305602131025,0.00018534402869
Gen 232
string_,string_rot,integer_swap,exec_sho,integer_gte,boolean_shove,boolean_and,string_pop,exec_eq,string_yankd,string_parse_to_chars,integer_lt,string_stackdepth,exec_do*whi,char_r,char_p,boolean_sw,integer_sho,boolean_invert_second_then_a,print_integ,char_iswhitespace,string_removechar,exec_emp,string_first,string_conc,string_yank,string_concat,string_setchar,exec_yankd,string_length,string_replacefirstch,char_d,integer_eq,exec_do*tim,string_emptystri,string_reverse,exec_yankdup,string_repla,exec_,char_ya,integer_mu,string_replacech,boolean_yankd,char_isletter,integer_add,string_empty,char_isdigit,print_integer,exec_shove,integer_fromstri,string_conjchar,boolean_or,boolean_empty,exec_wh,string_fromchar,integer_yankd,exec_do*while,integer_rot,string_rest,boolean_flu,integer_stackdep,char_iswhitespa,char_allfromstring,boolean_,char_allfromstri,exec_stackdepth,exec_do*range,char_shove,char_stackdep,string_removech,exec_stackdep,boolean_sho,string_indexofch,string_stackdep,string_leng,print_ch,integer_mult,boolean_xor,boolean_yankdup,integer_min,string_emp,integer_fromch,exec_yank,char_stackdepth,char_sw,integer_fromboole,string_replace,integer_div,string_replacefirst,boolean_frominteger,string_butla,char_isdig,integer_flush,integer_,string_yankdup,char_flu,print_exec,integer_yank,boolean_frominteg,string_emptystring,char_yankd,boolean_ya,string_swap,print_ex,exec_d,integer_max,char_swap,string_contains,char_empty,exec_dup,exec_k,string_frominteg,exec_noop,exec_p,exec_r,exec_s,string_sho,integer_flu,exec_y,boolean_rot,boolean_a,integer_ya,exec_ya,boolean_invert_first_then_a,string_spl,string_occurrencesofch,integer_yankdup,string_replacechar,char_sho,string_fromboolean,print_stri,exec_string_itera,print_newli,string_ta,string_replacefirstchar,string_substring,boolean_stackdepth,string_shove,string_containschar,exec_do*ran,char_yankdup,char_yank,integer_sw,exec_do*times,string_fromch,integer_shove,exec_if,exec_whi,integer_g,char_frominteger,char_frominteg,boolean_dup,string_eq,boolean_not,char_eq,boolean_flush,boolean_pop,string_butlast,exec_swap,string_replacefir,boolean_swap,exec_sw,string_n,print_string,exec_flush,print_newline,integer_a,string_d,string_dup,string_frominteger,string_contai,integer_mod,exec_do*count,string_fir,string_r,integer_fromchar,string_p,integer_inc,boolean_invert_first_then_and,integer_fromstring,exec_rot,integer_m,boolean_d,char_rot,exec_do*cou,string_take,exec_string_iterate,string_split,integer_pop,boolean_n,string_re,boolean_p,boolean_r,exec_pop,string_sw,boolean_x,boolean_emp,string_la,char_emp,boolean_stackdep,string_parse_to_cha,print_char,integer_dup,boolean_invert_second_then_and,integer_sub,string_setch,exec_no,boolean_yank,char_islett,string_ya,string_flu,integer_stackdepth,integer_emp,integer_dec,print_boole,integer_gt,exec,string_indexofchar,in1,char_dup,char_flush,char_pop,integer_lte,string_conjch,exec_flu,string_containsch,boolean_eq,string_flush,print_boolean,integer_d,string_rever,char_,exec_empty,string_last,integer_l,exec_when,integer_i,string_substri,string_nth,string_occurrencesofchar,integer_r,integer_s,integer_p,exec_while,integer_fromboolean,integer_empty,string_fromboole
8.58365414741e-06,0.00428324341956,0.00353646550873,4.2918270737e-05,0.00289269144768,0.0031502010721,0.00146780485921,0.00366951214802,0.00276822846254,8.58365414741e-06,0.00420169870516,0.00127038081382,0.00226179286784,1.28754812211e-05,2.57509624422e-05,4.2918270737e-06,4.2918270737e-06,0.0,9.87120226952e-05,1.28754812211e-05,0.00100428753525,0.000849781760593,0.0,0.000433474534444,1.28754812211e-05,0.00101287118939,0.0023991313342,0.00326178857601,9.87120226952e-05,0.0042918270737,3.00427895159e-05,4.2918270737e-06,0.00308153183892,0.0,0.0,0.00413302947198,0.00395706456195,0.000111587503916,3.00427895159e-05,8.58365414741e-06,3.00427895159e-05,4.2918270737e-06,1.71673082948e-05,0.00416736408857,0.0020557851683,0.00250213518397,0.00378109965193,0.000944201956215,0.0032961231926,4.2918270737e-06,0.00046351732396,0.00373388955412,0.00212445440148,0.0,0.00252359431934,3.00427895159e-05,0.00340341886945,0.00124892167845,0.00351929820044,4.2918270737e-06,0.000270385105643,0.0,0.00211157892026,4.72100978107e-05,9.01283685478e-05,0.00245921691323,0.00251071883812,0.002154497191,0.0,4.2918270737e-06,1.71673082948e-05,0.0,0.0,2.14591353685e-05,6.00855790318e-05,6.86692331793e-05,0.000802571662783,0.00284977317694,0.00345921262141,0.00165235342338,4.2918270737e-06,6.86692331793e-05,0.00393131359951,0.00233904575517,0.0,1.28754812211e-05,0.00423603332175,0.0024162986425,0.00281973038742,0.00173389813778,5.15019248844e-05,3.00427895159e-05,0.00249355152982,8.58365414741e-05,0.00269097557521,1.28754812211e-05,3.86264436633e-05,0.00427036793834,1.28754812211e-05,0.000570813000803,4.2918270737e-06,4.2918270737e-06,0.00424461697589,0.0,3.00427895159e-05,0.00100857936232,0.00332616598212,0.00325320492187,0.00336050059871,0.00233904575517,0.00203861786001,1.71673082948e-05,0.00238196402591,4.2918270737e-06,4.2918270737e-06,0.00155793322775,4.2918270737e-06,8.58365414741e-06,3.00427895159e-05,0.00212874622856,0.0,2.57509624422e-05,3.00427895159e-05,3.00427895159e-05,4.2918270737e-06,0.000296136068086,0.00213303805563,0.00153647409239,6.00855790318e-05,0.0042918270737,4.2918270737e-06,1.28754812211e-05,0.0,8.58365414741e-06,0.0032317457865,0.00248925970275,0.00418453139686,0.000450641842739,0.00376393234364,8.58365414741e-06,0.00209441161197,0.000948493783288,4.2918270737e-06,0.00268668374814,8.58365414741e-06,0.000991412054026,0.000969952918657,4.2918270737e-06,3.43346165896e-05,0.00166093707752,1.71673082948e-05,0.000969952918657,0.00149784764872,0.00326608040309,0.00181973467925,0.0018111510251,0.00391414629122,0.00406006841172,0.000824030798151,8.58365414741e-06,0.00300427895159,6.86692331793e-05,1.28754812211e-05,0.00396994004318,3.43346165896e-05,0.000180256737096,8.15447144004e-05,4.2918270737e-06,0.001339050047,0.000755361564972,2.14591353685e-05,0.00346779627555,0.00285406500401,8.58365414741e-06,5.57937519581e-05,0.00284548134987,4.2918270737e-05,0.00424890880297,0.00265664095862,0.00279397942498,0.00278110394376,4.2918270737e-05,0.0,0.00227466834906,2.57509624422e-05,0.00297852798915,0.00125321350552,0.00151930678409,0.000652357715203,1.71673082948e-05,2.57509624422e-05,0.000459225496886,0.0,0.00109870773087,2.14591353685e-05,1.28754812211e-05,3.00427895159e-05,0.0,1.28754812211e-05,7.2961060253e-05,3.00427895159e-05,0.00376822417071,0.00261801451496,0.00394418908073,0.00428753524663,2.14591353685e-05,8.58365414741e-06,0.00254505345471,4.72100978107e-05,8.58365414741e-06,4.2918270737e-06,0.00340341886945,8.58365414741e-06,0.00309869914721,4.2918270737e-06,0.00368238762924,8.58365414741e-06,0.000836906279372,0.0042918270737,0.00143347024262,0.00354934098995,0.00222745825125,0.00198711593512,4.2918270737e-06,0.0,0.0,0.00408581937417,0.000412015399076,0.000201715872464,5.15019248844e-05,2.57509624422e-05,8.58365414741e-06,0.00415019678027,0.00109870773087,3.86264436633e-05,0.000901283685478,3.00427895159e-05,4.2918270737e-06,0.00217166449929,0.00390556263707,4.2918270737e-06,0.000424890880297,0.0,0.00348067175677,0.000300427895159,0.00297852798915,0.000158797601727
Gen 233
string_,string_rot,integer_swap,exec_sho,integer_gte,boolean_shove,boolean_and,string_pop,exec_eq,string_yankd,string_parse_to_chars,integer_lt,string_stackdepth,exec_do*whi,char_r,char_p,boolean_sw,integer_sho,boolean_invert_second_then_a,print_integ,char_iswhitespace,string_removechar,exec_emp,string_first,string_conc,string_yank,string_concat,string_setchar,exec_yankd,string_length,string_replacefirstch,char_d,integer_eq,exec_do*tim,string_emptystri,string_reverse,exec_yankdup,string_repla,exec_,char_ya,integer_mu,string_replacech,boolean_yankd,char_isletter,integer_add,string_empty,char_isdigit,print_integer,exec_shove,integer_fromstri,string_conjchar,boolean_or,boolean_empty,exec_wh,string_fromchar,integer_yankd,exec_do*while,integer_rot,string_rest,boolean_flu,integer_stackdep,char_iswhitespa,char_allfromstring,boolean_,char_allfromstri,exec_stackdepth,exec_do*range,char_shove,char_stackdep,string_removech,exec_stackdep,boolean_sho,string_indexofch,string_stackdep,string_leng,print_ch,integer_mult,boolean_xor,boolean_yankdup,integer_min,string_emp,integer_fromch,exec_yank,char_stackdepth,char_sw,integer_fromboole,string_replace,integer_div,string_replacefirst,boolean_frominteger,string_butla,char_isdig,integer_flush,integer_,string_yankdup,char_flu,print_exec,integer_yank,boolean_frominteg,string_emptystring,char_yankd,boolean_ya,string_swap,print_ex,exec_d,integer_max,char_swap,string_contains,char_empty,exec_dup,exec_k,string_frominteg,exec_noop,exec_p,exec_r,exec_s,string_sho,integer_flu,exec_y,boolean_rot,boolean_a,integer_ya,exec_ya,boolean_invert_first_then_a,string_spl,string_occurrencesofch,integer_yankdup,string_replacechar,char_sho,string_fromboolean,print_stri,exec_string_itera,print_newli,string_ta,string_replacefirstchar,string_substring,boolean_stackdepth,string_shove,string_containschar,exec_do*ran,char_yankdup,char_yank,integer_sw,exec_do*times,string_fromch,integer_shove,exec_if,exec_whi,integer_g,char_frominteger,char_frominteg,boolean_dup,string_eq,boolean_not,char_eq,boolean_flush,boolean_pop,string_butlast,exec_swap,string_replacefir,boolean_swap,exec_sw,string_n,print_string,exec_flush,print_newline,integer_a,string_d,string_dup,string_frominteger,string_contai,integer_mod,exec_do*count,string_fir,string_r,integer_fromchar,string_p,integer_inc,boolean_invert_first_then_and,integer_fromstring,exec_rot,integer_m,boolean_d,char_rot,exec_do*cou,string_take,exec_string_iterate,string_split,integer_pop,boolean_n,string_re,boolean_p,boolean_r,exec_pop,string_sw,boolean_x,boolean_emp,string_la,char_emp,boolean_stackdep,string_parse_to_cha,print_char,integer_dup,boolean_invert_second_then_and,integer_sub,string_setch,exec_no,boolean_yank,char_islett,string_ya,string_flu,integer_stackdepth,integer_emp,integer_dec,print_boole,integer_gt,exec,string_indexofchar,in1,char_dup,char_flush,char_pop,integer_lte,string_conjch,exec_flu,string_containsch,boolean_eq,string_flush,print_boolean,integer_d,string_rever,char_,exec_empty,string_last,integer_l,exec_when,integer_i,string_substri,string_nth,string_occurrencesofchar,integer_r,integer_s,integer_p,exec_while,integer_fromboolean,integer_empty,string_fromboole
4.27348601074e-06,0.00426921252473,0.00343160926663,4.27348601074e-05,0.0028247742531,0.00302562809561,0.00126495185918,0.00361536916509,0.00260682646655,1.28204580322e-05,0.00415810188845,0.00122221699907,0.00212392254734,8.54697202149e-06,1.28204580322e-05,0.0,4.27348601074e-06,0.0,8.97432062256e-05,2.13674300537e-05,0.00100854269854,0.000743586565869,1.7093944043e-05,0.00034615236687,4.27348601074e-06,0.00112392682083,0.00229913547378,0.00308545689976,5.98288041504e-05,0.00427348601074,1.28204580322e-05,0.0,0.003183747078,1.28204580322e-05,0.0,0.00408545262627,0.00397006850398,0.000158118982398,1.7093944043e-05,1.7093944043e-05,1.28204580322e-05,4.27348601074e-06,8.54697202149e-06,0.00413246097239,0.00217947786548,0.00260682646655,0.00372220631536,0.000867517660181,0.00312819175986,1.28204580322e-05,0.000435895573096,0.0036581040252,0.00192306870483,0.0,0.00235896427793,3.41878880859e-05,0.003581181277,0.00143589129961,0.00343160926663,0.0,0.000166665954419,0.0,0.00211110208931,5.12818321289e-05,6.83757761719e-05,0.00244443399815,0.00213246951936,0.00215383694941,0.0,1.28204580322e-05,2.99144020752e-05,4.27348601074e-06,0.0,1.28204580322e-05,4.70083461182e-05,9.40166922364e-05,0.000824782800074,0.00293588488938,0.00357263430498,0.00183332549861,0.0,5.55553181397e-05,0.00391023969983,0.00224358015564,4.27348601074e-06,0.0,0.00423075115064,0.00260682646655,0.00265383481267,0.00175640275042,5.12818321289e-05,1.7093944043e-05,0.00240597262405,0.000111110636279,0.0025469976624,1.28204580322e-05,4.70083461182e-05,0.00424357160867,8.54697202149e-06,0.000602561527515,8.54697202149e-06,4.27348601074e-06,0.00423502463665,0.0,2.99144020752e-05,0.00114529425088,0.00339314789253,0.00314955918992,0.00351280550083,0.00241879308208,0.00224358015564,1.7093944043e-05,0.00249144234426,0.0,8.54697202149e-06,0.00155982239392,0.0,4.27348601074e-06,3.84613740967e-05,0.00238033170798,0.0,2.56409160645e-05,4.27348601074e-06,4.27348601074e-05,0.0,0.000337605394849,0.00203417934111,0.00142734432759,7.26492621826e-05,0.00427348601074,2.13674300537e-05,4.27348601074e-06,0.0,1.7093944043e-05,0.00315810616194,0.00281195379507,0.00416237537446,0.000470083461182,0.00364528356716,2.13674300537e-05,0.00183759898462,0.00097862829646,0.0,0.0025854590365,1.7093944043e-05,0.00069230473374,0.000846150230127,1.7093944043e-05,2.56409160645e-05,0.00165383908616,1.28204580322e-05,0.00102991012859,0.00154272844988,0.00308973038577,0.00199144448101,0.00169657394627,0.0038974192418,0.00394870107393,0.000786321425977,0.0,0.00300426066555,7.26492621826e-05,1.28204580322e-05,0.00402135033611,3.41878880859e-05,0.000303417506763,8.54697202149e-05,4.27348601074e-06,0.000999995726514,0.000529912265332,1.28204580322e-05,0.00337178046248,0.00265810829868,8.54697202149e-06,5.12818321289e-05,0.0029828932355,5.55553181397e-05,0.00423502463665,0.00263246738262,0.00286750911321,0.00258118555049,4.70083461182e-05,0.0,0.00223503318362,2.56409160645e-05,0.00300853415156,0.00126922534519,0.001589736796,0.000645296387622,4.27348601074e-05,4.70083461182e-05,0.000435895573096,0.0,0.00115811470891,2.56409160645e-05,1.28204580322e-05,3.41878880859e-05,4.27348601074e-06,4.27348601074e-06,6.83757761719e-05,3.41878880859e-05,0.00378203511951,0.00266238178469,0.00390596621382,0.00427348601074,6.83757761719e-05,4.27348601074e-06,0.00261537343858,6.41022901612e-05,2.13674300537e-05,0.0,0.00352135247285,4.27348601074e-06,0.00295297883342,8.54697202149e-06,0.00360682219307,4.27348601074e-06,0.000709398677783,0.00427348601074,0.00152136101982,0.00345297669668,0.00217947786548,0.00188033384473,0.0,0.0,4.27348601074e-06,0.00391023969983,0.000393160712988,0.00023076824458,6.83757761719e-05,1.28204580322e-05,0.0,0.00407690565425,0.00117948213897,5.98288041504e-05,0.000786321425977,2.99144020752e-05,8.54697202149e-06,0.00216665740745,0.00397434198999,8.54697202149e-06,0.000388887226978,1.28204580322e-05,0.00354271990291,0.000188033384473,0.00315810616194,0.000166665954419
Gen 234
string_,string_rot,integer_swap,exec_sho,integer_gte,boolean_shove,boolean_and,string_pop,exec_eq,string_yankd,string_parse_to_chars,integer_lt,string_stackdepth,exec_do*whi,char_r,char_p,boolean_sw,integer_sho,boolean_invert_second_then_a,print_integ,char_iswhitespace,string_removechar,exec_emp,string_first,string_conc,string_yank,string_concat,string_setchar,exec_yankd,string_length,string_replacefirstch,char_d,integer_eq,exec_do*tim,string_emptystri,string_reverse,exec_yankdup,string_repla,exec_,char_ya,integer_mu,string_replacech,boolean_yankd,char_isletter,integer_add,string_empty,char_isdigit,print_integer,exec_shove,integer_fromstri,string_conjchar,boolean_or,boolean_empty,exec_wh,string_fromchar,integer_yankd,exec_do*while,integer_rot,string_rest,boolean_flu,integer_stackdep,char_iswhitespa,char_allfromstring,boolean_,char_allfromstri,exec_stackdepth,exec_do*range,char_shove,char_stackdep,string_removech,exec_stackdep,boolean_sho,string_indexofch,string_stackdep,string_leng,print_ch,integer_mult,boolean_xor,boolean_yankdup,integer_min,string_emp,integer_fromch,exec_yank,char_stackdepth,char_sw,integer_fromboole,string_replace,integer_div,string_replacefirst,boolean_frominteger,string_butla,char_isdig,integer_flush,integer_,string_yankdup,char_flu,print_exec,integer_yank,boolean_frominteg,string_emptystring,char_yankd,boolean_ya,string_swap,print_ex,exec_d,integer_max,char_swap,string_contains,char_empty,exec_dup,exec_k,string_frominteg,exec_noop,exec_p,exec_r,exec_s,string_sho,integer_flu,exec_y,boolean_rot,boolean_a,integer_ya,exec_ya,boolean_invert_first_then_a,string_spl,string_occurrencesofch,integer_yankdup,string_replacechar,char_sho,string_fromboolean,print_stri,exec_string_itera,print_newli,string_ta,string_replacefirstchar,string_substring,boolean_stackdepth,string_shove,string_containschar,exec_do*ran,char_yankdup,char_yank,integer_sw,exec_do*times,string_fromch,integer_shove,exec_if,exec_whi,integer_g,char_frominteger,char_frominteg,boolean_dup,string_eq,boolean_not,char_eq,boolean_flush,boolean_pop,string_butlast,exec_swap,string_replacefir,boolean_swap,exec_sw,string_n,print_string,exec_flush,print_newline,integer_a,string_d,string_dup,string_frominteger,string_contai,integer_mod,exec_do*count,string_fir,string_r,integer_fromchar,string_p,integer_inc,boolean_invert_first_then_and,integer_fromstring,exec_rot,integer_m,boolean_d,char_rot,exec_do*cou,string_take,exec_string_iterate,string_split,integer_pop,boolean_n,string_re,boolean_p,boolean_r,exec_pop,string_sw,boolean_x,boolean_emp,string_la,char_emp,boolean_stackdep,string_parse_to_cha,print_char,integer_dup,boolean_invert_second_then_and,integer_sub,string_setch,exec_no,boolean_yank,char_islett,string_ya,string_flu,integer_stackdepth,integer_emp,integer_dec,print_boole,integer_gt,exec,string_indexofchar,in1,char_dup,char_flush,char_pop,integer_lte,string_conjch,exec_flu,string_containsch,boolean_eq,string_flush,print_boolean,integer_d,string_rever,char_,exec_empty,string_last,integer_l,exec_when,integer_i,string_substri,string_nth,string_occurrencesofchar,integer_r,integer_s,integer_p,exec_while,integer_fromboolean,integer_empty,string_fromboole
0.0,0.00425104574023,0.00335743252156,8.93613218667e-05,0.00288083880494,0.00286807290182,0.00133190922592,0.00364253769133,0.00257020182893,4.25530104127e-06,0.00415742911732,0.00117871838843,0.0022170118425,0.0,0.0,0.0,0.0,1.70212041651e-05,9.78719239493e-05,4.25530104127e-06,0.0011957395926,0.000782975391594,1.70212041651e-05,0.000395742996838,0.0,0.00124254790405,0.00223828834771,0.00303828494347,8.51060208254e-05,0.00425530104127,1.27659031238e-05,0.0,0.00299147663201,4.25530104127e-06,4.25530104127e-06,0.00414040791316,0.00387232394756,9.78719239493e-05,8.51060208254e-06,4.25530104127e-06,4.25530104127e-06,0.0,2.55318062476e-05,0.0041446632142,0.00216594823001,0.00242977689457,0.00364253769133,0.00093616622908,0.00328083710282,8.51060208254e-06,0.000480849017664,0.00362977178821,0.00204679980085,0.0,0.00222977774563,3.40424083302e-05,0.00349785745593,0.00130212211863,0.00346807034864,0.0,0.000251062761435,0.0,0.00219999063834,8.08507197842e-05,0.000131914332279,0.00248935110914,0.00215743762792,0.00231913906749,0.0,0.0,3.40424083302e-05,1.27659031238e-05,0.0,1.27659031238e-05,8.93613218667e-05,5.10636124953e-05,0.000604252747861,0.00295743422368,0.00353189986426,0.00170637571755,0.0,5.95742145778e-05,0.00384679214131,0.00216169292897,1.27659031238e-05,0.0,0.00413615261212,0.00256594652789,0.0025574359258,0.00164680150297,5.10636124953e-05,1.27659031238e-05,0.00250637231331,0.000136169633321,0.00257445712997,0.0,3.40424083302e-05,0.00422551393398,2.55318062476e-05,0.000642550457232,8.51060208254e-06,4.25530104127e-06,0.00421274803086,0.0,2.97871072889e-05,0.00131488802175,0.0033404113174,0.00325104999553,0.00337445372573,0.00238722388415,0.00225956485292,0.0,0.00242977689457,0.0,1.70212041651e-05,0.00162978029881,0.0,4.25530104127e-06,3.82977093714e-05,0.00237445798103,4.25530104127e-06,2.55318062476e-05,3.40424083302e-05,1.27659031238e-05,4.25530104127e-06,0.000225530955187,0.00211913991855,0.00147658946132,7.65954187429e-05,0.00425530104127,1.70212041651e-05,4.25530104127e-06,0.0,2.12765052064e-05,0.00317445457679,0.00277871157995,0.0040723230965,0.000476593716622,0.00367658009966,4.25530104127e-06,0.00197020438211,0.00109361236761,1.70212041651e-05,0.0024638193029,4.25530104127e-06,0.000731911779099,0.000889357917626,4.25530104127e-06,3.82977093714e-05,0.0016808439113,8.51060208254e-06,0.00111488887281,0.00133616452696,0.00309785915805,0.0019276513717,0.00171488631963,0.00378296262569,0.00394466406526,0.000825528402007,0.0,0.00290637061119,4.6808311454e-05,0.0,0.00393189816214,5.53189135365e-05,0.000263828664559,4.6808311454e-05,2.12765052064e-05,0.00113191007698,0.000604252747861,0.0,0.00331913481219,0.00272764796746,0.0,7.23401177016e-05,0.00299147663201,2.97871072889e-05,0.00424253513815,0.00271062676329,0.00271062676329,0.00271488206433,4.25530104127e-05,0.0,0.00209786341335,2.12765052064e-05,0.00288509410598,0.00128084561342,0.00167658861026,0.000629784554108,8.51060208254e-06,4.25530104127e-06,0.000417019502045,0.0,0.00109361236761,3.82977093714e-05,1.70212041651e-05,8.51060208254e-05,0.0,0.0,7.23401177016e-05,3.82977093714e-05,0.00362551648716,0.00270637146225,0.00383402623819,0.00425104574023,8.93613218667e-05,0.0,0.00234892617478,0.000161701439568,8.51060208254e-06,0.0,0.00340849613406,2.12765052064e-05,0.0029276471164,0.0,0.00368509070174,4.25530104127e-06,0.000676592865562,0.00425530104127,0.00149786596653,0.00339573023094,0.00225105425083,0.00205105510189,0.0,0.0,0.0,0.00401274888192,0.000523402028076,0.000195743847899,6.80848166604e-05,3.82977093714e-05,4.25530104127e-06,0.00411062080587,0.00122127139885,3.40424083302e-05,0.000885102616585,3.40424083302e-05,1.27659031238e-05,0.00223403304667,0.00400423827984,8.51060208254e-06,0.000289360470807,4.25530104127e-06,0.00339147492989,0.000280849868724,0.00313190156638,0.000174467342692
Gen 235
string_,string_rot,integer_swap,exec_sho,integer_gte,boolean_shove,boolean_and,string_pop,exec_eq,string_yankd,string_parse_to_chars,integer_lt,string_stackdepth,exec_do*whi,char_r,char_p,boolean_sw,integer_sho,boolean_invert_second_then_a,print_integ,char_iswhitespace,string_removechar,exec_emp,string_first,string_conc,string_yank,string_concat,string_setchar,exec_yankd,string_length,string_replacefirstch,char_d,integer_eq,exec_do*tim,string_emptystri,string_reverse,exec_yankdup,string_repla,exec_,char_ya,integer_mu,string_replacech,boolean_yankd,char_isletter,integer_add,string_empty,char_isdigit,print_integer,exec_shove,integer_fromstri,string_conjchar,boolean_or,boolean_empty,exec_wh,string_fromchar,integer_yankd,exec_do*while,integer_rot,string_rest,boolean_flu,integer_stackdep,char_iswhitespa,char_allfromstring,boolean_,char_allfromstri,exec_stackdepth,exec_do*range,char_shove,char_stackdep,string_removech,exec_stackdep,boolean_sho,string_indexofch,string_stackdep,string_leng,print_ch,integer_mult,boolean_xor,boolean_yankdup,integer_min,string_emp,integer_fromch,exec_yank,char_stackdepth,char_sw,integer_fromboole,string_replace,integer_div,string_replacefirst,boolean_frominteger,string_butla,char_isdig,integer_flush,integer_,string_yankdup,char_flu,print_exec,integer_yank,boolean_frominteg,string_emptystring,char_yankd,boolean_ya,string_swap,print_ex,exec_d,integer_max,char_swap,string_contains,char_empty,exec_dup,exec_k,string_frominteg,exec_noop,exec_p,exec_r,exec_s,string_sho,integer_flu,exec_y,boolean_rot,boolean_a,integer_ya,exec_ya,boolean_invert_first_then_a,string_spl,string_occurrencesofch,integer_yankdup,string_replacechar,char_sho,string_fromboolean,print_stri,exec_string_itera,print_newli,string_ta,string_replacefirstchar,string_substring,boolean_stackdepth,string_shove,string_containschar,exec_do*ran,char_yankdup,char_yank,integer_sw,exec_do*times,string_fromch,integer_shove,exec_if,exec_whi,integer_g,char_frominteger,char_frominteg,boolean_dup,string_eq,boolean_not,char_eq,boolean_flush,boolean_pop,string_butlast,exec_swap,string_replacefir,boolean_swap,exec_sw,string_n,print_string,exec_flush,print_newline,integer_a,string_d,string_dup,string_frominteger,string_contai,integer_mod,exec_do*count,string_fir,string_r,integer_fromchar,string_p,integer_inc,boolean_invert_first_then_and,integer_fromstring,exec_rot,integer_m,boolean_d,char_rot,exec_do*cou,string_take,exec_string_iterate,string_split,integer_pop,boolean_n,string_re,boolean_p,boolean_r,exec_pop,string_sw,boolean_x,boolean_emp,string_la,char_emp,boolean_stackdep,string_parse_to_cha,print_char,integer_dup,boolean_invert_second_then_and,integer_sub,string_setch,exec_no,boolean_yank,char_islett,string_ya,string_flu,integer_stackdepth,integer_emp,integer_dec,print_boole,integer_gt,exec,string_indexofchar,in1,char_dup,char_flush,char_pop,integer_lte,string_conjch,exec_flu,string_containsch,boolean_eq,string_flush,print_boolean,integer_d,string_rever,char_,exec_empty,string_last,integer_l,exec_when,integer_i,string_substri,string_nth,string_occurrencesofchar,integer_r,integer_s,integer_p,exec_while,integer_fromboolean,integer_empty,string_fromboole
0.0,0.00423727018106,0.00330083347104,0.00011864356507,0.00290676734421,0.00307202088127,0.00133897737721,0.00362710327499,0.00251693848755,4.23727018106e-06,0.0041821856687,0.00124575743323,0.00204236422727,1.27118105432e-05,1.69490807242e-05,0.0,0.0,4.23727018106e-06,9.74572141643e-05,0.0,0.00111440205762,0.000813555874763,1.27118105432e-05,0.000436438828649,8.47454036212e-06,0.00114830021907,0.00234321041013,0.00316524082525,5.93217825348e-05,0.00423727018106,0.0,4.23727018106e-06,0.00292795369511,1.27118105432e-05,1.69490807242e-05,0.00415252477744,0.00382201770331,9.32199439833e-05,3.81354316295e-05,4.23727018106e-06,2.96608912674e-05,0.0,8.47454036212e-06,0.00410591480545,0.00244066762429,0.00220338049415,0.00362286600481,0.000766945902772,0.00328388439032,4.23727018106e-06,0.000686437769331,0.00359744238372,0.00198727971492,0.0,0.00218643141343,2.96608912674e-05,0.00357201876263,0.00150423091428,0.00342795157648,4.23727018106e-06,0.000228812589777,0.0,0.00200422879564,5.50845123538e-05,9.74572141643e-05,0.00262710751226,0.00220338049415,0.00217371960288,4.23727018106e-06,4.23727018106e-06,0.000127118105432,4.23727018106e-06,0.0,1.69490807242e-05,6.35590527159e-05,6.77963228969e-05,0.000707624120237,0.00294490277584,0.00350422243974,0.00179660255677,1.27118105432e-05,4.66099719916e-05,0.00383472951386,0.00226270227669,1.69490807242e-05,4.23727018106e-06,0.0041609993178,0.00255931118936,0.00244914216465,0.00176270439532,8.47454036212e-05,1.27118105432e-05,0.00243219308393,8.89826738022e-05,0.00254659937882,4.23727018106e-06,3.38981614485e-05,0.00422032110033,4.23727018106e-06,0.000677963228969,8.47454036212e-06,0.0,0.00418642293889,0.0,3.81354316295e-05,0.00126694378414,0.00341523976593,0.0034237143063,0.00341947703611,0.00236863403121,0.00231354951886,8.47454036212e-06,0.00250422667701,4.23727018106e-06,4.23727018106e-06,0.00168643353206,4.23727018106e-06,1.27118105432e-05,4.66099719916e-05,0.00209744873962,4.23727018106e-06,2.54236210864e-05,1.69490807242e-05,1.69490807242e-05,4.23727018106e-06,0.000186439887967,0.00209744873962,0.00154660361609,9.74572141643e-05,0.00423727018106,1.27118105432e-05,1.69490807242e-05,0.0,1.27118105432e-05,0.00315252901471,0.00261015843153,0.00408896572472,0.000529658772632,0.00362710327499,4.23727018106e-06,0.00208473692908,0.00113135113834,8.47454036212e-06,0.00238134584175,0.0,0.000805081334401,0.000805081334401,1.69490807242e-05,3.81354316295e-05,0.00163982356007,2.96608912674e-05,0.000792369523858,0.00120338473142,0.00303388544964,0.00189405977093,0.00173304350405,0.00377540773132,0.00388981402621,0.000830504955487,8.47454036212e-06,0.00298303820747,4.23727018106e-05,1.27118105432e-05,0.00397032215965,2.54236210864e-05,0.000334744344304,6.77963228969e-05,1.69490807242e-05,0.00101694484345,0.000745759551866,4.23727018106e-06,0.0033559179834,0.00277541196859,4.23727018106e-06,6.35590527159e-05,0.00289829280384,5.08472421727e-05,0.00419489747925,0.00280083558968,0.00269490383515,0.00268642929479,5.08472421727e-05,8.47454036212e-06,0.00215677052216,2.54236210864e-05,0.00277541196859,0.00122033381214,0.00179236528659,0.000538133312994,8.47454036212e-06,4.66099719916e-05,0.00039830339702,0.0,0.00107626662599,4.66099719916e-05,8.47454036212e-06,5.50845123538e-05,0.0,0.0,6.35590527159e-05,4.23727018106e-06,0.00371184867861,0.00267371748425,0.00385167859458,0.00423727018106,6.35590527159e-05,4.23727018106e-06,0.00236863403121,0.000139829915975,0.0,0.0,0.00334744344304,3.81354316295e-05,0.00313981720416,0.0,0.0036694759768,0.0,0.00063982779734,0.00423727018106,0.00114830021907,0.00333896890267,0.00227117681705,0.00211439782035,0.0,0.0,4.23727018106e-06,0.00405506756327,0.000538133312994,0.000249998940682,6.35590527159e-05,1.69490807242e-05,0.0,0.00411862661599,0.00115677475943,4.66099719916e-05,0.00106355481545,2.96608912674e-05,1.27118105432e-05,0.0022584650065,0.00391947491748,1.69490807242e-05,0.000275422561769,8.47454036212e-06,0.00346608700811,0.000385591586476,0.00321185079724,0.000131355375613
Gen 236
string_,string_rot,integer_swap,exec_sho,integer_gte,boolean_shove,boolean_and,string_pop,exec_eq,string_yankd,string_parse_to_chars,integer_lt,string_stackdepth,exec_do*whi,char_r,char_p,boolean_sw,integer_sho,boolean_invert_second_then_a,print_integ,char_iswhitespace,string_removechar,exec_emp,string_first,string_conc,string_yank,string_concat,string_setchar,exec_yankd,string_length,string_replacefirstch,char_d,integer_eq,exec_do*tim,string_emptystri,string_reverse,exec_yankdup,string_repla,exec_,char_ya,integer_mu,string_replacech,boolean_yankd,char_isletter,integer_add,string_empty,char_isdigit,print_integer,exec_shove,integer_fromstri,string_conjchar,boolean_or,boolean_empty,exec_wh,string_fromchar,integer_yankd,exec_do*while,integer_rot,string_rest,boolean_flu,integer_stackdep,char_iswhitespa,char_allfromstring,boolean_,char_allfromstri,exec_stackdepth,exec_do*range,char_shove,char_stackdep,string_removech,exec_stackdep,boolean_sho,string_indexofch,string_stackdep,string_leng,print_ch,integer_mult,boolean_xor,boolean_yankdup,integer_min,string_emp,integer_fromch,exec_yank,char_stackdepth,char_sw,integer_fromboole,string_replace,integer_div,string_replacefirst,boolean_frominteger,string_butla,char_isdig,integer_flush,integer_,string_yankdup,char_flu,print_exec,integer_yank,boolean_frominteg,string_emptystring,char_yankd,boolean_ya,string_swap,print_ex,exec_d,integer_max,char_swap,string_contains,char_empty,exec_dup,exec_k,string_frominteg,exec_noop,exec_p,exec_r,exec_s,string_sho,integer_flu,exec_y,boolean_rot,boolean_a,integer_ya,exec_ya,boolean_invert_first_then_a,string_spl,string_occurrencesofch,integer_yankdup,string_replacechar,char_sho,string_fromboolean,print_stri,exec_string_itera,print_newli,string_ta,string_replacefirstchar,string_substring,boolean_stackdepth,string_shove,string_containschar,exec_do*ran,char_yankdup,char_yank,integer_sw,exec_do*times,string_fromch,integer_shove,exec_if,exec_whi,integer_g,char_frominteger,char_frominteg,boolean_dup,string_eq,boolean_not,char_eq,boolean_flush,boolean_pop,string_butlast,exec_swap,string_replacefir,boolean_swap,exec_sw,string_n,print_string,exec_flush,print_newline,integer_a,string_d,string_dup,string_frominteger,string_contai,integer_mod,exec_do*count,string_fir,string_r,integer_fromchar,string_p,integer_inc,boolean_invert_first_then_and,integer_fromstring,exec_rot,integer_m,boolean_d,char_rot,exec_do*cou,string_take,exec_string_iterate,string_split,integer_pop,boolean_n,string_re,boolean_p,boolean_r,exec_pop,string_sw,boolean_x,boolean_emp,string_la,char_emp,boolean_stackdep,string_parse_to_cha,print_char,integer_dup,boolean_invert_second_then_and,integer_sub,string_setch,exec_no,boolean_yank,char_islett,string_ya,string_flu,integer_stackdepth,integer_emp,integer_dec,print_boole,integer_gt,exec,string_indexofchar,in1,char_dup,char_flush,char_pop,integer_lte,string_conjch,exec_flu,string_containsch,boolean_eq,string_flush,print_boolean,integer_d,string_rever,char_,exec_empty,string_last,integer_l,exec_when,integer_i,string_substri,string_nth,string_occurrencesofchar,integer_r,integer_s,integer_p,exec_while,integer_fromboolean,integer_empty,string_fromboole
0.0,0.00421939147936,0.00335441622609,5.06326977523e-05,0.0027805789849,0.00311813030325,0.00132488892452,0.00362867667225,0.0025358542791,4.21939147936e-06,0.00414766182421,0.00116877143978,0.00207172121637,4.21939147936e-06,1.68775659174e-05,8.43878295872e-06,0.0,0.0,8.86072210666e-05,4.21939147936e-06,0.00123206231197,0.00078902620664,1.68775659174e-05,0.000409280973498,4.21939147936e-06,0.00114767448239,0.00245568584099,0.00315610482656,4.6413306273e-05,0.00421939147936,2.53163488762e-05,4.21939147936e-06,0.00286496681449,1.26581744381e-05,4.21939147936e-06,0.00416875878161,0.00381011050586,9.70460040253e-05,1.26581744381e-05,4.21939147936e-06,4.21939147936e-06,0.0,0.0,0.00411390669238,0.00216876722039,0.00233332348809,0.00358648275746,0.000708857768533,0.00322783448171,4.21939147936e-06,0.000721515942971,0.00349787553639,0.00188184859979,0.0,0.0021054763482,1.26581744381e-05,0.00357382458302,0.00152320032405,0.0033333192687,8.43878295872e-06,0.000177214442133,0.0,0.00199155277826,5.06326977523e-05,0.000147678701778,0.00259070636833,0.00203796608453,0.00221518052666,0.0,4.21939147936e-06,0.000139239918819,8.43878295872e-06,0.0,4.21939147936e-06,6.32908721904e-05,8.01684381079e-05,0.000590714807111,0.00270462993827,0.00358226336598,0.00179746077021,8.43878295872e-06,2.95357403555e-05,0.00386918198657,0.00216876722039,3.37551318349e-05,1.68775659174e-05,0.00414344243273,0.00260336454277,0.002350201054,0.00172573111506,8.01684381079e-05,1.26581744381e-05,0.0023712980114,0.000143459310298,0.00269197176383,8.43878295872e-06,5.48520892317e-05,0.00419829452196,8.43878295872e-06,0.000637128113383,4.21939147936e-06,0.0,0.00416875878161,0.0,1.68775659174e-05,0.00113079691647,0.00318564056692,0.00330800291982,0.00355272762562,0.00234176227105,0.00239661436028,1.68775659174e-05,0.00246834401543,0.0,1.68775659174e-05,0.00165400145991,0.0,2.10969573968e-05,4.21939147936e-05,0.00191982312311,0.0,1.26581744381e-05,8.43878295872e-06,2.10969573968e-05,4.21939147936e-06,0.000139239918819,0.00206328243341,0.0014725676263,6.32908721904e-05,0.00421939147936,8.43878295872e-06,8.43878295872e-06,0.0,4.21939147936e-06,0.00305483943106,0.00269619115531,0.0040674933861,0.000443036105333,0.00345146223012,8.43878295872e-06,0.00220252235223,0.00103797030392,2.10969573968e-05,0.00239661436028,1.26581744381e-05,0.000700418985574,0.000767929249244,4.21939147936e-06,6.75102636698e-05,0.00169197598322,1.68775659174e-05,0.000620250547466,0.00135864405635,0.00291981890372,0.00186497103388,0.00168353720026,0.00382698807178,0.0038227686803,0.000810123164037,0.0,0.00290716072928,5.48520892317e-05,1.26581744381e-05,0.003987324948,8.43878295872e-06,0.00026160227172,7.59490466285e-05,8.43878295872e-06,0.000983118214691,0.000713077160012,8.43878295872e-06,0.00333753866017,0.00275526263602,8.43878295872e-06,5.90714807111e-05,0.00283543107413,7.17296551491e-05,0.00414766182421,0.0026160227172,0.00258648697685,0.00268775237235,2.95357403555e-05,4.21939147936e-06,0.00195357825494,1.68775659174e-05,0.00276792081046,0.0012067459631,0.00184387407648,0.000447255496812,4.21939147936e-05,4.6413306273e-05,0.000417719756457,4.21939147936e-06,0.000928266125459,5.06326977523e-05,1.26581744381e-05,3.79745233142e-05,4.21939147936e-06,4.21939147936e-06,5.48520892317e-05,2.10969573968e-05,0.00370884511036,0.00262024210868,0.00386074320362,0.00421517208788,6.32908721904e-05,4.21939147936e-06,0.00241349192619,0.000113923569943,8.43878295872e-06,0.0,0.00324471204763,6.75102636698e-05,0.0030464006481,0.0,0.0035780439745,1.68775659174e-05,0.000523204543441,0.00421939147936,0.0010843836102,0.00342614588124,0.00222361930962,0.00211813452264,0.0,0.0,8.43878295872e-06,0.00403795764575,0.00066244446226,0.000210969573968,7.59490466285e-05,8.43878295872e-06,0.0,0.00409280973498,0.000945143691377,5.48520892317e-05,0.000974679431732,7.17296551491e-05,0.0,0.00203374669305,0.00398310555652,2.10969573968e-05,0.000362867667225,0.0,0.00337129379201,0.000286918620597,0.00323205387319,0.000147678701778
Gen 237
string_,string_rot,integer_swap,exec_sho,integer_gte,boolean_shove,boolean_and,string_pop,exec_eq,string_yankd,string_parse_to_chars,integer_lt,string_stackdepth,exec_do*whi,char_r,char_p,boolean_sw,integer_sho,boolean_invert_second_then_a,print_integ,char_iswhitespace,string_removechar,exec_emp,string_first,string_conc,string_yank,string_concat,string_setchar,exec_yankd,string_length,string_replacefirstch,char_d,integer_eq,exec_do*tim,string_emptystri,string_reverse,exec_yankdup,string_repla,exec_,char_ya,integer_mu,string_replacech,boolean_yankd,char_isletter,integer_add,string_empty,char_isdigit,print_integer,exec_shove,integer_fromstri,string_conjchar,boolean_or,boolean_empty,exec_wh,string_fromchar,integer_yankd,exec_do*while,integer_rot,string_rest,boolean_flu,integer_stackdep,char_iswhitespa,char_allfromstring,boolean_,char_allfromstri,exec_stackdepth,exec_do*range,char_shove,char_stackdep,string_removech,exec_stackdep,boolean_sho,string_indexofch,string_stackdep,string_leng,print_ch,integer_mult,boolean_xor,boolean_yankdup,integer_min,string_emp,integer_fromch,exec_yank,char_stackdepth,char_sw,integer_fromboole,string_replace,integer_div,string_replacefirst,boolean_frominteger,string_butla,char_isdig,integer_flush,integer_,string_yankdup,char_flu,print_exec,integer_yank,boolean_frominteg,string_emptystring,char_yankd,boolean_ya,string_swap,print_ex,exec_d,integer_max,char_swap,string_contains,char_empty,exec_dup,exec_k,string_frominteg,exec_noop,exec_p,exec_r,exec_s,string_sho,integer_flu,exec_y,boolean_rot,boolean_a,integer_ya,exec_ya,boolean_invert_first_then_a,string_spl,string_occurrencesofch,integer_yankdup,string_replacechar,char_sho,string_fromboolean,print_stri,exec_string_itera,print_newli,string_ta,string_replacefirstchar,string_substring,boolean_stackdepth,string_shove,string_containschar,exec_do*ran,char_yankdup,char_yank,integer_sw,exec_do*times,string_fromch,integer_shove,exec_if,exec_whi,integer_g,char_frominteger,char_frominteg,boolean_dup,string_eq,boolean_not,char_eq,boolean_flush,boolean_pop,string_butlast,exec_swap,string_replacefir,boolean_swap,exec_sw,string_n,print_string,exec_flush,print_newline,integer_a,string_d,string_dup,string_frominteger,string_contai,integer_mod,exec_do*count,string_fir,string_r,integer_fromchar,string_p,integer_inc,boolean_invert_first_then_and,integer_fromstring,exec_rot,integer_m,boolean_d,char_rot,exec_do*cou,string_take,exec_string_iterate,string_split,integer_pop,boolean_n,string_re,boolean_p,boolean_r,exec_pop,string_sw,boolean_x,boolean_emp,string_la,char_emp,boolean_stackdep,string_parse_to_cha,print_char,integer_dup,boolean_invert_second_then_and,integer_sub,string_setch,exec_no,boolean_yank,char_islett,string_ya,string_flu,integer_stackdepth,integer_emp,integer_dec,print_boole,integer_gt,exec,string_indexofchar,in1,char_dup,char_flush,char_pop,integer_lte,string_conjch,exec_flu,string_containsch,boolean_eq,string_flush,print_boolean,integer_d,string_rever,char_,exec_empty,string_last,integer_l,exec_when,integer_i,string_substri,string_nth,string_occurrencesofchar,integer_r,integer_s,integer_p,exec_while,integer_fromboolean,integer_empty,string_fromboole
4.20166301822e-06,0.00420166301822,0.00333191877345,8.40332603645e-05,0.00291175247163,0.00305460901425,0.00151259868656,0.00368485846698,0.00270166932072,0.0,0.00415964638804,0.00120587728623,0.00210503317213,8.40332603645e-06,1.26049890547e-05,4.20166301822e-06,8.40332603645e-06,4.20166301822e-06,9.66382494191e-05,8.40332603645e-06,0.00118907063416,0.000777307658371,1.26049890547e-05,0.000298318074294,4.20166301822e-06,0.00127310389452,0.00240335124642,0.00340754870778,6.30249452733e-05,0.00420166301822,1.26049890547e-05,4.20166301822e-06,0.00297057575388,1.26049890547e-05,0.0,0.00410922643182,0.00375208507527,0.000109243238474,8.40332603645e-06,4.20166301822e-06,1.26049890547e-05,8.40332603645e-06,8.40332603645e-06,0.00408821811673,0.0022142764106,0.00244116621359,0.00355460691342,0.000848735929681,0.00322687719799,8.40332603645e-06,0.000894954222881,0.00339494371872,0.0019831849446,8.40332603645e-06,0.00229830967097,2.52099781093e-05,0.00342015369683,0.00143696875223,0.00329410380629,4.20166301822e-06,0.000268906433166,4.20166301822e-06,0.00201679824875,6.72266082916e-05,0.000121848227528,0.00266385435355,0.00225209137777,0.00230251133399,0.0,1.26049890547e-05,0.000201679824875,8.40332603645e-06,0.0,0.0,6.30249452733e-05,9.66382494191e-05,0.000626047789715,0.0027436859509,0.0035041869572,0.00171848017445,8.40332603645e-06,3.36133041458e-05,0.00386132831375,0.00225629304079,1.26049890547e-05,4.20166301822e-06,0.00412183142088,0.00268486266864,0.00219326809551,0.00171007684842,5.46216192369e-05,8.40332603645e-06,0.00247057785471,0.000138654879601,0.00295797076483,1.26049890547e-05,4.20166301822e-05,0.00417645304011,2.10083150911e-05,0.000722686039134,8.40332603645e-06,0.0,0.00414704139899,0.0,2.52099781093e-05,0.000907559211936,0.00331091045836,0.00317225557876,0.00346637199003,0.00219746975853,0.00226889802984,0.0,0.00257561943017,0.0,1.68066520729e-05,0.00168066520729,4.20166301822e-06,2.10083150911e-05,5.88232822551e-05,0.00167646354427,4.20166301822e-06,2.52099781093e-05,3.7814967164e-05,4.20166301822e-06,0.0,0.000151259868656,0.00207982319402,0.00131932218772,3.7814967164e-05,0.00420166301822,4.20166301822e-06,0.0,0.0,4.20166301822e-06,0.00307561732934,0.00279410590712,0.00412603308389,0.000550417855387,0.00343275868589,8.40332603645e-06,0.00217646144344,0.00114285234096,0.0,0.00224788971475,1.26049890547e-05,0.000747896017244,0.000689072734989,1.26049890547e-05,6.30249452733e-05,0.0015210020126,1.26049890547e-05,0.000626047789715,0.00150419536052,0.00283192087428,0.00183192507595,0.00194536997744,0.00365964848887,0.00378990004244,0.000949575842118,0.0,0.00307141566632,3.36133041458e-05,8.40332603645e-06,0.00392435325902,2.94116411276e-05,0.000147058205638,6.30249452733e-05,4.20166301822e-06,0.00100419746136,0.000760501006298,1.26049890547e-05,0.00337393540363,0.00271007264675,4.20166301822e-06,5.04199562187e-05,0.00280671089617,9.66382494191e-05,0.00413023474691,0.00248318284377,0.00247057785471,0.00271007264675,3.7814967164e-05,0.0,0.00205881487893,3.36133041458e-05,0.00291175247163,0.00128150722056,0.00181511842387,0.000584031159533,4.62182932004e-05,4.62182932004e-05,0.000273108096184,0.0,0.000995794135319,5.04199562187e-05,1.68066520729e-05,4.20166301822e-05,4.20166301822e-06,8.40332603645e-06,5.04199562187e-05,2.10083150911e-05,0.00360502686964,0.00273948428788,0.00381931168356,0.00419325969219,5.04199562187e-05,0.0,0.00242435956151,5.04199562187e-05,4.20166301822e-06,0.0,0.00333612043647,8.40332603645e-05,0.0029747774169,4.20166301822e-06,0.00352519527229,2.10083150911e-05,0.000508401225205,0.00420166301822,0.00123949059038,0.00348317864211,0.00234872962719,0.00221007474759,4.20166301822e-06,0.0,8.40332603645e-06,0.00404620148655,0.000941172516082,0.000138654879601,0.000121848227528,8.40332603645e-06,0.0,0.00406720980164,0.000903357548918,1.68066520729e-05,0.000907559211936,2.10083150911e-05,0.0,0.00204200822686,0.0040588064756,2.10083150911e-05,0.000399157986731,8.40332603645e-06,0.0035504052504,0.000298318074294,0.00333612043647,0.000134453216583
Gen 238
string_,string_rot,integer_swap,exec_sho,integer_gte,boolean_shove,boolean_and,string_pop,exec_eq,string_yankd,string_parse_to_chars,integer_lt,string_stackdepth,exec_do*whi,char_r,char_p,boolean_sw,integer_sho,boolean_invert_second_then_a,print_integ,char_iswhitespace,string_removechar,exec_emp,string_first,string_conc,string_yank,string_concat,string_setchar,exec_yankd,string_length,string_replacefirstch,char_d,integer_eq,exec_do*tim,string_emptystri,string_reverse,exec_yankdup,string_repla,exec_,char_ya,integer_mu,string_replacech,boolean_yankd,char_isletter,integer_add,string_empty,char_isdigit,print_integer,exec_shove,integer_fromstri,string_conjchar,boolean_or,boolean_empty,exec_wh,string_fromchar,integer_yankd,exec_do*while,integer_rot,string_rest,boolean_flu,integer_stackdep,char_iswhitespa,char_allfromstring,boolean_,char_allfromstri,exec_stackdepth,exec_do*range,char_shove,char_stackdep,string_removech,exec_stackdep,boolean_sho,string_indexofch,string_stackdep,string_leng,print_ch,integer_mult,boolean_xor,boolean_yankdup,integer_min,string_emp,integer_fromch,exec_yank,char_stackdepth,char_sw,integer_fromboole,string_replace,integer_div,string_replacefirst,boolean_frominteger,string_butla,char_isdig,integer_flush,integer_,string_yankdup,char_flu,print_exec,integer_yank,boolean_frominteg,string_emptystring,char_yankd,boolean_ya,string_swap,print_ex,exec_d,integer_max,char_swap,string_contains,char_empty,exec_dup,exec_k,string_frominteg,exec_noop,exec_p,exec_r,exec_s,string_sho,integer_flu,exec_y,boolean_rot,boolean_a,integer_ya,exec_ya,boolean_invert_first_then_a,string_spl,string_occurrencesofch,integer_yankdup,string_replacechar,char_sho,string_fromboolean,print_stri,exec_string_itera,print_newli,string_ta,string_replacefirstchar,string_substring,boolean_stackdepth,string_shove,string_containschar,exec_do*ran,char_yankdup,char_yank,integer_sw,exec_do*times,string_fromch,integer_shove,exec_if,exec_whi,integer_g,char_frominteger,char_frominteg,boolean_dup,string_eq,boolean_not,char_eq,boolean_flush,boolean_pop,string_butlast,exec_swap,string_replacefir,boolean_swap,exec_sw,string_n,print_string,exec_flush,print_newline,integer_a,string_d,string_dup,string_frominteger,string_contai,integer_mod,exec_do*count,string_fir,string_r,integer_fromchar,string_p,integer_inc,boolean_invert_first_then_and,integer_fromstring,exec_rot,integer_m,boolean_d,char_rot,exec_do*cou,string_take,exec_string_iterate,string_split,integer_pop,boolean_n,string_re,boolean_p,boolean_r,exec_pop,string_sw,boolean_x,boolean_emp,string_la,char_emp,boolean_stackdep,string_parse_to_cha,print_char,integer_dup,boolean_invert_second_then_and,integer_sub,string_setch,exec_no,boolean_yank,char_islett,string_ya,string_flu,integer_stackdepth,integer_emp,integer_dec,print_boole,integer_gt,exec,string_indexofchar,in1,char_dup,char_flush,char_pop,integer_lte,string_conjch,exec_flu,string_containsch,boolean_eq,string_flush,print_boolean,integer_d,string_rever,char_,exec_empty,string_last,integer_l,exec_when,integer_i,string_substri,string_nth,string_occurrencesofchar,integer_r,integer_s,integer_p,exec_while,integer_fromboolean,integer_empty,string_fromboole
4.18408291179e-06,0.00418408291179,0.00331797774905,7.9497575324e-05,0.00296233070155,0.00301253969649,0.0014560608533,0.00367362479655,0.00277404697051,8.36816582357e-06,0.00412132166811,0.00113388646909,0.00211296187045,8.36816582357e-06,0.0,4.18408291179e-06,0.0,8.36816582357e-06,0.00011715432153,0.0,0.00130543386848,0.000698741846268,4.18408291179e-06,0.000297069886737,8.36816582357e-06,0.00107949339124,0.00253137016163,0.00332216183196,8.78657411475e-05,0.00418408291179,1.67363316471e-05,4.18408291179e-06,0.00287028087749,0.0,0.0,0.00412968983393,0.00371964970858,0.000133890653177,2.09204145589e-05,0.0,8.36816582357e-06,0.0,1.67363316471e-05,0.00407111267317,0.00213388228501,0.00218827536286,0.00369454521111,0.000857736996916,0.00311295768637,4.18408291179e-06,0.000979075401358,0.00344768431931,0.00223430027489,0.0,0.00211296187045,4.18408291179e-06,0.0033012414174,0.00138074736089,0.00317571893005,4.18408291179e-06,0.000297069886737,0.0,0.00228869335275,7.11294095004e-05,0.000104602072795,0.00268199714646,0.00228450926984,0.00220501169451,0.0,3.34726632943e-05,0.000142258819001,4.18408291179e-06,0.0,4.18408291179e-06,6.27612436768e-05,0.000104602072795,0.000640164685503,0.00267362898063,0.00356483864084,0.00167781724763,8.36816582357e-06,5.8577160765e-05,0.00392048568834,0.00219245944578,2.51044974707e-05,4.18408291179e-06,0.00409621717064,0.00258576323948,0.00194559855398,0.00154392659445,8.36816582357e-05,1.67363316471e-05,0.00248116116669,0.000125522487354,0.00302509194522,1.67363316471e-05,5.8577160765e-05,0.00416316249723,0.0,0.000661085100062,0.0,8.36816582357e-06,0.00411295350229,0.0,2.51044974707e-05,0.000832632499446,0.00328450508575,0.00328868916866,0.00341002757311,0.00229287743566,0.0021296982021,0.0,0.0024853452496,0.0,1.25522487354e-05,0.00171547399383,0.0,1.67363316471e-05,6.69453265886e-05,0.00146861310204,4.18408291179e-06,2.92885803825e-05,4.18408291179e-06,1.25522487354e-05,4.18408291179e-06,0.000150626984824,0.00225940477236,0.00146024493621,3.34726632943e-05,0.00418408291179,8.36816582357e-06,8.36816582357e-06,0.0,4.18408291179e-06,0.0031589825984,0.00277404697051,0.00412550575102,0.000623428353856,0.00340584349019,4.18408291179e-06,0.00215480269957,0.00135982694633,1.67363316471e-05,0.00245187258631,4.18408291179e-06,0.000769871255769,0.000736398592475,2.09204145589e-05,0.000112970238618,0.00155647884318,1.25522487354e-05,0.000656901017151,0.0015983196723,0.00275312655596,0.0017405784913,0.00183262831536,0.00357320680667,0.00378659503517,0.000907945991858,0.0,0.00299161928193,6.69453265886e-05,8.36816582357e-06,0.00385772444467,5.8577160765e-05,0.000179915565207,9.20498240593e-05,0.0,0.000891209660211,0.000891209660211,8.36816582357e-06,0.00340584349019,0.0029121217066,0.0,4.18408291179e-05,0.00263178815151,7.53134924122e-05,0.00414224208267,0.00238911134263,0.00243095217175,0.00252300199581,3.34726632943e-05,0.0,0.0021296982021,1.25522487354e-05,0.00278241513634,0.00140585185836,0.00188702139322,0.00063179651968,2.09204145589e-05,8.36816582357e-05,0.000213388228501,0.0,0.00104183664503,2.92885803825e-05,2.09204145589e-05,3.34726632943e-05,2.92885803825e-05,8.36816582357e-06,4.18408291179e-05,3.34726632943e-05,0.00373638604023,0.00290375354078,0.00380333136681,0.00418408291179,6.27612436768e-05,4.18408291179e-06,0.00230542968439,2.51044974707e-05,0.0,0.0,0.00346023656805,7.9497575324e-05,0.00289120129204,0.0,0.00360667946996,8.36816582357e-06,0.000393303793708,0.00418408291179,0.000962339069711,0.00350626148008,0.00240584767428,0.00215898678248,4.18408291179e-06,0.0,1.25522487354e-05,0.00405437634152,0.000857736996916,0.000133890653177,0.00011715432153,1.67363316471e-05,1.25522487354e-05,0.00403764000987,0.00102091623048,2.09204145589e-05,0.000891209660211,2.09204145589e-05,0.0,0.00201254388057,0.00399161509784,2.09204145589e-05,0.000414224208267,0.0,0.00340165940728,0.00030543805256,0.00335145041234,0.000142258819001
Gen 239
string_,string_rot,integer_swap,exec_sho,integer_gte,boolean_shove,boolean_and,string_pop,exec_eq,string_yankd,string_parse_to_chars,integer_lt,string_stackdepth,exec_do*whi,char_r,char_p,boolean_sw,integer_sho,boolean_invert_second_then_a,print_integ,char_iswhitespace,string_removechar,exec_emp,string_first,string_conc,string_yank,string_concat,string_setchar,exec_yankd,string_length,string_replacefirstch,char_d,integer_eq,exec_do*tim,string_emptystri,string_reverse,exec_yankdup,string_repla,exec_,char_ya,integer_mu,string_replacech,boolean_yankd,char_isletter,integer_add,string_empty,char_isdigit,print_integer,exec_shove,integer_fromstri,string_conjchar,boolean_or,boolean_empty,exec_wh,string_fromchar,integer_yankd,exec_do*while,integer_rot,string_rest,boolean_flu,integer_stackdep,char_iswhitespa,char_allfromstring,boolean_,char_allfromstri,exec_stackdepth,exec_do*range,char_shove,char_stackdep,string_removech,exec_stackdep,boolean_sho,string_indexofch,string_stackdep,string_leng,print_ch,integer_mult,boolean_xor,boolean_yankdup,integer_min,string_emp,integer_fromch,exec_yank,char_stackdepth,char_sw,integer_fromboole,string_replace,integer_div,string_replacefirst,boolean_frominteger,string_butla,char_isdig,integer_flush,integer_,string_yankdup,char_flu,print_exec,integer_yank,boolean_frominteg,string_emptystring,char_yankd,boolean_ya,string_swap,print_ex,exec_d,integer_max,char_swap,string_contains,char_empty,exec_dup,exec_k,string_frominteg,exec_noop,exec_p,exec_r,exec_s,string_sho,integer_flu,exec_y,boolean_rot,boolean_a,integer_ya,exec_ya,boolean_invert_first_then_a,string_spl,string_occurrencesofch,integer_yankdup,string_replacechar,char_sho,string_fromboolean,print_stri,exec_string_itera,print_newli,string_ta,string_replacefirstchar,string_substring,boolean_stackdepth,string_shove,string_containschar,exec_do*ran,char_yankdup,char_yank,integer_sw,exec_do*times,string_fromch,integer_shove,exec_if,exec_whi,integer_g,char_frominteger,char_frominteg,boolean_dup,string_eq,boolean_not,char_eq,boolean_flush,boolean_pop,string_butlast,exec_swap,string_replacefir,boolean_swap,exec_sw,string_n,print_string,exec_flush,print_newline,integer_a,string_d,string_dup,string_frominteger,string_contai,integer_mod,exec_do*count,string_fir,string_r,integer_fromchar,string_p,integer_inc,boolean_invert_first_then_and,integer_fromstring,exec_rot,integer_m,boolean_d,char_rot,exec_do*cou,string_take,exec_string_iterate,string_split,integer_pop,boolean_n,string_re,boolean_p,boolean_r,exec_pop,string_sw,boolean_x,boolean_emp,string_la,char_emp,boolean_stackdep,string_parse_to_cha,print_char,integer_dup,boolean_invert_second_then_and,integer_sub,string_setch,exec_no,boolean_yank,char_islett,string_ya,string_flu,integer_stackdepth,integer_emp,integer_dec,print_boole,integer_gt,exec,string_indexofchar,in1,char_dup,char_flush,char_pop,integer_lte,string_conjch,exec_flu,string_containsch,boolean_eq,string_flush,print_boolean,integer_d,string_rever,char_,exec_empty,string_last,integer_l,exec_when,integer_i,string_substri,string_nth,string_occurrencesofchar,integer_r,integer_s,integer_p,exec_while,integer_fromboolean,integer_empty,string_fromboole
4.16664930563e-06,0.00416664930563,0.00349165211812,6.24997395844e-05,0.00297915425352,0.00290415456602,0.00151249369794,0.00366665138895,0.00272082199658,4.16664930563e-06,0.00411664951396,0.000916662847238,0.00209165795143,4.16664930563e-06,8.33329861126e-06,1.66665972225e-05,0.0,1.24999479169e-05,0.000104166232641,0.0,0.00137916092016,0.000845829809042,2.08332465281e-05,0.000220832413198,4.16664930563e-06,0.00113332861113,0.00268332215282,0.00324581980908,0.000116666180558,0.00416664930563,2.08332465281e-05,0.0,0.00282498822922,8.33329861126e-06,0.0,0.00407914967021,0.00364581814242,8.74996354182e-05,1.66665972225e-05,8.33329861126e-06,8.33329861126e-06,4.16664930563e-06,2.08332465281e-05,0.00408331631952,0.00202915821184,0.00189999208337,0.00365415144104,0.000779163420152,0.00327498635422,2.49998958338e-05,0.000958329340294,0.0034791521702,0.00222499072921,0.0,0.00209165795143,2.91665451394e-05,0.00327081970492,0.00117082845488,0.00322498656256,8.33329861126e-06,0.000270832204866,4.16664930563e-06,0.00235832350699,8.74996354182e-05,7.91663368069e-05,0.00265415560768,0.00243748984379,0.0023708234549,0.0,4.99997916675e-05,0.000137499427086,4.16664930563e-06,0.0,1.24999479169e-05,7.49996875013e-05,9.16662847238e-05,0.000591664201399,0.00262498906255,0.00360831829867,0.00165415977433,0.0,2.91665451394e-05,0.00383331736118,0.00212499114587,2.08332465281e-05,4.16664930563e-06,0.00407914967021,0.00246248973963,0.00222915737851,0.00157499343753,8.74996354182e-05,1.24999479169e-05,0.00227499052087,0.000166665972225,0.00286665472227,1.66665972225e-05,2.49998958338e-05,0.00414998270841,8.33329861126e-06,0.000749996875013,1.66665972225e-05,0.0,0.00410831621535,0.0,2.49998958338e-05,0.000816663263903,0.00333748609381,0.00326248640631,0.00337498593756,0.00225415727434,0.00197082512156,0.0,0.00257498927088,0.0,1.24999479169e-05,0.00163332652781,4.16664930563e-06,1.24999479169e-05,6.24997395844e-05,0.00169165961808,0.0,3.3333194445e-05,1.24999479169e-05,8.33329861126e-06,0.0,0.000141666076391,0.00214165774309,0.00145832725697,2.49998958338e-05,0.00416664930563,4.16664930563e-06,4.16664930563e-06,0.0,1.24999479169e-05,0.00328331965283,0.0024458231424,0.00410831621535,0.000758330173624,0.00352081866326,1.24999479169e-05,0.00217499093754,0.00128332798613,1.66665972225e-05,0.00241665659726,4.16664930563e-06,0.00069583043404,0.000729163628485,4.16664930563e-06,5.83330902788e-05,0.00151249369794,0.0,0.000724996979179,0.00152499364586,0.00265832225699,0.00197915842017,0.00192082532989,0.00338748588548,0.00388748380215,0.00100416248266,0.0,0.00304165399311,4.16664930563e-05,1.24999479169e-05,0.00386665055562,4.99997916675e-05,0.000108332881946,0.000116666180558,4.16664930563e-06,0.000891662951404,0.000933329444461,1.66665972225e-05,0.00309582043408,0.00285415477436,0.0,7.49996875013e-05,0.00264165565977,0.000104166232641,0.00411664951396,0.00243332319449,0.00254998937504,0.00259582251741,2.49998958338e-05,0.0,0.00210832454865,2.49998958338e-05,0.00279165503477,0.00117082845488,0.00204999145837,0.000662497239595,1.66665972225e-05,4.16664930563e-05,0.000216665763893,4.16664930563e-06,0.000958329340294,3.74998437507e-05,2.91665451394e-05,4.58331423619e-05,3.3333194445e-05,0.0,6.24997395844e-05,1.24999479169e-05,0.00370831788201,0.00287498802088,0.00387498385423,0.00416664930563,2.91665451394e-05,0.0,0.00230415706601,1.66665972225e-05,0.0,4.16664930563e-06,0.00329998625006,2.08332465281e-05,0.00292082116325,0.0,0.00354581855909,1.24999479169e-05,0.000529164461815,0.00416664930563,0.00116249515627,0.0036291515452,0.00258332256949,0.00204999145837,0.0,4.16664930563e-06,8.33329861126e-06,0.00402914987854,0.000799996666681,9.16662847238e-05,0.000120832829863,2.08332465281e-05,8.33329861126e-06,0.00395831684035,0.00102916237849,2.49998958338e-05,0.000974995937517,3.3333194445e-05,4.16664930563e-06,0.00186249223962,0.00399165003479,4.16664930563e-06,0.000449998125008,4.16664930563e-06,0.00337915258686,0.000391665034729,0.00315832017367,9.99995833351e-05
Gen 240
string_,string_rot,integer_swap,exec_sho,integer_gte,boolean_shove,boolean_and,string_pop,exec_eq,string_yankd,string_parse_to_chars,integer_lt,string_stackdepth,exec_do*whi,char_r,char_p,boolean_sw,integer_sho,boolean_invert_second_then_a,print_integ,char_iswhitespace,string_removechar,exec_emp,string_first,string_conc,string_yank,string_concat,string_setchar,exec_yankd,string_length,string_replacefirstch,char_d,integer_eq,exec_do*tim,string_emptystri,string_reverse,exec_yankdup,string_repla,exec_,char_ya,integer_mu,string_replacech,boolean_yankd,char_isletter,integer_add,string_empty,char_isdigit,print_integer,exec_shove,integer_fromstri,string_conjchar,boolean_or,boolean_empty,exec_wh,string_fromchar,integer_yankd,exec_do*while,integer_rot,string_rest,boolean_flu,integer_stackdep,char_iswhitespa,char_allfromstring,boolean_,char_allfromstri,exec_stackdepth,exec_do*range,char_shove,char_stackdep,string_removech,exec_stackdep,boolean_sho,string_indexofch,string_stackdep,string_leng,print_ch,integer_mult,boolean_xor,boolean_yankdup,integer_min,string_emp,integer_fromch,exec_yank,char_stackdepth,char_sw,integer_fromboole,string_replace,integer_div,string_replacefirst,boolean_frominteger,string_butla,char_isdig,integer_flush,integer_,string_yankdup,char_flu,print_exec,integer_yank,boolean_frominteg,string_emptystring,char_yankd,boolean_ya,string_swap,print_ex,exec_d,integer_max,char_swap,string_contains,char_empty,exec_dup,exec_k,string_frominteg,exec_noop,exec_p,exec_r,exec_s,string_sho,integer_flu,exec_y,boolean_rot,boolean_a,integer_ya,exec_ya,boolean_invert_first_then_a,string_spl,string_occurrencesofch,integer_yankdup,string_replacechar,char_sho,string_fromboolean,print_stri,exec_string_itera,print_newli,string_ta,string_replacefirstchar,string_substring,boolean_stackdepth,string_shove,string_containschar,exec_do*ran,char_yankdup,char_yank,integer_sw,exec_do*times,string_fromch,integer_shove,exec_if,exec_whi,integer_g,char_frominteger,char_frominteg,boolean_dup,string_eq,boolean_not,char_eq,boolean_flush,boolean_pop,string_butlast,exec_swap,string_replacefir,boolean_swap,exec_sw,string_n,print_string,exec_flush,print_newline,integer_a,string_d,string_dup,string_frominteger,string_contai,integer_mod,exec_do*count,string_fir,string_r,integer_fromchar,string_p,integer_inc,boolean_invert_first_then_and,integer_fromstring,exec_rot,integer_m,boolean_d,char_rot,exec_do*cou,string_take,exec_string_iterate,string_split,integer_pop,boolean_n,string_re,boolean_p,boolean_r,exec_pop,string_sw,boolean_x,boolean_emp,string_la,char_emp,boolean_stackdep,string_parse_to_cha,print_char,integer_dup,boolean_invert_second_then_and,integer_sub,string_setch,exec_no,boolean_yank,char_islett,string_ya,string_flu,integer_stackdepth,integer_emp,integer_dec,print_boole,integer_gt,exec,string_indexofchar,in1,char_dup,char_flush,char_pop,integer_lte,string_conjch,exec_flu,string_containsch,boolean_eq,string_flush,print_boolean,integer_d,string_rever,char_,exec_empty,string_last,integer_l,exec_when,integer_i,string_substri,string_nth,string_occurrencesofchar,integer_r,integer_s,integer_p,exec_while,integer_fromboolean,integer_empty,string_fromboole
4.1493603761e-06,0.0041493603761,0.00351035887818,7.46884867698e-05,0.00278422081236,0.00290040290289,0.00164314670893,0.00367218393285,0.00272198040672,4.1493603761e-06,0.0040788212497,0.00082987207522,0.0021701154767,1.24480811283e-05,2.07468018805e-05,0.0,0.0,4.1493603761e-06,0.000116182090531,0.0,0.00150621781652,0.000867216318604,8.2987207522e-06,0.000302903307455,8.2987207522e-06,0.00103319073365,0.0025684540728,0.00324894917448,0.000120331450907,0.0041493603761,2.07468018805e-05,8.2987207522e-06,0.00273027912747,2.07468018805e-05,0.0,0.00408297061008,0.00364728777059,0.000141078252787,2.48961622566e-05,4.1493603761e-06,8.2987207522e-06,4.1493603761e-06,2.48961622566e-05,0.00402902892519,0.00204978402579,0.00167219223157,0.00358089800457,0.000838170795972,0.00338172870652,4.1493603761e-06,0.000879664399733,0.00354355376119,0.00216596611632,0.0,0.00214106995407,1.65974415044e-05,0.00327799469712,0.00103319073365,0.0032282023726,1.24480811283e-05,0.000257260343318,0.0,0.00226970012573,5.39416848893e-05,8.2987207522e-05,0.00268878552371,0.0024647200634,0.00255600599168,0.0,4.56429641371e-05,0.000224065460309,0.0,0.0,1.65974415044e-05,9.54352886503e-05,8.71365678981e-05,0.000576761092278,0.00289210418214,0.00352695631968,0.00154356205991,8.2987207522e-06,2.90455226327e-05,0.00387965195165,0.00218256355783,4.1493603761e-06,0.0,0.0040456263667,0.00254355791055,0.0022572520446,0.00163484798818,7.88378471459e-05,2.07468018805e-05,0.00220331035971,0.000215766739557,0.00261409703694,0.0,4.1493603761e-05,0.00413276293459,1.24480811283e-05,0.000879664399733,8.2987207522e-06,0.0,0.00407467188933,0.0,2.90455226327e-05,0.000759332948826,0.00335683254426,0.00334438446314,0.00325309853486,0.00232364181061,0.00187136152962,0.0,0.0026389931992,4.1493603761e-06,1.65974415044e-05,0.00163899734856,4.1493603761e-06,1.24480811283e-05,3.73442433849e-05,0.00177592624097,0.0,2.07468018805e-05,1.65974415044e-05,1.24480811283e-05,0.0,0.000103734009402,0.00203733594466,0.00151451653728,2.90455226327e-05,0.0041493603761,8.2987207522e-06,1.65974415044e-05,0.0,4.1493603761e-06,0.00325309853486,0.00235268733325,0.00410786677234,0.000601657254534,0.00358504736495,0.0,0.00226555076535,0.00121991195057,1.24480811283e-05,0.00253110982942,0.0,0.00075518358845,0.000767631669578,1.65974415044e-05,2.07468018805e-05,0.00147717229389,0.0,0.000838170795972,0.0017012377542,0.00252696046904,0.00196264745789,0.00213692059369,0.00343567039141,0.00379666474413,0.000937755444998,0.0,0.00294189650665,2.07468018805e-05,8.2987207522e-06,0.00382156090639,2.07468018805e-05,7.05391263937e-05,9.95846490264e-05,0.0,0.000887963120485,0.000983398409135,0.0,0.0031078709217,0.00263484383882,4.1493603761e-06,5.39416848893e-05,0.00275102592935,0.000107883369779,0.00412031485347,0.00235268733325,0.00231534308986,0.00266803872183,3.73442433849e-05,0.0,0.00220331035971,2.90455226327e-05,0.00299168883117,0.00111202858079,0.00192945257489,0.000717839345065,1.65974415044e-05,3.31948830088e-05,0.000228214820685,0.0,0.00105393753553,1.24480811283e-05,4.1493603761e-06,3.73442433849e-05,1.24480811283e-05,1.24480811283e-05,4.97923245132e-05,3.31948830088e-05,0.00361824224796,0.00281741569537,0.00382156090639,0.00414521101572,3.73442433849e-05,0.0,0.00244397326152,1.65974415044e-05,1.24480811283e-05,4.1493603761e-06,0.00327384533674,4.1493603761e-06,0.00295019522741,0.0,0.00346056655367,1.24480811283e-05,0.000481325803627,0.0041493603761,0.00119501578832,0.00361824224796,0.0025684540728,0.0023775834955,0.0,4.1493603761e-06,1.24480811283e-05,0.00402073020444,0.000697092543184,0.000186721216924,9.95846490264e-05,3.31948830088e-05,4.1493603761e-06,0.0040456263667,0.000904560561989,2.07468018805e-05,0.00106223625628,1.65974415044e-05,0.0,0.00183401728624,0.00402073020444,8.2987207522e-06,0.000427384118738,0.0,0.00337342998577,0.000485475164003,0.00325724789524,0.00017012377542
Gen 241
string_,string_rot,integer_swap,exec_sho,integer_gte,boolean_shove,boolean_and,string_pop,exec_eq,string_yankd,string_parse_to_chars,integer_lt,string_stackdepth,exec_do*whi,char_r,char_p,boolean_sw,integer_sho,boolean_invert_second_then_a,print_integ,char_iswhitespace,string_removechar,exec_emp,string_first,string_conc,string_yank,string_concat,string_setchar,exec_yankd,string_length,string_replacefirstch,char_d,integer_eq,exec_do*tim,string_emptystri,string_reverse,exec_yankdup,string_repla,exec_,char_ya,integer_mu,string_replacech,boolean_yankd,char_isletter,integer_add,string_empty,char_isdigit,print_integer,exec_shove,integer_fromstri,string_conjchar,boolean_or,boolean_empty,exec_wh,string_fromchar,integer_yankd,exec_do*while,integer_rot,string_rest,boolean_flu,integer_stackdep,char_iswhitespa,char_allfromstring,boolean_,char_allfromstri,exec_stackdepth,exec_do*range,char_shove,char_stackdep,string_removech,exec_stackdep,boolean_sho,string_indexofch,string_stackdep,string_leng,print_ch,integer_mult,boolean_xor,boolean_yankdup,integer_min,string_emp,integer_fromch,exec_yank,char_stackdepth,char_sw,integer_fromboole,string_replace,integer_div,string_replacefirst,boolean_frominteger,string_butla,char_isdig,integer_flush,integer_,string_yankdup,char_flu,print_exec,integer_yank,boolean_frominteg,string_emptystring,char_yankd,boolean_ya,string_swap,print_ex,exec_d,integer_max,char_swap,string_contains,char_empty,exec_dup,exec_k,string_frominteg,exec_noop,exec_p,exec_r,exec_s,string_sho,integer_flu,exec_y,boolean_rot,boolean_a,integer_ya,exec_ya,boolean_invert_first_then_a,string_spl,string_occurrencesofch,integer_yankdup,string_replacechar,char_sho,string_fromboolean,print_stri,exec_string_itera,print_newli,string_ta,string_replacefirstchar,string_substring,boolean_stackdepth,string_shove,string_containschar,exec_do*ran,char_yankdup,char_yank,integer_sw,exec_do*times,string_fromch,integer_shove,exec_if,exec_whi,integer_g,char_frominteger,char_frominteg,boolean_dup,string_eq,boolean_not,char_eq,boolean_flush,boolean_pop,string_butlast,exec_swap,string_replacefir,boolean_swap,exec_sw,string_n,print_string,exec_flush,print_newline,integer_a,string_d,string_dup,string_frominteger,string_contai,integer_mod,exec_do*count,string_fir,string_r,integer_fromchar,string_p,integer_inc,boolean_invert_first_then_and,integer_fromstring,exec_rot,integer_m,boolean_d,char_rot,exec_do*cou,string_take,exec_string_iterate,string_split,integer_pop,boolean_n,string_re,boolean_p,boolean_r,exec_pop,string_sw,boolean_x,boolean_emp,string_la,char_emp,boolean_stackdep,string_parse_to_cha,print_char,integer_dup,boolean_invert_second_then_and,integer_sub,string_setch,exec_no,boolean_yank,char_islett,string_ya,string_flu,integer_stackdepth,integer_emp,integer_dec,print_boole,integer_gt,exec,string_indexofchar,in1,char_dup,char_flush,char_pop,integer_lte,string_conjch,exec_flu,string_containsch,boolean_eq,string_flush,print_boolean,integer_d,string_rever,char_,exec_empty,string_last,integer_l,exec_when,integer_i,string_substri,string_nth,string_occurrencesofchar,integer_r,integer_s,integer_p,exec_while,integer_fromboolean,integer_empty,string_fromboole
4.13221432969e-06,0.00413221432969,0.00346279560828,7.85120722642e-05,0.00280990574419,0.00270246817162,0.00153305151632,0.0035619687522,0.00254544402709,0.0,0.00406609890042,0.000884293866554,0.0020454460932,4.13221432969e-06,3.30577146375e-05,0.0,4.13221432969e-06,8.26442865939e-06,0.000111569786902,4.13221432969e-06,0.00145453944405,0.000842971723257,1.23966429891e-05,0.000421485861629,4.13221432969e-06,0.00101239251077,0.00260329502771,0.00318593724819,6.61154292751e-05,0.00413221432969,1.23966429891e-05,4.13221432969e-06,0.00262808831368,1.65288573188e-05,0.0,0.00402890897145,0.00373965396837,0.000157024144528,2.06610716485e-05,1.23966429891e-05,2.47932859782e-05,8.26442865939e-06,2.89255003078e-05,0.00399998347114,0.00200825616423,0.00170247230383,0.00355783653787,0.000830575080268,0.00323965603448,8.26442865939e-06,0.000855368366246,0.00361568753848,0.00198759509258,4.13221432969e-06,0.0021570158801,8.26442865939e-06,0.00329750703509,0.00130577972818,0.00322312717716,0.0,0.000198346287825,8.26442865939e-06,0.00223139573803,4.95865719563e-05,6.19832149454e-05,0.00240494873988,0.00237602323957,0.00257023731307,4.13221432969e-06,4.13221432969e-05,0.000165288573188,4.13221432969e-06,0.0,1.23966429891e-05,5.78510006157e-05,0.000107437572572,0.000462808004926,0.00272312924327,0.00345453117962,0.00163222466023,4.13221432969e-06,6.61154292751e-05,0.00385948818393,0.00213635480845,1.23966429891e-05,1.65288573188e-05,0.0040082478998,0.00237189102524,0.00212395816546,0.0016983400895,3.30577146375e-05,2.47932859782e-05,0.00224792459535,0.000219007359474,0.00259089838472,2.06610716485e-05,3.71899289672e-05,0.00411155325804,1.65288573188e-05,0.000904954938203,1.23966429891e-05,0.0,0.00409915661506,0.0,5.78510006157e-05,0.000764459650993,0.00331403589241,0.00327684596345,0.00323965603448,0.00213222259412,0.00204957830753,1.23966429891e-05,0.0024917252408,8.26442865939e-06,1.23966429891e-05,0.00158263808827,0.0,0.0,4.95865719563e-05,0.00174379444713,0.0,2.06610716485e-05,1.65288573188e-05,2.47932859782e-05,1.23966429891e-05,8.67765009235e-05,0.00204131387887,0.00149172937302,2.06610716485e-05,0.00413221432969,4.13221432969e-06,1.65288573188e-05,0.0,8.26442865939e-06,0.00321899496283,0.00236362659658,0.00404130561444,0.000636361006773,0.0035206466089,8.26442865939e-06,0.00234296552494,0.00128925087086,4.13221432969e-06,0.00245040309751,4.13221432969e-06,0.000723137507696,0.000917351581192,1.65288573188e-05,4.95865719563e-05,0.00148759715869,1.65288573188e-05,0.000900822723873,0.00158263808827,0.00255370845575,0.00187189309135,0.00206610716485,0.00342973789365,0.00372725732538,0.000847103937587,0.0,0.00293387217408,1.23966429891e-05,4.13221432969e-06,0.00379337275466,2.89255003078e-05,6.61154292751e-05,0.00012809864422,0.0,0.000896690509543,0.000909087152532,1.23966429891e-05,0.00322312717716,0.00262395609935,4.13221432969e-06,4.13221432969e-05,0.00276858360089,0.000115702001231,0.00407436332908,0.002268585667,0.00242560981153,0.00272312924327,2.47932859782e-05,4.13221432969e-06,0.00214875145144,2.06610716485e-05,0.0029504010314,0.00106197908273,0.00209090045082,0.000706608650377,1.65288573188e-05,2.47932859782e-05,0.000239668431122,0.0,0.000975202581808,3.71899289672e-05,2.47932859782e-05,4.54543576266e-05,1.23966429891e-05,4.13221432969e-06,6.61154292751e-05,1.65288573188e-05,0.00372725732538,0.00271899702894,0.00380163718332,0.00413221432969,4.13221432969e-05,4.13221432969e-06,0.002268585667,1.65288573188e-05,4.13221432969e-06,4.13221432969e-06,0.00321073053417,4.13221432969e-06,0.00302064867501,0.0,0.00335122582138,4.13221432969e-06,0.00054132007719,0.00413221432969,0.00113222672634,0.00353304325189,0.00264874938533,0.00218594138041,0.0,0.0,8.26442865939e-06,0.00392973582754,0.000719005293367,0.000210742930814,8.26442865939e-05,2.47932859782e-05,0.0,0.00398345461382,0.000834707294598,1.65288573188e-05,0.00100412808212,2.47932859782e-05,8.26442865939e-06,0.00170660451816,0.00395866132785,1.65288573188e-05,0.000475204647915,0.0,0.00338841575035,0.000466940219255,0.00326031710613,0.000152891930199
Gen 242
string_,string_rot,integer_swap,exec_sho,integer_gte,boolean_shove,boolean_and,string_pop,exec_eq,string_yankd,string_parse_to_chars,integer_lt,string_stackdepth,exec_do*whi,char_r,char_p,boolean_sw,integer_sho,boolean_invert_second_then_a,print_integ,char_iswhitespace,string_removechar,exec_emp,string_first,string_conc,string_yank,string_concat,string_setchar,exec_yankd,string_length,string_replacefirstch,char_d,integer_eq,exec_do*tim,string_emptystri,string_reverse,exec_yankdup,string_repla,exec_,char_ya,integer_mu,string_replacech,boolean_yankd,char_isletter,integer_add,string_empty,char_isdigit,print_integer,exec_shove,integer_fromstri,string_conjchar,boolean_or,boolean_empty,exec_wh,string_fromchar,integer_yankd,exec_do*while,integer_rot,string_rest,boolean_flu,integer_stackdep,char_iswhitespa,char_allfromstring,boolean_,char_allfromstri,exec_stackdepth,exec_do*range,char_shove,char_stackdep,string_removech,exec_stackdep,boolean_sho,string_indexofch,string_stackdep,string_leng,print_ch,integer_mult,boolean_xor,boolean_yankdup,integer_min,string_emp,integer_fromch,exec_yank,char_stackdepth,char_sw,integer_fromboole,string_replace,integer_div,string_replacefirst,boolean_frominteger,string_butla,char_isdig,integer_flush,integer_,string_yankdup,char_flu,print_exec,integer_yank,boolean_frominteg,string_emptystring,char_yankd,boolean_ya,string_swap,print_ex,exec_d,integer_max,char_swap,string_contains,char_empty,exec_dup,exec_k,string_frominteg,exec_noop,exec_p,exec_r,exec_s,string_sho,integer_flu,exec_y,boolean_rot,boolean_a,integer_ya,exec_ya,boolean_invert_first_then_a,string_spl,string_occurrencesofch,integer_yankdup,string_replacechar,char_sho,string_fromboolean,print_stri,exec_string_itera,print_newli,string_ta,string_replacefirstchar,string_substring,boolean_stackdepth,string_shove,string_containschar,exec_do*ran,char_yankdup,char_yank,integer_sw,exec_do*times,string_fromch,integer_shove,exec_if,exec_whi,integer_g,char_frominteger,char_frominteg,boolean_dup,string_eq,boolean_not,char_eq,boolean_flush,boolean_pop,string_butlast,exec_swap,string_replacefir,boolean_swap,exec_sw,string_n,print_string,exec_flush,print_newline,integer_a,string_d,string_dup,string_frominteger,string_contai,integer_mod,exec_do*count,string_fir,string_r,integer_fromchar,string_p,integer_inc,boolean_invert_first_then_and,integer_fromstring,exec_rot,integer_m,boolean_d,char_rot,exec_do*cou,string_take,exec_string_iterate,string_split,integer_pop,boolean_n,string_re,boolean_p,boolean_r,exec_pop,string_sw,boolean_x,boolean_emp,string_la,char_emp,boolean_stackdep,string_parse_to_cha,print_char,integer_dup,boolean_invert_second_then_and,integer_sub,string_setch,exec_no,boolean_yank,char_islett,string_ya,string_flu,integer_stackdepth,integer_emp,integer_dec,print_boole,integer_gt,exec,string_indexofchar,in1,char_dup,char_flush,char_pop,integer_lte,string_conjch,exec_flu,string_containsch,boolean_eq,string_flush,print_boolean,integer_d,string_rever,char_,exec_empty,string_last,integer_l,exec_when,integer_i,string_substri,string_nth,string_occurrencesofchar,integer_r,integer_s,integer_p,exec_while,integer_fromboolean,integer_empty,string_fromboole
4.11520940243e-06,0.00411520940243,0.00334978045358,6.58433504389e-05,0.00273661425262,0.00279834239365,0.00146501454727,0.0035637713425,0.00267488611158,8.23041880486e-06,0.00405348126139,0.000847733136901,0.00206995032942,4.11520940243e-06,4.11520940243e-06,4.11520940243e-06,8.23041880486e-06,1.23456282073e-05,0.000115225863268,8.23041880486e-06,0.00149382101308,0.000999995884791,1.23456282073e-05,0.000353908008609,0.0,0.000917691696742,0.00251027773548,0.00327570668433,9.05346068535e-05,0.00411520940243,3.70368846219e-05,0.0,0.00273661425262,1.23456282073e-05,0.0,0.0040658268896,0.00376953181263,0.000209875679524,2.05760470122e-05,4.11520940243e-06,0.0,4.11520940243e-06,2.05760470122e-05,0.00400821395797,0.00207406553882,0.00161727729516,0.0035473105049,0.000839502718096,0.00326747626553,4.11520940243e-06,0.000983535047181,0.00348969757326,0.00188888111572,0.0,0.00226748038074,2.05760470122e-05,0.00329216752194,0.00146501454727,0.00335801087238,8.23041880486e-06,0.000176954004305,4.11520940243e-06,0.00229217163715,3.29216752194e-05,2.46912564146e-05,0.00238682145341,0.00224690433373,0.00265431006457,0.0,3.29216752194e-05,0.000242797354743,2.05760470122e-05,8.23041880486e-06,8.23041880486e-06,9.46498162559e-05,8.6419397451e-05,0.000547322850523,0.00284772490648,0.00346912152625,0.00173661836783,4.11520940243e-06,4.11520940243e-05,0.00388475767589,0.0021934066115,4.11520940243e-06,4.11520940243e-06,0.00400409874856,0.00239916708162,0.00198353093197,0.0018641898593,8.23041880486e-05,2.8806465817e-05,0.00227982600895,0.000160493166695,0.0025390842013,8.23041880486e-06,3.70368846219e-05,0.00410697898363,2.8806465817e-05,0.000781889786462,1.64608376097e-05,0.0,0.00410286377422,0.0,2.46912564146e-05,0.000584359735145,0.00332097398776,0.00324690021852,0.00330039794075,0.00207406553882,0.00178600088065,0.0,0.00258023629532,4.11520940243e-06,1.64608376097e-05,0.00144032329085,8.23041880486e-06,1.64608376097e-05,4.52673034267e-05,0.00176130962424,8.23041880486e-06,2.46912564146e-05,8.23041880486e-06,2.05760470122e-05,8.23041880486e-06,8.6419397451e-05,0.00190945716273,0.00148559059428,2.8806465817e-05,0.00411520940243,1.64608376097e-05,3.29216752194e-05,0.0,1.23456282073e-05,0.00327982189374,0.00230040205596,0.00401232916737,0.00059259015395,0.0035514257143,0.0,0.00234978456879,0.00143620808145,0.0,0.00251027773548,4.11520940243e-06,0.000954728581364,0.000983535047181,1.64608376097e-05,4.52673034267e-05,0.00147736017547,1.64608376097e-05,0.00103703276941,0.00168312064559,0.00241974312863,0.00183126818408,0.00211933284225,0.00339916296641,0.00376130139382,0.000732507273633,0.0,0.00291768346632,4.93825128292e-05,1.64608376097e-05,0.00378599265024,4.52673034267e-05,5.34977222316e-05,0.00013580191028,0.0,0.000781889786462,0.00106172402583,4.11520940243e-06,0.00325101542792,0.0025431994107,8.23041880486e-06,2.05760470122e-05,0.00286418574409,0.000115225863268,0.00404113563319,0.00226748038074,0.00246089522265,0.00274895988082,1.64608376097e-05,4.11520940243e-06,0.00239093666281,8.23041880486e-06,0.00299587244497,0.00111522174806,0.00188065069691,0.000753083320645,2.46912564146e-05,2.8806465817e-05,0.000222221307731,0.0,0.000987650256583,1.23456282073e-05,2.46912564146e-05,2.05760470122e-05,4.11520940243e-06,8.23041880486e-06,4.93825128292e-05,2.05760470122e-05,0.00370368846219,0.00265431006457,0.00381068390665,0.00411520940243,1.23456282073e-05,4.11520940243e-06,0.00241974312863,1.64608376097e-05,8.23041880486e-06,0.0,0.00315636561166,8.23041880486e-06,0.00297118118855,8.23041880486e-06,0.00336624129119,0.0,0.000415636149645,0.00411520940243,0.00116460426089,0.00351027362027,0.00264196443636,0.00240739750042,4.11520940243e-06,0.0,8.23041880486e-06,0.00388064246649,0.000748968111242,0.00015226274789,7.40737692437e-05,2.05760470122e-05,0.0,0.0038888728853,0.000925922115547,1.23456282073e-05,0.00111522174806,4.11520940243e-05,8.23041880486e-06,0.00180246171826,0.00395471623574,0.0,0.000543207641121,4.11520940243e-06,0.00342796943222,0.000518516384706,0.00343208464163,0.000148147538487
Gen 243
string_,string_rot,integer_swap,exec_sho,integer_gte,boolean_shove,boolean_and,string_pop,exec_eq,string_yankd,string_parse_to_chars,integer_lt,string_stackdepth,exec_do*whi,char_r,char_p,boolean_sw,integer_sho,boolean_invert_second_then_a,print_integ,char_iswhitespace,string_removechar,exec_emp,string_first,string_conc,string_yank,string_concat,string_setchar,exec_yankd,string_length,string_replacefirstch,char_d,integer_eq,exec_do*tim,string_emptystri,string_reverse,exec_yankdup,string_repla,exec_,char_ya,integer_mu,string_replacech,boolean_yankd,char_isletter,integer_add,string_empty,char_isdigit,print_integer,exec_shove,integer_fromstri,string_conjchar,boolean_or,boolean_empty,exec_wh,string_fromchar,integer_yankd,exec_do*while,integer_rot,string_rest,boolean_flu,integer_stackdep,char_iswhitespa,char_allfromstring,boolean_,char_allfromstri,exec_stackdepth,exec_do*range,char_shove,char_stackdep,string_removech,exec_stackdep,boolean_sho,string_indexofch,string_stackdep,string_leng,print_ch,integer_mult,boolean_xor,boolean_yankdup,integer_min,string_emp,integer_fromch,exec_yank,char_stackdepth,char_sw,integer_fromboole,string_replace,integer_div,string_replacefirst,boolean_frominteger,string_butla,char_isdig,integer_flush,integer_,string_yankdup,char_flu,print_exec,integer_yank,boolean_frominteg,string_emptystring,char_yankd,boolean_ya,string_swap,print_ex,exec_d,integer_max,char_swap,string_contains,char_empty,exec_dup,exec_k,string_frominteg,exec_noop,exec_p,exec_r,exec_s,string_sho,integer_flu,exec_y,boolean_rot,boolean_a,integer_ya,exec_ya,boolean_invert_first_then_a,string_spl,string_occurrencesofch,integer_yankdup,string_replacechar,char_sho,string_fromboolean,print_stri,exec_string_itera,print_newli,string_ta,string_replacefirstchar,string_substring,boolean_stackdepth,string_shove,string_containschar,exec_do*ran,char_yankdup,char_yank,integer_sw,exec_do*times,string_fromch,integer_shove,exec_if,exec_whi,integer_g,char_frominteger,char_frominteg,boolean_dup,string_eq,boolean_not,char_eq,boolean_flush,boolean_pop,string_butlast,exec_swap,string_replacefir,boolean_swap,exec_sw,string_n,print_string,exec_flush,print_newline,integer_a,string_d,string_dup,string_frominteger,string_contai,integer_mod,exec_do*count,string_fir,string_r,integer_fromchar,string_p,integer_inc,boolean_invert_first_then_and,integer_fromstring,exec_rot,integer_m,boolean_d,char_rot,exec_do*cou,string_take,exec_string_iterate,string_split,integer_pop,boolean_n,string_re,boolean_p,boolean_r,exec_pop,string_sw,boolean_x,boolean_emp,string_la,char_emp,boolean_stackdep,string_parse_to_cha,print_char,integer_dup,boolean_invert_second_then_and,integer_sub,string_setch,exec_no,boolean_yank,char_islett,string_ya,string_flu,integer_stackdepth,integer_emp,integer_dec,print_boole,integer_gt,exec,string_indexofchar,in1,char_dup,char_flush,char_pop,integer_lte,string_conjch,exec_flu,string_containsch,boolean_eq,string_flush,print_boolean,integer_d,string_rever,char_,exec_empty,string_last,integer_l,exec_when,integer_i,string_substri,string_nth,string_occurrencesofchar,integer_r,integer_s,integer_p,exec_while,integer_fromboolean,integer_empty,string_fromboole
0.0,0.00409424551539,0.00320900324179,9.01635649034e-05,0.0028360539506,0.00264753013307,0.00159015741739,0.00357785418912,0.00271720197868,4.09834385925e-06,0.00399178691891,0.001106552842,0.00220081065242,4.09834385925e-06,8.19668771849e-06,8.19668771849e-06,0.0,0.0,0.0001106552842,4.09834385925e-06,0.00147130544547,0.00107786443498,0.0,0.000467211199954,1.22950315777e-05,0.00107786443498,0.00251228478572,0.00332375686985,8.60652210442e-05,0.00409834385925,2.04917192962e-05,4.09834385925e-06,0.00272130032254,8.19668771849e-06,4.09834385925e-06,0.00401637698206,0.00375818131893,0.00021721222454,1.22950315777e-05,0.0,8.19668771849e-06,8.19668771849e-06,1.6393375437e-05,0.00391391838558,0.00197950008402,0.00156966569809,0.00343031381019,0.000864750554301,0.00329506846283,8.19668771849e-06,0.000918029024471,0.00337293699616,0.00188523817525,8.19668771849e-06,0.00229917090504,1.6393375437e-05,0.00317211814706,0.00142622366302,0.00331965852599,1.6393375437e-05,0.000135245347355,4.09834385925e-06,0.00233605599977,4.09834385925e-05,4.09834385925e-05,0.00227867918574,0.00208605702436,0.0026147433822,0.0,5.73768140295e-05,0.000221310568399,1.6393375437e-05,0.0,8.19668771849e-06,0.000102458596481,9.83602526219e-05,0.000516391326265,0.00282375891902,0.00344670718563,0.00156146901037,0.0,4.09834385925e-05,0.00383604985225,0.00232376096819,1.6393375437e-05,4.09834385925e-06,0.00398359023119,0.00238113778222,0.00199999180331,0.00193031995771,7.37701894664e-05,2.45900631555e-05,0.00230736759276,0.000135245347355,0.00251228478572,4.09834385925e-06,2.04917192962e-05,0.00407375379609,6.14751578887e-05,0.000672128392916,8.19668771849e-06,0.0,0.00408604882767,0.0,8.19668771849e-06,0.000594259859591,0.00327457674354,0.00305326617514,0.00329097011897,0.00230736759276,0.00182786136122,0.0,0.0027253986664,0.0,8.19668771849e-06,0.00142622366302,1.6393375437e-05,0.0,4.09834385925e-05,0.00168441932615,2.04917192962e-05,2.86884070147e-05,8.19668771849e-06,2.45900631555e-05,1.22950315777e-05,6.55735017479e-05,0.00182376301736,0.00137294519285,8.19668771849e-06,0.00409834385925,8.19668771849e-06,4.50817824517e-05,0.0,1.22950315777e-05,0.00320900324179,0.00227048249802,0.00395080348031,0.000745898582383,0.00339342871546,0.0,0.00223769574715,0.0013073716911,1.22950315777e-05,0.00247539969098,4.09834385925e-06,0.000983602526219,0.000999995901656,0.0,3.68850947332e-05,0.00170491104545,1.22950315777e-05,0.00119261806304,0.00152048557178,0.00251228478572,0.00176228785948,0.00204507358576,0.00328687177512,0.0037212962242,0.000758193613961,4.09834385925e-06,0.00284425063832,7.37701894664e-05,0.0,0.00372949291191,4.09834385925e-05,1.6393375437e-05,0.000127048659637,0.0,0.000831963803427,0.00104917602797,8.19668771849e-06,0.00329916680669,0.00246720300327,1.22950315777e-05,4.09834385925e-05,0.00298359432953,9.01635649034e-05,0.00404096704522,0.00222949905943,0.00239753115766,0.00267621854009,4.50817824517e-05,0.0,0.00229917090504,1.22950315777e-05,0.00299998770497,0.00124179818935,0.00193031995771,0.000807373740272,4.09834385925e-06,4.09834385925e-05,0.000229507256118,8.19668771849e-06,0.00101638927709,2.86884070147e-05,1.6393375437e-05,6.14751578887e-05,0.0,4.09834385925e-06,2.86884070147e-05,1.22950315777e-05,0.00370490284876,0.00274998872955,0.00377047635051,0.00409424551539,3.68850947332e-05,0.0,0.00235654771907,8.19668771849e-06,4.09834385925e-06,0.0,0.00309424961373,2.45900631555e-05,0.00299179101725,0.0,0.00337293699616,0.0,0.000409834385925,0.00409834385925,0.00123769984549,0.00351637903123,0.00256966159975,0.00238933446994,4.09834385925e-06,0.0,8.19668771849e-06,0.00381555813296,0.000663931705198,0.000135245347355,6.96718456072e-05,2.45900631555e-05,4.09834385925e-06,0.00381555813296,0.000901635649034,2.45900631555e-05,0.00115163462445,2.45900631555e-05,4.09834385925e-06,0.00181966467351,0.00385654157155,0.0,0.000495899606969,8.19668771849e-06,0.00342211712247,0.000401637698206,0.00336064196458,0.000151638722792
Gen 244
string_,string_rot,integer_swap,exec_sho,integer_gte,boolean_shove,boolean_and,string_pop,exec_eq,string_yankd,string_parse_to_chars,integer_lt,string_stackdepth,exec_do*whi,char_r,char_p,boolean_sw,integer_sho,boolean_invert_second_then_a,print_integ,char_iswhitespace,string_removechar,exec_emp,string_first,string_conc,string_yank,string_concat,string_setchar,exec_yankd,string_length,string_replacefirstch,char_d,integer_eq,exec_do*tim,string_emptystri,string_reverse,exec_yankdup,string_repla,exec_,char_ya,integer_mu,string_replacech,boolean_yankd,char_isletter,integer_add,string_empty,char_isdigit,print_integer,exec_shove,integer_fromstri,string_conjchar,boolean_or,boolean_empty,exec_wh,string_fromchar,integer_yankd,exec_do*while,integer_rot,string_rest,boolean_flu,integer_stackdep,char_iswhitespa,char_allfromstring,boolean_,char_allfromstri,exec_stackdepth,exec_do*range,char_shove,char_stackdep,string_removech,exec_stackdep,boolean_sho,string_indexofch,string_stackdep,string_leng,print_ch,integer_mult,boolean_xor,boolean_yankdup,integer_min,string_emp,integer_fromch,exec_yank,char_stackdepth,char_sw,integer_fromboole,string_replace,integer_div,string_replacefirst,boolean_frominteger,string_butla,char_isdig,integer_flush,integer_,string_yankdup,char_flu,print_exec,integer_yank,boolean_frominteg,string_emptystring,char_yankd,boolean_ya,string_swap,print_ex,exec_d,integer_max,char_swap,string_contains,char_empty,exec_dup,exec_k,string_frominteg,exec_noop,exec_p,exec_r,exec_s,string_sho,integer_flu,exec_y,boolean_rot,boolean_a,integer_ya,exec_ya,boolean_invert_first_then_a,string_spl,string_occurrencesofch,integer_yankdup,string_replacechar,char_sho,string_fromboolean,print_stri,exec_string_itera,print_newli,string_ta,string_replacefirstchar,string_substring,boolean_stackdepth,string_shove,string_containschar,exec_do*ran,char_yankdup,char_yank,integer_sw,exec_do*times,string_fromch,integer_shove,exec_if,exec_whi,integer_g,char_frominteger,char_frominteg,boolean_dup,string_eq,boolean_not,char_eq,boolean_flush,boolean_pop,string_butlast,exec_swap,string_replacefir,boolean_swap,exec_sw,string_n,print_string,exec_flush,print_newline,integer_a,string_d,string_dup,string_frominteger,string_contai,integer_mod,exec_do*count,string_fir,string_r,integer_fromchar,string_p,integer_inc,boolean_invert_first_then_and,integer_fromstring,exec_rot,integer_m,boolean_d,char_rot,exec_do*cou,string_take,exec_string_iterate,string_split,integer_pop,boolean_n,string_re,boolean_p,boolean_r,exec_pop,string_sw,boolean_x,boolean_emp,string_la,char_emp,boolean_stackdep,string_parse_to_cha,print_char,integer_dup,boolean_invert_second_then_and,integer_sub,string_setch,exec_no,boolean_yank,char_islett,string_ya,string_flu,integer_stackdepth,integer_emp,integer_dec,print_boole,integer_gt,exec,string_indexofchar,in1,char_dup,char_flush,char_pop,integer_lte,string_conjch,exec_flu,string_containsch,boolean_eq,string_flush,print_boolean,integer_d,string_rever,char_,exec_empty,string_last,integer_l,exec_when,integer_i,string_substri,string_nth,string_occurrencesofchar,integer_r,integer_s,integer_p,exec_while,integer_fromboolean,integer_empty,string_fromboole
0.0,0.00407753437741,0.00333059865062,0.000122448479802,0.00264488716373,0.00270611140363,0.0017918294211,0.00342447581847,0.00264488716373,8.16323198681e-06,0.00397549397758,0.00095917975845,0.00208162415664,2.85713119538e-05,2.44896959604e-05,4.0816159934e-06,0.0,0.0,0.000155101407749,4.0816159934e-06,0.0014857082216,0.00111019955021,4.0816159934e-06,0.000542854927123,4.0816159934e-06,0.00110203631822,0.00246937767601,0.00328978249068,0.000110203631822,0.0040816159934,1.63264639736e-05,0.0,0.00267345847568,8.16323198681e-06,0.0,0.00398773882556,0.00376733156191,0.000106122015829,1.63264639736e-05,8.16323198681e-06,8.16323198681e-06,4.0816159934e-06,2.44896959604e-05,0.00395100428162,0.00199591022077,0.00131428034988,0.00329794572267,0.000832649662654,0.00328570087469,4.0816159934e-06,0.000885710670569,0.00334692511459,0.00177142134114,4.0816159934e-06,0.00202448153273,8.16323198681e-06,0.00329386410668,0.00135101489382,0.00311835461896,0.0,0.000171427871723,8.16323198681e-06,0.00213876678054,6.12242399011e-05,4.89793919208e-05,0.00198366537279,0.00207346092465,0.00260407100379,4.0816159934e-06,4.89793919208e-05,0.000212244031657,8.16323198681e-06,0.0,1.22448479802e-05,7.75507038747e-05,0.000118366863809,0.000481630687222,0.00268978493965,0.00340814935449,0.00154285084551,0.0,4.89793919208e-05,0.00378773964188,0.00226121526035,8.16323198681e-06,0.0,0.0039591675136,0.00218774617246,0.00211019546859,0.00193876759687,6.93874718879e-05,1.63264639736e-05,0.00215509324452,0.00020408079967,0.00248978575598,1.63264639736e-05,6.12242399011e-05,0.0040203917535,6.12242399011e-05,0.00059999755103,1.22448479802e-05,4.0816159934e-06,0.00407753437741,0.0,2.44896959604e-05,0.000546936543116,0.00314284431492,0.0030326406831,0.00337549642655,0.00214284839654,0.00161223831739,8.16323198681e-06,0.00263264231575,4.0816159934e-06,8.16323198681e-06,0.00141223913372,8.16323198681e-06,0.0,4.0816159934e-05,0.00186121689299,4.48977759274e-05,3.26529279472e-05,1.22448479802e-05,1.63264639736e-05,1.22448479802e-05,4.48977759274e-05,0.00162856478137,0.00146530014163,8.16323198681e-06,0.0040816159934,0.0,2.0408079967e-05,0.0,8.16323198681e-06,0.00313059946694,0.00224080718038,0.00393467781764,0.000636732094971,0.00339182289052,8.16323198681e-06,0.00239182697213,0.00126530095796,8.16323198681e-06,0.00229386818829,1.22448479802e-05,0.00095917975845,0.00116326055812,1.63264639736e-05,2.44896959604e-05,0.00139183105375,0.0,0.00124897449398,0.0016081567014,0.00254284676389,0.00188162497296,0.00195917567683,0.00345712874641,0.00368161762605,0.000689793102885,0.0,0.00262856069975,6.53058558945e-05,8.16323198681e-06,0.00363671985012,3.67345439406e-05,3.67345439406e-05,5.30610079143e-05,0.0,0.000804078350701,0.00108979147024,1.22448479802e-05,0.00317957885886,0.00231835788425,0.0,5.71426239077e-05,0.00277549887551,0.000110203631822,0.00399590205754,0.00214693001253,0.00234284758021,0.00270202978763,3.67345439406e-05,0.0,0.00237958212415,0.0,0.0029673348272,0.00101224076636,0.00191019628491,0.0007428541108,2.44896959604e-05,2.0408079967e-05,0.000155101407749,8.16323198681e-06,0.000963261374443,5.30610079143e-05,1.63264639736e-05,7.75507038747e-05,8.16323198681e-06,1.63264639736e-05,5.71426239077e-05,2.44896959604e-05,0.00366937277807,0.00261631585177,0.00360814853817,0.0040816159934,4.0816159934e-05,8.16323198681e-06,0.00236733727617,2.44896959604e-05,3.26529279472e-05,0.0,0.00307753845903,1.22448479802e-05,0.00304896714707,4.0816159934e-06,0.00337957804254,1.63264639736e-05,0.000559181391096,0.0040816159934,0.00115917894213,0.0034652919784,0.00270202978763,0.00230611303627,4.0816159934e-06,0.0,0.0,0.00375508671393,0.000653058558945,0.00016734625573,5.71426239077e-05,2.44896959604e-05,8.16323198681e-06,0.00376733156191,0.000816323198681,1.63264639736e-05,0.00119183187007,5.30610079143e-05,0.0,0.0016734625573,0.00379182125787,0.0,0.000351018975433,0.0,0.0034040677385,0.00040816159934,0.00318774209085,0.000183672719703
Gen 245
string_,string_rot,integer_swap,exec_sho,integer_gte,boolean_shove,boolean_and,string_pop,exec_eq,string_yankd,string_parse_to_chars,integer_lt,string_stackdepth,exec_do*whi,char_r,char_p,boolean_sw,integer_sho,boolean_invert_second_then_a,print_integ,char_iswhitespace,string_removechar,exec_emp,string_first,string_conc,string_yank,string_concat,string_setchar,exec_yankd,string_length,string_replacefirstch,char_d,integer_eq,exec_do*tim,string_emptystri,string_reverse,exec_yankdup,string_repla,exec_,char_ya,integer_mu,string_replacech,boolean_yankd,char_isletter,integer_add,string_empty,char_isdigit,print_integer,exec_shove,integer_fromstri,string_conjchar,boolean_or,boolean_empty,exec_wh,string_fromchar,integer_yankd,exec_do*while,integer_rot,string_rest,boolean_flu,integer_stackdep,char_iswhitespa,char_allfromstring,boolean_,char_allfromstri,exec_stackdepth,exec_do*range,char_shove,char_stackdep,string_removech,exec_stackdep,boolean_sho,string_indexofch,string_stackdep,string_leng,print_ch,integer_mult,boolean_xor,boolean_yankdup,integer_min,string_emp,integer_fromch,exec_yank,char_stackdepth,char_sw,integer_fromboole,string_replace,integer_div,string_replacefirst,boolean_frominteger,string_butla,char_isdig,integer_flush,integer_,string_yankdup,char_flu,print_exec,integer_yank,boolean_frominteg,string_emptystring,char_yankd,boolean_ya,string_swap,print_ex,exec_d,integer_max,char_swap,string_contains,char_empty,exec_dup,exec_k,string_frominteg,exec_noop,exec_p,exec_r,exec_s,string_sho,integer_flu,exec_y,boolean_rot,boolean_a,integer_ya,exec_ya,boolean_invert_first_then_a,string_spl,string_occurrencesofch,integer_yankdup,string_replacechar,char_sho,string_fromboolean,print_stri,exec_string_itera,print_newli,string_ta,string_replacefirstchar,string_substring,boolean_stackdepth,string_shove,string_containschar,exec_do*ran,char_yankdup,char_yank,integer_sw,exec_do*times,string_fromch,integer_shove,exec_if,exec_whi,integer_g,char_frominteger,char_frominteg,boolean_dup,string_eq,boolean_not,char_eq,boolean_flush,boolean_pop,string_butlast,exec_swap,string_replacefir,boolean_swap,exec_sw,string_n,print_string,exec_flush,print_newline,integer_a,string_d,string_dup,string_frominteger,string_contai,integer_mod,exec_do*count,string_fir,string_r,integer_fromchar,string_p,integer_inc,boolean_invert_first_then_and,integer_fromstring,exec_rot,integer_m,boolean_d,char_rot,exec_do*cou,string_take,exec_string_iterate,string_split,integer_pop,boolean_n,string_re,boolean_p,boolean_r,exec_pop,string_sw,boolean_x,boolean_emp,string_la,char_emp,boolean_stackdep,string_parse_to_cha,print_char,integer_dup,boolean_invert_second_then_and,integer_sub,string_setch,exec_no,boolean_yank,char_islett,string_ya,string_flu,integer_stackdepth,integer_emp,integer_dec,print_boole,integer_gt,exec,string_indexofchar,in1,char_dup,char_flush,char_pop,integer_lte,string_conjch,exec_flu,string_containsch,boolean_eq,string_flush,print_boolean,integer_d,string_rever,char_,exec_empty,string_last,integer_l,exec_when,integer_i,string_substri,string_nth,string_occurrencesofchar,integer_r,integer_s,integer_p,exec_while,integer_fromboolean,integer_empty,string_fromboole
1.21950723778e-05,0.00406502412592,0.00328860451787,8.13004825184e-05,0.00284145186402,0.0027601513815,0.00169511506051,0.00343901041053,0.00260974548884,4.06502412592e-06,0.00396339852277,0.00106910134512,0.00210974752135,4.06502412592e-06,1.62600965037e-05,8.13004825184e-06,4.06502412592e-06,4.06502412592e-06,0.000105690627274,0.0,0.00143495351645,0.00109349148987,4.06502412592e-06,0.000552843281125,4.06502412592e-06,0.00126015747903,0.00258535534408,0.00325201930073,9.34955548961e-05,0.00406502412592,2.03251206296e-05,0.0,0.00261787553709,2.43901447555e-05,0.0,0.00397152857102,0.00377640741298,8.53655066443e-05,8.13004825184e-06,1.62600965037e-05,1.62600965037e-05,4.06502412592e-06,3.25201930073e-05,0.00395120345039,0.00202031699058,0.00156503428848,0.00343088036227,0.00097560579022,0.00332112471088,0.0,0.000857720090569,0.00343088036227,0.00205283718359,0.0,0.00210974752135,8.13004825184e-06,0.00317884886647,0.00138617322694,0.00332925475913,0.0,0.000186991109792,0.0,0.0023048686794,8.94305307702e-05,4.47152653851e-05,0.00218291795562,0.00210568249723,0.00258942036821,4.06502412592e-06,4.06502412592e-05,0.000247966471681,1.21950723778e-05,0.0,1.62600965037e-05,8.13004825184e-05,0.000105690627274,0.00057723342588,0.00272356616437,0.00348372567591,0.00173576530177,4.06502412592e-06,7.31704342665e-05,0.00371949707522,0.00223169824513,0.0,4.06502412592e-06,0.00394307340214,0.00221543814863,0.00217885293149,0.0019918618217,6.09753618888e-05,1.62600965037e-05,0.0021016174731,0.00019918618217,0.00269917601961,8.13004825184e-06,6.50403860147e-05,0.00398778866753,4.47152653851e-05,0.000430892557347,8.13004825184e-06,4.06502412592e-06,0.00406095910179,0.0,2.84551688814e-05,0.000569103377629,0.00315445872171,0.00306909321507,0.00335770992801,0.00236177901716,0.00176015544652,1.21950723778e-05,0.00264226568185,4.06502412592e-06,4.06502412592e-06,0.0014593436612,4.06502412592e-06,0.0,3.25201930073e-05,0.00175202539827,2.43901447555e-05,8.13004825184e-06,1.21950723778e-05,1.21950723778e-05,3.65852171333e-05,3.65852171333e-05,0.00178454559128,0.00145527863708,8.13004825184e-06,0.00406502412592,8.13004825184e-06,3.25201930073e-05,0.0,1.21950723778e-05,0.00317884886647,0.00227234848639,0.00394307340214,0.000926825500709,0.00346340055528,4.06502412592e-06,0.00227234848639,0.00148373380596,8.13004825184e-06,0.00247966471681,8.13004825184e-06,0.000959345693717,0.00127641757554,4.06502412592e-06,4.06502412592e-05,0.00147153873358,4.06502412592e-06,0.00110975158638,0.00182519583254,0.00260568046471,0.00210568249723,0.00199592684583,0.00359754635144,0.00365039166507,0.000784549656302,0.0,0.00271950114024,4.8780289511e-05,4.06502412592e-06,0.00366258673745,2.03251206296e-05,5.28453136369e-05,2.84551688814e-05,1.21950723778e-05,0.000792679704554,0.000999995934976,8.13004825184e-06,0.00323575920423,0.00247559969268,0.0,4.06502412592e-05,0.00295527253954,9.7560579022e-05,0.00400404876403,0.00232925882415,0.00245933959618,0.00264226568185,2.84551688814e-05,1.21950723778e-05,0.00243494945142,2.84551688814e-05,0.00293901244304,0.00115853187589,0.0019918618217,0.000808939801058,2.03251206296e-05,3.25201930073e-05,0.00019918618217,4.06502412592e-06,0.000951215645465,2.84551688814e-05,1.62600965037e-05,5.69103377629e-05,4.06502412592e-06,1.62600965037e-05,9.7560579022e-05,1.21950723778e-05,0.00375201726822,0.00271137109199,0.00360974142382,0.00406502412592,7.31704342665e-05,4.06502412592e-06,0.00251624993394,1.21950723778e-05,2.84551688814e-05,4.06502412592e-06,0.00315852374584,8.13004825184e-06,0.0029959227808,0.0,0.00331705968675,1.21950723778e-05,0.000756094487421,0.00406502412592,0.00118292202064,0.00345527050703,0.00270324104374,0.00236990906541,0.0,0.0,0.0,0.00373575717172,0.000573168401754,0.000166665989163,9.34955548961e-05,1.21950723778e-05,2.84551688814e-05,0.00371949707522,0.000804874776932,1.62600965037e-05,0.001097556514,1.62600965037e-05,1.21950723778e-05,0.00174796037414,0.00377234238885,0.0,0.000406502412592,4.06502412592e-06,0.00342275031402,0.000544713232873,0.00327234442136,0.000191056133918
Gen 246
string_,string_rot,integer_swap,exec_sho,integer_gte,boolean_shove,boolean_and,string_pop,exec_eq,string_yankd,string_parse_to_chars,integer_lt,string_stackdepth,exec_do*whi,char_r,char_p,boolean_sw,integer_sho,boolean_invert_second_then_a,print_integ,char_iswhitespace,string_removechar,exec_emp,string_first,string_conc,string_yank,string_concat,string_setchar,exec_yankd,string_length,string_replacefirstch,char_d,integer_eq,exec_do*tim,string_emptystri,string_reverse,exec_yankdup,string_repla,exec_,char_ya,integer_mu,string_replacech,boolean_yankd,char_isletter,integer_add,string_empty,char_isdigit,print_integer,exec_shove,integer_fromstri,string_conjchar,boolean_or,boolean_empty,exec_wh,string_fromchar,integer_yankd,exec_do*while,integer_rot,string_rest,boolean_flu,integer_stackdep,char_iswhitespa,char_allfromstring,boolean_,char_allfromstri,exec_stackdepth,exec_do*range,char_shove,char_stackdep,string_removech,exec_stackdep,boolean_sho,string_indexofch,string_stackdep,string_leng,print_ch,integer_mult,boolean_xor,boolean_yankdup,integer_min,string_emp,integer_fromch,exec_yank,char_stackdepth,char_sw,integer_fromboole,string_replace,integer_div,string_replacefirst,boolean_frominteger,string_butla,char_isdig,integer_flush,integer_,string_yankdup,char_flu,print_exec,integer_yank,boolean_frominteg,string_emptystring,char_yankd,boolean_ya,string_swap,print_ex,exec_d,integer_max,char_swap,string_contains,char_empty,exec_dup,exec_k,string_frominteg,exec_noop,exec_p,exec_r,exec_s,string_sho,integer_flu,exec_y,boolean_rot,boolean_a,integer_ya,exec_ya,boolean_invert_first_then_a,string_spl,string_occurrencesofch,integer_yankdup,string_replacechar,char_sho,string_fromboolean,print_stri,exec_string_itera,print_newli,string_ta,string_replacefirstchar,string_substring,boolean_stackdepth,string_shove,string_containschar,exec_do*ran,char_yankdup,char_yank,integer_sw,exec_do*times,string_fromch,integer_shove,exec_if,exec_whi,integer_g,char_frominteger,char_frominteg,boolean_dup,string_eq,boolean_not,char_eq,boolean_flush,boolean_pop,string_butlast,exec_swap,string_replacefir,boolean_swap,exec_sw,string_n,print_string,exec_flush,print_newline,integer_a,string_d,string_dup,string_frominteger,string_contai,integer_mod,exec_do*count,string_fir,string_r,integer_fromchar,string_p,integer_inc,boolean_invert_first_then_and,integer_fromstring,exec_rot,integer_m,boolean_d,char_rot,exec_do*cou,string_take,exec_string_iterate,string_split,integer_pop,boolean_n,string_re,boolean_p,boolean_r,exec_pop,string_sw,boolean_x,boolean_emp,string_la,char_emp,boolean_stackdep,string_parse_to_cha,print_char,integer_dup,boolean_invert_second_then_and,integer_sub,string_setch,exec_no,boolean_yank,char_islett,string_ya,string_flu,integer_stackdepth,integer_emp,integer_dec,print_boole,integer_gt,exec,string_indexofchar,in1,char_dup,char_flush,char_pop,integer_lte,string_conjch,exec_flu,string_containsch,boolean_eq,string_flush,print_boolean,integer_d,string_rever,char_,exec_empty,string_last,integer_l,exec_when,integer_i,string_substri,string_nth,string_occurrencesofchar,integer_r,integer_s,integer_p,exec_while,integer_fromboolean,integer_empty,string_fromboole
4.04856660499e-06,0.00404451803839,0.00331577604949,8.50198987049e-05,0.00280565665726,0.00261132546022,0.00181375783904,0.00339269881498,0.00261537402683,4.04856660499e-06,0.00393925530666,0.000983801685013,0.00203642900231,4.04856660499e-06,2.429139963e-05,8.09713320999e-06,0.0,8.09713320999e-06,9.31170319149e-05,4.04856660499e-06,0.00140080404533,0.001137647216,8.09713320999e-06,0.000477730859389,2.0242833025e-05,0.00109716154995,0.00239675143016,0.00312144485245,5.66799324699e-05,0.00404856660499,1.619426642e-05,0.0,0.00255869409436,1.619426642e-05,0.0,0.00394330387326,0.00382589544172,0.00014574839778,8.09713320999e-06,2.429139963e-05,4.04856660499e-06,0.0,3.64370994449e-05,0.00390281820721,0.00200808903608,0.00172873794033,0.00354249577937,0.000987850251618,0.00321051331776,1.2145699815e-05,0.000842101853839,0.00341699021461,0.00187043777151,8.09713320999e-06,0.00200808903608,1.2145699815e-05,0.00317407621831,0.00142914401156,0.00328338751665,4.04856660499e-06,0.000101214165125,4.04856660499e-06,0.00216193456707,6.88256322849e-05,8.50198987049e-05,0.0021902745333,0.0020242833025,0.00252225699491,0.0,5.26313658649e-05,0.00023481686309,8.09713320999e-06,0.0,4.04856660499e-06,0.00012145699815,7.69227654949e-05,0.000542507925069,0.00265585969288,0.00329148464986,0.00174898077336,4.04856660499e-06,5.66799324699e-05,0.00355464147918,0.00212954603423,8.09713320999e-06,0.0,0.00391901247363,0.00225100303238,0.00206476896855,0.00193521483719,4.85827992599e-05,8.09713320999e-06,0.00208501180157,0.000165991230805,0.00279755952405,6.07284990749e-05,5.66799324699e-05,0.00397974097271,4.04856660499e-06,0.000315788195189,0.0,0.0,0.00403642090518,0.0,4.04856660499e-05,0.000716596289084,0.00314168768547,0.00303642495375,0.00331172748288,0.00229148869843,0.00163562090842,4.04856660499e-06,0.00288662798936,4.04856660499e-06,4.04856660499e-06,0.00156679527613,0.0,0.0,5.26313658649e-05,0.00172064080712,3.64370994449e-05,1.619426642e-05,1.2145699815e-05,2.0242833025e-05,1.2145699815e-05,8.09713320999e-06,0.0018623406383,0.00142914401156,8.09713320999e-06,0.00404856660499,2.0242833025e-05,1.619426642e-05,4.04856660499e-06,8.09713320999e-06,0.00317407621831,0.00247772276226,0.0038906725074,0.000708499155874,0.00351820437974,0.0,0.00230363439824,0.00129149274699,4.04856660499e-06,0.002429139963,1.2145699815e-05,0.00101619021785,0.00120647284829,1.2145699815e-05,1.2145699815e-05,0.00138460977891,8.09713320999e-06,0.00110525868316,0.00182995210546,0.00245343136263,0.00197165193663,0.00203238043571,0.00344533018085,0.00350201011332,0.000663964923219,0.0,0.00280160809066,3.23885328399e-05,4.04856660499e-06,0.00367609847733,4.04856660499e-05,6.07284990749e-05,1.619426642e-05,4.04856660499e-06,0.000947364585568,0.00103643305088,1.2145699815e-05,0.0032469504172,0.002429139963,1.2145699815e-05,2.429139963e-05,0.0028380451901,0.000101214165125,0.00396759527289,0.00249391702868,0.00219432309991,0.00264776255967,4.85827992599e-05,4.04856660499e-06,0.00231578009806,2.0242833025e-05,0.00289877368918,0.00108096728353,0.00189877773774,0.000894733219704,8.09713320999e-06,4.04856660499e-05,0.00017813693062,0.0,0.000870441820074,2.8339966235e-05,2.429139963e-05,3.23885328399e-05,0.0,0.0,8.50198987049e-05,2.0242833025e-05,0.00368824417715,0.00253440269473,0.00363966137789,0.00404451803839,5.26313658649e-05,0.0,0.00272468532516,1.619426642e-05,7.28741988899e-05,0.0,0.0031659790851,8.09713320999e-06,0.00307286205319,4.04856660499e-06,0.00333197031591,2.429139963e-05,0.000761130521739,0.00404856660499,0.00104453018409,0.00342913591443,0.00261942259343,0.00226314873219,4.04856660499e-06,0.0,8.09713320999e-06,0.00369229274375,0.000619430690564,0.00017813693062,0.00013765126457,1.2145699815e-05,4.04856660499e-05,0.00361132141165,0.000801616187789,2.0242833025e-05,0.00114574434921,4.04856660499e-05,1.619426642e-05,0.00176112647317,0.00374087554301,0.0,0.000408905227104,4.04856660499e-06,0.00325099898381,0.000461536592969,0.00320646475115,0.00023481686309
Gen 247
string_,string_rot,integer_swap,exec_sho,integer_gte,boolean_shove,boolean_and,string_pop,exec_eq,string_yankd,string_parse_to_chars,integer_lt,string_stackdepth,exec_do*whi,char_r,char_p,boolean_sw,integer_sho,boolean_invert_second_then_a,print_integ,char_iswhitespace,string_removechar,exec_emp,string_first,string_conc,string_yank,string_concat,string_setchar,exec_yankd,string_length,string_replacefirstch,char_d,integer_eq,exec_do*tim,string_emptystri,string_reverse,exec_yankdup,string_repla,exec_,char_ya,integer_mu,string_replacech,boolean_yankd,char_isletter,integer_add,string_empty,char_isdigit,print_integer,exec_shove,integer_fromstri,string_conjchar,boolean_or,boolean_empty,exec_wh,string_fromchar,integer_yankd,exec_do*while,integer_rot,string_rest,boolean_flu,integer_stackdep,char_iswhitespa,char_allfromstring,boolean_,char_allfromstri,exec_stackdepth,exec_do*range,char_shove,char_stackdep,string_removech,exec_stackdep,boolean_sho,string_indexofch,string_stackdep,string_leng,print_ch,integer_mult,boolean_xor,boolean_yankdup,integer_min,string_emp,integer_fromch,exec_yank,char_stackdepth,char_sw,integer_fromboole,string_replace,integer_div,string_replacefirst,boolean_frominteger,string_butla,char_isdig,integer_flush,integer_,string_yankdup,char_flu,print_exec,integer_yank,boolean_frominteg,string_emptystring,char_yankd,boolean_ya,string_swap,print_ex,exec_d,integer_max,char_swap,string_contains,char_empty,exec_dup,exec_k,string_frominteg,exec_noop,exec_p,exec_r,exec_s,string_sho,integer_flu,exec_y,boolean_rot,boolean_a,integer_ya,exec_ya,boolean_invert_first_then_a,string_spl,string_occurrencesofch,integer_yankdup,string_replacechar,char_sho,string_fromboolean,print_stri,exec_string_itera,print_newli,string_ta,string_replacefirstchar,string_substring,boolean_stackdepth,string_shove,string_containschar,exec_do*ran,char_yankdup,char_yank,integer_sw,exec_do*times,string_fromch,integer_shove,exec_if,exec_whi,integer_g,char_frominteger,char_frominteg,boolean_dup,string_eq,boolean_not,char_eq,boolean_flush,boolean_pop,string_butlast,exec_swap,string_replacefir,boolean_swap,exec_sw,string_n,print_string,exec_flush,print_newline,integer_a,string_d,string_dup,string_frominteger,string_contai,integer_mod,exec_do*count,string_fir,string_r,integer_fromchar,string_p,integer_inc,boolean_invert_first_then_and,integer_fromstring,exec_rot,integer_m,boolean_d,char_rot,exec_do*cou,string_take,exec_string_iterate,string_split,integer_pop,boolean_n,string_re,boolean_p,boolean_r,exec_pop,string_sw,boolean_x,boolean_emp,string_la,char_emp,boolean_stackdep,string_parse_to_cha,print_char,integer_dup,boolean_invert_second_then_and,integer_sub,string_setch,exec_no,boolean_yank,char_islett,string_ya,string_flu,integer_stackdepth,integer_emp,integer_dec,print_boole,integer_gt,exec,string_indexofchar,in1,char_dup,char_flush,char_pop,integer_lte,string_conjch,exec_flu,string_containsch,boolean_eq,string_flush,print_boolean,integer_d,string_rever,char_,exec_empty,string_last,integer_l,exec_when,integer_i,string_substri,string_nth,string_occurrencesofchar,integer_r,integer_s,integer_p,exec_while,integer_fromboolean,integer_empty,string_fromboole
4.03224180548e-06,0.00403224180548,0.00345563122729,8.4677077915e-05,0.00295563324341,0.00263708614078,0.00158870327136,0.00333869621493,0.00230241007093,8.06448361095e-06,0.00397982266201,0.000862899746372,0.00192337934121,8.06448361095e-06,3.62901762493e-05,4.03224180548e-06,4.03224180548e-06,1.61289672219e-05,8.4677077915e-05,0.0,0.0015443486115,0.00121773702525,1.61289672219e-05,0.000572578336378,1.61289672219e-05,0.00112096322192,0.00241934508329,0.00319756775174,6.85481106931e-05,0.00403224180548,2.01612090274e-05,0.0,0.00252418337023,2.01612090274e-05,0.0,0.00397175817839,0.00380240402256,0.000161289672219,2.01612090274e-05,2.41934508329e-05,8.06448361095e-06,8.06448361095e-06,1.61289672219e-05,0.00386691989145,0.00202418538635,0.001616928964,0.00347982467813,0.00101612493498,0.00317337430091,1.20967254164e-05,0.000822577328317,0.00350805037076,0.0017701541526,4.03224180548e-06,0.00223386196023,8.06448361095e-06,0.00315724533369,0.00138305893928,0.00320563223535,8.06448361095e-06,4.83869016657e-05,8.06448361095e-06,0.00204434659538,4.83869016657e-05,2.82256926383e-05,0.00212499143149,0.00221773299301,0.00239111939065,4.03224180548e-06,3.62901762493e-05,0.000173386397635,8.06448361095e-06,0.0,8.06448361095e-06,0.000137096221386,8.4677077915e-05,0.000471772291241,0.00255644130467,0.00330240603869,0.00170160604191,0.0,6.45158688876e-05,0.00358063072326,0.00210886246426,1.20967254164e-05,4.03224180548e-06,0.00387498437506,0.00235079697259,0.00210079798065,0.00211289470607,5.24191434712e-05,2.82256926383e-05,0.00194757279205,0.000149192946803,0.00282256926383,0.000133063979581,1.20967254164e-05,0.00395966145298,4.03224180548e-06,0.000362901762493,1.20967254164e-05,4.03224180548e-06,0.00400804835464,0.0,3.62901762493e-05,0.000596771787211,0.00313708412466,0.0031653098173,0.00326611586244,0.00217741057496,0.00146773601719,1.20967254164e-05,0.002798375813,0.0,0.0,0.00138305893928,2.01612090274e-05,8.06448361095e-06,6.04836270821e-05,0.00178225087802,7.25803524986e-05,4.03224180548e-05,2.01612090274e-05,4.43546598602e-05,2.01612090274e-05,1.61289672219e-05,0.00199192745191,0.00126209168511,1.20967254164e-05,0.00402820956367,2.01612090274e-05,8.06448361095e-06,0.0,2.41934508329e-05,0.00297579445244,0.00236692593981,0.00387095213326,0.000685481106931,0.00341530880924,4.03224180548e-06,0.00239918387426,0.0012499949597,1.61289672219e-05,0.00247579646856,0.0,0.00105241511123,0.00124596271789,1.61289672219e-05,8.06448361095e-06,0.00138305893928,4.03224180548e-06,0.00104031838581,0.00189112140677,0.00249192543578,0.00200805641913,0.00208466901343,0.00341127656743,0.00337901863299,0.000673384381515,0.0,0.00270563425147,2.01612090274e-05,4.03224180548e-06,0.00367740452659,2.01612090274e-05,5.24191434712e-05,1.20967254164e-05,0.0,0.000955641307898,0.000903222164427,1.20967254164e-05,0.0030927294648,0.0024274095669,4.03224180548e-06,3.62901762493e-05,0.00269353752606,9.2741561526e-05,0.00395562921117,0.00241128059968,0.00211692694788,0.00240321611606,4.83869016657e-05,4.03224180548e-06,0.00226208765287,2.41934508329e-05,0.00296369772703,0.00108064080387,0.00202015314454,0.000774190426652,1.61289672219e-05,4.03224180548e-05,0.000137096221386,0.0,0.000923383373454,5.64513852767e-05,5.24191434712e-05,2.82256926383e-05,0.0,1.20967254164e-05,6.45158688876e-05,2.41934508329e-05,0.00368950125201,0.00241934508329,0.00356046951424,0.00403224180548,0.000108870528748,0.0,0.00266531183342,8.06448361095e-06,3.22579344438e-05,0.0,0.00306450377216,8.06448361095e-06,0.00321772896077,0.0,0.00324998689521,0.0,0.000766125943041,0.00403224180548,0.00105241511123,0.00338305087479,0.00264111838259,0.00221370075121,0.0,0.0,4.03224180548e-06,0.00372175918645,0.000455643324019,0.00024999899194,0.000116935012359,3.62901762493e-05,3.62901762493e-05,0.00364111435035,0.000741932492208,8.06448361095e-06,0.00102015717679,8.87093197205e-05,8.06448361095e-06,0.00181450881246,0.00367740452659,8.06448361095e-06,0.000326611586244,8.06448361095e-06,0.00313305188286,0.000459675565824,0.00334676069855,0.000197579848468
Gen 248
string_,string_rot,integer_swap,exec_sho,integer_gte,boolean_shove,boolean_and,string_pop,exec_eq,string_yankd,string_parse_to_chars,integer_lt,string_stackdepth,exec_do*whi,char_r,char_p,boolean_sw,integer_sho,boolean_invert_second_then_a,print_integ,char_iswhitespace,string_removechar,exec_emp,string_first,string_conc,string_yank,string_concat,string_setchar,exec_yankd,string_length,string_replacefirstch,char_d,integer_eq,exec_do*tim,string_emptystri,string_reverse,exec_yankdup,string_repla,exec_,char_ya,integer_mu,string_replacech,boolean_yankd,char_isletter,integer_add,string_empty,char_isdigit,print_integer,exec_shove,integer_fromstri,string_conjchar,boolean_or,boolean_empty,exec_wh,string_fromchar,integer_yankd,exec_do*while,integer_rot,string_rest,boolean_flu,integer_stackdep,char_iswhitespa,char_allfromstring,boolean_,char_allfromstri,exec_stackdepth,exec_do*range,char_shove,char_stackdep,string_removech,exec_stackdep,boolean_sho,string_indexofch,string_stackdep,string_leng,print_ch,integer_mult,boolean_xor,boolean_yankdup,integer_min,string_emp,integer_fromch,exec_yank,char_stackdepth,char_sw,integer_fromboole,string_replace,integer_div,string_replacefirst,boolean_frominteger,string_butla,char_isdig,integer_flush,integer_,string_yankdup,char_flu,print_exec,integer_yank,boolean_frominteg,string_emptystring,char_yankd,boolean_ya,string_swap,print_ex,exec_d,integer_max,char_swap,string_contains,char_empty,exec_dup,exec_k,string_frominteg,exec_noop,exec_p,exec_r,exec_s,string_sho,integer_flu,exec_y,boolean_rot,boolean_a,integer_ya,exec_ya,boolean_invert_first_then_a,string_spl,string_occurrencesofch,integer_yankdup,string_replacechar,char_sho,string_fromboolean,print_stri,exec_string_itera,print_newli,string_ta,string_replacefirstchar,string_substring,boolean_stackdepth,string_shove,string_containschar,exec_do*ran,char_yankdup,char_yank,integer_sw,exec_do*times,string_fromch,integer_shove,exec_if,exec_whi,integer_g,char_frominteger,char_frominteg,boolean_dup,string_eq,boolean_not,char_eq,boolean_flush,boolean_pop,string_butlast,exec_swap,string_replacefir,boolean_swap,exec_sw,string_n,print_string,exec_flush,print_newline,integer_a,string_d,string_dup,string_frominteger,string_contai,integer_mod,exec_do*count,string_fir,string_r,integer_fromchar,string_p,integer_inc,boolean_invert_first_then_and,integer_fromstring,exec_rot,integer_m,boolean_d,char_rot,exec_do*cou,string_take,exec_string_iterate,string_split,integer_pop,boolean_n,string_re,boolean_p,boolean_r,exec_pop,string_sw,boolean_x,boolean_emp,string_la,char_emp,boolean_stackdep,string_parse_to_cha,print_char,integer_dup,boolean_invert_second_then_and,integer_sub,string_setch,exec_no,boolean_yank,char_islett,string_ya,string_flu,integer_stackdepth,integer_emp,integer_dec,print_boole,integer_gt,exec,string_indexofchar,in1,char_dup,char_flush,char_pop,integer_lte,string_conjch,exec_flu,string_containsch,boolean_eq,string_flush,print_boolean,integer_d,string_rever,char_,exec_empty,string_last,integer_l,exec_when,integer_i,string_substri,string_nth,string_occurrencesofchar,integer_r,integer_s,integer_p,exec_while,integer_fromboolean,integer_empty,string_fromboole
1.2048144385e-05,0.00401604812832,0.00334938413902,9.63851550797e-05,0.00300802004811,0.00270280039036,0.0016024032032,0.00335741623528,0.00238954863635,0.0,0.00396383950265,0.000835338010691,0.00191163890908,8.03209625664e-06,2.00802406416e-05,8.03209625664e-06,8.03209625664e-06,0.0,7.63049144381e-05,4.01604812832e-06,0.00156625877005,0.00128915144919,1.60641925133e-05,0.000570278834222,2.40962887699e-05,0.00119276629411,0.00224497090373,0.00328914341709,0.000104417251336,0.00401604812832,2.00802406416e-05,0.0,0.00255822265774,2.00802406416e-05,0.0,0.00392367902137,0.00377910128875,0.000152609828876,2.40962887699e-05,0.0,1.2048144385e-05,1.2048144385e-05,1.60641925133e-05,0.00390359878073,0.00185139818716,0.00168272416577,0.00358633097859,0.00102007622459,0.00310038915506,1.2048144385e-05,0.000899594780744,0.00350601001602,0.0017590290802,1.60641925133e-05,0.00234938815507,8.03209625664e-06,0.00311645334758,0.00136947241176,0.00318472616576,0.0,4.81925775398e-05,8.03209625664e-06,0.00198392777539,7.63049144381e-05,2.40962887699e-05,0.00228513138501,0.00243372516576,0.00233734001068,0.0,5.22086256682e-05,0.000248994983956,4.01604812832e-06,8.03209625664e-06,8.03209625664e-06,8.03209625664e-05,8.03209625664e-05,0.000546182545452,0.00258633499464,0.00334938413902,0.0017590290802,4.01604812832e-06,4.41765294115e-05,0.00356625073795,0.00212047341175,4.01604812832e-06,4.01604812832e-06,0.00385942225132,0.00240561282886,0.00206424873796,0.00195581543849,4.81925775398e-05,1.60641925133e-05,0.00191565495721,0.00012048144385,0.00284336207485,0.000112449347593,4.81925775398e-05,0.00394375926201,8.03209625664e-06,0.000413652957217,8.03209625664e-06,4.01604812832e-06,0.00395982345452,0.0,2.81123368982e-05,0.000558230689837,0.00322488664704,0.00332930389838,0.00310038915506,0.00219276227806,0.0015742908663,4.01604812832e-06,0.00284336207485,0.0,8.03209625664e-06,0.0015461785294,4.01604812832e-06,0.0,3.21283850266e-05,0.00159838715507,9.23691069514e-05,3.21283850266e-05,1.60641925133e-05,3.21283850266e-05,2.40962887699e-05,0.0,0.0019999919679,0.00122891072727,1.2048144385e-05,0.00399596788768,1.60641925133e-05,2.00802406416e-05,0.0,2.00802406416e-05,0.00304014843314,0.00257027080213,0.00388753458821,0.000698792374328,0.00337348042779,1.2048144385e-05,0.00234537210694,0.00142168103743,1.2048144385e-05,0.00254215846523,8.03209625664e-06,0.0011485897647,0.00115662186096,1.60641925133e-05,2.00802406416e-05,0.0013895526524,1.60641925133e-05,0.0012048144385,0.00193573519785,0.00248994983956,0.00192368705347,0.00221685856683,0.00326906317645,0.00344175324597,0.000726904711226,4.01604812832e-06,0.00288352255613,0.0,0.0,0.00372287661495,3.61444331549e-05,6.82728181815e-05,3.21283850266e-05,4.01604812832e-06,0.000915658973257,0.000799193577536,1.2048144385e-05,0.00303613238501,0.00257428685025,4.01604812832e-06,4.01604812832e-05,0.00267870410159,8.83530588231e-05,0.00396785555078,0.00240561282886,0.00206826478609,0.00260641523528,3.21283850266e-05,1.2048144385e-05,0.00228513138501,1.2048144385e-05,0.00287950650801,0.000939755262027,0.00195179939036,0.000811241721921,2.00802406416e-05,1.2048144385e-05,0.000116465395721,4.01604812832e-06,0.000823289866306,6.82728181815e-05,4.01604812832e-05,5.22086256682e-05,4.01604812832e-06,0.0,6.42567700531e-05,2.00802406416e-05,0.00372287661495,0.00248593379143,0.00361042726736,0.00401604812832,8.83530588231e-05,0.0,0.00281524973795,1.2048144385e-05,6.82728181815e-05,4.01604812832e-06,0.00310038915506,1.2048144385e-05,0.0032048064064,0.0,0.00322890269517,0.0,0.00064658374866,0.00401604812832,0.000903610828872,0.00330119156148,0.00264657571656,0.00222489066309,8.03209625664e-06,0.0,4.01604812832e-06,0.00375500499998,0.000489957871655,0.000180722165774,0.000100401203208,4.81925775398e-05,2.40962887699e-05,0.00362649145987,0.000803209625664,1.60641925133e-05,0.000859434299461,6.42567700531e-05,0.0,0.0018714784278,0.00368271613367,8.03209625664e-06,0.000393572716575,4.01604812832e-06,0.00320882245453,0.000461845534757,0.00332528785025,0.000216866598929
Gen 249
string_,string_rot,integer_swap,exec_sho,integer_gte,boolean_shove,boolean_and,string_pop,exec_eq,string_yankd,string_parse_to_chars,integer_lt,string_stackdepth,exec_do*whi,char_r,char_p,boolean_sw,integer_sho,boolean_invert_second_then_a,print_integ,char_iswhitespace,string_removechar,exec_emp,string_first,string_conc,string_yank,string_concat,string_setchar,exec_yankd,string_length,string_replacefirstch,char_d,integer_eq,exec_do*tim,string_emptystri,string_reverse,exec_yankdup,string_repla,exec_,char_ya,integer_mu,string_replacech,boolean_yankd,char_isletter,integer_add,string_empty,char_isdigit,print_integer,exec_shove,integer_fromstri,string_conjchar,boolean_or,boolean_empty,exec_wh,string_fromchar,integer_yankd,exec_do*while,integer_rot,string_rest,boolean_flu,integer_stackdep,char_iswhitespa,char_allfromstring,boolean_,char_allfromstri,exec_stackdepth,exec_do*range,char_shove,char_stackdep,string_removech,exec_stackdep,boolean_sho,string_indexofch,string_stackdep,string_leng,print_ch,integer_mult,boolean_xor,boolean_yankdup,integer_min,string_emp,integer_fromch,exec_yank,char_stackdepth,char_sw,integer_fromboole,string_replace,integer_div,string_replacefirst,boolean_frominteger,string_butla,char_isdig,integer_flush,integer_,string_yankdup,char_flu,print_exec,integer_yank,boolean_frominteg,string_emptystring,char_yankd,boolean_ya,string_swap,print_ex,exec_d,integer_max,char_swap,string_contains,char_empty,exec_dup,exec_k,string_frominteg,exec_noop,exec_p,exec_r,exec_s,string_sho,integer_flu,exec_y,boolean_rot,boolean_a,integer_ya,exec_ya,boolean_invert_first_then_a,string_spl,string_occurrencesofch,integer_yankdup,string_replacechar,char_sho,string_fromboolean,print_stri,exec_string_itera,print_newli,string_ta,string_replacefirstchar,string_substring,boolean_stackdepth,string_shove,string_containschar,exec_do*ran,char_yankdup,char_yank,integer_sw,exec_do*times,string_fromch,integer_shove,exec_if,exec_whi,integer_g,char_frominteger,char_frominteg,boolean_dup,string_eq,boolean_not,char_eq,boolean_flush,boolean_pop,string_butlast,exec_swap,string_replacefir,boolean_swap,exec_sw,string_n,print_string,exec_flush,print_newline,integer_a,string_d,string_dup,string_frominteger,string_contai,integer_mod,exec_do*count,string_fir,string_r,integer_fromchar,string_p,integer_inc,boolean_invert_first_then_and,integer_fromstring,exec_rot,integer_m,boolean_d,char_rot,exec_do*cou,string_take,exec_string_iterate,string_split,integer_pop,boolean_n,string_re,boolean_p,boolean_r,exec_pop,string_sw,boolean_x,boolean_emp,string_la,char_emp,boolean_stackdep,string_parse_to_cha,print_char,integer_dup,boolean_invert_second_then_and,integer_sub,string_setch,exec_no,boolean_yank,char_islett,string_ya,string_flu,integer_stackdepth,integer_emp,integer_dec,print_boole,integer_gt,exec,string_indexofchar,in1,char_dup,char_flush,char_pop,integer_lte,string_conjch,exec_flu,string_containsch,boolean_eq,string_flush,print_boolean,integer_d,string_rever,char_,exec_empty,string_last,integer_l,exec_when,integer_i,string_substri,string_nth,string_occurrencesofchar,integer_r,integer_s,integer_p,exec_while,integer_fromboolean,integer_empty,string_fromboole
3.99998400006e-06,0.00399998400006,0.00341598633605,0.000107999568002,0.00299598801605,0.00263998944004,0.00153199387202,0.00331198675205,0.00257598969604,0.0,0.00392798428806,0.000835996656013,0.00197199211203,3.99998400006e-06,7.99996800013e-06,3.99998400006e-06,3.99998400006e-06,3.99998400006e-06,8.79996480014e-05,7.99996800013e-06,0.00164799340803,0.00129999480002,3.99998400006e-06,0.000515997936008,2.79998880004e-05,0.00115999536002,0.00225599097604,0.00325198699205,0.000103999584002,0.00399998400006,2.39999040004e-05,0.0,0.00254798980804,0.0,0.0,0.00392798428806,0.00371998512006,0.000183999264003,7.99996800013e-06,0.0,7.99996800013e-06,1.19999520002e-05,2.39999040004e-05,0.00390798436806,0.00177999288003,0.00171599313603,0.00357198571206,0.000863996544014,0.00329198683205,3.99998400006e-06,0.000859996560014,0.00349598601606,0.00165199339203,0.0,0.00224799100804,7.99996800013e-06,0.00306398774405,0.00121199515202,0.00325598697605,3.99998400006e-06,2.39999040004e-05,0.0,0.00207199171203,8.79996480014e-05,1.19999520002e-05,0.00225599097604,0.00227999088004,0.00240399038404,0.0,2.39999040004e-05,0.000175999296003,1.19999520002e-05,3.99998400006e-06,1.99999200003e-05,0.000107999568002,4.79998080008e-05,0.000471998112008,0.00261598953604,0.00339198643205,0.00162799348803,3.99998400006e-06,2.79998880004e-05,0.00357998568006,0.00195199219203,0.0,0.0,0.00381598473606,0.00231199075204,0.00207199171203,0.00188399246403,3.59998560006e-05,1.59999360003e-05,0.00197199211203,0.000171999312003,0.00288798844805,0.000147999408002,4.79998080008e-05,0.00391598433606,1.19999520002e-05,0.000319998720005,1.59999360003e-05,0.0,0.00396798412806,0.0,1.19999520002e-05,0.000483998064008,0.00288398846405,0.00331998672005,0.00302398790405,0.00226399094404,0.00168399326403,3.99998400006e-06,0.00291998832005,0.0,0.0,0.00161999352003,3.99998400006e-06,7.99996800013e-06,4.79998080008e-05,0.00156399374403,7.59996960012e-05,3.19998720005e-05,3.19998720005e-05,5.59997760009e-05,1.59999360003e-05,3.99998400006e-06,0.00198399206403,0.00134799460802,7.99996800013e-06,0.00395598417606,2.39999040004e-05,1.59999360003e-05,0.0,1.19999520002e-05,0.00301598793605,0.00261998952004,0.00383198467206,0.000735997056012,0.00343598625605,2.79998880004e-05,0.00236399054404,0.00130799476802,3.99998400006e-06,0.00242799028804,7.99996800013e-06,0.00101199595202,0.00109199563202,3.19998720005e-05,2.39999040004e-05,0.00123199507202,1.19999520002e-05,0.00144399422402,0.00183199267203,0.00231999072004,0.00187199251203,0.00201199195203,0.00329198683205,0.00341198635205,0.000659997360011,1.19999520002e-05,0.00276798892804,7.99996800013e-06,1.59999360003e-05,0.00364398542406,3.99998400006e-05,3.19998720005e-05,7.99996800013e-06,3.99998400006e-06,0.000867996528014,0.000735997056012,7.99996800013e-06,0.00310398758405,0.00258398966404,1.19999520002e-05,4.39998240007e-05,0.00247999008004,0.000179999280003,0.00394398422406,0.00241199035204,0.00211599153603,0.00246399014404,2.39999040004e-05,1.19999520002e-05,0.00217999128003,3.99998400006e-06,0.00298798804805,0.00109199563202,0.00189999240003,0.000671997312011,3.19998720005e-05,3.19998720005e-05,9.99996000016e-05,0.0,0.000803996784013,4.39998240007e-05,2.79998880004e-05,4.79998080008e-05,0.0,0.0,4.39998240007e-05,1.59999360003e-05,0.00364398542406,0.00254398982404,0.00363598545606,0.00399598401606,0.000115999536002,0.0,0.00265998936004,7.99996800013e-06,0.000111999552002,0.0,0.00301998792005,3.99998400006e-06,0.00325198699205,0.0,0.00320798716805,0.0,0.000751996992012,0.00399998400006,0.000891996432014,0.00339198643205,0.00257198971204,0.00212799148803,3.99998400006e-06,0.0,0.0,0.00377998488006,0.000435998256007,0.000255998976004,9.59996160015e-05,3.99998400006e-06,3.99998400006e-06,0.00352398590406,0.000775996896012,3.19998720005e-05,0.000771996912012,6.79997280011e-05,3.99998400006e-06,0.00175599297603,0.00368398526406,0.0,0.000435998256007,3.99998400006e-06,0.00307998768005,0.000551997792009,0.00331198675205,0.000191999232003
Gen 250
string_,string_rot,integer_swap,exec_sho,integer_gte,boolean_shove,boolean_and,string_pop,exec_eq,string_yankd,string_parse_to_chars,integer_lt,string_stackdepth,exec_do*whi,char_r,char_p,boolean_sw,integer_sho,boolean_invert_second_then_a,print_integ,char_iswhitespace,string_removechar,exec_emp,string_first,string_conc,string_yank,string_concat,string_setchar,exec_yankd,string_length,string_replacefirstch,char_d,integer_eq,exec_do*tim,string_emptystri,string_reverse,exec_yankdup,string_repla,exec_,char_ya,integer_mu,string_replacech,boolean_yankd,char_isletter,integer_add,string_empty,char_isdigit,print_integer,exec_shove,integer_fromstri,string_conjchar,boolean_or,boolean_empty,exec_wh,string_fromchar,integer_yankd,exec_do*while,integer_rot,string_rest,boolean_flu,integer_stackdep,char_iswhitespa,char_allfromstring,boolean_,char_allfromstri,exec_stackdepth,exec_do*range,char_shove,char_stackdep,string_removech,exec_stackdep,boolean_sho,string_indexofch,string_stackdep,string_leng,print_ch,integer_mult,boolean_xor,boolean_yankdup,integer_min,string_emp,integer_fromch,exec_yank,char_stackdepth,char_sw,integer_fromboole,string_replace,integer_div,string_replacefirst,boolean_frominteger,string_butla,char_isdig,integer_flush,integer_,string_yankdup,char_flu,print_exec,integer_yank,boolean_frominteg,string_emptystring,char_yankd,boolean_ya,string_swap,print_ex,exec_d,integer_max,char_swap,string_contains,char_empty,exec_dup,exec_k,string_frominteg,exec_noop,exec_p,exec_r,exec_s,string_sho,integer_flu,exec_y,boolean_rot,boolean_a,integer_ya,exec_ya,boolean_invert_first_then_a,string_spl,string_occurrencesofch,integer_yankdup,string_replacechar,char_sho,string_fromboolean,print_stri,exec_string_itera,print_newli,string_ta,string_replacefirstchar,string_substring,boolean_stackdepth,string_shove,string_containschar,exec_do*ran,char_yankdup,char_yank,integer_sw,exec_do*times,string_fromch,integer_shove,exec_if,exec_whi,integer_g,char_frominteger,char_frominteg,boolean_dup,string_eq,boolean_not,char_eq,boolean_flush,boolean_pop,string_butlast,exec_swap,string_replacefir,boolean_swap,exec_sw,string_n,print_string,exec_flush,print_newline,integer_a,string_d,string_dup,string_frominteger,string_contai,integer_mod,exec_do*count,string_fir,string_r,integer_fromchar,string_p,integer_inc,boolean_invert_first_then_and,integer_fromstring,exec_rot,integer_m,boolean_d,char_rot,exec_do*cou,string_take,exec_string_iterate,string_split,integer_pop,boolean_n,string_re,boolean_p,boolean_r,exec_pop,string_sw,boolean_x,boolean_emp,string_la,char_emp,boolean_stackdep,string_parse_to_cha,print_char,integer_dup,boolean_invert_second_then_and,integer_sub,string_setch,exec_no,boolean_yank,char_islett,string_ya,string_flu,integer_stackdepth,integer_emp,integer_dec,print_boole,integer_gt,exec,string_indexofchar,in1,char_dup,char_flush,char_pop,integer_lte,string_conjch,exec_flu,string_containsch,boolean_eq,string_flush,print_boolean,integer_d,string_rever,char_,exec_empty,string_last,integer_l,exec_when,integer_i,string_substri,string_nth,string_occurrencesofchar,integer_r,integer_s,integer_p,exec_while,integer_fromboolean,integer_empty,string_fromboole
0.0,0.00398404787232,0.00333066402126,0.000151393819148,0.00295217947339,0.00256572682977,0.00148604985638,0.00329082354254,0.00249401396807,3.98404787232e-06,0.00389639881913,0.000916331010633,0.00196811964893,3.98404787232e-06,1.99202393616e-05,7.96809574464e-06,3.98404787232e-06,1.1952143617e-05,6.37447659571e-05,0.0,0.00167728415425,0.00136254437233,1.59361914893e-05,0.000310755734041,1.99202393616e-05,0.00123505484042,0.00211951346807,0.00317927020211,0.000143425723403,0.00398404787232,0.0,3.98404787232e-06,0.00264540778722,3.98404787232e-06,0.0,0.00388046262764,0.00369719642551,0.000187250249999,1.1952143617e-05,0.0,3.98404787232e-06,3.98404787232e-06,2.39042872339e-05,0.00389241477126,0.0017131405851,0.00142628913829,0.00350596212764,0.000685256234039,0.00325895115956,7.96809574464e-06,0.000812745765953,0.00346213760105,0.00165337986701,0.0,0.00222309871275,1.99202393616e-05,0.00321512663296,0.00104382054255,0.0032390309202,1.1952143617e-05,3.18723829786e-05,3.98404787232e-06,0.00210756132446,7.96809574464e-05,1.59361914893e-05,0.00221911466488,0.00227887538297,0.00235058824467,0.0,5.17926223402e-05,0.000199202393616,1.1952143617e-05,3.98404787232e-06,7.96809574464e-06,0.00011952143617,4.38245265955e-05,0.000478085744678,0.00250596611169,0.00336253640424,0.00154979462233,3.98404787232e-06,1.59361914893e-05,0.00355775474998,0.00201194417552,3.98404787232e-06,3.98404787232e-06,0.00379679762232,0.00243026920211,0.0020438165585,0.00167728415425,4.38245265955e-05,1.1952143617e-05,0.00189242273935,0.000151393819148,0.00282468994147,7.17128617017e-05,1.99202393616e-05,0.00393225524998,3.98404787232e-06,0.000302787638296,3.98404787232e-06,0.0,0.00396412763296,0.0,2.39042872339e-05,0.000537846462763,0.00302389233509,0.00329879163828,0.00294819542552,0.00203983251063,0.00180875773403,3.98404787232e-06,0.00284859422871,3.98404787232e-06,0.0,0.00161353938829,3.98404787232e-06,1.99202393616e-05,2.39042872339e-05,0.0017131405851,9.16331010633e-05,2.78883351062e-05,1.59361914893e-05,2.78883351062e-05,3.98404787232e-06,3.18723829786e-05,0.00202788036701,0.00135856032446,2.78883351062e-05,0.00395217548934,7.96809574464e-06,1.1952143617e-05,0.0,1.1952143617e-05,0.00301194019147,0.00241034896275,0.00384460619679,0.000645415755316,0.00339042473934,7.96809574464e-06,0.00248206182445,0.00114342173936,3.98404787232e-06,0.00239839681914,7.96809574464e-06,0.00102788435106,0.00124700698404,1.99202393616e-05,2.39042872339e-05,0.00115537388297,1.1952143617e-05,0.00154182652659,0.00168126820212,0.00238246062765,0.00179282154254,0.00206373679786,0.00305576471807,0.00339042473934,0.000613543372337,3.98404787232e-06,0.00279680160637,7.96809574464e-06,3.98404787232e-06,0.00358962713296,2.78883351062e-05,3.98404787232e-05,1.99202393616e-05,0.0,0.000916331010633,0.000649399803188,1.1952143617e-05,0.00303186043083,0.00255377468616,1.1952143617e-05,5.17926223402e-05,0.0023466041968,0.000147409771276,0.0039442073936,0.00231473181382,0.00211154537233,0.00252190230318,1.1952143617e-05,3.98404787232e-06,0.00220716252126,1.99202393616e-05,0.0029362432819,0.000948203393612,0.00207967298935,0.000537846462763,3.98404787232e-06,4.78085744678e-05,0.000127489531914,3.98404787232e-06,0.000681272186167,6.37447659571e-05,1.1952143617e-05,3.58564308509e-05,0.0,7.96809574464e-06,5.17926223402e-05,3.18723829786e-05,0.00362946761168,0.0025338544468,0.00360157927658,0.0039720957287,0.00010358524468,3.98404787232e-06,0.00245815753722,1.1952143617e-05,6.77288138294e-05,0.0,0.00303982852658,0.0,0.00316333401062,0.0,0.00330675973402,7.96809574464e-06,0.000737048856379,0.00398404787232,0.000852586244676,0.00337448854785,0.00270915255318,0.0020876410851,0.0,0.0,3.98404787232e-06,0.00372906880849,0.00043027717021,0.000179282154254,7.96809574464e-05,1.1952143617e-05,7.96809574464e-06,0.00361353142019,0.000768921239358,1.59361914893e-05,0.000677288138294,8.7649053191e-05,3.98404787232e-06,0.00191234297871,0.00364938785104,3.98404787232e-06,0.0004462133617,3.98404787232e-06,0.003151381867,0.000621511468082,0.00316333401062,0.000203186441488
Gen 251
string_,string_rot,integer_swap,exec_sho,integer_gte,boolean_shove,boolean_and,string_pop,exec_eq,string_yankd,string_parse_to_chars,integer_lt,string_stackdepth,exec_do*whi,char_r,char_p,boolean_sw,integer_sho,boolean_invert_second_then_a,print_integ,char_iswhitespace,string_removechar,exec_emp,string_first,string_conc,string_yank,string_concat,string_setchar,exec_yankd,string_length,string_replacefirstch,char_d,integer_eq,exec_do*tim,string_emptystri,string_reverse,exec_yankdup,string_repla,exec_,char_ya,integer_mu,string_replacech,boolean_yankd,char_isletter,integer_add,string_empty,char_isdigit,print_integer,exec_shove,integer_fromstri,string_conjchar,boolean_or,boolean_empty,exec_wh,string_fromchar,integer_yankd,exec_do*while,integer_rot,string_rest,boolean_flu,integer_stackdep,char_iswhitespa,char_allfromstring,boolean_,char_allfromstri,exec_stackdepth,exec_do*range,char_shove,char_stackdep,string_removech,exec_stackdep,boolean_sho,string_indexofch,string_stackdep,string_leng,print_ch,integer_mult,boolean_xor,boolean_yankdup,integer_min,string_emp,integer_fromch,exec_yank,char_stackdepth,char_sw,integer_fromboole,string_replace,integer_div,string_replacefirst,boolean_frominteger,string_butla,char_isdig,integer_flush,integer_,string_yankdup,char_flu,print_exec,integer_yank,boolean_frominteg,string_emptystring,char_yankd,boolean_ya,string_swap,print_ex,exec_d,integer_max,char_swap,string_contains,char_empty,exec_dup,exec_k,string_frominteg,exec_noop,exec_p,exec_r,exec_s,string_sho,integer_flu,exec_y,boolean_rot,boolean_a,integer_ya,exec_ya,boolean_invert_first_then_a,string_spl,string_occurrencesofch,integer_yankdup,string_replacechar,char_sho,string_fromboolean,print_stri,exec_string_itera,print_newli,string_ta,string_replacefirstchar,string_substring,boolean_stackdepth,string_shove,string_containschar,exec_do*ran,char_yankdup,char_yank,integer_sw,exec_do*times,string_fromch,integer_shove,exec_if,exec_whi,integer_g,char_frominteger,char_frominteg,boolean_dup,string_eq,boolean_not,char_eq,boolean_flush,boolean_pop,string_butlast,exec_swap,string_replacefir,boolean_swap,exec_sw,string_n,print_string,exec_flush,print_newline,integer_a,string_d,string_dup,string_frominteger,string_contai,integer_mod,exec_do*count,string_fir,string_r,integer_fromchar,string_p,integer_inc,boolean_invert_first_then_and,integer_fromstring,exec_rot,integer_m,boolean_d,char_rot,exec_do*cou,string_take,exec_string_iterate,string_split,integer_pop,boolean_n,string_re,boolean_p,boolean_r,exec_pop,string_sw,boolean_x,boolean_emp,string_la,char_emp,boolean_stackdep,string_parse_to_cha,print_char,integer_dup,boolean_invert_second_then_and,integer_sub,string_setch,exec_no,boolean_yank,char_islett,string_ya,string_flu,integer_stackdepth,integer_emp,integer_dec,print_boole,integer_gt,exec,string_indexofchar,in1,char_dup,char_flush,char_pop,integer_lte,string_conjch,exec_flu,string_containsch,boolean_eq,string_flush,print_boolean,integer_d,string_rever,char_,exec_empty,string_last,integer_l,exec_when,integer_i,string_substri,string_nth,string_occurrencesofchar,integer_r,integer_s,integer_p,exec_while,integer_fromboolean,integer_empty,string_fromboole
3.96823822128e-06,0.00396823822128,0.00328966948544,0.000138888337745,0.00295236923663,0.00230554640656,0.00157935881207,0.00326189181789,0.00249602184118,3.96823822128e-06,0.00387696874219,0.0010079325082,0.00197221439597,3.96823822128e-06,1.58729528851e-05,1.19047146638e-05,0.0,0.0,6.74600497617e-05,0.0,0.00169840595871,0.00125396327792,1.19047146638e-05,0.000412696775013,3.96823822128e-06,0.00128174094547,0.00207538858973,0.00308332109793,0.000119047146638,0.00396426998306,1.19047146638e-05,0.0,0.00268252903758,3.17459057702e-05,0.0,0.00389680993329,0.00355950968449,0.000150793052409,1.19047146638e-05,7.93647644255e-06,1.19047146638e-05,0.0,3.57141439915e-05,0.00385712755108,0.0016785647676,0.00137697866278,0.00354760496982,0.000726187594494,0.00313490819481,7.93647644255e-06,0.000658727544732,0.00340078015563,0.00157142233563,0.0,0.00201586501641,1.98411911064e-05,0.00315871762414,0.00115475732239,0.00309919405082,3.96823822128e-06,5.95235733192e-05,0.0,0.00199999206352,5.55553350979e-05,3.96823822128e-05,0.00215078511593,0.00215475335415,0.00243253002964,7.93647644255e-06,7.53965262043e-05,0.000206348387506,3.96823822128e-06,3.96823822128e-06,1.19047146638e-05,0.00012301538486,4.76188586553e-05,0.000563489827421,0.00245237122075,0.00324205062678,0.00172618362626,0.0,3.17459057702e-05,0.00350395434939,0.0022380863568,1.19047146638e-05,7.93647644255e-06,0.00379760397776,0.00235713350344,0.00203570620752,0.00165475533827,3.17459057702e-05,1.58729528851e-05,0.00199999206352,0.000146824814187,0.00274602084912,0.00012301538486,3.17459057702e-05,0.00390871464796,0.0,0.000353173201694,3.96823822128e-06,7.93647644255e-06,0.00394046055373,0.0,1.19047146638e-05,0.00062301340074,0.00295633747485,0.00308728933615,0.00292062333086,0.00204364268396,0.00187697667866,7.93647644255e-06,0.00294840099841,0.0,1.58729528851e-05,0.00165475533827,0.0,7.93647644255e-06,5.95235733192e-05,0.00171031067337,0.000107142431974,1.19047146638e-05,1.98411911064e-05,1.58729528851e-05,0.0,3.96823822128e-05,0.0021071344955,0.00137301042456,4.76188586553e-05,0.00394442879195,1.58729528851e-05,1.98411911064e-05,0.0,1.19047146638e-05,0.00290475037797,0.00231745112123,0.00384919107464,0.000662695782953,0.00337697072631,1.19047146638e-05,0.00220634045103,0.00108729727263,3.96823822128e-06,0.00225395930969,1.19047146638e-05,0.000956345411328,0.00118253498994,2.38094293277e-05,3.17459057702e-05,0.00124602680148,7.93647644255e-06,0.0016785647676,0.00160713647962,0.00251983127051,0.00168253300582,0.00208332506617,0.00314284467125,0.00331744715299,0.000595235733192,3.96823822128e-06,0.00282935385177,7.93647644255e-06,7.93647644255e-06,0.00361506501958,3.57141439915e-05,3.96823822128e-05,1.98411911064e-05,0.0,0.000968250125992,0.000575394542085,1.58729528851e-05,0.00283332208999,0.00258332308205,3.96823822128e-06,5.15870968766e-05,0.00243253002964,0.000182538958179,0.00391268288618,0.00237300645632,0.00208729330439,0.00236110174166,1.98411911064e-05,0.0,0.00211507097194,1.58729528851e-05,0.00279363970778,0.00113491613129,0.00195634144309,0.00052777568343,1.58729528851e-05,3.57141439915e-05,0.000103174193753,3.96823822128e-06,0.000825393550026,4.3650620434e-05,1.58729528851e-05,1.98411911064e-05,0.0,1.19047146638e-05,9.92059555319e-05,1.58729528851e-05,0.00353173201694,0.00252379950873,0.00365077916357,0.00396030174483,7.1428287983e-05,0.0,0.00247221241186,7.93647644255e-06,0.000115078908417,0.0,0.00313490819481,7.93647644255e-06,0.0030952258126,0.0,0.00334522482054,7.93647644255e-06,0.000603172209634,0.00396426998306,0.000658727544732,0.00331347891477,0.00266268784648,0.00203173796929,0.0,0.0,1.19047146638e-05,0.00371823921334,0.000515870968766,0.000210316625728,9.12694790894e-05,0.0,3.96823822128e-06,0.00363490621069,0.000769838214928,3.96823822128e-06,0.000765869976706,5.95235733192e-05,0.0,0.00189681786977,0.00366665211646,7.93647644255e-06,0.000285713151932,0.0,0.00320236824457,0.00043650620434,0.00324205062678,0.000285713151932
Gen 252
string_,string_rot,integer_swap,exec_sho,integer_gte,boolean_shove,boolean_and,string_pop,exec_eq,string_yankd,string_parse_to_chars,integer_lt,string_stackdepth,exec_do*whi,char_r,char_p,boolean_sw,integer_sho,boolean_invert_second_then_a,print_integ,char_iswhitespace,string_removechar,exec_emp,string_first,string_conc,string_yank,string_concat,string_setchar,exec_yankd,string_length,string_replacefirstch,char_d,integer_eq,exec_do*tim,string_emptystri,string_reverse,exec_yankdup,string_repla,exec_,char_ya,integer_mu,string_replacech,boolean_yankd,char_isletter,integer_add,string_empty,char_isdigit,print_integer,exec_shove,integer_fromstri,string_conjchar,boolean_or,boolean_empty,exec_wh,string_fromchar,integer_yankd,exec_do*while,integer_rot,string_rest,boolean_flu,integer_stackdep,char_iswhitespa,char_allfromstring,boolean_,char_allfromstri,exec_stackdepth,exec_do*range,char_shove,char_stackdep,string_removech,exec_stackdep,boolean_sho,string_indexofch,string_stackdep,string_leng,print_ch,integer_mult,boolean_xor,boolean_yankdup,integer_min,string_emp,integer_fromch,exec_yank,char_stackdepth,char_sw,integer_fromboole,string_replace,integer_div,string_replacefirst,boolean_frominteger,string_butla,char_isdig,integer_flush,integer_,string_yankdup,char_flu,print_exec,integer_yank,boolean_frominteg,string_emptystring,char_yankd,boolean_ya,string_swap,print_ex,exec_d,integer_max,char_swap,string_contains,char_empty,exec_dup,exec_k,string_frominteg,exec_noop,exec_p,exec_r,exec_s,string_sho,integer_flu,exec_y,boolean_rot,boolean_a,integer_ya,exec_ya,boolean_invert_first_then_a,string_spl,string_occurrencesofch,integer_yankdup,string_replacechar,char_sho,string_fromboolean,print_stri,exec_string_itera,print_newli,string_ta,string_replacefirstchar,string_substring,boolean_stackdepth,string_shove,string_containschar,exec_do*ran,char_yankdup,char_yank,integer_sw,exec_do*times,string_fromch,integer_shove,exec_if,exec_whi,integer_g,char_frominteger,char_frominteg,boolean_dup,string_eq,boolean_not,char_eq,boolean_flush,boolean_pop,string_butlast,exec_swap,string_replacefir,boolean_swap,exec_sw,string_n,print_string,exec_flush,print_newline,integer_a,string_d,string_dup,string_frominteger,string_contai,integer_mod,exec_do*count,string_fir,string_r,integer_fromchar,string_p,integer_inc,boolean_invert_first_then_and,integer_fromstring,exec_rot,integer_m,boolean_d,char_rot,exec_do*cou,string_take,exec_string_iterate,string_split,integer_pop,boolean_n,string_re,boolean_p,boolean_r,exec_pop,string_sw,boolean_x,boolean_emp,string_la,char_emp,boolean_stackdep,string_parse_to_cha,print_char,integer_dup,boolean_invert_second_then_and,integer_sub,string_setch,exec_no,boolean_yank,char_islett,string_ya,string_flu,integer_stackdepth,integer_emp,integer_dec,print_boole,integer_gt,exec,string_indexofchar,in1,char_dup,char_flush,char_pop,integer_lte,string_conjch,exec_flu,string_containsch,boolean_eq,string_flush,print_boolean,integer_d,string_rever,char_,exec_empty,string_last,integer_l,exec_when,integer_i,string_substri,string_nth,string_occurrencesofchar,integer_r,integer_s,integer_p,exec_while,integer_fromboolean,integer_empty,string_fromboole
7.90510709444e-06,0.00394860099367,0.00311065964166,0.000134386820605,0.00290117430366,0.00245453575282,0.0014150141699,0.00327666689064,0.00249801384184,1.18576606417e-05,0.00389326524401,0.00101580626164,0.00196441911297,3.95255354722e-06,2.37153212833e-05,3.95255354722e-06,3.95255354722e-06,0.0,8.69561780388e-05,0.0,0.00179050675689,0.00135177331315,1.18576606417e-05,0.000438733443741,0.0,0.00130039011704,0.0019248935775,0.00304741878491,9.0908731586e-05,0.00395255354722,2.76678748305e-05,3.95255354722e-06,0.00268773641211,3.95255354722e-06,0.0,0.00388536013692,0.00345057924672,0.000114624052869,3.16204283778e-05,3.95255354722e-06,1.18576606417e-05,3.95255354722e-06,2.76678748305e-05,0.00388536013692,0.00156916375825,0.00139920395572,0.00352963031767,0.000826083691369,0.00316599539132,3.95255354722e-06,0.000703554531405,0.00332409753321,0.00172726590013,3.95255354722e-06,0.00199603954135,1.58102141889e-05,0.00304741878491,0.00116995584998,0.00324109390872,0.0,5.13831961138e-05,3.95255354722e-06,0.00208694827293,6.32408567555e-05,1.97627677361e-05,0.00207904316584,0.00215809423678,0.00244663064573,1.18576606417e-05,7.11459638499e-05,0.000185770016719,0.0,3.95255354722e-06,3.95255354722e-06,0.000130434267058,6.32408567555e-05,0.000664028995933,0.00236362702124,0.00320947348034,0.00169169291821,0.0,2.76678748305e-05,0.00356125074604,0.00222924020063,1.97627677361e-05,3.95255354722e-06,0.00374306820922,0.00225295552191,0.00199999209489,0.00154544843696,5.53357496611e-05,1.97627677361e-05,0.00228852850384,0.000150197034794,0.00278655025079,0.000181817463172,2.37153212833e-05,0.00390512290465,3.95255354722e-06,0.000272726194758,1.18576606417e-05,0.0,0.00393279077948,0.0,7.90510709444e-06,0.0005691677108,0.00290512685721,0.00303160857072,0.00273516705468,0.00203161252327,0.00186560527429,1.18576606417e-05,0.00296836771396,7.90510709444e-06,0.0,0.0017826016498,3.95255354722e-06,1.18576606417e-05,4.74306425666e-05,0.00170355057885,5.13831961138e-05,2.37153212833e-05,1.18576606417e-05,2.76678748305e-05,3.95255354722e-06,2.37153212833e-05,0.00199999209489,0.00151382800858,5.13831961138e-05,0.00392488567239,1.58102141889e-05,1.58102141889e-05,0.0,3.95255354722e-06,0.00290907941075,0.00237548468188,0.00377073608405,0.000849799012652,0.00342686392544,2.37153212833e-05,0.00203556507682,0.00130829522413,0.0,0.00228062339675,0.0,0.00107904711839,0.00109485733258,4.34780890194e-05,1.58102141889e-05,0.00126876968866,7.90510709444e-06,0.00173912356078,0.00159287907953,0.00229248105739,0.00151382800858,0.00228457595029,0.00301184580298,0.00328852455129,0.000529642175327,3.95255354722e-06,0.00290907941075,7.90510709444e-06,0.0,0.00351382010348,6.32408567555e-05,2.76678748305e-05,7.90510709444e-06,0.0,0.000928850083597,0.000612645799819,1.18576606417e-05,0.00289722175011,0.0027035466263,0.0,5.92883032083e-05,0.00243477298509,9.88138386805e-05,0.00387745502982,0.00224505041482,0.00200394464844,0.00254149193086,1.97627677361e-05,0.0,0.00210275848712,1.97627677361e-05,0.00290117430366,0.00124110181383,0.00179841186398,0.000581025371441,1.58102141889e-05,1.97627677361e-05,0.000114624052869,0.0,0.000695649424311,3.95255354722e-05,7.90510709444e-06,3.5572981925e-05,0.0,1.58102141889e-05,0.000138339374153,2.76678748305e-05,0.0035572981925,0.00262054300181,0.00356915585314,0.00394860099367,1.97627677361e-05,0.0,0.00258497001988,1.18576606417e-05,0.000110671499322,0.0,0.00315413773068,7.90510709444e-06,0.0029881304817,0.0,0.00340314860416,7.90510709444e-06,0.000537547282422,0.00395255354722,0.000636361121102,0.00326876178355,0.00247034596701,0.00224109786127,0.0,0.0,5.53357496611e-05,0.0036916850131,0.000513831961138,0.000217390445097,0.000110671499322,1.58102141889e-05,3.95255354722e-06,0.00359287117442,0.000897229655219,7.90510709444e-06,0.000893277101672,5.53357496611e-05,1.18576606417e-05,0.00185374761365,0.00373911565567,3.95255354722e-06,0.000276678748305,0.0,0.00317390049842,0.000466401318572,0.00322528369453,0.000268773641211
Gen 253
string_,string_rot,integer_swap,exec_sho,integer_gte,boolean_shove,boolean_and,string_pop,exec_eq,string_yankd,string_parse_to_chars,integer_lt,string_stackdepth,exec_do*whi,char_r,char_p,boolean_sw,integer_sho,boolean_invert_second_then_a,print_integ,char_iswhitespace,string_removechar,exec_emp,string_first,string_conc,string_yank,string_concat,string_setchar,exec_yankd,string_length,string_replacefirstch,char_d,integer_eq,exec_do*tim,string_emptystri,string_reverse,exec_yankdup,string_repla,exec_,char_ya,integer_mu,string_replacech,boolean_yankd,char_isletter,integer_add,string_empty,char_isdigit,print_integer,exec_shove,integer_fromstri,string_conjchar,boolean_or,boolean_empty,exec_wh,string_fromchar,integer_yankd,exec_do*while,integer_rot,string_rest,boolean_flu,integer_stackdep,char_iswhitespa,char_allfromstring,boolean_,char_allfromstri,exec_stackdepth,exec_do*range,char_shove,char_stackdep,string_removech,exec_stackdep,boolean_sho,string_indexofch,string_stackdep,string_leng,print_ch,integer_mult,boolean_xor,boolean_yankdup,integer_min,string_emp,integer_fromch,exec_yank,char_stackdepth,char_sw,integer_fromboole,string_replace,integer_div,string_replacefirst,boolean_frominteger,string_butla,char_isdig,integer_flush,integer_,string_yankdup,char_flu,print_exec,integer_yank,boolean_frominteg,string_emptystring,char_yankd,boolean_ya,string_swap,print_ex,exec_d,integer_max,char_swap,string_contains,char_empty,exec_dup,exec_k,string_frominteg,exec_noop,exec_p,exec_r,exec_s,string_sho,integer_flu,exec_y,boolean_rot,boolean_a,integer_ya,exec_ya,boolean_invert_first_then_a,string_spl,string_occurrencesofch,integer_yankdup,string_replacechar,char_sho,string_fromboolean,print_stri,exec_string_itera,print_newli,string_ta,string_replacefirstchar,string_substring,boolean_stackdepth,string_shove,string_containschar,exec_do*ran,char_yankdup,char_yank,integer_sw,exec_do*times,string_fromch,integer_shove,exec_if,exec_whi,integer_g,char_frominteger,char_frominteg,boolean_dup,string_eq,boolean_not,char_eq,boolean_flush,boolean_pop,string_butlast,exec_swap,string_replacefir,boolean_swap,exec_sw,string_n,print_string,exec_flush,print_newline,integer_a,string_d,string_dup,string_frominteger,string_contai,integer_mod,exec_do*count,string_fir,string_r,integer_fromchar,string_p,integer_inc,boolean_invert_first_then_and,integer_fromstring,exec_rot,integer_m,boolean_d,char_rot,exec_do*cou,string_take,exec_string_iterate,string_split,integer_pop,boolean_n,string_re,boolean_p,boolean_r,exec_pop,string_sw,boolean_x,boolean_emp,string_la,char_emp,boolean_stackdep,string_parse_to_cha,print_char,integer_dup,boolean_invert_second_then_and,integer_sub,string_setch,exec_no,boolean_yank,char_islett,string_ya,string_flu,integer_stackdepth,integer_emp,integer_dec,print_boole,integer_gt,exec,string_indexofchar,in1,char_dup,char_flush,char_pop,integer_lte,string_conjch,exec_flu,string_containsch,boolean_eq,string_flush,print_boolean,integer_d,string_rever,char_,exec_empty,string_last,integer_l,exec_when,integer_i,string_substri,string_nth,string_occurrencesofchar,integer_r,integer_s,integer_p,exec_while,integer_fromboolean,integer_empty,string_fromboole
3.93699237405e-06,0.00393699237405,0.0029881772119,0.000133857740718,0.00290550037205,0.00232676249306,0.00148424612502,0.0032913256247,0.00256691902788,3.93699237405e-06,0.00386612651131,0.00101180704013,0.00201574009551,3.93699237405e-06,1.18109771221e-05,7.87398474809e-06,3.93699237405e-06,0.0,5.11809008626e-05,0.0,0.00198424415652,0.00135826236905,0.0,0.000397636229779,0.0,0.00124802658257,0.00187794536242,0.00299605119665,5.11809008626e-05,0.00393699237405,4.33069161145e-05,0.0,0.00258660398975,0.0,0.0,0.00385037854182,0.0034881752434,0.000200786611076,1.57479694962e-05,7.87398474809e-06,7.87398474809e-06,7.87398474809e-06,5.11809008626e-05,0.00385825252656,0.0015314900335,0.00139763229279,0.0035196711824,0.00082676839855,0.00303935811276,0.0,0.000763776520565,0.00329919960945,0.00149999409451,0.0,0.00196062220227,1.57479694962e-05,0.00293699631104,0.00133857740718,0.0031850268306,0.0,7.48028551069e-05,3.93699237405e-06,0.00198030716415,2.75589466183e-05,1.57479694962e-05,0.00209447994299,0.00218109377522,0.00240156534817,0.0,4.72439084885e-05,0.000208660595824,0.0,3.93699237405e-06,7.87398474809e-06,0.000118109771221,7.48028551069e-05,0.000649603741718,0.00241337632529,0.00308660202125,0.00168109574372,0.0,5.11809008626e-05,0.0035039232129,0.00224014866083,2.36219542443e-05,0.0,0.00375195373247,0.00229526655407,0.0019409372404,0.0015629859725,2.36219542443e-05,1.96849618702e-05,0.00227951858457,0.000169290672084,0.00272046173047,0.000129920748344,5.90548856107e-05,0.00389368545793,1.18109771221e-05,0.000433069161145,7.87398474809e-06,3.93699237405e-06,0.00392518139692,0.0,1.57479694962e-05,0.000503935023878,0.00300786217377,0.00303542112039,0.00282282353219,0.00205904701163,0.00188581934717,7.87398474809e-06,0.00291731134917,3.93699237405e-06,3.93699237405e-06,0.00187794536242,3.93699237405e-06,0.0,8.6613832229e-05,0.00190156731666,7.48028551069e-05,2.75589466183e-05,1.57479694962e-05,3.93699237405e-06,3.93699237405e-06,0.0,0.00198818114889,0.00134645139192,3.93699237405e-05,0.00390155944268,7.87398474809e-06,7.87398474809e-06,0.0,2.36219542443e-05,0.00283857150169,0.0024724312109,0.00376770170196,0.00088582328416,0.00331101058657,1.57479694962e-05,0.00210235392774,0.0010472399715,3.93699237405e-06,0.00209447994299,7.87398474809e-06,0.000976374108763,0.00109448387998,2.75589466183e-05,3.93699237405e-06,0.00142125424703,3.93699237405e-06,0.00181495348444,0.00149212010976,0.00237400640155,0.0014251912394,0.00203936204976,0.00298424021953,0.00319683780773,0.00033070735942,0.0,0.00296061826528,0.0,3.93699237405e-06,0.0034133723883,3.14959389924e-05,5.51178932366e-05,3.93699237405e-06,3.93699237405e-06,0.00107479891811,0.00055511592474,1.57479694962e-05,0.00305510608226,0.00267321782198,3.93699237405e-06,2.36219542443e-05,0.00246062023378,0.000137794733092,0.00387006350369,0.00228739256932,0.00210235392774,0.00252754910414,1.18109771221e-05,0.0,0.00207479498112,7.87398474809e-06,0.00287006744068,0.00149999409451,0.00180314250731,0.00053543096287,3.54329313664e-05,3.93699237405e-05,9.44878169771e-05,3.93699237405e-06,0.000704721634954,3.54329313664e-05,1.18109771221e-05,5.51178932366e-05,0.0,1.57479694962e-05,9.44878169771e-05,3.54329313664e-05,0.00356297809851,0.00261022594399,0.00362990696887,0.0039291183893,3.54329313664e-05,3.93699237405e-06,0.00260628895162,1.57479694962e-05,9.84248093511e-05,0.0,0.00316927886111,2.36219542443e-05,0.00298424021953,0.0,0.00338187644931,7.87398474809e-06,0.000590548856107,0.00393699237405,0.000759839528191,0.00323227073909,0.00238581737867,0.00203936204976,7.87398474809e-06,0.0,6.69288703588e-05,0.00363778095362,0.000539367955244,0.000181101649206,0.000110235786473,1.18109771221e-05,1.18109771221e-05,0.00359841102988,0.000929130200275,1.57479694962e-05,0.000901571253656,0.000125983755969,3.93699237405e-06,0.00186219739292,0.00372439478585,3.93699237405e-06,0.000244093527191,3.93699237405e-06,0.00324014472384,0.000362203298412,0.00323227073909,0.000307085405176
Gen 254
string_,string_rot,integer_swap,exec_sho,integer_gte,boolean_shove,boolean_and,string_pop,exec_eq,string_yankd,string_parse_to_chars,integer_lt,string_stackdepth,exec_do*whi,char_r,char_p,boolean_sw,integer_sho,boolean_invert_second_then_a,print_integ,char_iswhitespace,string_removechar,exec_emp,string_first,string_conc,string_yank,string_concat,string_setchar,exec_yankd,string_length,string_replacefirstch,char_d,integer_eq,exec_do*tim,string_emptystri,string_reverse,exec_yankdup,string_repla,exec_,char_ya,integer_mu,string_replacech,boolean_yankd,char_isletter,integer_add,string_empty,char_isdigit,print_integer,exec_shove,integer_fromstri,string_conjchar,boolean_or,boolean_empty,exec_wh,string_fromchar,integer_yankd,exec_do*while,integer_rot,string_rest,boolean_flu,integer_stackdep,char_iswhitespa,char_allfromstring,boolean_,char_allfromstri,exec_stackdepth,exec_do*range,char_shove,char_stackdep,string_removech,exec_stackdep,boolean_sho,string_indexofch,string_stackdep,string_leng,print_ch,integer_mult,boolean_xor,boolean_yankdup,integer_min,string_emp,integer_fromch,exec_yank,char_stackdepth,char_sw,integer_fromboole,string_replace,integer_div,string_replacefirst,boolean_frominteger,string_butla,char_isdig,integer_flush,integer_,string_yankdup,char_flu,print_exec,integer_yank,boolean_frominteg,string_emptystring,char_yankd,boolean_ya,string_swap,print_ex,exec_d,integer_max,char_swap,string_contains,char_empty,exec_dup,exec_k,string_frominteg,exec_noop,exec_p,exec_r,exec_s,string_sho,integer_flu,exec_y,boolean_rot,boolean_a,integer_ya,exec_ya,boolean_invert_first_then_a,string_spl,string_occurrencesofch,integer_yankdup,string_replacechar,char_sho,string_fromboolean,print_stri,exec_string_itera,print_newli,string_ta,string_replacefirstchar,string_substring,boolean_stackdepth,string_shove,string_containschar,exec_do*ran,char_yankdup,char_yank,integer_sw,exec_do*times,string_fromch,integer_shove,exec_if,exec_whi,integer_g,char_frominteger,char_frominteg,boolean_dup,string_eq,boolean_not,char_eq,boolean_flush,boolean_pop,string_butlast,exec_swap,string_replacefir,boolean_swap,exec_sw,string_n,print_string,exec_flush,print_newline,integer_a,string_d,string_dup,string_frominteger,string_contai,integer_mod,exec_do*count,string_fir,string_r,integer_fromchar,string_p,integer_inc,boolean_invert_first_then_and,integer_fromstring,exec_rot,integer_m,boolean_d,char_rot,exec_do*cou,string_take,exec_string_iterate,string_split,integer_pop,boolean_n,string_re,boolean_p,boolean_r,exec_pop,string_sw,boolean_x,boolean_emp,string_la,char_emp,boolean_stackdep,string_parse_to_cha,print_char,integer_dup,boolean_invert_second_then_and,integer_sub,string_setch,exec_no,boolean_yank,char_islett,string_ya,string_flu,integer_stackdepth,integer_emp,integer_dec,print_boole,integer_gt,exec,string_indexofchar,in1,char_dup,char_flush,char_pop,integer_lte,string_conjch,exec_flu,string_containsch,boolean_eq,string_flush,print_boolean,integer_d,string_rever,char_,exec_empty,string_last,integer_l,exec_when,integer_i,string_substri,string_nth,string_occurrencesofchar,integer_r,integer_s,integer_p,exec_while,integer_fromboolean,integer_empty,string_fromboole
1.17646597464e-05,0.00392155324881,0.00287842008463,0.000152940576704,0.00301175289509,0.002458813887,0.00170979721648,0.00326665385626,0.00252940184548,3.92155324881e-06,0.00385488684358,0.000968623652456,0.00198038439065,3.92155324881e-06,1.17646597464e-05,3.92155324881e-06,7.84310649762e-06,3.92155324881e-06,4.31370857369e-05,3.92155324881e-06,0.00187450245293,0.00137646519033,7.84310649762e-06,0.000403919984628,0.0,0.00119999529414,0.00194901196466,0.0029568511496,7.84310649762e-05,0.00392155324881,1.96077662441e-05,0.0,0.0026509699962,2.35293194929e-05,0.0,0.0037999850981,0.0034548884122,0.000152940576704,7.84310649762e-06,7.84310649762e-06,0.0,3.92155324881e-06,4.70586389857e-05,0.0038078282046,0.00132940655135,0.00145097470206,0.0034548884122,0.00089019258748,0.00292547872361,1.17646597464e-05,0.000799996862757,0.00324312453677,0.00154117042678,7.84310649762e-06,0.00190195332567,3.92155324881e-05,0.00303528221458,0.00127450480586,0.00319214434453,7.84310649762e-06,3.13724259905e-05,1.17646597464e-05,0.00196469817765,4.70586389857e-05,1.17646597464e-05,0.00203136458288,0.00236469660903,0.00254508805848,3.92155324881e-06,6.66664052298e-05,6.66664052298e-05,7.84310649762e-06,0.0,1.17646597464e-05,0.000180391449445,0.000113725044216,0.000533331241838,0.00240783369477,0.00309410551331,0.00186273779319,0.0,6.2744851981e-05,0.00345880996545,0.00225097156482,1.96077662441e-05,7.84310649762e-06,0.00371763247987,0.00230195175705,0.00191371798542,0.00143528848906,1.56862129952e-05,3.92155324881e-06,0.00230979486355,0.000109803490967,0.00273332261442,9.41172779715e-05,3.52939792393e-05,0.00385488684358,7.84310649762e-06,0.000423527750872,3.92155324881e-06,0.0,0.00390978858906,0.0,1.96077662441e-05,0.000580389880824,0.00293332183011,0.00299606668209,0.00290587095737,0.00203528613613,0.00194509041141,0.0,0.00300783134184,0.0,1.17646597464e-05,0.00181960070745,0.0,1.56862129952e-05,0.000109803490967,0.00185881623994,7.45095117274e-05,1.96077662441e-05,1.96077662441e-05,7.84310649762e-06,0.0,1.17646597464e-05,0.00202352147639,0.00134509276434,6.2744851981e-05,0.00389018082282,7.84310649762e-06,0.0,0.0,2.35293194929e-05,0.00284704765864,0.00255293116498,0.0037842988851,0.000901957247226,0.00322351677052,1.56862129952e-05,0.00199999215689,0.00107842714342,3.92155324881e-06,0.0021294034141,3.92155324881e-06,0.00112548578241,0.00110979956941,3.52939792393e-05,3.13724259905e-05,0.00128626946561,1.17646597464e-05,0.00167058168399,0.00145489625531,0.00249410786624,0.00137646519033,0.0021294034141,0.00291371406387,0.00329802628225,0.000337253579398,0.0,0.00299606668209,3.92155324881e-06,1.17646597464e-05,0.00342351598621,3.13724259905e-05,0.000105881937718,7.84310649762e-06,0.0,0.00121175995388,0.000749016670523,3.13724259905e-05,0.00308626240681,0.0024823432065,3.92155324881e-06,3.52939792393e-05,0.00241959835452,0.000149019023455,0.00384312218383,0.00225881467132,0.00218038360634,0.00252155873899,3.92155324881e-05,3.92155324881e-06,0.00216469739334,1.56862129952e-05,0.00292940027686,0.00130587723185,0.00188234555943,0.000556860561331,1.96077662441e-05,1.96077662441e-05,0.000117646597464,0.0,0.000643134732805,3.92155324881e-05,1.17646597464e-05,3.92155324881e-05,0.0,7.84310649762e-06,9.41172779715e-05,2.35293194929e-05,0.00354116258368,0.00280783212615,0.00360782898891,0.00392155324881,3.13724259905e-05,1.56862129952e-05,0.00261567601696,0.0,9.80388312203e-05,0.0,0.00328234006925,7.84310649762e-06,0.00298822357559,0.0,0.00343920219921,0.0,0.000529409688589,0.00392155324881,0.000650977839303,0.00324704609002,0.00221959913883,0.00212156030761,3.92155324881e-06,0.0,8.62741714738e-05,0.00369018160713,0.000529409688589,0.00016470523645,8.62741714738e-05,3.92155324881e-06,3.92155324881e-06,0.00352939792393,0.000741173564025,1.17646597464e-05,0.000909800353724,0.000125489703962,3.92155324881e-06,0.00175685585547,0.00367449539414,0.0,0.00026274406767,7.84310649762e-06,0.00324704609002,0.000372547558637,0.00310587017306,0.000309802706656
Gen 255
string_,string_rot,integer_swap,exec_sho,integer_gte,boolean_shove,boolean_and,string_pop,exec_eq,string_yankd,string_parse_to_chars,integer_lt,string_stackdepth,exec_do*whi,char_r,char_p,boolean_sw,integer_sho,boolean_invert_second_then_a,print_integ,char_iswhitespace,string_removechar,exec_emp,string_first,string_conc,string_yank,string_concat,string_setchar,exec_yankd,string_length,string_replacefirstch,char_d,integer_eq,exec_do*tim,string_emptystri,string_reverse,exec_yankdup,string_repla,exec_,char_ya,integer_mu,string_replacech,boolean_yankd,char_isletter,integer_add,string_empty,char_isdigit,print_integer,exec_shove,integer_fromstri,string_conjchar,boolean_or,boolean_empty,exec_wh,string_fromchar,integer_yankd,exec_do*while,integer_rot,string_rest,boolean_flu,integer_stackdep,char_iswhitespa,char_allfromstring,boolean_,char_allfromstri,exec_stackdepth,exec_do*range,char_shove,char_stackdep,string_removech,exec_stackdep,boolean_sho,string_indexofch,string_stackdep,string_leng,print_ch,integer_mult,boolean_xor,boolean_yankdup,integer_min,string_emp,integer_fromch,exec_yank,char_stackdepth,char_sw,integer_fromboole,string_replace,integer_div,string_replacefirst,boolean_frominteger,string_butla,char_isdig,integer_flush,integer_,string_yankdup,char_flu,print_exec,integer_yank,boolean_frominteg,string_emptystring,char_yankd,boolean_ya,string_swap,print_ex,exec_d,integer_max,char_swap,string_contains,char_empty,exec_dup,exec_k,string_frominteg,exec_noop,exec_p,exec_r,exec_s,string_sho,integer_flu,exec_y,boolean_rot,boolean_a,integer_ya,exec_ya,boolean_invert_first_then_a,string_spl,string_occurrencesofch,integer_yankdup,string_replacechar,char_sho,string_fromboolean,print_stri,exec_string_itera,print_newli,string_ta,string_replacefirstchar,string_substring,boolean_stackdepth,string_shove,string_containschar,exec_do*ran,char_yankdup,char_yank,integer_sw,exec_do*times,string_fromch,integer_shove,exec_if,exec_whi,integer_g,char_frominteger,char_frominteg,boolean_dup,string_eq,boolean_not,char_eq,boolean_flush,boolean_pop,string_butlast,exec_swap,string_replacefir,boolean_swap,exec_sw,string_n,print_string,exec_flush,print_newline,integer_a,string_d,string_dup,string_frominteger,string_contai,integer_mod,exec_do*count,string_fir,string_r,integer_fromchar,string_p,integer_inc,boolean_invert_first_then_and,integer_fromstring,exec_rot,integer_m,boolean_d,char_rot,exec_do*cou,string_take,exec_string_iterate,string_split,integer_pop,boolean_n,string_re,boolean_p,boolean_r,exec_pop,string_sw,boolean_x,boolean_emp,string_la,char_emp,boolean_stackdep,string_parse_to_cha,print_char,integer_dup,boolean_invert_second_then_and,integer_sub,string_setch,exec_no,boolean_yank,char_islett,string_ya,string_flu,integer_stackdepth,integer_emp,integer_dec,print_boole,integer_gt,exec,string_indexofchar,in1,char_dup,char_flush,char_pop,integer_lte,string_conjch,exec_flu,string_containsch,boolean_eq,string_flush,print_boolean,integer_d,string_rever,char_,exec_empty,string_last,integer_l,exec_when,integer_i,string_substri,string_nth,string_occurrencesofchar,integer_r,integer_s,integer_p,exec_while,integer_fromboolean,integer_empty,string_fromboole
3.90623474127e-06,0.00390623474127,0.00279686407475,0.000128905746462,0.0029999882813,0.0022617099152,0.00149218167117,0.00327342471318,0.00258983363346,7.81246948254e-06,0.00385935992438,0.00104296467592,0.00182421162417,1.17187042238e-05,1.95311737064e-05,7.81246948254e-06,0.0,3.90623474127e-06,4.68748168952e-05,3.90623474127e-06,0.0018554615021,0.00119921406557,3.90623474127e-06,0.000382811004645,3.90623474127e-06,0.00121874523928,0.00194921113589,0.00296092593388,0.000124999511721,0.00390623474127,2.34374084476e-05,7.81246948254e-06,0.00267577079777,1.17187042238e-05,0.0,0.00376170405584,0.00336326811223,0.000195311737064,2.34374084476e-05,7.81246948254e-06,1.17187042238e-05,7.81246948254e-06,4.2968582154e-05,0.00381248510748,0.0012773387604,0.001343744751,0.00348045515447,0.000894527755751,0.00280858277897,7.81246948254e-06,0.00085937164308,0.00325389353948,0.00142577568056,7.81246948254e-06,0.00188671138003,3.51561126714e-05,0.003019519455,0.00113280807497,0.00316014390569,3.90623474127e-06,3.12498779302e-05,0.0,0.00188671138003,5.46872863778e-05,3.51561126714e-05,0.00189061761477,0.00242186553959,0.00253124011234,0.0,8.20309295667e-05,3.51561126714e-05,3.90623474127e-06,0.0,1.56249389651e-05,0.00015234315491,7.81246948254e-05,0.000441404525764,0.00235936578373,0.00312498779302,0.00171874328616,0.0,1.17187042238e-05,0.00338670552068,0.00231639720157,3.90623474127e-06,0.0,0.00371482923895,0.00230858473209,0.00200780465701,0.00145702555849,2.34374084476e-05,1.95311737064e-05,0.00227733485416,0.000124999511721,0.00280077030949,8.5937164308e-05,1.56249389651e-05,0.00385154745489,2.34374084476e-05,0.000355467361456,7.81246948254e-06,0.0,0.00390232850653,0.0,1.95311737064e-05,0.000546872863778,0.00290233241276,0.00285936383061,0.00272264561467,0.0020351483002,0.00188671138003,1.56249389651e-05,0.00296483216862,0.0,1.17187042238e-05,0.0016562435303,0.0,3.90623474127e-06,8.20309295667e-05,0.00189843008426,9.76558685318e-05,3.12498779302e-05,1.56249389651e-05,3.90623474127e-06,7.81246948254e-06,3.90623474127e-06,0.00205858570865,0.00137499462893,5.85935211191e-05,0.00387498486334,1.56249389651e-05,7.81246948254e-06,0.0,1.56249389651e-05,0.00273045808415,0.00262108351139,0.00374217288214,0.000878902816786,0.00318358131414,1.17187042238e-05,0.00191796125796,0.0010312459717,0.0,0.00208983558658,7.81246948254e-06,0.00114452677919,0.00105858961488,1.17187042238e-05,2.73436431889e-05,0.00129296369936,0.0,0.00166014976504,0.00142968191531,0.00245311541752,0.00126952629091,0.00208983558658,0.00296873840337,0.00313670649724,0.000371092300421,0.0,0.00289842617802,0.0,7.81246948254e-06,0.00342186163335,1.95311737064e-05,5.07810516365e-05,3.90623474127e-06,3.90623474127e-06,0.00115233924867,0.000542966629037,1.17187042238e-05,0.00301561322026,0.00247655282597,0.0,3.51561126714e-05,0.00245702165226,0.000128905746462,0.00378514146429,0.00221092886356,0.00218749145511,0.00239842813114,4.2968582154e-05,7.81246948254e-06,0.00217577275089,1.56249389651e-05,0.0028867074738,0.00119921406557,0.00189843008426,0.000445310760505,6.64059906016e-05,3.51561126714e-05,0.000109374572756,0.0,0.000585935211191,5.85935211191e-05,7.81246948254e-06,4.2968582154e-05,0.0,1.17187042238e-05,5.07810516365e-05,2.34374084476e-05,0.00349608009344,0.00261327104191,0.00351951750188,0.00389842227179,4.2968582154e-05,3.90623474127e-06,0.00255077128605,1.17187042238e-05,8.98433990492e-05,0.0,0.00326170600896,1.95311737064e-05,0.00285155136113,3.90623474127e-06,0.0035117050324,1.17187042238e-05,0.00046093569947,0.00390623474127,0.000496091812141,0.00328514341741,0.00215624157718,0.00219139768985,3.90623474127e-06,0.0,2.73436431889e-05,0.00367967312628,0.000414060882575,0.000156249389651,8.98433990492e-05,3.90623474127e-06,7.81246948254e-06,0.00360936090093,0.000667966140757,7.81246948254e-06,0.000914058929457,0.000156249389651,7.81246948254e-06,0.00183983656314,0.00366795442205,3.90623474127e-06,0.000316405014043,3.90623474127e-06,0.00322654989629,0.00039843594361,0.00303905062871,0.000269530197148
Gen 256
string_,string_rot,integer_swap,exec_sho,integer_gte,boolean_shove,boolean_and,string_pop,exec_eq,string_yankd,string_parse_to_chars,integer_lt,string_stackdepth,exec_do*whi,char_r,char_p,boolean_sw,integer_sho,boolean_invert_second_then_a,print_integ,char_iswhitespace,string_removechar,exec_emp,string_first,string_conc,string_yank,string_concat,string_setchar,exec_yankd,string_length,string_replacefirstch,char_d,integer_eq,exec_do*tim,string_emptystri,string_reverse,exec_yankdup,string_repla,exec_,char_ya,integer_mu,string_replacech,boolean_yankd,char_isletter,integer_add,string_empty,char_isdigit,print_integer,exec_shove,integer_fromstri,string_conjchar,boolean_or,boolean_empty,exec_wh,string_fromchar,integer_yankd,exec_do*while,integer_rot,string_rest,boolean_flu,integer_stackdep,char_iswhitespa,char_allfromstring,boolean_,char_allfromstri,exec_stackdepth,exec_do*range,char_shove,char_stackdep,string_removech,exec_stackdep,boolean_sho,string_indexofch,string_stackdep,string_leng,print_ch,integer_mult,boolean_xor,boolean_yankdup,integer_min,string_emp,integer_fromch,exec_yank,char_stackdepth,char_sw,integer_fromboole,string_replace,integer_div,string_replacefirst,boolean_frominteger,string_butla,char_isdig,integer_flush,integer_,string_yankdup,char_flu,print_exec,integer_yank,boolean_frominteg,string_emptystring,char_yankd,boolean_ya,string_swap,print_ex,exec_d,integer_max,char_swap,string_contains,char_empty,exec_dup,exec_k,string_frominteg,exec_noop,exec_p,exec_r,exec_s,string_sho,integer_flu,exec_y,boolean_rot,boolean_a,integer_ya,exec_ya,boolean_invert_first_then_a,string_spl,string_occurrencesofch,integer_yankdup,string_replacechar,char_sho,string_fromboolean,print_stri,exec_string_itera,print_newli,string_ta,string_replacefirstchar,string_substring,boolean_stackdepth,string_shove,string_containschar,exec_do*ran,char_yankdup,char_yank,integer_sw,exec_do*times,string_fromch,integer_shove,exec_if,exec_whi,integer_g,char_frominteger,char_frominteg,boolean_dup,string_eq,boolean_not,char_eq,boolean_flush,boolean_pop,string_butlast,exec_swap,string_replacefir,boolean_swap,exec_sw,string_n,print_string,exec_flush,print_newline,integer_a,string_d,string_dup,string_frominteger,string_contai,integer_mod,exec_do*count,string_fir,string_r,integer_fromchar,string_p,integer_inc,boolean_invert_first_then_and,integer_fromstring,exec_rot,integer_m,boolean_d,char_rot,exec_do*cou,string_take,exec_string_iterate,string_split,integer_pop,boolean_n,string_re,boolean_p,boolean_r,exec_pop,string_sw,boolean_x,boolean_emp,string_la,char_emp,boolean_stackdep,string_parse_to_cha,print_char,integer_dup,boolean_invert_second_then_and,integer_sub,string_setch,exec_no,boolean_yank,char_islett,string_ya,string_flu,integer_stackdepth,integer_emp,integer_dec,print_boole,integer_gt,exec,string_indexofchar,in1,char_dup,char_flush,char_pop,integer_lte,string_conjch,exec_flu,string_containsch,boolean_eq,string_flush,print_boolean,integer_d,string_rever,char_,exec_empty,string_last,integer_l,exec_when,integer_i,string_substri,string_nth,string_occurrencesofchar,integer_r,integer_s,integer_p,exec_while,integer_fromboolean,integer_empty,string_fromboole
7.78207088688e-06,0.003887144408,0.0028754751927,0.000214006949389,0.00303889868133,0.00226069159264,0.00149415761028,0.00321010424084,0.00250971786102,0.0,0.00387547130167,0.00101945128618,0.00173540180778,0.0,8.17117443123e-05,3.89103544344e-06,0.0,0.0,3.89103544344e-05,3.89103544344e-06,0.00183267769386,0.00117120166848,3.89103544344e-06,0.000319064906362,2.72372481041e-05,0.00110894510138,0.00194940875716,0.00292216761802,0.000120622098747,0.00389103544344,1.16731063303e-05,0.0,0.00271594273952,1.16731063303e-05,0.0,0.00366924642317,0.00338130980035,0.000159532453181,1.55641417738e-05,7.78207088688e-06,0.0,7.78207088688e-06,2.72372481041e-05,0.00378986852191,0.00128404169634,0.00136575344065,0.00345134843833,0.000988323002634,0.00277819930662,3.89103544344e-06,0.0009494126482,0.00319843113451,0.00149415761028,7.78207088688e-06,0.00178987630398,7.78207088688e-05,0.00306224489399,0.0010661437115,0.00308948214209,7.78207088688e-06,4.28013898779e-05,0.0,0.00190660736729,4.28013898779e-05,1.94551772172e-05,0.00173929284322,0.00249804475469,0.00245135232937,3.89103544344e-06,0.000101166921529,2.33462126607e-05,3.89103544344e-06,0.0,1.16731063303e-05,0.00011284002786,3.11282835475e-05,0.000334629048136,0.00230738401796,0.0031439566383,0.00173929284322,0.0,4.28013898779e-05,0.00336574565858,0.00222956330909,3.89103544344e-06,0.0,0.0037081567776,0.00230738401796,0.00201944739515,0.00147859346851,4.66924253213e-05,2.72372481041e-05,0.00223345434454,0.000120622098747,0.00286380208637,0.000132295205077,3.89103544344e-05,0.00382877887635,1.94551772172e-05,0.000357975260797,3.89103544344e-06,0.0,0.00387547130167,0.0,2.33462126607e-05,0.000564200139299,0.00297275107879,0.00290271244081,0.00279376344839,0.0019883191116,0.00184824183563,0.0,0.00289103933448,0.0,7.78207088688e-06,0.0016303438508,3.89103544344e-06,1.55641417738e-05,0.000105057956973,0.00184435080019,0.00011284002786,2.33462126607e-05,1.55641417738e-05,1.55641417738e-05,1.16731063303e-05,1.55641417738e-05,0.00204668464325,0.00140855483053,3.89103544344e-05,0.00383656094723,1.55641417738e-05,1.55641417738e-05,0.0,1.94551772172e-05,0.0026692503142,0.00271983377497,0.00367702849405,0.000844354691227,0.00319454009907,1.16731063303e-05,0.00199999221793,0.00117898373936,0.0,0.00201944739515,7.78207088688e-06,0.00117120166848,0.00107781681783,3.89103544344e-06,2.72372481041e-05,0.00119454788114,0.0,0.00154863210649,0.00144746518496,0.00248637164836,0.00126458651912,0.00221399916732,0.00289882140536,0.00308559110665,0.000435795969665,0.0,0.00292994968891,3.89103544344e-06,7.78207088688e-06,0.00345134843833,4.66924253213e-05,5.05834607647e-05,3.89103544344e-06,0.0,0.00134629826343,0.000684822238046,1.55641417738e-05,0.00290660347625,0.00236185851417,0.0,3.11282835475e-05,0.00238909576227,0.000120622098747,0.00375095816748,0.00198442807616,0.00219065295466,0.0023735316205,3.11282835475e-05,7.78207088688e-06,0.00217119777744,1.55641417738e-05,0.00285602001549,0.00107003474695,0.00197275496983,0.000575873245629,2.72372481041e-05,5.44744962082e-05,0.00012451313419,0.0,0.000540853926638,6.22565670951e-05,1.55641417738e-05,1.55641417738e-05,3.89103544344e-06,7.78207088688e-06,4.66924253213e-05,3.11282835475e-05,0.00346302154466,0.00261866685344,0.00359531674974,0.00388325337255,1.55641417738e-05,7.78207088688e-06,0.00244357025848,3.89103544344e-06,0.000143968311407,3.89103544344e-06,0.00319843113451,7.78207088688e-06,0.00275096205851,0.0,0.00344356636745,7.78207088688e-06,0.00035019318991,0.00389103544344,0.00059921945829,0.00316730285096,0.00229181987619,0.00221010813187,7.78207088688e-06,3.89103544344e-06,7.78207088688e-06,0.0036809195295,0.000509725643091,0.000194551772172,0.000101166921529,7.78207088688e-06,7.78207088688e-06,0.00361088089151,0.000513616678534,1.55641417738e-05,0.000926066435539,0.000151750382294,0.0,0.00179765837487,0.00353695121809,0.0,0.00023735316205,3.89103544344e-06,0.00322177734717,0.000513616678534,0.00299998832689,0.000229571091163
Gen 257
string_,string_rot,integer_swap,exec_sho,integer_gte,boolean_shove,boolean_and,string_pop,exec_eq,string_yankd,string_parse_to_chars,integer_lt,string_stackdepth,exec_do*whi,char_r,char_p,boolean_sw,integer_sho,boolean_invert_second_then_a,print_integ,char_iswhitespace,string_removechar,exec_emp,string_first,string_conc,string_yank,string_concat,string_setchar,exec_yankd,string_length,string_replacefirstch,char_d,integer_eq,exec_do*tim,string_emptystri,string_reverse,exec_yankdup,string_repla,exec_,char_ya,integer_mu,string_replacech,boolean_yankd,char_isletter,integer_add,string_empty,char_isdigit,print_integer,exec_shove,integer_fromstri,string_conjchar,boolean_or,boolean_empty,exec_wh,string_fromchar,integer_yankd,exec_do*while,integer_rot,string_rest,boolean_flu,integer_stackdep,char_iswhitespa,char_allfromstring,boolean_,char_allfromstri,exec_stackdepth,exec_do*range,char_shove,char_stackdep,string_removech,exec_stackdep,boolean_sho,string_indexofch,string_stackdep,string_leng,print_ch,integer_mult,boolean_xor,boolean_yankdup,integer_min,string_emp,integer_fromch,exec_yank,char_stackdepth,char_sw,integer_fromboole,string_replace,integer_div,string_replacefirst,boolean_frominteger,string_butla,char_isdig,integer_flush,integer_,string_yankdup,char_flu,print_exec,integer_yank,boolean_frominteg,string_emptystring,char_yankd,boolean_ya,string_swap,print_ex,exec_d,integer_max,char_swap,string_contains,char_empty,exec_dup,exec_k,string_frominteg,exec_noop,exec_p,exec_r,exec_s,string_sho,integer_flu,exec_y,boolean_rot,boolean_a,integer_ya,exec_ya,boolean_invert_first_then_a,string_spl,string_occurrencesofch,integer_yankdup,string_replacechar,char_sho,string_fromboolean,print_stri,exec_string_itera,print_newli,string_ta,string_replacefirstchar,string_substring,boolean_stackdepth,string_shove,string_containschar,exec_do*ran,char_yankdup,char_yank,integer_sw,exec_do*times,string_fromch,integer_shove,exec_if,exec_whi,integer_g,char_frominteger,char_frominteg,boolean_dup,string_eq,boolean_not,char_eq,boolean_flush,boolean_pop,string_butlast,exec_swap,string_replacefir,boolean_swap,exec_sw,string_n,print_string,exec_flush,print_newline,integer_a,string_d,string_dup,string_frominteger,string_contai,integer_mod,exec_do*count,string_fir,string_r,integer_fromchar,string_p,integer_inc,boolean_invert_first_then_and,integer_fromstring,exec_rot,integer_m,boolean_d,char_rot,exec_do*cou,string_take,exec_string_iterate,string_split,integer_pop,boolean_n,string_re,boolean_p,boolean_r,exec_pop,string_sw,boolean_x,boolean_emp,string_la,char_emp,boolean_stackdep,string_parse_to_cha,print_char,integer_dup,boolean_invert_second_then_and,integer_sub,string_setch,exec_no,boolean_yank,char_islett,string_ya,string_flu,integer_stackdepth,integer_emp,integer_dec,print_boole,integer_gt,exec,string_indexofchar,in1,char_dup,char_flush,char_pop,integer_lte,string_conjch,exec_flu,string_containsch,boolean_eq,string_flush,print_boolean,integer_d,string_rever,char_,exec_empty,string_last,integer_l,exec_when,integer_i,string_substri,string_nth,string_occurrencesofchar,integer_r,integer_s,integer_p,exec_while,integer_fromboolean,integer_empty,string_fromboole
0.0,0.00387595396917,0.00291084143085,0.000174417928613,0.00295735287848,0.0021123949132,0.00159301708133,0.00325967728807,0.0024767345863,7.75190793834e-06,0.00385269824536,0.0011821659606,0.001759683102,1.93797698459e-05,0.000127906480983,7.75190793834e-06,3.87595396917e-06,0.0,4.651144763e-05,3.87595396917e-06,0.00198061247825,0.0011937938225,1.16278619075e-05,0.000387595396917,6.20152635067e-05,0.00104650757168,0.00206975941954,0.00297285669435,7.75190793834e-05,0.0038720780152,2.71316777842e-05,3.87595396917e-06,0.00276355518002,3.87595396917e-06,0.0,0.00366665245484,0.00332944445952,0.000116278619075,2.3255723815e-05,7.75190793834e-06,1.16278619075e-05,1.16278619075e-05,3.48835857225e-05,0.00373254367231,0.00132170030349,0.00141859915272,0.00338370781509,0.00110464688121,0.00261626892919,3.87595396917e-06,0.0009806163542,0.00313952271503,0.00134883198127,3.87595396917e-06,0.00178293882582,7.75190793834e-05,0.0029418490626,0.00115115832884,0.00300774028008,3.87595396917e-06,6.58912174759e-05,0.0,0.0018604579052,2.71316777842e-05,1.55038158767e-05,0.00177518691788,0.00243022313867,0.00231394451959,7.75190793834e-06,0.000124030527013,5.03874015992e-05,7.75190793834e-06,3.87595396917e-06,3.10076317534e-05,0.000120154573044,6.97671714451e-05,0.00042247898264,0.00233720024341,0.00322091774838,0.00180231859566,3.87595396917e-06,3.87595396917e-05,0.00331394064364,0.0021744101767,3.87595396917e-06,0.0,0.00365502459293,0.00228681284181,0.00180619454963,0.00162014875911,2.3255723815e-05,1.55038158767e-05,0.00229844070372,9.30228952601e-05,0.00288758570703,0.000120154573044,7.75190793834e-06,0.0038216906136,0.0,0.000244185100058,3.87595396917e-06,3.87595396917e-06,0.00384494633742,0.0,3.87595396917e-06,0.00060852477316,0.00283332235146,0.00283719830543,0.00269766396254,0.00208913918938,0.00174417928613,1.93797698459e-05,0.00291859333879,7.75190793834e-06,1.55038158767e-05,0.0014961182321,7.75190793834e-06,3.87595396917e-06,0.000124030527013,0.00177131096391,8.52709873218e-05,3.10076317534e-05,1.93797698459e-05,7.75190793834e-06,1.16278619075e-05,7.75190793834e-06,0.00189146553696,0.00142635106065,1.93797698459e-05,0.00382944252154,1.93797698459e-05,3.87595396917e-06,0.0,0.0,0.0025271219879,0.00283332235146,0.00365114863896,0.000767438885896,0.00311626699121,3.87595396917e-06,0.0018100705036,0.00138371556699,3.87595396917e-06,0.00195348080046,7.75190793834e-06,0.00129069267173,0.0009806163542,1.55038158767e-05,1.16278619075e-05,0.00127131290189,0.0,0.00170541974644,0.00156200944958,0.00246510672439,0.00117053809869,0.00213952659098,0.00295347692451,0.00300386432611,0.000426354936609,3.87595396917e-06,0.00300386432611,7.75190793834e-06,7.75190793834e-06,0.00336432804524,2.71316777842e-05,7.75190793834e-05,3.87595396917e-06,7.75190793834e-06,0.0012945686257,0.000662788128728,0.0,0.00295347692451,0.00222867353227,7.75190793834e-06,3.48835857225e-05,0.00236045596722,6.58912174759e-05,0.00369378413262,0.00208526323541,0.00202712392588,0.0022247975783,6.97671714451e-05,3.87595396917e-06,0.0022247975783,2.71316777842e-05,0.00279843876574,0.00107363924946,0.00189534149092,0.000565889279499,2.71316777842e-05,2.3255723815e-05,0.000112402665106,3.87595396917e-06,0.000488370200116,3.87595396917e-05,1.55038158767e-05,6.58912174759e-05,3.87595396917e-06,1.16278619075e-05,5.81393095376e-05,3.48835857225e-05,0.00340308758493,0.00261239297522,0.00353487001988,0.0038720780152,5.03874015992e-05,3.87595396917e-06,0.00237208382913,2.3255723815e-05,0.000135658388921,0.0,0.00316665439281,7.75190793834e-06,0.0027286715943,0.0,0.00348060666432,3.87595396917e-06,0.000302324409595,0.00387595396917,0.000709299576358,0.003143398669,0.00210851895923,0.00215890636083,0.0,0.0,3.10076317534e-05,0.00360076123736,0.000519377831869,0.000178293882582,8.13950333526e-05,3.87595396917e-06,1.16278619075e-05,0.00357750551354,0.000480618292177,7.75190793834e-06,0.00103875566374,0.000147286250828,0.0,0.00189146553696,0.00351161429607,0.0,0.000147286250828,0.0,0.00317440630075,0.00056201332553,0.00301936814198,0.000217053422274
Gen 258
string_,string_rot,integer_swap,exec_sho,integer_gte,boolean_shove,boolean_and,string_pop,exec_eq,string_yankd,string_parse_to_chars,integer_lt,string_stackdepth,exec_do*whi,char_r,char_p,boolean_sw,integer_sho,boolean_invert_second_then_a,print_integ,char_iswhitespace,string_removechar,exec_emp,string_first,string_conc,string_yank,string_concat,string_setchar,exec_yankd,string_length,string_replacefirstch,char_d,integer_eq,exec_do*tim,string_emptystri,string_reverse,exec_yankdup,string_repla,exec_,char_ya,integer_mu,string_replacech,boolean_yankd,char_isletter,integer_add,string_empty,char_isdigit,print_integer,exec_shove,integer_fromstri,string_conjchar,boolean_or,boolean_empty,exec_wh,string_fromchar,integer_yankd,exec_do*while,integer_rot,string_rest,boolean_flu,integer_stackdep,char_iswhitespa,char_allfromstring,boolean_,char_allfromstri,exec_stackdepth,exec_do*range,char_shove,char_stackdep,string_removech,exec_stackdep,boolean_sho,string_indexofch,string_stackdep,string_leng,print_ch,integer_mult,boolean_xor,boolean_yankdup,integer_min,string_emp,integer_fromch,exec_yank,char_stackdepth,char_sw,integer_fromboole,string_replace,integer_div,string_replacefirst,boolean_frominteger,string_butla,char_isdig,integer_flush,integer_,string_yankdup,char_flu,print_exec,integer_yank,boolean_frominteg,string_emptystring,char_yankd,boolean_ya,string_swap,print_ex,exec_d,integer_max,char_swap,string_contains,char_empty,exec_dup,exec_k,string_frominteg,exec_noop,exec_p,exec_r,exec_s,string_sho,integer_flu,exec_y,boolean_rot,boolean_a,integer_ya,exec_ya,boolean_invert_first_then_a,string_spl,string_occurrencesofch,integer_yankdup,string_replacechar,char_sho,string_fromboolean,print_stri,exec_string_itera,print_newli,string_ta,string_replacefirstchar,string_substring,boolean_stackdepth,string_shove,string_containschar,exec_do*ran,char_yankdup,char_yank,integer_sw,exec_do*times,string_fromch,integer_shove,exec_if,exec_whi,integer_g,char_frominteger,char_frominteg,boolean_dup,string_eq,boolean_not,char_eq,boolean_flush,boolean_pop,string_butlast,exec_swap,string_replacefir,boolean_swap,exec_sw,string_n,print_string,exec_flush,print_newline,integer_a,string_d,string_dup,string_frominteger,string_contai,integer_mod,exec_do*count,string_fir,string_r,integer_fromchar,string_p,integer_inc,boolean_invert_first_then_and,integer_fromstring,exec_rot,integer_m,boolean_d,char_rot,exec_do*cou,string_take,exec_string_iterate,string_split,integer_pop,boolean_n,string_re,boolean_p,boolean_r,exec_pop,string_sw,boolean_x,boolean_emp,string_la,char_emp,boolean_stackdep,string_parse_to_cha,print_char,integer_dup,boolean_invert_second_then_and,integer_sub,string_setch,exec_no,boolean_yank,char_islett,string_ya,string_flu,integer_stackdepth,integer_emp,integer_dec,print_boole,integer_gt,exec,string_indexofchar,in1,char_dup,char_flush,char_pop,integer_lte,string_conjch,exec_flu,string_containsch,boolean_eq,string_flush,print_boolean,integer_d,string_rever,char_,exec_empty,string_last,integer_l,exec_when,integer_i,string_substri,string_nth,string_occurrencesofchar,integer_r,integer_s,integer_p,exec_while,integer_fromboolean,integer_empty,string_fromboole
7.72197790742e-06,0.00386098895371,0.00282624391412,0.000154439558148,0.00289574171528,0.0020270192007,0.00158300547102,0.00331658951124,0.0026524994112,3.86098895371e-06,0.00384168400894,0.00116215767507,0.00169883513963,3.86098895371e-06,0.000108107690704,1.15829668611e-05,3.86098895371e-06,0.0,5.01928563982e-05,1.15829668611e-05,0.00188802359836,0.00124323844309,1.93049447686e-05,0.000293435160482,5.01928563982e-05,0.000996135150057,0.0020772120571,0.00306562522925,6.94978011668e-05,0.0038532669758,1.15829668611e-05,0.0,0.00274516314609,1.54439558148e-05,0.0,0.0036447735723,0.00330500654438,0.000154439558148,1.93049447686e-05,0.0,1.15829668611e-05,1.15829668611e-05,2.31659337223e-05,0.00372199335138,0.00129729228845,0.0014517318466,0.00336292137868,0.00132045822217,0.00268338732283,3.86098895371e-05,0.000895749437261,0.00315828896414,0.00121621152042,0.0,0.00189960656523,4.24708784908e-05,0.00296523951645,0.00095752526052,0.00308879116297,0.0,6.17758232594e-05,3.86098895371e-06,0.00175674997394,5.40538453519e-05,2.31659337223e-05,0.00193049447686,0.00235520326176,0.00231659337223,2.7026922676e-05,0.000100385712796,3.08879116297e-05,1.15829668611e-05,0.0,1.93049447686e-05,0.000100385712796,7.33587901205e-05,0.00040540384014,0.00236292523967,0.00327411863275,0.00193435546581,0.0,3.08879116297e-05,0.00321620379844,0.00225481754897,7.72197790742e-06,3.86098895371e-06,0.0036370515944,0.00230501040537,0.00190346755418,0.00172586206231,1.54439558148e-05,2.31659337223e-05,0.00228956644955,7.72197790742e-05,0.0028609928147,0.00010424670175,2.31659337223e-05,0.0037953521415,0.0,0.000235520326176,7.72197790742e-06,0.0,0.00384940598685,0.0,1.54439558148e-05,0.000471040652353,0.0028609928147,0.00286485380365,0.00272585820132,0.00222392963734,0.00163705931637,7.72197790742e-06,0.00286485380365,3.86098895371e-06,3.86098895371e-06,0.00158300547102,3.86098895371e-06,1.15829668611e-05,0.000119690657565,0.00198840931116,9.26637348891e-05,3.47489005834e-05,1.93049447686e-05,7.72197790742e-06,3.86098895371e-06,3.86098895371e-06,0.00184941370883,0.00153281261462,2.7026922676e-05,0.00383010104208,1.15829668611e-05,1.54439558148e-05,3.86098895371e-06,0.0,0.00246717194142,0.00275674611295,0.00365635653916,0.000841695591909,0.00319689885367,1.54439558148e-05,0.00205790711233,0.00144014887973,0.0,0.00199999227802,3.86098895371e-06,0.00133204118903,0.000814668669233,7.72197790742e-06,7.72197790742e-06,0.00134748514485,7.72197790742e-06,0.00169497415068,0.0015598395373,0.00248647688619,0.00101157910587,0.00218145875885,0.00299612742808,0.00297296149436,0.000463318674445,3.86098895371e-06,0.00293821259377,3.86098895371e-06,0.0,0.00328570159961,5.01928563982e-05,3.86098895371e-05,3.86098895371e-06,3.86098895371e-06,0.00142470492392,0.000640924166316,3.86098895371e-06,0.00295751753854,0.00210809996873,7.72197790742e-06,4.24708784908e-05,0.00252508677573,5.40538453519e-05,0.00371427137347,0.00216987579199,0.00195366041058,0.00232817633909,3.47489005834e-05,1.15829668611e-05,0.00224709557106,1.54439558148e-05,0.00276832907981,0.00106563295122,0.00173744502917,0.000525094497705,3.47489005834e-05,5.01928563982e-05,9.26637348891e-05,3.86098895371e-06,0.000424708784908,4.63318674445e-05,3.86098895371e-06,4.63318674445e-05,3.86098895371e-06,3.86098895371e-06,0.00010424670175,2.31659337223e-05,0.00348261203625,0.00267180435597,0.0035366658816,0.0038532669758,5.01928563982e-05,3.86098895371e-06,0.00231659337223,4.24708784908e-05,0.000100385712796,0.0,0.00322006478739,1.54439558148e-05,0.00276446809086,0.0,0.00351349994788,1.93049447686e-05,0.000312740105251,0.00386098895371,0.000752892845974,0.00307334720715,0.00224323458211,0.00216215381408,0.0,0.0,4.24708784908e-05,0.00355597082637,0.000401542851186,0.00016602252501,4.63318674445e-05,1.15829668611e-05,7.72197790742e-06,0.00350191698102,0.000401542851186,2.31659337223e-05,0.00108879888495,0.000150578569195,3.86098895371e-06,0.00193821645476,0.00353280489265,0.0,0.000138995602334,3.86098895371e-06,0.0031775939089,0.000606175265733,0.0030694862182,0.000200771425593
Gen 259
string_,string_rot,integer_swap,exec_sho,integer_gte,boolean_shove,boolean_and,string_pop,exec_eq,string_yankd,string_parse_to_chars,integer_lt,string_stackdepth,exec_do*whi,char_r,char_p,boolean_sw,integer_sho,boolean_invert_second_then_a,print_integ,char_iswhitespace,string_removechar,exec_emp,string_first,string_conc,string_yank,string_concat,string_setchar,exec_yankd,string_length,string_replacefirstch,char_d,integer_eq,exec_do*tim,string_emptystri,string_reverse,exec_yankdup,string_repla,exec_,char_ya,integer_mu,string_replacech,boolean_yankd,char_isletter,integer_add,string_empty,char_isdigit,print_integer,exec_shove,integer_fromstri,string_conjchar,boolean_or,boolean_empty,exec_wh,string_fromchar,integer_yankd,exec_do*while,integer_rot,string_rest,boolean_flu,integer_stackdep,char_iswhitespa,char_allfromstring,boolean_,char_allfromstri,exec_stackdepth,exec_do*range,char_shove,char_stackdep,string_removech,exec_stackdep,boolean_sho,string_indexofch,string_stackdep,string_leng,print_ch,integer_mult,boolean_xor,boolean_yankdup,integer_min,string_emp,integer_fromch,exec_yank,char_stackdepth,char_sw,integer_fromboole,string_replace,integer_div,string_replacefirst,boolean_frominteger,string_butla,char_isdig,integer_flush,integer_,string_yankdup,char_flu,print_exec,integer_yank,boolean_frominteg,string_emptystring,char_yankd,boolean_ya,string_swap,print_ex,exec_d,integer_max,char_swap,string_contains,char_empty,exec_dup,exec_k,string_frominteg,exec_noop,exec_p,exec_r,exec_s,string_sho,integer_flu,exec_y,boolean_rot,boolean_a,integer_ya,exec_ya,boolean_invert_first_then_a,string_spl,string_occurrencesofch,integer_yankdup,string_replacechar,char_sho,string_fromboolean,print_stri,exec_string_itera,print_newli,string_ta,string_replacefirstchar,string_substring,boolean_stackdepth,string_shove,string_containschar,exec_do*ran,char_yankdup,char_yank,integer_sw,exec_do*times,string_fromch,integer_shove,exec_if,exec_whi,integer_g,char_frominteger,char_frominteg,boolean_dup,string_eq,boolean_not,char_eq,boolean_flush,boolean_pop,string_butlast,exec_swap,string_replacefir,boolean_swap,exec_sw,string_n,print_string,exec_flush,print_newline,integer_a,string_d,string_dup,string_frominteger,string_contai,integer_mod,exec_do*count,string_fir,string_r,integer_fromchar,string_p,integer_inc,boolean_invert_first_then_and,integer_fromstring,exec_rot,integer_m,boolean_d,char_rot,exec_do*cou,string_take,exec_string_iterate,string_split,integer_pop,boolean_n,string_re,boolean_p,boolean_r,exec_pop,string_sw,boolean_x,boolean_emp,string_la,char_emp,boolean_stackdep,string_parse_to_cha,print_char,integer_dup,boolean_invert_second_then_and,integer_sub,string_setch,exec_no,boolean_yank,char_islett,string_ya,string_flu,integer_stackdepth,integer_emp,integer_dec,print_boole,integer_gt,exec,string_indexofchar,in1,char_dup,char_flush,char_pop,integer_lte,string_conjch,exec_flu,string_containsch,boolean_eq,string_flush,print_boolean,integer_d,string_rever,char_,exec_empty,string_last,integer_l,exec_when,integer_i,string_substri,string_nth,string_occurrencesofchar,integer_r,integer_s,integer_p,exec_while,integer_fromboolean,integer_empty,string_fromboole
0.0,0.00384613905331,0.00278075853554,0.000161537840239,0.00287691201188,0.00197306933435,0.0015653785947,0.00336537167165,0.00253075949708,0.0,0.00381921607994,0.00118845696747,0.00164230137576,0.0,9.61534763328e-05,1.53845562132e-05,3.84613905331e-06,0.0,5.76920857997e-05,3.84613905331e-06,0.00164999365387,0.00128076430475,3.84613905331e-06,0.000192306952666,3.07691124265e-05,0.000853842869835,0.00198076161246,0.00294229637578,9.99996153861e-05,0.00384613905331,2.69229733732e-05,0.0,0.0026769127811,1.92306952666e-05,0.0,0.00368075507402,0.00313460332845,8.84611982262e-05,1.53845562132e-05,0.0,7.69227810662e-06,3.07691124265e-05,3.07691124265e-05,0.00373075488171,0.00144230214499,0.00138845619825,0.00345383286987,0.00128076430475,0.00263845139057,1.53845562132e-05,0.000938457929008,0.00299614232253,0.00108076507398,0.0,0.00169999346156,3.07691124265e-05,0.00294998865389,0.000938457929008,0.00315768016277,3.84613905331e-06,4.61536686397e-05,3.84613905331e-06,0.0017384548521,6.53843639063e-05,3.07691124265e-05,0.00173076257399,0.00238460621305,0.0022653759024,1.53845562132e-05,8.84611982262e-05,1.92306952666e-05,3.84613905331e-06,0.0,3.07691124265e-05,0.000119230310653,8.07689201195e-05,0.000430767573971,0.00230383729293,0.00319998769236,0.00200383844678,0.0,1.15384171599e-05,0.00319998769236,0.00218460698228,0.0,3.84613905331e-06,0.00361921684917,0.00211153034027,0.00190768497044,0.00156153245564,3.46152514798e-05,1.15384171599e-05,0.00241922146453,7.69227810662e-05,0.00280768150892,0.000115384171599,3.84613905331e-05,0.00379998538467,3.84613905331e-06,0.000292306568052,3.84613905331e-06,0.0,0.00378844696751,0.0,1.92306952666e-05,0.000538459467464,0.00266537436394,0.0027922969527,0.00256537474856,0.00215768400891,0.00166537821008,1.15384171599e-05,0.00294229637578,3.84613905331e-06,1.92306952666e-05,0.00164230137576,0.0,2.30768343199e-05,0.000130768727813,0.00179999307695,9.23073372795e-05,3.84613905331e-05,1.53845562132e-05,1.92306952666e-05,3.84613905331e-06,0.0,0.0018538390237,0.00158460928996,3.07691124265e-05,0.0038307544971,1.53845562132e-05,1.53845562132e-05,0.0,7.69227810662e-06,0.0024384521598,0.00271922031069,0.00365383210065,0.000853842869835,0.00309998807697,7.69227810662e-06,0.00199999230772,0.00131153341718,7.69227810662e-06,0.0019769154734,0.0,0.00151153264795,0.000784612366876,3.84613905331e-06,1.92306952666e-05,0.00125384133138,7.69227810662e-06,0.00164614751482,0.001515378787,0.00259999000004,0.00103845754439,0.00224614520713,0.00279614309176,0.0029653732101,0.000449998269237,0.0,0.00294614251484,7.69227810662e-06,0.0,0.00329229502963,2.69229733732e-05,4.9999807693e-05,0.0,3.84613905331e-06,0.00141153303257,0.000549997884624,1.15384171599e-05,0.00306921896454,0.002092299645,0.0,2.30768343199e-05,0.00228845273672,5.76920857997e-05,0.00363844754443,0.00224614520713,0.00183460832843,0.00239229849116,3.46152514798e-05,7.69227810662e-06,0.00214614559175,1.92306952666e-05,0.00273845100596,0.000892304260368,0.00175768554736,0.00049999807693,4.9999807693e-05,3.46152514798e-05,0.000138461005919,0.0,0.000273075872785,7.69227810662e-05,7.69227810662e-06,1.92306952666e-05,0.0,3.84613905331e-06,0.000123076449706,1.92306952666e-05,0.00345383286987,0.00265383594678,0.00348075584325,0.00384229291426,3.46152514798e-05,0.0,0.00233076026631,3.46152514798e-05,0.000153845562132,0.0,0.00321921838762,0.0,0.00281537378702,0.0,0.00344229445271,7.69227810662e-06,0.000234614482252,0.00384613905331,0.000646151360956,0.00316921857993,0.00219614539944,0.00208076122784,0.0,0.0,3.07691124265e-05,0.00356921704147,0.000438459852077,0.000149999423079,4.23075295864e-05,1.15384171599e-05,7.69227810662e-06,0.00344229445271,0.000361537071011,1.53845562132e-05,0.00114614943789,0.000176922396452,3.84613905331e-06,0.00191537724855,0.00359614001485,3.84613905331e-06,0.000173076257399,0.0,0.00314614174561,0.000457690547344,0.00307691124265,0.000238460621305
Gen 260
string_,string_rot,integer_swap,exec_sho,integer_gte,boolean_shove,boolean_and,string_pop,exec_eq,string_yankd,string_parse_to_chars,integer_lt,string_stackdepth,exec_do*whi,char_r,char_p,boolean_sw,integer_sho,boolean_invert_second_then_a,print_integ,char_iswhitespace,string_removechar,exec_emp,string_first,string_conc,string_yank,string_concat,string_setchar,exec_yankd,string_length,string_replacefirstch,char_d,integer_eq,exec_do*tim,string_emptystri,string_reverse,exec_yankdup,string_repla,exec_,char_ya,integer_mu,string_replacech,boolean_yankd,char_isletter,integer_add,string_empty,char_isdigit,print_integer,exec_shove,integer_fromstri,string_conjchar,boolean_or,boolean_empty,exec_wh,string_fromchar,integer_yankd,exec_do*while,integer_rot,string_rest,boolean_flu,integer_stackdep,char_iswhitespa,char_allfromstring,boolean_,char_allfromstri,exec_stackdepth,exec_do*range,char_shove,char_stackdep,string_removech,exec_stackdep,boolean_sho,string_indexofch,string_stackdep,string_leng,print_ch,integer_mult,boolean_xor,boolean_yankdup,integer_min,string_emp,integer_fromch,exec_yank,char_stackdepth,char_sw,integer_fromboole,string_replace,integer_div,string_replacefirst,boolean_frominteger,string_butla,char_isdig,integer_flush,integer_,string_yankdup,char_flu,print_exec,integer_yank,boolean_frominteg,string_emptystring,char_yankd,boolean_ya,string_swap,print_ex,exec_d,integer_max,char_swap,string_contains,char_empty,exec_dup,exec_k,string_frominteg,exec_noop,exec_p,exec_r,exec_s,string_sho,integer_flu,exec_y,boolean_rot,boolean_a,integer_ya,exec_ya,boolean_invert_first_then_a,string_spl,string_occurrencesofch,integer_yankdup,string_replacechar,char_sho,string_fromboolean,print_stri,exec_string_itera,print_newli,string_ta,string_replacefirstchar,string_substring,boolean_stackdepth,string_shove,string_containschar,exec_do*ran,char_yankdup,char_yank,integer_sw,exec_do*times,string_fromch,integer_shove,exec_if,exec_whi,integer_g,char_frominteger,char_frominteg,boolean_dup,string_eq,boolean_not,char_eq,boolean_flush,boolean_pop,string_butlast,exec_swap,string_replacefir,boolean_swap,exec_sw,string_n,print_string,exec_flush,print_newline,integer_a,string_d,string_dup,string_frominteger,string_contai,integer_mod,exec_do*count,string_fir,string_r,integer_fromchar,string_p,integer_inc,boolean_invert_first_then_and,integer_fromstring,exec_rot,integer_m,boolean_d,char_rot,exec_do*cou,string_take,exec_string_iterate,string_split,integer_pop,boolean_n,string_re,boolean_p,boolean_r,exec_pop,string_sw,boolean_x,boolean_emp,string_la,char_emp,boolean_stackdep,string_parse_to_cha,print_char,integer_dup,boolean_invert_second_then_and,integer_sub,string_setch,exec_no,boolean_yank,char_islett,string_ya,string_flu,integer_stackdepth,integer_emp,integer_dec,print_boole,integer_gt,exec,string_indexofchar,in1,char_dup,char_flush,char_pop,integer_lte,string_conjch,exec_flu,string_containsch,boolean_eq,string_flush,print_boolean,integer_d,string_rever,char_,exec_empty,string_last,integer_l,exec_when,integer_i,string_substri,string_nth,string_occurrencesofchar,integer_r,integer_s,integer_p,exec_while,integer_fromboolean,integer_empty,string_fromboole
0.0,0.00382757154187,0.00267431925548,0.000176244535462,0.00288887782039,0.00200382374014,0.00145976452198,0.00339079160616,0.0026245110172,0.0,0.00379308891537,0.00121455473351,0.00167049168394,0.0,0.00010344787951,1.14942088344e-05,3.83140294482e-06,7.66280588963e-06,4.2145432393e-05,7.66280588963e-06,0.00177777096639,0.00132566541891,3.44826265033e-05,0.000118773491289,2.68198206137e-05,0.000892716886142,0.00196550971069,0.00292336044689,0.000126436297179,0.00382757154187,2.29884176689e-05,3.83140294482e-06,0.00268198206137,3.83140294482e-06,3.83140294482e-06,0.00364749560347,0.00313408760886,8.81222677308e-05,3.83140294482e-06,3.83140294482e-06,3.06512235585e-05,1.14942088344e-05,3.83140294482e-05,0.00369730384175,0.00136014804541,0.00139079926897,0.00344443124739,0.00124520595707,0.0026245110172,3.06512235585e-05,0.00105363580982,0.00297700008812,0.000996164765652,3.83140294482e-06,0.001735625534,1.14942088344e-05,0.00298466289401,0.000984670556818,0.00300765131168,3.83140294482e-06,6.13024471171e-05,7.66280588963e-06,0.00173945693695,7.27966559515e-05,5.74710441722e-05,0.00165516607216,0.00239845824346,0.00226819054333,3.83140294482e-06,8.81222677308e-05,1.14942088344e-05,3.83140294482e-06,0.0,7.66280588963e-06,9.19536706756e-05,9.57850736204e-05,0.000444442741599,0.00234481860223,0.00300765131168,0.00180842218995,3.83140294482e-06,1.91570147241e-05,0.00316090742947,0.00208045179904,3.83140294482e-06,3.83140294482e-06,0.00360151876813,0.00204980057548,0.0019233642783,0.00134099103069,2.29884176689e-05,2.68198206137e-05,0.00236014421401,9.57850736204e-05,0.00279692414972,0.000137930506013,2.68198206137e-05,0.00380841452715,7.66280588963e-06,0.000260535400248,0.0,3.83140294482e-06,0.00379692031831,3.83140294482e-06,2.29884176689e-05,0.000513407994605,0.00252489454063,0.00267815065843,0.00255171436125,0.00217240546971,0.00145210171609,0.0,0.002846732388,0.0,0.0,0.0014789215367,3.83140294482e-06,1.53256117793e-05,0.000237546982579,0.0018122535929,7.27966559515e-05,2.29884176689e-05,1.53256117793e-05,1.53256117793e-05,7.66280588963e-06,3.83140294482e-06,0.00200382374014,0.00158236941621,2.68198206137e-05,0.00378925751242,7.66280588963e-06,1.53256117793e-05,0.0,7.66280588963e-06,0.00245976069057,0.00272795889671,0.00354404772396,0.000865897065528,0.00310726778825,7.66280588963e-06,0.00180459078701,0.0012911827924,7.66280588963e-06,0.00198083532247,3.83140294482e-06,0.0015555495956,0.000674326918288,3.83140294482e-06,5.74710441722e-05,0.00128735138946,3.83140294482e-06,0.00153256117793,0.00160918923682,0.00250573752591,0.00116857789817,0.0020689575902,0.00289270922334,0.00285822659683,0.000337163459144,0.0,0.00285822659683,0.0,7.66280588963e-06,0.00322987268248,3.06512235585e-05,4.98082382826e-05,7.66280588963e-06,0.0,0.00135631664246,0.00052490220344,7.66280588963e-06,0.00302297692346,0.00206512618726,3.83140294482e-06,4.2145432393e-05,0.00222987651388,5.36396412274e-05,0.00368580963291,0.00222987651388,0.00180075938406,0.00224520212566,3.06512235585e-05,1.14942088344e-05,0.00208811460492,2.29884176689e-05,0.00261301680836,0.000977007750928,0.00169731150455,0.00062835008295,2.68198206137e-05,4.98082382826e-05,6.51338500619e-05,0.0,0.000264366803192,6.89652530067e-05,1.14942088344e-05,3.06512235585e-05,0.0,3.83140294482e-06,0.000153256117793,3.83140294482e-05,0.00345592545622,0.00255937716714,0.00342144282972,0.00381607733304,2.68198206137e-05,3.83140294482e-06,0.00223753931977,4.59768353378e-05,0.000126436297179,0.0,0.00313025620591,7.66280588963e-06,0.00273945310554,0.0,0.003402285815,1.14942088344e-05,0.000203064356075,0.00383140294482,0.000777774797798,0.00320688426481,0.00211876582848,0.00200382374014,0.0,0.0,2.29884176689e-05,0.00355171052984,0.000371646085647,0.0001111106854,4.59768353378e-05,1.91570147241e-05,0.0,0.00323370408542,0.000417622920985,3.06512235585e-05,0.00110344404811,8.04594618411e-05,0.0,0.00198466672541,0.00357469894751,3.83140294482e-06,0.000218389967855,0.0,0.00318772725009,0.000536396412274,0.00296933728223,0.00021455856491
Gen 261
string_,string_rot,integer_swap,exec_sho,integer_gte,boolean_shove,boolean_and,string_pop,exec_eq,string_yankd,string_parse_to_chars,integer_lt,string_stackdepth,exec_do*whi,char_r,char_p,boolean_sw,integer_sho,boolean_invert_second_then_a,print_integ,char_iswhitespace,string_removechar,exec_emp,string_first,string_conc,string_yank,string_concat,string_setchar,exec_yankd,string_length,string_replacefirstch,char_d,integer_eq,exec_do*tim,string_emptystri,string_reverse,exec_yankdup,string_repla,exec_,char_ya,integer_mu,string_replacech,boolean_yankd,char_isletter,integer_add,string_empty,char_isdigit,print_integer,exec_shove,integer_fromstri,string_conjchar,boolean_or,boolean_empty,exec_wh,string_fromchar,integer_yankd,exec_do*while,integer_rot,string_rest,boolean_flu,integer_stackdep,char_iswhitespa,char_allfromstring,boolean_,char_allfromstri,exec_stackdepth,exec_do*range,char_shove,char_stackdep,string_removech,exec_stackdep,boolean_sho,string_indexofch,string_stackdep,string_leng,print_ch,integer_mult,boolean_xor,boolean_yankdup,integer_min,string_emp,integer_fromch,exec_yank,char_stackdepth,char_sw,integer_fromboole,string_replace,integer_div,string_replacefirst,boolean_frominteger,string_butla,char_isdig,integer_flush,integer_,string_yankdup,char_flu,print_exec,integer_yank,boolean_frominteg,string_emptystring,char_yankd,boolean_ya,string_swap,print_ex,exec_d,integer_max,char_swap,string_contains,char_empty,exec_dup,exec_k,string_frominteg,exec_noop,exec_p,exec_r,exec_s,string_sho,integer_flu,exec_y,boolean_rot,boolean_a,integer_ya,exec_ya,boolean_invert_first_then_a,string_spl,string_occurrencesofch,integer_yankdup,string_replacechar,char_sho,string_fromboolean,print_stri,exec_string_itera,print_newli,string_ta,string_replacefirstchar,string_substring,boolean_stackdepth,string_shove,string_containschar,exec_do*ran,char_yankdup,char_yank,integer_sw,exec_do*times,string_fromch,integer_shove,exec_if,exec_whi,integer_g,char_frominteger,char_frominteg,boolean_dup,string_eq,boolean_not,char_eq,boolean_flush,boolean_pop,string_butlast,exec_swap,string_replacefir,boolean_swap,exec_sw,string_n,print_string,exec_flush,print_newline,integer_a,string_d,string_dup,string_frominteger,string_contai,integer_mod,exec_do*count,string_fir,string_r,integer_fromchar,string_p,integer_inc,boolean_invert_first_then_and,integer_fromstring,exec_rot,integer_m,boolean_d,char_rot,exec_do*cou,string_take,exec_string_iterate,string_split,integer_pop,boolean_n,string_re,boolean_p,boolean_r,exec_pop,string_sw,boolean_x,boolean_emp,string_la,char_emp,boolean_stackdep,string_parse_to_cha,print_char,integer_dup,boolean_invert_second_then_and,integer_sub,string_setch,exec_no,boolean_yank,char_islett,string_ya,string_flu,integer_stackdepth,integer_emp,integer_dec,print_boole,integer_gt,exec,string_indexofchar,in1,char_dup,char_flush,char_pop,integer_lte,string_conjch,exec_flu,string_containsch,boolean_eq,string_flush,print_boolean,integer_d,string_rever,char_,exec_empty,string_last,integer_l,exec_when,integer_i,string_substri,string_nth,string_occurrencesofchar,integer_r,integer_s,integer_p,exec_while,integer_fromboolean,integer_empty,string_fromboole
0.0,0.00381677932527,0.00266792874836,0.000156487952336,0.00273663077622,0.00202289304239,0.00142365868833,0.00329388055771,0.00248090656143,0.0,0.00379387864932,0.00115648413556,0.00164121510987,7.63355865054e-06,0.00014503761436,7.63355865054e-06,1.14503379758e-05,0.0,3.05342346022e-05,3.81677932527e-06,0.00179006950355,0.00136640699845,1.14503379758e-05,0.000164121510987,1.52671173011e-05,0.00101908007985,0.00184350441411,0.00271373010027,8.77859244812e-05,0.00380532898729,1.90838966263e-05,3.05342346022e-05,0.00246563944412,1.90838966263e-05,0.0,0.00367174171091,0.0031259422674,8.39691451559e-05,1.52671173011e-05,1.14503379758e-05,1.14503379758e-05,1.52671173011e-05,5.7251689879e-05,0.00366410815226,0.00149236071618,0.00129388819127,0.00340456715814,0.00100381296255,0.00250380723738,2.67174552769e-05,0.0010877821077,0.00278624890745,0.00099236262457,0.0,0.00160686409594,1.14503379758e-05,0.00287785161125,0.000999996183221,0.00295418719776,3.81677932527e-06,4.96181312285e-05,7.63355865054e-06,0.00159541375796,6.10684692043e-05,4.58013519032e-05,0.00166411578582,0.00230915149179,0.00212594608418,3.81677932527e-06,8.39691451559e-05,4.58013519032e-05,3.81677932527e-06,3.81677932527e-06,7.63355865054e-06,9.9236262457e-05,0.00013740405571,0.000484730974309,0.00214884676013,0.00312975904672,0.00160304731661,3.81677932527e-06,2.67174552769e-05,0.00311067515009,0.00207251117362,0.0,3.81677932527e-06,0.0035954061244,0.00206106083565,0.00178625272423,0.00128625463262,1.52671173011e-05,1.52671173011e-05,0.00230151793314,7.25188071801e-05,0.00290838584586,7.63355865054e-05,4.1984572578e-05,0.00377097797337,0.0,0.000206106083565,1.52671173011e-05,3.81677932527e-06,0.00375571085607,0.0,1.52671173011e-05,0.000511448429586,0.00248472334075,0.00254960858928,0.002522891134,0.00210686218755,0.00140839157102,0.0,0.00271754687959,0.0,7.63355865054e-06,0.00152671173011,3.43510139274e-05,3.81677932527e-06,0.000152671173011,0.0018129701795,0.000106869821108,4.96181312285e-05,1.90838966263e-05,1.52671173011e-05,0.0,3.81677932527e-06,0.00195800779386,0.00131678886722,3.81677932527e-06,0.00377097797337,7.63355865054e-06,7.63355865054e-06,0.0,3.81677932527e-06,0.00224044946393,0.00265266163106,0.00352288731722,0.000835874672234,0.00293510330113,1.52671173011e-05,0.00183205407613,0.00117556803218,0.0,0.00193892389724,1.52671173011e-05,0.00156869630269,0.000690837057874,3.81677932527e-06,2.29006759516e-05,0.00129770497059,7.63355865054e-06,0.001419841909,0.00156487952336,0.00238930385762,0.00116030091488,0.00183587085545,0.00285876771463,0.00256105892726,0.000335876580624,3.81677932527e-06,0.00275571467284,7.63355865054e-06,1.14503379758e-05,0.00309159125347,4.58013519032e-05,3.43510139274e-05,1.14503379758e-05,0.0,0.00115648413556,0.000385494711852,1.52671173011e-05,0.00290456906653,0.00201907626307,0.0,4.58013519032e-05,0.00216793065675,8.39691451559e-05,0.0035954061244,0.00230915149179,0.00196564135251,0.00225953336056,3.81677932527e-05,3.81677932527e-06,0.0021450299808,1.14503379758e-05,0.00261831061714,0.00078243976168,0.00163358155122,0.000660302823272,2.29006759516e-05,5.34349105538e-05,3.43510139274e-05,0.0,0.000240457097492,6.10684692043e-05,1.52671173011e-05,3.81677932527e-05,0.0,0.0,0.000118320159083,2.67174552769e-05,0.00335113224759,0.00253434147198,0.00337403292354,0.00380151220797,5.34349105538e-05,0.0,0.00228243403651,6.10684692043e-05,9.54194831317e-05,0.0,0.00304960668089,3.81677932527e-06,0.00269846298297,0.0,0.00333968190961,1.14503379758e-05,0.000198472524914,0.00381677932527,0.000744271968428,0.00321372819188,0.00200380914577,0.00191602322129,1.14503379758e-05,0.0,1.14503379758e-05,0.00345036851004,0.000396945049828,0.000122136938409,6.87020278549e-05,2.29006759516e-05,7.63355865054e-06,0.0032480792058,0.000503814870936,1.90838966263e-05,0.00103816397647,0.000106869821108,7.63355865054e-06,0.00193510711791,0.00348090274465,0.0,0.000248090656143,7.63355865054e-06,0.00310304159144,0.000576333678116,0.00285113415598,0.000248090656143
Gen 262
string_,string_rot,integer_swap,exec_sho,integer_gte,boolean_shove,boolean_and,string_pop,exec_eq,string_yankd,string_parse_to_chars,integer_lt,string_stackdepth,exec_do*whi,char_r,char_p,boolean_sw,integer_sho,boolean_invert_second_then_a,print_integ,char_iswhitespace,string_removechar,exec_emp,string_first,string_conc,string_yank,string_concat,string_setchar,exec_yankd,string_length,string_replacefirstch,char_d,integer_eq,exec_do*tim,string_emptystri,string_reverse,exec_yankdup,string_repla,exec_,char_ya,integer_mu,string_replacech,boolean_yankd,char_isletter,integer_add,string_empty,char_isdigit,print_integer,exec_shove,integer_fromstri,string_conjchar,boolean_or,boolean_empty,exec_wh,string_fromchar,integer_yankd,exec_do*while,integer_rot,string_rest,boolean_flu,integer_stackdep,char_iswhitespa,char_allfromstring,boolean_,char_allfromstri,exec_stackdepth,exec_do*range,char_shove,char_stackdep,string_removech,exec_stackdep,boolean_sho,string_indexofch,string_stackdep,string_leng,print_ch,integer_mult,boolean_xor,boolean_yankdup,integer_min,string_emp,integer_fromch,exec_yank,char_stackdepth,char_sw,integer_fromboole,string_replace,integer_div,string_replacefirst,boolean_frominteger,string_butla,char_isdig,integer_flush,integer_,string_yankdup,char_flu,print_exec,integer_yank,boolean_frominteg,string_emptystring,char_yankd,boolean_ya,string_swap,print_ex,exec_d,integer_max,char_swap,string_contains,char_empty,exec_dup,exec_k,string_frominteg,exec_noop,exec_p,exec_r,exec_s,string_sho,integer_flu,exec_y,boolean_rot,boolean_a,integer_ya,exec_ya,boolean_invert_first_then_a,string_spl,string_occurrencesofch,integer_yankdup,string_replacechar,char_sho,string_fromboolean,print_stri,exec_string_itera,print_newli,string_ta,string_replacefirstchar,string_substring,boolean_stackdepth,string_shove,string_containschar,exec_do*ran,char_yankdup,char_yank,integer_sw,exec_do*times,string_fromch,integer_shove,exec_if,exec_whi,integer_g,char_frominteger,char_frominteg,boolean_dup,string_eq,boolean_not,char_eq,boolean_flush,boolean_pop,string_butlast,exec_swap,string_replacefir,boolean_swap,exec_sw,string_n,print_string,exec_flush,print_newline,integer_a,string_d,string_dup,string_frominteger,string_contai,integer_mod,exec_do*count,string_fir,string_r,integer_fromchar,string_p,integer_inc,boolean_invert_first_then_and,integer_fromstring,exec_rot,integer_m,boolean_d,char_rot,exec_do*cou,string_take,exec_string_iterate,string_split,integer_pop,boolean_n,string_re,boolean_p,boolean_r,exec_pop,string_sw,boolean_x,boolean_emp,string_la,char_emp,boolean_stackdep,string_parse_to_cha,print_char,integer_dup,boolean_invert_second_then_and,integer_sub,string_setch,exec_no,boolean_yank,char_islett,string_ya,string_flu,integer_stackdepth,integer_emp,integer_dec,print_boole,integer_gt,exec,string_indexofchar,in1,char_dup,char_flush,char_pop,integer_lte,string_conjch,exec_flu,string_containsch,boolean_eq,string_flush,print_boolean,integer_d,string_rever,char_,exec_empty,string_last,integer_l,exec_when,integer_i,string_substri,string_nth,string_occurrencesofchar,integer_r,integer_s,integer_p,exec_while,integer_fromboolean,integer_empty,string_fromboole
0.0,0.00380226691153,0.0027034117741,0.000136881608815,0.00285550245056,0.00222812841016,0.00130797981757,0.00338401755126,0.00258173923293,3.80226691153e-06,0.00374903517477,0.00110265740434,0.00169200877563,1.14068007346e-05,0.000125474808081,7.60453382307e-06,7.60453382307e-06,1.14068007346e-05,3.80226691153e-05,7.60453382307e-06,0.00174904277931,0.0015171044977,1.52090676461e-05,0.000186311078665,1.52090676461e-05,0.000931555393326,0.00188212212121,0.00277185257851,0.000102661206611,0.00379846464462,4.94294698499e-05,7.60453382307e-06,0.00243345082338,1.90113345577e-05,0.0,0.0036920011711,0.00306082486378,8.36498720537e-05,3.04181352923e-05,7.60453382307e-06,0.0,0.0,3.04181352923e-05,0.00357793316375,0.00147147729476,0.00153231356535,0.00347146969023,0.00103041433303,0.00245626442485,2.66158683807e-05,0.00127756168227,0.00294295458953,0.00111406420508,0.0,0.00179847224915,3.80226691153e-06,0.00282888658218,0.00107984380288,0.002965768191,0.0,2.66158683807e-05,7.60453382307e-06,0.00172622917784,8.36498720537e-05,4.18249360269e-05,0.00170721784328,0.00236120775206,0.00218250120722,0.0,0.000106463473523,1.14068007346e-05,3.80226691153e-06,3.80226691153e-06,7.60453382307e-06,5.32317367615e-05,0.000190113345577,0.000566537769818,0.00222052387634,0.00323572914171,0.00144486142638,0.0,3.80226691153e-05,0.00315968380348,0.00189733118885,3.80226691153e-06,0.0,0.00353991049464,0.00193535385797,0.0017794609146,0.00125474808081,1.52090676461e-05,1.90113345577e-05,0.00221291934251,5.32317367615e-05,0.00301139539393,0.000163497477196,3.42204022038e-05,0.00374903517477,7.60453382307e-06,0.00022433374778,7.60453382307e-06,0.0,0.00375283744168,0.0,2.66158683807e-05,0.000627374040403,0.00250949616161,0.00261215736822,0.0023421964175,0.00215208307193,0.00130417755066,3.80226691153e-06,0.00268820270645,0.0,0.0,0.00139162968962,1.52090676461e-05,1.90113345577e-05,0.000262356416896,0.00179847224915,9.88589396998e-05,2.28136014692e-05,2.28136014692e-05,2.66158683807e-05,0.0,3.80226691153e-06,0.00196957426017,0.00152851129844,3.80226691153e-05,0.00376044197551,1.14068007346e-05,7.60453382307e-06,0.0,1.14068007346e-05,0.00221291934251,0.00255892563146,0.00352089916008,0.00103421659994,0.00300379086011,7.60453382307e-06,0.00196196972635,0.00120151634404,7.60453382307e-06,0.00203041053076,1.52090676461e-05,0.0017148223771,0.000749046581572,1.52090676461e-05,3.04181352923e-05,0.0013193866183,7.60453382307e-06,0.00149048862932,0.00160075436976,0.00233459188368,0.00142204782491,0.00190493572268,0.00296957045791,0.0026387732366,0.000380226691153,3.80226691153e-06,0.00282888658218,0.0,2.28136014692e-05,0.00317869513804,1.52090676461e-05,3.80226691153e-05,1.52090676461e-05,3.80226691153e-06,0.00118250500949,0.000505701499234,7.60453382307e-06,0.00287831605203,0.0022433374778,0.0,4.56272029384e-05,0.00225094201163,6.84408044076e-05,0.00363496716743,0.00230037148148,0.00193915612488,0.00233459188368,2.28136014692e-05,7.60453382307e-06,0.00224713974472,1.90113345577e-05,0.00268059817263,0.000821289652891,0.00169961330946,0.000653989908784,1.14068007346e-05,3.42204022038e-05,2.28136014692e-05,3.80226691153e-06,0.000285170018365,4.56272029384e-05,1.52090676461e-05,1.90113345577e-05,3.80226691153e-06,3.80226691153e-06,0.000159695210284,3.42204022038e-05,0.00341443568656,0.00250189162779,0.00344105155494,0.00379466237771,8.36498720537e-05,0.0,0.00203801506458,3.80226691153e-05,8.74521389653e-05,3.80226691153e-06,0.002965768191,3.80226691153e-06,0.00274903897704,0.0,0.00327375181083,7.60453382307e-06,0.000182508811754,0.00380226691153,0.000859312322006,0.00314447473584,0.00198098106091,0.00193915612488,7.60453382307e-06,0.0,7.60453382307e-06,0.00346006288949,0.000418249360269,0.000136881608815,4.94294698499e-05,1.90113345577e-05,1.14068007346e-05,0.00308744073216,0.000456272029384,3.80226691153e-06,0.00105703020141,5.7034003673e-05,0.0,0.00208364226752,0.00346766742332,3.80226691153e-06,0.000304181352923,0.0,0.00301519766085,0.000657792175695,0.00291253645423,0.000174904277931
Gen 263
string_,string_rot,integer_swap,exec_sho,integer_gte,boolean_shove,boolean_and,string_pop,exec_eq,string_yankd,string_parse_to_chars,integer_lt,string_stackdepth,exec_do*whi,char_r,char_p,boolean_sw,integer_sho,boolean_invert_second_then_a,print_integ,char_iswhitespace,string_removechar,exec_emp,string_first,string_conc,string_yank,string_concat,string_setchar,exec_yankd,string_length,string_replacefirstch,char_d,integer_eq,exec_do*tim,string_emptystri,string_reverse,exec_yankdup,string_repla,exec_,char_ya,integer_mu,string_replacech,boolean_yankd,char_isletter,integer_add,string_empty,char_isdigit,print_integer,exec_shove,integer_fromstri,string_conjchar,boolean_or,boolean_empty,exec_wh,string_fromchar,integer_yankd,exec_do*while,integer_rot,string_rest,boolean_flu,integer_stackdep,char_iswhitespa,char_allfromstring,boolean_,char_allfromstri,exec_stackdepth,exec_do*range,char_shove,char_stackdep,string_removech,exec_stackdep,boolean_sho,string_indexofch,string_stackdep,string_leng,print_ch,integer_mult,boolean_xor,boolean_yankdup,integer_min,string_emp,integer_fromch,exec_yank,char_stackdepth,char_sw,integer_fromboole,string_replace,integer_div,string_replacefirst,boolean_frominteger,string_butla,char_isdig,integer_flush,integer_,string_yankdup,char_flu,print_exec,integer_yank,boolean_frominteg,string_emptystring,char_yankd,boolean_ya,string_swap,print_ex,exec_d,integer_max,char_swap,string_contains,char_empty,exec_dup,exec_k,string_frominteg,exec_noop,exec_p,exec_r,exec_s,string_sho,integer_flu,exec_y,boolean_rot,boolean_a,integer_ya,exec_ya,boolean_invert_first_then_a,string_spl,string_occurrencesofch,integer_yankdup,string_replacechar,char_sho,string_fromboolean,print_stri,exec_string_itera,print_newli,string_ta,string_replacefirstchar,string_substring,boolean_stackdepth,string_shove,string_containschar,exec_do*ran,char_yankdup,char_yank,integer_sw,exec_do*times,string_fromch,integer_shove,exec_if,exec_whi,integer_g,char_frominteger,char_frominteg,boolean_dup,string_eq,boolean_not,char_eq,boolean_flush,boolean_pop,string_butlast,exec_swap,string_replacefir,boolean_swap,exec_sw,string_n,print_string,exec_flush,print_newline,integer_a,string_d,string_dup,string_frominteger,string_contai,integer_mod,exec_do*count,string_fir,string_r,integer_fromchar,string_p,integer_inc,boolean_invert_first_then_and,integer_fromstring,exec_rot,integer_m,boolean_d,char_rot,exec_do*cou,string_take,exec_string_iterate,string_split,integer_pop,boolean_n,string_re,boolean_p,boolean_r,exec_pop,string_sw,boolean_x,boolean_emp,string_la,char_emp,boolean_stackdep,string_parse_to_cha,print_char,integer_dup,boolean_invert_second_then_and,integer_sub,string_setch,exec_no,boolean_yank,char_islett,string_ya,string_flu,integer_stackdepth,integer_emp,integer_dec,print_boole,integer_gt,exec,string_indexofchar,in1,char_dup,char_flush,char_pop,integer_lte,string_conjch,exec_flu,string_containsch,boolean_eq,string_flush,print_boolean,integer_d,string_rever,char_,exec_empty,string_last,integer_l,exec_when,integer_i,string_substri,string_nth,string_occurrencesofchar,integer_r,integer_s,integer_p,exec_while,integer_fromboolean,integer_empty,string_fromboole
0.0,0.00378407657547,0.00259468714134,0.000143938848716,0.00285983765213,0.00219317351071,0.00124620740073,0.00330680565604,0.00244317256374,7.57572887981e-06,0.00374998579551,0.000996208347696,0.0016136302514,7.57572887981e-06,8.71208821179e-05,3.78786443991e-06,0.0,3.78786443991e-06,4.92422377188e-05,7.57572887981e-06,0.00154923655592,0.00133711614729,2.65150510794e-05,0.000136363119837,3.78786443991e-06,0.000996208347696,0.00206059825531,0.00262499005686,0.000124999526517,0.00378407657547,3.78786443991e-05,1.51514577596e-05,0.00239771819046,1.13635933197e-05,0.0,0.00369316782891,0.00299998863641,7.19694243582e-05,1.51514577596e-05,3.78786443991e-06,3.78786443991e-06,1.13635933197e-05,1.89393221995e-05,0.00358331976015,0.00157953947144,0.00139772197833,0.0033977144026,0.0010151476699,0.00228408225726,3.40907799592e-05,0.00137120692725,0.00284847405881,0.000999996212136,0.0,0.001481054996,1.89393221995e-05,0.00290907988985,0.000928026787777,0.00292044348317,3.78786443991e-06,3.03029155193e-05,0.0,0.0016893875402,5.68179665986e-05,4.54543732789e-05,0.00150378218264,0.00244696042818,0.00202650747535,0.0,0.000109848068757,1.13635933197e-05,7.57572887981e-06,3.78786443991e-06,1.13635933197e-05,4.92422377188e-05,0.000121211662077,0.000515149563827,0.00212499195079,0.00312877602736,0.00150378218264,0.0,2.65150510794e-05,0.00309847311184,0.00206059825531,7.57572887981e-06,3.78786443991e-06,0.00355301684463,0.00199241669539,0.0018409021178,0.00126893458737,2.27271866394e-05,3.03029155193e-05,0.00211741622191,5.68179665986e-05,0.00280301968553,0.000132575255397,3.78786443991e-05,0.00370831928667,7.57572887981e-06,0.000246211188594,1.13635933197e-05,0.0,0.00376134938883,0.0,1.51514577596e-05,0.000670452005864,0.00243180897042,0.00267423229457,0.00241665751266,0.00190908367771,0.00126514672293,1.51514577596e-05,0.00259847500578,0.0,0.0,0.00148484286044,7.57572887981e-06,3.78786443991e-06,0.000306817019633,0.00185226571111,0.000166666035356,1.51514577596e-05,2.27271866394e-05,7.57572887981e-06,3.78786443991e-06,3.78786443991e-06,0.00193181086435,0.0015378729626,1.13635933197e-05,0.00375756152439,1.89393221995e-05,1.13635933197e-05,3.78786443991e-06,3.78786443991e-06,0.00205302252643,0.00257574781914,0.00352650179355,0.000924238923337,0.00286362551657,7.57572887981e-06,0.00201135601759,0.00135226760505,3.78786443991e-06,0.00200378028871,3.03029155193e-05,0.00164393316692,0.000700754921383,7.57572887981e-06,3.03029155193e-05,0.00124620740073,7.57572887981e-06,0.00141666130053,0.00156438801368,0.00223105215511,0.00137120692725,0.00203787106867,0.00277271677001,0.00264392937906,0.000499998106068,0.0,0.00282953473661,0.0,1.51514577596e-05,0.00319695758728,3.40907799592e-05,4.54543732789e-05,0.0,7.57572887981e-06,0.00123863167185,0.000352271392911,3.78786443991e-06,0.00279165609221,0.00217802205295,7.57572887981e-06,6.81815599183e-05,0.00230302157946,0.000128787390957,0.00360604694679,0.00214014340855,0.00194317445767,0.0024015060549,2.65150510794e-05,7.57572887981e-06,0.00221968856179,1.89393221995e-05,0.0026287779213,0.000685603463623,0.0017840841512,0.000571967530426,3.03029155193e-05,4.92422377188e-05,3.03029155193e-05,0.0,0.000193181086435,7.19694243582e-05,1.13635933197e-05,2.27271866394e-05,3.78786443991e-06,3.78786443991e-06,0.000132575255397,2.27271866394e-05,0.00342801731812,0.00242423324154,0.00332574497824,0.00377650084659,5.30301021587e-05,3.78786443991e-06,0.00188256862663,4.92422377188e-05,0.000132575255397,7.57572887981e-06,0.00282953473661,1.51514577596e-05,0.00263635365018,0.0,0.00323862409612,1.89393221995e-05,0.000193181086435,0.00378786443991,0.000715906379143,0.00316286680732,0.00212877981523,0.00184468998223,7.57572887981e-06,0.0,0.0,0.00342044158924,0.000276514104113,7.95451532381e-05,4.54543732789e-05,2.27271866394e-05,7.57572887981e-06,0.00310226097628,0.00039772576619,7.57572887981e-06,0.00109848068757,7.95451532381e-05,7.57572887981e-06,0.00206059825531,0.0034166537248,3.78786443991e-06,0.000261362646354,3.78786443991e-06,0.00306059446745,0.000670452005864,0.00279544395665,0.000215908273075
Gen 264
string_,string_rot,integer_swap,exec_sho,integer_gte,boolean_shove,boolean_and,string_pop,exec_eq,string_yankd,string_parse_to_chars,integer_lt,string_stackdepth,exec_do*whi,char_r,char_p,boolean_sw,integer_sho,boolean_invert_second_then_a,print_integ,char_iswhitespace,string_removechar,exec_emp,string_first,string_conc,string_yank,string_concat,string_setchar,exec_yankd,string_length,string_replacefirstch,char_d,integer_eq,exec_do*tim,string_emptystri,string_reverse,exec_yankdup,string_repla,exec_,char_ya,integer_mu,string_replacech,boolean_yankd,char_isletter,integer_add,string_empty,char_isdigit,print_integer,exec_shove,integer_fromstri,string_conjchar,boolean_or,boolean_empty,exec_wh,string_fromchar,integer_yankd,exec_do*while,integer_rot,string_rest,boolean_flu,integer_stackdep,char_iswhitespa,char_allfromstring,boolean_,char_allfromstri,exec_stackdepth,exec_do*range,char_shove,char_stackdep,string_removech,exec_stackdep,boolean_sho,string_indexofch,string_stackdep,string_leng,print_ch,integer_mult,boolean_xor,boolean_yankdup,integer_min,string_emp,integer_fromch,exec_yank,char_stackdepth,char_sw,integer_fromboole,string_replace,integer_div,string_replacefirst,boolean_frominteger,string_butla,char_isdig,integer_flush,integer_,string_yankdup,char_flu,print_exec,integer_yank,boolean_frominteg,string_emptystring,char_yankd,boolean_ya,string_swap,print_ex,exec_d,integer_max,char_swap,string_contains,char_empty,exec_dup,exec_k,string_frominteg,exec_noop,exec_p,exec_r,exec_s,string_sho,integer_flu,exec_y,boolean_rot,boolean_a,integer_ya,exec_ya,boolean_invert_first_then_a,string_spl,string_occurrencesofch,integer_yankdup,string_replacechar,char_sho,string_fromboolean,print_stri,exec_string_itera,print_newli,string_ta,string_replacefirstchar,string_substring,boolean_stackdepth,string_shove,string_containschar,exec_do*ran,char_yankdup,char_yank,integer_sw,exec_do*times,string_fromch,integer_shove,exec_if,exec_whi,integer_g,char_frominteger,char_frominteg,boolean_dup,string_eq,boolean_not,char_eq,boolean_flush,boolean_pop,string_butlast,exec_swap,string_replacefir,boolean_swap,exec_sw,string_n,print_string,exec_flush,print_newline,integer_a,string_d,string_dup,string_frominteger,string_contai,integer_mod,exec_do*count,string_fir,string_r,integer_fromchar,string_p,integer_inc,boolean_invert_first_then_and,integer_fromstring,exec_rot,integer_m,boolean_d,char_rot,exec_do*cou,string_take,exec_string_iterate,string_split,integer_pop,boolean_n,string_re,boolean_p,boolean_r,exec_pop,string_sw,boolean_x,boolean_emp,string_la,char_emp,boolean_stackdep,string_parse_to_cha,print_char,integer_dup,boolean_invert_second_then_and,integer_sub,string_setch,exec_no,boolean_yank,char_islett,string_ya,string_flu,integer_stackdepth,integer_emp,integer_dec,print_boole,integer_gt,exec,string_indexofchar,in1,char_dup,char_flush,char_pop,integer_lte,string_conjch,exec_flu,string_containsch,boolean_eq,string_flush,print_boolean,integer_d,string_rever,char_,exec_empty,string_last,integer_l,exec_when,integer_i,string_substri,string_nth,string_occurrencesofchar,integer_r,integer_s,integer_p,exec_while,integer_fromboolean,integer_empty,string_fromboole
0.0,0.00377357066577,0.00279244229267,0.00016981067996,0.00276225372734,0.00216980313282,0.00131697616235,0.00322262934857,0.00239999094343,7.54714133154e-06,0.00372074067645,0.00107924121041,0.00154716397297,0.0,0.000109433549307,3.77357066577e-06,3.77357066577e-06,1.13207119973e-05,4.52828479893e-05,0.0,0.00149433398365,0.00130942902102,7.54714133154e-06,0.000139622114634,3.77357066577e-06,0.000913204101117,0.00220376526881,0.00264149946604,0.000128301402636,0.00376979709511,2.26414239946e-05,7.54714133154e-06,0.00250187735141,2.26414239946e-05,0.0,0.00363394855114,0.00294715868997,9.05656959785e-05,3.01885653262e-05,3.77357066577e-06,1.13207119973e-05,1.88678533289e-05,2.26414239946e-05,0.00352074143116,0.00178489892491,0.00149810755431,0.00333206289788,0.00104527907442,0.00215848242082,1.88678533289e-05,0.00131697616235,0.00310187508726,0.000966034090437,0.0,0.00155848468496,3.77357066577e-06,0.00272074445002,0.000920751242448,0.00284527228199,0.0,3.39621359919e-05,3.77357066577e-06,0.00167923894627,3.77357066577e-05,2.64149946604e-05,0.00135471186901,0.00257734876472,0.00201508673552,0.0,0.000120754261305,7.54714133154e-06,7.54714133154e-06,0.0,1.13207119973e-05,6.03771306523e-05,0.000139622114634,0.000607544877189,0.0022377274048,0.00303772438595,0.00140754185833,0.0,1.50942826631e-05,0.00309055437527,0.00198867174086,1.13207119973e-05,0.0,0.00356225070849,0.00199999245286,0.00167923894627,0.00123395760771,1.13207119973e-05,2.26414239946e-05,0.00226791597013,9.43392666443e-05,0.00283017799933,0.000147169255965,3.77357066577e-05,0.00369809925246,7.54714133154e-06,0.000241508522609,1.50942826631e-05,0.0,0.00376602352444,0.0,1.88678533289e-05,0.000739619850491,0.00247923592741,0.00264904660737,0.00236602880744,0.00207923743684,0.000966034090437,3.77357066577e-06,0.00255848091139,0.0,3.77357066577e-06,0.00130188187969,3.77357066577e-06,3.01885653262e-05,0.000399998490572,0.00173206893559,0.000128301402636,7.54714133154e-06,1.13207119973e-05,1.13207119973e-05,7.54714133154e-06,1.13207119973e-05,0.0019622567462,0.00147169255965,2.26414239946e-05,0.00376602352444,3.77357066577e-06,1.13207119973e-05,0.0,3.77357066577e-06,0.00207546386617,0.00261885804205,0.00355470356716,0.000905656959785,0.00288300798865,3.77357066577e-06,0.00201131316486,0.0015320696903,1.13207119973e-05,0.00200376602352,1.88678533289e-05,0.00161508824495,0.000626412730518,7.54714133154e-06,7.54714133154e-06,0.00137357972234,1.13207119973e-05,0.00157357896763,0.00166791823427,0.00228678382346,0.001411315429,0.00194716246354,0.00282640442866,0.00260376375938,0.000505658469213,0.0,0.00277357443934,0.0,1.50942826631e-05,0.00319998792457,6.79242719839e-05,4.52828479893e-05,1.50942826631e-05,3.77357066577e-06,0.00108678835174,0.000494337757216,7.54714133154e-06,0.00272829159135,0.0020943317195,0.0,9.05656959785e-05,0.00234338738344,7.54714133154e-05,0.00356979784982,0.00217735027415,0.0019848981702,0.00218489741548,3.77357066577e-05,7.54714133154e-06,0.00243017950876,1.88678533289e-05,0.00258866947672,0.000694337002502,0.0018188610609,0.0005622620292,4.52828479893e-05,4.9056418655e-05,3.01885653262e-05,0.0,0.000249055663941,2.64149946604e-05,7.54714133154e-06,1.88678533289e-05,7.54714133154e-06,1.88678533289e-05,0.000113207119973,1.88678533289e-05,0.0033848928872,0.00236225523677,0.00328678004989,0.00376602352444,8.3018554647e-05,3.77357066577e-06,0.00186037033823,7.92449839812e-05,0.000143395685299,3.77357066577e-06,0.002811310146,7.54714133154e-06,0.00262263161271,0.0,0.00315847864725,1.13207119973e-05,0.000192452103954,0.00377357066577,0.000675469149173,0.00307923366327,0.0020943317195,0.0018415024849,0.0,3.77357066577e-06,0.0,0.00341508145252,0.000407545631903,0.000101886407976,4.9056418655e-05,3.01885653262e-05,3.77357066577e-06,0.00310187508726,0.000347168501251,3.77357066577e-06,0.00109810906374,7.54714133154e-05,1.13207119973e-05,0.00204904887151,0.00336602503387,1.13207119973e-05,0.000286791370599,3.77357066577e-06,0.00299621510862,0.000720751997162,0.00274715944468,0.000139622114634
Gen 265
string_,string_rot,integer_swap,exec_sho,integer_gte,boolean_shove,boolean_and,string_pop,exec_eq,string_yankd,string_parse_to_chars,integer_lt,string_stackdepth,exec_do*whi,char_r,char_p,boolean_sw,integer_sho,boolean_invert_second_then_a,print_integ,char_iswhitespace,string_removechar,exec_emp,string_first,string_conc,string_yank,string_concat,string_setchar,exec_yankd,string_length,string_replacefirstch,char_d,integer_eq,exec_do*tim,string_emptystri,string_reverse,exec_yankdup,string_repla,exec_,char_ya,integer_mu,string_replacech,boolean_yankd,char_isletter,integer_add,string_empty,char_isdigit,print_integer,exec_shove,integer_fromstri,string_conjchar,boolean_or,boolean_empty,exec_wh,string_fromchar,integer_yankd,exec_do*while,integer_rot,string_rest,boolean_flu,integer_stackdep,char_iswhitespa,char_allfromstring,boolean_,char_allfromstri,exec_stackdepth,exec_do*range,char_shove,char_stackdep,string_removech,exec_stackdep,boolean_sho,string_indexofch,string_stackdep,string_leng,print_ch,integer_mult,boolean_xor,boolean_yankdup,integer_min,string_emp,integer_fromch,exec_yank,char_stackdepth,char_sw,integer_fromboole,string_replace,integer_div,string_replacefirst,boolean_frominteger,string_butla,char_isdig,integer_flush,integer_,string_yankdup,char_flu,print_exec,integer_yank,boolean_frominteg,string_emptystring,char_yankd,boolean_ya,string_swap,print_ex,exec_d,integer_max,char_swap,string_contains,char_empty,exec_dup,exec_k,string_frominteg,exec_noop,exec_p,exec_r,exec_s,string_sho,integer_flu,exec_y,boolean_rot,boolean_a,integer_ya,exec_ya,boolean_invert_first_then_a,string_spl,string_occurrencesofch,integer_yankdup,string_replacechar,char_sho,string_fromboolean,print_stri,exec_string_itera,print_newli,string_ta,string_replacefirstchar,string_substring,boolean_stackdepth,string_shove,string_containschar,exec_do*ran,char_yankdup,char_yank,integer_sw,exec_do*times,string_fromch,integer_shove,exec_if,exec_whi,integer_g,char_frominteger,char_frominteg,boolean_dup,string_eq,boolean_not,char_eq,boolean_flush,boolean_pop,string_butlast,exec_swap,string_replacefir,boolean_swap,exec_sw,string_n,print_string,exec_flush,print_newline,integer_a,string_d,string_dup,string_frominteger,string_contai,integer_mod,exec_do*count,string_fir,string_r,integer_fromchar,string_p,integer_inc,boolean_invert_first_then_and,integer_fromstring,exec_rot,integer_m,boolean_d,char_rot,exec_do*cou,string_take,exec_string_iterate,string_split,integer_pop,boolean_n,string_re,boolean_p,boolean_r,exec_pop,string_sw,boolean_x,boolean_emp,string_la,char_emp,boolean_stackdep,string_parse_to_cha,print_char,integer_dup,boolean_invert_second_then_and,integer_sub,string_setch,exec_no,boolean_yank,char_islett,string_ya,string_flu,integer_stackdepth,integer_emp,integer_dec,print_boole,integer_gt,exec,string_indexofchar,in1,char_dup,char_flush,char_pop,integer_lte,string_conjch,exec_flu,string_containsch,boolean_eq,string_flush,print_boolean,integer_d,string_rever,char_,exec_empty,string_last,integer_l,exec_when,integer_i,string_substri,string_nth,string_occurrencesofchar,integer_r,integer_s,integer_p,exec_while,integer_fromboolean,integer_empty,string_fromboole
0.0,0.00375938436322,0.00262405028553,0.000135337837076,0.00283833519423,0.00211277401213,0.00133458144894,0.00326314562727,0.00229698384593,0.0,0.00373682805704,0.00103759008425,0.00141728790493,1.12781530897e-05,9.02252247172e-05,1.12781530897e-05,3.75938436322e-06,0.0,7.51876872643e-05,3.75938436322e-06,0.00150751312965,0.00110901838715,1.87969218161e-05,0.000169172296345,0.0,0.000954883628257,0.00214284908703,0.00260901274807,9.77439934436e-05,0.00375938436322,4.13532279954e-05,3.75938436322e-06,0.00230074323029,3.3834459269e-05,0.0,0.00368419667595,0.00293231980331,8.27064559908e-05,7.51876872643e-06,3.75938436322e-06,7.51876872643e-06,5.63907654483e-05,1.50375374529e-05,0.00340600223307,0.00179698572562,0.00165412911982,0.00324058932109,0.00103007131552,0.00207142078413,3.00750749057e-05,0.00140225036748,0.00313156717456,0.000906011631535,0.0,0.0015225506671,1.50375374529e-05,0.00277818504442,0.000830823944271,0.00291352288149,0.0,2.25563061793e-05,3.75938436322e-06,0.00158270081691,5.63907654483e-05,1.87969218161e-05,0.00130450637404,0.00236465276446,0.00211277401213,3.75938436322e-06,0.000131578452713,3.75938436322e-06,7.51876872643e-06,0.0,3.75938436322e-06,5.63907654483e-05,0.000146615990165,0.000556388885756,0.00215788662449,0.00292480103458,0.00153382882019,0.0,2.63156905425e-05,0.00309397333093,0.00193984233142,7.51876872643e-06,0.0,0.00356013699197,0.00192480479397,0.00162029466055,0.00119924361187,1.50375374529e-05,1.87969218161e-05,0.00228194630847,9.02252247172e-05,0.00283457580987,0.000127819068349,3.00750749057e-05,0.00372179051958,1.50375374529e-05,0.000259397521062,7.51876872643e-06,0.0,0.00373682805704,0.0,3.3834459269e-05,0.000740598719554,0.00228194630847,0.00253758444517,0.00256014075135,0.00193984233142,0.000894733478446,0.0,0.00237969030192,0.0,3.75938436322e-06,0.0011654091526,3.75938436322e-06,3.75938436322e-06,0.000304510133421,0.00185337649107,8.6465840354e-05,1.50375374529e-05,2.63156905425e-05,1.12781530897e-05,3.75938436322e-06,1.12781530897e-05,0.00175563249762,0.00144360359548,1.12781530897e-05,0.00375562497885,1.12781530897e-05,7.51876872643e-06,3.75938436322e-06,1.12781530897e-05,0.00202254878741,0.00257893767317,0.00352254314833,0.000894733478446,0.00290976349713,1.50375374529e-05,0.00187593279725,0.00131202514276,3.75938436322e-06,0.00182330141616,5.2631381085e-05,0.00150375374529,0.000575185807572,1.12781530897e-05,7.51876872643e-06,0.00134210021767,1.50375374529e-05,0.00143232544239,0.00173683557581,0.00233081830519,0.00130074698967,0.00191352664088,0.00285337273168,0.0026879598197,0.000518795042124,3.75938436322e-06,0.00283833519423,0.0,1.12781530897e-05,0.00318043917128,2.25563061793e-05,5.63907654483e-05,7.51876872643e-06,1.12781530897e-05,0.00104134946861,0.000492479351581,1.12781530897e-05,0.00266916289788,0.00196991740633,3.75938436322e-06,7.51876872643e-05,0.00216164600885,7.14283029011e-05,0.00357517452942,0.00225187123357,0.00203758632486,0.00205638324668,2.25563061793e-05,3.75938436322e-06,0.00224435246484,0.0,0.00251502813899,0.000770673794459,0.00188721095033,0.000616539035568,2.63156905425e-05,3.3834459269e-05,1.87969218161e-05,0.0,0.000360900898869,4.13532279954e-05,0.0,3.00750749057e-05,0.0,1.12781530897e-05,0.000120300299623,3.3834459269e-05,0.00336840838944,0.00227442753975,0.00325562685855,0.00375938436322,0.000142856605802,3.75938436322e-06,0.00156014451073,5.2631381085e-05,0.000161653527618,0.0,0.00271427551024,1.12781530897e-05,0.00259021582626,3.75938436322e-06,0.00314284532765,1.12781530897e-05,0.000180450449434,0.00375938436322,0.000703004875922,0.00317667978692,0.00206014263104,0.00171803865399,7.51876872643e-06,0.0,3.75938436322e-06,0.00346239299852,0.000488719967218,8.6465840354e-05,5.2631381085e-05,1.50375374529e-05,7.51876872643e-06,0.00299998872185,0.000357141514506,3.75938436322e-06,0.00114661223078,9.77439934436e-05,1.50375374529e-05,0.00198495494378,0.00339096469562,3.75938436322e-05,0.000293231980331,1.12781530897e-05,0.00303758256548,0.000575185807572,0.00282705704114,0.000135337837076
Gen 266
string_,string_rot,integer_swap,exec_sho,integer_gte,boolean_shove,boolean_and,string_pop,exec_eq,string_yankd,string_parse_to_chars,integer_lt,string_stackdepth,exec_do*whi,char_r,char_p,boolean_sw,integer_sho,boolean_invert_second_then_a,print_integ,char_iswhitespace,string_removechar,exec_emp,string_first,string_conc,string_yank,string_concat,string_setchar,exec_yankd,string_length,string_replacefirstch,char_d,integer_eq,exec_do*tim,string_emptystri,string_reverse,exec_yankdup,string_repla,exec_,char_ya,integer_mu,string_replacech,boolean_yankd,char_isletter,integer_add,string_empty,char_isdigit,print_integer,exec_shove,integer_fromstri,string_conjchar,boolean_or,boolean_empty,exec_wh,string_fromchar,integer_yankd,exec_do*while,integer_rot,string_rest,boolean_flu,integer_stackdep,char_iswhitespa,char_allfromstring,boolean_,char_allfromstri,exec_stackdepth,exec_do*range,char_shove,char_stackdep,string_removech,exec_stackdep,boolean_sho,string_indexofch,string_stackdep,string_leng,print_ch,integer_mult,boolean_xor,boolean_yankdup,integer_min,string_emp,integer_fromch,exec_yank,char_stackdepth,char_sw,integer_fromboole,string_replace,integer_div,string_replacefirst,boolean_frominteger,string_butla,char_isdig,integer_flush,integer_,string_yankdup,char_flu,print_exec,integer_yank,boolean_frominteg,string_emptystring,char_yankd,boolean_ya,string_swap,print_ex,exec_d,integer_max,char_swap,string_contains,char_empty,exec_dup,exec_k,string_frominteg,exec_noop,exec_p,exec_r,exec_s,string_sho,integer_flu,exec_y,boolean_rot,boolean_a,integer_ya,exec_ya,boolean_invert_first_then_a,string_spl,string_occurrencesofch,integer_yankdup,string_replacechar,char_sho,string_fromboolean,print_stri,exec_string_itera,print_newli,string_ta,string_replacefirstchar,string_substring,boolean_stackdepth,string_shove,string_containschar,exec_do*ran,char_yankdup,char_yank,integer_sw,exec_do*times,string_fromch,integer_shove,exec_if,exec_whi,integer_g,char_frominteger,char_frominteg,boolean_dup,string_eq,boolean_not,char_eq,boolean_flush,boolean_pop,string_butlast,exec_swap,string_replacefir,boolean_swap,exec_sw,string_n,print_string,exec_flush,print_newline,integer_a,string_d,string_dup,string_frominteger,string_contai,integer_mod,exec_do*count,string_fir,string_r,integer_fromchar,string_p,integer_inc,boolean_invert_first_then_and,integer_fromstring,exec_rot,integer_m,boolean_d,char_rot,exec_do*cou,string_take,exec_string_iterate,string_split,integer_pop,boolean_n,string_re,boolean_p,boolean_r,exec_pop,string_sw,boolean_x,boolean_emp,string_la,char_emp,boolean_stackdep,string_parse_to_cha,print_char,integer_dup,boolean_invert_second_then_and,integer_sub,string_setch,exec_no,boolean_yank,char_islett,string_ya,string_flu,integer_stackdepth,integer_emp,integer_dec,print_boole,integer_gt,exec,string_indexofchar,in1,char_dup,char_flush,char_pop,integer_lte,string_conjch,exec_flu,string_containsch,boolean_eq,string_flush,print_boolean,integer_d,string_rever,char_,exec_empty,string_last,integer_l,exec_when,integer_i,string_substri,string_nth,string_occurrencesofchar,integer_r,integer_s,integer_p,exec_while,integer_fromboolean,integer_empty,string_fromboole
0.0,0.00374155902038,0.00256927876675,0.000164793390287,0.00275279867866,0.0021835124213,0.00135954546987,0.0031086025895,0.00232583398564,1.87265216235e-05,0.00370785128146,0.00105617581957,0.00150935764286,3.7453043247e-06,8.61419994682e-05,1.49812172988e-05,3.7453043247e-06,1.12359129741e-05,7.86513908188e-05,7.49060864941e-06,0.00144194216501,0.00117228025363,1.12359129741e-05,0.000209737042183,3.7453043247e-06,0.000996250950371,0.00208987981318,0.00246066494133,0.000198501129209,0.0037453043247,2.99624345976e-05,3.7453043247e-06,0.00241572128943,7.49060864941e-06,3.7453043247e-06,0.00366290762956,0.00283894067812,5.61795648705e-05,3.7453043247e-06,0.0,0.0,7.86513908188e-05,1.87265216235e-05,0.00349811423927,0.00173033059801,0.00145692338231,0.00322096171924,0.00104493990659,0.00210111572616,1.87265216235e-05,0.00127714877472,0.00291759206894,0.00103370399362,7.49060864941e-06,0.00143819686069,3.37077389223e-05,0.00288388433002,0.000917599559552,0.00281272354785,0.0,1.87265216235e-05,0.0,0.00156553720773,5.24342605458e-05,2.62171302729e-05,0.00128463938337,0.00238950415916,0.00204119085696,0.0,0.000179774607586,7.49060864941e-06,1.87265216235e-05,3.7453043247e-06,1.12359129741e-05,7.49060864941e-05,8.98873037929e-05,0.000543069127082,0.00226590911645,0.00289886554732,0.00155055599043,3.7453043247e-06,2.62171302729e-05,0.00314605563275,0.00204493616129,1.12359129741e-05,3.7453043247e-06,0.00347564241332,0.00189886929262,0.00175280242396,0.00117602555796,4.49436518964e-05,4.49436518964e-05,0.00225092789915,0.000116104434066,0.00276777989596,0.000131085651365,2.24718259482e-05,0.00372657780308,7.49060864941e-06,0.000220972955157,3.7453043247e-06,0.0,0.00371159658578,0.0,1.49812172988e-05,0.000779023299538,0.00229212624672,0.0025018632889,0.00247939146295,0.00197752068344,0.00104493990659,7.49060864941e-06,0.00243444781106,3.7453043247e-06,1.12359129741e-05,0.00118726147093,1.12359129741e-05,1.49812172988e-05,0.000348313302197,0.00193257703155,4.11983475717e-05,7.49060864941e-06,2.62171302729e-05,7.49060864941e-06,3.7453043247e-06,3.7453043247e-06,0.00168164164179,0.00148688581691,1.49812172988e-05,0.00374155902038,7.49060864941e-06,3.7453043247e-06,0.0,0.0,0.00191759581425,0.00239699476781,0.0034419346744,0.00100374155902,0.00282770476515,1.87265216235e-05,0.00200373781372,0.0013183471223,3.7453043247e-06,0.0019250864229,6.36701735199e-05,0.00155804659908,0.000647937648174,1.87265216235e-05,1.49812172988e-05,0.00135205486122,1.49812172988e-05,0.00150186703421,0.00157302781638,0.00221722016022,0.00125093164445,0.00199250190074,0.00262545833162,0.00275654398298,0.00043820060599,0.0,0.00283894067812,3.7453043247e-06,3.7453043247e-06,0.00310485728518,2.24718259482e-05,4.86889562211e-05,3.7453043247e-06,1.12359129741e-05,0.00110111947146,0.000632956430875,7.49060864941e-06,0.00259924120134,0.00198501129209,7.49060864941e-06,6.74154778447e-05,0.00213107816076,8.61419994682e-05,0.00353182197819,0.00209737042183,0.00213856876941,0.00226590911645,1.87265216235e-05,7.49060864941e-06,0.00217976711698,2.24718259482e-05,0.00252433511485,0.000707862517369,0.00177901955423,0.000779023299538,2.99624345976e-05,4.86889562211e-05,1.12359129741e-05,3.7453043247e-06,0.000352058606522,3.7453043247e-05,7.49060864941e-06,2.24718259482e-05,0.0,1.49812172988e-05,0.000123595042715,2.62171302729e-05,0.00325092415384,0.00240823068078,0.00326216006682,0.00373781371605,0.000101123216767,0.0,0.00164418859854,2.62171302729e-05,0.000134830955689,0.0,0.00273407215703,3.7453043247e-06,0.00252058981053,0.0,0.00325466945817,7.49060864941e-06,0.000142321564339,0.0037453043247,0.000700371908719,0.00312732911113,0.00204119085696,0.00174905711964,3.7453043247e-06,0.0,0.0,0.00348313302197,0.000494380170861,6.36701735199e-05,4.49436518964e-05,3.7453043247e-06,3.7453043247e-06,0.00304867772031,0.000404492867068,2.24718259482e-05,0.00126216755742,5.24342605458e-05,1.12359129741e-05,0.00191759581425,0.00340073632683,2.62171302729e-05,0.000303369650301,1.12359129741e-05,0.00294755450354,0.000591758083303,0.00283145006948,0.000134830955689
Gen 267
string_,string_rot,integer_swap,exec_sho,integer_gte,boolean_shove,boolean_and,string_pop,exec_eq,string_yankd,string_parse_to_chars,integer_lt,string_stackdepth,exec_do*whi,char_r,char_p,boolean_sw,integer_sho,boolean_invert_second_then_a,print_integ,char_iswhitespace,string_removechar,exec_emp,string_first,string_conc,string_yank,string_concat,string_setchar,exec_yankd,string_length,string_replacefirstch,char_d,integer_eq,exec_do*tim,string_emptystri,string_reverse,exec_yankdup,string_repla,exec_,char_ya,integer_mu,string_replacech,boolean_yankd,char_isletter,integer_add,string_empty,char_isdigit,print_integer,exec_shove,integer_fromstri,string_conjchar,boolean_or,boolean_empty,exec_wh,string_fromchar,integer_yankd,exec_do*while,integer_rot,string_rest,boolean_flu,integer_stackdep,char_iswhitespa,char_allfromstring,boolean_,char_allfromstri,exec_stackdepth,exec_do*range,char_shove,char_stackdep,string_removech,exec_stackdep,boolean_sho,string_indexofch,string_stackdep,string_leng,print_ch,integer_mult,boolean_xor,boolean_yankdup,integer_min,string_emp,integer_fromch,exec_yank,char_stackdepth,char_sw,integer_fromboole,string_replace,integer_div,string_replacefirst,boolean_frominteger,string_butla,char_isdig,integer_flush,integer_,string_yankdup,char_flu,print_exec,integer_yank,boolean_frominteg,string_emptystring,char_yankd,boolean_ya,string_swap,print_ex,exec_d,integer_max,char_swap,string_contains,char_empty,exec_dup,exec_k,string_frominteg,exec_noop,exec_p,exec_r,exec_s,string_sho,integer_flu,exec_y,boolean_rot,boolean_a,integer_ya,exec_ya,boolean_invert_first_then_a,string_spl,string_occurrencesofch,integer_yankdup,string_replacechar,char_sho,string_fromboolean,print_stri,exec_string_itera,print_newli,string_ta,string_replacefirstchar,string_substring,boolean_stackdepth,string_shove,string_containschar,exec_do*ran,char_yankdup,char_yank,integer_sw,exec_do*times,string_fromch,integer_shove,exec_if,exec_whi,integer_g,char_frominteger,char_frominteg,boolean_dup,string_eq,boolean_not,char_eq,boolean_flush,boolean_pop,string_butlast,exec_swap,string_replacefir,boolean_swap,exec_sw,string_n,print_string,exec_flush,print_newline,integer_a,string_d,string_dup,string_frominteger,string_contai,integer_mod,exec_do*count,string_fir,string_r,integer_fromchar,string_p,integer_inc,boolean_invert_first_then_and,integer_fromstring,exec_rot,integer_m,boolean_d,char_rot,exec_do*cou,string_take,exec_string_iterate,string_split,integer_pop,boolean_n,string_re,boolean_p,boolean_r,exec_pop,string_sw,boolean_x,boolean_emp,string_la,char_emp,boolean_stackdep,string_parse_to_cha,print_char,integer_dup,boolean_invert_second_then_and,integer_sub,string_setch,exec_no,boolean_yank,char_islett,string_ya,string_flu,integer_stackdepth,integer_emp,integer_dec,print_boole,integer_gt,exec,string_indexofchar,in1,char_dup,char_flush,char_pop,integer_lte,string_conjch,exec_flu,string_containsch,boolean_eq,string_flush,print_boolean,integer_d,string_rever,char_,exec_empty,string_last,integer_l,exec_when,integer_i,string_substri,string_nth,string_occurrencesofchar,integer_r,integer_s,integer_p,exec_while,integer_fromboolean,integer_empty,string_fromboole
0.0,0.00373132936071,0.00263804985802,0.000115671210182,0.00288431759583,0.00215670837049,0.00143656180387,0.00328730116679,0.00234327483853,7.46265872142e-06,0.00370147872583,0.000973876963146,0.00133208458177,7.46265872142e-06,2.23879761643e-05,2.6119305525e-05,7.46265872142e-06,7.46265872142e-06,7.83579165749e-05,7.46265872142e-06,0.00124253267712,0.00129477128817,1.86566468036e-05,0.000164178491871,3.73132936071e-06,0.001044772221,0.00211566374752,0.00242909541382,0.000212685773561,0.00373132936071,3.73132936071e-05,3.73132936071e-06,0.0024029761083,2.6119305525e-05,0.0,0.00366789676158,0.0028581982903,3.73132936071e-05,2.98506348857e-05,0.0,0.0,5.97012697714e-05,2.23879761643e-05,0.00351118092843,0.00160074029575,0.00151491972045,0.00333580844848,0.00121641337159,0.00197387323182,1.86566468036e-05,0.00126865198264,0.00291416823072,0.000776116507028,3.73132936071e-06,0.00147014376812,2.6119305525e-05,0.00270894511588,0.000899250375931,0.00275745239757,0.0,1.49253174428e-05,7.46265872142e-06,0.00151865104981,3.35819642464e-05,1.86566468036e-05,0.00131715926433,0.00240670743766,0.00210446975944,0.0,0.000138059186346,7.46265872142e-06,7.46265872142e-06,0.0,7.46265872142e-06,4.10446229678e-05,8.95519046571e-05,0.000496266804975,0.00235446882661,0.00275745239757,0.00163059093063,3.73132936071e-06,7.46265872142e-06,0.00318655527405,0.00198879854926,2.23879761643e-05,0.0,0.00355595688076,0.00189178398588,0.00177238144634,0.00112686146693,6.34325991321e-05,1.86566468036e-05,0.00217536501729,0.000149253174428,0.00279103436181,0.000134327856986,6.34325991321e-05,0.00362685213861,1.11939880821e-05,0.000205223114839,1.49253174428e-05,0.0,0.00369774739646,0.0,1.11939880821e-05,0.000686564602371,0.00223506628707,0.00251118465976,0.00251118465976,0.00187685866844,0.000988802280589,7.46265872142e-06,0.00224252894579,3.73132936071e-06,0.0,0.0011492494431,3.73132936071e-06,2.6119305525e-05,0.000283581031414,0.00205223114839,8.58205752964e-05,1.49253174428e-05,3.35819642464e-05,1.11939880821e-05,1.11939880821e-05,3.73132936071e-06,0.00171641150593,0.00155969567278,0.0,0.00372759803135,1.49253174428e-05,7.46265872142e-06,0.0,1.11939880821e-05,0.00191790329141,0.0022984988862,0.00338431573017,0.00110074216141,0.00289178025455,1.11939880821e-05,0.00205596247775,0.001272383312,0.0,0.00196267924373,3.73132936071e-06,0.00161939694255,0.000537311427942,1.49253174428e-05,2.23879761643e-05,0.00141790515707,3.73132936071e-06,0.00145521845068,0.00164551624807,0.00232461819172,0.00128730862945,0.00201864918414,0.0027350644214,0.00267909448099,0.000466416170089,7.46265872142e-06,0.0027350644214,0.0,3.73132936071e-06,0.00323506255574,7.83579165749e-05,2.98506348857e-05,0.0,0.0,0.0011305927963,0.000641788650042,1.49253174428e-05,0.00259327390569,0.00193655993821,3.73132936071e-06,6.71639284928e-05,0.00214178305305,4.10446229678e-05,0.00351491225779,0.00213805172369,0.00200745519606,0.00208208178328,1.11939880821e-05,0.0,0.0022984988862,1.49253174428e-05,0.00266416916355,0.000712683907896,0.0017761127757,0.000705221249174,5.59699404107e-05,5.97012697714e-05,2.23879761643e-05,7.46265872142e-06,0.000384326924153,8.20892459356e-05,2.23879761643e-05,1.86566468036e-05,3.73132936071e-06,3.73132936071e-06,8.58205752964e-05,3.35819642464e-05,0.00333207711912,0.00239924477894,0.00318655527405,0.00372386670199,0.000175372479953,0.0,0.00173879948209,2.6119305525e-05,0.000167909821232,0.0,0.00270894511588,1.11939880821e-05,0.00259327390569,0.0,0.00324625654382,1.86566468036e-05,0.0002089544442,0.00373132936071,0.000694027261092,0.00320894325021,0.00210073843008,0.00154103902597,0.0,0.0,1.11939880821e-05,0.00342909168249,0.000492535475614,4.85072816892e-05,6.34325991321e-05,1.86566468036e-05,1.11939880821e-05,0.00291789956008,0.00026119305525,1.49253174428e-05,0.00130223394689,0.000108208551461,3.73132936071e-06,0.00188805265652,0.003361927754,0.0,0.000328356983743,7.46265872142e-06,0.00303730209962,0.000600744027075,0.00274998973884,0.000100745892739
Gen 268
string_,string_rot,integer_swap,exec_sho,integer_gte,boolean_shove,boolean_and,string_pop,exec_eq,string_yankd,string_parse_to_chars,integer_lt,string_stackdepth,exec_do*whi,char_r,char_p,boolean_sw,integer_sho,boolean_invert_second_then_a,print_integ,char_iswhitespace,string_removechar,exec_emp,string_first,string_conc,string_yank,string_concat,string_setchar,exec_yankd,string_length,string_replacefirstch,char_d,integer_eq,exec_do*tim,string_emptystri,string_reverse,exec_yankdup,string_repla,exec_,char_ya,integer_mu,string_replacech,boolean_yankd,char_isletter,integer_add,string_empty,char_isdigit,print_integer,exec_shove,integer_fromstri,string_conjchar,boolean_or,boolean_empty,exec_wh,string_fromchar,integer_yankd,exec_do*while,integer_rot,string_rest,boolean_flu,integer_stackdep,char_iswhitespa,char_allfromstring,boolean_,char_allfromstri,exec_stackdepth,exec_do*range,char_shove,char_stackdep,string_removech,exec_stackdep,boolean_sho,string_indexofch,string_stackdep,string_leng,print_ch,integer_mult,boolean_xor,boolean_yankdup,integer_min,string_emp,integer_fromch,exec_yank,char_stackdepth,char_sw,integer_fromboole,string_replace,integer_div,string_replacefirst,boolean_frominteger,string_butla,char_isdig,integer_flush,integer_,string_yankdup,char_flu,print_exec,integer_yank,boolean_frominteg,string_emptystring,char_yankd,boolean_ya,string_swap,print_ex,exec_d,integer_max,char_swap,string_contains,char_empty,exec_dup,exec_k,string_frominteg,exec_noop,exec_p,exec_r,exec_s,string_sho,integer_flu,exec_y,boolean_rot,boolean_a,integer_ya,exec_ya,boolean_invert_first_then_a,string_spl,string_occurrencesofch,integer_yankdup,string_replacechar,char_sho,string_fromboolean,print_stri,exec_string_itera,print_newli,string_ta,string_replacefirstchar,string_substring,boolean_stackdepth,string_shove,string_containschar,exec_do*ran,char_yankdup,char_yank,integer_sw,exec_do*times,string_fromch,integer_shove,exec_if,exec_whi,integer_g,char_frominteger,char_frominteg,boolean_dup,string_eq,boolean_not,char_eq,boolean_flush,boolean_pop,string_butlast,exec_swap,string_replacefir,boolean_swap,exec_sw,string_n,print_string,exec_flush,print_newline,integer_a,string_d,string_dup,string_frominteger,string_contai,integer_mod,exec_do*count,string_fir,string_r,integer_fromchar,string_p,integer_inc,boolean_invert_first_then_and,integer_fromstring,exec_rot,integer_m,boolean_d,char_rot,exec_do*cou,string_take,exec_string_iterate,string_split,integer_pop,boolean_n,string_re,boolean_p,boolean_r,exec_pop,string_sw,boolean_x,boolean_emp,string_la,char_emp,boolean_stackdep,string_parse_to_cha,print_char,integer_dup,boolean_invert_second_then_and,integer_sub,string_setch,exec_no,boolean_yank,char_islett,string_ya,string_flu,integer_stackdepth,integer_emp,integer_dec,print_boole,integer_gt,exec,string_indexofchar,in1,char_dup,char_flush,char_pop,integer_lte,string_conjch,exec_flu,string_containsch,boolean_eq,string_flush,print_boolean,integer_d,string_rever,char_,exec_empty,string_last,integer_l,exec_when,integer_i,string_substri,string_nth,string_occurrencesofchar,integer_r,integer_s,integer_p,exec_while,integer_fromboolean,integer_empty,string_fromboole
0.0,0.00371745829941,0.00268028743388,0.000141263415378,0.00272117947517,0.00220073531325,0.00155389756915,0.00320073159579,0.00226021464604,1.11523748982e-05,0.00367656625812,0.000985126449344,0.00131969769629,1.11523748982e-05,7.43491659882e-05,7.43491659882e-06,3.71745829941e-06,3.71745829941e-06,0.000107806290683,3.71745829941e-06,0.00143493890357,0.00120445648901,7.43491659882e-06,0.00012639358218,3.71745829941e-06,0.000858732867164,0.00208177664767,0.00246467485251,0.000237917331162,0.00370258846621,4.83269578923e-05,3.71745829941e-06,0.00243493518611,7.43491659882e-06,0.0,0.00358362980063,0.00267285251728,2.60222080959e-05,1.85872914971e-05,0.0,7.43491659882e-06,5.57618744912e-05,7.43491659882e-06,0.00347210605165,0.00147211348657,0.00152044044446,0.00334942992777,0.00118215173921,0.0019182084825,1.11523748982e-05,0.00134943736269,0.00295166188973,0.000866167783763,3.71745829941e-06,0.00152044044446,1.48698331976e-05,0.00267285251728,0.000806688450972,0.00266170014238,0.0,3.34571246947e-05,1.48698331976e-05,0.00146096111167,4.83269578923e-05,1.48698331976e-05,0.00147954840317,0.0025055668938,0.00204460206468,3.71745829941e-06,0.000137545957078,7.43491659882e-06,1.11523748982e-05,3.71745829941e-06,7.43491659882e-06,5.20444161918e-05,0.000115241207282,0.000591075869606,0.00242006535292,0.00283270322415,0.00162081181854,0.0,2.23047497965e-05,0.003141252263,0.0018698815246,2.60222080959e-05,0.0,0.00350556317635,0.00217843056346,0.00165055148494,0.00121560886391,5.20444161918e-05,3.34571246947e-05,0.00199627510678,0.000144980873677,0.00291076984844,0.000118958665581,2.97396663953e-05,0.00366169642492,3.71745829941e-06,0.000360593455043,1.48698331976e-05,0.0,0.00368771863302,0.0,1.11523748982e-05,0.000754644034781,0.00233084635373,0.00242378281122,0.00256876368489,0.00195910052379,0.000992561365943,7.43491659882e-06,0.00237173839502,3.71745829941e-06,3.71745829941e-06,0.00112267240642,3.71745829941e-06,2.60222080959e-05,0.000278809372456,0.00213753852216,9.66539157847e-05,1.48698331976e-05,1.48698331976e-05,3.71745829941e-06,3.71745829941e-06,7.43491659882e-06,0.00165426894324,0.00136430719588,1.85872914971e-05,0.00371374084111,1.85872914971e-05,3.71745829941e-06,0.0,7.43491659882e-06,0.0018773164412,0.00248697960231,0.00339775688566,0.000951669324649,0.00291820476504,1.48698331976e-05,0.00204831952298,0.00132341515459,3.71745829941e-06,0.00201114493998,7.43491659882e-06,0.00158735469385,0.00037918074654,1.48698331976e-05,2.60222080959e-05,0.0012862405716,3.71745829941e-06,0.00146096111167,0.00167657369303,0.00236058602013,0.00135687227929,0.00181040219181,0.00271002710027,0.00270630964197,0.000501856870421,3.71745829941e-06,0.00265426522578,0.0,3.71745829941e-06,0.00324162363709,0.000156133248575,3.71745829941e-05,3.71745829941e-06,3.71745829941e-06,0.000843863033966,0.000594793327906,3.71745829941e-06,0.0025427414768,0.0018959037327,0.0,9.66539157847e-05,0.00209292902257,6.319679109e-05,0.00349441080145,0.00220073531325,0.00205947189787,0.00197397035699,3.34571246947e-05,7.43491659882e-06,0.00231969397883,7.43491659882e-06,0.00266541760068,0.000680294868792,0.00158363723555,0.000728621826685,6.319679109e-05,4.83269578923e-05,3.34571246947e-05,3.71745829941e-06,0.00037918074654,3.71745829941e-05,3.71745829941e-06,3.71745829941e-05,3.71745829941e-06,3.71745829941e-06,6.69142493894e-05,2.97396663953e-05,0.00326021092858,0.00220073531325,0.0031895792209,0.00371002338281,0.000122676123881,0.0,0.00174720540072,2.97396663953e-05,0.000122676123881,0.0,0.00271374455857,7.43491659882e-06,0.00255761131,7.43491659882e-06,0.003141252263,3.71745829941e-06,0.000241634789462,0.00371745829941,0.000513009245319,0.00305575072212,0.00202229731488,0.00165798640154,0.0,0.0,3.71745829941e-06,0.00333456009457,0.00044237753763,9.66539157847e-05,3.71745829941e-05,1.85872914971e-05,3.71745829941e-06,0.00299627138933,0.000256504622659,1.11523748982e-05,0.00120445648901,7.80666242876e-05,1.48698331976e-05,0.001899621191,0.00331969026137,0.0,0.000360593455043,1.48698331976e-05,0.00301114122252,0.000643120285798,0.00286987780715,9.29364574853e-05
Gen 269
string_,string_rot,integer_swap,exec_sho,integer_gte,boolean_shove,boolean_and,string_pop,exec_eq,string_yankd,string_parse_to_chars,integer_lt,string_stackdepth,exec_do*whi,char_r,char_p,boolean_sw,integer_sho,boolean_invert_second_then_a,print_integ,char_iswhitespace,string_removechar,exec_emp,string_first,string_conc,string_yank,string_concat,string_setchar,exec_yankd,string_length,string_replacefirstch,char_d,integer_eq,exec_do*tim,string_emptystri,string_reverse,exec_yankdup,string_repla,exec_,char_ya,integer_mu,string_replacech,boolean_yankd,char_isletter,integer_add,string_empty,char_isdigit,print_integer,exec_shove,integer_fromstri,string_conjchar,boolean_or,boolean_empty,exec_wh,string_fromchar,integer_yankd,exec_do*while,integer_rot,string_rest,boolean_flu,integer_stackdep,char_iswhitespa,char_allfromstring,boolean_,char_allfromstri,exec_stackdepth,exec_do*range,char_shove,char_stackdep,string_removech,exec_stackdep,boolean_sho,string_indexofch,string_stackdep,string_leng,print_ch,integer_mult,boolean_xor,boolean_yankdup,integer_min,string_emp,integer_fromch,exec_yank,char_stackdepth,char_sw,integer_fromboole,string_replace,integer_div,string_replacefirst,boolean_frominteger,string_butla,char_isdig,integer_flush,integer_,string_yankdup,char_flu,print_exec,integer_yank,boolean_frominteg,string_emptystring,char_yankd,boolean_ya,string_swap,print_ex,exec_d,integer_max,char_swap,string_contains,char_empty,exec_dup,exec_k,string_frominteg,exec_noop,exec_p,exec_r,exec_s,string_sho,integer_flu,exec_y,boolean_rot,boolean_a,integer_ya,exec_ya,boolean_invert_first_then_a,string_spl,string_occurrencesofch,integer_yankdup,string_replacechar,char_sho,string_fromboolean,print_stri,exec_string_itera,print_newli,string_ta,string_replacefirstchar,string_substring,boolean_stackdepth,string_shove,string_containschar,exec_do*ran,char_yankdup,char_yank,integer_sw,exec_do*times,string_fromch,integer_shove,exec_if,exec_whi,integer_g,char_frominteger,char_frominteg,boolean_dup,string_eq,boolean_not,char_eq,boolean_flush,boolean_pop,string_butlast,exec_swap,string_replacefir,boolean_swap,exec_sw,string_n,print_string,exec_flush,print_newline,integer_a,string_d,string_dup,string_frominteger,string_contai,integer_mod,exec_do*count,string_fir,string_r,integer_fromchar,string_p,integer_inc,boolean_invert_first_then_and,integer_fromstring,exec_rot,integer_m,boolean_d,char_rot,exec_do*cou,string_take,exec_string_iterate,string_split,integer_pop,boolean_n,string_re,boolean_p,boolean_r,exec_pop,string_sw,boolean_x,boolean_emp,string_la,char_emp,boolean_stackdep,string_parse_to_cha,print_char,integer_dup,boolean_invert_second_then_and,integer_sub,string_setch,exec_no,boolean_yank,char_islett,string_ya,string_flu,integer_stackdepth,integer_emp,integer_dec,print_boole,integer_gt,exec,string_indexofchar,in1,char_dup,char_flush,char_pop,integer_lte,string_conjch,exec_flu,string_containsch,boolean_eq,string_flush,print_boolean,integer_d,string_rever,char_,exec_empty,string_last,integer_l,exec_when,integer_i,string_substri,string_nth,string_occurrencesofchar,integer_r,integer_s,integer_p,exec_while,integer_fromboolean,integer_empty,string_fromboole
0.0,0.00369628260636,0.0026296198903,0.000144443909467,0.00267776786012,0.00211851067218,0.00170369739371,0.00302961840882,0.00219999185188,3.3333209877e-05,0.00365554201651,0.000985181536365,0.00128147673527,4.81479698223e-05,2.59258299043e-05,3.3333209877e-05,1.48147599453e-05,1.1111069959e-05,0.000159258669412,0.0,0.00138888374488,0.00119999555557,1.48147599453e-05,0.000155554979426,3.70368998633e-06,0.000785182277103,0.00218147340195,0.00244073170099,0.00022222139918,0.00369257891637,5.5555349795e-05,7.40737997267e-06,0.00234813945134,1.48147599453e-05,0.0,0.00362961618661,0.00283332283955,4.4444279836e-05,2.59258299043e-05,3.70368998633e-06,0.0,4.81479698223e-05,3.70368998633e-06,0.003522209177,0.00167036418384,0.00149629075448,0.0033592468176,0.00118888448561,0.00197406676272,1.1111069959e-05,0.00139999481483,0.00305924792871,0.000877774526761,0.0,0.00150740182444,2.2222139918e-05,0.00269258262006,0.000744441687253,0.00262591620031,1.1111069959e-05,2.59258299043e-05,1.48147599453e-05,0.00137777267492,1.85184499317e-05,1.85184499317e-05,0.00141851326477,0.00241850956108,0.00200739997259,0.0,7.7777489713e-05,3.70368998633e-06,7.40737997267e-06,0.0,1.1111069959e-05,7.03701097403e-05,8.51848696857e-05,0.000507405528128,0.00225184351169,0.00290369294929,0.00152221658438,3.70368998633e-06,2.2222139918e-05,0.00307406268866,0.00179999333336,5.5555349795e-05,7.40737997267e-06,0.00343702430732,0.00223332506176,0.00154073503431,0.00139258743486,3.3333209877e-05,1.48147599453e-05,0.00184443761319,0.000196295569276,0.00294072984915,7.7777489713e-05,3.70368998633e-05,0.00365554201651,0.0,0.000385183758579,1.1111069959e-05,0.0,0.00366665308647,0.0,2.96295198907e-05,0.000714812167362,0.00237406528124,0.0024925833608,0.00263702727027,0.00184073392321,0.000974070466406,7.40737997267e-06,0.00234443576135,0.0,7.40737997267e-06,0.00106295902608,7.40737997267e-06,3.3333209877e-05,0.000207406639235,0.00207777008233,0.00011111069959,1.48147599453e-05,7.40737997267e-06,1.1111069959e-05,3.70368998633e-06,3.70368998633e-06,0.00161851252403,0.00132221732512,1.48147599453e-05,0.00369998629635,1.1111069959e-05,1.1111069959e-05,3.70368998633e-06,1.48147599453e-05,0.00176295643349,0.0024111021811,0.00338517264751,0.00112592175585,0.00285184128948,1.1111069959e-05,0.0019777704527,0.00117036603568,1.1111069959e-05,0.00195554831278,1.48147599453e-05,0.00146666123459,0.000370368998633,7.40737997267e-06,2.2222139918e-05,0.00109629223595,3.70368998633e-06,0.0013814763649,0.00171110477369,0.00237036159125,0.00122962507546,0.00164814204392,0.0026555457202,0.00259628668042,0.000411109588483,0.0,0.0026555457202,3.70368998633e-06,1.85184499317e-05,0.00315184017837,0.000155554979426,5.18516598087e-05,2.59258299043e-05,3.70368998633e-06,0.000755552757212,0.000603701467772,3.70368998633e-06,0.00263702727027,0.00193332617287,3.70368998633e-06,5.92590397813e-05,0.0021148069822,7.03701097403e-05,0.00345924644724,0.00214814019207,0.00213332543213,0.00194443724283,2.96295198907e-05,1.85184499317e-05,0.00227406565161,1.48147599453e-05,0.00251110181073,0.000729626927308,0.00144443909467,0.000803700727034,4.4444279836e-05,7.40737997267e-05,1.48147599453e-05,3.70368998633e-06,0.000322221028811,6.29627297677e-05,2.2222139918e-05,3.70368998633e-05,0.0,7.40737997267e-06,6.6666419754e-05,1.85184499317e-05,0.00321480290814,0.00215925126203,0.00315924755834,0.00369257891637,7.7777489713e-05,0.0,0.0015999940741,1.1111069959e-05,9.62959396447e-05,3.70368998633e-06,0.0026555457202,7.40737997267e-06,0.00269999000004,0.0,0.00311109958852,2.59258299043e-05,0.000440739108374,0.00370368998633,0.00066666419754,0.00299628519894,0.00199628890263,0.00152962396436,3.70368998633e-06,0.0,0.0,0.00328146932789,0.000577775637868,9.25922496583e-05,4.07405898497e-05,1.1111069959e-05,7.40737997267e-06,0.00307035899867,0.000218517709194,1.1111069959e-05,0.00114814389576,6.6666419754e-05,1.85184499317e-05,0.00190369665298,0.00330369146781,0.0,0.000414813278469,2.59258299043e-05,0.0028999892593,0.000559257187936,0.00293702615916,7.40737997267e-05
Gen 270
string_,string_rot,integer_swap,exec_sho,integer_gte,boolean_shove,boolean_and,string_pop,exec_eq,string_yankd,string_parse_to_chars,integer_lt,string_stackdepth,exec_do*whi,char_r,char_p,boolean_sw,integer_sho,boolean_invert_second_then_a,print_integ,char_iswhitespace,string_removechar,exec_emp,string_first,string_conc,string_yank,string_concat,string_setchar,exec_yankd,string_length,string_replacefirstch,char_d,integer_eq,exec_do*tim,string_emptystri,string_reverse,exec_yankdup,string_repla,exec_,char_ya,integer_mu,string_replacech,boolean_yankd,char_isletter,integer_add,string_empty,char_isdigit,print_integer,exec_shove,integer_fromstri,string_conjchar,boolean_or,boolean_empty,exec_wh,string_fromchar,integer_yankd,exec_do*while,integer_rot,string_rest,boolean_flu,integer_stackdep,char_iswhitespa,char_allfromstring,boolean_,char_allfromstri,exec_stackdepth,exec_do*range,char_shove,char_stackdep,string_removech,exec_stackdep,boolean_sho,string_indexofch,string_stackdep,string_leng,print_ch,integer_mult,boolean_xor,boolean_yankdup,integer_min,string_emp,integer_fromch,exec_yank,char_stackdepth,char_sw,integer_fromboole,string_replace,integer_div,string_replacefirst,boolean_frominteger,string_butla,char_isdig,integer_flush,integer_,string_yankdup,char_flu,print_exec,integer_yank,boolean_frominteg,string_emptystring,char_yankd,boolean_ya,string_swap,print_ex,exec_d,integer_max,char_swap,string_contains,char_empty,exec_dup,exec_k,string_frominteg,exec_noop,exec_p,exec_r,exec_s,string_sho,integer_flu,exec_y,boolean_rot,boolean_a,integer_ya,exec_ya,boolean_invert_first_then_a,string_spl,string_occurrencesofch,integer_yankdup,string_replacechar,char_sho,string_fromboolean,print_stri,exec_string_itera,print_newli,string_ta,string_replacefirstchar,string_substring,boolean_stackdepth,string_shove,string_containschar,exec_do*ran,char_yankdup,char_yank,integer_sw,exec_do*times,string_fromch,integer_shove,exec_if,exec_whi,integer_g,char_frominteger,char_frominteg,boolean_dup,string_eq,boolean_not,char_eq,boolean_flush,boolean_pop,string_butlast,exec_swap,string_replacefir,boolean_swap,exec_sw,string_n,print_string,exec_flush,print_newline,integer_a,string_d,string_dup,string_frominteger,string_contai,integer_mod,exec_do*count,string_fir,string_r,integer_fromchar,string_p,integer_inc,boolean_invert_first_then_and,integer_fromstring,exec_rot,integer_m,boolean_d,char_rot,exec_do*cou,string_take,exec_string_iterate,string_split,integer_pop,boolean_n,string_re,boolean_p,boolean_r,exec_pop,string_sw,boolean_x,boolean_emp,string_la,char_emp,boolean_stackdep,string_parse_to_cha,print_char,integer_dup,boolean_invert_second_then_and,integer_sub,string_setch,exec_no,boolean_yank,char_islett,string_ya,string_flu,integer_stackdepth,integer_emp,integer_dec,print_boole,integer_gt,exec,string_indexofchar,in1,char_dup,char_flush,char_pop,integer_lte,string_conjch,exec_flu,string_containsch,boolean_eq,string_flush,print_boolean,integer_d,string_rever,char_,exec_empty,string_last,integer_l,exec_when,integer_i,string_substri,string_nth,string_occurrencesofchar,integer_r,integer_s,integer_p,exec_while,integer_fromboolean,integer_empty,string_fromboole
0.0,0.00369002328405,0.00260884646182,0.000202951280623,0.0027748975096,0.00196309238711,0.00173062092022,0.00312544972159,0.00223984413342,1.10700698521e-05,0.00364943302792,0.000988926240125,0.00126198796314,2.95201862724e-05,1.84501164202e-05,3.32102095564e-05,0.0,3.69002328405e-06,0.00017343109435,3.69002328405e-06,0.00127674805628,0.00126567798643,1.10700698521e-05,0.000169741071066,0.0,0.000730624610241,0.00224722417998,0.00260884646182,0.000166051047782,0.00369002328405,5.16603259767e-05,7.38004656809e-06,0.00236530492507,7.38004656809e-06,0.0,0.00362360286493,0.00276751746304,2.21401397043e-05,2.95201862724e-05,3.69002328405e-06,7.38004656809e-06,4.05902561245e-05,1.10700698521e-05,0.0035387323294,0.00178597126948,0.00152397961631,0.00323615042011,0.00112914712492,0.00204427289936,1.10700698521e-05,0.00135792856853,0.00314758986129,0.000867155471751,3.69002328405e-06,0.001571949919,1.47600931362e-05,0.00269740702064,0.000785974959502,0.00273061723019,3.69002328405e-06,5.90403725448e-05,3.69002328405e-06,0.00141696894107,2.95201862724e-05,1.84501164202e-05,0.00139482880137,0.00233947476209,0.00207379308563,0.0,9.22505821012e-05,1.84501164202e-05,3.69002328405e-06,0.0,1.10700698521e-05,4.79703026926e-05,8.48705355331e-05,0.000583023678879,0.00226936431969,0.00292618846425,0.00157932996557,7.38004656809e-06,3.32102095564e-05,0.00311437965174,0.00187084180501,6.64204191128e-05,0.0,0.00343541167745,0.00216973369102,0.00173062092022,0.00160516012856,1.84501164202e-05,2.58301629883e-05,0.00186715178173,0.000158671001214,0.00285238799857,9.59406053852e-05,3.69002328405e-05,0.00366788314434,7.38004656809e-06,0.000468632957074,7.38004656809e-06,3.69002328405e-06,0.00365312305121,0.0,3.32102095564e-05,0.000649444097992,0.00247231560031,0.0024058951812,0.00256456618241,0.00181918147904,0.00115866731119,0.0,0.00222508404028,3.69002328405e-06,7.38004656809e-06,0.00108855686879,7.38004656809e-06,2.58301629883e-05,0.000236161490179,0.00203320282951,0.000132840838226,7.38004656809e-06,2.95201862724e-05,1.10700698521e-05,3.69002328405e-06,2.58301629883e-05,0.00174169099007,0.00133209840554,1.84501164202e-05,0.00369002328405,3.69002328405e-06,1.10700698521e-05,0.0,1.47600931362e-05,0.00184870166531,0.00247969564688,0.0033542311652,0.00107010675237,0.00301105899978,1.10700698521e-05,0.00188560189815,0.00116235733447,3.69002328405e-06,0.0019188121077,7.38004656809e-06,0.00141327891779,0.000261991653167,1.10700698521e-05,1.47600931362e-05,0.00129888819598,0.0,0.00144648912735,0.0017343109435,0.00238375504149,0.00118818749746,0.00166789052439,0.00265681676451,0.00271954716034,0.000490773096778,0.0,0.00253504599614,0.0,3.69002328405e-06,0.00325460053653,0.000188191187486,4.79703026926e-05,1.10700698521e-05,3.69002328405e-06,0.000752764749946,0.000708484470537,7.38004656809e-06,0.0026826469275,0.00191143206114,1.47600931362e-05,6.27303958288e-05,0.00230257452925,4.05902561245e-05,0.00352028221298,0.0021512835746,0.00213652348146,0.00201475271309,3.69002328405e-05,3.32102095564e-05,0.00233947476209,2.21401397043e-05,0.00260884646182,0.000723244563673,0.0016199202217,0.000645754074708,3.69002328405e-05,5.16603259767e-05,2.58301629883e-05,7.38004656809e-06,0.000357932258553,5.53503492607e-05,1.47600931362e-05,1.47600931362e-05,0.0,7.38004656809e-06,5.16603259767e-05,1.84501164202e-05,0.00322139032697,0.00216973369102,0.0032140102804,0.00367157316763,0.000143910908078,0.0,0.00166789052439,1.47600931362e-05,0.000132840838226,0.0,0.00271216711377,3.69002328405e-06,0.00273799727676,0.0,0.00314020981472,1.84501164202e-05,0.000523983306335,0.00369002328405,0.000693724377401,0.00299998892993,0.00201475271309,0.00149445943004,3.69002328405e-06,0.0,0.0,0.00328043069952,0.000490773096778,0.000147600931362,3.32102095564e-05,1.10700698521e-05,1.10700698521e-05,0.0030774794189,0.000184501164202,0.0,0.00130257821927,5.90403725448e-05,1.10700698521e-05,0.00185608171188,0.00332102095564,7.38004656809e-06,0.000365312305121,3.69002328405e-06,0.00298153881351,0.000509223213198,0.00301105899978,0.000162361024498
Gen 271
string_,string_rot,integer_swap,exec_sho,integer_gte,boolean_shove,boolean_and,string_pop,exec_eq,string_yankd,string_parse_to_chars,integer_lt,string_stackdepth,exec_do*whi,char_r,char_p,boolean_sw,integer_sho,boolean_invert_second_then_a,print_integ,char_iswhitespace,string_removechar,exec_emp,string_first,string_conc,string_yank,string_concat,string_setchar,exec_yankd,string_length,string_replacefirstch,char_d,integer_eq,exec_do*tim,string_emptystri,string_reverse,exec_yankdup,string_repla,exec_,char_ya,integer_mu,string_replacech,boolean_yankd,char_isletter,integer_add,string_empty,char_isdigit,print_integer,exec_shove,integer_fromstri,string_conjchar,boolean_or,boolean_empty,exec_wh,string_fromchar,integer_yankd,exec_do*while,integer_rot,string_rest,boolean_flu,integer_stackdep,char_iswhitespa,char_allfromstring,boolean_,char_allfromstri,exec_stackdepth,exec_do*range,char_shove,char_stackdep,string_removech,exec_stackdep,boolean_sho,string_indexofch,string_stackdep,string_leng,print_ch,integer_mult,boolean_xor,boolean_yankdup,integer_min,string_emp,integer_fromch,exec_yank,char_stackdepth,char_sw,integer_fromboole,string_replace,integer_div,string_replacefirst,boolean_frominteger,string_butla,char_isdig,integer_flush,integer_,string_yankdup,char_flu,print_exec,integer_yank,boolean_frominteg,string_emptystring,char_yankd,boolean_ya,string_swap,print_ex,exec_d,integer_max,char_swap,string_contains,char_empty,exec_dup,exec_k,string_frominteg,exec_noop,exec_p,exec_r,exec_s,string_sho,integer_flu,exec_y,boolean_rot,boolean_a,integer_ya,exec_ya,boolean_invert_first_then_a,string_spl,string_occurrencesofch,integer_yankdup,string_replacechar,char_sho,string_fromboolean,print_stri,exec_string_itera,print_newli,string_ta,string_replacefirstchar,string_substring,boolean_stackdepth,string_shove,string_containschar,exec_do*ran,char_yankdup,char_yank,integer_sw,exec_do*times,string_fromch,integer_shove,exec_if,exec_whi,integer_g,char_frominteger,char_frominteg,boolean_dup,string_eq,boolean_not,char_eq,boolean_flush,boolean_pop,string_butlast,exec_swap,string_replacefir,boolean_swap,exec_sw,string_n,print_string,exec_flush,print_newline,integer_a,string_d,string_dup,string_frominteger,string_contai,integer_mod,exec_do*count,string_fir,string_r,integer_fromchar,string_p,integer_inc,boolean_invert_first_then_and,integer_fromstring,exec_rot,integer_m,boolean_d,char_rot,exec_do*cou,string_take,exec_string_iterate,string_split,integer_pop,boolean_n,string_re,boolean_p,boolean_r,exec_pop,string_sw,boolean_x,boolean_emp,string_la,char_emp,boolean_stackdep,string_parse_to_cha,print_char,integer_dup,boolean_invert_second_then_and,integer_sub,string_setch,exec_no,boolean_yank,char_islett,string_ya,string_flu,integer_stackdepth,integer_emp,integer_dec,print_boole,integer_gt,exec,string_indexofchar,in1,char_dup,char_flush,char_pop,integer_lte,string_conjch,exec_flu,string_containsch,boolean_eq,string_flush,print_boolean,integer_d,string_rever,char_,exec_empty,string_last,integer_l,exec_when,integer_i,string_substri,string_nth,string_occurrencesofchar,integer_r,integer_s,integer_p,exec_while,integer_fromboolean,integer_empty,string_fromboole
0.0,0.00367645707185,0.00274631343267,0.000194852224808,0.00267278429123,0.0019852868188,0.0017242583667,0.00303307708428,0.00220219778604,0.0,0.0036433689582,0.00103308443719,0.001227936662,3.67645707185e-05,1.83822853592e-05,3.67645707185e-05,7.3529141437e-06,0.0,0.000180146396521,3.67645707185e-06,0.00129043643222,0.00131249517465,2.20587424311e-05,0.000161764111161,3.67645707185e-06,0.0008749967831,0.00219116841482,0.00257351995029,0.000183822853592,0.00367645707185,3.67645707185e-05,0.0,0.00232352086941,7.3529141437e-06,0.0,0.0036176337587,0.00280881320289,1.83822853592e-05,4.04410277903e-05,0.0,0.0,5.51468560777e-05,3.67645707185e-06,0.00349263421826,0.00166543505355,0.00151837677067,0.00320587056665,0.00104411380841,0.00206984533145,1.10293712155e-05,0.00141543597266,0.00318748828129,0.000852938040669,3.67645707185e-06,0.00159558236918,2.20587424311e-05,0.0026249903493,0.000709556214867,0.00275366634681,3.67645707185e-06,4.04410277903e-05,1.10293712155e-05,0.00143014180095,1.83822853592e-05,2.94116565748e-05,0.00149631802824,0.00219852132897,0.00200366910416,3.67645707185e-06,0.000106617255084,2.20587424311e-05,3.67645707185e-06,0.0,1.47058282874e-05,3.30881136466e-05,0.000102940798012,0.000533086275418,0.00233455024062,0.00292645982919,0.00149264157117,7.3529141437e-06,3.67645707185e-06,0.00295587148577,0.00188969893493,2.94116565748e-05,0.0,0.00333454656417,0.00215808030118,0.00163602339697,0.00151837677067,2.20587424311e-05,1.10293712155e-05,0.00195219870515,0.000121323083371,0.00274998988974,9.92643409399e-05,2.94116565748e-05,0.00363601604406,7.3529141437e-06,0.000544115646634,1.10293712155e-05,7.3529141437e-06,0.00363233958699,0.0,4.41174848622e-05,0.000680144558292,0.00234190315477,0.00232352086941,0.00249631435179,0.00193013996272,0.00097426112404,3.67645707185e-06,0.00220955070018,0.0,0.0,0.000841908669453,3.67645707185e-06,3.67645707185e-05,0.00019852868188,0.0022205800714,8.08820555807e-05,1.10293712155e-05,2.20587424311e-05,7.3529141437e-06,3.67645707185e-06,3.67645707185e-06,0.00161028819747,0.00141175951559,2.20587424311e-05,0.00367645707185,7.3529141437e-06,1.10293712155e-05,0.0,1.10293712155e-05,0.00173161128084,0.0023896970967,0.00340072279146,0.00112867232106,0.00308822394035,1.47058282874e-05,0.00186028727836,0.00109558420741,0.0,0.00193749287686,1.47058282874e-05,0.00134190683122,0.00033823405061,2.20587424311e-05,3.67645707185e-06,0.00129043643222,7.3529141437e-06,0.00175367002327,0.00178675813692,0.0023639618972,0.00119852500542,0.00161764111161,0.00261396097808,0.00256249057908,0.0004963217047,3.67645707185e-06,0.0025330789225,7.3529141437e-06,1.83822853592e-05,0.00315807662472,0.000136028911658,3.67645707185e-05,1.83822853592e-05,3.67645707185e-06,0.000698526843651,0.000716909129011,7.3529141437e-06,0.00258087286444,0.00161764111161,1.83822853592e-05,4.04410277903e-05,0.00231984441234,7.3529141437e-05,0.00350366358947,0.00206249241731,0.00218749195775,0.00182719916471,1.47058282874e-05,3.30881136466e-05,0.00232719732648,7.3529141437e-06,0.002507343723,0.000761026613873,0.00177205230863,0.000702203300723,3.67645707185e-05,2.57351995029e-05,1.83822853592e-05,1.10293712155e-05,0.000316175308179,1.83822853592e-05,2.20587424311e-05,4.7793941934e-05,0.0,1.83822853592e-05,9.92643409399e-05,3.30881136466e-05,0.00323160576616,0.00213234510167,0.00315072371057,0.00366910415771,0.000150734739946,0.0,0.00169117025305,3.67645707185e-06,0.000102940798012,3.67645707185e-06,0.00269484303367,3.67645707185e-06,0.00272057823317,0.0,0.00313234142522,4.7793941934e-05,0.000507351075915,0.00367645707185,0.000749997242657,0.00287498943019,0.00199999264709,0.00167646442476,2.20587424311e-05,0.0,7.3529141437e-06,0.0032904290793,0.000518380447131,0.000136028911658,5.88233131496e-05,1.47058282874e-05,7.3529141437e-06,0.0030955768545,0.000150734739946,1.83822853592e-05,0.00129778934636,4.7793941934e-05,1.47058282874e-05,0.00184925790714,0.00330145845052,3.67645707185e-06,0.000356616335969,3.67645707185e-06,0.00282719548825,0.000555145017849,0.00298160668527,0.000150734739946
Gen 272
string_,string_rot,integer_swap,exec_sho,integer_gte,boolean_shove,boolean_and,string_pop,exec_eq,string_yankd,string_parse_to_chars,integer_lt,string_stackdepth,exec_do*whi,char_r,char_p,boolean_sw,integer_sho,boolean_invert_second_then_a,print_integ,char_iswhitespace,string_removechar,exec_emp,string_first,string_conc,string_yank,string_concat,string_setchar,exec_yankd,string_length,string_replacefirstch,char_d,integer_eq,exec_do*tim,string_emptystri,string_reverse,exec_yankdup,string_repla,exec_,char_ya,integer_mu,string_replacech,boolean_yankd,char_isletter,integer_add,string_empty,char_isdigit,print_integer,exec_shove,integer_fromstri,string_conjchar,boolean_or,boolean_empty,exec_wh,string_fromchar,integer_yankd,exec_do*while,integer_rot,string_rest,boolean_flu,integer_stackdep,char_iswhitespa,char_allfromstring,boolean_,char_allfromstri,exec_stackdepth,exec_do*range,char_shove,char_stackdep,string_removech,exec_stackdep,boolean_sho,string_indexofch,string_stackdep,string_leng,print_ch,integer_mult,boolean_xor,boolean_yankdup,integer_min,string_emp,integer_fromch,exec_yank,char_stackdepth,char_sw,integer_fromboole,string_replace,integer_div,string_replacefirst,boolean_frominteger,string_butla,char_isdig,integer_flush,integer_,string_yankdup,char_flu,print_exec,integer_yank,boolean_frominteg,string_emptystring,char_yankd,boolean_ya,string_swap,print_ex,exec_d,integer_max,char_swap,string_contains,char_empty,exec_dup,exec_k,string_frominteg,exec_noop,exec_p,exec_r,exec_s,string_sho,integer_flu,exec_y,boolean_rot,boolean_a,integer_ya,exec_ya,boolean_invert_first_then_a,string_spl,string_occurrencesofch,integer_yankdup,string_replacechar,char_sho,string_fromboolean,print_stri,exec_string_itera,print_newli,string_ta,string_replacefirstchar,string_substring,boolean_stackdepth,string_shove,string_containschar,exec_do*ran,char_yankdup,char_yank,integer_sw,exec_do*times,string_fromch,integer_shove,exec_if,exec_whi,integer_g,char_frominteger,char_frominteg,boolean_dup,string_eq,boolean_not,char_eq,boolean_flush,boolean_pop,string_butlast,exec_swap,string_replacefir,boolean_swap,exec_sw,string_n,print_string,exec_flush,print_newline,integer_a,string_d,string_dup,string_frominteger,string_contai,integer_mod,exec_do*count,string_fir,string_r,integer_fromchar,string_p,integer_inc,boolean_invert_first_then_and,integer_fromstring,exec_rot,integer_m,boolean_d,char_rot,exec_do*cou,string_take,exec_string_iterate,string_split,integer_pop,boolean_n,string_re,boolean_p,boolean_r,exec_pop,string_sw,boolean_x,boolean_emp,string_la,char_emp,boolean_stackdep,string_parse_to_cha,print_char,integer_dup,boolean_invert_second_then_and,integer_sub,string_setch,exec_no,boolean_yank,char_islett,string_ya,string_flu,integer_stackdepth,integer_emp,integer_dec,print_boole,integer_gt,exec,string_indexofchar,in1,char_dup,char_flush,char_pop,integer_lte,string_conjch,exec_flu,string_containsch,boolean_eq,string_flush,print_boolean,integer_d,string_rever,char_,exec_empty,string_last,integer_l,exec_when,integer_i,string_substri,string_nth,string_occurrencesofchar,integer_r,integer_s,integer_p,exec_while,integer_fromboolean,integer_empty,string_fromboole
0.0,0.00366299024546,0.00269229783041,0.000164834561046,0.00273625371336,0.00231500983513,0.00169962747389,0.0030219669525,0.00226739096194,0.0,0.00363368632349,0.00112087501511,0.00123076472247,2.56409317182e-05,1.83149512273e-05,2.19779414727e-05,3.66299024546e-06,0.0,0.000164834561046,3.66299024546e-06,0.00130036153714,0.0014908370299,1.09889707364e-05,0.000205127453746,0.0,0.000802194863755,0.0021758162058,0.00261171204501,0.000194138483009,0.00365566426497,1.83149512273e-05,0.0,0.00231867282537,3.29669122091e-05,0.0,0.00363368632349,0.00291207724514,2.19779414727e-05,2.93039219637e-05,3.66299024546e-06,7.32598049091e-06,8.42487756455e-05,1.09889707364e-05,0.00352013362588,0.00183515811297,0.00133332844935,0.00324907234772,0.00105127820045,0.00200365566426,7.32598049091e-06,0.00139193629327,0.00308790077692,0.000956040454064,0.0,0.00178387624954,3.66299024546e-05,0.00260438606452,0.000824172805228,0.00284248043047,0.0,4.39558829455e-05,1.09889707364e-05,0.0014505441372,4.02928927e-05,1.09889707364e-05,0.00154211889334,0.00240658459127,0.00193772183985,3.66299024546e-06,6.95968146637e-05,1.83149512273e-05,7.32598049091e-06,0.0,1.46519609818e-05,5.49448536819e-05,8.42487756455e-05,0.000608056380746,0.00236995468881,0.00285346940121,0.00140658825426,0.0,7.32598049091e-06,0.00309522675741,0.00184248409346,2.56409317182e-05,0.0,0.00341024391852,0.00224541302047,0.00164468262021,0.00157508580555,3.66299024546e-05,7.32598049091e-06,0.0019340588496,0.000135530639082,0.00288643631342,6.59338244182e-05,3.66299024546e-05,0.00361170838202,7.32598049091e-06,0.000410254907491,0.0,0.0,0.00364833828448,0.0,9.15747561364e-05,0.000648349273446,0.00228204292292,0.00241024758151,0.0025384522401,0.00190475492764,0.000904758590628,7.32598049091e-06,0.00212087135212,0.0,0.0,0.000875454668664,3.66299024546e-06,1.83149512273e-05,0.000190475492764,0.00229303189366,8.05857854001e-05,1.09889707364e-05,1.83149512273e-05,7.32598049091e-06,3.66299024546e-06,7.32598049091e-06,0.00172893139586,0.00134798041033,3.29669122091e-05,0.00366299024546,1.09889707364e-05,1.46519609818e-05,3.66299024546e-06,1.46519609818e-05,0.00186812502518,0.002417573562,0.00340658092827,0.00123809070296,0.00302562994275,3.66299024546e-06,0.00199999267402,0.00111354903462,3.66299024546e-06,0.00201098164476,3.66299024546e-06,0.00131501349812,0.0003626360343,2.19779414727e-05,1.09889707364e-05,0.00132600246886,3.66299024546e-06,0.00160805271776,0.0017325943861,0.00247618140593,0.00127105761517,0.00168863850316,0.00272526474262,0.00267031988894,0.000472525741664,0.0,0.00241024758151,0.0,1.09889707364e-05,0.0033040172014,0.0002014644635,3.29669122091e-05,1.46519609818e-05,0.0,0.000871791678419,0.000794868883264,3.66299024546e-06,0.00261537503526,0.00174724634708,2.56409317182e-05,5.12818634364e-05,0.00240292160102,7.32598049091e-05,0.00350914465515,0.00207691546917,0.00228570591317,0.00181684316175,3.29669122091e-05,5.49448536819e-05,0.00253112625961,7.32598049091e-06,0.00258240812305,0.000849813736946,0.00175457232757,0.000633697312464,3.66299024546e-05,3.66299024546e-05,4.39558829455e-05,0.0,0.000227105395218,2.19779414727e-05,2.19779414727e-05,7.32598049091e-05,0.0,7.32598049091e-06,0.000109889707364,4.02928927e-05,0.00335529906484,0.00218314218629,0.0031428456306,0.00365932725521,0.0001208786781,7.32598049091e-06,0.00174358335684,1.09889707364e-05,5.49448536819e-05,3.66299024546e-06,0.00260072307427,1.09889707364e-05,0.00275456866458,0.0,0.00312453067937,4.76188731909e-05,0.000384613975773,0.00366299024546,0.000721609078355,0.00304760788422,0.00192306987886,0.00176922428856,1.09889707364e-05,0.0,1.09889707364e-05,0.00328570225017,0.000494503683137,9.15747561364e-05,5.86078439273e-05,2.19779414727e-05,1.46519609818e-05,0.00308423778667,0.000194138483009,7.32598049091e-06,0.00131135050787,5.86078439273e-05,3.66299024546e-06,0.00199632968377,0.00319412749404,1.09889707364e-05,0.000384613975773,0.0,0.00295237013784,0.000582415449028,0.00298533705005,0.000117215687855
Gen 273
string_,string_rot,integer_swap,exec_sho,integer_gte,boolean_shove,boolean_and,string_pop,exec_eq,string_yankd,string_parse_to_chars,integer_lt,string_stackdepth,exec_do*whi,char_r,char_p,boolean_sw,integer_sho,boolean_invert_second_then_a,print_integ,char_iswhitespace,string_removechar,exec_emp,string_first,string_conc,string_yank,string_concat,string_setchar,exec_yankd,string_length,string_replacefirstch,char_d,integer_eq,exec_do*tim,string_emptystri,string_reverse,exec_yankdup,string_repla,exec_,char_ya,integer_mu,string_replacech,boolean_yankd,char_isletter,integer_add,string_empty,char_isdigit,print_integer,exec_shove,integer_fromstri,string_conjchar,boolean_or,boolean_empty,exec_wh,string_fromchar,integer_yankd,exec_do*while,integer_rot,string_rest,boolean_flu,integer_stackdep,char_iswhitespa,char_allfromstring,boolean_,char_allfromstri,exec_stackdepth,exec_do*range,char_shove,char_stackdep,string_removech,exec_stackdep,boolean_sho,string_indexofch,string_stackdep,string_leng,print_ch,integer_mult,boolean_xor,boolean_yankdup,integer_min,string_emp,integer_fromch,exec_yank,char_stackdepth,char_sw,integer_fromboole,string_replace,integer_div,string_replacefirst,boolean_frominteger,string_butla,char_isdig,integer_flush,integer_,string_yankdup,char_flu,print_exec,integer_yank,boolean_frominteg,string_emptystring,char_yankd,boolean_ya,string_swap,print_ex,exec_d,integer_max,char_swap,string_contains,char_empty,exec_dup,exec_k,string_frominteg,exec_noop,exec_p,exec_r,exec_s,string_sho,integer_flu,exec_y,boolean_rot,boolean_a,integer_ya,exec_ya,boolean_invert_first_then_a,string_spl,string_occurrencesofch,integer_yankdup,string_replacechar,char_sho,string_fromboolean,print_stri,exec_string_itera,print_newli,string_ta,string_replacefirstchar,string_substring,boolean_stackdepth,string_shove,string_containschar,exec_do*ran,char_yankdup,char_yank,integer_sw,exec_do*times,string_fromch,integer_shove,exec_if,exec_whi,integer_g,char_frominteger,char_frominteg,boolean_dup,string_eq,boolean_not,char_eq,boolean_flush,boolean_pop,string_butlast,exec_swap,string_replacefir,boolean_swap,exec_sw,string_n,print_string,exec_flush,print_newline,integer_a,string_d,string_dup,string_frominteger,string_contai,integer_mod,exec_do*count,string_fir,string_r,integer_fromchar,string_p,integer_inc,boolean_invert_first_then_and,integer_fromstring,exec_rot,integer_m,boolean_d,char_rot,exec_do*cou,string_take,exec_string_iterate,string_split,integer_pop,boolean_n,string_re,boolean_p,boolean_r,exec_pop,string_sw,boolean_x,boolean_emp,string_la,char_emp,boolean_stackdep,string_parse_to_cha,print_char,integer_dup,boolean_invert_second_then_and,integer_sub,string_setch,exec_no,boolean_yank,char_islett,string_ya,string_flu,integer_stackdepth,integer_emp,integer_dec,print_boole,integer_gt,exec,string_indexofchar,in1,char_dup,char_flush,char_pop,integer_lte,string_conjch,exec_flu,string_containsch,boolean_eq,string_flush,print_boolean,integer_d,string_rever,char_,exec_empty,string_last,integer_l,exec_when,integer_i,string_substri,string_nth,string_occurrencesofchar,integer_r,integer_s,integer_p,exec_while,integer_fromboolean,integer_empty,string_fromboole
0.0,0.00364232247328,0.00274086590925,0.000116787894935,0.00272626742238,0.00231021054668,0.0017043733417,0.00293429586023,0.00229561205981,3.64962171671e-06,0.00361312549954,0.00105839029785,0.00118977667965,7.29924343342e-06,4.01458388838e-05,4.01458388838e-05,3.64962171671e-06,7.29924343342e-06,0.000193429950986,3.64962171671e-06,0.00135036003518,0.00140875398265,4.37954606005e-05,0.00026642238532,0.0,0.000802916777676,0.00224451735578,0.00247079390221,0.000222626924719,0.00364597209499,7.29924343342e-06,0.0,0.00243429768504,1.82481085835e-05,0.0,0.00363502322984,0.0028832011562,4.01458388838e-05,5.10947040339e-05,3.64962171671e-06,0.0,8.02916777676e-05,3.64962171671e-06,0.00351823533491,0.00175546804574,0.0012445210054,0.00319706862384,0.00108758727158,0.00194159875329,3.64962171671e-06,0.00122627289681,0.00295254396882,0.000985397863511,3.64962171671e-06,0.00165327863767,2.5547352017e-05,0.00254743595826,0.000857661103427,0.0028175079653,3.64962171671e-06,2.18977303003e-05,2.5547352017e-05,0.00131386381802,3.28465954504e-05,2.5547352017e-05,0.00135765927862,0.00229926168153,0.00188320480582,3.64962171671e-06,0.000102189408068,7.29924343342e-06,7.29924343342e-06,3.64962171671e-06,1.09488651501e-05,3.28465954504e-05,5.47443257506e-05,0.000645983043858,0.00220802113861,0.00283575607388,0.0013540096569,7.29924343342e-06,1.09488651501e-05,0.00293064623852,0.00194889799672,1.45984868668e-05,0.0,0.00335035273594,0.00221167076033,0.00178831464119,0.00158393582505,1.82481085835e-05,3.28465954504e-05,0.00196349648359,0.000109488651501,0.00285765380418,6.56931909008e-05,1.09488651501e-05,0.00354743230864,3.64962171671e-06,0.000262772763603,3.28465954504e-05,3.64962171671e-06,0.00364232247328,0.0,8.7590921201e-05,0.000700727369608,0.00218977303003,0.00240145108959,0.0026423261229,0.00188320480582,0.000813865642826,7.29924343342e-06,0.00213137908256,3.64962171671e-06,3.64962171671e-06,0.00085401148171,3.64962171671e-06,2.91969737337e-05,0.000215327681286,0.00224086773406,9.48901646344e-05,7.29924343342e-06,1.09488651501e-05,1.09488651501e-05,0.0,0.0,0.00171532220685,0.00127736760085,2.91969737337e-05,0.00364962171671,1.45984868668e-05,7.29924343342e-06,3.64962171671e-06,3.64962171671e-06,0.0018357597235,0.00245619541535,0.00339414819654,0.00112773311046,0.00295254396882,1.45984868668e-05,0.00208393400024,0.00118977667965,3.64962171671e-06,0.00193429950986,3.64962171671e-06,0.00145254944325,0.000383210280254,0.0,3.64962171671e-05,0.00130656457458,1.09488651501e-05,0.00160948317707,0.00165327863767,0.00236130525071,0.0014197028478,0.00168612523312,0.00278466136985,0.00258393217543,0.000558392122656,0.0,0.00229561205981,3.64962171671e-06,3.64962171671e-06,0.00317152127182,0.000193429950986,5.47443257506e-05,1.82481085835e-05,3.64962171671e-06,0.000890507698877,0.000740873208492,7.29924343342e-06,0.00260582990573,0.0016386801508,2.18977303003e-05,6.93428126175e-05,0.00230291130324,5.10947040339e-05,0.00341969554856,0.00217882416488,0.00222261962548,0.00182846048007,7.29924343342e-06,2.18977303003e-05,0.00252918784968,7.29924343342e-06,0.00252553822796,0.000700727369608,0.0017481688023,0.000697077747891,5.10947040339e-05,2.18977303003e-05,4.37954606005e-05,3.64962171671e-06,0.000405108010555,2.5547352017e-05,3.28465954504e-05,5.83939474673e-05,0.0,7.29924343342e-06,6.20435691841e-05,2.91969737337e-05,0.00324086408444,0.00207663475681,0.00312772581122,0.00363137360813,0.000124087138368,0.0,0.00190875215784,3.64962171671e-06,5.10947040339e-05,3.64962171671e-06,0.00261677877088,7.29924343342e-06,0.00254378633655,0.0,0.00309487921577,3.28465954504e-05,0.000386859901971,0.00364962171671,0.000675180017591,0.0031240761895,0.00197444534874,0.0017700665326,2.91969737337e-05,0.0,1.45984868668e-05,0.00327006105817,0.00059853796154,0.000149634490385,4.74450823172e-05,2.5547352017e-05,1.45984868668e-05,0.00302553640315,0.000229926168153,1.45984868668e-05,0.00137225776548,4.74450823172e-05,7.29924343342e-06,0.00193794913157,0.0031678716501,3.64962171671e-06,0.000445253849439,0.0,0.0028175079653,0.000653282287291,0.00291604775165,0.000113138273218
Gen 274
string_,string_rot,integer_swap,exec_sho,integer_gte,boolean_shove,boolean_and,string_pop,exec_eq,string_yankd,string_parse_to_chars,integer_lt,string_stackdepth,exec_do*whi,char_r,char_p,boolean_sw,integer_sho,boolean_invert_second_then_a,print_integ,char_iswhitespace,string_removechar,exec_emp,string_first,string_conc,string_yank,string_concat,string_setchar,exec_yankd,string_length,string_replacefirstch,char_d,integer_eq,exec_do*tim,string_emptystri,string_reverse,exec_yankdup,string_repla,exec_,char_ya,integer_mu,string_replacech,boolean_yankd,char_isletter,integer_add,string_empty,char_isdigit,print_integer,exec_shove,integer_fromstri,string_conjchar,boolean_or,boolean_empty,exec_wh,string_fromchar,integer_yankd,exec_do*while,integer_rot,string_rest,boolean_flu,integer_stackdep,char_iswhitespa,char_allfromstring,boolean_,char_allfromstri,exec_stackdepth,exec_do*range,char_shove,char_stackdep,string_removech,exec_stackdep,boolean_sho,string_indexofch,string_stackdep,string_leng,print_ch,integer_mult,boolean_xor,boolean_yankdup,integer_min,string_emp,integer_fromch,exec_yank,char_stackdepth,char_sw,integer_fromboole,string_replace,integer_div,string_replacefirst,boolean_frominteger,string_butla,char_isdig,integer_flush,integer_,string_yankdup,char_flu,print_exec,integer_yank,boolean_frominteg,string_emptystring,char_yankd,boolean_ya,string_swap,print_ex,exec_d,integer_max,char_swap,string_contains,char_empty,exec_dup,exec_k,string_frominteg,exec_noop,exec_p,exec_r,exec_s,string_sho,integer_flu,exec_y,boolean_rot,boolean_a,integer_ya,exec_ya,boolean_invert_first_then_a,string_spl,string_occurrencesofch,integer_yankdup,string_replacechar,char_sho,string_fromboolean,print_stri,exec_string_itera,print_newli,string_ta,string_replacefirstchar,string_substring,boolean_stackdepth,string_shove,string_containschar,exec_do*ran,char_yankdup,char_yank,integer_sw,exec_do*times,string_fromch,integer_shove,exec_if,exec_whi,integer_g,char_frominteger,char_frominteg,boolean_dup,string_eq,boolean_not,char_eq,boolean_flush,boolean_pop,string_butlast,exec_swap,string_replacefir,boolean_swap,exec_sw,string_n,print_string,exec_flush,print_newline,integer_a,string_d,string_dup,string_frominteger,string_contai,integer_mod,exec_do*count,string_fir,string_r,integer_fromchar,string_p,integer_inc,boolean_invert_first_then_and,integer_fromstring,exec_rot,integer_m,boolean_d,char_rot,exec_do*cou,string_take,exec_string_iterate,string_split,integer_pop,boolean_n,string_re,boolean_p,boolean_r,exec_pop,string_sw,boolean_x,boolean_emp,string_la,char_emp,boolean_stackdep,string_parse_to_cha,print_char,integer_dup,boolean_invert_second_then_and,integer_sub,string_setch,exec_no,boolean_yank,char_islett,string_ya,string_flu,integer_stackdepth,integer_emp,integer_dec,print_boole,integer_gt,exec,string_indexofchar,in1,char_dup,char_flush,char_pop,integer_lte,string_conjch,exec_flu,string_containsch,boolean_eq,string_flush,print_boolean,integer_d,string_rever,char_,exec_empty,string_last,integer_l,exec_when,integer_i,string_substri,string_nth,string_occurrencesofchar,integer_r,integer_s,integer_p,exec_while,integer_fromboolean,integer_empty,string_fromboole
0.0,0.00363635041327,0.00271635375871,0.000127272264464,0.00283271697194,0.00236362776863,0.00161817593391,0.00300362544136,0.00217090119672,0.0,0.00359271420831,0.00114545038018,0.00127999534547,2.90908033062e-05,4.72725553725e-05,3.9999854546e-05,0.0,1.09090512398e-05,0.000105454161985,7.27270082654e-06,0.00140726760994,0.00140726760994,2.54544528929e-05,0.000243635477689,3.63635041327e-06,0.000949087457864,0.00222544645292,0.0024654455802,0.000225453725623,0.00362907771244,1.45454016531e-05,0.0,0.00233817331573,2.54544528929e-05,0.0,0.00359635055873,0.0028218079207,3.9999854546e-05,4.36362049593e-05,0.0,7.27270082654e-06,7.27270082654e-05,3.63635041327e-06,0.00340726033724,0.00184362965953,0.00121454103803,0.00310544325293,0.000996360013236,0.00200726542813,3.63635041327e-06,0.00134544965291,0.00301089814219,0.00101817811572,1.09090512398e-05,0.00162544863473,1.09090512398e-05,0.00263635404962,0.000974541910757,0.00273817186119,3.63635041327e-06,3.9999854546e-05,7.27270082654e-06,0.00134908600332,2.90908033062e-05,1.09090512398e-05,0.00134544965291,0.00236726411904,0.00207999243639,3.63635041327e-06,5.81816066123e-05,7.27270082654e-06,3.63635041327e-06,3.63635041327e-06,7.27270082654e-06,5.81816066123e-05,6.18179570256e-05,0.000719997381828,0.00221090105127,0.00281817157029,0.00134544965291,1.09090512398e-05,1.81817520664e-05,0.00305089799673,0.00192362936862,2.54544528929e-05,7.27270082654e-06,0.00335998778186,0.00223999185458,0.00153817622481,0.00148363096861,2.18181024796e-05,2.90908033062e-05,0.00197453827441,0.000152726717357,0.00287998952731,4.36362049593e-05,3.63635041327e-05,0.00356725975542,7.27270082654e-06,0.00036727139174,1.09090512398e-05,3.63635041327e-06,0.00362544136203,7.27270082654e-06,6.54543074389e-05,0.000770906287613,0.00223635550416,0.00247271828102,0.00270544470747,0.00184362965953,0.000919996654558,1.09090512398e-05,0.0020836287868,7.27270082654e-06,0.0,0.000912723953731,0.0,2.90908033062e-05,0.00018909022149,0.00214544674383,0.000116363213225,2.18181024796e-05,2.18181024796e-05,7.27270082654e-06,3.63635041327e-06,3.63635041327e-06,0.00182544790746,0.00125090454217,3.9999854546e-05,0.00363271406286,0.0,1.09090512398e-05,3.63635041327e-06,3.63635041327e-06,0.00204726528267,0.00241453667441,0.00341816938847,0.00102181446613,0.0029854436893,2.18181024796e-05,0.0021090832397,0.00115999578183,3.63635041327e-06,0.00195272017193,0.0,0.00145454016531,0.000407271246286,0.0,3.27271537194e-05,0.00119999563638,0.0,0.0013963585587,0.00167635754052,0.00243271842648,0.00138181315704,0.00165453943804,0.00273453551078,0.00258908149425,0.000701815629761,3.63635041327e-06,0.00228362805953,0.0,1.45454016531e-05,0.0032618063207,0.000265453580169,4.36362049593e-05,0.0,3.63635041327e-06,0.000941814757037,0.00075636088596,3.63635041327e-06,0.0024399911273,0.00175635724961,3.63635041327e-06,3.9999854546e-05,0.0022181737521,7.63633586787e-05,0.00349089639674,0.00225453725623,0.00231271886284,0.00174908454878,1.45454016531e-05,3.63635041327e-05,0.00250908178516,1.45454016531e-05,0.00252726353722,0.000709088330588,0.0017272664463,0.000698179279348,5.09089057858e-05,4.72725553725e-05,3.27271537194e-05,3.63635041327e-06,0.000341816938847,2.90908033062e-05,7.27270082654e-06,6.18179570256e-05,0.0,3.63635041327e-06,9.45451107451e-05,5.45452561991e-05,0.00333816967938,0.00214181039342,0.00307998880004,0.00361453231079,0.000116363213225,7.27270082654e-06,0.00186544776201,7.27270082654e-06,0.000105454161985,0.0,0.00271635375871,1.45454016531e-05,0.0025745360926,0.0,0.00306544339839,3.9999854546e-05,0.000552725262817,0.00363635041327,0.000650906723976,0.00308726150087,0.00197817462482,0.00186181141159,2.90908033062e-05,0.0,0.0,0.00334544238021,0.00055636161323,0.000127272264464,4.72725553725e-05,7.27270082654e-06,3.63635041327e-06,0.00305453434715,0.000370907742154,1.09090512398e-05,0.00128363169588,3.63635041327e-05,0.0,0.00192362936862,0.00302180719343,0.0,0.000454543801659,7.27270082654e-06,0.00287998952731,0.000807269791746,0.002850898724,0.000105454161985
Gen 275
string_,string_rot,integer_swap,exec_sho,integer_gte,boolean_shove,boolean_and,string_pop,exec_eq,string_yankd,string_parse_to_chars,integer_lt,string_stackdepth,exec_do*whi,char_r,char_p,boolean_sw,integer_sho,boolean_invert_second_then_a,print_integ,char_iswhitespace,string_removechar,exec_emp,string_first,string_conc,string_yank,string_concat,string_setchar,exec_yankd,string_length,string_replacefirstch,char_d,integer_eq,exec_do*tim,string_emptystri,string_reverse,exec_yankdup,string_repla,exec_,char_ya,integer_mu,string_replacech,boolean_yankd,char_isletter,integer_add,string_empty,char_isdigit,print_integer,exec_shove,integer_fromstri,string_conjchar,boolean_or,boolean_empty,exec_wh,string_fromchar,integer_yankd,exec_do*while,integer_rot,string_rest,boolean_flu,integer_stackdep,char_iswhitespa,char_allfromstring,boolean_,char_allfromstri,exec_stackdepth,exec_do*range,char_shove,char_stackdep,string_removech,exec_stackdep,boolean_sho,string_indexofch,string_stackdep,string_leng,print_ch,integer_mult,boolean_xor,boolean_yankdup,integer_min,string_emp,integer_fromch,exec_yank,char_stackdepth,char_sw,integer_fromboole,string_replace,integer_div,string_replacefirst,boolean_frominteger,string_butla,char_isdig,integer_flush,integer_,string_yankdup,char_flu,print_exec,integer_yank,boolean_frominteg,string_emptystring,char_yankd,boolean_ya,string_swap,print_ex,exec_d,integer_max,char_swap,string_contains,char_empty,exec_dup,exec_k,string_frominteg,exec_noop,exec_p,exec_r,exec_s,string_sho,integer_flu,exec_y,boolean_rot,boolean_a,integer_ya,exec_ya,boolean_invert_first_then_a,string_spl,string_occurrencesofch,integer_yankdup,string_replacechar,char_sho,string_fromboolean,print_stri,exec_string_itera,print_newli,string_ta,string_replacefirstchar,string_substring,boolean_stackdepth,string_shove,string_containschar,exec_do*ran,char_yankdup,char_yank,integer_sw,exec_do*times,string_fromch,integer_shove,exec_if,exec_whi,integer_g,char_frominteger,char_frominteg,boolean_dup,string_eq,boolean_not,char_eq,boolean_flush,boolean_pop,string_butlast,exec_swap,string_replacefir,boolean_swap,exec_sw,string_n,print_string,exec_flush,print_newline,integer_a,string_d,string_dup,string_frominteger,string_contai,integer_mod,exec_do*count,string_fir,string_r,integer_fromchar,string_p,integer_inc,boolean_invert_first_then_and,integer_fromstring,exec_rot,integer_m,boolean_d,char_rot,exec_do*cou,string_take,exec_string_iterate,string_split,integer_pop,boolean_n,string_re,boolean_p,boolean_r,exec_pop,string_sw,boolean_x,boolean_emp,string_la,char_emp,boolean_stackdep,string_parse_to_cha,print_char,integer_dup,boolean_invert_second_then_and,integer_sub,string_setch,exec_no,boolean_yank,char_islett,string_ya,string_flu,integer_stackdepth,integer_emp,integer_dec,print_boole,integer_gt,exec,string_indexofchar,in1,char_dup,char_flush,char_pop,integer_lte,string_conjch,exec_flu,string_containsch,boolean_eq,string_flush,print_boolean,integer_d,string_rever,char_,exec_empty,string_last,integer_l,exec_when,integer_i,string_substri,string_nth,string_occurrencesofchar,integer_r,integer_s,integer_p,exec_while,integer_fromboolean,integer_empty,string_fromboole
0.0,0.00361955210307,0.0027282509846,0.000119564784186,0.00269564240709,0.00216665881645,0.00160868982359,0.00292752562491,0.0021594124659,1.81158763918e-05,0.0035652044739,0.000920286520701,0.00125361864631,5.43476291753e-05,2.89854022268e-05,3.98549280619e-05,7.2463505567e-06,0.0,0.000105072083072,0.0,0.00145289328662,0.00139854565744,7.2463505567e-06,0.00026449179532,0.0,0.000949271922928,0.00213767341423,0.0023768029826,0.000144927011134,0.00361592892779,1.81158763918e-05,0.0,0.0022427454973,2.17390516701e-05,0.0,0.00354708859751,0.00277897543849,3.62317527835e-05,2.17390516701e-05,7.2463505567e-06,0.0,7.2463505567e-05,3.62317527835e-06,0.00341303111221,0.00196738417614,0.00128622722381,0.00309056851243,0.000981880500433,0.00181158763918,7.2463505567e-06,0.00128985039909,0.00294926467658,0.00098912685099,0.0,0.00157970442136,1.08695258351e-05,0.00255071539596,0.00100724272738,0.00269201923181,1.44927011134e-05,6.1593979732e-05,3.62317527835e-06,0.00116666243963,4.71012786186e-05,2.17390516701e-05,0.00129709674965,0.00229709312647,0.00202897815588,0.0,9.05793819588e-05,3.62317527835e-06,3.62317527835e-06,0.0,0.0,6.88403302887e-05,6.52171550103e-05,0.000677533777052,0.00214491976478,0.00277897543849,0.00146376281245,7.2463505567e-06,1.44927011134e-05,0.00293839515074,0.00189492067058,7.2463505567e-06,3.62317527835e-06,0.00334056760664,0.00218477469285,0.00162680569998,0.00128260404854,3.98549280619e-05,3.26085775052e-05,0.00198550005254,0.000115941608907,0.00292027927435,4.71012786186e-05,2.17390516701e-05,0.00353984224695,1.08695258351e-05,0.000304346723381,1.44927011134e-05,0.0,0.00361592892779,0.0,6.88403302887e-05,0.000717388705113,0.00228260042536,0.0025108604679,0.00264129477792,0.0018079644639,0.000931156046536,1.08695258351e-05,0.00199999275365,3.62317527835e-06,0.0,0.000902170644309,0.0,2.53622269485e-05,0.000228260042536,0.00208694896033,0.000108695258351,2.17390516701e-05,2.17390516701e-05,1.08695258351e-05,0.0,1.08695258351e-05,0.00168115332915,0.00128985039909,4.34781033402e-05,0.00361955210307,1.08695258351e-05,3.62317527835e-06,0.0,3.62317527835e-06,0.00191665972225,0.00237317980732,0.00339853841109,0.000931156046536,0.00293477197546,7.2463505567e-06,0.00207245625922,0.00114130021268,3.62317527835e-06,0.00188405114474,0.0,0.00138405295633,0.000463766435629,7.2463505567e-06,1.08695258351e-05,0.00117390879019,3.62317527835e-06,0.00134419802827,0.00157970442136,0.00231520900287,0.00134419802827,0.00165941427748,0.00268477288126,0.00253259951957,0.000797098561237,0.0,0.00228622360064,0.0,1.08695258351e-05,0.00328621997746,0.000177535588639,3.62317527835e-05,1.08695258351e-05,1.08695258351e-05,0.00100724272738,0.000619562972598,7.2463505567e-06,0.002460136014,0.00188405114474,3.62317527835e-06,7.2463505567e-05,0.00203260133115,0.000101448907794,0.00336592983359,0.00213042706367,0.00232970170398,0.00177173271111,2.17390516701e-05,2.89854022268e-05,0.00253984587012,1.81158763918e-05,0.00256883127235,0.000695649653443,0.00179347176278,0.000673910601773,4.34781033402e-05,4.34781033402e-05,7.2463505567e-06,0.0,0.000365940703113,5.43476291753e-05,7.2463505567e-06,9.05793819588e-05,0.0,1.44927011134e-05,5.43476291753e-05,5.07244538969e-05,0.00319926377078,0.0021594124659,0.00310506121355,0.00360143622668,0.000134057485299,1.08695258351e-05,0.00178622541223,1.08695258351e-05,6.1593979732e-05,0.0,0.00255796174652,1.08695258351e-05,0.00245651283872,3.62317527835e-06,0.00298911960464,2.17390516701e-05,0.000452896909794,0.00362317527835,0.000528983590639,0.00315578566744,0.00209419531089,0.00177897906167,1.44927011134e-05,0.0,0.0,0.00328259680219,0.000525360415361,0.000184781939196,8.33330314021e-05,7.2463505567e-06,3.62317527835e-06,0.00304709040909,0.00037318705367,1.08695258351e-05,0.0012210100688,3.26085775052e-05,3.62317527835e-06,0.00196013782559,0.00299274277992,0.0,0.000431157858124,0.0,0.00291303292379,0.000887677943196,0.00279346813961,0.000141303835856
Gen 276
string_,string_rot,integer_swap,exec_sho,integer_gte,boolean_shove,boolean_and,string_pop,exec_eq,string_yankd,string_parse_to_chars,integer_lt,string_stackdepth,exec_do*whi,char_r,char_p,boolean_sw,integer_sho,boolean_invert_second_then_a,print_integ,char_iswhitespace,string_removechar,exec_emp,string_first,string_conc,string_yank,string_concat,string_setchar,exec_yankd,string_length,string_replacefirstch,char_d,integer_eq,exec_do*tim,string_emptystri,string_reverse,exec_yankdup,string_repla,exec_,char_ya,integer_mu,string_replacech,boolean_yankd,char_isletter,integer_add,string_empty,char_isdigit,print_integer,exec_shove,integer_fromstri,string_conjchar,boolean_or,boolean_empty,exec_wh,string_fromchar,integer_yankd,exec_do*while,integer_rot,string_rest,boolean_flu,integer_stackdep,char_iswhitespa,char_allfromstring,boolean_,char_allfromstri,exec_stackdepth,exec_do*range,char_shove,char_stackdep,string_removech,exec_stackdep,boolean_sho,string_indexofch,string_stackdep,string_leng,print_ch,integer_mult,boolean_xor,boolean_yankdup,integer_min,string_emp,integer_fromch,exec_yank,char_stackdepth,char_sw,integer_fromboole,string_replace,integer_div,string_replacefirst,boolean_frominteger,string_butla,char_isdig,integer_flush,integer_,string_yankdup,char_flu,print_exec,integer_yank,boolean_frominteg,string_emptystring,char_yankd,boolean_ya,string_swap,print_ex,exec_d,integer_max,char_swap,string_contains,char_empty,exec_dup,exec_k,string_frominteg,exec_noop,exec_p,exec_r,exec_s,string_sho,integer_flu,exec_y,boolean_rot,boolean_a,integer_ya,exec_ya,boolean_invert_first_then_a,string_spl,string_occurrencesofch,integer_yankdup,string_replacechar,char_sho,string_fromboolean,print_stri,exec_string_itera,print_newli,string_ta,string_replacefirstchar,string_substring,boolean_stackdepth,string_shove,string_containschar,exec_do*ran,char_yankdup,char_yank,integer_sw,exec_do*times,string_fromch,integer_shove,exec_if,exec_whi,integer_g,char_frominteger,char_frominteg,boolean_dup,string_eq,boolean_not,char_eq,boolean_flush,boolean_pop,string_butlast,exec_swap,string_replacefir,boolean_swap,exec_sw,string_n,print_string,exec_flush,print_newline,integer_a,string_d,string_dup,string_frominteger,string_contai,integer_mod,exec_do*count,string_fir,string_r,integer_fromchar,string_p,integer_inc,boolean_invert_first_then_and,integer_fromstring,exec_rot,integer_m,boolean_d,char_rot,exec_do*cou,string_take,exec_string_iterate,string_split,integer_pop,boolean_n,string_re,boolean_p,boolean_r,exec_pop,string_sw,boolean_x,boolean_emp,string_la,char_emp,boolean_stackdep,string_parse_to_cha,print_char,integer_dup,boolean_invert_second_then_and,integer_sub,string_setch,exec_no,boolean_yank,char_islett,string_ya,string_flu,integer_stackdepth,integer_emp,integer_dec,print_boole,integer_gt,exec,string_indexofchar,in1,char_dup,char_flush,char_pop,integer_lte,string_conjch,exec_flu,string_containsch,boolean_eq,string_flush,print_boolean,integer_d,string_rever,char_,exec_empty,string_last,integer_l,exec_when,integer_i,string_substri,string_nth,string_occurrencesofchar,integer_r,integer_s,integer_p,exec_while,integer_fromboolean,integer_empty,string_fromboole
0.0,0.00360648517514,0.00266425030957,0.000126353334464,0.00274728250079,0.00212634611427,0.00164259334804,0.00293500745485,0.00216966725752,0.0,0.00357399431771,0.00095667524666,0.00124187277302,7.58120006787e-05,2.52706668929e-05,5.05413337858e-05,3.61009527041e-06,3.61009527041e-06,8.66422864899e-05,3.61009527041e-06,0.00158122172844,0.00142237753654,1.08302858112e-05,0.000212995620954,3.61009527041e-06,0.00103609734261,0.00200721297035,0.00244403449807,0.000209385525684,0.00360287507987,3.61009527041e-06,3.61009527041e-06,0.00215522687644,1.44403810817e-05,0.0,0.0035631640319,0.00276533297714,5.41514290562e-05,7.22019054083e-06,7.22019054083e-06,3.61009527041e-06,5.41514290562e-05,1.44403810817e-05,0.00338265926838,0.00193862116021,0.0013176847737,0.0030866314562,0.000985556008823,0.00193862116021,3.61009527041e-06,0.00154151068047,0.00292778726431,0.00120938191559,0.0,0.00155234096628,3.61009527041e-06,0.00255233735618,0.000945844960849,0.00277977335822,0.0,7.94220959491e-05,7.22019054083e-06,0.0012202122014,3.24908574337e-05,2.52706668929e-05,0.00146208858452,0.00226713982982,0.00212634611427,3.61009527041e-06,6.1371619597e-05,2.16605716225e-05,7.22019054083e-06,0.0,7.22019054083e-06,4.69312385154e-05,4.3321143245e-05,0.000794220959491,0.00212995620954,0.00275089259606,0.00138988667911,7.22019054083e-06,2.16605716225e-05,0.00288807621633,0.00195667163656,7.22019054083e-06,7.22019054083e-06,0.00334655831567,0.00219132782914,0.00157761163317,0.00120577182032,2.88807621633e-05,5.41514290562e-05,0.00196750192238,0.000104692762842,0.00289529640687,5.05413337858e-05,1.08302858112e-05,0.00354511355555,3.61009527041e-06,0.000371839812853,3.24908574337e-05,0.0,0.00358482460352,0.0,4.69312385154e-05,0.000772560387869,0.00226352973455,0.0024765253555,0.00256677773726,0.00190974039805,0.00105775791423,3.61009527041e-06,0.00209746535211,0.0,0.0,0.000974725723012,7.22019054083e-06,2.52706668929e-05,0.000216605716225,0.00214439659063,9.38624770308e-05,2.16605716225e-05,2.52706668929e-05,7.22019054083e-06,1.44403810817e-05,7.22019054083e-06,0.0016714741102,0.00118772134397,3.61009527041e-05,0.00359565488933,1.08302858112e-05,1.08302858112e-05,0.0,7.22019054083e-06,0.00197472211292,0.00240793354537,0.00338626936365,0.000999996389905,0.00302164974134,2.16605716225e-05,0.00211190573319,0.00107580839058,7.22019054083e-06,0.00192418077913,3.61009527041e-06,0.00144764820344,0.000447651813531,7.22019054083e-06,2.52706668929e-05,0.00125992324937,0.0,0.00131046458316,0.00152346020411,0.00215883697171,0.00136461601222,0.00170396496764,0.00267147050011,0.00248013545077,0.000805051245302,0.0,0.00242598402172,0.0,1.08302858112e-05,0.00325991602918,0.000252706668929,2.88807621633e-05,1.44403810817e-05,1.08302858112e-05,0.00105414781896,0.000617326291241,7.22019054083e-06,0.00248735564132,0.00180504763521,3.61009527041e-06,3.97110479746e-05,0.00207941487576,8.66422864899e-05,0.00338987945892,0.00222742878185,0.00238988306901,0.00176533658723,3.61009527041e-05,7.58120006787e-05,0.00246930516496,7.22019054083e-06,0.00259204840416,0.00069674838719,0.00181948801629,0.000667867625027,3.24908574337e-05,3.97110479746e-05,1.44403810817e-05,3.61009527041e-06,0.000379060003393,5.05413337858e-05,7.22019054083e-06,7.22019054083e-05,3.61009527041e-06,7.22019054083e-06,6.49817148675e-05,3.24908574337e-05,0.00322381507648,0.00206136439941,0.00311551221837,0.00358843469879,0.000108302858112,3.61009527041e-06,0.00188085963589,1.44403810817e-05,7.22019054083e-05,3.61009527041e-06,0.00273645221497,7.22019054083e-06,0.00240071335483,0.0,0.00305775069404,2.88807621633e-05,0.00052707390948,0.00361009527041,0.000509023433128,0.00318410402851,0.0018916899217,0.00190252020751,3.24908574337e-05,3.61009527041e-06,3.61009527041e-06,0.00331045736297,0.000559564766914,0.000144403810817,5.05413337858e-05,7.22019054083e-06,7.22019054083e-06,0.00295666802647,0.000552344576373,1.80504763521e-05,0.00124909296356,3.61009527041e-05,7.22019054083e-06,0.00198555239873,0.00303248002715,3.61009527041e-06,0.000404330670286,0.0,0.00291334688322,0.000967505532471,0.00269313107173,0.00017689466825
Gen 277
string_,string_rot,integer_swap,exec_sho,integer_gte,boolean_shove,boolean_and,string_pop,exec_eq,string_yankd,string_parse_to_chars,integer_lt,string_stackdepth,exec_do*whi,char_r,char_p,boolean_sw,integer_sho,boolean_invert_second_then_a,print_integ,char_iswhitespace,string_removechar,exec_emp,string_first,string_conc,string_yank,string_concat,string_setchar,exec_yankd,string_length,string_replacefirstch,char_d,integer_eq,exec_do*tim,string_emptystri,string_reverse,exec_yankdup,string_repla,exec_,char_ya,integer_mu,string_replacech,boolean_yankd,char_isletter,integer_add,string_empty,char_isdigit,print_integer,exec_shove,integer_fromstri,string_conjchar,boolean_or,boolean_empty,exec_wh,string_fromchar,integer_yankd,exec_do*while,integer_rot,string_rest,boolean_flu,integer_stackdep,char_iswhitespa,char_allfromstring,boolean_,char_allfromstri,exec_stackdepth,exec_do*range,char_shove,char_stackdep,string_removech,exec_stackdep,boolean_sho,string_indexofch,string_stackdep,string_leng,print_ch,integer_mult,boolean_xor,boolean_yankdup,integer_min,string_emp,integer_fromch,exec_yank,char_stackdepth,char_sw,integer_fromboole,string_replace,integer_div,string_replacefirst,boolean_frominteger,string_butla,char_isdig,integer_flush,integer_,string_yankdup,char_flu,print_exec,integer_yank,boolean_frominteg,string_emptystring,char_yankd,boolean_ya,string_swap,print_ex,exec_d,integer_max,char_swap,string_contains,char_empty,exec_dup,exec_k,string_frominteg,exec_noop,exec_p,exec_r,exec_s,string_sho,integer_flu,exec_y,boolean_rot,boolean_a,integer_ya,exec_ya,boolean_invert_first_then_a,string_spl,string_occurrencesofch,integer_yankdup,string_replacechar,char_sho,string_fromboolean,print_stri,exec_string_itera,print_newli,string_ta,string_replacefirstchar,string_substring,boolean_stackdepth,string_shove,string_containschar,exec_do*ran,char_yankdup,char_yank,integer_sw,exec_do*times,string_fromch,integer_shove,exec_if,exec_whi,integer_g,char_frominteger,char_frominteg,boolean_dup,string_eq,boolean_not,char_eq,boolean_flush,boolean_pop,string_butlast,exec_swap,string_replacefir,boolean_swap,exec_sw,string_n,print_string,exec_flush,print_newline,integer_a,string_d,string_dup,string_frominteger,string_contai,integer_mod,exec_do*count,string_fir,string_r,integer_fromchar,string_p,integer_inc,boolean_invert_first_then_and,integer_fromstring,exec_rot,integer_m,boolean_d,char_rot,exec_do*cou,string_take,exec_string_iterate,string_split,integer_pop,boolean_n,string_re,boolean_p,boolean_r,exec_pop,string_sw,boolean_x,boolean_emp,string_la,char_emp,boolean_stackdep,string_parse_to_cha,print_char,integer_dup,boolean_invert_second_then_and,integer_sub,string_setch,exec_no,boolean_yank,char_islett,string_ya,string_flu,integer_stackdepth,integer_emp,integer_dec,print_boole,integer_gt,exec,string_indexofchar,in1,char_dup,char_flush,char_pop,integer_lte,string_conjch,exec_flu,string_containsch,boolean_eq,string_flush,print_boolean,integer_d,string_rever,char_,exec_empty,string_last,integer_l,exec_when,integer_i,string_substri,string_nth,string_occurrencesofchar,integer_r,integer_s,integer_p,exec_while,integer_fromboolean,integer_empty,string_fromboole
0.0,0.00358631803483,0.00263308405365,0.00017266124942,0.00272301178773,0.00228416444545,0.00171222405675,0.00295322678695,0.00227697022673,0.0,0.00357192959738,0.000809349606656,0.00123021140212,7.55392966212e-05,3.59710936292e-05,6.83450778954e-05,7.19421872583e-06,3.59710936292e-06,9.35248434358e-05,3.59710936292e-06,0.00163308765076,0.00143164952644,1.43884374517e-05,0.000205035233686,3.59710936292e-06,0.000928054215632,0.00194243905597,0.00242085460124,0.000223020780501,0.00359351225355,1.79855468146e-05,0.0,0.00214747428966,2.15826561775e-05,3.59710936292e-06,0.00355394405056,0.00287409038097,2.87768749033e-05,1.07913280887e-05,3.59710936292e-06,3.59710936292e-06,5.03595310808e-05,7.19421872583e-06,0.0033848799105,0.00175898647847,0.00126258538638,0.0030647371772,0.00100359351225,0.00196042460279,0.0,0.00161150499459,0.00299279498995,0.00131294491746,7.19421872583e-06,0.00173740382229,2.51797655404e-05,0.00252876788213,0.00094963687181,0.00280934241244,0.0,8.99277340729e-05,7.19421872583e-06,0.00125898827702,1.43884374517e-05,1.07913280887e-05,0.00156114546351,0.00228776155481,0.00208632343049,0.0,8.27335153471e-05,1.07913280887e-05,7.19421872583e-06,0.0,7.19421872583e-06,8.633062471e-05,7.91364059842e-05,0.000805752497293,0.00222661069564,0.00276257999072,0.00139927554217,3.59710936292e-06,1.43884374517e-05,0.00299279498995,0.00197121593088,0.0,0.0,0.00340646256668,0.00207912921177,0.00170862694739,0.00114747788677,7.19421872583e-06,1.07913280887e-05,0.00192445350916,9.71219527987e-05,0.00290646436524,3.23739842662e-05,2.51797655404e-05,0.00353955561311,1.07913280887e-05,0.000312948514574,2.51797655404e-05,0.0,0.00358991514419,0.0,7.55392966212e-05,0.000697839216406,0.00225898467991,0.00249639389786,0.00252876788213,0.00184531710318,0.000910068668818,3.59710936292e-06,0.00208272632113,0.0,3.59710936292e-06,0.000931651324995,7.19421872583e-06,2.87768749033e-05,0.000194243905597,0.00215826561775,7.55392966212e-05,2.15826561775e-05,1.43884374517e-05,7.19421872583e-06,3.59710936292e-06,1.07913280887e-05,0.00178056913464,0.00116546343358,3.95682029921e-05,0.00359710936292,7.19421872583e-06,1.79855468146e-05,7.19421872583e-06,7.19421872583e-06,0.00202157546196,0.00228056733609,0.00335970014496,0.0011151039025,0.0030647371772,1.43884374517e-05,0.00216545983648,0.000978413746713,1.43884374517e-05,0.00202157546196,1.07913280887e-05,0.00135970733918,0.000510789529534,1.07913280887e-05,7.19421872583e-06,0.00124100273021,0.0,0.0012122258553,0.00152157726051,0.00234171819526,0.00140287265154,0.00174100093165,0.00282013374053,0.00261509850684,0.000816543825382,3.59710936292e-06,0.00223740202373,0.0,1.07913280887e-05,0.00326977241089,0.000273380311582,4.67624217179e-05,3.59710936292e-06,7.19421872583e-06,0.00120503163658,0.000744601638124,7.19421872583e-06,0.00231653842972,0.0018525113219,1.07913280887e-05,3.59710936292e-05,0.00211869741476,5.39566404437e-05,0.00337049147305,0.0021726540552,0.00237409217952,0.00182733155636,2.51797655404e-05,5.39566404437e-05,0.00247121413232,1.43884374517e-05,0.00259351585066,0.000654673904051,0.00172301538484,0.000611508591696,1.79855468146e-05,8.27335153471e-05,3.59710936292e-05,7.19421872583e-06,0.000413667576735,3.59710936292e-05,1.43884374517e-05,5.39566404437e-05,3.59710936292e-06,7.19421872583e-06,8.99277340729e-05,2.15826561775e-05,0.00317265045809,0.00213668296157,0.00303236319294,0.00356473537865,9.71219527987e-05,0.0,0.00187049686872,1.07913280887e-05,5.03595310808e-05,0.0,0.00266545803792,1.43884374517e-05,0.0024927967885,7.19421872583e-06,0.00306833428657,2.15826561775e-05,0.000525177966986,0.00359710936292,0.000525177966986,0.00316905334873,0.00189207952489,0.00199639569642,3.23739842662e-05,0.0,3.59710936292e-06,0.00323739842662,0.000428056014187,0.000273380311582,4.67624217179e-05,3.59710936292e-06,7.19421872583e-06,0.00284531350607,0.000446041561002,2.15826561775e-05,0.00115826921486,5.03595310808e-05,7.19421872583e-06,0.00203596389941,0.00299639209931,0.0,0.000413667576735,1.07913280887e-05,0.00286689616224,0.00100359351225,0.00270862335028,0.000205035233686
Gen 278
string_,string_rot,integer_swap,exec_sho,integer_gte,boolean_shove,boolean_and,string_pop,exec_eq,string_yankd,string_parse_to_chars,integer_lt,string_stackdepth,exec_do*whi,char_r,char_p,boolean_sw,integer_sho,boolean_invert_second_then_a,print_integ,char_iswhitespace,string_removechar,exec_emp,string_first,string_conc,string_yank,string_concat,string_setchar,exec_yankd,string_length,string_replacefirstch,char_d,integer_eq,exec_do*tim,string_emptystri,string_reverse,exec_yankdup,string_repla,exec_,char_ya,integer_mu,string_replacech,boolean_yankd,char_isletter,integer_add,string_empty,char_isdigit,print_integer,exec_shove,integer_fromstri,string_conjchar,boolean_or,boolean_empty,exec_wh,string_fromchar,integer_yankd,exec_do*while,integer_rot,string_rest,boolean_flu,integer_stackdep,char_iswhitespa,char_allfromstring,boolean_,char_allfromstri,exec_stackdepth,exec_do*range,char_shove,char_stackdep,string_removech,exec_stackdep,boolean_sho,string_indexofch,string_stackdep,string_leng,print_ch,integer_mult,boolean_xor,boolean_yankdup,integer_min,string_emp,integer_fromch,exec_yank,char_stackdepth,char_sw,integer_fromboole,string_replace,integer_div,string_replacefirst,boolean_frominteger,string_butla,char_isdig,integer_flush,integer_,string_yankdup,char_flu,print_exec,integer_yank,boolean_frominteg,string_emptystring,char_yankd,boolean_ya,string_swap,print_ex,exec_d,integer_max,char_swap,string_contains,char_empty,exec_dup,exec_k,string_frominteg,exec_noop,exec_p,exec_r,exec_s,string_sho,integer_flu,exec_y,boolean_rot,boolean_a,integer_ya,exec_ya,boolean_invert_first_then_a,string_spl,string_occurrencesofch,integer_yankdup,string_replacechar,char_sho,string_fromboolean,print_stri,exec_string_itera,print_newli,string_ta,string_replacefirstchar,string_substring,boolean_stackdepth,string_shove,string_containschar,exec_do*ran,char_yankdup,char_yank,integer_sw,exec_do*times,string_fromch,integer_shove,exec_if,exec_whi,integer_g,char_frominteger,char_frominteg,boolean_dup,string_eq,boolean_not,char_eq,boolean_flush,boolean_pop,string_butlast,exec_swap,string_replacefir,boolean_swap,exec_sw,string_n,print_string,exec_flush,print_newline,integer_a,string_d,string_dup,string_frominteger,string_contai,integer_mod,exec_do*count,string_fir,string_r,integer_fromchar,string_p,integer_inc,boolean_invert_first_then_and,integer_fromstring,exec_rot,integer_m,boolean_d,char_rot,exec_do*cou,string_take,exec_string_iterate,string_split,integer_pop,boolean_n,string_re,boolean_p,boolean_r,exec_pop,string_sw,boolean_x,boolean_emp,string_la,char_emp,boolean_stackdep,string_parse_to_cha,print_char,integer_dup,boolean_invert_second_then_and,integer_sub,string_setch,exec_no,boolean_yank,char_islett,string_ya,string_flu,integer_stackdepth,integer_emp,integer_dec,print_boole,integer_gt,exec,string_indexofchar,in1,char_dup,char_flush,char_pop,integer_lte,string_conjch,exec_flu,string_containsch,boolean_eq,string_flush,print_boolean,integer_d,string_rever,char_,exec_empty,string_last,integer_l,exec_when,integer_i,string_substri,string_nth,string_occurrencesofchar,integer_r,integer_s,integer_p,exec_while,integer_fromboolean,integer_empty,string_fromboole
3.58421654403e-06,0.00357346389439,0.00267382554184,0.000157705527937,0.00275626252236,0.00222579847384,0.00181719778782,0.00286378901868,0.00218637209186,0.0,0.00355554281167,0.000767022340422,0.00126522844004,2.86737323522e-05,2.50895158082e-05,7.16843308805e-05,1.07526496321e-05,0.0,0.000121863362497,3.58421654403e-06,0.00150895516504,0.0014085971018,2.50895158082e-05,0.000172042394113,0.0,0.000964154250343,0.0019784875323,0.00232615653707,0.00027598467389,0.00358063232748,1.43368661761e-05,0.0,0.00207884559554,7.16843308805e-06,0.0,0.00356629546131,0.00299998924735,5.37632481604e-05,7.16843308805e-06,3.58421654403e-06,7.16843308805e-06,2.15052992642e-05,7.16843308805e-06,0.00340500571683,0.0017992767051,0.00123297049115,0.00302149454661,0.00113261242791,0.00194981379995,0.0,0.00144802348379,0.00307884201132,0.00123297049115,0.0,0.00164873961025,2.15052992642e-05,0.00251612001391,0.0010501754474,0.00277418360508,0.0,7.16843308805e-05,7.16843308805e-06,0.00123655470769,6.81001143365e-05,7.16843308805e-06,0.00145877613342,0.00235841448597,0.0021326088437,0.0,5.01790316164e-05,3.22579488962e-05,1.07526496321e-05,0.0,1.79210827201e-05,5.37632481604e-05,1.79210827201e-05,0.000781359206598,0.00208242981208,0.00282436263669,0.00154838154702,3.58421654403e-06,2.50895158082e-05,0.0029390575661,0.00196415066613,0.0,7.16843308805e-06,0.00339783728374,0.0020680929459,0.00152687624776,0.00129390217239,2.50895158082e-05,2.86737323522e-05,0.00190321898488,6.45158977925e-05,0.00294264178265,2.50895158082e-05,2.86737323522e-05,0.0035412059455,3.58421654403e-06,0.000279568890434,2.15052992642e-05,0.0,0.00356987967785,0.0,7.16843308805e-05,0.00058781151322,0.0023118196709,0.00238350400178,0.0025806359117,0.00173476080731,0.000946233167623,3.58421654403e-06,0.00191397163451,3.58421654403e-06,0.0,0.0010501754474,0.0,1.79210827201e-05,0.000146952878305,0.00221504582421,9.67738466887e-05,1.07526496321e-05,1.43368661761e-05,1.07526496321e-05,0.0,1.07526496321e-05,0.00176701875621,0.0010824333963,5.73474647044e-05,0.00357346389439,1.07526496321e-05,2.50895158082e-05,0.0,1.43368661761e-05,0.00198924018193,0.00226880907237,0.00337991620102,0.00112902821137,0.00313977369257,1.79210827201e-05,0.00209318246171,0.000906806785639,1.07526496321e-05,0.00192472428414,7.16843308805e-06,0.00139067601908,0.000469532367268,1.07526496321e-05,2.15052992642e-05,0.0011075229121,3.58421654403e-06,0.00100358063233,0.00175985032312,0.00241217773413,0.00138350758599,0.00172759237422,0.00285303636905,0.00253762531317,0.000860211970566,3.58421654403e-06,0.00239425665141,0.0,1.79210827201e-05,0.00328314235433,0.000283153106978,4.65948150723e-05,3.58421654403e-06,7.16843308805e-06,0.00111469134519,0.000813617155494,7.16843308805e-06,0.00240859351759,0.00189246633525,0.0,4.65948150723e-05,0.00210393511134,6.09316812485e-05,0.00339066885065,0.00223655112347,0.00258422012824,0.00176701875621,2.15052992642e-05,6.45158977925e-05,0.00243009881685,1.43368661761e-05,0.00253045688008,0.000702506442629,0.00181002935473,0.000652327411013,2.50895158082e-05,5.73474647044e-05,5.01790316164e-05,7.16843308805e-06,0.000333332138594,2.50895158082e-05,7.16843308805e-06,3.22579488962e-05,1.07526496321e-05,0.0,8.96054136007e-05,5.01790316164e-05,0.00322579488962,0.00218278787531,0.00301791033007,0.00355912702822,7.88527639686e-05,1.43368661761e-05,0.00174551345694,1.07526496321e-05,1.43368661761e-05,0.0,0.00267740975839,7.16843308805e-06,0.00248386206501,7.16843308805e-06,0.0030286629797,1.79210827201e-05,0.00049820609962,0.00358421654403,0.000548385131236,0.00316844742492,0.00193189271723,0.00187812946907,6.81001143365e-05,3.58421654403e-06,7.16843308805e-06,0.00328314235433,0.000537632481604,0.000336916355139,9.31896301447e-05,3.58421654403e-06,3.58421654403e-06,0.00278852047125,0.000519711398884,2.15052992642e-05,0.00116128616026,5.37632481604e-05,0.0,0.00196056644958,0.00297489973154,1.07526496321e-05,0.000444442851459,0.0,0.00303583141279,0.00107168074666,0.00271683614037,0.000157705527937
Gen 279
string_,string_rot,integer_swap,exec_sho,integer_gte,boolean_shove,boolean_and,string_pop,exec_eq,string_yankd,string_parse_to_chars,integer_lt,string_stackdepth,exec_do*whi,char_r,char_p,boolean_sw,integer_sho,boolean_invert_second_then_a,print_integ,char_iswhitespace,string_removechar,exec_emp,string_first,string_conc,string_yank,string_concat,string_setchar,exec_yankd,string_length,string_replacefirstch,char_d,integer_eq,exec_do*tim,string_emptystri,string_reverse,exec_yankdup,string_repla,exec_,char_ya,integer_mu,string_replacech,boolean_yankd,char_isletter,integer_add,string_empty,char_isdigit,print_integer,exec_shove,integer_fromstri,string_conjchar,boolean_or,boolean_empty,exec_wh,string_fromchar,integer_yankd,exec_do*while,integer_rot,string_rest,boolean_flu,integer_stackdep,char_iswhitespa,char_allfromstring,boolean_,char_allfromstri,exec_stackdepth,exec_do*range,char_shove,char_stackdep,string_removech,exec_stackdep,boolean_sho,string_indexofch,string_stackdep,string_leng,print_ch,integer_mult,boolean_xor,boolean_yankdup,integer_min,string_emp,integer_fromch,exec_yank,char_stackdepth,char_sw,integer_fromboole,string_replace,integer_div,string_replacefirst,boolean_frominteger,string_butla,char_isdig,integer_flush,integer_,string_yankdup,char_flu,print_exec,integer_yank,boolean_frominteg,string_emptystring,char_yankd,boolean_ya,string_swap,print_ex,exec_d,integer_max,char_swap,string_contains,char_empty,exec_dup,exec_k,string_frominteg,exec_noop,exec_p,exec_r,exec_s,string_sho,integer_flu,exec_y,boolean_rot,boolean_a,integer_ya,exec_ya,boolean_invert_first_then_a,string_spl,string_occurrencesofch,integer_yankdup,string_replacechar,char_sho,string_fromboolean,print_stri,exec_string_itera,print_newli,string_ta,string_replacefirstchar,string_substring,boolean_stackdepth,string_shove,string_containschar,exec_do*ran,char_yankdup,char_yank,integer_sw,exec_do*times,string_fromch,integer_shove,exec_if,exec_whi,integer_g,char_frominteger,char_frominteg,boolean_dup,string_eq,boolean_not,char_eq,boolean_flush,boolean_pop,string_butlast,exec_swap,string_replacefir,boolean_swap,exec_sw,string_n,print_string,exec_flush,print_newline,integer_a,string_d,string_dup,string_frominteger,string_contai,integer_mod,exec_do*count,string_fir,string_r,integer_fromchar,string_p,integer_inc,boolean_invert_first_then_and,integer_fromstring,exec_rot,integer_m,boolean_d,char_rot,exec_do*cou,string_take,exec_string_iterate,string_split,integer_pop,boolean_n,string_re,boolean_p,boolean_r,exec_pop,string_sw,boolean_x,boolean_emp,string_la,char_emp,boolean_stackdep,string_parse_to_cha,print_char,integer_dup,boolean_invert_second_then_and,integer_sub,string_setch,exec_no,boolean_yank,char_islett,string_ya,string_flu,integer_stackdepth,integer_emp,integer_dec,print_boole,integer_gt,exec,string_indexofchar,in1,char_dup,char_flush,char_pop,integer_lte,string_conjch,exec_flu,string_containsch,boolean_eq,string_flush,print_boolean,integer_d,string_rever,char_,exec_empty,string_last,integer_l,exec_when,integer_i,string_substri,string_nth,string_occurrencesofchar,integer_r,integer_s,integer_p,exec_while,integer_fromboolean,integer_empty,string_fromboole
0.0,0.00356070156892,0.00273927593116,0.000189285038268,0.00272499026789,0.00229284895411,0.00171070817604,0.00286427548473,0.00231784886483,3.57141581637e-06,0.00353213024239,0.000717854579091,0.00127499544644,2.8571326531e-05,4.28569897965e-05,0.000107142474491,1.07142474491e-05,3.57141581637e-06,0.000103571058675,0.0,0.00154642304849,0.00151428030614,1.78570790819e-05,0.000221427780615,0.0,0.000849996964297,0.0020071356888,0.00243570558677,0.000235713443881,0.00356427298474,2.49999107146e-05,3.57141581637e-06,0.00208927825258,7.14283163274e-06,0.0,0.00355355873729,0.00300356070157,7.49997321438e-05,1.78570790819e-05,7.14283163274e-06,7.14283163274e-06,7.14283163274e-06,0.0,0.00334284520412,0.00171427959186,0.00119642429848,0.00299284645412,0.00113928164542,0.00208570683676,7.14283163274e-06,0.00137142367349,0.00303570344392,0.00136785225767,0.0,0.00180356498727,2.8571326531e-05,0.00248927682401,0.00101071067603,0.00271784743626,1.42856632655e-05,4.64284056128e-05,1.07142474491e-05,0.00137856650512,8.92853954093e-05,7.14283163274e-06,0.00149285181124,0.00226070621176,0.00204284984696,0.0,6.78569005111e-05,1.42856632655e-05,1.07142474491e-05,3.57141581637e-06,1.07142474491e-05,7.49997321438e-05,4.64284056128e-05,0.000674997589294,0.00215713515309,0.00284641840565,0.00154999446431,0.0,1.42856632655e-05,0.00290356105871,0.00182499348217,7.14283163274e-06,7.14283163274e-06,0.00332855954086,0.00206784975768,0.00164642269135,0.00115356730869,1.78570790819e-05,1.07142474491e-05,0.00189642179849,4.99998214292e-05,0.00291427530616,0.000114285306124,2.49999107146e-05,0.00349641608423,2.14284948982e-05,0.000367855829086,1.07142474491e-05,7.14283163274e-06,0.00354284448984,0.0,0.000107142474491,0.000492855382659,0.00237142010207,0.00249641965564,0.00247499116075,0.00170713676023,0.000960710854604,0.0,0.00191427887758,0.0,1.07142474491e-05,0.0010035678444,1.07142474491e-05,1.07142474491e-05,0.0001964278699,0.00219999214289,4.99998214292e-05,1.42856632655e-05,1.78570790819e-05,2.14284948982e-05,0.0,2.49999107146e-05,0.00177856507655,0.00120356713012,6.42854846947e-05,0.00356427298474,1.78570790819e-05,3.57141581637e-05,0.0,0.0,0.00210713533166,0.00224284913268,0.00329641679851,0.00135713801022,0.00299998928575,1.42856632655e-05,0.00201784993625,0.000982139349502,1.07142474491e-05,0.00195356445156,0.0,0.00150356605869,0.000532140956639,7.14283163274e-06,3.57141581637e-06,0.00115356730869,1.07142474491e-05,0.000871425459195,0.0016357084439,0.00230356320156,0.00138213792094,0.00160356570155,0.00291427530616,0.00262856204085,0.000739283073989,0.0,0.00229284895411,0.0,1.78570790819e-05,0.00315356016586,0.000367855829086,4.64284056128e-05,3.57141581637e-06,7.14283163274e-06,0.0011571387245,0.000817854221949,1.78570790819e-05,0.00238213434952,0.00186427905615,0.0,3.92855739801e-05,0.00212499241074,8.92853954093e-05,0.00334284520412,0.00217856364799,0.00246070549748,0.00186427905615,1.07142474491e-05,7.14283163274e-05,0.00235713443881,3.57141581637e-06,0.00252141956636,0.000874996875011,0.00169999392859,0.000746425905622,3.92855739801e-05,3.92855739801e-05,6.42854846947e-05,1.07142474491e-05,0.000360712997454,1.42856632655e-05,2.14284948982e-05,1.78570790819e-05,7.14283163274e-06,3.57141581637e-06,8.57139795929e-05,3.21427423473e-05,0.00315713158167,0.00208570683676,0.00295713229596,0.00351784457913,2.8571326531e-05,0.0,0.00151428030614,3.57141581637e-06,3.57141581637e-06,3.57141581637e-06,0.00264999053575,3.57141581637e-06,0.00260713354595,0.0,0.00313213167096,1.42856632655e-05,0.000453569808679,0.00357141581637,0.000592855025518,0.00310713176024,0.00175356516584,0.001964278699,6.78569005111e-05,3.57141581637e-06,3.57141581637e-06,0.00321427423473,0.000453569808679,0.000314284591841,3.92855739801e-05,1.78570790819e-05,7.14283163274e-06,0.00273213309952,0.000524998125007,1.42856632655e-05,0.00107142474491,2.49999107146e-05,7.14283163274e-06,0.00201784993625,0.00300356070157,0.0,0.000407141403066,1.07142474491e-05,0.00299284645412,0.000914282448991,0.00273927593116,0.000153570880104
Gen 280
string_,string_rot,integer_swap,exec_sho,integer_gte,boolean_shove,boolean_and,string_pop,exec_eq,string_yankd,string_parse_to_chars,integer_lt,string_stackdepth,exec_do*whi,char_r,char_p,boolean_sw,integer_sho,boolean_invert_second_then_a,print_integ,char_iswhitespace,string_removechar,exec_emp,string_first,string_conc,string_yank,string_concat,string_setchar,exec_yankd,string_length,string_replacefirstch,char_d,integer_eq,exec_do*tim,string_emptystri,string_reverse,exec_yankdup,string_repla,exec_,char_ya,integer_mu,string_replacech,boolean_yankd,char_isletter,integer_add,string_empty,char_isdigit,print_integer,exec_shove,integer_fromstri,string_conjchar,boolean_or,boolean_empty,exec_wh,string_fromchar,integer_yankd,exec_do*while,integer_rot,string_rest,boolean_flu,integer_stackdep,char_iswhitespa,char_allfromstring,boolean_,char_allfromstri,exec_stackdepth,exec_do*range,char_shove,char_stackdep,string_removech,exec_stackdep,boolean_sho,string_indexofch,string_stackdep,string_leng,print_ch,integer_mult,boolean_xor,boolean_yankdup,integer_min,string_emp,integer_fromch,exec_yank,char_stackdepth,char_sw,integer_fromboole,string_replace,integer_div,string_replacefirst,boolean_frominteger,string_butla,char_isdig,integer_flush,integer_,string_yankdup,char_flu,print_exec,integer_yank,boolean_frominteg,string_emptystring,char_yankd,boolean_ya,string_swap,print_ex,exec_d,integer_max,char_swap,string_contains,char_empty,exec_dup,exec_k,string_frominteg,exec_noop,exec_p,exec_r,exec_s,string_sho,integer_flu,exec_y,boolean_rot,boolean_a,integer_ya,exec_ya,boolean_invert_first_then_a,string_spl,string_occurrencesofch,integer_yankdup,string_replacechar,char_sho,string_fromboolean,print_stri,exec_string_itera,print_newli,string_ta,string_replacefirstchar,string_substring,boolean_stackdepth,string_shove,string_containschar,exec_do*ran,char_yankdup,char_yank,integer_sw,exec_do*times,string_fromch,integer_shove,exec_if,exec_whi,integer_g,char_frominteger,char_frominteg,boolean_dup,string_eq,boolean_not,char_eq,boolean_flush,boolean_pop,string_butlast,exec_swap,string_replacefir,boolean_swap,exec_sw,string_n,print_string,exec_flush,print_newline,integer_a,string_d,string_dup,string_frominteger,string_contai,integer_mod,exec_do*count,string_fir,string_r,integer_fromchar,string_p,integer_inc,boolean_invert_first_then_and,integer_fromstring,exec_rot,integer_m,boolean_d,char_rot,exec_do*cou,string_take,exec_string_iterate,string_split,integer_pop,boolean_n,string_re,boolean_p,boolean_r,exec_pop,string_sw,boolean_x,boolean_emp,string_la,char_emp,boolean_stackdep,string_parse_to_cha,print_char,integer_dup,boolean_invert_second_then_and,integer_sub,string_setch,exec_no,boolean_yank,char_islett,string_ya,string_flu,integer_stackdepth,integer_emp,integer_dec,print_boole,integer_gt,exec,string_indexofchar,in1,char_dup,char_flush,char_pop,integer_lte,string_conjch,exec_flu,string_containsch,boolean_eq,string_flush,print_boolean,integer_d,string_rever,char_,exec_empty,string_last,integer_l,exec_when,integer_i,string_substri,string_nth,string_occurrencesofchar,integer_r,integer_s,integer_p,exec_while,integer_fromboolean,integer_empty,string_fromboole
0.0,0.00355514749058,0.00281493660165,0.000128113423084,0.00272596894673,0.00224198490397,0.00172597250544,0.00289322813798,0.00223842619777,0.0,0.003526677841,0.000811385012865,0.00131316258661,3.55870619678e-05,3.91457681645e-05,8.54089487226e-05,3.55870619678e-06,0.0,0.000135230835477,3.55870619678e-06,0.00177579439219,0.00146618695307,3.91457681645e-05,0.000274020377152,3.55870619678e-06,0.000918146198768,0.00197864064541,0.00239145056423,0.000213522371807,0.00355870619678,4.62631805581e-05,0.0,0.00208896053751,3.55870619678e-06,0.0,0.00353735395959,0.00312098533457,6.76154177387e-05,1.77935309839e-05,7.11741239355e-06,1.06761185903e-05,1.42348247871e-05,1.06761185903e-05,0.00332739029398,0.00175800086121,0.00125622328746,0.00310675050978,0.00106049444664,0.00218504560482,7.11741239355e-06,0.00117793175113,0.00289322813798,0.00147330436546,3.55870619678e-06,0.00173664862403,4.62631805581e-05,0.00247330080676,0.00108540539002,0.00270817541575,0.0,4.98218867549e-05,7.11741239355e-06,0.00146974565927,6.04980053452e-05,2.84696495742e-05,0.00162632873193,0.00239856797663,0.00208184312511,0.0,3.55870619678e-05,2.13522371807e-05,1.77935309839e-05,0.0,3.55870619678e-06,4.27044743613e-05,5.69392991484e-05,0.000768680538503,0.00225977843495,0.0028683171946,0.00158006555137,7.11741239355e-06,1.06761185903e-05,0.00293593261234,0.00181494016036,1.06761185903e-05,1.06761185903e-05,0.00340924053651,0.0020960779499,0.00164768096911,0.00128113423084,1.77935309839e-05,1.77935309839e-05,0.00189323169668,7.11741239355e-05,0.00307828086021,0.000106761185903,1.77935309839e-05,0.00349109077904,3.55870619678e-06,0.000274020377152,1.77935309839e-05,0.0,0.00349820819143,3.55870619678e-06,0.000135230835477,0.000498218867549,0.00234162867748,0.00260853164224,0.00268682317857,0.00162632873193,0.000964409379326,7.11741239355e-06,0.00188255557809,7.11741239355e-06,1.42348247871e-05,0.00104981832805,3.55870619678e-06,7.11741239355e-06,0.000153024366461,0.00221351525439,8.54089487226e-05,2.49109433774e-05,2.49109433774e-05,7.11741239355e-06,0.0,7.11741239355e-06,0.00184340980993,0.00122775363789,3.2028355771e-05,0.00355870619678,1.06761185903e-05,3.91457681645e-05,0.0,7.11741239355e-06,0.0020996366561,0.00228113067213,0.00332027288159,0.00130960388041,0.00303201767965,2.84696495742e-05,0.00195017099583,0.00107117056523,0.0,0.00191102522767,3.55870619678e-06,0.00141280636012,0.000565834285287,3.55870619678e-06,3.2028355771e-05,0.0011067576272,3.55870619678e-06,0.000886117842997,0.00164768096911,0.00248397692535,0.00138433671055,0.00156583072658,0.00303913509205,0.00262988387942,0.000708182533158,0.0,0.00244127245099,0.0,1.42348247871e-05,0.00317792463372,0.000370105444465,4.27044743613e-05,3.55870619678e-06,3.55870619678e-06,0.00114590339536,0.000832737250045,1.06761185903e-05,0.00240568538902,0.00183629239754,3.55870619678e-06,4.27044743613e-05,0.00213166501187,7.82915363291e-05,0.00329180323202,0.00223842619777,0.00247330080676,0.00180426404176,1.77935309839e-05,6.76154177387e-05,0.00234518738367,1.42348247871e-05,0.00256938587407,0.000879000430603,0.00158362425756,0.000793591481881,1.77935309839e-05,4.27044743613e-05,3.2028355771e-05,3.55870619678e-06,0.000416368625023,3.55870619678e-05,3.55870619678e-06,1.77935309839e-05,3.55870619678e-06,1.42348247871e-05,7.82915363291e-05,3.55870619678e-05,0.00318504204611,0.00212810630567,0.00292169778755,0.00354447137199,1.06761185903e-05,3.55870619678e-06,0.00153380237081,7.11741239355e-06,7.11741239355e-06,0.0,0.00267258835378,1.06761185903e-05,0.00252312269351,7.11741239355e-06,0.00309607439119,7.11741239355e-06,0.000508894986139,0.00355514749058,0.000558716872894,0.00324909875766,0.00193949487724,0.00193237746485,0.000103202479706,3.55870619678e-06,7.11741239355e-06,0.00327400970103,0.000491101455155,0.000384340269252,6.04980053452e-05,1.06761185903e-05,1.06761185903e-05,0.00281137789545,0.000480425336565,7.11741239355e-06,0.00111743374579,3.55870619678e-05,1.06761185903e-05,0.00202490382597,0.00307116344782,7.11741239355e-06,0.000412809918826,2.13522371807e-05,0.00299998932388,0.00107828797762,0.00269038188476,0.000131672129281
Gen 281
string_,string_rot,integer_swap,exec_sho,integer_gte,boolean_shove,boolean_and,string_pop,exec_eq,string_yankd,string_parse_to_chars,integer_lt,string_stackdepth,exec_do*whi,char_r,char_p,boolean_sw,integer_sho,boolean_invert_second_then_a,print_integ,char_iswhitespace,string_removechar,exec_emp,string_first,string_conc,string_yank,string_concat,string_setchar,exec_yankd,string_length,string_replacefirstch,char_d,integer_eq,exec_do*tim,string_emptystri,string_reverse,exec_yankdup,string_repla,exec_,char_ya,integer_mu,string_replacech,boolean_yankd,char_isletter,integer_add,string_empty,char_isdigit,print_integer,exec_shove,integer_fromstri,string_conjchar,boolean_or,boolean_empty,exec_wh,string_fromchar,integer_yankd,exec_do*while,integer_rot,string_rest,boolean_flu,integer_stackdep,char_iswhitespa,char_allfromstring,boolean_,char_allfromstri,exec_stackdepth,exec_do*range,char_shove,char_stackdep,string_removech,exec_stackdep,boolean_sho,string_indexofch,string_stackdep,string_leng,print_ch,integer_mult,boolean_xor,boolean_yankdup,integer_min,string_emp,integer_fromch,exec_yank,char_stackdepth,char_sw,integer_fromboole,string_replace,integer_div,string_replacefirst,boolean_frominteger,string_butla,char_isdig,integer_flush,integer_,string_yankdup,char_flu,print_exec,integer_yank,boolean_frominteg,string_emptystring,char_yankd,boolean_ya,string_swap,print_ex,exec_d,integer_max,char_swap,string_contains,char_empty,exec_dup,exec_k,string_frominteg,exec_noop,exec_p,exec_r,exec_s,string_sho,integer_flu,exec_y,boolean_rot,boolean_a,integer_ya,exec_ya,boolean_invert_first_then_a,string_spl,string_occurrencesofch,integer_yankdup,string_replacechar,char_sho,string_fromboolean,print_stri,exec_string_itera,print_newli,string_ta,string_replacefirstchar,string_substring,boolean_stackdepth,string_shove,string_containschar,exec_do*ran,char_yankdup,char_yank,integer_sw,exec_do*times,string_fromch,integer_shove,exec_if,exec_whi,integer_g,char_frominteger,char_frominteg,boolean_dup,string_eq,boolean_not,char_eq,boolean_flush,boolean_pop,string_butlast,exec_swap,string_replacefir,boolean_swap,exec_sw,string_n,print_string,exec_flush,print_newline,integer_a,string_d,string_dup,string_frominteger,string_contai,integer_mod,exec_do*count,string_fir,string_r,integer_fromchar,string_p,integer_inc,boolean_invert_first_then_and,integer_fromstring,exec_rot,integer_m,boolean_d,char_rot,exec_do*cou,string_take,exec_string_iterate,string_split,integer_pop,boolean_n,string_re,boolean_p,boolean_r,exec_pop,string_sw,boolean_x,boolean_emp,string_la,char_emp,boolean_stackdep,string_parse_to_cha,print_char,integer_dup,boolean_invert_second_then_and,integer_sub,string_setch,exec_no,boolean_yank,char_islett,string_ya,string_flu,integer_stackdepth,integer_emp,integer_dec,print_boole,integer_gt,exec,string_indexofchar,in1,char_dup,char_flush,char_pop,integer_lte,string_conjch,exec_flu,string_containsch,boolean_eq,string_flush,print_boolean,integer_d,string_rever,char_,exec_empty,string_last,integer_l,exec_when,integer_i,string_substri,string_nth,string_occurrencesofchar,integer_r,integer_s,integer_p,exec_while,integer_fromboolean,integer_empty,string_fromboole
0.0,0.003546086716,0.00281913893922,0.00015957390222,0.00281204676579,0.00220921202407,0.00168084510339,0.00302481196875,0.00212055985617,0.0,0.00353544845586,0.000741132123645,0.00128368339119,1.4184346864e-05,2.4822607012e-05,9.21982546161e-05,0.0,0.0,0.000120566948344,0.0,0.00166666075652,0.00149290250744,3.546086716e-05,0.00028368693728,7.09217343201e-06,0.000907798199297,0.00197871638753,0.00238651635987,0.000226949549824,0.003546086716,4.25530405921e-05,0.0,0.00201772334141,1.0638260148e-05,0.0,0.00350707976213,0.00301771979532,5.67373874561e-05,1.773043358e-05,7.09217343201e-06,3.546086716e-06,1.4184346864e-05,3.546086716e-06,0.00325530760529,0.00178368161815,0.00128013730448,0.00307091109606,0.00110283296868,0.00218438941706,1.0638260148e-05,0.00137588164581,0.00291133719384,0.00150354076759,1.0638260148e-05,0.00178368161815,3.1914780444e-05,0.00247516852777,0.00120921557016,0.00269502590416,1.0638260148e-05,7.80139077521e-05,1.773043358e-05,0.00144680338013,7.09217343201e-05,1.4184346864e-05,0.00167729901667,0.00233332505913,0.00212055985617,0.0,9.21982546161e-05,1.4184346864e-05,1.773043358e-05,3.546086716e-06,1.773043358e-05,2.4822607012e-05,3.90069538761e-05,0.000723401690065,0.00236878592629,0.00283332328609,0.00160637728235,3.546086716e-06,1.773043358e-05,0.00293970588757,0.00184396509232,1.4184346864e-05,7.09217343201e-06,0.00343970411452,0.00199644682111,0.00168084510339,0.00123403817717,1.4184346864e-05,2.1276520296e-05,0.00178013553143,8.51060811841e-05,0.00308864152964,9.92904280481e-05,3.546086716e-05,0.00348934932855,3.546086716e-06,0.000390069538761,3.546086716e-06,0.0,0.00347516498168,0.0,5.31913007401e-05,0.000510636487105,0.00242906940046,0.00252835982851,0.00269147981745,0.00172339814398,0.000925528632877,7.09217343201e-06,0.00192907117351,0.0,3.546086716e-06,0.00109219470853,1.0638260148e-05,2.1276520296e-05,0.000187942595948,0.00235105549271,8.86521679001e-05,1.0638260148e-05,5.67373874561e-05,1.0638260148e-05,0.0,0.0,0.00191843291336,0.00117020861628,4.60991273081e-05,0.003546086716,1.0638260148e-05,8.15599944681e-05,0.0,1.0638260148e-05,0.00206382246871,0.002347509406,0.0033226832529,0.00115602426942,0.00297871284144,5.67373874561e-05,0.00193616334694,0.0010638260148,3.546086716e-06,0.00187942595948,3.546086716e-06,0.00141134251297,0.000553189527697,1.0638260148e-05,1.773043358e-05,0.00134042077865,0.0,0.000893613852433,0.00155673206833,0.00248580678792,0.00119503122329,0.00155318598161,0.00306736500934,0.00256382069567,0.000833330378261,0.0,0.00245034592076,0.0,1.4184346864e-05,0.00317374761082,0.00031914780444,2.4822607012e-05,3.546086716e-06,0.0,0.00105673384137,0.000656026042461,2.1276520296e-05,0.00247162244106,0.00182623465874,1.0638260148e-05,3.90069538761e-05,0.00196807812738,8.86521679001e-05,0.003234031085,0.00229786419197,0.00237233201301,0.00178368161815,2.4822607012e-05,4.96452140241e-05,0.00224467289123,1.0638260148e-05,0.00259573547612,0.000851060811841,0.0016170155425,0.000911344286013,5.31913007401e-05,2.1276520296e-05,3.1914780444e-05,3.546086716e-06,0.000439714752785,1.4184346864e-05,7.09217343201e-06,3.546086716e-06,3.546086716e-06,7.09217343201e-05,2.8368693728e-05,3.1914780444e-05,0.00320920847798,0.0023049563654,0.00297516675473,0.00351771802228,2.1276520296e-05,7.09217343201e-06,0.00167020684324,1.4184346864e-05,1.0638260148e-05,0.0,0.00281913893922,3.546086716e-06,0.0025921893894,3.546086716e-06,0.00301771979532,1.0638260148e-05,0.000450353012933,0.003546086716,0.000563827787845,0.00324466934514,0.00192907117351,0.00183332683217,7.44678210361e-05,3.546086716e-06,7.09217343201e-06,0.00324466934514,0.000499998226957,0.000386523452044,4.60991273081e-05,1.4184346864e-05,3.546086716e-06,0.00280495459236,0.000475175619945,1.773043358e-05,0.00118439296315,4.25530405921e-05,1.0638260148e-05,0.00195389378052,0.00299998936174,0.0,0.000351062584884,2.4822607012e-05,0.00305318066248,0.00110283296868,0.00269502590416,0.000145389555356
Gen 282
string_,string_rot,integer_swap,exec_sho,integer_gte,boolean_shove,boolean_and,string_pop,exec_eq,string_yankd,string_parse_to_chars,integer_lt,string_stackdepth,exec_do*whi,char_r,char_p,boolean_sw,integer_sho,boolean_invert_second_then_a,print_integ,char_iswhitespace,string_removechar,exec_emp,string_first,string_conc,string_yank,string_concat,string_setchar,exec_yankd,string_length,string_replacefirstch,char_d,integer_eq,exec_do*tim,string_emptystri,string_reverse,exec_yankdup,string_repla,exec_,char_ya,integer_mu,string_replacech,boolean_yankd,char_isletter,integer_add,string_empty,char_isdigit,print_integer,exec_shove,integer_fromstri,string_conjchar,boolean_or,boolean_empty,exec_wh,string_fromchar,integer_yankd,exec_do*while,integer_rot,string_rest,boolean_flu,integer_stackdep,char_iswhitespa,char_allfromstring,boolean_,char_allfromstri,exec_stackdepth,exec_do*range,char_shove,char_stackdep,string_removech,exec_stackdep,boolean_sho,string_indexofch,string_stackdep,string_leng,print_ch,integer_mult,boolean_xor,boolean_yankdup,integer_min,string_emp,integer_fromch,exec_yank,char_stackdepth,char_sw,integer_fromboole,string_replace,integer_div,string_replacefirst,boolean_frominteger,string_butla,char_isdig,integer_flush,integer_,string_yankdup,char_flu,print_exec,integer_yank,boolean_frominteg,string_emptystring,char_yankd,boolean_ya,string_swap,print_ex,exec_d,integer_max,char_swap,string_contains,char_empty,exec_dup,exec_k,string_frominteg,exec_noop,exec_p,exec_r,exec_s,string_sho,integer_flu,exec_y,boolean_rot,boolean_a,integer_ya,exec_ya,boolean_invert_first_then_a,string_spl,string_occurrencesofch,integer_yankdup,string_replacechar,char_sho,string_fromboolean,print_stri,exec_string_itera,print_newli,string_ta,string_replacefirstchar,string_substring,boolean_stackdepth,string_shove,string_containschar,exec_do*ran,char_yankdup,char_yank,integer_sw,exec_do*times,string_fromch,integer_shove,exec_if,exec_whi,integer_g,char_frominteger,char_frominteg,boolean_dup,string_eq,boolean_not,char_eq,boolean_flush,boolean_pop,string_butlast,exec_swap,string_replacefir,boolean_swap,exec_sw,string_n,print_string,exec_flush,print_newline,integer_a,string_d,string_dup,string_frominteger,string_contai,integer_mod,exec_do*count,string_fir,string_r,integer_fromchar,string_p,integer_inc,boolean_invert_first_then_and,integer_fromstring,exec_rot,integer_m,boolean_d,char_rot,exec_do*cou,string_take,exec_string_iterate,string_split,integer_pop,boolean_n,string_re,boolean_p,boolean_r,exec_pop,string_sw,boolean_x,boolean_emp,string_la,char_emp,boolean_stackdep,string_parse_to_cha,print_char,integer_dup,boolean_invert_second_then_and,integer_sub,string_setch,exec_no,boolean_yank,char_islett,string_ya,string_flu,integer_stackdepth,integer_emp,integer_dec,print_boole,integer_gt,exec,string_indexofchar,in1,char_dup,char_flush,char_pop,integer_lte,string_conjch,exec_flu,string_containsch,boolean_eq,string_flush,print_boolean,integer_d,string_rever,char_,exec_empty,string_last,integer_l,exec_when,integer_i,string_substri,string_nth,string_occurrencesofchar,integer_r,integer_s,integer_p,exec_while,integer_fromboolean,integer_empty,string_fromboole
0.0,0.00353002286211,0.00280917735273,0.000123674474648,0.00272437199869,0.002363949244,0.00161483528327,0.00296112027873,0.00209893251261,3.53355641853e-06,0.00349822085434,0.00069611061445,0.00118727495663,3.53355641853e-06,4.59362334409e-05,9.54060233003e-05,1.06006692556e-05,0.0,0.000137808700323,7.06711283706e-06,0.00165017084745,0.00136748633397,4.24026770223e-05,0.000226147610786,3.53355641853e-06,0.00074558040431,0.00198585870721,0.00226500966428,0.000197879159438,0.00352648930569,2.82684513482e-05,7.06711283706e-06,0.00204946272275,7.06711283706e-06,3.53355641853e-06,0.00347701951583,0.0029752545044,4.94697898594e-05,7.06711283706e-06,0.0,0.0,2.82684513482e-05,1.76677820926e-05,0.00323320412295,0.00189751979675,0.00122261052081,0.00307419408412,0.00115547294886,0.00201766071498,3.53355641853e-06,0.00146289235727,0.00286571425543,0.0014310903495,3.53355641853e-06,0.0017738453221,6.7137571952e-05,0.00251589216999,0.0011625400617,0.00257596262911,7.06711283706e-06,4.24026770223e-05,1.41342256741e-05,0.00141342256741,0.000113073805393,2.47348949297e-05,0.00151942925997,0.00249115727506,0.00197525803796,3.53355641853e-06,8.83389104632e-05,2.82684513482e-05,1.41342256741e-05,3.53355641853e-06,7.06711283706e-06,6.0070459115e-05,4.24026770223e-05,0.000646640824591,0.00221553987442,0.00283744580408,0.0014487581316,0.0,1.76677820926e-05,0.00301765718142,0.00175264398359,7.06711283706e-06,1.76677820926e-05,0.00334274437193,0.00180918088629,0.00161836883969,0.00116607361811,2.82684513482e-05,2.12013385112e-05,0.00179858021703,7.42046847891e-05,0.00309539542263,8.48053540447e-05,2.82684513482e-05,0.00344875106448,1.76677820926e-05,0.000452295221572,1.41342256741e-05,0.0,0.00349468729792,0.0,1.41342256741e-05,0.000494697898594,0.00225440899502,0.00258302974194,0.00265723442673,0.00156183193699,0.000901056886725,7.06711283706e-06,0.00185865067615,3.53355641853e-06,0.0,0.000904590443143,7.06711283706e-06,1.06006692556e-05,0.000141342256741,0.00232154656697,0.000106006692556,1.41342256741e-05,3.53355641853e-05,1.41342256741e-05,3.53355641853e-06,1.41342256741e-05,0.00200352648931,0.00113073805393,4.59362334409e-05,0.00352648930569,3.53355641853e-06,5.65369026965e-05,0.0,7.06711283706e-06,0.00204239560991,0.00240988547744,0.00327914035639,0.00114840583602,0.00278797601422,3.18020077668e-05,0.0019646573687,0.00116607361811,3.53355641853e-06,0.00181271444271,0.0,0.00122967763365,0.000522966349942,1.76677820926e-05,7.06711283706e-06,0.00125441252858,1.76677820926e-05,0.000770315299239,0.00148409369578,0.00254062706492,0.00135688566471,0.0015441641549,0.00302119073784,0.00246288882371,0.00093639245091,0.0,0.00230034522846,0.0,3.53355641853e-06,0.00310952964831,0.000303885851993,3.53355641853e-05,1.06006692556e-05,7.06711283706e-06,0.00115547294886,0.00060070459115,1.06006692556e-05,0.00238161702609,0.00190105335317,0.0,5.30033462779e-05,0.00198232515079,8.83389104632e-05,0.00324027123579,0.00232861367981,0.00248762371864,0.00167490574238,2.12013385112e-05,2.82684513482e-05,0.00219433853591,1.06006692556e-05,0.00248055660581,0.000833919314773,0.00169964063731,0.000706711283706,3.18020077668e-05,1.76677820926e-05,2.12013385112e-05,3.53355641853e-06,0.000406358988131,1.41342256741e-05,2.12013385112e-05,1.06006692556e-05,0.0,6.7137571952e-05,2.47348949297e-05,2.47348949297e-05,0.00314839876891,0.00208479828693,0.00295758672231,0.00348408662867,1.76677820926e-05,7.06711283706e-06,0.00148409369578,1.76677820926e-05,1.06006692556e-05,0.0,0.0025936304112,1.76677820926e-05,0.00258656329836,0.0,0.00297172094798,3.53355641853e-06,0.000409892544549,0.00353355641853,0.00050529856785,0.00321200278444,0.00197172448154,0.00172084197582,4.24026770223e-05,0.0,3.18020077668e-05,0.00328620746923,0.000544167688453,0.000406358988131,8.83389104632e-05,2.12013385112e-05,1.06006692556e-05,0.00279857668347,0.000469963003664,1.06006692556e-05,0.00112720449751,6.36040155335e-05,3.53355641853e-06,0.00200352648931,0.00291518404529,1.06006692556e-05,0.000388691206038,3.53355641853e-06,0.00306005985845,0.000989395797188,0.00247702304939,0.000106006692556
Gen 283
string_,string_rot,integer_swap,exec_sho,integer_gte,boolean_shove,boolean_and,string_pop,exec_eq,string_yankd,string_parse_to_chars,integer_lt,string_stackdepth,exec_do*whi,char_r,char_p,boolean_sw,integer_sho,boolean_invert_second_then_a,print_integ,char_iswhitespace,string_removechar,exec_emp,string_first,string_conc,string_yank,string_concat,string_setchar,exec_yankd,string_length,string_replacefirstch,char_d,integer_eq,exec_do*tim,string_emptystri,string_reverse,exec_yankdup,string_repla,exec_,char_ya,integer_mu,string_replacech,boolean_yankd,char_isletter,integer_add,string_empty,char_isdigit,print_integer,exec_shove,integer_fromstri,string_conjchar,boolean_or,boolean_empty,exec_wh,string_fromchar,integer_yankd,exec_do*while,integer_rot,string_rest,boolean_flu,integer_stackdep,char_iswhitespa,char_allfromstring,boolean_,char_allfromstri,exec_stackdepth,exec_do*range,char_shove,char_stackdep,string_removech,exec_stackdep,boolean_sho,string_indexofch,string_stackdep,string_leng,print_ch,integer_mult,boolean_xor,boolean_yankdup,integer_min,string_emp,integer_fromch,exec_yank,char_stackdepth,char_sw,integer_fromboole,string_replace,integer_div,string_replacefirst,boolean_frominteger,string_butla,char_isdig,integer_flush,integer_,string_yankdup,char_flu,print_exec,integer_yank,boolean_frominteg,string_emptystring,char_yankd,boolean_ya,string_swap,print_ex,exec_d,integer_max,char_swap,string_contains,char_empty,exec_dup,exec_k,string_frominteg,exec_noop,exec_p,exec_r,exec_s,string_sho,integer_flu,exec_y,boolean_rot,boolean_a,integer_ya,exec_ya,boolean_invert_first_then_a,string_spl,string_occurrencesofch,integer_yankdup,string_replacechar,char_sho,string_fromboolean,print_stri,exec_string_itera,print_newli,string_ta,string_replacefirstchar,string_substring,boolean_stackdepth,string_shove,string_containschar,exec_do*ran,char_yankdup,char_yank,integer_sw,exec_do*times,string_fromch,integer_shove,exec_if,exec_whi,integer_g,char_frominteger,char_frominteg,boolean_dup,string_eq,boolean_not,char_eq,boolean_flush,boolean_pop,string_butlast,exec_swap,string_replacefir,boolean_swap,exec_sw,string_n,print_string,exec_flush,print_newline,integer_a,string_d,string_dup,string_frominteger,string_contai,integer_mod,exec_do*count,string_fir,string_r,integer_fromchar,string_p,integer_inc,boolean_invert_first_then_and,integer_fromstring,exec_rot,integer_m,boolean_d,char_rot,exec_do*cou,string_take,exec_string_iterate,string_split,integer_pop,boolean_n,string_re,boolean_p,boolean_r,exec_pop,string_sw,boolean_x,boolean_emp,string_la,char_emp,boolean_stackdep,string_parse_to_cha,print_char,integer_dup,boolean_invert_second_then_and,integer_sub,string_setch,exec_no,boolean_yank,char_islett,string_ya,string_flu,integer_stackdepth,integer_emp,integer_dec,print_boole,integer_gt,exec,string_indexofchar,in1,char_dup,char_flush,char_pop,integer_lte,string_conjch,exec_flu,string_containsch,boolean_eq,string_flush,print_boolean,integer_d,string_rever,char_,exec_empty,string_last,integer_l,exec_when,integer_i,string_substri,string_nth,string_occurrencesofchar,integer_r,integer_s,integer_p,exec_while,integer_fromboolean,integer_empty,string_fromboole
3.52111436227e-06,0.00350702990482,0.0027253425164,0.000126760117042,0.00278872257492,0.00236970996581,0.00157041700557,0.00291548269196,0.00205280967321,0.0,0.00351407213355,0.000711265101179,0.00122534779807,1.05633430868e-05,3.52111436227e-05,0.000112675659593,3.52111436227e-06,3.52111436227e-06,0.000144365688853,0.0,0.00164788152154,0.00134506568639,7.04222872455e-06,0.000169013489389,3.52111436227e-06,0.000802814074598,0.00204928855884,0.00230280879293,0.000235914662272,0.00352111436227,3.52111436227e-06,7.04222872455e-06,0.00195773958542,1.05633430868e-05,3.52111436227e-06,0.00344717096067,0.00295069383559,6.69011728832e-05,2.81689148982e-05,0.0,0.0,0.0,7.04222872455e-06,0.00317252404041,0.00192604955616,0.00113731993901,0.0030704117239,0.00112323548157,0.00209154193119,0.0,0.00155633254812,0.00288731377706,0.00143309354545,0.0,0.0019225284418,9.15489734191e-05,0.0024823856254,0.00105985542304,0.00257393459882,3.52111436227e-06,7.746451597e-05,2.11266861736e-05,0.00142253020236,8.09856303323e-05,4.22533723473e-05,0.00146830468907,0.00252463899775,0.00204576744448,3.52111436227e-06,9.15489734191e-05,1.05633430868e-05,1.40844574491e-05,3.52111436227e-06,2.46478005359e-05,4.57744867096e-05,4.92956010718e-05,0.00054225161179,0.00214787976099,0.00288731377706,0.0013626712582,3.52111436227e-06,1.40844574491e-05,0.00296477829303,0.00171478269443,7.04222872455e-06,0.0,0.00333097418671,0.00176055718114,0.00153872697631,0.00104224985123,1.76055718114e-05,7.04222872455e-06,0.00169717712262,8.80278590568e-05,0.00298590497921,0.00010915454523,2.81689148982e-05,0.00343660761758,7.04222872455e-06,0.000524646039979,1.40844574491e-05,3.52111436227e-06,0.00347886098993,0.0,3.52111436227e-05,0.000531688268703,0.00216900644716,0.00255280791265,0.00257745571318,0.00165492375027,0.000795771845874,0.0,0.00185914838328,0.0,0.0,0.000813377417685,0.0,1.40844574491e-05,0.000225351319185,0.00234506216527,0.000130281231404,7.04222872455e-06,3.16900292605e-05,1.40844574491e-05,7.04222872455e-06,1.76055718114e-05,0.0020809785881,0.000968306449625,3.52111436227e-05,0.00351759324791,1.40844574491e-05,3.8732257985e-05,3.52111436227e-06,0.0,0.00204224633012,0.00239435776635,0.00327111524255,0.00107746099486,0.00283449706163,1.40844574491e-05,0.00183097946838,0.001176052197,3.52111436227e-06,0.00184506392583,7.04222872455e-06,0.00116548885391,0.000640842813934,1.05633430868e-05,1.76055718114e-05,0.00139788240182,1.05633430868e-05,0.000732391787353,0.0013345023433,0.00243309002433,0.00140492463055,0.00141548797363,0.00303167946592,0.0023802733089,0.000809856303323,3.52111436227e-06,0.00207745747374,0.0,3.52111436227e-06,0.00314435512551,0.000327463635691,4.22533723473e-05,1.40844574491e-05,3.52111436227e-06,0.0010457709656,0.000605631670311,1.40844574491e-05,0.00235914662272,0.00189083841254,7.04222872455e-06,2.81689148982e-05,0.00200351407213,0.000116196773955,0.00324294632765,0.00229928767856,0.00249999119721,0.0015774592343,3.52111436227e-05,5.28167154341e-05,0.00230985102165,1.40844574491e-05,0.00246478005359,0.00106689765177,0.00169365600825,0.000795771845874,4.92956010718e-05,2.81689148982e-05,2.11266861736e-05,0.0,0.000394364808575,2.11266861736e-05,1.05633430868e-05,4.92956010718e-05,7.04222872455e-06,8.80278590568e-05,5.98589441586e-05,2.11266861736e-05,0.00304576392337,0.00198942961468,0.00284153929035,0.00348590321865,1.76055718114e-05,3.52111436227e-06,0.00149999471833,1.76055718114e-05,1.05633430868e-05,7.04222872455e-06,0.00252816011211,1.05633430868e-05,0.00253168122647,0.0,0.00303872169464,1.05633430868e-05,0.000394364808575,0.00352111436227,0.000524646039979,0.00316196069732,0.00190140175563,0.00177112052422,1.05633430868e-05,0.0,0.0,0.00324646744202,0.000443660409646,0.000345069207503,8.45067446946e-05,2.46478005359e-05,7.04222872455e-06,0.00265844134352,0.000404928151661,1.40844574491e-05,0.00103872873687,4.57744867096e-05,3.52111436227e-06,0.00206689413065,0.00285914486217,3.52111436227e-06,0.000302815835156,1.05633430868e-05,0.00295421494995,0.000830982989497,0.00234154105091,9.85912021437e-05
Gen 284
string_,string_rot,integer_swap,exec_sho,integer_gte,boolean_shove,boolean_and,string_pop,exec_eq,string_yankd,string_parse_to_chars,integer_lt,string_stackdepth,exec_do*whi,char_r,char_p,boolean_sw,integer_sho,boolean_invert_second_then_a,print_integ,char_iswhitespace,string_removechar,exec_emp,string_first,string_conc,string_yank,string_concat,string_setchar,exec_yankd,string_length,string_replacefirstch,char_d,integer_eq,exec_do*tim,string_emptystri,string_reverse,exec_yankdup,string_repla,exec_,char_ya,integer_mu,string_replacech,boolean_yankd,char_isletter,integer_add,string_empty,char_isdigit,print_integer,exec_shove,integer_fromstri,string_conjchar,boolean_or,boolean_empty,exec_wh,string_fromchar,integer_yankd,exec_do*while,integer_rot,string_rest,boolean_flu,integer_stackdep,char_iswhitespa,char_allfromstring,boolean_,char_allfromstri,exec_stackdepth,exec_do*range,char_shove,char_stackdep,string_removech,exec_stackdep,boolean_sho,string_indexofch,string_stackdep,string_leng,print_ch,integer_mult,boolean_xor,boolean_yankdup,integer_min,string_emp,integer_fromch,exec_yank,char_stackdepth,char_sw,integer_fromboole,string_replace,integer_div,string_replacefirst,boolean_frominteger,string_butla,char_isdig,integer_flush,integer_,string_yankdup,char_flu,print_exec,integer_yank,boolean_frominteg,string_emptystring,char_yankd,boolean_ya,string_swap,print_ex,exec_d,integer_max,char_swap,string_contains,char_empty,exec_dup,exec_k,string_frominteg,exec_noop,exec_p,exec_r,exec_s,string_sho,integer_flu,exec_y,boolean_rot,boolean_a,integer_ya,exec_ya,boolean_invert_first_then_a,string_spl,string_occurrencesofch,integer_yankdup,string_replacechar,char_sho,string_fromboolean,print_stri,exec_string_itera,print_newli,string_ta,string_replacefirstchar,string_substring,boolean_stackdepth,string_shove,string_containschar,exec_do*ran,char_yankdup,char_yank,integer_sw,exec_do*times,string_fromch,integer_shove,exec_if,exec_whi,integer_g,char_frominteger,char_frominteg,boolean_dup,string_eq,boolean_not,char_eq,boolean_flush,boolean_pop,string_butlast,exec_swap,string_replacefir,boolean_swap,exec_sw,string_n,print_string,exec_flush,print_newline,integer_a,string_d,string_dup,string_frominteger,string_contai,integer_mod,exec_do*count,string_fir,string_r,integer_fromchar,string_p,integer_inc,boolean_invert_first_then_and,integer_fromstring,exec_rot,integer_m,boolean_d,char_rot,exec_do*cou,string_take,exec_string_iterate,string_split,integer_pop,boolean_n,string_re,boolean_p,boolean_r,exec_pop,string_sw,boolean_x,boolean_emp,string_la,char_emp,boolean_stackdep,string_parse_to_cha,print_char,integer_dup,boolean_invert_second_then_and,integer_sub,string_setch,exec_no,boolean_yank,char_islett,string_ya,string_flu,integer_stackdepth,integer_emp,integer_dec,print_boole,integer_gt,exec,string_indexofchar,in1,char_dup,char_flush,char_pop,integer_lte,string_conjch,exec_flu,string_containsch,boolean_eq,string_flush,print_boolean,integer_d,string_rever,char_,exec_empty,string_last,integer_l,exec_when,integer_i,string_substri,string_nth,string_occurrencesofchar,integer_r,integer_s,integer_p,exec_while,integer_fromboolean,integer_empty,string_fromboole
3.50875961839e-06,0.00350174209915,0.00261051715608,0.000157894182827,0.00277893761776,0.00235086894432,0.0014877140782,0.00295437559868,0.00205262437676,7.01751923677e-06,0.00349472457991,0.000712278202533,0.0012210483472,1.75437980919e-05,3.85963558023e-05,0.000115789067407,0.0,0.0,0.000101754028933,7.01751923677e-06,0.00148069655896,0.00145262648201,1.05262788552e-05,0.000207016817485,7.01751923677e-06,0.000856137346887,0.0019473615882,0.00233683390585,0.000203508057866,0.00349823333953,3.50875961839e-05,2.80700769471e-05,0.00207016817485,7.01751923677e-06,0.0,0.00342104062793,0.0028806916467,9.47365096965e-05,7.01751923677e-06,0.0,0.0,7.01751923677e-06,3.50875961839e-06,0.00314384861808,0.00187718639584,0.00136490749155,0.00307367342571,0.00116841695292,0.00215788716531,3.50875961839e-06,0.00148420531858,0.00278946389662,0.00142455640507,0.0,0.00184911631889,4.91226346574e-05,0.00236139522317,0.00117543447216,0.00261753467532,7.01751923677e-06,8.42102308413e-05,0.0,0.00153683671285,7.36839519861e-05,1.75437980919e-05,0.00151578415514,0.0023859565405,0.00209122073256,7.01751923677e-06,0.000126315346262,0.0,1.40350384735e-05,7.01751923677e-06,3.85963558023e-05,6.66664327494e-05,2.45613173287e-05,0.000529822702376,0.00229472879043,0.00287718288708,0.00155087175133,1.05262788552e-05,2.10525577103e-05,0.00298595443525,0.00172280097263,0.0,7.01751923677e-06,0.00333683039709,0.00184209879965,0.00155788927056,0.000971926414293,2.45613173287e-05,7.01751923677e-06,0.00181402872271,0.000115789067407,0.00301753327181,9.47365096965e-05,2.10525577103e-05,0.00342454938755,0.0,0.000628067971691,7.01751923677e-06,0.0,0.00348419830106,3.50875961839e-06,1.05262788552e-05,0.000557892779324,0.00211929080951,0.00261051715608,0.00252981568486,0.00171929221301,0.000894733702689,3.50875961839e-06,0.00201402802095,0.0,1.40350384735e-05,0.000842102308413,7.01751923677e-06,3.50875961839e-06,0.000242104413669,0.00235788646356,0.000101754028933,1.05262788552e-05,2.80700769471e-05,1.40350384735e-05,1.40350384735e-05,1.05262788552e-05,0.00198595794401,0.0010877154817,3.15788365655e-05,0.0034912158203,2.45613173287e-05,4.21051154206e-05,0.0,3.50875961839e-06,0.00212279956912,0.00245262297325,0.00322104132968,0.00125262718376,0.00284209529089,1.40350384735e-05,0.00187367763622,0.00122455710682,0.0,0.0018701688766,0.0,0.00121403082796,0.000571927817797,1.05262788552e-05,2.10525577103e-05,0.00143859144354,1.05262788552e-05,0.000645611769783,0.00129473229918,0.00238244778088,0.00121403082796,0.00147367903972,0.00303156831029,0.00256490328104,0.000873681144978,0.0,0.0021368346076,0.0,7.01751923677e-06,0.00314735737769,0.00034736720222,3.85963558023e-05,1.75437980919e-05,0.0,0.00114034687598,0.000557892779324,3.50875961839e-06,0.00241753537707,0.00187367763622,0.0,4.21051154206e-05,0.00205964189599,0.000115789067407,0.00314033985846,0.002252623675,0.00250876312715,0.00181051996309,2.45613173287e-05,4.21051154206e-05,0.00223858863653,1.40350384735e-05,0.00246665801173,0.00107017168361,0.0017368360111,0.0007824533949,6.3157673131e-05,3.15788365655e-05,5.61401538942e-05,0.0,0.000371928519549,1.05262788552e-05,1.05262788552e-05,2.10525577103e-05,0.0,9.82452693148e-05,5.96489135126e-05,2.10525577103e-05,0.00302455079105,0.00209472949218,0.00292630552174,0.00348068954144,7.01751923677e-06,3.50875961839e-06,0.001526310434,0.0,1.05262788552e-05,0.0,0.00261753467532,3.50875961839e-06,0.00258244707913,3.50875961839e-06,0.00300349823334,1.40350384735e-05,0.000410524875351,0.00350875961839,0.000561401538942,0.00317893621426,0.00185262507851,0.00181402872271,3.50875961839e-06,0.0,7.01751923677e-06,0.00317542745464,0.000407016115733,0.000452629990772,4.91226346574e-05,1.75437980919e-05,3.50875961839e-06,0.00265963979074,0.000585962856271,1.40350384735e-05,0.00115087315483,6.66664327494e-05,3.50875961839e-06,0.00211227329027,0.00284560405051,0.0,0.00034736720222,7.01751923677e-06,0.00290876172364,0.000961400135438,0.00236139522317,0.000119297827025
Gen 285
string_,string_rot,integer_swap,exec_sho,integer_gte,boolean_shove,boolean_and,string_pop,exec_eq,string_yankd,string_parse_to_chars,integer_lt,string_stackdepth,exec_do*whi,char_r,char_p,boolean_sw,integer_sho,boolean_invert_second_then_a,print_integ,char_iswhitespace,string_removechar,exec_emp,string_first,string_conc,string_yank,string_concat,string_setchar,exec_yankd,string_length,string_replacefirstch,char_d,integer_eq,exec_do*tim,string_emptystri,string_reverse,exec_yankdup,string_repla,exec_,char_ya,integer_mu,string_replacech,boolean_yankd,char_isletter,integer_add,string_empty,char_isdigit,print_integer,exec_shove,integer_fromstri,string_conjchar,boolean_or,boolean_empty,exec_wh,string_fromchar,integer_yankd,exec_do*while,integer_rot,string_rest,boolean_flu,integer_stackdep,char_iswhitespa,char_allfromstring,boolean_,char_allfromstri,exec_stackdepth,exec_do*range,char_shove,char_stackdep,string_removech,exec_stackdep,boolean_sho,string_indexofch,string_stackdep,string_leng,print_ch,integer_mult,boolean_xor,boolean_yankdup,integer_min,string_emp,integer_fromch,exec_yank,char_stackdepth,char_sw,integer_fromboole,string_replace,integer_div,string_replacefirst,boolean_frominteger,string_butla,char_isdig,integer_flush,integer_,string_yankdup,char_flu,print_exec,integer_yank,boolean_frominteg,string_emptystring,char_yankd,boolean_ya,string_swap,print_ex,exec_d,integer_max,char_swap,string_contains,char_empty,exec_dup,exec_k,string_frominteg,exec_noop,exec_p,exec_r,exec_s,string_sho,integer_flu,exec_y,boolean_rot,boolean_a,integer_ya,exec_ya,boolean_invert_first_then_a,string_spl,string_occurrencesofch,integer_yankdup,string_replacechar,char_sho,string_fromboolean,print_stri,exec_string_itera,print_newli,string_ta,string_replacefirstchar,string_substring,boolean_stackdepth,string_shove,string_containschar,exec_do*ran,char_yankdup,char_yank,integer_sw,exec_do*times,string_fromch,integer_shove,exec_if,exec_whi,integer_g,char_frominteger,char_frominteg,boolean_dup,string_eq,boolean_not,char_eq,boolean_flush,boolean_pop,string_butlast,exec_swap,string_replacefir,boolean_swap,exec_sw,string_n,print_string,exec_flush,print_newline,integer_a,string_d,string_dup,string_frominteger,string_contai,integer_mod,exec_do*count,string_fir,string_r,integer_fromchar,string_p,integer_inc,boolean_invert_first_then_and,integer_fromstring,exec_rot,integer_m,boolean_d,char_rot,exec_do*cou,string_take,exec_string_iterate,string_split,integer_pop,boolean_n,string_re,boolean_p,boolean_r,exec_pop,string_sw,boolean_x,boolean_emp,string_la,char_emp,boolean_stackdep,string_parse_to_cha,print_char,integer_dup,boolean_invert_second_then_and,integer_sub,string_setch,exec_no,boolean_yank,char_islett,string_ya,string_flu,integer_stackdepth,integer_emp,integer_dec,print_boole,integer_gt,exec,string_indexofchar,in1,char_dup,char_flush,char_pop,integer_lte,string_conjch,exec_flu,string_containsch,boolean_eq,string_flush,print_boolean,integer_d,string_rever,char_,exec_empty,string_last,integer_l,exec_when,integer_i,string_substri,string_nth,string_occurrencesofchar,integer_r,integer_s,integer_p,exec_while,integer_fromboolean,integer_empty,string_fromboole
0.0,0.00348949828847,0.0026048859969,0.000146852633382,0.00268530529614,0.00239509652064,0.00142656843857,0.00292306670256,0.002038454411,3.49649127101e-06,0.00347201583211,0.000804192992332,0.00119580001469,1.3985965084e-05,3.84614039811e-05,0.000108391229401,3.49649127101e-06,0.0,0.000115384211943,0.0,0.00152097370289,0.00137062457824,1.7482456355e-05,0.000230768423887,6.99298254202e-06,0.000870626326481,0.00185314037364,0.00223425792218,0.000216782458803,0.00348949828847,2.44754388971e-05,2.09789476261e-05,0.00210139125388,2.79719301681e-05,0.0,0.00339858951542,0.00289159828112,8.74122817752e-05,1.7482456355e-05,3.49649127101e-06,3.49649127101e-06,3.49649127101e-06,1.7482456355e-05,0.00304194740578,0.00204195090227,0.00128670878773,0.00303145793197,0.00113286317181,0.00222726493963,0.0,0.00165034387992,0.0027132772263,0.00145454036874,0.0,0.00194404914668,6.99298254202e-05,0.0022797123087,0.00120978597977,0.00261537547072,0.0,8.74122817752e-05,3.49649127101e-06,0.00154195265052,0.000122377194485,1.0489473813e-05,0.00151747721162,0.00248600529369,0.00196852458558,0.0,0.00010489473813,1.0489473813e-05,6.99298254202e-06,0.0,1.0489473813e-05,8.39157905042e-05,2.79719301681e-05,0.000510487725567,0.00227621581743,0.00270278775249,0.00153845615924,2.79719301681e-05,0.0,0.00306991933595,0.00159789651085,6.99298254202e-06,6.99298254202e-06,0.00333215618127,0.00186013335618,0.00164684738865,0.000909087730462,4.89508777941e-05,1.3985965084e-05,0.00188460879507,9.09087730462e-05,0.00302446494942,8.04192992332e-05,3.84614039811e-05,0.00341956846305,0.0,0.000499998251754,3.49649127101e-06,3.49649127101e-06,0.00345453337576,0.0,1.3985965084e-05,0.000569928077175,0.00198251055066,0.00253495617148,0.00264334740088,0.0017727210744,0.000888108782836,0.0,0.00188460879507,0.0,3.49649127101e-06,0.000891605274107,3.49649127101e-06,1.3985965084e-05,0.000258740354055,0.00221327897455,8.04192992332e-05,1.0489473813e-05,4.19578952521e-05,1.3985965084e-05,1.0489473813e-05,1.7482456355e-05,0.00198251055066,0.00114684913689,2.44754388971e-05,0.00347900881465,6.99298254202e-06,1.3985965084e-05,0.0,1.3985965084e-05,0.00223775441345,0.00242306845081,0.00324124740823,0.0013391561568,0.00274824213901,0.0,0.00187411932126,0.00119580001469,3.49649127101e-06,0.0019055877427,3.49649127101e-06,0.00122726843612,0.00058741053353,1.0489473813e-05,1.7482456355e-05,0.0014230719473,2.44754388971e-05,0.000611885972427,0.00139160352586,0.00249999125877,0.00119929650596,0.00147551931637,0.00300698249307,0.00251747371513,0.000930066678089,0.0,0.00220978248328,0.0,1.0489473813e-05,0.00314684214391,0.00031118772312,1.3985965084e-05,1.7482456355e-05,0.0,0.00115384211943,0.000611885972427,6.99298254202e-06,0.00247901231115,0.00196852458558,0.0,4.54543865231e-05,0.00204894388481,0.000115384211943,0.00315733161772,0.00220628599201,0.00233565616903,0.00176922458313,1.3985965084e-05,5.24473690651e-05,0.00220278950074,6.99298254202e-06,0.00245803336352,0.000937059660631,0.00171677721407,0.000744752640725,2.44754388971e-05,4.54543865231e-05,3.84614039811e-05,0.0,0.000297201758036,2.09789476261e-05,3.49649127101e-06,3.49649127101e-05,3.49649127101e-06,0.000122377194485,3.49649127101e-05,2.44754388971e-05,0.00304544389705,0.00218880353565,0.00289859126367,0.00345453337576,3.49649127101e-05,0.0,0.00158391054577,0.0,0.0,0.0,0.00248600529369,1.7482456355e-05,0.00259439652309,0.0,0.00294404565019,2.79719301681e-05,0.000430068426334,0.00349299477974,0.000559438603362,0.00318880003916,0.00196502809431,0.00169579826644,0.0,0.0,1.3985965084e-05,0.00310488424866,0.000377621057269,0.000510487725567,5.24473690651e-05,2.09789476261e-05,6.99298254202e-06,0.00264334740088,0.00052097719938,1.3985965084e-05,0.00109440176783,5.94403516072e-05,3.49649127101e-06,0.0022552368698,0.00281467547316,0.0,0.000353145618372,3.49649127101e-06,0.00296152810655,0.00113286317181,0.00226922283489,0.000111887720672
Gen 286
string_,string_rot,integer_swap,exec_sho,integer_gte,boolean_shove,boolean_and,string_pop,exec_eq,string_yankd,string_parse_to_chars,integer_lt,string_stackdepth,exec_do*whi,char_r,char_p,boolean_sw,integer_sho,boolean_invert_second_then_a,print_integ,char_iswhitespace,string_removechar,exec_emp,string_first,string_conc,string_yank,string_concat,string_setchar,exec_yankd,string_length,string_replacefirstch,char_d,integer_eq,exec_do*tim,string_emptystri,string_reverse,exec_yankdup,string_repla,exec_,char_ya,integer_mu,string_replacech,boolean_yankd,char_isletter,integer_add,string_empty,char_isdigit,print_integer,exec_shove,integer_fromstri,string_conjchar,boolean_or,boolean_empty,exec_wh,string_fromchar,integer_yankd,exec_do*while,integer_rot,string_rest,boolean_flu,integer_stackdep,char_iswhitespa,char_allfromstring,boolean_,char_allfromstri,exec_stackdepth,exec_do*range,char_shove,char_stackdep,string_removech,exec_stackdep,boolean_sho,string_indexofch,string_stackdep,string_leng,print_ch,integer_mult,boolean_xor,boolean_yankdup,integer_min,string_emp,integer_fromch,exec_yank,char_stackdepth,char_sw,integer_fromboole,string_replace,integer_div,string_replacefirst,boolean_frominteger,string_butla,char_isdig,integer_flush,integer_,string_yankdup,char_flu,print_exec,integer_yank,boolean_frominteg,string_emptystring,char_yankd,boolean_ya,string_swap,print_ex,exec_d,integer_max,char_swap,string_contains,char_empty,exec_dup,exec_k,string_frominteg,exec_noop,exec_p,exec_r,exec_s,string_sho,integer_flu,exec_y,boolean_rot,boolean_a,integer_ya,exec_ya,boolean_invert_first_then_a,string_spl,string_occurrencesofch,integer_yankdup,string_replacechar,char_sho,string_fromboolean,print_stri,exec_string_itera,print_newli,string_ta,string_replacefirstchar,string_substring,boolean_stackdepth,string_shove,string_containschar,exec_do*ran,char_yankdup,char_yank,integer_sw,exec_do*times,string_fromch,integer_shove,exec_if,exec_whi,integer_g,char_frominteger,char_frominteg,boolean_dup,string_eq,boolean_not,char_eq,boolean_flush,boolean_pop,string_butlast,exec_swap,string_replacefir,boolean_swap,exec_sw,string_n,print_string,exec_flush,print_newline,integer_a,string_d,string_dup,string_frominteger,string_contai,integer_mod,exec_do*count,string_fir,string_r,integer_fromchar,string_p,integer_inc,boolean_invert_first_then_and,integer_fromstring,exec_rot,integer_m,boolean_d,char_rot,exec_do*cou,string_take,exec_string_iterate,string_split,integer_pop,boolean_n,string_re,boolean_p,boolean_r,exec_pop,string_sw,boolean_x,boolean_emp,string_la,char_emp,boolean_stackdep,string_parse_to_cha,print_char,integer_dup,boolean_invert_second_then_and,integer_sub,string_setch,exec_no,boolean_yank,char_islett,string_ya,string_flu,integer_stackdepth,integer_emp,integer_dec,print_boole,integer_gt,exec,string_indexofchar,in1,char_dup,char_flush,char_pop,integer_lte,string_conjch,exec_flu,string_containsch,boolean_eq,string_flush,print_boolean,integer_d,string_rever,char_,exec_empty,string_last,integer_l,exec_when,integer_i,string_substri,string_nth,string_occurrencesofchar,integer_r,integer_s,integer_p,exec_while,integer_fromboolean,integer_empty,string_fromboole
3.48430841704e-06,0.00346688687496,0.00262368423803,8.0139093592e-05,0.00272821349055,0.00245643743402,0.00145295660991,0.00286758582723,0.00201741457347,0.0,0.00345294964129,0.00089546726318,0.00128570980589,1.04529252511e-05,1.74215420852e-05,0.000104529252511,1.04529252511e-05,3.48430841704e-06,9.40763272602e-05,3.48430841704e-06,0.001554001554,0.0013902390584,6.96861683409e-06,0.000222995738691,6.96861683409e-06,0.000867592795844,0.00189894808729,0.0022682847795,0.000285713290198,0.00348430841704,1.74215420852e-05,0.0,0.00220905153641,6.96861683409e-06,0.0,0.00336932623928,0.00297908369657,8.0139093592e-05,1.39372336682e-05,3.48430841704e-06,3.48430841704e-06,1.04529252511e-05,2.09058505023e-05,0.00299998954707,0.00198605579771,0.00129267842272,0.00303134832283,0.0012055707123,0.00219511430274,6.96861683409e-06,0.00168640527385,0.00267594886429,0.00145992522674,3.48430841704e-06,0.00187455792837,6.27175515068e-05,0.00228919063,0.0012264765628,0.00257141961178,3.48430841704e-06,5.57489346727e-05,3.48430841704e-06,0.00160626618026,0.000101044944094,2.78744673364e-05,0.00158187602134,0.00250173344344,0.0019616656388,0.0,7.31704767579e-05,1.39372336682e-05,3.48430841704e-06,3.48430841704e-06,1.74215420852e-05,0.000118466486179,3.13587757534e-05,0.00049477179522,0.00223344169533,0.00274563503263,0.0014111449089,3.48430841704e-06,1.39372336682e-05,0.00295817784607,0.0015749074045,6.96861683409e-06,6.96861683409e-06,0.00326131267835,0.00185365207787,0.00170382681593,0.00102787098303,4.52960094216e-05,1.39372336682e-05,0.00193030686304,5.92332430897e-05,0.00297908369657,0.000135888028265,2.43901589193e-05,0.00337977916453,6.96861683409e-06,0.000599301047732,6.96861683409e-06,3.48430841704e-06,0.00341810655712,0.0,2.43901589193e-05,0.000616722589817,0.00201741457347,0.00252263929394,0.00256096668653,0.00181184037686,0.000902435880014,6.96861683409e-06,0.00199650872297,3.48430841704e-06,3.48430841704e-06,0.000770032160167,3.48430841704e-06,1.74215420852e-05,0.000250870206027,0.00211845951756,8.71077104261e-05,1.04529252511e-05,2.43901589193e-05,1.39372336682e-05,6.96861683409e-06,3.48430841704e-06,0.00204877334922,0.00117769624496,2.78744673364e-05,0.00345991825812,1.74215420852e-05,3.48430841704e-06,0.0,6.96861683409e-06,0.00228222201316,0.00248082759294,0.00315678342584,0.00133100581531,0.00279789965889,4.18117010045e-05,0.0017386699001,0.0013484273574,1.04529252511e-05,0.00172124835802,6.96861683409e-06,0.00129964703956,0.000620206898234,6.96861683409e-06,3.48430841704e-05,0.00135191166581,0.0,0.000536583496225,0.00135888028265,0.0024529531256,0.00127525688064,0.00140417629207,0.00301392678074,0.0024738589761,0.000794422319086,3.48430841704e-06,0.00229964355525,0.0,2.78744673364e-05,0.00302437970599,0.000289197598615,3.83273925875e-05,1.39372336682e-05,0.0,0.00102438667461,0.000728220459162,1.39372336682e-05,0.00237978264884,0.00187804223679,3.48430841704e-06,4.87803178386e-05,0.00215678691015,0.000128919411431,0.00314633050059,0.00213936536806,0.0023100964805,0.00177351298428,2.78744673364e-05,6.27175515068e-05,0.00210452228389,1.74215420852e-05,0.00245992174243,0.0010836199177,0.00159232894659,0.000808359552754,1.74215420852e-05,2.09058505023e-05,6.62018599238e-05,3.48430841704e-06,0.000337977916453,2.43901589193e-05,1.04529252511e-05,2.43901589193e-05,0.0,9.75606356772e-05,3.83273925875e-05,1.39372336682e-05,0.00293378768715,0.00222995738691,0.00286758582723,0.00343552809921,3.13587757534e-05,0.0,0.00148431538566,6.96861683409e-06,0.0,0.0,0.00248779620977,6.96861683409e-06,0.00254354514444,0.0,0.00293727199557,2.43901589193e-05,0.000432054243713,0.00348430841704,0.000606269664566,0.00321950097735,0.00190243239571,0.00184319915262,1.04529252511e-05,0.0,3.48430841704e-06,0.00307664433225,0.000526130570974,0.000487803178386,6.62018599238e-05,1.39372336682e-05,6.96861683409e-06,0.00262368423803,0.000508709028888,1.74215420852e-05,0.00109058853453,4.87803178386e-05,1.04529252511e-05,0.00208361643339,0.00279789965889,1.04529252511e-05,0.000327524991202,1.04529252511e-05,0.00295469353765,0.00117769624496,0.00222298877007,0.000108013560928
Gen 287
string_,string_rot,integer_swap,exec_sho,integer_gte,boolean_shove,boolean_and,string_pop,exec_eq,string_yankd,string_parse_to_chars,integer_lt,string_stackdepth,exec_do*whi,char_r,char_p,boolean_sw,integer_sho,boolean_invert_second_then_a,print_integ,char_iswhitespace,string_removechar,exec_emp,string_first,string_conc,string_yank,string_concat,string_setchar,exec_yankd,string_length,string_replacefirstch,char_d,integer_eq,exec_do*tim,string_emptystri,string_reverse,exec_yankdup,string_repla,exec_,char_ya,integer_mu,string_replacech,boolean_yankd,char_isletter,integer_add,string_empty,char_isdigit,print_integer,exec_shove,integer_fromstri,string_conjchar,boolean_or,boolean_empty,exec_wh,string_fromchar,integer_yankd,exec_do*while,integer_rot,string_rest,boolean_flu,integer_stackdep,char_iswhitespa,char_allfromstring,boolean_,char_allfromstri,exec_stackdepth,exec_do*range,char_shove,char_stackdep,string_removech,exec_stackdep,boolean_sho,string_indexofch,string_stackdep,string_leng,print_ch,integer_mult,boolean_xor,boolean_yankdup,integer_min,string_emp,integer_fromch,exec_yank,char_stackdepth,char_sw,integer_fromboole,string_replace,integer_div,string_replacefirst,boolean_frominteger,string_butla,char_isdig,integer_flush,integer_,string_yankdup,char_flu,print_exec,integer_yank,boolean_frominteg,string_emptystring,char_yankd,boolean_ya,string_swap,print_ex,exec_d,integer_max,char_swap,string_contains,char_empty,exec_dup,exec_k,string_frominteg,exec_noop,exec_p,exec_r,exec_s,string_sho,integer_flu,exec_y,boolean_rot,boolean_a,integer_ya,exec_ya,boolean_invert_first_then_a,string_spl,string_occurrencesofch,integer_yankdup,string_replacechar,char_sho,string_fromboolean,print_stri,exec_string_itera,print_newli,string_ta,string_replacefirstchar,string_substring,boolean_stackdepth,string_shove,string_containschar,exec_do*ran,char_yankdup,char_yank,integer_sw,exec_do*times,string_fromch,integer_shove,exec_if,exec_whi,integer_g,char_frominteger,char_frominteg,boolean_dup,string_eq,boolean_not,char_eq,boolean_flush,boolean_pop,string_butlast,exec_swap,string_replacefir,boolean_swap,exec_sw,string_n,print_string,exec_flush,print_newline,integer_a,string_d,string_dup,string_frominteger,string_contai,integer_mod,exec_do*count,string_fir,string_r,integer_fromchar,string_p,integer_inc,boolean_invert_first_then_and,integer_fromstring,exec_rot,integer_m,boolean_d,char_rot,exec_do*cou,string_take,exec_string_iterate,string_split,integer_pop,boolean_n,string_re,boolean_p,boolean_r,exec_pop,string_sw,boolean_x,boolean_emp,string_la,char_emp,boolean_stackdep,string_parse_to_cha,print_char,integer_dup,boolean_invert_second_then_and,integer_sub,string_setch,exec_no,boolean_yank,char_islett,string_ya,string_flu,integer_stackdepth,integer_emp,integer_dec,print_boole,integer_gt,exec,string_indexofchar,in1,char_dup,char_flush,char_pop,integer_lte,string_conjch,exec_flu,string_containsch,boolean_eq,string_flush,print_boolean,integer_d,string_rever,char_,exec_empty,string_last,integer_l,exec_when,integer_i,string_substri,string_nth,string_occurrencesofchar,integer_r,integer_s,integer_p,exec_while,integer_fromboolean,integer_empty,string_fromboole
0.0,0.00346873795577,0.00263193530578,5.20831524891e-05,0.00273957382092,0.00249651910931,0.00153124468318,0.00290623990889,0.00196874316409,1.04166304978e-05,0.00344443248461,0.000822913809327,0.00115624598526,0.0,2.77776813275e-05,7.29164134847e-05,0.0,1.38888406637e-05,8.68052541484e-05,6.94442033187e-06,0.00149652258152,0.00121527355808,1.04166304978e-05,0.000243054711616,0.0,0.000892358012646,0.00197221537425,0.00223957555703,0.000225693660786,0.00346873795577,2.08332609956e-05,6.94442033187e-06,0.00205207620807,2.08332609956e-05,0.0,0.00342359922361,0.00282290686491,7.98608338165e-05,1.04166304978e-05,3.47221016594e-06,3.47221016594e-06,0.0,3.47221016594e-06,0.00302082284437,0.00201388189624,0.00110763504293,0.00309026704768,0.00101735757862,0.00210068715039,6.94442033187e-06,0.00174652171347,0.00263193530578,0.001590272256,0.0,0.00185763243878,8.33330439825e-05,0.00228818649935,0.00108332957177,0.00255554668213,0.0,2.77776813275e-05,6.94442033187e-06,0.00139582848671,0.000100694094812,2.77776813275e-05,0.00147221711036,0.00252429679064,0.00195485432342,3.47221016594e-06,9.72218846462e-05,2.43054711616e-05,2.43054711616e-05,0.0,1.04166304978e-05,8.33330439825e-05,2.77776813275e-05,0.000541664785886,0.00207638167923,0.00271874055993,0.00134374533422,2.77776813275e-05,3.81943118253e-05,0.00298610074271,0.00167013308982,1.04166304978e-05,1.04166304978e-05,0.00327429418648,0.0019166600116,0.0015798556255,0.00096527442613,3.81943118253e-05,2.77776813275e-05,0.00187846569977,4.51387321572e-05,0.00295485085121,0.000114582935476,2.77776813275e-05,0.00340276596262,0.0,0.000513887104559,6.94442033187e-06,0.0,0.00339929375245,0.0,2.43054711616e-05,0.000513887104559,0.00201040968608,0.00244790816699,0.00254513005163,0.0017326328728,0.00085416370082,3.47221016594e-06,0.00199304863525,1.04166304978e-05,3.47221016594e-06,0.000788191707668,6.94442033187e-06,6.94442033187e-06,0.000208332609956,0.00199652084541,0.00011111072531,1.04166304978e-05,8.33330439825e-05,1.73610508297e-05,3.47221016594e-06,1.04166304978e-05,0.00198263200475,0.00104513525995,3.12498914934e-05,0.00344443248461,6.94442033187e-06,1.73610508297e-05,0.0,1.04166304978e-05,0.00216318693338,0.00255207447196,0.00320484998316,0.00125694008007,0.00263540751595,5.20831524891e-05,0.00161457772716,0.00140277290704,2.43054711616e-05,0.00171527182197,1.04166304978e-05,0.00126041229024,0.00055555362655,1.73610508297e-05,2.08332609956e-05,0.0012638845004,3.47221016594e-06,0.000510414894393,0.00132291207322,0.00249651910931,0.00130902323256,0.00140277290704,0.00295485085121,0.00229513091968,0.000791663917834,0.0,0.0020381873674,0.0,1.04166304978e-05,0.00299304516304,0.000277776813275,2.08332609956e-05,6.94442033187e-06,0.0,0.000815969388995,0.000618053409537,2.08332609956e-05,0.00228471428919,0.00183332696761,3.47221016594e-06,2.77776813275e-05,0.0020798538894,7.98608338165e-05,0.00315623904084,0.00207290946906,0.00237151954333,0.00154513352384,3.47221016594e-05,3.81943118253e-05,0.00215624251305,1.04166304978e-05,0.00237151954333,0.000857635910986,0.00165624424915,0.000770830656838,1.73610508297e-05,2.08332609956e-05,3.12498914934e-05,3.47221016594e-06,0.000253471342113,2.43054711616e-05,1.04166304978e-05,2.77776813275e-05,0.0,7.63886236506e-05,5.20831524891e-05,1.38888406637e-05,0.00295832306138,0.00206249283857,0.00281943465474,0.00344443248461,4.86109423231e-05,1.73610508297e-05,0.00163541098816,6.94442033187e-06,1.73610508297e-05,3.47221016594e-06,0.0025173523703,1.04166304978e-05,0.00244790816699,6.94442033187e-06,0.00287151780723,3.47221016594e-05,0.000486109423231,0.00347221016594,0.000604164568873,0.00312846135951,0.00197221537425,0.00176735497446,1.04166304978e-05,0.0,0.0,0.00310068367818,0.000493053843563,0.00042708185041,3.81943118253e-05,3.81943118253e-05,6.94442033187e-06,0.00272221277009,0.000465276162236,2.08332609956e-05,0.00107985736161,8.33330439825e-05,1.38888406637e-05,0.00213193704189,0.0026805462481,0.0,0.00035069322676,6.94442033187e-06,0.00296179527154,0.00112846830393,0.00231596418068,0.000121527355808
Gen 288
string_,string_rot,integer_swap,exec_sho,integer_gte,boolean_shove,boolean_and,string_pop,exec_eq,string_yankd,string_parse_to_chars,integer_lt,string_stackdepth,exec_do*whi,char_r,char_p,boolean_sw,integer_sho,boolean_invert_second_then_a,print_integ,char_iswhitespace,string_removechar,exec_emp,string_first,string_conc,string_yank,string_concat,string_setchar,exec_yankd,string_length,string_replacefirstch,char_d,integer_eq,exec_do*tim,string_emptystri,string_reverse,exec_yankdup,string_repla,exec_,char_ya,integer_mu,string_replacech,boolean_yankd,char_isletter,integer_add,string_empty,char_isdigit,print_integer,exec_shove,integer_fromstri,string_conjchar,boolean_or,boolean_empty,exec_wh,string_fromchar,integer_yankd,exec_do*while,integer_rot,string_rest,boolean_flu,integer_stackdep,char_iswhitespa,char_allfromstring,boolean_,char_allfromstri,exec_stackdepth,exec_do*range,char_shove,char_stackdep,string_removech,exec_stackdep,boolean_sho,string_indexofch,string_stackdep,string_leng,print_ch,integer_mult,boolean_xor,boolean_yankdup,integer_min,string_emp,integer_fromch,exec_yank,char_stackdepth,char_sw,integer_fromboole,string_replace,integer_div,string_replacefirst,boolean_frominteger,string_butla,char_isdig,integer_flush,integer_,string_yankdup,char_flu,print_exec,integer_yank,boolean_frominteg,string_emptystring,char_yankd,boolean_ya,string_swap,print_ex,exec_d,integer_max,char_swap,string_contains,char_empty,exec_dup,exec_k,string_frominteg,exec_noop,exec_p,exec_r,exec_s,string_sho,integer_flu,exec_y,boolean_rot,boolean_a,integer_ya,exec_ya,boolean_invert_first_then_a,string_spl,string_occurrencesofch,integer_yankdup,string_replacechar,char_sho,string_fromboolean,print_stri,exec_string_itera,print_newli,string_ta,string_replacefirstchar,string_substring,boolean_stackdepth,string_shove,string_containschar,exec_do*ran,char_yankdup,char_yank,integer_sw,exec_do*times,string_fromch,integer_shove,exec_if,exec_whi,integer_g,char_frominteger,char_frominteg,boolean_dup,string_eq,boolean_not,char_eq,boolean_flush,boolean_pop,string_butlast,exec_swap,string_replacefir,boolean_swap,exec_sw,string_n,print_string,exec_flush,print_newline,integer_a,string_d,string_dup,string_frominteger,string_contai,integer_mod,exec_do*count,string_fir,string_r,integer_fromchar,string_p,integer_inc,boolean_invert_first_then_and,integer_fromstring,exec_rot,integer_m,boolean_d,char_rot,exec_do*cou,string_take,exec_string_iterate,string_split,integer_pop,boolean_n,string_re,boolean_p,boolean_r,exec_pop,string_sw,boolean_x,boolean_emp,string_la,char_emp,boolean_stackdep,string_parse_to_cha,print_char,integer_dup,boolean_invert_second_then_and,integer_sub,string_setch,exec_no,boolean_yank,char_islett,string_ya,string_flu,integer_stackdepth,integer_emp,integer_dec,print_boole,integer_gt,exec,string_indexofchar,in1,char_dup,char_flush,char_pop,integer_lte,string_conjch,exec_flu,string_containsch,boolean_eq,string_flush,print_boolean,integer_d,string_rever,char_,exec_empty,string_last,integer_l,exec_when,integer_i,string_substri,string_nth,string_occurrencesofchar,integer_r,integer_s,integer_p,exec_while,integer_fromboolean,integer_empty,string_fromboole
0.0,0.00345327524818,0.00246711949094,6.22835215103e-05,0.00262282829471,0.00246019909966,0.00156746862468,0.00294116629354,0.00201729405781,3.46019563946e-06,0.00344981505254,0.000702419714811,0.00111764319155,1.38407825578e-05,3.11417607552e-05,2.42213694762e-05,3.46019563946e-06,3.46019563946e-06,8.9965086626e-05,3.46019563946e-06,0.00145674236421,0.00113494416974,1.03805869184e-05,0.00019377095581,0.0,0.00083390714911,0.00197923190577,0.0022975699046,0.000269895259878,0.00345327524818,2.42213694762e-05,0.0,0.00199653288397,2.07611738368e-05,0.0,0.00337369074847,0.00274393514209,4.4982543313e-05,2.42213694762e-05,1.03805869184e-05,0.0,0.0,3.46019563946e-06,0.00294116629354,0.00200691347089,0.00112456358282,0.00303459157581,0.000986155757247,0.00207611738368,1.03805869184e-05,0.00166781429822,0.00262628849035,0.00152940647264,0.0,0.00189964740606,4.84427389525e-05,0.0022006844267,0.00114532475666,0.00261936809907,0.0,3.46019563946e-05,3.46019563946e-06,0.00138753845142,8.9965086626e-05,3.80621520341e-05,0.00143252099474,0.00255708457756,0.0019204085799,3.46019563946e-06,0.000100345673544,3.46019563946e-05,1.73009781973e-05,0.0,1.03805869184e-05,8.9965086626e-05,7.61243040682e-05,0.000477506998246,0.0020691969924,0.00271279338134,0.00128373258224,1.03805869184e-05,2.42213694762e-05,0.00291348472843,0.00168165508078,3.46019563946e-06,0.0,0.00330102664005,0.00191694838426,0.00158130940723,0.000816606170913,2.42213694762e-05,4.15223476735e-05,0.00183390368891,3.46019563946e-05,0.00301383040197,9.68854779049e-05,5.19029345919e-05,0.00337369074847,3.46019563946e-06,0.00057785267179,1.03805869184e-05,0.0,0.00341175290051,0.0,2.07611738368e-05,0.000415223476735,0.00199307268833,0.0024290573389,0.00246019909966,0.0016920356677,0.000647056584579,3.46019563946e-06,0.00195847073194,0.0,4.84427389525e-05,0.000626295410743,1.03805869184e-05,1.38407825578e-05,0.000207611738368,0.00215224168775,9.34252822655e-05,1.03805869184e-05,8.30446953471e-05,1.38407825578e-05,1.03805869184e-05,6.92039127892e-06,0.00189272701479,0.000941173213934,7.95844997076e-05,0.00345327524818,3.46019563946e-06,3.46019563946e-06,0.0,1.03805869184e-05,0.00221798540489,0.00244289812146,0.00322144214034,0.0011833869087,0.00255708457756,3.80621520341e-05,0.00164359292874,0.00142560060346,6.92039127892e-06,0.00171625703717,1.03805869184e-05,0.00117646651742,0.000522489541559,6.92039127892e-06,1.73009781973e-05,0.00124221023457,3.46019563946e-06,0.000404842889817,0.00122490925637,0.00238753499123,0.00128719277788,0.00138061806015,0.00288580316331,0.00220760481798,0.000916951844457,0.0,0.00194116975374,3.46019563946e-06,3.46019563946e-06,0.00304151196709,0.000290656433715,3.11417607552e-05,3.46019563946e-06,0.0,0.00083390714911,0.000557091497953,1.38407825578e-05,0.00225604755693,0.001823523102,3.46019563946e-06,3.11417607552e-05,0.0019550105363,9.34252822655e-05,0.00312455666243,0.0020864979706,0.0023148708828,0.00158476960287,1.38407825578e-05,4.15223476735e-05,0.00216954266594,0.0,0.00234947283919,0.00096539458341,0.00160553077671,0.000754322649403,1.03805869184e-05,2.42213694762e-05,5.53631302314e-05,3.46019563946e-06,0.000280275846796,1.38407825578e-05,1.38407825578e-05,1.73009781973e-05,0.0,0.000114186456102,6.92039127892e-05,3.80621520341e-05,0.00298960903249,0.00186158525403,0.00282005944616,0.00340829270487,3.80621520341e-05,3.46019563946e-05,0.0015605482334,2.42213694762e-05,0.0,3.46019563946e-06,0.0024463583171,3.46019563946e-06,0.00261244770779,0.0,0.0028235196418,2.42213694762e-05,0.000480967193885,0.00346019563946,0.000584773063069,0.00316607901011,0.00189618721042,0.00188234642787,1.03805869184e-05,0.0,1.38407825578e-05,0.00302421098889,0.000456745824409,0.000501728367722,5.19029345919e-05,4.15223476735e-05,1.38407825578e-05,0.00260206712088,0.000480967193885,2.76815651157e-05,0.00112802377846,7.61243040682e-05,1.38407825578e-05,0.00215570188338,0.00269895259878,0.0,0.000297576824994,0.0,0.00295846727174,0.000972314974689,0.00224566697001,0.000121106847381
Gen 289
string_,string_rot,integer_swap,exec_sho,integer_gte,boolean_shove,boolean_and,string_pop,exec_eq,string_yankd,string_parse_to_chars,integer_lt,string_stackdepth,exec_do*whi,char_r,char_p,boolean_sw,integer_sho,boolean_invert_second_then_a,print_integ,char_iswhitespace,string_removechar,exec_emp,string_first,string_conc,string_yank,string_concat,string_setchar,exec_yankd,string_length,string_replacefirstch,char_d,integer_eq,exec_do*tim,string_emptystri,string_reverse,exec_yankdup,string_repla,exec_,char_ya,integer_mu,string_replacech,boolean_yankd,char_isletter,integer_add,string_empty,char_isdigit,print_integer,exec_shove,integer_fromstri,string_conjchar,boolean_or,boolean_empty,exec_wh,string_fromchar,integer_yankd,exec_do*while,integer_rot,string_rest,boolean_flu,integer_stackdep,char_iswhitespa,char_allfromstring,boolean_,char_allfromstri,exec_stackdepth,exec_do*range,char_shove,char_stackdep,string_removech,exec_stackdep,boolean_sho,string_indexofch,string_stackdep,string_leng,print_ch,integer_mult,boolean_xor,boolean_yankdup,integer_min,string_emp,integer_fromch,exec_yank,char_stackdepth,char_sw,integer_fromboole,string_replace,integer_div,string_replacefirst,boolean_frominteger,string_butla,char_isdig,integer_flush,integer_,string_yankdup,char_flu,print_exec,integer_yank,boolean_frominteg,string_emptystring,char_yankd,boolean_ya,string_swap,print_ex,exec_d,integer_max,char_swap,string_contains,char_empty,exec_dup,exec_k,string_frominteg,exec_noop,exec_p,exec_r,exec_s,string_sho,integer_flu,exec_y,boolean_rot,boolean_a,integer_ya,exec_ya,boolean_invert_first_then_a,string_spl,string_occurrencesofch,integer_yankdup,string_replacechar,char_sho,string_fromboolean,print_stri,exec_string_itera,print_newli,string_ta,string_replacefirstchar,string_substring,boolean_stackdepth,string_shove,string_containschar,exec_do*ran,char_yankdup,char_yank,integer_sw,exec_do*times,string_fromch,integer_shove,exec_if,exec_whi,integer_g,char_frominteger,char_frominteg,boolean_dup,string_eq,boolean_not,char_eq,boolean_flush,boolean_pop,string_butlast,exec_swap,string_replacefir,boolean_swap,exec_sw,string_n,print_string,exec_flush,print_newline,integer_a,string_d,string_dup,string_frominteger,string_contai,integer_mod,exec_do*count,string_fir,string_r,integer_fromchar,string_p,integer_inc,boolean_invert_first_then_and,integer_fromstring,exec_rot,integer_m,boolean_d,char_rot,exec_do*cou,string_take,exec_string_iterate,string_split,integer_pop,boolean_n,string_re,boolean_p,boolean_r,exec_pop,string_sw,boolean_x,boolean_emp,string_la,char_emp,boolean_stackdep,string_parse_to_cha,print_char,integer_dup,boolean_invert_second_then_and,integer_sub,string_setch,exec_no,boolean_yank,char_islett,string_ya,string_flu,integer_stackdepth,integer_emp,integer_dec,print_boole,integer_gt,exec,string_indexofchar,in1,char_dup,char_flush,char_pop,integer_lte,string_conjch,exec_flu,string_containsch,boolean_eq,string_flush,print_boolean,integer_d,string_rever,char_,exec_empty,string_last,integer_l,exec_when,integer_i,string_substri,string_nth,string_occurrencesofchar,integer_r,integer_s,integer_p,exec_while,integer_fromboolean,integer_empty,string_fromboole
1.3793055886e-05,0.00343102265165,0.00245861221168,0.000110344447088,0.00265171499409,0.00257240492274,0.00170344240192,0.00293792090372,0.00200344136744,1.03447919145e-05,0.00343791917959,0.000675859738415,0.00100689307968,2.41378478005e-05,2.41378478005e-05,1.72413198575e-05,3.4482639715e-06,0.0,9.31031272306e-05,0.0,0.00138620211654,0.00117585801428,3.4482639715e-06,0.000175861462547,0.0,0.000758618073731,0.00204826879907,0.00219654414985,0.00020689583829,0.00343102265165,1.72413198575e-05,0.0,0.00200688963142,6.89652794301e-06,0.0,0.00338964348399,0.0028068868728,7.24135434016e-05,3.79309036865e-05,0.0,0.0,0.0,3.4482639715e-06,0.00291033479195,0.00198964831156,0.00117240975031,0.00301033444712,0.000996548287765,0.00203792400716,6.89652794301e-06,0.00144827086803,0.00267930110586,0.00136551253272,0.0,0.00181378684901,8.27583353161e-05,0.00221723373368,0.00115861669443,0.00260343929849,3.4482639715e-06,3.10343757435e-05,1.03447919145e-05,0.00140689170037,0.00011379271106,5.86204875156e-05,0.00133792642094,0.00262412888231,0.00188620039241,0.0,7.93100713446e-05,2.41378478005e-05,1.03447919145e-05,0.0,2.0689583829e-05,9.99996551736e-05,7.58618073731e-05,0.000393102092751,0.0020206826873,0.00267240457792,0.00139999517243,1.03447919145e-05,1.3793055886e-05,0.00277585249706,0.00161033927469,3.4482639715e-06,0.0,0.00326205771704,0.00195171740787,0.00155516705115,0.00087241078479,3.4482639715e-05,1.3793055886e-05,0.00181033858504,3.10343757435e-05,0.00303447229492,7.58618073731e-05,3.4482639715e-05,0.00334826431633,6.89652794301e-06,0.000582756611184,1.03447919145e-05,3.4482639715e-06,0.00341378133179,0.0,6.89652794301e-06,0.00045861910821,0.00192068303213,0.00232068165282,0.00255516360288,0.00158964969086,0.000820686825218,3.4482639715e-06,0.00208619970276,0.0,1.72413198575e-05,0.000637928834728,2.0689583829e-05,1.03447919145e-05,0.000196551046376,0.00212413060645,8.96548632591e-05,1.3793055886e-05,4.8275695601e-05,1.3793055886e-05,3.4482639715e-06,6.89652794301e-06,0.00195171740787,0.000965513912021,5.86204875156e-05,0.00343102265165,1.3793055886e-05,6.89652794301e-06,0.0,1.3793055886e-05,0.00217240630205,0.0024689570036,0.0032551611891,0.00117930627825,0.00252757749111,6.89652794301e-05,0.00157240837101,0.00119999586208,1.03447919145e-05,0.00163447712249,0.0,0.00125516808563,0.000513791331754,1.3793055886e-05,3.4482639715e-05,0.00113447884662,6.89652794301e-06,0.000303447229492,0.00127240940548,0.0024689570036,0.00140689170037,0.00131723683711,0.00282067992869,0.00208964796673,0.000765514601674,0.0,0.00193792435198,3.4482639715e-06,2.0689583829e-05,0.00302412750301,0.000224137158148,1.03447919145e-05,6.89652794301e-06,3.4482639715e-06,0.000758618073731,0.000506894803811,1.03447919145e-05,0.00227930248516,0.0018275799049,0.0,5.17239595726e-05,0.0019241312961,0.000120689239003,0.00312067889421,0.00207585491085,0.00221723373368,0.00138275385257,3.10343757435e-05,3.79309036865e-05,0.00219309588588,1.3793055886e-05,0.00228619901311,0.000948272592163,0.00150344309158,0.000810342033303,1.72413198575e-05,3.79309036865e-05,3.4482639715e-05,3.4482639715e-06,0.000244826741977,2.7586111772e-05,1.3793055886e-05,1.03447919145e-05,0.0,9.99996551736e-05,7.58618073731e-05,2.41378478005e-05,0.00301378271109,0.00183102816887,0.00272757680146,0.00339654001193,3.79309036865e-05,2.0689583829e-05,0.00157240837101,1.3793055886e-05,3.4482639715e-06,1.03447919145e-05,0.00236550908445,6.89652794301e-06,0.00248964658743,0.0,0.00280343860883,3.4482639715e-05,0.000568963555298,0.0034482639715,0.000475860428067,0.00305516187875,0.00198964831156,0.00166895976221,3.4482639715e-06,0.0,1.3793055886e-05,0.00301723097507,0.000420688204523,0.000444826052324,6.20687514871e-05,1.3793055886e-05,6.89652794301e-06,0.00262757714629,0.00045861910821,2.0689583829e-05,0.00105172051131,8.27583353161e-05,1.72413198575e-05,0.00216895803808,0.00268964589777,1.03447919145e-05,0.000268964589777,0.0,0.00297930007138,0.00102068613557,0.00232757818076,0.000103447919145
Gen 290
string_,string_rot,integer_swap,exec_sho,integer_gte,boolean_shove,boolean_and,string_pop,exec_eq,string_yankd,string_parse_to_chars,integer_lt,string_stackdepth,exec_do*whi,char_r,char_p,boolean_sw,integer_sho,boolean_invert_second_then_a,print_integ,char_iswhitespace,string_removechar,exec_emp,string_first,string_conc,string_yank,string_concat,string_setchar,exec_yankd,string_length,string_replacefirstch,char_d,integer_eq,exec_do*tim,string_emptystri,string_reverse,exec_yankdup,string_repla,exec_,char_ya,integer_mu,string_replacech,boolean_yankd,char_isletter,integer_add,string_empty,char_isdigit,print_integer,exec_shove,integer_fromstri,string_conjchar,boolean_or,boolean_empty,exec_wh,string_fromchar,integer_yankd,exec_do*while,integer_rot,string_rest,boolean_flu,integer_stackdep,char_iswhitespa,char_allfromstring,boolean_,char_allfromstri,exec_stackdepth,exec_do*range,char_shove,char_stackdep,string_removech,exec_stackdep,boolean_sho,string_indexofch,string_stackdep,string_leng,print_ch,integer_mult,boolean_xor,boolean_yankdup,integer_min,string_emp,integer_fromch,exec_yank,char_stackdepth,char_sw,integer_fromboole,string_replace,integer_div,string_replacefirst,boolean_frominteger,string_butla,char_isdig,integer_flush,integer_,string_yankdup,char_flu,print_exec,integer_yank,boolean_frominteg,string_emptystring,char_yankd,boolean_ya,string_swap,print_ex,exec_d,integer_max,char_swap,string_contains,char_empty,exec_dup,exec_k,string_frominteg,exec_noop,exec_p,exec_r,exec_s,string_sho,integer_flu,exec_y,boolean_rot,boolean_a,integer_ya,exec_ya,boolean_invert_first_then_a,string_spl,string_occurrencesofch,integer_yankdup,string_replacechar,char_sho,string_fromboolean,print_stri,exec_string_itera,print_newli,string_ta,string_replacefirstchar,string_substring,boolean_stackdepth,string_shove,string_containschar,exec_do*ran,char_yankdup,char_yank,integer_sw,exec_do*times,string_fromch,integer_shove,exec_if,exec_whi,integer_g,char_frominteger,char_frominteg,boolean_dup,string_eq,boolean_not,char_eq,boolean_flush,boolean_pop,string_butlast,exec_swap,string_replacefir,boolean_swap,exec_sw,string_n,print_string,exec_flush,print_newline,integer_a,string_d,string_dup,string_frominteger,string_contai,integer_mod,exec_do*count,string_fir,string_r,integer_fromchar,string_p,integer_inc,boolean_invert_first_then_and,integer_fromstring,exec_rot,integer_m,boolean_d,char_rot,exec_do*cou,string_take,exec_string_iterate,string_split,integer_pop,boolean_n,string_re,boolean_p,boolean_r,exec_pop,string_sw,boolean_x,boolean_emp,string_la,char_emp,boolean_stackdep,string_parse_to_cha,print_char,integer_dup,boolean_invert_second_then_and,integer_sub,string_setch,exec_no,boolean_yank,char_islett,string_ya,string_flu,integer_stackdepth,integer_emp,integer_dec,print_boole,integer_gt,exec,string_indexofchar,in1,char_dup,char_flush,char_pop,integer_lte,string_conjch,exec_flu,string_containsch,boolean_eq,string_flush,print_boolean,integer_d,string_rever,char_,exec_empty,string_last,integer_l,exec_when,integer_i,string_substri,string_nth,string_occurrencesofchar,integer_r,integer_s,integer_p,exec_while,integer_fromboolean,integer_empty,string_fromboole
3.43641430785e-06,0.00343297789355,0.00233676172934,9.62196006199e-05,0.0025807471452,0.00257043790228,0.00168040659654,0.00292438857598,0.00206872141333,3.43641430785e-06,0.00342266865062,0.00075257473342,0.00109965257851,2.4054900155e-05,2.4054900155e-05,4.810980031e-05,3.43641430785e-06,6.87282861571e-06,9.62196006199e-05,3.43641430785e-06,0.00139174779468,0.0012267999079,2.4054900155e-05,0.000264603901705,0.0,0.000910649791581,0.00199999312717,0.00215463177102,0.000154638643853,0.00342954147924,2.06184858471e-05,0.0,0.00201717519871,3.09277287707e-05,0.0,0.00332988546431,0.00283160538967,4.810980031e-05,2.06184858471e-05,6.87282861571e-06,3.43641430785e-06,1.03092429236e-05,1.37456572314e-05,0.00291407933306,0.00194501049825,0.00108934333559,0.00302748100522,0.000914086205889,0.00216150459964,3.43641430785e-06,0.00144673042361,0.0026700939172,0.0013573836516,0.0,0.00167697018223,7.90375290807e-05,0.00217525025687,0.00125085480806,0.00269414881736,0.0,2.06184858471e-05,3.43641430785e-06,0.00140549345191,8.93467720042e-05,3.78005573864e-05,0.0015326407813,0.00254638300212,0.00191751918378,3.43641430785e-06,0.000106528843543,2.74913144628e-05,1.71820715393e-05,0.0,3.43641430785e-06,0.000127147329391,7.90375290807e-05,0.00041580613125,0.00199655671286,0.00252232810197,0.00153607719561,0.0,2.4054900155e-05,0.00290720650445,0.00177318978285,6.87282861571e-06,3.43641430785e-06,0.00325772076385,0.00187284579778,0.0017044614967,0.00089690413435,7.90375290807e-05,2.74913144628e-05,0.00177662619716,3.09277287707e-05,0.00294500706183,7.21647004649e-05,3.09277287707e-05,0.00337455885031,3.43641430785e-06,0.000522334974794,3.43641430785e-06,3.43641430785e-06,0.00337799526462,0.0,1.37456572314e-05,0.000402060474019,0.00204123009887,0.00234707097226,0.00235394380088,0.00168384301085,0.000735392661881,0.0,0.00213057687087,0.0,7.21647004649e-05,0.000817866605269,0.0,1.37456572314e-05,0.000237112587242,0.00212714045656,3.09277287707e-05,1.37456572314e-05,5.15462146178e-05,1.71820715393e-05,0.0,1.03092429236e-05,0.00178006261147,0.000986250906354,3.09277287707e-05,0.00341923223632,6.87282861571e-06,0.0,0.0,6.87282861571e-06,0.00215463177102,0.00240205360119,0.00308246363415,0.00119930859344,0.00247765471596,3.78005573864e-05,0.00158762341023,0.00108934333559,4.810980031e-05,0.00169758866808,0.0,0.0012233634936,0.00057731760372,6.87282861571e-06,2.74913144628e-05,0.0011374531359,3.43641430785e-06,0.00038487840248,0.0013127102656,0.00246047264442,0.00120274500775,0.00134363799437,0.00262885694551,0.00232301607211,0.000666664375724,0.0,0.00202748444163,3.43641430785e-06,6.87282861571e-06,0.00295531630475,0.000285222387552,3.09277287707e-05,1.03092429236e-05,6.87282861571e-06,0.00070446493311,0.000412369716943,3.43641430785e-06,0.00232301607211,0.0017044614967,0.0,6.18554575414e-05,0.00219586874272,9.96560149278e-05,0.00304466307676,0.00196562898409,0.00231270682919,0.00146734890945,2.74913144628e-05,5.49826289257e-05,0.00217525025687,3.43641430785e-06,0.00246734547304,0.000948450348968,0.00159793265315,0.00099312373497,2.06184858471e-05,5.49826289257e-05,3.78005573864e-05,1.03092429236e-05,0.000206184858471,4.12369716943e-05,1.37456572314e-05,5.15462146178e-05,3.43641430785e-06,8.24739433885e-05,5.84190432335e-05,2.06184858471e-05,0.00293469781891,0.0018384816547,0.00265634825997,0.0034123594077,3.43641430785e-05,7.21647004649e-05,0.00148109456669,1.37456572314e-05,3.43641430785e-06,3.43641430785e-06,0.00232645248642,1.37456572314e-05,0.00242954491565,0.0,0.00272164013182,4.12369716943e-05,0.000635736646953,0.00343641430785,0.000508589317562,0.0030171717623,0.00206184858471,0.00162542396762,6.87282861571e-06,0.0,6.87282861571e-06,0.00306528156261,0.000395187645403,0.0004810980031,3.43641430785e-05,1.03092429236e-05,3.09277287707e-05,0.00263572977412,0.000477661588792,2.06184858471e-05,0.000890031305734,4.46733860021e-05,6.87282861571e-06,0.00204123009887,0.00284878746121,0.0,0.000261167487397,3.43641430785e-06,0.00291407933306,0.000962196006199,0.00247765471596,0.000130583743698
Gen 291
string_,string_rot,integer_swap,exec_sho,integer_gte,boolean_shove,boolean_and,string_pop,exec_eq,string_yankd,string_parse_to_chars,integer_lt,string_stackdepth,exec_do*whi,char_r,char_p,boolean_sw,integer_sho,boolean_invert_second_then_a,print_integ,char_iswhitespace,string_removechar,exec_emp,string_first,string_conc,string_yank,string_concat,string_setchar,exec_yankd,string_length,string_replacefirstch,char_d,integer_eq,exec_do*tim,string_emptystri,string_reverse,exec_yankdup,string_repla,exec_,char_ya,integer_mu,string_replacech,boolean_yankd,char_isletter,integer_add,string_empty,char_isdigit,print_integer,exec_shove,integer_fromstri,string_conjchar,boolean_or,boolean_empty,exec_wh,string_fromchar,integer_yankd,exec_do*while,integer_rot,string_rest,boolean_flu,integer_stackdep,char_iswhitespa,char_allfromstring,boolean_,char_allfromstri,exec_stackdepth,exec_do*range,char_shove,char_stackdep,string_removech,exec_stackdep,boolean_sho,string_indexofch,string_stackdep,string_leng,print_ch,integer_mult,boolean_xor,boolean_yankdup,integer_min,string_emp,integer_fromch,exec_yank,char_stackdepth,char_sw,integer_fromboole,string_replace,integer_div,string_replacefirst,boolean_frominteger,string_butla,char_isdig,integer_flush,integer_,string_yankdup,char_flu,print_exec,integer_yank,boolean_frominteg,string_emptystring,char_yankd,boolean_ya,string_swap,print_ex,exec_d,integer_max,char_swap,string_contains,char_empty,exec_dup,exec_k,string_frominteg,exec_noop,exec_p,exec_r,exec_s,string_sho,integer_flu,exec_y,boolean_rot,boolean_a,integer_ya,exec_ya,boolean_invert_first_then_a,string_spl,string_occurrencesofch,integer_yankdup,string_replacechar,char_sho,string_fromboolean,print_stri,exec_string_itera,print_newli,string_ta,string_replacefirstchar,string_substring,boolean_stackdepth,string_shove,string_containschar,exec_do*ran,char_yankdup,char_yank,integer_sw,exec_do*times,string_fromch,integer_shove,exec_if,exec_whi,integer_g,char_frominteger,char_frominteg,boolean_dup,string_eq,boolean_not,char_eq,boolean_flush,boolean_pop,string_butlast,exec_swap,string_replacefir,boolean_swap,exec_sw,string_n,print_string,exec_flush,print_newline,integer_a,string_d,string_dup,string_frominteger,string_contai,integer_mod,exec_do*count,string_fir,string_r,integer_fromchar,string_p,integer_inc,boolean_invert_first_then_and,integer_fromstring,exec_rot,integer_m,boolean_d,char_rot,exec_do*cou,string_take,exec_string_iterate,string_split,integer_pop,boolean_n,string_re,boolean_p,boolean_r,exec_pop,string_sw,boolean_x,boolean_emp,string_la,char_emp,boolean_stackdep,string_parse_to_cha,print_char,integer_dup,boolean_invert_second_then_and,integer_sub,string_setch,exec_no,boolean_yank,char_islett,string_ya,string_flu,integer_stackdepth,integer_emp,integer_dec,print_boole,integer_gt,exec,string_indexofchar,in1,char_dup,char_flush,char_pop,integer_lte,string_conjch,exec_flu,string_containsch,boolean_eq,string_flush,print_boolean,integer_d,string_rever,char_,exec_empty,string_last,integer_l,exec_when,integer_i,string_substri,string_nth,string_occurrencesofchar,integer_r,integer_s,integer_p,exec_while,integer_fromboolean,integer_empty,string_fromboole
3.42464580601e-06,0.00341094722278,0.00229793733583,0.00011986260321,0.00257875829192,0.00266094979127,0.00161985746624,0.00293834610155,0.00203766425457,0.0,0.00340409793117,0.000749997431516,0.0011952013863,1.3698583224e-05,1.712322903e-05,2.0547874836e-05,3.42464580601e-06,0.0,7.87668535382e-05,3.42464580601e-06,0.00147259769658,0.00124999571919,3.42464580601e-06,0.000198629456748,0.0,0.000722600265068,0.00189040448492,0.0020547874836,0.000208903394166,0.00341437186859,1.0273937418e-05,6.84929161202e-06,0.0019383495262,7.19175619262e-05,6.84929161202e-06,0.00329793391119,0.00291779822672,7.87668535382e-05,2.73971664481e-05,6.84929161202e-06,0.0,1.0273937418e-05,3.42464580601e-06,0.00290409964349,0.00206506142102,0.00110958524115,0.00294862003897,0.000886983263756,0.00211643110811,0.0,0.00144862517594,0.00263355262482,0.00142122800949,0.0,0.0016541039243,7.53422077322e-05,0.00226369087777,0.00121574926113,0.00266779908288,0.0,2.73971664481e-05,1.0273937418e-05,0.00152396738367,0.000113013311598,6.84929161202e-06,0.00139383084305,0.00251369002161,0.00173629542365,0.0,6.50682703141e-05,1.3698583224e-05,1.3698583224e-05,3.42464580601e-06,6.84929161202e-06,0.00010273937418,8.21914993442e-05,0.000400683559303,0.00195547275523,0.00259588152095,0.00140068013466,6.84929161202e-06,3.42464580601e-05,0.00289725035188,0.00157533707076,0.0,3.42464580601e-06,0.00327396139054,0.00174314471526,0.0015958849456,0.000770545306352,8.56161451502e-05,4.79450412841e-05,0.0018801305475,3.42464580601e-05,0.00294177074736,6.16436245081e-05,2.39725206421e-05,0.00338012541053,0.0,0.000476025767035,0.0,0.0,0.00337327611892,0.0,6.84929161202e-06,0.000407532850915,0.00186643196427,0.00245547104291,0.00239725206421,0.00163013140366,0.000801367118606,0.0,0.00198286992168,3.42464580601e-06,6.16436245081e-05,0.000873284680532,3.42464580601e-06,1.0273937418e-05,0.000243149852227,0.00195889740104,4.45203954781e-05,2.73971664481e-05,4.10957496721e-05,2.0547874836e-05,0.0,1.0273937418e-05,0.00178424046493,0.000962325471488,4.79450412841e-05,0.00340067328537,6.84929161202e-06,1.0273937418e-05,0.0,1.0273937418e-05,0.00220889654487,0.00228766339841,0.00308218122541,0.00103766767922,0.00253766254225,6.84929161202e-05,0.00147602234239,0.00120889996952,2.0547874836e-05,0.00179108975654,3.42464580601e-06,0.00128424217725,0.000619860890887,3.42464580601e-06,4.10957496721e-05,0.00107533878309,3.42464580601e-06,0.000441779308975,0.00117122886565,0.00250684073,0.00129794076048,0.00126711894822,0.00260958010418,0.00229793733583,0.000664381286365,0.0,0.00196574669265,3.42464580601e-06,2.73971664481e-05,0.00299998972606,0.000249999143839,2.39725206421e-05,6.84929161202e-06,6.84929161202e-06,0.000609586953469,0.000428080725751,6.84929161202e-06,0.00224314300293,0.00185615802686,1.0273937418e-05,4.10957496721e-05,0.00201026708813,7.53422077322e-05,0.0030239622467,0.00194862346362,0.00225684158616,0.00139383084305,4.10957496721e-05,3.42464580601e-05,0.00211985575392,0.0,0.00236643025195,0.00093492830504,0.00158903565399,0.000976024054712,3.08218122541e-05,6.84929161202e-05,5.47943328961e-05,3.42464580601e-06,0.000147259769658,1.0273937418e-05,3.42464580601e-06,4.10957496721e-05,0.0,8.56161451502e-05,9.24654367622e-05,1.712322903e-05,0.00295204468478,0.00185273338105,0.00253766254225,0.00341094722278,5.82189787021e-05,4.10957496721e-05,0.00145889911336,3.42464580601e-06,6.84929161202e-06,6.84929161202e-06,0.00218492402423,1.3698583224e-05,0.00242122458485,0.0,0.00267122372869,2.73971664481e-05,0.000681504515395,0.00342464580601,0.000359587809631,0.00299998972606,0.0020513628378,0.00137328296821,3.42464580601e-06,0.0,3.42464580601e-06,0.0031369755583,0.000428080725751,0.000486299704453,5.47943328961e-05,1.3698583224e-05,2.39725206421e-05,0.00265410049966,0.000417806788333,1.712322903e-05,0.000873284680532,5.13696870901e-05,0.0,0.00208218465005,0.00273286735319,6.84929161202e-06,0.000229451269003,1.0273937418e-05,0.00286985318543,0.000993147283742,0.0022260197739,8.56161451502e-05
Gen 292
string_,string_rot,integer_swap,exec_sho,integer_gte,boolean_shove,boolean_and,string_pop,exec_eq,string_yankd,string_parse_to_chars,integer_lt,string_stackdepth,exec_do*whi,char_r,char_p,boolean_sw,integer_sho,boolean_invert_second_then_a,print_integ,char_iswhitespace,string_removechar,exec_emp,string_first,string_conc,string_yank,string_concat,string_setchar,exec_yankd,string_length,string_replacefirstch,char_d,integer_eq,exec_do*tim,string_emptystri,string_reverse,exec_yankdup,string_repla,exec_,char_ya,integer_mu,string_replacech,boolean_yankd,char_isletter,integer_add,string_empty,char_isdigit,print_integer,exec_shove,integer_fromstri,string_conjchar,boolean_or,boolean_empty,exec_wh,string_fromchar,integer_yankd,exec_do*while,integer_rot,string_rest,boolean_flu,integer_stackdep,char_iswhitespa,char_allfromstring,boolean_,char_allfromstri,exec_stackdepth,exec_do*range,char_shove,char_stackdep,string_removech,exec_stackdep,boolean_sho,string_indexofch,string_stackdep,string_leng,print_ch,integer_mult,boolean_xor,boolean_yankdup,integer_min,string_emp,integer_fromch,exec_yank,char_stackdepth,char_sw,integer_fromboole,string_replace,integer_div,string_replacefirst,boolean_frominteger,string_butla,char_isdig,integer_flush,integer_,string_yankdup,char_flu,print_exec,integer_yank,boolean_frominteg,string_emptystring,char_yankd,boolean_ya,string_swap,print_ex,exec_d,integer_max,char_swap,string_contains,char_empty,exec_dup,exec_k,string_frominteg,exec_noop,exec_p,exec_r,exec_s,string_sho,integer_flu,exec_y,boolean_rot,boolean_a,integer_ya,exec_ya,boolean_invert_first_then_a,string_spl,string_occurrencesofch,integer_yankdup,string_replacechar,char_sho,string_fromboolean,print_stri,exec_string_itera,print_newli,string_ta,string_replacefirstchar,string_substring,boolean_stackdepth,string_shove,string_containschar,exec_do*ran,char_yankdup,char_yank,integer_sw,exec_do*times,string_fromch,integer_shove,exec_if,exec_whi,integer_g,char_frominteger,char_frominteg,boolean_dup,string_eq,boolean_not,char_eq,boolean_flush,boolean_pop,string_butlast,exec_swap,string_replacefir,boolean_swap,exec_sw,string_n,print_string,exec_flush,print_newline,integer_a,string_d,string_dup,string_frominteger,string_contai,integer_mod,exec_do*count,string_fir,string_r,integer_fromchar,string_p,integer_inc,boolean_invert_first_then_and,integer_fromstring,exec_rot,integer_m,boolean_d,char_rot,exec_do*cou,string_take,exec_string_iterate,string_split,integer_pop,boolean_n,string_re,boolean_p,boolean_r,exec_pop,string_sw,boolean_x,boolean_emp,string_la,char_emp,boolean_stackdep,string_parse_to_cha,print_char,integer_dup,boolean_invert_second_then_and,integer_sub,string_setch,exec_no,boolean_yank,char_islett,string_ya,string_flu,integer_stackdepth,integer_emp,integer_dec,print_boole,integer_gt,exec,string_indexofchar,in1,char_dup,char_flush,char_pop,integer_lte,string_conjch,exec_flu,string_containsch,boolean_eq,string_flush,print_boolean,integer_d,string_rever,char_,exec_empty,string_last,integer_l,exec_when,integer_i,string_substri,string_nth,string_occurrencesofchar,integer_r,integer_s,integer_p,exec_while,integer_fromboolean,integer_empty,string_fromboole
0.0,0.00339247988915,0.00248463315825,0.000112627601954,0.00245391653953,0.00259043484493,0.00143344220668,0.00283616779465,0.00196927655537,1.02388729049e-05,0.00337882805861,0.000726959976246,0.00129692390128,1.02388729049e-05,6.82591526991e-06,4.09554916195e-05,3.41295763496e-06,3.41295763496e-06,5.80202797943e-05,3.41295763496e-06,0.00170647881748,0.00129009798601,1.36518305398e-05,0.000174060839383,0.0,0.00082593574766,0.00186347486869,0.00215016331002,0.000293514356606,0.00340613171969,1.36518305398e-05,0.0,0.00195562472483,8.1910983239e-05,3.41295763496e-06,0.00327985228719,0.002870297371,2.04777458097e-05,2.04777458097e-05,0.0,0.0,1.36518305398e-05,1.02388729049e-05,0.00283275483701,0.00198634134354,0.00102388729049,0.00282592892174,0.000921498561438,0.00228668161542,1.02388729049e-05,0.00161432896133,0.00269282357398,0.00147098474067,0.0,0.00173378247856,3.41295763496e-05,0.00219794471691,0.00122866474858,0.00269964948925,3.41295763496e-06,3.41295763496e-05,1.36518305398e-05,0.00155289572391,9.55628137788e-05,0.0,0.00127985911311,0.0025870218873,0.00179521571599,0.0,5.11943645244e-05,1.36518305398e-05,6.82591526991e-06,3.41295763496e-06,6.82591526991e-06,0.000126279432493,9.89757714137e-05,0.000563138009768,0.0019522117672,0.00240613513264,0.00121159996041,6.82591526991e-06,4.77814068894e-05,0.00279521230303,0.00153583093573,0.0,0.0,0.00318087651578,0.0016894140293,0.00169282698694,0.000767915467865,6.48461950642e-05,3.41295763496e-05,0.00201023204699,2.73036610797e-05,0.00287712328627,3.07166187146e-05,2.04777458097e-05,0.00334811143989,3.41295763496e-06,0.00037201238221,3.41295763496e-06,0.0,0.00336176327043,0.0,1.36518305398e-05,0.00040614195856,0.00198634134354,0.00225255203907,0.00245732949717,0.00178156388545,0.00079180617131,3.41295763496e-06,0.00193173402139,0.0,3.75425339845e-05,0.000720134060976,0.0,1.02388729049e-05,0.000184299712288,0.00190784331794,6.48461950642e-05,2.38907034447e-05,7.8498025604e-05,1.70647881748e-05,3.41295763496e-06,3.41295763496e-06,0.00176791205491,0.00100682250231,3.75425339845e-05,0.00340271876205,1.02388729049e-05,3.41295763496e-06,3.41295763496e-06,2.04777458097e-05,0.00220818358982,0.00225596499671,0.00306824891383,0.000962454053058,0.00256995709912,5.11943645244e-05,0.00134129235054,0.0011911222146,1.70647881748e-05,0.00174060839383,1.36518305398e-05,0.00132422756236,0.000617745331927,1.70647881748e-05,3.07166187146e-05,0.0011911222146,1.02388729049e-05,0.000436858577274,0.00132764052,0.0023139852765,0.00128327207074,0.00151876614756,0.00271330131979,0.00226620386961,0.000645048993007,3.41295763496e-06,0.0018941914874,3.41295763496e-06,6.82591526991e-06,0.00285323258282,0.000143344220668,3.75425339845e-05,3.41295763496e-06,0.0,0.000508530687609,0.000409554916195,1.02388729049e-05,0.00212627260658,0.00187030078396,3.41295763496e-06,7.8498025604e-05,0.00192832106375,0.000116040559589,0.00296586018478,0.0019522117672,0.00219794471691,0.00136859601162,6.14332374292e-05,1.70647881748e-05,0.00207849119969,1.36518305398e-05,0.00233787597995,0.000989757714137,0.00161774191897,0.000829348705295,1.70647881748e-05,9.21498561438e-05,6.48461950642e-05,0.0,0.000150170135938,2.38907034447e-05,1.36518305398e-05,1.36518305398e-05,0.0,4.09554916195e-05,0.000112627601954,2.73036610797e-05,0.00287371032863,0.0018839526145,0.00268258470108,0.00338565397388,4.09554916195e-05,1.70647881748e-05,0.00152900502046,0.0,3.41295763496e-06,3.41295763496e-06,0.00225937795434,6.82591526991e-06,0.0023720055563,0.0,0.00255971822622,3.41295763496e-05,0.000802045044215,0.00341295763496,0.000341295763496,0.00297268610005,0.0020307097928,0.00166893628349,1.02388729049e-05,0.0,1.36518305398e-05,0.00317405060051,0.000296927314241,0.000395903085655,6.48461950642e-05,1.02388729049e-05,2.38907034447e-05,0.00254606639568,0.000320818017686,1.36518305398e-05,0.000788393213675,5.11943645244e-05,1.02388729049e-05,0.00219111880164,0.00264845512473,1.36518305398e-05,0.000208190415732,1.02388729049e-05,0.00278156047249,0.00117405742643,0.00215698922529,0.000122866474858
Gen 293
string_,string_rot,integer_swap,exec_sho,integer_gte,boolean_shove,boolean_and,string_pop,exec_eq,string_yankd,string_parse_to_chars,integer_lt,string_stackdepth,exec_do*whi,char_r,char_p,boolean_sw,integer_sho,boolean_invert_second_then_a,print_integ,char_iswhitespace,string_removechar,exec_emp,string_first,string_conc,string_yank,string_concat,string_setchar,exec_yankd,string_length,string_replacefirstch,char_d,integer_eq,exec_do*tim,string_emptystri,string_reverse,exec_yankdup,string_repla,exec_,char_ya,integer_mu,string_replacech,boolean_yankd,char_isletter,integer_add,string_empty,char_isdigit,print_integer,exec_shove,integer_fromstri,string_conjchar,boolean_or,boolean_empty,exec_wh,string_fromchar,integer_yankd,exec_do*while,integer_rot,string_rest,boolean_flu,integer_stackdep,char_iswhitespa,char_allfromstring,boolean_,char_allfromstri,exec_stackdepth,exec_do*range,char_shove,char_stackdep,string_removech,exec_stackdep,boolean_sho,string_indexofch,string_stackdep,string_leng,print_ch,integer_mult,boolean_xor,boolean_yankdup,integer_min,string_emp,integer_fromch,exec_yank,char_stackdepth,char_sw,integer_fromboole,string_replace,integer_div,string_replacefirst,boolean_frominteger,string_butla,char_isdig,integer_flush,integer_,string_yankdup,char_flu,print_exec,integer_yank,boolean_frominteg,string_emptystring,char_yankd,boolean_ya,string_swap,print_ex,exec_d,integer_max,char_swap,string_contains,char_empty,exec_dup,exec_k,string_frominteg,exec_noop,exec_p,exec_r,exec_s,string_sho,integer_flu,exec_y,boolean_rot,boolean_a,integer_ya,exec_ya,boolean_invert_first_then_a,string_spl,string_occurrencesofch,integer_yankdup,string_replacechar,char_sho,string_fromboolean,print_stri,exec_string_itera,print_newli,string_ta,string_replacefirstchar,string_substring,boolean_stackdepth,string_shove,string_containschar,exec_do*ran,char_yankdup,char_yank,integer_sw,exec_do*times,string_fromch,integer_shove,exec_if,exec_whi,integer_g,char_frominteger,char_frominteg,boolean_dup,string_eq,boolean_not,char_eq,boolean_flush,boolean_pop,string_butlast,exec_swap,string_replacefir,boolean_swap,exec_sw,string_n,print_string,exec_flush,print_newline,integer_a,string_d,string_dup,string_frominteger,string_contai,integer_mod,exec_do*count,string_fir,string_r,integer_fromchar,string_p,integer_inc,boolean_invert_first_then_and,integer_fromstring,exec_rot,integer_m,boolean_d,char_rot,exec_do*cou,string_take,exec_string_iterate,string_split,integer_pop,boolean_n,string_re,boolean_p,boolean_r,exec_pop,string_sw,boolean_x,boolean_emp,string_la,char_emp,boolean_stackdep,string_parse_to_cha,print_char,integer_dup,boolean_invert_second_then_and,integer_sub,string_setch,exec_no,boolean_yank,char_islett,string_ya,string_flu,integer_stackdepth,integer_emp,integer_dec,print_boole,integer_gt,exec,string_indexofchar,in1,char_dup,char_flush,char_pop,integer_lte,string_conjch,exec_flu,string_containsch,boolean_eq,string_flush,print_boolean,integer_d,string_rever,char_,exec_empty,string_last,integer_l,exec_when,integer_i,string_substri,string_nth,string_occurrencesofchar,integer_r,integer_s,integer_p,exec_while,integer_fromboolean,integer_empty,string_fromboole
3.401348975e-06,0.00339454627705,0.00241155642328,8.50337243751e-05,0.00253740633535,0.00254080768433,0.0015782259244,0.0028435277431,0.00208842827065,0.0,0.00335713143833,0.000704079237826,0.00132312475128,1.7006744875e-05,3.401348975e-06,2.040809385e-05,3.401348975e-06,3.401348975e-06,8.50337243751e-05,1.7006744875e-05,0.0017142798834,0.0013061180064,3.401348975e-06,0.0002312917303,3.401348975e-06,0.000833330498876,0.00182652439958,0.00213944850528,0.00021088363645,0.00339454627705,1.7006744875e-05,0.0,0.0019183608219,7.14283284751e-05,3.401348975e-06,0.00328570310985,0.0027618953677,3.401348975e-05,2.72107918e-05,3.401348975e-06,0.0,3.401348975e-06,1.0204046925e-05,0.00279590885745,0.00193876891575,0.0010612208802,0.00289114662875,0.000816323754001,0.00234352944378,3.401348975e-06,0.00151360029388,0.00260883466383,0.00134013149615,3.401348975e-06,0.00163604885698,1.36053959e-05,0.00224148897453,0.00119047214125,0.00276869806565,1.0204046925e-05,4.761888565e-05,1.36053959e-05,0.00143536926745,0.000105441818225,0.0,0.00135373689205,0.00255441308023,0.0019727824055,3.401348975e-06,6.46256305251e-05,1.0204046925e-05,1.36053959e-05,0.0,3.401348975e-06,0.00012925126105,0.000105441818225,0.000520406393176,0.00203400668705,0.00245577395995,0.00118026809433,6.80269795001e-06,4.08161877e-05,0.0028299223472,0.00151360029388,1.7006744875e-05,3.401348975e-06,0.0031836626406,0.00181632035265,0.001496593549,0.000724487331676,0.000112244516175,2.3809442825e-05,0.00191155812395,1.7006744875e-05,0.00290135067568,1.36053959e-05,1.7006744875e-05,0.00335032874038,6.80269795001e-06,0.00034693759545,3.401348975e-06,0.0,0.00335032874038,0.0,5.10202346251e-05,0.000255101173125,0.00205781612988,0.00227890381325,0.00249999149663,0.00167006234673,0.000850337243751,6.80269795001e-06,0.00204761208295,3.401348975e-06,5.78229325751e-05,0.000673467097051,1.36053959e-05,1.36053959e-05,0.00017006744875,0.00198298645243,5.10202346251e-05,3.401348975e-05,6.12242815501e-05,1.7006744875e-05,6.80269795001e-06,6.80269795001e-06,0.0016870690916,0.0010476154843,6.80269795001e-05,0.00339454627705,6.80269795001e-06,6.80269795001e-06,0.0,1.0204046925e-05,0.00224148897453,0.0022584957194,0.00309182621828,0.000880949384526,0.00252039959048,6.46256305251e-05,0.00137074363693,0.0011836694433,3.401348975e-06,0.00176530011803,6.80269795001e-06,0.0011836694433,0.000622446862426,1.0204046925e-05,1.36053959e-05,0.0011292478597,3.401348975e-06,0.000472787507525,0.0012789072146,0.00226869976633,0.00122788697998,0.00157482457543,0.00257482117408,0.00224829167248,0.000571426627801,0.0,0.00175169472213,3.401348975e-06,3.401348975e-06,0.0029115547226,0.000173468797725,2.72107918e-05,1.36053959e-05,6.80269795001e-06,0.000438774017775,0.0003265295016,3.0612140775e-05,0.00214625120323,0.00181972170163,0.0,3.7414838725e-05,0.0018911500301,8.16323754001e-05,0.00303060193673,0.00197618375448,0.00217346199503,0.00132992744923,4.4217536675e-05,1.36053959e-05,0.00213944850528,2.040809385e-05,0.00237074023558,0.000887752082476,0.00168366774263,0.000972785806851,2.3809442825e-05,5.78229325751e-05,8.50337243751e-05,0.0,0.000166666099775,6.80269795001e-06,1.0204046925e-05,2.040809385e-05,3.401348975e-06,4.761888565e-05,0.000119047214125,1.36053959e-05,0.00288094258183,0.00177550416495,0.00275849401873,0.00336733548525,5.10202346251e-05,3.0612140775e-05,0.00155781783055,1.0204046925e-05,3.401348975e-06,0.0,0.00233672674583,1.0204046925e-05,0.0024217604702,0.0,0.00256801847613,3.0612140775e-05,0.000812922405026,0.003401348975,0.0003673456893,0.00292175876953,0.00194217026473,0.00165305560185,6.80269795001e-06,0.0,3.401348975e-06,0.00309182621828,0.00030612140775,0.000350338944425,8.50337243751e-05,1.7006744875e-05,1.7006744875e-05,0.00255441308023,0.000336733548525,2.040809385e-05,0.000908160176326,5.44215836001e-05,1.36053959e-05,0.0021088363645,0.00268706569025,6.80269795001e-06,0.0002312917303,6.80269795001e-06,0.0028299223472,0.00107142492713,0.00209863231758,0.00011564586515
Gen 294
string_,string_rot,integer_swap,exec_sho,integer_gte,boolean_shove,boolean_and,string_pop,exec_eq,string_yankd,string_parse_to_chars,integer_lt,string_stackdepth,exec_do*whi,char_r,char_p,boolean_sw,integer_sho,boolean_invert_second_then_a,print_integ,char_iswhitespace,string_removechar,exec_emp,string_first,string_conc,string_yank,string_concat,string_setchar,exec_yankd,string_length,string_replacefirstch,char_d,integer_eq,exec_do*tim,string_emptystri,string_reverse,exec_yankdup,string_repla,exec_,char_ya,integer_mu,string_replacech,boolean_yankd,char_isletter,integer_add,string_empty,char_isdigit,print_integer,exec_shove,integer_fromstri,string_conjchar,boolean_or,boolean_empty,exec_wh,string_fromchar,integer_yankd,exec_do*while,integer_rot,string_rest,boolean_flu,integer_stackdep,char_iswhitespa,char_allfromstring,boolean_,char_allfromstri,exec_stackdepth,exec_do*range,char_shove,char_stackdep,string_removech,exec_stackdep,boolean_sho,string_indexofch,string_stackdep,string_leng,print_ch,integer_mult,boolean_xor,boolean_yankdup,integer_min,string_emp,integer_fromch,exec_yank,char_stackdepth,char_sw,integer_fromboole,string_replace,integer_div,string_replacefirst,boolean_frominteger,string_butla,char_isdig,integer_flush,integer_,string_yankdup,char_flu,print_exec,integer_yank,boolean_frominteg,string_emptystring,char_yankd,boolean_ya,string_swap,print_ex,exec_d,integer_max,char_swap,string_contains,char_empty,exec_dup,exec_k,string_frominteg,exec_noop,exec_p,exec_r,exec_s,string_sho,integer_flu,exec_y,boolean_rot,boolean_a,integer_ya,exec_ya,boolean_invert_first_then_a,string_spl,string_occurrencesofch,integer_yankdup,string_replacechar,char_sho,string_fromboolean,print_stri,exec_string_itera,print_newli,string_ta,string_replacefirstchar,string_substring,boolean_stackdepth,string_shove,string_containschar,exec_do*ran,char_yankdup,char_yank,integer_sw,exec_do*times,string_fromch,integer_shove,exec_if,exec_whi,integer_g,char_frominteger,char_frominteg,boolean_dup,string_eq,boolean_not,char_eq,boolean_flush,boolean_pop,string_butlast,exec_swap,string_replacefir,boolean_swap,exec_sw,string_n,print_string,exec_flush,print_newline,integer_a,string_d,string_dup,string_frominteger,string_contai,integer_mod,exec_do*count,string_fir,string_r,integer_fromchar,string_p,integer_inc,boolean_invert_first_then_and,integer_fromstring,exec_rot,integer_m,boolean_d,char_rot,exec_do*cou,string_take,exec_string_iterate,string_split,integer_pop,boolean_n,string_re,boolean_p,boolean_r,exec_pop,string_sw,boolean_x,boolean_emp,string_la,char_emp,boolean_stackdep,string_parse_to_cha,print_char,integer_dup,boolean_invert_second_then_and,integer_sub,string_setch,exec_no,boolean_yank,char_islett,string_ya,string_flu,integer_stackdepth,integer_emp,integer_dec,print_boole,integer_gt,exec,string_indexofchar,in1,char_dup,char_flush,char_pop,integer_lte,string_conjch,exec_flu,string_containsch,boolean_eq,string_flush,print_boolean,integer_d,string_rever,char_,exec_empty,string_last,integer_l,exec_when,integer_i,string_substri,string_nth,string_occurrencesofchar,integer_r,integer_s,integer_p,exec_while,integer_fromboolean,integer_empty,string_fromboole
0.0,0.00337625974149,0.00257626245335,3.38981901756e-05,0.00242372059756,0.00259660136745,0.0017559262511,0.00286100725082,0.00201694231545,3.38981901756e-06,0.00333219209426,0.000569489594951,0.00131863959783,1.01694570527e-05,2.37287331229e-05,3.05083711581e-05,0.0,6.77963803513e-06,2.71185521405e-05,3.38981901756e-06,0.00172202806092,0.00129152104569,1.01694570527e-05,0.000196609503019,6.77963803513e-06,0.000698302717618,0.00174914661306,0.00198304412527,0.000281354978458,0.00338981901756,2.03389141054e-05,0.0,0.00199999322036,6.10167423161e-05,3.38981901756e-06,0.00328473462802,0.00285083779377,3.05083711581e-05,3.05083711581e-05,3.38981901756e-06,0.0,1.35592760703e-05,6.77963803513e-06,0.00285761743181,0.00198304412527,0.000999996610181,0.00282032942261,0.000796607469127,0.00228134819882,0.0,0.00159660475727,0.00254236426317,0.0014677916346,0.0,0.00154914729103,1.35592760703e-05,0.00226439910373,0.00120338575123,0.00278304141342,3.38981901756e-06,5.76269232986e-05,3.38981901756e-06,0.00142033416836,9.83047515093e-05,2.37287331229e-05,0.00144067308246,0.00263388937665,0.00187795973573,3.38981901756e-06,7.79658374039e-05,2.03389141054e-05,1.01694570527e-05,3.38981901756e-06,1.01694570527e-05,0.000108474208562,8.13556564215e-05,0.000633896156284,0.00193558665903,0.00239660204542,0.0010237253433,0.0,2.37287331229e-05,0.00289151562198,0.00151524910085,6.77963803513e-06,0.0,0.00321693824767,0.00169151968976,0.00155592692906,0.000728811088776,0.000132202941685,2.37287331229e-05,0.00180677353636,2.71185521405e-05,0.00279999050851,1.01694570527e-05,2.03389141054e-05,0.00335253100837,1.35592760703e-05,0.000294914254528,3.38981901756e-06,0.0,0.00332202263721,0.0,5.76269232986e-05,0.000193219684001,0.00193558665903,0.0021627045332,0.00261016064352,0.00169490950878,0.000986437334111,0.0,0.00218304344731,0.0,3.38981901756e-05,0.000691523079583,1.01694570527e-05,6.77963803513e-06,0.000118643665615,0.00191863756394,3.05083711581e-05,5.08472852634e-05,6.77963803513e-05,4.74574662459e-05,0.0,0.0,0.00167457059468,0.00095931878197,8.13556564215e-05,0.00337964956051,1.69490950878e-05,1.01694570527e-05,3.38981901756e-06,3.38981901756e-06,0.00221694163749,0.00218643326633,0.00307117602991,0.000711861993688,0.00245761878773,8.47454754391e-05,0.00138304615917,0.00108474208562,1.01694570527e-05,0.00173219751797,3.38981901756e-06,0.0011186402758,0.0006949128986,0.0,4.74574662459e-05,0.0010610133525,0.0,0.000559320137898,0.00139999525425,0.0022203314565,0.00136609706408,0.00155931674808,0.00260677082451,0.00226778892275,0.000494913576564,0.0,0.00182033281243,0.0,1.01694570527e-05,0.00286100725082,0.000166101131861,3.38981901756e-05,0.0,3.38981901756e-06,0.00041694773916,0.00043050701523,2.71185521405e-05,0.00217287399026,0.0017559262511,0.0,3.72880091932e-05,0.00179321426029,7.79658374039e-05,0.00299660001153,0.00185423100261,0.00230846675096,0.00124067376043,6.10167423161e-05,2.03389141054e-05,0.00220677218043,1.35592760703e-05,0.00235253439819,0.000830505659303,0.00172541787994,0.00103389480036,1.35592760703e-05,3.38981901756e-05,6.77963803513e-05,3.38981901756e-06,0.000159321493825,1.35592760703e-05,1.35592760703e-05,1.69490950878e-05,0.0,3.05083711581e-05,0.000115253846597,1.69490950878e-05,0.00287117670788,0.00165084186155,0.00266778756682,0.00332880227525,2.71185521405e-05,3.05083711581e-05,0.00161016403334,3.38981901756e-06,6.77963803513e-06,3.38981901756e-06,0.00236609367426,1.01694570527e-05,0.00232880566507,6.77963803513e-06,0.0024508391497,6.10167423161e-05,0.000837285297338,0.00338981901756,0.000267795702387,0.00293219345019,0.00198982376331,0.0015627065671,1.01694570527e-05,0.0,0.0,0.00306778621089,0.000274575340423,0.000342371720774,3.72880091932e-05,1.69490950878e-05,1.01694570527e-05,0.00256948281531,0.000366100453897,3.38981901756e-05,0.000772878736004,7.11861993688e-05,2.03389141054e-05,0.00214575543812,0.00261355046254,0.0,0.000257626245335,3.38981901756e-06,0.00281693960359,0.000999996610181,0.0021999925424,0.000155931674808
Gen 295
string_,string_rot,integer_swap,exec_sho,integer_gte,boolean_shove,boolean_and,string_pop,exec_eq,string_yankd,string_parse_to_chars,integer_lt,string_stackdepth,exec_do*whi,char_r,char_p,boolean_sw,integer_sho,boolean_invert_second_then_a,print_integ,char_iswhitespace,string_removechar,exec_emp,string_first,string_conc,string_yank,string_concat,string_setchar,exec_yankd,string_length,string_replacefirstch,char_d,integer_eq,exec_do*tim,string_emptystri,string_reverse,exec_yankdup,string_repla,exec_,char_ya,integer_mu,string_replacech,boolean_yankd,char_isletter,integer_add,string_empty,char_isdigit,print_integer,exec_shove,integer_fromstri,string_conjchar,boolean_or,boolean_empty,exec_wh,string_fromchar,integer_yankd,exec_do*while,integer_rot,string_rest,boolean_flu,integer_stackdep,char_iswhitespa,char_allfromstring,boolean_,char_allfromstri,exec_stackdepth,exec_do*range,char_shove,char_stackdep,string_removech,exec_stackdep,boolean_sho,string_indexofch,string_stackdep,string_leng,print_ch,integer_mult,boolean_xor,boolean_yankdup,integer_min,string_emp,integer_fromch,exec_yank,char_stackdepth,char_sw,integer_fromboole,string_replace,integer_div,string_replacefirst,boolean_frominteger,string_butla,char_isdig,integer_flush,integer_,string_yankdup,char_flu,print_exec,integer_yank,boolean_frominteg,string_emptystring,char_yankd,boolean_ya,string_swap,print_ex,exec_d,integer_max,char_swap,string_contains,char_empty,exec_dup,exec_k,string_frominteg,exec_noop,exec_p,exec_r,exec_s,string_sho,integer_flu,exec_y,boolean_rot,boolean_a,integer_ya,exec_ya,boolean_invert_first_then_a,string_spl,string_occurrencesofch,integer_yankdup,string_replacechar,char_sho,string_fromboolean,print_stri,exec_string_itera,print_newli,string_ta,string_replacefirstchar,string_substring,boolean_stackdepth,string_shove,string_containschar,exec_do*ran,char_yankdup,char_yank,integer_sw,exec_do*times,string_fromch,integer_shove,exec_if,exec_whi,integer_g,char_frominteger,char_frominteg,boolean_dup,string_eq,boolean_not,char_eq,boolean_flush,boolean_pop,string_butlast,exec_swap,string_replacefir,boolean_swap,exec_sw,string_n,print_string,exec_flush,print_newline,integer_a,string_d,string_dup,string_frominteger,string_contai,integer_mod,exec_do*count,string_fir,string_r,integer_fromchar,string_p,integer_inc,boolean_invert_first_then_and,integer_fromstring,exec_rot,integer_m,boolean_d,char_rot,exec_do*cou,string_take,exec_string_iterate,string_split,integer_pop,boolean_n,string_re,boolean_p,boolean_r,exec_pop,string_sw,boolean_x,boolean_emp,string_la,char_emp,boolean_stackdep,string_parse_to_cha,print_char,integer_dup,boolean_invert_second_then_and,integer_sub,string_setch,exec_no,boolean_yank,char_islett,string_ya,string_flu,integer_stackdepth,integer_emp,integer_dec,print_boole,integer_gt,exec,string_indexofchar,in1,char_dup,char_flush,char_pop,integer_lte,string_conjch,exec_flu,string_containsch,boolean_eq,string_flush,print_boolean,integer_d,string_rever,char_,exec_empty,string_last,integer_l,exec_when,integer_i,string_substri,string_nth,string_occurrencesofchar,integer_r,integer_s,integer_p,exec_while,integer_fromboolean,integer_empty,string_fromboole
0.0,0.00337161023105,0.00263850459965,8.44591741244e-05,0.00255066705856,0.00266553153537,0.00196283120665,0.00296620619525,0.0021418846558,3.37836696498e-06,0.0033276914605,0.000533781980466,0.00132431985027,1.01351008949e-05,6.75673392995e-06,2.02702017899e-05,6.75673392995e-06,0.0,3.37836696498e-05,0.0,0.00176688592268,0.0013310765842,6.75673392995e-06,0.000293917925953,3.37836696498e-06,0.000709457062645,0.00161485940926,0.00201012834416,0.000347971797393,0.00336823186408,2.02702017899e-05,0.0,0.00202364181202,5.40538714396e-05,0.0,0.00324998902031,0.0029222874247,3.71620366147e-05,1.35134678599e-05,3.37836696498e-06,6.75673392995e-06,3.37836696498e-06,1.68918348249e-05,0.00296282782828,0.00203715527988,0.00102026682342,0.00291215232381,0.000861483576069,0.00235134340762,6.75673392995e-06,0.0016689132807,0.00267904500323,0.00142229249226,0.0,0.00170945368428,1.35134678599e-05,0.00225337076564,0.00126013087794,0.00271282867288,0.0,3.37836696498e-05,0.0,0.00148310309762,7.77024401945e-05,6.75673392995e-06,0.00158445410657,0.00259120746214,0.00209796588525,0.0,5.40538714396e-05,2.36485687548e-05,1.01351008949e-05,0.0,3.37836696498e-06,8.78375410894e-05,0.000158783247354,0.000898645612684,0.00186823693163,0.00264526133358,0.00105742886004,0.0,3.04053026848e-05,0.00289526048898,0.00151688676727,1.01351008949e-05,1.35134678599e-05,0.00316890821315,0.00162499451015,0.00141553575833,0.000793916236769,0.000128377944669,4.05404035797e-05,0.00181080469323,3.71620366147e-05,0.00291215232381,3.37836696498e-06,2.70269357198e-05,0.00335471839622,1.68918348249e-05,0.000368241999182,3.37836696498e-06,0.0,0.00332093472657,0.0,4.39187705447e-05,0.000222972219688,0.00197634467451,0.0022668842335,0.00271620703984,0.00169256184945,0.00109121252969,6.75673392995e-06,0.00242228911389,3.37836696498e-06,4.39187705447e-05,0.00071959216354,3.37836696498e-06,1.01351008949e-05,7.77024401945e-05,0.00205742548167,3.04053026848e-05,3.37836696498e-05,6.08106053696e-05,4.72971375097e-05,0.0,3.37836696498e-06,0.00175337245482,0.000996618254668,6.41889723346e-05,0.00336823186408,6.75673392995e-06,6.75673392995e-06,0.0,1.35134678599e-05,0.00231755973797,0.00228039770136,0.00311823270867,0.000591214218871,0.00251350502194,4.72971375097e-05,0.00141553575833,0.00117905007078,1.01351008949e-05,0.00181080469323,0.0,0.00104391539218,0.000493241576887,1.35134678599e-05,3.37836696498e-05,0.00103715865825,3.37836696498e-06,0.000523646879571,0.00138850882261,0.00230742463708,0.00147296799673,0.00163850797801,0.00275336907646,0.00225337076564,0.000527025246536,6.75673392995e-06,0.00193580427093,0.0,1.68918348249e-05,0.00291890905774,0.000192566917004,2.02702017899e-05,1.01351008949e-05,3.37836696498e-06,0.000378377100077,0.000527025246536,2.02702017899e-05,0.00233107320583,0.00170945368428,3.37836696498e-06,4.39187705447e-05,0.0018614801977,0.000111486109844,0.00304390863544,0.0018614801977,0.00255742379249,0.00115202313506,5.74322384046e-05,1.68918348249e-05,0.00225337076564,0.0,0.00234458667369,0.000716213796575,0.00172296715214,0.0010709423279,2.70269357198e-05,4.72971375097e-05,6.75673392995e-05,3.37836696498e-06,0.000206080384864,1.68918348249e-05,2.02702017899e-05,2.02702017899e-05,0.0,1.35134678599e-05,0.000121621210739,2.70269357198e-05,0.00297634129614,0.0017263455191,0.00269255847109,0.00334796166229,1.01351008949e-05,1.68918348249e-05,0.00163175124408,2.36485687548e-05,1.68918348249e-05,6.75673392995e-06,0.00244255931568,1.01351008949e-05,0.00236485687548,0.0,0.00238512707727,5.06755044746e-05,0.000868240309999,0.00337836696498,0.000179053449144,0.00298309803007,0.00179053449144,0.00162837287712,0.0,0.0,1.35134678599e-05,0.00307431393813,0.000226350586653,0.000327701595603,8.44591741244e-05,1.35134678599e-05,0.0,0.0024594511505,0.000310809760778,2.70269357198e-05,0.000844591741244,4.72971375097e-05,3.37836696498e-06,0.00203039854595,0.00262499113179,6.75673392995e-06,0.000199323650934,6.75673392995e-06,0.00282431478272,0.00111823946541,0.00229728953618,0.000131756311634
Gen 296
string_,string_rot,integer_swap,exec_sho,integer_gte,boolean_shove,boolean_and,string_pop,exec_eq,string_yankd,string_parse_to_chars,integer_lt,string_stackdepth,exec_do*whi,char_r,char_p,boolean_sw,integer_sho,boolean_invert_second_then_a,print_integ,char_iswhitespace,string_removechar,exec_emp,string_first,string_conc,string_yank,string_concat,string_setchar,exec_yankd,string_length,string_replacefirstch,char_d,integer_eq,exec_do*tim,string_emptystri,string_reverse,exec_yankdup,string_repla,exec_,char_ya,integer_mu,string_replacech,boolean_yankd,char_isletter,integer_add,string_empty,char_isdigit,print_integer,exec_shove,integer_fromstri,string_conjchar,boolean_or,boolean_empty,exec_wh,string_fromchar,integer_yankd,exec_do*while,integer_rot,string_rest,boolean_flu,integer_stackdep,char_iswhitespa,char_allfromstring,boolean_,char_allfromstri,exec_stackdepth,exec_do*range,char_shove,char_stackdep,string_removech,exec_stackdep,boolean_sho,string_indexofch,string_stackdep,string_leng,print_ch,integer_mult,boolean_xor,boolean_yankdup,integer_min,string_emp,integer_fromch,exec_yank,char_stackdepth,char_sw,integer_fromboole,string_replace,integer_div,string_replacefirst,boolean_frominteger,string_butla,char_isdig,integer_flush,integer_,string_yankdup,char_flu,print_exec,integer_yank,boolean_frominteg,string_emptystring,char_yankd,boolean_ya,string_swap,print_ex,exec_d,integer_max,char_swap,string_contains,char_empty,exec_dup,exec_k,string_frominteg,exec_noop,exec_p,exec_r,exec_s,string_sho,integer_flu,exec_y,boolean_rot,boolean_a,integer_ya,exec_ya,boolean_invert_first_then_a,string_spl,string_occurrencesofch,integer_yankdup,string_replacechar,char_sho,string_fromboolean,print_stri,exec_string_itera,print_newli,string_ta,string_replacefirstchar,string_substring,boolean_stackdepth,string_shove,string_containschar,exec_do*ran,char_yankdup,char_yank,integer_sw,exec_do*times,string_fromch,integer_shove,exec_if,exec_whi,integer_g,char_frominteger,char_frominteg,boolean_dup,string_eq,boolean_not,char_eq,boolean_flush,boolean_pop,string_butlast,exec_swap,string_replacefir,boolean_swap,exec_sw,string_n,print_string,exec_flush,print_newline,integer_a,string_d,string_dup,string_frominteger,string_contai,integer_mod,exec_do*count,string_fir,string_r,integer_fromchar,string_p,integer_inc,boolean_invert_first_then_and,integer_fromstring,exec_rot,integer_m,boolean_d,char_rot,exec_do*cou,string_take,exec_string_iterate,string_split,integer_pop,boolean_n,string_re,boolean_p,boolean_r,exec_pop,string_sw,boolean_x,boolean_emp,string_la,char_emp,boolean_stackdep,string_parse_to_cha,print_char,integer_dup,boolean_invert_second_then_and,integer_sub,string_setch,exec_no,boolean_yank,char_islett,string_ya,string_flu,integer_stackdepth,integer_emp,integer_dec,print_boole,integer_gt,exec,string_indexofchar,in1,char_dup,char_flush,char_pop,integer_lte,string_conjch,exec_flu,string_containsch,boolean_eq,string_flush,print_boolean,integer_d,string_rever,char_,exec_empty,string_last,integer_l,exec_when,integer_i,string_substri,string_nth,string_occurrencesofchar,integer_r,integer_s,integer_p,exec_while,integer_fromboolean,integer_empty,string_fromboole
0.0,0.00335352406221,0.00250504207057,2.35689442123e-05,0.00251177605463,0.00269359362426,0.00189898350511,0.00297642095481,0.00215824189144,1.34679681213e-05,0.003329955118,0.000505048804549,0.00127272298746,2.0201952182e-05,6.73398406066e-06,2.0201952182e-05,1.34679681213e-05,3.36699203033e-06,6.06058565459e-05,1.0100976091e-05,0.0017205329275,0.00142423762883,6.73398406066e-06,0.000377103107397,6.73398406066e-06,0.000592590597338,0.00176093683186,0.00192591944135,0.000272726354457,0.0033636250383,1.68349601516e-05,0.0,0.00184174464059,3.36699203033e-05,0.0,0.00321211039693,0.00297642095481,9.09087848189e-05,1.68349601516e-05,6.73398406066e-06,6.73398406066e-06,0.0,1.0100976091e-05,0.00297978794684,0.00210100302693,0.000962959720674,0.00287204420187,0.000707068326369,0.00225251766829,1.0100976091e-05,0.00170033097532,0.00258921687132,0.0013434298201,0.0,0.00158922023832,1.68349601516e-05,0.00223231571611,0.00111784135407,0.00272052956051,3.36699203033e-06,1.68349601516e-05,3.36699203033e-06,0.00136699876431,5.38718724853e-05,2.0201952182e-05,0.00167339503907,0.00254881296696,0.00195958936165,0.0,2.69359362426e-05,2.0201952182e-05,1.0100976091e-05,3.36699203033e-06,1.0100976091e-05,6.73398406066e-05,0.000215487489941,0.000878784919916,0.00179123976014,0.00247137215026,0.00119191517874,0.0,2.35689442123e-05,0.00283837428157,0.00140066868462,3.36699203033e-06,3.36699203033e-06,0.00316160551648,0.00148484348538,0.00133669583604,0.000754206214794,0.000138046673244,3.36699203033e-05,0.00163972511877,3.36699203033e-05,0.00290234713014,6.73398406066e-06,3.36699203033e-05,0.00335015707018,1.34679681213e-05,0.000420874003791,3.36699203033e-06,0.0,0.00331985414191,0.0,5.72388645156e-05,0.000218854481971,0.00195622236962,0.00232322450093,0.00262625378366,0.00161615617456,0.00117171322655,3.36699203033e-06,0.00239393133356,0.0,2.69359362426e-05,0.000703701334339,3.36699203033e-06,6.73398406066e-06,6.06058565459e-05,0.00225588466032,3.70369123336e-05,2.0201952182e-05,4.71378884246e-05,4.71378884246e-05,6.73398406066e-06,6.73398406066e-06,0.00166666105501,0.00091582183225,9.09087848189e-05,0.00336025804627,3.36699203033e-06,1.34679681213e-05,3.36699203033e-06,1.34679681213e-05,0.00213803993926,0.00234005946108,0.00313130258821,0.000471378884246,0.00243433523793,2.69359362426e-05,0.00145790754913,0.00120201615483,1.0100976091e-05,0.00186868057683,6.73398406066e-06,0.000956225736614,0.000441075955973,1.34679681213e-05,4.0403904364e-05,0.000979794680826,3.36699203033e-06,0.000531984740792,0.00135016380416,0.00213467294723,0.00132322786792,0.00141413665274,0.00272389655254,0.00230975653281,0.000488213844398,1.34679681213e-05,0.00198989228992,6.73398406066e-06,1.0100976091e-05,0.00293938404248,0.00020538651385,3.36699203033e-05,6.73398406066e-06,6.73398406066e-06,0.000313130258821,0.000488213844398,2.0201952182e-05,0.00230302254875,0.00181817569638,3.36699203033e-06,3.0302928273e-05,0.0018316436645,0.000117844721062,0.00308079770775,0.0019090844812,0.00266329069599,0.00118181420265,2.69359362426e-05,6.73398406066e-06,0.00226261864438,3.36699203033e-06,0.00237372938138,0.000683499382157,0.00164645910283,0.00129292493965,1.0100976091e-05,3.36699203033e-05,4.37708963943e-05,3.36699203033e-06,0.000242423426184,1.34679681213e-05,1.68349601516e-05,1.68349601516e-05,0.0,3.70369123336e-05,0.000161615617456,3.70369123336e-05,0.00295621900263,0.00151514641365,0.00252524402275,0.00331648714987,2.0201952182e-05,5.38718724853e-05,0.00151177942162,1.0100976091e-05,0.0,0.0,0.00242423426184,6.73398406066e-06,0.00228618758859,3.36699203033e-06,0.00226261864438,4.71378884246e-05,0.000993262648947,0.00336699203033,0.000117844721062,0.00306059575557,0.0018316436645,0.00160268820644,3.36699203033e-06,0.0,1.0100976091e-05,0.00304376079542,0.00020201952182,0.000313130258821,0.000124578705122,1.0100976091e-05,1.0100976091e-05,0.00249157410244,0.000363635139276,1.0100976091e-05,0.00108417143377,8.41748007582e-05,6.73398406066e-06,0.00182154268841,0.00252861101478,2.0201952182e-05,0.000171716593547,1.0100976091e-05,0.00282490631345,0.000959592728644,0.00215150790738,0.000141413665274
Gen 297
string_,string_rot,integer_swap,exec_sho,integer_gte,boolean_shove,boolean_and,string_pop,exec_eq,string_yankd,string_parse_to_chars,integer_lt,string_stackdepth,exec_do*whi,char_r,char_p,boolean_sw,integer_sho,boolean_invert_second_then_a,print_integ,char_iswhitespace,string_removechar,exec_emp,string_first,string_conc,string_yank,string_concat,string_setchar,exec_yankd,string_length,string_replacefirstch,char_d,integer_eq,exec_do*tim,string_emptystri,string_reverse,exec_yankdup,string_repla,exec_,char_ya,integer_mu,string_replacech,boolean_yankd,char_isletter,integer_add,string_empty,char_isdigit,print_integer,exec_shove,integer_fromstri,string_conjchar,boolean_or,boolean_empty,exec_wh,string_fromchar,integer_yankd,exec_do*while,integer_rot,string_rest,boolean_flu,integer_stackdep,char_iswhitespa,char_allfromstring,boolean_,char_allfromstri,exec_stackdepth,exec_do*range,char_shove,char_stackdep,string_removech,exec_stackdep,boolean_sho,string_indexofch,string_stackdep,string_leng,print_ch,integer_mult,boolean_xor,boolean_yankdup,integer_min,string_emp,integer_fromch,exec_yank,char_stackdepth,char_sw,integer_fromboole,string_replace,integer_div,string_replacefirst,boolean_frominteger,string_butla,char_isdig,integer_flush,integer_,string_yankdup,char_flu,print_exec,integer_yank,boolean_frominteg,string_emptystring,char_yankd,boolean_ya,string_swap,print_ex,exec_d,integer_max,char_swap,string_contains,char_empty,exec_dup,exec_k,string_frominteg,exec_noop,exec_p,exec_r,exec_s,string_sho,integer_flu,exec_y,boolean_rot,boolean_a,integer_ya,exec_ya,boolean_invert_first_then_a,string_spl,string_occurrencesofch,integer_yankdup,string_replacechar,char_sho,string_fromboolean,print_stri,exec_string_itera,print_newli,string_ta,string_replacefirstchar,string_substring,boolean_stackdepth,string_shove,string_containschar,exec_do*ran,char_yankdup,char_yank,integer_sw,exec_do*times,string_fromch,integer_shove,exec_if,exec_whi,integer_g,char_frominteger,char_frominteg,boolean_dup,string_eq,boolean_not,char_eq,boolean_flush,boolean_pop,string_butlast,exec_swap,string_replacefir,boolean_swap,exec_sw,string_n,print_string,exec_flush,print_newline,integer_a,string_d,string_dup,string_frominteger,string_contai,integer_mod,exec_do*count,string_fir,string_r,integer_fromchar,string_p,integer_inc,boolean_invert_first_then_and,integer_fromstring,exec_rot,integer_m,boolean_d,char_rot,exec_do*cou,string_take,exec_string_iterate,string_split,integer_pop,boolean_n,string_re,boolean_p,boolean_r,exec_pop,string_sw,boolean_x,boolean_emp,string_la,char_emp,boolean_stackdep,string_parse_to_cha,print_char,integer_dup,boolean_invert_second_then_and,integer_sub,string_setch,exec_no,boolean_yank,char_islett,string_ya,string_flu,integer_stackdepth,integer_emp,integer_dec,print_boole,integer_gt,exec,string_indexofchar,in1,char_dup,char_flush,char_pop,integer_lte,string_conjch,exec_flu,string_containsch,boolean_eq,string_flush,print_boolean,integer_d,string_rever,char_,exec_empty,string_last,integer_l,exec_when,integer_i,string_substri,string_nth,string_occurrencesofchar,integer_r,integer_s,integer_p,exec_while,integer_fromboolean,integer_empty,string_fromboole
0.0,0.00333891497008,0.00243287774202,2.34898540609e-05,0.0025033473042,0.00266777628263,0.00178187321519,0.00291274190355,0.00199663759518,3.35569343727e-06,0.00332884788977,0.000624158979332,0.00130872044054,1.00670803118e-05,2.01341606236e-05,1.34227737491e-05,0.0,6.71138687454e-06,8.05366424945e-05,1.00670803118e-05,0.00177851752175,0.00137583430928,1.34227737491e-05,0.000439595840282,0.0,0.000489931241841,0.00174496058738,0.00181207445613,0.000224831460297,0.00333555927665,1.67784671864e-05,6.71138687454e-06,0.00182885292331,2.01341606236e-05,3.35569343727e-06,0.00315435183103,0.00295972161167,8.05366424945e-05,1.34227737491e-05,0.0,3.35569343727e-06,0.0,1.00670803118e-05,0.00293623175761,0.0020436173033,0.00108388898024,0.00289260774293,0.000600669125271,0.00206710715736,0.0,0.00165771255801,0.00264764212201,0.00115771423586,0.0,0.00152348482052,1.00670803118e-05,0.00223824752266,0.00106375481961,0.00267784336294,0.0,2.01341606236e-05,3.35569343727e-06,0.00118120408992,5.03354015591e-05,0.0,0.00161408854333,0.0024395891289,0.00188254401831,3.35569343727e-06,7.38252556199e-05,2.34898540609e-05,6.71138687454e-06,3.35569343727e-06,6.71138687454e-06,7.38252556199e-05,0.000157717591552,0.000859057519941,0.0017013365727,0.00236576387328,0.0012785191996,3.35569343727e-06,2.34898540609e-05,0.00274495723169,0.00129865336022,0.0,0.0,0.0030973050426,0.00132885460116,0.00129865336022,0.000637581753081,0.000204697299673,2.34898540609e-05,0.00151341774021,2.34898540609e-05,0.0028724735823,1.00670803118e-05,4.02683212472e-05,0.00333555927665,1.00670803118e-05,0.000456374307469,1.67784671864e-05,3.35569343727e-06,0.00331542511602,0.0,4.36240146845e-05,0.000271811168419,0.00196643635424,0.00237583095359,0.00264428642857,0.00169126949238,0.00120469394398,3.35569343727e-06,0.00254025993201,0.0,2.68455474982e-05,0.00072482978245,6.71138687454e-06,2.01341606236e-05,5.03354015591e-05,0.00227516015047,3.02012409354e-05,2.68455474982e-05,5.03354015591e-05,9.06037228063e-05,1.00670803118e-05,6.71138687454e-06,0.00157046452864,0.000953016936185,6.37581753081e-05,0.0033221365029,1.00670803118e-05,1.00670803118e-05,0.0,1.34227737491e-05,0.00212415394579,0.0023858980339,0.00309394934916,0.000429528759971,0.00249999161077,6.04024818709e-05,0.00151341774021,0.00119798255711,1.00670803118e-05,0.00171140365301,1.34227737491e-05,0.000805366424945,0.000513421095902,1.34227737491e-05,5.03354015591e-05,0.000969795403371,0.0,0.000530199563089,0.00120804963742,0.00205704007705,0.00134227737491,0.00141274693709,0.00270804460388,0.00223824752266,0.000510065402465,1.00670803118e-05,0.00184227569706,6.71138687454e-06,0.0,0.00286576219543,0.000191274525924,2.68455474982e-05,0.0,3.35569343727e-06,0.000285233942168,0.000419461679659,1.34227737491e-05,0.00218120073423,0.00189261109862,6.71138687454e-06,6.71138687454e-05,0.00173153781363,0.000140939124365,0.0030436139476,0.00173824920051,0.00273489015138,0.00128523058647,4.36240146845e-05,1.67784671864e-05,0.00213757671954,3.35569343727e-06,0.00229865000453,0.000587246351522,0.00162415562364,0.00129194197335,1.67784671864e-05,1.67784671864e-05,3.35569343727e-05,0.0,0.000291945329043,5.36910949963e-05,2.34898540609e-05,1.34227737491e-05,0.0,2.01341606236e-05,0.000197985912799,5.03354015591e-05,0.00288254066262,0.00139261277647,0.0024395891289,0.00328522387509,3.02012409354e-05,5.70467884336e-05,0.0014496595649,6.71138687454e-06,0.0,0.0,0.0023858980339,6.71138687454e-06,0.00220804628172,0.0,0.00215771088016,4.02683212472e-05,0.000889258760877,0.00335233774383,0.000157717591552,0.00304025825417,0.00174831628082,0.00145637095178,0.0,0.0,6.71138687454e-06,0.00302683548042,0.000218120073423,0.000302012409354,0.00014765051124,3.35569343727e-06,1.34227737491e-05,0.00245301190264,0.000453018614031,0.0,0.00106375481961,5.03354015591e-05,3.35569343727e-06,0.00174831628082,0.00245972328952,6.71138687454e-06,0.00018456313905,0.0,0.00273489015138,0.000781876570884,0.00203355022299,7.38252556199e-05
Gen 298
string_,string_rot,integer_swap,exec_sho,integer_gte,boolean_shove,boolean_and,string_pop,exec_eq,string_yankd,string_parse_to_chars,integer_lt,string_stackdepth,exec_do*whi,char_r,char_p,boolean_sw,integer_sho,boolean_invert_second_then_a,print_integ,char_iswhitespace,string_removechar,exec_emp,string_first,string_conc,string_yank,string_concat,string_setchar,exec_yankd,string_length,string_replacefirstch,char_d,integer_eq,exec_do*tim,string_emptystri,string_reverse,exec_yankdup,string_repla,exec_,char_ya,integer_mu,string_replacech,boolean_yankd,char_isletter,integer_add,string_empty,char_isdigit,print_integer,exec_shove,integer_fromstri,string_conjchar,boolean_or,boolean_empty,exec_wh,string_fromchar,integer_yankd,exec_do*while,integer_rot,string_rest,boolean_flu,integer_stackdep,char_iswhitespa,char_allfromstring,boolean_,char_allfromstri,exec_stackdepth,exec_do*range,char_shove,char_stackdep,string_removech,exec_stackdep,boolean_sho,string_indexofch,string_stackdep,string_leng,print_ch,integer_mult,boolean_xor,boolean_yankdup,integer_min,string_emp,integer_fromch,exec_yank,char_stackdepth,char_sw,integer_fromboole,string_replace,integer_div,string_replacefirst,boolean_frominteger,string_butla,char_isdig,integer_flush,integer_,string_yankdup,char_flu,print_exec,integer_yank,boolean_frominteg,string_emptystring,char_yankd,boolean_ya,string_swap,print_ex,exec_d,integer_max,char_swap,string_contains,char_empty,exec_dup,exec_k,string_frominteg,exec_noop,exec_p,exec_r,exec_s,string_sho,integer_flu,exec_y,boolean_rot,boolean_a,integer_ya,exec_ya,boolean_invert_first_then_a,string_spl,string_occurrencesofch,integer_yankdup,string_replacechar,char_sho,string_fromboolean,print_stri,exec_string_itera,print_newli,string_ta,string_replacefirstchar,string_substring,boolean_stackdepth,string_shove,string_containschar,exec_do*ran,char_yankdup,char_yank,integer_sw,exec_do*times,string_fromch,integer_shove,exec_if,exec_whi,integer_g,char_frominteger,char_frominteg,boolean_dup,string_eq,boolean_not,char_eq,boolean_flush,boolean_pop,string_butlast,exec_swap,string_replacefir,boolean_swap,exec_sw,string_n,print_string,exec_flush,print_newline,integer_a,string_d,string_dup,string_frominteger,string_contai,integer_mod,exec_do*count,string_fir,string_r,integer_fromchar,string_p,integer_inc,boolean_invert_first_then_and,integer_fromstring,exec_rot,integer_m,boolean_d,char_rot,exec_do*cou,string_take,exec_string_iterate,string_split,integer_pop,boolean_n,string_re,boolean_p,boolean_r,exec_pop,string_sw,boolean_x,boolean_emp,string_la,char_emp,boolean_stackdep,string_parse_to_cha,print_char,integer_dup,boolean_invert_second_then_and,integer_sub,string_setch,exec_no,boolean_yank,char_islett,string_ya,string_flu,integer_stackdepth,integer_emp,integer_dec,print_boole,integer_gt,exec,string_indexofchar,in1,char_dup,char_flush,char_pop,integer_lte,string_conjch,exec_flu,string_containsch,boolean_eq,string_flush,print_boolean,integer_d,string_rever,char_,exec_empty,string_last,integer_l,exec_when,integer_i,string_substri,string_nth,string_occurrencesofchar,integer_r,integer_s,integer_p,exec_while,integer_fromboolean,integer_empty,string_fromboole
3.34447041983e-06,0.00333109253815,0.00258527563453,3.67891746181e-05,0.00253176410781,0.0026822652767,0.00201671566316,0.00300333443701,0.00208694954197,6.68894083966e-06,0.00332774806773,0.000494981622135,0.00131103240457,3.34447041983e-06,1.00334112595e-05,1.00334112595e-05,0.0,0.0,5.01670562975e-05,3.34447041983e-06,0.00175250249999,0.00143143333969,0.0,0.0003879585687,0.0,0.000508359503814,0.00157524556774,0.00195317072518,0.000304346808205,0.00332774806773,2.67557633587e-05,0.0,0.00181939190839,1.67223520992e-05,0.0,0.003170557958,0.00291303373567,6.35449379768e-05,1.33778816793e-05,1.00334112595e-05,6.68894083966e-06,3.34447041983e-06,0.0,0.00295316738071,0.00190300366888,0.00117725358778,0.00298326761449,0.000709027729004,0.0020735716603,0.0,0.00148494486641,0.00260868692747,0.0012307651145,0.0,0.00172909120705,2.0066822519e-05,0.00209363848281,0.00098327430343,0.00266554292461,3.34447041983e-06,2.34112929388e-05,6.68894083966e-06,0.00128762111164,7.35783492363e-05,2.67557633587e-05,0.00174246908873,0.00253845304865,0.00190969260972,3.34447041983e-06,5.35115267173e-05,1.00334112595e-05,6.68894083966e-06,3.34447041983e-06,6.68894083966e-06,8.0267290076e-05,0.00019397928435,0.000886284661255,0.00176588038167,0.00236788505724,0.0012307651145,3.34447041983e-06,3.34447041983e-05,0.0028494887977,0.00129765452289,6.68894083966e-06,3.34447041983e-06,0.00317390242842,0.00145484463263,0.00137123287213,0.000772572666981,0.000147156698473,2.67557633587e-05,0.00159196791984,3.34447041983e-05,0.00288962244273,1.00334112595e-05,1.33778816793e-05,0.00328426995227,0.0,0.000458192447517,3.01002337785e-05,0.0,0.00330433677479,0.0,2.67557633587e-05,0.000250835281487,0.00194648178434,0.00244815234732,0.00268895421754,0.00172574673663,0.00111036417938,3.34447041983e-06,0.00252173069655,0.0,3.67891746181e-05,0.000685616436065,3.34447041983e-06,1.00334112595e-05,5.68559971371e-05,0.00220735047709,2.0066822519e-05,2.0066822519e-05,2.67557633587e-05,6.35449379768e-05,6.68894083966e-06,0.0,0.00151504510018,0.000949829599232,0.000107023053435,0.00332774806773,6.68894083966e-06,1.33778816793e-05,0.0,1.00334112595e-05,0.00226420647423,0.00247490811068,0.00309363513834,0.000478259270036,0.00264547610209,4.34781154578e-05,0.00152842298186,0.00113711994274,3.34447041983e-06,0.00177591379293,3.34447041983e-06,0.00079598395992,0.000548493148852,2.0066822519e-05,1.67223520992e-05,0.00101671900763,0.0,0.000488292681295,0.00136119946087,0.00216387236163,0.00141136651717,0.00144146675095,0.00275249915552,0.00237457399808,0.000548493148852,3.34447041983e-06,0.00196989307728,1.00334112595e-05,3.34447041983e-06,0.00289965585399,0.000250835281487,3.67891746181e-05,3.34447041983e-06,0.0,0.000337791512403,0.000488292681295,2.34112929388e-05,0.00230434011926,0.00187624790553,0.0,3.34447041983e-05,0.00182273637881,0.000137123287213,0.0031371132538,0.00184949214217,0.00265216504293,0.00127089875954,3.34447041983e-05,0.0,0.00219397259541,6.68894083966e-06,0.0023611961164,0.000635449379768,0.0015183895706,0.00131437687499,1.67223520992e-05,4.0133645038e-05,2.0066822519e-05,3.34447041983e-06,0.000311035749044,1.67223520992e-05,2.67557633587e-05,3.34447041983e-06,0.0,1.33778816793e-05,0.000237457399808,3.67891746181e-05,0.00303009020037,0.00137792181297,0.0024280855248,0.00327758101143,3.34447041983e-05,0.000113711994274,0.00156521215648,1.00334112595e-05,6.68894083966e-06,3.34447041983e-06,0.00242474105438,6.68894083966e-06,0.00226086200381,0.0,0.00213711659827,5.35115267173e-05,0.000943140658392,0.00334447041983,0.000160534580152,0.00306019043415,0.00167223520992,0.00152507851144,6.68894083966e-06,0.0,6.68894083966e-06,0.00294982291029,0.000351169394082,0.000264213163167,0.000153845639312,1.67223520992e-05,0.0,0.0024782525811,0.000511703974234,6.68894083966e-06,0.00104347477099,5.68559971371e-05,1.00334112595e-05,0.00177925826335,0.00254179751907,3.34447041983e-06,0.000163879050572,1.33778816793e-05,0.00280601068224,0.000775917137401,0.00213711659827,6.0200467557e-05
Gen 299
string_,string_rot,integer_swap,exec_sho,integer_gte,boolean_shove,boolean_and,string_pop,exec_eq,string_yankd,string_parse_to_chars,integer_lt,string_stackdepth,exec_do*whi,char_r,char_p,boolean_sw,integer_sho,boolean_invert_second_then_a,print_integ,char_iswhitespace,string_removechar,exec_emp,string_first,string_conc,string_yank,string_concat,string_setchar,exec_yankd,string_length,string_replacefirstch,char_d,integer_eq,exec_do*tim,string_emptystri,string_reverse,exec_yankdup,string_repla,exec_,char_ya,integer_mu,string_replacech,boolean_yankd,char_isletter,integer_add,string_empty,char_isdigit,print_integer,exec_shove,integer_fromstri,string_conjchar,boolean_or,boolean_empty,exec_wh,string_fromchar,integer_yankd,exec_do*while,integer_rot,string_rest,boolean_flu,integer_stackdep,char_iswhitespa,char_allfromstring,boolean_,char_allfromstri,exec_stackdepth,exec_do*range,char_shove,char_stackdep,string_removech,exec_stackdep,boolean_sho,string_indexofch,string_stackdep,string_leng,print_ch,integer_mult,boolean_xor,boolean_yankdup,integer_min,string_emp,integer_fromch,exec_yank,char_stackdepth,char_sw,integer_fromboole,string_replace,integer_div,string_replacefirst,boolean_frominteger,string_butla,char_isdig,integer_flush,integer_,string_yankdup,char_flu,print_exec,integer_yank,boolean_frominteg,string_emptystring,char_yankd,boolean_ya,string_swap,print_ex,exec_d,integer_max,char_swap,string_contains,char_empty,exec_dup,exec_k,string_frominteg,exec_noop,exec_p,exec_r,exec_s,string_sho,integer_flu,exec_y,boolean_rot,boolean_a,integer_ya,exec_ya,boolean_invert_first_then_a,string_spl,string_occurrencesofch,integer_yankdup,string_replacechar,char_sho,string_fromboolean,print_stri,exec_string_itera,print_newli,string_ta,string_replacefirstchar,string_substring,boolean_stackdepth,string_shove,string_containschar,exec_do*ran,char_yankdup,char_yank,integer_sw,exec_do*times,string_fromch,integer_shove,exec_if,exec_whi,integer_g,char_frominteger,char_frominteg,boolean_dup,string_eq,boolean_not,char_eq,boolean_flush,boolean_pop,string_butlast,exec_swap,string_replacefir,boolean_swap,exec_sw,string_n,print_string,exec_flush,print_newline,integer_a,string_d,string_dup,string_frominteger,string_contai,integer_mod,exec_do*count,string_fir,string_r,integer_fromchar,string_p,integer_inc,boolean_invert_first_then_and,integer_fromstring,exec_rot,integer_m,boolean_d,char_rot,exec_do*cou,string_take,exec_string_iterate,string_split,integer_pop,boolean_n,string_re,boolean_p,boolean_r,exec_pop,string_sw,boolean_x,boolean_emp,string_la,char_emp,boolean_stackdep,string_parse_to_cha,print_char,integer_dup,boolean_invert_second_then_and,integer_sub,string_setch,exec_no,boolean_yank,char_islett,string_ya,string_flu,integer_stackdepth,integer_emp,integer_dec,print_boole,integer_gt,exec,string_indexofchar,in1,char_dup,char_flush,char_pop,integer_lte,string_conjch,exec_flu,string_containsch,boolean_eq,string_flush,print_boolean,integer_d,string_rever,char_,exec_empty,string_last,integer_l,exec_when,integer_i,string_substri,string_nth,string_occurrencesofchar,integer_r,integer_s,integer_p,exec_while,integer_fromboolean,integer_empty,string_fromboole
0.0,0.00332332225559,0.00263665787781,3.33332222226e-05,0.00248665837781,0.00278332405559,0.00204332652224,0.00292999023337,0.00188332705558,1.3333288889e-05,0.00329665567781,0.000436665211116,0.00126999576668,1.66666111113e-05,6.66664444452e-06,1.99999333336e-05,6.66664444452e-06,3.33332222226e-06,5.66664777784e-05,6.66664444452e-06,0.00173332755557,0.00129332902224,1.3333288889e-05,0.000499998333339,0.0,0.00045666514445,0.0015566614778,0.00172332758891,0.000329998900004,0.00332665557781,2.99999000003e-05,3.33332222226e-06,0.00160332798891,2.33332555558e-05,3.33332222226e-06,0.00311332295559,0.00290665697781,4.33331888894e-05,6.66664444452e-06,3.33332222226e-06,0.0,3.33332222226e-06,3.33332222226e-06,0.00286332378892,0.00199332668891,0.000906663644455,0.00298999003337,0.000659997800007,0.00196999343336,0.0,0.00167999440002,0.00255665814447,0.00122332925557,0.0,0.00162999456668,2.33332555558e-05,0.00210999296669,0.000999996666678,0.00260332465558,3.33332222226e-06,9.99996666678e-06,3.33332222226e-06,0.0011833293889,6.66664444452e-05,1.3333288889e-05,0.0016766610778,0.00244665851114,0.00177999406669,3.33332222226e-06,6.33331222229e-05,6.66664444452e-06,1.99999333336e-05,0.0,0.0,9.99996666678e-05,0.000156666144446,0.000896663677788,0.00158999470002,0.00226999243336,0.00125666247779,3.33332222226e-06,4.33331888894e-05,0.00293332355559,0.00123999586668,3.33332222226e-06,3.33332222226e-06,0.0031599894667,0.00119999600001,0.00126666244446,0.000579998066673,0.000129999566668,9.99996666678e-06,0.0016166612778,3.99998666671e-05,0.00286999043337,1.3333288889e-05,2.66665777781e-05,0.00329332235559,9.99996666678e-06,0.00051666494445,6.33331222229e-05,3.33332222226e-06,0.00329332235559,0.0,3.66665444449e-05,0.000336665544448,0.00181332728891,0.00231999226669,0.00272332425559,0.00162666124446,0.00118666271112,0.0,0.00245665847781,0.0,1.3333288889e-05,0.000779997400009,6.66664444452e-06,1.3333288889e-05,3.33332222226e-05,0.00213665954447,6.66664444452e-06,6.66664444452e-06,6.66664444452e-05,6.99997666674e-05,3.33332222226e-06,3.33332222226e-06,0.00151332828891,0.000836663877787,8.66663777787e-05,0.0033099889667,1.66666111113e-05,9.99996666678e-06,0.0,2.66665777781e-05,0.00218332605558,0.00244332518892,0.00308998970003,0.000316665611115,0.00273665754447,4.99998333339e-05,0.0013633287889,0.00111999626668,2.33332555558e-05,0.00177666074446,3.33332222226e-06,0.000823330588898,0.000546664844451,1.66666111113e-05,6.66664444452e-06,0.000939996866677,6.66664444452e-06,0.000523331588895,0.00117999606668,0.00226665911114,0.00138666204446,0.00145999513335,0.00272332425559,0.00237665874447,0.000673331088896,3.33332222226e-06,0.00182999390002,0.0,1.3333288889e-05,0.00283999053336,0.000226665911114,1.66666111113e-05,3.33332222226e-06,0.0,0.000336665544448,0.000463331788894,3.66665444449e-05,0.00211332628891,0.00205332648891,0.0,3.99998666671e-05,0.00170999430002,0.000129999566668,0.00311665627781,0.0016466611778,0.00275665747781,0.00127666241113,1.66666111113e-05,0.0,0.00219332602225,3.33332222226e-06,0.00223665921114,0.000489998366672,0.00165999446669,0.00138332872224,2.33332555558e-05,3.66665444449e-05,2.66665777781e-05,6.66664444452e-06,0.000269999100003,5.33331555561e-05,1.99999333336e-05,1.3333288889e-05,0.0,1.66666111113e-05,0.000196666011113,1.99999333336e-05,0.00301998993337,0.00143666187779,0.00237665874447,0.00325998913337,4.99998333339e-05,4.66665111116e-05,0.00143999520002,3.99998666671e-05,9.99996666678e-06,3.33332222226e-06,0.00248332505558,9.99996666678e-06,0.00218999270002,0.0,0.00189332702224,5.99998000007e-05,0.000876663744454,0.00333332222226,0.000163332788891,0.00307332308892,0.00171666094446,0.00136666211113,6.66664444452e-06,0.0,6.66664444452e-06,0.00302665657781,0.000349998833337,0.000276665744448,0.000129999566668,6.66664444452e-06,0.0,0.00253665821114,0.000449998500005,6.66664444452e-06,0.000979996733344,4.99998333339e-05,3.33332222226e-06,0.00160999463335,0.0023066589778,3.33332222226e-06,0.000166666111113,0.0,0.00286999043337,0.000896663677788,0.00221332595558,6.99997666674e-05
Gen 300
string_,string_rot,integer_swap,exec_sho,integer_gte,boolean_shove,boolean_and,string_pop,exec_eq,string_yankd,string_parse_to_chars,integer_lt,string_stackdepth,exec_do*whi,char_r,char_p,boolean_sw,integer_sho,boolean_invert_second_then_a,print_integ,char_iswhitespace,string_removechar,exec_emp,string_first,string_conc,string_yank,string_concat,string_setchar,exec_yankd,string_length,string_replacefirstch,char_d,integer_eq,exec_do*tim,string_emptystri,string_reverse,exec_yankdup,string_repla,exec_,char_ya,integer_mu,string_replacech,boolean_yankd,char_isletter,integer_add,string_empty,char_isdigit,print_integer,exec_shove,integer_fromstri,string_conjchar,boolean_or,boolean_empty,exec_wh,string_fromchar,integer_yankd,exec_do*while,integer_rot,string_rest,boolean_flu,integer_stackdep,char_iswhitespa,char_allfromstring,boolean_,char_allfromstri,exec_stackdepth,exec_do*range,char_shove,char_stackdep,string_removech,exec_stackdep,boolean_sho,string_indexofch,string_stackdep,string_leng,print_ch,integer_mult,boolean_xor,boolean_yankdup,integer_min,string_emp,integer_fromch,exec_yank,char_stackdepth,char_sw,integer_fromboole,string_replace,integer_div,string_replacefirst,boolean_frominteger,string_butla,char_isdig,integer_flush,integer_,string_yankdup,char_flu,print_exec,integer_yank,boolean_frominteg,string_emptystring,char_yankd,boolean_ya,string_swap,print_ex,exec_d,integer_max,char_swap,string_contains,char_empty,exec_dup,exec_k,string_frominteg,exec_noop,exec_p,exec_r,exec_s,string_sho,integer_flu,exec_y,boolean_rot,boolean_a,integer_ya,exec_ya,boolean_invert_first_then_a,string_spl,string_occurrencesofch,integer_yankdup,string_replacechar,char_sho,string_fromboolean,print_stri,exec_string_itera,print_newli,string_ta,string_replacefirstchar,string_substring,boolean_stackdepth,string_shove,string_containschar,exec_do*ran,char_yankdup,char_yank,integer_sw,exec_do*times,string_fromch,integer_shove,exec_if,exec_whi,integer_g,char_frominteger,char_frominteg,boolean_dup,string_eq,boolean_not,char_eq,boolean_flush,boolean_pop,string_butlast,exec_swap,string_replacefir,boolean_swap,exec_sw,string_n,print_string,exec_flush,print_newline,integer_a,string_d,string_dup,string_frominteger,string_contai,integer_mod,exec_do*count,string_fir,string_r,integer_fromchar,string_p,integer_inc,boolean_invert_first_then_and,integer_fromstring,exec_rot,integer_m,boolean_d,char_rot,exec_do*cou,string_take,exec_string_iterate,string_split,integer_pop,boolean_n,string_re,boolean_p,boolean_r,exec_pop,string_sw,boolean_x,boolean_emp,string_la,char_emp,boolean_stackdep,string_parse_to_cha,print_char,integer_dup,boolean_invert_second_then_and,integer_sub,string_setch,exec_no,boolean_yank,char_islett,string_ya,string_flu,integer_stackdepth,integer_emp,integer_dec,print_boole,integer_gt,exec,string_indexofchar,in1,char_dup,char_flush,char_pop,integer_lte,string_conjch,exec_flu,string_containsch,boolean_eq,string_flush,print_boolean,integer_d,string_rever,char_,exec_empty,string_last,integer_l,exec_when,integer_i,string_substri,string_nth,string_occurrencesofchar,integer_r,integer_s,integer_p,exec_while,integer_fromboolean,integer_empty,string_fromboole
0,997,795,14,755,843,638,894,554,3,996,145,394,2,3,5,2,1,21,0,484,375,4,140,2,150,481,516,89,996,7,0,485,8,0,941,856,11,5,1,0,2,0,853,645,277,869,183,560,1,491,758,327,0,421,4,633,321,762,3,9,2,335,23,3,528,725,524,1,16,6,12,1,0,25,39,276,481,676,382,2,9,861,389,0,0,949,368,404,173,34,5,491,14,851,2,6,986,3,159,26,0,979,0,3,96,550,676,848,496,399,0,761,0,3,257,2,2,13,627,8,5,18,26,0,2,448,218,21,991,3,0,0,4,634,767,915,97,824,12,416,321,1,540,2,212,166,7,3,280,4,183,329,706,446,425,813,699,212,0,577,2,3,858,60,8,1,0,84,137,6,641,613,0,20,509,22,928,463,829,378,8,1,661,0,664,123,515,388,9,9,18,1,81,11,4,5,0,4,48,4,928,442,700,967,15,10,456,8,6,1,768,5,649,1,530,21,247,1000,60,927,554,417,3,0,2,906,113,85,49,3,2,785,115,2,294,14,3,482,707,1,49,0,844,279,667,46
